"SampleID","Barcode","Sample.Site","Locus","ASV","allele","PseudoCIGAR","Reads","norm.reads.locus","n.alleles"
"IM-23-122-AGLG","8039832525","Maziba","Pf3D7_13_v3-1265494-1265726-1A","TGTCATATACAGATTATAAAAATGATCATAGAATAAGCGAAATTTTAAATCGTTGTATTTTACGATTAAACGAGTTTGATCTAATTCATTTATCTTCTTTGGTCATATCTTTAAGTAAAATGAATTTTAGGAGTGTGTATTTTCAGGAACAAGTACAAAAGAAATT","Pf3D7_13_v3-1265494-1265726-1A.2","44T145A",2282,0.999124343257443,2
"IM-23-122-AGLG","8039832525","Maziba","Pf3D7_14_v3-2858894-2859160-1A","ATAGATTTTAATGACATAAAAAACACAACAAATGAGTATAATAATTTTGAGGAACATAATTATCAAGATGATAAATTTATATTTAATAAAGATATACATAATATTCTTTTAGAATTAAAGGAATCATTAAATGACATATCACGTGGAAGACTAAATACATTGATAAGAGATAATAAAATAAGTAGTTGTATAATATATCA","Pf3D7_14_v3-2858894-2859160-1A.1","15C17+8N28A",286,0.347509113001215,2
"IM-23-122-AGLG","8039832525","Maziba","Pf3D7_04_v3-1083299-1083563-2","ATATACTTTCCATATGTAGAGGACTTATGATATATAGAATTATAAGATAAATGTTTATAATAATCTAAAAAAGTATAATGAGGTATTATAACAAAATCCAAATGTCCTTCTTTTTCTTGTAAAATATCAATAGAATTTGCAATGTTATAATTTGATAACTCTTTAAAATGATATTGTAAAAAATTAACATTTTTATA","Pf3D7_04_v3-1083299-1083563-2.2","4T66+8N177+8N",495,1,1
"IM-23-122-AGLG","8039832525","Maziba","Pf3D7_13_v3-1350855-1351093-1A","TCTTTTATATTAGTTGTTTCGTTATTTTCATTATGTTCCATATTTTGGTTATTTGTATATTTTATATTTTTTAAAAATTGGTAAATATATTCCGAGATGAAAGGTGTAAAAGGGGACATAATTATTGTAAACAAATATAATGTTCTACATAAAACATTTAATGATTGGTGAGT","Pf3D7_13_v3-1350855-1351093-1A.18","66+8N116A",813,0.542361574382922,2
"IM-23-122-AGLG","8039832525","Maziba","Pf3D7_02_v3-470437-470709-1A","AATATTGACATGAAACATTATAATACACATAAGAAAAAAAAAATTTATTTATTCTTACAAAAAGAATATAAAAACAAAATTTTGGGATTTATAAATTTTTATAAACATATAACACACAAAATAAAAAAGAAACAAGAAAATGTTCATGATAAAATCACTTTTTTAAAATGTCTAAAGGAACTCTTTTTTGTCACACATACAAATG","Pf3D7_02_v3-470437-470709-1A.1","33+12N122+8N158+8N183+8N205G",259,0.549893842887473,3
"IM-23-122-AGLG","8039832525","Maziba","Pf3D7_13_v3-1233093-1233332-1A","TCTATATGATCCTTATTTTTATCTTCATCACATTTATAATTTACATAATTTTCGACGTCATCATTTTCATTATTACTCATAATTGAATTATCCACAATGTTTGCCTCTTTTACAGCTTTACAAAGTTGGTAAAAAATATGATAATTCCTTTCACCTTCTTGTTGATCACACACCCGAACC","Pf3D7_13_v3-1233093-1233332-1A.1","130+8N",630,0.454873646209386,2
"IM-23-122-AGLG","8039832525","Maziba","Pf3D7_02_v3-470437-470709-1A","AATATTGACATGAAACATTATAATACACATAAGAAAAAAAAAATTTATTTATTCTTACAAAAAGAATATAAAAACAAAATTTTGGGATTTATAAATTTTTATAAACGTATAACACACAAAATAAAAAAGAAACAAGAAAATGTTCATGATAAAATCACTTTTTTAAAATGTCTAAAGGAACTCTTTTTTGTCACACATACAAATA","Pf3D7_02_v3-470437-470709-1A.3","33+12N107G122+8N158+8N183+8N",211,0.447983014861996,3
"IM-23-122-AGLG","8039832525","Maziba","Pf3D7_13_v3-479569-479811-1A","CTAGAGACGAATTTGATGATAAAAGAAAATTAAAAGAAGAGAAAATTAAACAATGCCAACTATTAAATGAAAAACAACTAGAAGAAAAAGAAAAAGAAAAAAGAATTCTGAGAGAAAAAGCTGTTGAATATACCTTACAAAATGAAGAAGAATATAAACAACTAAAACGAAAATT","Pf3D7_13_v3-479569-479811-1A.1","96+8N",696,0.592844974446337,2
"IM-23-122-AGLG","8039832525","Maziba","Pf3D7_04_v3-109939-110184-1A","CAACATCTGAATTATATAAATCTTTAGAAAAACAACTAATATCCTTACTCCATATATTTATTTTTATACCAAGAATAACAGCCATATAAACCAAAACTCTCTCAAATGCATGTGATACAGGTAAATAAGAAAAATGGGTTTTCGGTTTCATGTTTTTTATTACATTATGATCACATAATGGTGCTACT","Pf3D7_04_v3-109939-110184-1A.2","51C108G152+8N",1033,1,1
"IM-23-122-AGLG","8039832525","Maziba","Pf3D7_13_v3-1350855-1351093-1A","TCTTTTATATTAGTTGTTTCGTTATTTTCATTATGTTCCATATTTTGGTTATTTGTATATTTTATATTTTTTAAAAATTGGTAAATATATTCCGAGATGAAAGGTGTAAAAGGGGCCATAATTATTGTAAACAAATATAATGTTCTACATAAAACATTTAATGATTGGTGAGT","Pf3D7_13_v3-1350855-1351093-1A.1","66+8N",686,0.457638425617078,2
"IM-23-122-AGLG","8039832525","Maziba","Pf3D7_14_v3-2858894-2859160-1A","ATAGATTTTAATGACATAAAAAACACAACAAATGAGTATAATAATTTTGAGGAACATAATTATCAAGATGATAAATTTATATTTAATAAAGATATACATAATATTCTTTTAGAATTAAAGGAATCATTAAATGACATATCACGTGGAAGACTAAATACATTGATAAGAGATAATAAAATAAGTAGTTATATAATATATCA","Pf3D7_14_v3-2858894-2859160-1A.2","15C17+8N28A188A",537,0.652490886998785,2
"IM-23-122-AGLG","8039832525","Maziba","Pf3D7_14_v3-293575-293829-1B","TTTTGTAGTGTAATGTGTGGTTTATTTTATTATGTGTATGAAAATGTATGGCTTCAAAGAGATAATGAAATGAATGAAATTTTAAAAAATTCCGAACATTTAACTATTGGATTTAAAGTTGAAAATGCACATGATAGAATTTTGAAAACTATAAAAACACATAAATTAAAAAATTACATTAAAGAAT","Pf3D7_14_v3-293575-293829-1B.1","83+8N167+8N",388,1,1
"IM-23-122-AGLG","8039832525","Maziba","Pf3D7_13_v3-1465616-1465890-1A","TCTTGTGGATTATTATCTATTATATTTTCTTCTGGTTTTTGGACAGAAGAATTATCTCCTCTTGGTCTAGGTTGATCATCTTCGGGTTCATCTGGAACATCTAATGGTTCCCATTTTGGAGGACATCTTTCTTCTTCACATTGTTCTTGTAATTCACTTGTACATCCTTCGTGTAAGATTTCTCTTTTTCTTGACCTGGTACCTTTACCACAAGTTACACTACATGGAGA","Pf3D7_13_v3-1465616-1465890-1A.39","30T32C41G47A49G113A121G",3,0.0041958041958042,3
"IM-23-122-AGLG","8039832525","Maziba","Pf3D7_02_v3-291770-292017-1A","TAATATCATAAGGTTTGAATATTTTCCTCTCAGGTATTATACCAACAGAAGGTTTATCATCATCTTTAAAACCTGCTCTATCTTTAACCCATTGATTAGGATTTTTTAAACATAAAGCTGGATTCTTTAATAAATCTTTCATATGTTCCATATTATTTTCTTCATTTATATATGATGCTAC","Pf3D7_02_v3-291770-292017-1A.1","101+8N177G",460,0.434782608695652,2
"IM-23-122-AGLG","8039832525","Maziba","Pf3D7_02_v3-470437-470709-1A","AATATTGACATGAAACATTATAATACACATAAGAAAAAAAAAATTTATTTATTCTTACAAAAAGAATATAAAAACAAAATTTTGGGATTTATAAATTTTTATAAACATATAACACACAAAATAAAAAAGAAACAAGAAAATGTTCATGATAAAATCACTTTTTTAAAATGTCTAAAGGAACTCTTTTTTGTCACACATACAAATA","Pf3D7_02_v3-470437-470709-1A.2","33+12N122+8N158+8N183+8N",1,0.00212314225053079,3
"IM-23-122-AGLG","8039832525","Maziba","Pf3D7_13_v3-479569-479811-1A","CTAGAGACGAATTTGATGATAAAAGAAAATTAAAAGAAGAGAAAATTAAACAATGCCAACTATTAAATGAAAAACAACGAGAAGAAAAAGAAAAAGAAGAAAGAATTCTGAGAGAAAAAGCTGTTGAATATACCTTACAAAATGAAGAAGAATATAAACAACTAAAACGAAAATT","Pf3D7_13_v3-479569-479811-1A.2","79G96+8N",478,0.407155025553663,2
"IM-23-122-AGLG","8039832525","Maziba","Pf3D7_14_v3-2260533-2260765-1A","AATAACCATCAAATACAAACTCAACCAACAAATACAGTACAATATATTCAACCAAATTATGAACAAGTCATAACACAAGTAGATCAAAATCGTAATCTATTCAATCAACAGCTTGTAGGAAGTACAGTAATGCAAAATATGACACCACAAGGTGTAAACACGTTAAATTATCCTGCAACG","Pf3D7_14_v3-2260533-2260765-1A.2",".",1481,1,1
"IM-23-122-AGLG","8039832525","Maziba","Pf3D7_11_v3-1816152-1816378-1A","TTGGGTAGATATCGTTATAAGGGCTATAATGTATTGACTTCTCCGGGTTTGTTACATTATCATTACAACCAATATTATTAAGGTTAATATTATTTTTATCATTATTATTGTTGTTTTCATTTGTGTGGTTATATAATAACAATGATGTGTCGTCTATTGGATCATT","Pf3D7_11_v3-1816152-1816378-1A.1","50T90T",2726,1,1
"IM-23-122-AGLG","8039832525","Maziba","Pf3D7_01_v3-455794-456054-1A","AGAAAAAAAATTTATTAAGAGGTATTTCGATTTTAAAAATTTAAGAATTAATTTTTAATTATGTCTATAAAAACTTAATAGAAAATAAATATTATTTTGTTTTTCAAAAAAATGTTTAAGAATAATATTTCTTTATTCTTTTACAATTTAGAACATATAATGCTATTTCTTTTAATTTTAATTTAATTTCAAA","Pf3D7_01_v3-455794-456054-1A.1","2+10N105+9N",313,1,1
"IM-23-122-AGLG","8039832525","Maziba","Pf3D7_01_v3-194742-194973-1B","TACCTATAAAAATGAAAAAAATAAAGAAGAAGATAAATATGGAAAAAATGAAAAAAACGAAAAATATGACAAATATGACAAATATGAAAAATATGATAAATACAAAAAAGATAATAAAAATCAACATGATGATCCACTTTATGATAATATTAATAAAAATTACGATAA","Pf3D7_01_v3-194742-194973-1B.1","14+9N42+17N97D=AAAATATGA112+8N",1748,1,1
"IM-23-122-AGLG","8039832525","Maziba","Pf3D7_02_v3-290580-290821-1A","TTATTATAAGGATTATAATTATTATCATTCTTATTATATGGATTAATATAATTTCGATCATAATCATTACTGTTTTTATCATATTGTGGATAATTATTTCTATTTCTATTTTGATTAAAATCCGATTGTCTATATCTAACTCTAATATCTGTAGATGCTAAATCATTAGGTAATGGG","Pf3D7_02_v3-290580-290821-1A.6","12+26N62A",1169,0.540453074433657,2
"IM-23-122-AGLG","8039832525","Maziba","Pf3D7_13_v3-1465616-1465890-1A","TCTTGTGGATTATTATCTATTATATTTTCGTTTGGTTTTTCGACAGCAAAATTATCTCCTCTTGGTCTAGGTTGATCATCTTCGGGTTCATCTGGAACATCTAATGGTTCCCGTTTTGGAGGACATCTTTCTTCTTCACATTGTTCTTGTAATTCACTTGTACATCCTTCGTGTAAGATTTCTCTTTTTCTTGACCTGGTACCTTTACCACAAGTTACACTACATGGAGA","Pf3D7_13_v3-1465616-1465890-1A.9","121G",710,0.993006993006993,3
"IM-23-122-AGLG","8039832525","Maziba","Pf3D7_13_v3-1465616-1465890-1A","TCTTGTGGATTATTATCTATTATATTTTCTTTTGGTTTTTCGACAGCAAAATTATCTCCTCTTGGTCTAGGTTGATCATCTTCGGGTTCTTGTGGAACATCTAATGGTTCCCATTTTGGAGGACATCTTTCTTCTTCACATTGTTCTTGTAATTCACTTGTACATCCTTCGTGTAAGATTTCTCTTTTTCTTGACCTGGTACCTTTACCACAAGTTACACTACATGGAGA","Pf3D7_13_v3-1465616-1465890-1A.195","30T90T92G113A121G",2,0.0027972027972028,3
"IM-23-122-AGLG","8039832525","Maziba","Pf3D7_13_v3-1233093-1233332-1A","TCTATATGATCCTTATTTTTATCTTCATCACATTTATAATTTACATAATTTTCGACGTCATCATTTTCATTATTACTCATAATTGAATTATCCACAATGCTTGCCTCTTTTACAGCTTTACAAAGTTGGTAAAAAATATGATAATTCCTTTCACCTTCTTGTTGATCACACACCCGAACC","Pf3D7_13_v3-1233093-1233332-1A.2","100C130+8N",755,0.545126353790614,2
"IM-23-122-AGLG","8039832525","Maziba","Pf3D7_13_v3-1465901-1466157-1A","CATAAAGGGTCCGATAACATTTTTTACATTTTCCCATGCAGAATCAGCATACAAGTTACATTTACCATCTGATGGATGACAACCTACAAGAAATCTGTTGAAAGCTACATTAATACCTTGTCCAATACCAAAAACAGCTATTTTAACACCAAGATCATTTAATTTTCTTGATTCTTTTAATGAATCTTGAATACTAT","Pf3D7_13_v3-1465901-1466157-1A.2","19+8N152A158T",480,0.36281179138322,3
"IM-23-122-AGLG","8039832525","Maziba","Pf3D7_13_v3-1465901-1466157-1A","CATAAAGGGTCCGATAACATTTTTTACATTTTCCCATGCAGAATCAGCATACAAGTTACATTTACCATCTGATGGATGACAACCTACAAGAAATCTGTTGAAAGCTACATTAATACCTTGTCCAATACCAAAAACAGCTATTTTAACACCACGATCATTTAATTTTCTTGATTCTTTTAATGAATCTTGAATACTAT","Pf3D7_13_v3-1465901-1466157-1A.1","19+8N158T",837,0.63265306122449,3
"IM-23-122-AGLG","8039832525","Maziba","Pf3D7_13_v3-1041593-1041860-1AB","CAAGATTGAAGTATTACATATCTCAGAAATTAAATGTATGCCCAAGAGATGTAAATGCACACATTGTAGGTGCTCATGGAAATAAAATGGTTCTTTTAAAAAGATACATTACTGTAGGTGGTATCCCTTTACAAGAATTTATTAATAACAAGTTAATTTCTGATGCTGAATTAGAAGCTATATTTGATAGAACTGTTAATACT","Pf3D7_13_v3-1041593-1041860-1AB.1",".",906,1,1
"IM-23-122-AGLG","8039832525","Maziba","Pf3D7_14_v3-2355614-2355853-1A","ACTTTTCTCGATTCACATTATCCAAACCCATTTAACGAGTATGAAAAATATGACAAACATTATTATGAACTTGAAAATATTTTAAAAAACAAACTTAATGAACAATCCTTAAATTATCAATCTTTGTTAAAAATGAAAAGATTTATAAGTATGAACGATATGGAAAATAATAA","Pf3D7_14_v3-2355614-2355853-1A.2","83+8N105A",541,0.45964316057774,3
"IM-23-122-AGLG","8039832525","Maziba","Pf3D7_01_v3-528859-529104-1A","TTTGATTCTTTTTAATGAAAAAGAAGCTAAAGATATGTCAGACCATATAATTTCCCAACAAAAACGTTATTGCTCTACCAATATTCATAGTAATTATAATAATAAAATATGTATATGTAAAAATAAGCGACATCATAACAAAAGAGGGAAAGGAATAAAGCATCCTGACATACATCAAAAGG","Pf3D7_01_v3-528859-529104-1A.2",".",1586,0.45457151046145,2
"IM-23-122-AGLG","8039832525","Maziba","Pf3D7_04_v3-133581-133830-1A","CTCTCGATTATCATTACCTACTTCAGTCTTTACAATTGTAGGAGGTGTTTTAACATGATTATCCCCTCCATGAGGAGTAACCCTTAAAGGTTCTTCTTGAATATTTGGTGTCGCTTCGCCTGTTTCTGTAGAAAGGATATTTATTCTATCAACATATTCATCACCTTCTTCAACTGTACTATTTAAA","Pf3D7_04_v3-133581-133830-1A.1",".",263,1,1
"IM-23-122-AGLG","8039832525","Maziba","Pf3D7_14_v3-921176-921432-1A","ACAATATTAATTTTATAAGTTCATTATTTCAATTTTATATTTAGGAGGATCTATATCCATATATTATTCATTTTAAAAATATTAAAATAAATACATATATAAATATATAAACATATAAAAACAGTCTTTTAAAAATTAATAAGATTTATATAAAATATGGTTATAAATCCTATTTTGTATTATATCAAA","Pf3D7_14_v3-921176-921432-1A.1",".",272,0.553971486761711,2
"IM-23-122-AGLG","8039832525","Maziba","Pf3D7_13_v3-2816310-2816554-1B","CAAATACTTTTCAATATAGGTCTAGTGAAAGTGTGGAAGTAATAACTAATAAACCTGATGAAATGGAAATGACAACTAAACCACCATCACAATATATTGAAAAGGAAATTGGAGAAATTGATTCTACAAAAAATCAAGATAATGATGAACAAAGCAATTCTATAATTCCTTTAATTAATAAAAATAATGAA","Pf3D7_13_v3-2816310-2816554-1B.2","95T127+8N",675,0.549674267100977,2
"IM-23-122-AGLG","8039832525","Maziba","Pf3D7_13_v3-1465901-1466157-1A","CATAAAGGGTCCGATAACATTTTTTACATTTTCCCATGCAGAATCAGCATACAAGTTACATTTACCATCTGATGGATGACAACCTACAAGAAATCTGTTGAAAGCTACATTAATACCTTGTCCAATACCAAAAACAGCTATTTTAACACCAAGATCATTTAATTTTCTTGATTCTTTTAATGAACCTTGAATACTAT","Pf3D7_13_v3-1465901-1466157-1A.5","19+8N152A158T185C",6,0.00453514739229025,3
"IM-23-122-AGLG","8039832525","Maziba","Pf3D7_01_v3-181512-181761-1A","TTCATTATTGTTTTCATTCTTTTTTTAACTAAAACTATTCATCTCAAAAATATAAGATATTTTATATGACGAATGCCATTGTATTTTTTGTTACGTAAAACCTGACTTCTTCAGGGAAAACACATGCGCATTTTCACCAATTTTTGCCTAAGCTTATTATAAAAAGTATATTAAATGTATGAC","Pf3D7_01_v3-181512-181761-1A.4","19+9N30T83+8N114G",1,0.000741289844329133,3
"IM-23-122-AGLG","8039832525","Maziba","Pf3D7_13_v3-1146764-1147010-1A","AAATTTTCTCCTAAAGTTATGCCTTTGTTAATGAAGGAGAAGAACGTGAAACATAAAGCACCTCCTAAAGGTACTATAAAGCATACGCTAGAATATTTAAAAAGAGCAGCAGAATCAAGAATGAAAGAAAATGAATTATACAAATCAAAAAAAGATAGCACACTTAGTTCAATTGCAATTAGAAAAAATTCC","Pf3D7_13_v3-1146764-1147010-1A.2","64C146+9N182+8N",946,0.562425683709869,2
"IM-23-122-AGLG","8039832525","Maziba","Pf3D7_13_v3-388138-388408-1A","ATATATCTTTATTCATATGTTCTATATATTGTGTTTGTCTCTTTTCCTTTCTCATATCAGATATTATTGAATAATTTCCTTTATCACATACATATCTAGGATTATGTGATAATTCATAAGCTGCTCTTTTTAAAACTCTATTCTTTTCTTTAAAACTATTAAATTTTATATTATTGTTCATATTAGATGTGTTCCTTTTAATAATA","Pf3D7_13_v3-388138-388408-1A.51","33G194C",364,0.37410071942446,3
"IM-23-122-AGLG","8039832525","Maziba","Pf3D7_13_v3-748254-748510-1B","ATACCAAAAAAAATAAAATAAAATGAAATAATAAATAAATAAATATACATATATTTACATATATATATATATAATTACACATATTTTTGATTGAGGACAAATTACATGTCGTGTAGTTCGTCTTCCTTGTGCGTTTCAATCACACAATCCGATTTAGGATAACATGTACACAAAAGAATATATTTTTTCTT","Pf3D7_13_v3-748254-748510-1B.1","5+10N39+33N180+8N",560,1,1
"IM-23-122-AGLG","8039832525","Maziba","Pf3D7_04_v3-1037644-1037891-1A","GAAAGAGATTTAACAGATGATGCTGTGATTTTTGCACACTCACTTTATTTACCATTTGAAAAAGAAGAAATGTGGTGGATCGTTATCGGAATTAAAAAAATGAACTTACTTTTATCTATCAAAAAATTATCTTTATTGAAAAGTATCAATAATATAAAAATTAATTTCGAATTGCCTGACA","Pf3D7_04_v3-1037644-1037891-1A.2","93+9N120+8N145A",1317,1,1
"IM-23-122-AGLG","8039832525","Maziba","Pf3D7_03_v3-891553-891827-1A","CAAGAGCTAAGAAAACATATAGAATCATCATAAGGATGTTGATAATATAAATGTGTTTTTATTTGTGTATTTATGTCAGAATATTGTTCCTTTGATTTATCTTTAAAATAATCAATATTATTTATGTTGGTGGCTTTATTATTATTAAAATAATTTTGATTTGTTACATGATGACTATGGGTATATTTGTATTTTACGTTTTTATTA","Pf3D7_03_v3-891553-891827-1A.5","178T",166,0.432291666666667,2
"IM-23-122-AGLG","8039832525","Maziba","Pf3D7_01_v3-535965-536239-1A","GCTCATTTGATATTTTCCAGTTGTTTGATTTTAAAAATGATGTATATTTTTTAGATGATAATTTGTTCGACAAGGATATGGTATATTGTACAAGTACCAACAATTATGGCGTTATGGGAAATGATAATGATGATGATAAAATAATAAAAATACAAAATTTAAATGAGAAATTAAAAAATGGAAAAGCTGAATTTAAAGATATATTATTAT","Pf3D7_01_v3-535965-536239-1A.1","46+8N121+17N172+8N",297,0.525663716814159,2
"IM-23-122-AGLG","8039832525","Maziba","Pf3D7_12_v3-857050-857323-1A","ATATAATTTTAAGATGTCCTATCAAGACGTTCAGGAAAAAAAAAATGAAGATATAAATTATGATGAAATAGCTAGCAGCATGCTAGAGAAGATGGACAAACATATAAATGGAGAAAAACAACCAACGATACATTATGAAAATTTAAATGTACAAGAGCAAGAGGGAGCACATGCTTATTACTCAAATCAAGATATAAATAACATAAATA","Pf3D7_12_v3-857050-857323-1A.1","35+12N",581,1,1
"IM-23-122-AGLG","8039832525","Maziba","Pf3D7_14_v3-2733345-2733593-1A","TCGATGTACATGCAGAAAAAATATTGGAACGTTTATTTGTAATTTATTTATGTGTATTAAAAGAATATGAAAAACATCCTCCTAAAATATTAAAATATTCATTACGTGCTATATCTAGATACTCGATGTATATAAATAAATTTATCATGGATGATATATTATTTGAAATTAAAAACCTTGCTGCA","Pf3D7_14_v3-2733345-2733593-1A.1","15+8N",1443,1,1
"IM-23-122-AGLG","8039832525","Maziba","Pf3D7_13_v3-388138-388408-1A","ATATATCTTTATTCATATGTTCTATATATTGTCTTTGTCTCTTTTCCTTTCTCATATCAGATATTATTGAATAATTTCCTTTATCACATACATATCTAGGATTATGTGATAATTCATAAGCTGCTCTTTTTAAAACTCTATTCTTTTCTTTAAAACTATTAAATTTTATATTATTGTTCATATTAGATGTGTTCCTTTTAATAATA","Pf3D7_13_v3-388138-388408-1A.1","194C",1,0.00102774922918808,3
"IM-23-122-AGLG","8039832525","Maziba","Pf3D7_13_v3-388138-388408-1A","ATATATCTTTATTCATATGTTCTATATATTGTCTTTGTCTCTTTTCCTTTCTCATATCAGATATTATTGAATAATTTCCTTTATCACATACATATCTAGGATTATGTGATAATTCATAAGGTGCTCTTTTTAAAACTCTATTCTTTTCTTTAAAACTATTAAATTTTATATTATTGTTCATATTAGATGTGTTCCTTTTAATAATA","Pf3D7_13_v3-388138-388408-1A.34","121G194C",608,0.624871531346352,3
"IM-23-122-AGLG","8039832525","Maziba","Pf3D7_01_v3-145388-145662-1A","GATATGTTTAAATATATGATTCTCGAAAAAACTTTTTTTATTTTTTTTGTCAATAGATAAATGATCAATATTTTCTATATTTAATCTATCAAGTATTTTTATATATCTATTATTTCTTTCTTCGATGGATAAATTATATGAATCAATATCCTTTCTTTCATCAACAAACTTTTTTATTGTTAACTCCATTTTTTTATTTAAGATACCA","Pf3D7_01_v3-145388-145662-1A.2","25+25N139T169+8N188+9N",162,0.861702127659574,2
"IM-23-122-AGLG","8039832525","Maziba","Pf3D7_13_v3-2840462-2840736-1B","AATAAACACATATGTTTATTAATAAAATTGTTAGTTATTTTTATGTATACATAATAAATTAAAGATACTAAAACAATATTTTTAAATGTAAATAAATGAATAATGATATTATTTATATGATTCATCATTCTATATTTACATGGAAGATTAAAAAATTATATATATATATATATGGTAATTTCTGTGTTTATGTTTTTATTTTTATAATA","Pf3D7_13_v3-2840462-2840736-1B.4","149+23N",19,1,1
"IM-23-122-AGLG","8039832525","Maziba","Pf3D7_02_v3-503040-503288-1A","ATTATGATTAATAATAATATTTCTCATAATTTCGTTAAATACATCTAAACTATTTATAGAACCATCTATATCATCTTCATTCCTATTTTGGTGAACCGATTCGGTGTTTATAACATCTAAGGTGTCTTTTTCTTCTCCTCTGTAACTTTTTATAATTTTTTGATAAATGTTGTTATAAGAATTATCA","Pf3D7_02_v3-503040-503288-1A.2","97C155+8N",8,0.00499375780274657,2
"IM-23-122-AGLG","8039832525","Maziba","Pf3D7_13_v3-1406713-1406975-1A","TTTCAGGTCTTCTTAAATATGTTTTAAATTCATTATTTAATTTTTCATCATATTTAGGTACATTTTTTTTTGGAAATCTAGATGTTTCATTATTATCGTGATTTGATGAATATATATAATGAGTTTGTTTAAAATGTGGTTCATTCAAATTATCTTTTTTCTTATCTTCGTGTATATTTTTATTATAATTTGAATACTTC","Pf3D7_13_v3-1406713-1406975-1A.2","62+11N154+8N",215,0.334370139968896,2
"IM-23-122-AGLG","8039832525","Maziba","Pf3D7_13_v3-1419363-1419626-1A","TTTTGAAATCTGTATATTTTTTATCATGTTCATCGAGATTTATTTTGTTCTCTTTGTTTGAAATATCAACTACATGATTAAAAACATCTCCTAAATTATATAATTTCTTATCTAGGTCTTTTCGAAATGTCGATTCTCCTCCTTGTGCTGGTTTTTGTACTTCTTTTCCTTGTGTTGATATCTCTTGTTCATTTTTAGATTGAG","Pf3D7_13_v3-1419363-1419626-1A.5","16+8N24T28G52C123C166T",228,0.631578947368421,2
"IM-23-122-AGLG","8039832525","Maziba","Pf3D7_14_v3-2020604-2020849-1A","CAAGAACATGAATATTTCTGTAAATACATAGACAAGTCCTCATTATGTCTTATCACAGGGTGCTCTTTTTTAATATGACAATATAATTTTATATGTTTTATTATTTCTTGATGAATTTCACATAATAAAAATAATGTGTGATTCATATGTTGACTACTCAATATAGAAAAGCCACTAACTAATTG","Pf3D7_14_v3-2020604-2020849-1A.5","65+8N158T",730,0.645446507515473,2
"IM-23-122-AGLG","8039832525","Maziba","Pf3D7_04_v3-1113397-1113639-1A","GATTCTGCATGCAGTAATGAATCTATTGAAATCATCTAAGAATAAACTTTTTTGTTTAAACCATTTATTGAACATTTCACTTAAATGTGATTCAATTTTTTTTTCTGAGCTTTCCATAATTTCATTACAACTATTCAATTTGTTTGTATAAGTTTTAGGTCTTATTATTCTTTTACGTTTTAAATCATC","Pf3D7_04_v3-1113397-1113639-1A.13","47+8N95+11N123C",832,0.568694463431306,2
"IM-23-122-AGLG","8039832525","Maziba","Pf3D7_13_v3-1419363-1419626-1A","TTTTGAAATCTGTATATTTTTTATCATGTTCATCGAGATTTATTTTGTTCTCTCTGTTTGAAATATCAACTACATGATTAAAAACATCTCCTAAATTATATAATTTCTTATCTAGGTCTTTTCGAAATGTCGATTCTCCTCCTTGTGCTGGTTTTTGTACTTCTTTTCCTTGTGTTGATATCTCTTGTTCATTTTTAGATTGAG","Pf3D7_13_v3-1419363-1419626-1A.4","16+8N24T28G52C54C123C166T",133,0.368421052631579,2
"IM-23-122-AGLG","8039832525","Maziba","Pf3D7_02_v3-630641-630907-1A","CTAAGTTATCTAAAATTATTAATTTTTTCAAATATGGTAATTCATGTCTATGAAGTAATAAGCCATCAACTAAATCTAAATCTAAACATAACCATTCTAATTTCGTTTCATTTAATATGTTTACAATTACATCTATACTAAAGTTAGAATGTAAAATCAAGGTTGTTACACCACTCATCATAGCTGCCATATCAACAAT","Pf3D7_02_v3-630641-630907-1A.3","22+8N",444,0.542124542124542,2
"IM-23-122-AGLG","8039832525","Maziba","Pf3D7_07_v3-1066661-1066903-1A","TATGGTTTTGTAATTTATTGGTATGTGTTGTTAAAGGAGAATTTTTTTAATATCCCTTGTCATGGGCAAAATGAGAAAAAAGAAATAAAAAACTTTTATGTTCAACATGAAGATATTTGTGAACACACTATTGGTAATCATATGTTAGGTGATAAATTAAAAATGTGTACATCTAATATTAATG","Pf3D7_07_v3-1066661-1066903-1A.2","41+9N75+8N86+8N",1692,0.824561403508772,3
"IM-23-122-AGLG","8039832525","Maziba","Pf3D7_07_v3-1149367-1149613-1A","TATTTGACTAGTCGAATAATATTTAATATTTTTGTTTAGGAAGTTTTCAAAATTGATGACATTGATAACCGTTTTTATTAAATCGCTTGGGTTGTTTGTGTGTTCCAATGTAGAAGACATAATTTTAAGAATGTGTTTTTGTGTTATTAAACAAAACTTTGTTACTATATGGAATCGTATGTTAT","Pf3D7_07_v3-1149367-1149613-1A.11","108A",260,0.147142048670062,2
"IM-23-122-AGLG","8039832525","Maziba","Pf3D7_02_v3-290580-290821-1A","TTATTATAAGGATTATAATTATTATCATTCTTATTATATGGATTAATATAATTTCGATCATTATCATTACTGTTTTTATCATATTGTGGATAATTATTTCTATTTCTATTTTGATTAAAATCCGATTGTCTATATCTAACTCTAATATCTGTAGATGCTAAATCATTAGGTAATGGG","Pf3D7_02_v3-290580-290821-1A.1","12+26N",994,0.459546925566343,2
"IM-23-122-AGLG","8039832525","Maziba","Pf3D7_04_v3-1005938-1006187-1A","GTCTTAACATTAATCTTAGTTACAAAGTTACATGGATTTATTGAAAAGATATTTTCGTCACTATATTTCTTTTTTTCCATATCTGTTTGATCATTTTGATATGTTTTCATATTATCCATATGTTCATTATTTTGATCAATATAATTTTTTTTTATAATAAATTTAGAATTATTTTTAAAGAAA","Pf3D7_04_v3-1005938-1006187-1A.3","69+9N144+11N",356,0.486338797814208,2
"IM-23-122-AGLG","8039832525","Maziba","Pf3D7_07_v3-403487-403750-2","AGGTTCTTGTCTTGGTAAATGTGCTCATGTGTTTAAACTTATTTTTAAAGAGATTAAGGATAATATTTTTATTTATATTTTAAGTATTATTTATTTAAGTGTATGTGTAATGAATAAAATTTTTGCTAAAAGAACTTTAAACAAAATTGGTAACTATAGTTTTGTAACATCCGAAACTCACAACTTTATTTGTATGATTATGTTCTTT","Pf3D7_07_v3-403487-403750-2.1",".",584,1,1
"IM-23-122-AGLG","8039832525","Maziba","Pf3D7_14_v3-279563-279833-1A","CATTTTTCTTTTAAATGAGAGCAATATATTTCTTAGGTTTATTCCGGATAAATGTTTAGTTATTAGCCAGGTGAGTAATAGTGATTCATATAAGGTAAATTGTATTAATTTCTCTGAAGGATTTTGTTGCTGTCATCCAATAAATAATTTAGCACTATTATATGGAGAGTATCAACAAAATCAAGAATCAAAAATTATGAAATTACCG","Pf3D7_14_v3-279563-279833-1A.1",".",478,1,1
"IM-23-122-AGLG","8039832525","Maziba","Pf3D7_08_v3-1314717-1314986-1A","ATAAAAAAGAAAAAATTATTGTCAAAAGTTTTCATAGATATATATATGATGGTATTAGAAGATTTTAAAGAAGAAGAATGTAAAAAAAATAAAGAAATATTTCTTGATACTTATATAGATGAACTAAAAAAAGATTCACAAAGTGAAAAAAATAAAAGCATGTTAAATATATTAGATGAAATAAAAAGTGATATTCATATAGGATATC","Pf3D7_08_v3-1314717-1314986-1A.1","2+15N87A125+9N138A145+9N",276,1,1
"IM-23-122-AGLG","8039832525","Maziba","Pf3D7_13_v3-1265494-1265726-1A","TGTCATATACAGATTATAAAAATGATCATAGAATAAGCGAAATTTTAAATCGTTGTATTTTACGATTAAACGAGTTTGATCTAATTCATTTATCTTCTTTGGTCATATCTTTAAGTAAAATGAATTTTAGGAGTGTGTATTTTTTGGAACAAGTACAAAAGAAATT","Pf3D7_13_v3-1265494-1265726-1A.9","44T144T",2,0.000875656742556918,2
"IM-23-122-AGLG","8039832525","Maziba","Pf3D7_01_v3-528859-529104-1A","TTTGATTCTTTTTAATGAAAAAGAAGCTAAAGATATGTCAGACCATATAATTTCCCAACAAAAACGTTATTGCTCTACCAATATTCATAGTATTTATAATAATAAAATATGTATATGTAAAAATAAGCGACATCATAACAAAAGAGGGAAAGGAATAAAGCATCATGACATACATCAAAAGG","Pf3D7_01_v3-528859-529104-1A.4","93T165A",1903,0.54542848953855,2
"IM-23-122-AGLG","8039832525","Maziba","Pf3D7_13_v3-1406713-1406975-1A","TTTCATGTCTTCTTAAATATGTTTTAAATTCATTATTTAATTTTTCATCATATTTAGGTACATTTTTTTTTGGAAATCTAGATGTTTCATTATTATCGTGATTTGATGAATATATATAATGAGTTTGTTTAAAATGTGGTTCATTCAAATTATCTTTTTTCTTATCTTCGTGTATATTTTTATTATAATTTGAATACTTC","Pf3D7_13_v3-1406713-1406975-1A.1","6T62+11N154+8N",428,0.665629860031104,2
"IM-23-122-AGLG","8039832525","Maziba","Pf3D7_02_v3-628941-629172-1A","ACTTTTTTTAGATTTTTCTTGATCGTTTTCATCATTTTTTATTTCCTGTTCATCTGAGGTTTTCTTTTGTAAACGCTTAGTGCGTTTCTTTTGACCTTTTAATTTTTTTTTAAATATATTTTTAACTTGATCAATGAAGAAAGCATAATCTTGTATGACAGAAAATCT","Pf3D7_02_v3-628941-629172-1A.1","2+9N34+8N87T102+11N",582,0.470873786407767,2
"IM-23-122-AGLG","8039832525","Maziba","Pf3D7_12_v3-684011-684240-1A","ACCTAATGTTGGTAAGTCTACCATTTTTAATCGACTAACTCGAAAATATCAAGATGGTAGTATTGTTTTAGATGTTAGTAGTACGAGAGATAAACTTTATGGAGAAGTTGAGTGGGAAGGATATAAATTTGAACTTGTGGATACAGGAGGTTTAGTTTTTGA","Pf3D7_12_v3-684011-684240-1A.3",".",242,0.179259259259259,2
"IM-23-122-AGLG","8039832525","Maziba","Pf3D7_14_v3-771407-771633-1A","ACCCACGGGACATTTTAATTTATACCTATTGGAACATTTTTTATTAGGTCTTTCTTTATGATTCTTCTTTAAAATAGGTTCATCATTATTTGAGTAAACTAACAGATTATTATCGTTCTCAAAATTATTATAACCATCAATATTTTTATTTCCATATACATCTATAA","Pf3D7_14_v3-771407-771633-1A.1","36+8N",1354,0.887287024901704,2
"IM-23-122-AGLG","8039832525","Maziba","Pf3D7_08_v3-1099719-1099977-1A","AAAAAATAAAAAATCAAACAAGATAAATAATAATGTATATAATACTAGTGGTATAAAAAATAATGATCAAAATATGGATAATATGAATCAAAAAGGGAAAAGTAACAAAAATTCAAATAAATATAATTTTGATGAAGAGGACTTATGGTTTTTATGTGATTTATGTAATAATCCTATAAGTCCGTTATGTTA","Pf3D7_08_v3-1099719-1099977-1A.2","1+14N54+8N142C",236,0.474849094567404,2
"IM-23-122-AGLG","8039832525","Maziba","Pf3D7_08_v3-1176313-1176549-1A","TACATCCAATGAATATTTTACACTTAAAAGAAATAAACAAATTATTCATAATAAAATACATATACTTTCTATGCAAAAAAATAAACAAAATACAAACGAGCTAAACAAATCATGTAATATTAACGCCATCATATTTAATATTAATTCTGATGATTTTGAGGTAGGCGATGAAATTGT","Pf3D7_08_v3-1176313-1176549-1A.3","74+9N",1029,0.557119653492149,2
"IM-23-122-AGLG","8039832525","Maziba","Pf3D7_13_v3-1004740-1005002-1A","TTACATCGTAAAAATAATTTAAAATATTATATATATTATCTTTTCCTTTTGGGGGGTCTCTTTTCTTTATATATATATTTACATTTCTCTTCATTTTATTACATGATAAATTAATATTTAATGTACTAATATATATATTATTAATTTTTATTTTCTTCTTCTTTTTTATATTAAAACAAAATGAAGATTCTTTAA","Pf3D7_13_v3-1004740-1005002-1A.1","50+8N161+8N",41,1,1
"IM-23-122-AGLG","8039832525","Maziba","Pf3D7_02_v3-291770-292017-1A","TAATATCATAAGGTTTGAATATTTTCCTCTCAGGTATTATACCAACAGAAGGTTTATCATCATCTTTAAAACCTGCTCTATCTTTAACCCAATGATTAGGATTTTTTAAACATAAAGCTGGATTCTTTAATAAATCTTTCATATGTTCCATATTATTTTCTTCATTTATATATGATTCTAC","Pf3D7_02_v3-291770-292017-1A.3","92A101+8N",598,0.565217391304348,2
"IM-23-122-AGLG","8039832525","Maziba","Pf3D7_01_v3-181512-181761-1A","TTCATTATTGTTTTCATTCTTTTTTTAACTAAAACTATTCATCTCAAAAATATAAGATATTTTATATGACGAATGCCATTGTATTTTTTGTTACGTAAAACCTGACTTCTTCAAGGAAAACACATGCGCATTTTCACCAATTTTTGCCTAAGCTTATTATAAAAAGTATATTAAATGTATGAC","Pf3D7_01_v3-181512-181761-1A.1","19+9N30T83+8N",273,0.202372127501853,3
"IM-23-122-AGLG","8039832525","Maziba","Pf3D7_08_v3-1313088-1313338-1A","TGAGAGACATAGATATATGATAGAAAAATGGAAAAAAGAAGATTGGTTTTGTGATTTAAAAGAAACGTTGAAAAATGAATTTGAAGAACAGATGGATATAGGAAAAGTATCTTTTTTATATGAAAATAATAGAGAGTATGGAAAAAATTTTTATTTGGAAAAGCAAAAAATTATATGGAAAAGATGG","Pf3D7_08_v3-1313088-1313338-1A.1","31+8N111+8N141+8N164+8N",740,1,1
"IM-23-122-AGLG","8039832525","Maziba","Pf3D7_07_v3-404325-404590-1B","GAAACACAAGAAGAAAATTCTATCATATTTAATCTTGTCTTAATTAGTGCCTTAATTGTAAGAAAACAAAATATATAAATAAATAAATATATATATATATATATATATATATATATATTGTAATATTTAATATATATTAACACTTAAACTTTGTTTTTATTATATTAATTTATATTCTTTATCATTTTTTTTTTTTTTTCCTTCTTTTTTTT","Pf3D7_07_v3-404325-404590-1B.165","71+40N176+19N195T197C198+8N",6,1,1
"IM-23-122-AGLG","8039832525","Maziba","Pf3D7_07_v3-1028330-1028603-1A","TAAAGAATATTTTTATTTCTAATATTATGGCTAAAAGGAAAATTATTTAATTTCATTTTTTGTGGGTTACTTGTATCATTACAACTCATCATCATGACCATATTATTATTATTATTATTGTTGTTGTTGTTGTTGTTGTGGTGGTTCATTACCAATAAATTTGTGTTATTATGTTCATCCTTTTTTATATTAACAATTTCATTTCTATAA","Pf3D7_07_v3-1028330-1028603-1A.1","55+8N101+36N177+8N202C",393,1,1
"IM-23-122-AGLG","8039832525","Maziba","Pf3D7_07_v3-1043981-1044225-1A","ATAATGATATGTTATTTCATCATCAGCATCGACTTCTTTTTTATTATGTTCAAACAAATTCTTATATTTTATATTATTGCATTTTTGTCTTTCCATATTTATAAAAGATTCTATTTTCTTTTTATAATCATTCCTTTTTATATAATTACACATTCCTTCATTTTGGTTGTCATAACTCTTCT","Pf3D7_07_v3-1043981-1044225-1A.1","36+8N",1293,1,1
"IM-23-122-AGLG","8039832525","Maziba","Pf3D7_12_v3-684011-684240-1A","ACCTAATGTTGGTAAGTCTACCATTTTTAATCGACTAACTCGAAAATATCAAGATGGTAGTATTGTATTAGATGTTAGTAGTACGAGAGATAAACTTTATGGAGAAGTTGAGTGGGAAGGATATAAATTTGAACTTGTGGATACAGGAGGTTTAGTTTTTGA","Pf3D7_12_v3-684011-684240-1A.1","67A",1108,0.820740740740741,2
"IM-23-122-AGLG","8039832525","Maziba","Pf3D7_12_v3-659881-660127-1A","GGTGGTTTAACATTTTCAGCTACGACTTTTTCGACTGATGGCAATCCTACTTTGATTAATTCCTTTAACATAGATTTTGCGTGTTTTTTTACTTCTGATTTGATATCAAAGCTTGATTCTAAAAAGGTTGGTGAATTTTTTTGTAAAACACTGACAAGTTCATTTGATATGGTCTCTGCTAAATCATCACCA","Pf3D7_12_v3-659881-660127-1A.1","26C27T35C83+9N135+9N",1088,0.999081726354454,2
"IM-23-122-AGLG","8039832525","Maziba","Pf3D7_14_v3-2355614-2355853-1A","ACTTTTCTCGATTCACATTATCCAAACCCATTTAACGAGTATGAAAAATATGACAAACATTATTATGAACTTGAAAATATTTTAAAAAACAAACTTAATGAACATTCCTTAAATTATCAATCTTTGTTAAAAATGAAAAGATTTATAAGTATGAACGATATGGAAAATAATAA","Pf3D7_14_v3-2355614-2355853-1A.1","83+8N",634,0.538657604078165,3
"IM-23-122-AGLG","8039832525","Maziba","Pf3D7_04_v3-115455-115684-1A","TATTAATGTCATTTTGTTTTTCTTTATTATTATTATTTTTATTTTTTCCCTGGTTATCTTCCTTATTACCTAGCTTTTTTTTGTTGTCATTATTTTCTGTCTGATTATTATTTTTGACTCTGTTCATCTTTGAATTATCCGTTCTGTTTGTATGTCTCAAGCAAGGT","Pf3D7_04_v3-115455-115684-1A.2","24+25N74+10N120C",2120,1,1
"IM-23-122-AGLG","8039832525","Maziba","Pf3D7_08_v3-1365709-1365954-1B","ATTTTCATCTTGTAATGTGTTTTTAACATTATAGCAGTAATTTTCTAGGTTGTTTCTTGCTTCAATTCTATTTTTATTTTGTTCATCCTCTTCTTTATATTTTTCTGCATCATTTACCATACGATCGATATCATCTTTTGATAATCTTCCTTTATCATTTGTAATAGTAATTTGGTTTTGT","Pf3D7_08_v3-1365709-1365954-1B.1",".",465,1,1
"IM-23-122-AGLG","8039832525","Maziba","Pf3D7_08_v3-1365750-1365999-2","TTTCTAGGTTGTTTCTTGCTTCAATTCTATTTTTATTTTGTTCATCCTCTTCTTTATATTTTTCTGCATCATTTACCATACGATCGATATCATCTTTTGATAATCTTCCTTTATCATTTGTAATAGTAATTTGGTTTTGTTTACCAGTACCTTTATCTAATGCTGTTACATTTAGGATACCATT","Pf3D7_08_v3-1365750-1365999-2.1",".",712,1,1
"IM-23-122-AGLG","8039832525","Maziba","Pf3D7_13_v3-2770591-2770863-2","ACACATCGATTTTATCAAAAGGAAATATTCCAAGAAATATTTTTAAAAAAAAATAGTGAGTTAGATGATCACGTATGGAATATAGAAAGTATTACTACGAATATATTAGAGAGGAATAAATTAAGTGATCAAAATAATGAAGATAACCATGATGTTAATAATAATAATGAAGACCCATCTGGGGGTAATTTAAAAACCAATCTAAT","Pf3D7_13_v3-2770591-2770863-2.1","44+11N156+13N",927,1,1
"IM-23-122-AGLG","8039832525","Maziba","Pf3D7_13_v3-1146764-1147010-1A","AAATTTTCTCCTAAAGTTATGCCTTTGTTAATGAAGGAGAAGAACGTGAAACATAAAGCACCTCCTAAAGGTACTATAAAGAATACGCTAGAATATTTAAAAAGAGCAGCAGAATCAAGAATGAAAGAAAATGAATTATACAAATCAAAAAAAGATAGCACACTTAGTTCAATTGCAATTAGAAAAAATTCC","Pf3D7_13_v3-1146764-1147010-1A.7","64C82A146+9N182+8N",736,0.437574316290131,2
"IM-23-122-AGLG","8039832525","Maziba","Pf3D7_04_v3-133928-134154-1A","TTTTGAAATATCTAATTTATCCATTTGCCTTTTTATTTCATAGTCCCAACTATTTACCCAGGTATTAAAATTAATACAATCCTGTTCTGCATATTTTATGGCTTTTAAATCCCTCAATTTAGTAGCCCTATCTTCACAATAATCTTCTAATATTTTAAT","Pf3D7_04_v3-133928-134154-1A.10","21C53T",1212,0.648822269807281,2
"IM-23-122-AGLG","8039832525","Maziba","Pf3D7_04_v3-140317-140548-1A","TCGGGACAATATTATAAGGATTTTATCACATCAAGGAAAAATATTTATAATATAAGGGAAAATATATCCAAAAATGTAGATATGATAAAAAATGAAGAAAAGAAGAAAATACAGAATTGTGTAGATAAATATAATTCTATAAAACAATATGTAAAAATGCTTAAA","Pf3D7_04_v3-140317-140548-1A.1","86+8N",1111,0.397353361945637,2
"IM-23-122-AGLG","8039832525","Maziba","Pf3D7_13_v3-2114242-2114482-1A","CTTCCATTAACTCAATATATAATTTATTAATAATTTTTAATTTGTTTATTTCAAAAAGGCATAGTTGTAACAAGGTTCTTAAGGTTCTATTACCCCCTAAGAGGTTAAAATGAATATTTCCTTTTTCTCGTATATGCAAAAAATCCCTTAACAATAAATCATATTCATCAGTATGAAATGT","Pf3D7_13_v3-2114242-2114482-1A.1","67G76T137+8N",628,0.475757575757576,2
"IM-23-122-AGLG","8039832525","Maziba","Pf3D7_11_v3-1902041-1902278-2","ATGAAACAAAATGTCCACCTAGATACCCTTTAAAATCAAAAGTTTTTGGAACCTTTGACCAAAAAACAGGAAAATGTAAAAGTCTCATGGACAAAGCATATGAAGTTGGAATTAATAAATTTTCAGTCTGTTTAGAATATTTATTTTTAGTATCACCTAAGGATTTATATAATAGCAGAAG","Pf3D7_11_v3-1902041-1902278-2.2","60+8N177A",2035,0.787538699690402,2
"IM-23-122-AGLG","8039832525","Maziba","Pf3D7_11_v3-1902041-1902278-2","ATGAAACAAAATGTCCACCTAGATACCCTTTAAAATCAAAAGTTTTTGGAACCTTTGACCAAAAAACAGGAAAATGTAAAAGTCTCATGGACAAAGCATATGAAGTTGGAATTAATAAATTTTCAGTCTGTTTAGAATATTTATTTTTAGTATCACCTAAGGATTTATATAATAGCGGAAG","Pf3D7_11_v3-1902041-1902278-2.1","60+8N",549,0.212461300309598,2
"IM-23-122-AGLG","8039832525","Maziba","Pf3D7_04_v3-1113397-1113639-1A","GATTCTGCATGCAGTAATGAATCTATTGAAATCATCTAAGAATAAACTTTTTTGTTTAAACCATTTATTGAACATTTCACTTAAATGTGATTCAATTTTTTTTTCTGAGATTTCCATAATTTGATTACATCTATTCAATTTGTTTGTATAATTATTAGGTCTTATTATTCTTTTACGTTTTAAATCATC","Pf3D7_04_v3-1113397-1113639-1A.4","47+8N95+11N110A130T152T154A",631,0.431305536568694,2
"IM-23-122-AGLG","8039832525","Maziba","Pf3D7_14_v3-2355614-2355853-1A","ACTTTTCTCGATTCACATTATCCAAACCCATTTAACGAGTATGAAAAATATGACAAACATTATTATGAACTTGAAAATATTTTAAAAAACAAACTTAATGAACATTCCTTAAATTATCAATCTTTGTTAAAAATGAAAAGATTTATAAGTATGAACCATATGGAAAATAATAA","Pf3D7_14_v3-2355614-2355853-1A.3","83+8N157C",2,0.00169923534409516,3
"IM-23-122-AGLG","8039832525","Maziba","Pf3D7_02_v3-628941-629172-1A","ACTTTTTTTAGATTTTTCTTGATCGTTTTCATCATTTTTTATTTCCTGTTCATCTGAGGTTTTCTTTTGTAAACGCTTAGTGCGTCCCTTTTGACCTTTTAATTTTTTTTTAAATATATTTTTAACTTGATCAATGAAGAAAGCATAATCTTGTATGACAGAAAATCT","Pf3D7_02_v3-628941-629172-1A.4","2+9N34+8N86C102+11N",654,0.529126213592233,2
"IM-23-122-AGLG","8039832525","Maziba","Pf3D7_14_v3-297583-297856-1B","AGGAGGTTTTTCTTATTATATTTTTGAAAATTTCGTTTTTCAAAAGAACCGTAAAATTAATCACATAATTAAGACTTCAAAATATTCGACAGTAGGATTTAATATTGAAAATTCTTATGATAGACTTATGAAAACAATTAAAGAGCATAAATTAAAAAATTATATAAAAGAATCAGTAAAACTTTTTAATAAAGGTTTAACCAAAAA","Pf3D7_14_v3-297583-297856-1B.1","153+8N",340,1,1
"IM-23-122-AGLG","8039832525","Maziba","Pf3D7_07_v3-432832-433091-1A","TTGAAAAAGTCATCATCAGAATGGGGATGATTATTATTGTTATTATGAGTTTGGTTCGTATTAATATTATGATCCTTTTCGTTATTTAATTTATGTTCATTTATATTTTTATAAATAAATAATTTTCCAAGAAGTATACCATTAATAAACTTACTAGTTAACATATTAGACTGCTCAATATTTGTACATTTTTTTAATGTATGTATT","Pf3D7_07_v3-432832-433091-1A.4","30+17N72A188+9N",614,0.456845238095238,2
"IM-23-122-AGLG","8039832525","Maziba","Pf3D7_03_v3-221185-221419-1B","AAATAAATTAAATAGGAAAATATAAAGAAAAATGAAAATTAAGAAAAAAAGTAGTATATATTTTTATAAATATTGTACAACTCAAACTAAGATGTGTTCTTTATCTAATTAAGGAACAAGAAGGATAATACCATTATTAATCCTATTGAACTATTTACGACATTAAACA","Pf3D7_03_v3-221185-221419-1B.1","43+9N",736,1,1
"IM-23-122-AGLG","8039832525","Maziba","Pf3D7_12_v3-2092529-2092798-1B","AGTTGAAGGGGGAGGAATGATCGGAGTTATCAGATTAGAAAATCAAGTGAGAAATCCCCCTGTAATAAAATTGAAGAGTCATACATCTCCCATCCTTGATTTGTCATTTAACCCGTGTTATAGTGAGATATTAGCTTCATGTTCAGAAGATATGTCTATAAGAATATGGGAGATACGTCATGAGGATGAGAATGTGAATGAGGTA","Pf3D7_12_v3-2092529-2092798-1B.1",".",865,1,1
"IM-23-122-AGLG","8039832525","Maziba","Pf3D7_04_v3-133928-134154-1A","TTTTGAAATATCTAATTTATCCATTTGCCTTTTTATTTCATAGTCCCAACTACTTACCCAGGTATTAAAATTAATACAATCCTGTTCTGCATATTTTATGGCTTTTAAATCCCTCAATTTAGTAGCCCTATCTTCACAATAATCTTCTAATATTTTAAT","Pf3D7_04_v3-133928-134154-1A.1","21C",656,0.351177730192719,2
"IM-23-122-AGLG","8039832525","Maziba","Pf3D7_12_v3-2092654-2092884-2","GAGATATTAGCTTCATGTTCAGAAGATATGTCTATAAGAATATGGGAGATACGTCATGAGGATGAGAATGTGAATGAGGTAAAGGATCCTTTATGTATATTAAATGGTCATAAGAAAAAAGTAAATATATTATCATGGAATCCTATGAATTATTTTATATTATCATCT","Pf3D7_12_v3-2092654-2092884-2.1","114+8N",2460,1,1
"IM-23-122-AGLG","8039832525","Maziba","Pf3D7_12_v3-233418-233671-1A","CAAAAATATCATTCCCCAAATTTGTACTACTAATTGTTCCAATAGTTCCTATAGTTGTGGTAATTTGCTCATATGTATTTTTTCCTAAAGATTTATTAGACACATTTGAAGGATCATTATTTTGTTCCAAATTCTTGGGCACAGTATTATTACATGAGAATAATGAAAAGTTATTATCATAATTCTTTTGTT","Pf3D7_12_v3-233418-233671-1A.3","77+8N",908,0.829223744292237,2
"IM-23-122-AGLG","8039832525","Maziba","Pf3D7_04_v3-140317-140548-1A","TCGGGACAATATTATAAGGATTTTATCACATCAAGGAAAAATATTTATAATATAAGGGAAAATATATCCAAAAATGTAGATATGATAAAAAATGAAGAAAAGAAGAAAATACAGAATTGTGTAGATAAATATAATTCTATAAAACAATATGTAAAAATGTTTAAA","Pf3D7_04_v3-140317-140548-1A.2","86+8N160T",1685,0.602646638054363,2
"IM-23-122-AGLG","8039832525","Maziba","Pf3D7_14_v3-2020604-2020849-1A","CAAGAACATGAATATTTCTGTATATACATAGACAAGTCCTCATTATGTCTTATCACAGGGTGCTCTTCTTTAATATGACAATATAATTTTATATGTTTTATTATTTCTTGATGAATTTCACATAATAAAAATAATGTGTGATTCATATGTTGACTACTCAATATAGAAAAGCCACTAACTAATTG","Pf3D7_14_v3-2020604-2020849-1A.3","23T65+8N158T",401,0.354553492484527,2
"IM-23-122-AGLG","8039832525","Maziba","Pf3D7_13_v3-2114829-2115090-1A","ATTCAATATATATAAAAATATAGCTAATAAACATTTCAAATCTCCATTAAGAACTTTATTCATCTTAACAAAAGCTCTATGAACTTCTGTATCTATAGTCGATTTTGTTATTCTAAGCATATCATTAAGTAAAAAATTTAAGGTATCGACATTAACAGTGTAATAATTTCTTCCTAAATTTAAATGTTCTAAATAATTCAA","Pf3D7_13_v3-2114829-2115090-1A.2","130+8N141A192A",553,0.472245943637916,3
"IM-23-122-AGLG","8039832525","Maziba","Pf3D7_08_v3-1344618-1344845-1A","TATCTTTTCCATATATAATAACGCATGAATTCTTTAAATATATCTTTTACTTTATCTGTAAGTTTCATGGAATCTATTATTTCATCTGCATATTTTATTTTTGCCTCGTTTATATATTTACCTGCTTCTAATTTACATAAACATTTTTCTATTAAGTTTTG","Pf3D7_08_v3-1344618-1344845-1A.4","86C128C",595,0.425912670007158,3
"IM-23-122-AGLG","8039832525","Maziba","Pf3D7_02_v3-503040-503288-1A","ATTATGATTAATAATAATATTTCTCATAATTTCGTTAAATACATCTAAACTATTTATAGAACCATCTATATCATCTTCATTCCTATTTTGGTGAACTGATTCGGTGTTTATAACATCTAAGGTGTCTTTTTCTTCTCCTCTGTAACTTTTTATAATTTTTTGATAAATGTTGTTATAAGAATTATCA","Pf3D7_02_v3-503040-503288-1A.1","155+8N",1594,0.995006242197253,2
"IM-23-122-AGLG","8039832525","Maziba","Pf3D7_03_v3-855426-855697-1A","GTTATTTCAGTATGAGTTTCAACAGTTAATAATACTTCAGGATATGGATTGATACTTAACGTATGTACTCTCAATAATCTAGTATCAAATATATATGAAAATGTATACTCAGGAAAACATATAGTAGATAATCCATTATTATTCTCTATACATATTTTACTTATAGCTATATAATCGTAATTATCTTCTATTACTATTGGTTCTGTG","Pf3D7_03_v3-855426-855697-1A.3",".",86,0.182590233545648,2
"IM-23-122-AGLG","8039832525","Maziba","Pf3D7_03_v3-891553-891827-1A","CAAGAGCTAAGAAAACATATAGAATCATCATAAGGATGTTGATAATATAAATGTGTTTTTATTTGTGTATTTATGTCAGAATATTGTTCCTTCGATTTATCTTTAAAATAATCAAGATTATTTATGTTGGTGGCTTTATTATTATTAAAATAATTTTGATTTGTTACATGATGACTAGGGGTATATTTGTATTTTACGTTTTTATTA","Pf3D7_03_v3-891553-891827-1A.7","93C116G",218,0.567708333333333,2
"IM-23-122-AGLG","8039832525","Maziba","Pf3D7_14_v3-771407-771633-1A","ACCCACGGGACATTTTAATTTATACCTATTGGAACATTTTTTATTAGGTCTTTCTTTATGATTCTTCTTTAAAATAGGTTCATCATTATTTGAGTAAACTAACAGATCATTATCGTTCTCAAAATTATTATAACCATCAATATTTTTATTTCCATATACATCTATAA","Pf3D7_14_v3-771407-771633-1A.6","36+8N108C",172,0.112712975098296,2
"IM-23-122-AGLG","8039832525","Maziba","Pf3D7_08_v3-1099719-1099977-1A","AAAAAATAAAAAATCAAACAAGATAAATAATAATGTATATAATACTAGTGGTATAAAAAATAATGATCAAAATATGGATAATATGAATCAAAAAGGAAAAAGTAACAAAAATTCAAATAAATATAATTTTGATGAAGAGGACTTATGGTTTTTATGTGATTTATGTAATAATCCTATAAGTCCGTTATGTTA","Pf3D7_08_v3-1099719-1099977-1A.1","1+14N54+8N97A142C",261,0.525150905432596,2
"IM-23-122-AGLG","8039832525","Maziba","Pf3D7_13_v3-1725887-1726123-2","AAATAGCTCCACCAACATTAATATCAATCATAGTTTCAATAGCAATATTTGCATCAACAATTTTTTTTTTATCATTCTCAAAATTTTTATATTCTTGATAATATTTTTCTTTTTCTAAATATAATACTAATTTAATTTTATCGATTTCTTGTAAAAATCTTAATCTTTCTTCATCAA","Pf3D7_13_v3-1725887-1726123-2.2","39A60+12N",582,0.626480086114101,2
"IM-23-122-AGLG","8039832525","Maziba","Pf3D7_14_v3-921176-921432-1A","ACAATATTAATTTTATAAGTTCATTATTTCAATTTTATATTTAGGAGGATCTATATCCATATATTATTCATTTTAAAAATATTAAAATAAATACATATATAAATATATAAACATATAAAAACAGTCTTTTAAAAATTAATAAGATTTATATAAAATATGGTTATAAATCCTATTTTGTATTATATTAAA","Pf3D7_14_v3-921176-921432-1A.4","186T",219,0.446028513238289,2
"IM-23-122-AGLG","8039832525","Maziba","Pf3D7_03_v3-980853-981120-2","TAAGATTCTTTTGAGTTATTTATTTTCCAAATAATTTGGTTATATATATATGAAAATTCGATCATACCACATGCTCCAAGAATAATAGATGCATCGTCATTATATTGGAATGTAAAACTTTCATCATACTCATTTGTATTAGGTACACAAGAATCATCTTTATTTTTATAATTTTCTTTACATGTACAATTAATTTTACTATATT","Pf3D7_03_v3-980853-981120-2.1",".",325,1,1
"IM-23-122-AGLG","8039832525","Maziba","Pf3D7_08_v3-1176313-1176549-1A","TACATCCAATGAATATTTTACACTTAAAAGAAATAAACAAATTATTCATAATAAAATACATATACTTTCTATGCAAAAAAATAAACAAAATACAAACGAGCTAAACAAATTATGTAATATTAACGCCATCATATTCAATATTAATTCTGATGATTTTGAGGTAGGCGATGAAATTGT","Pf3D7_08_v3-1176313-1176549-1A.1","74+9N111T136C",818,0.442880346507851,2
"IM-23-122-AGLG","8039832525","Maziba","Pf3D7_01_v3-145388-145662-1A","GATATGTTTAAATATATGATTCTCGAAAAAACTTTTTTTATTTTTTTTGTCAATAGATAAATGATCAATATTTTCTATATTTAATCTATCAAGTATTTTTATATATCTATTATTTCTTTCTTCGATGGATAAATTATAAGAATCAATATCCTTTCTTTCATCAACAAACTTTTTTATTGTTAACTCCATTTTTTTATTTAAGATACCA","Pf3D7_01_v3-145388-145662-1A.1","25+25N169+8N188+9N",26,0.138297872340426,2
"IM-23-122-AGLG","8039832525","Maziba","Pf3D7_04_v3-141741-141990-1A","TGAATACCATATAGCCCTTTCAAATTATATAAAGACAGAACTAAGAAATATAAACCTGCAAGAAATAAAAAACAATATAATAAAAATATTTAAAGAATTCAAATCTGCACACAAAGAAATTAAAAAAGAATCAGAACAAATTAATAAAGAATTTACCAAAATGGATGTCGTCATAAATCAATTAAGAGATATAG","Pf3D7_04_v3-141741-141990-1A.1","66+8N121+8N",1797,1,1
"IM-23-122-AGLG","8039832525","Maziba","Pf3D7_11_v3-1376058-1376305-1A","TTTCTGGCTCGATATAATCCATTTCAATATTTATATTAGATATGAAACATCTATCTTCAATAGGTGAATTTGCTGCAAATTGAGCCATAGAAAAATGATTCTCATTCCTTTGAAAATATGAACTATTCAACTCATCAAGGTTTTCATATGTTATTTCATAACTGCCATCATCTGAATCCTCTTCATCA","Pf3D7_11_v3-1376058-1376305-1A.1","140G",1082,1,1
"IM-23-122-AGLG","8039832525","Maziba","Pf3D7_13_v3-815862-816091-1A","ATGATGTAGATGCTAACACAACATCCTGGTCAGTATCTTGTGATAAATAATTTAATTTGTCCGCTAAAAAATAAAGTATAATTTCACAGCTTTTTTTATTTGTATCTGTGTTTTTCATGTTATCATAAAAAGACAAAGATGAAGTAGCACATGAGTTAATTA","Pf3D7_13_v3-815862-816091-1A.1","17C19C20A65+8N90+9N",863,1,1
"IM-23-122-AGLG","8039832525","Maziba","Pf3D7_12_v3-659881-660127-1A","GGTGGTTTAACATTTTCAGCTATGAGATTTTCGACTGATGGCAATCCTACTTTGATTAATTCCTTTAACATATATTTTGCGTGTTTTTTTACTTCTGATTTGATATCAAAGCTTGATTCTAAAAAGGTTGGTGAATTTTTTTGTAAAACACTGACAAGTTCATTTGATATGGTCTCTGCTAAATCATCACCA","Pf3D7_12_v3-659881-660127-1A.6","23T35C73T83+9N135+9N",1,0.000918273645546373,2
"IM-23-122-AGLG","8039832525","Maziba","Pf3D7_11_v3-1293919-1294168-1A","TCCATATCAAAAAAGTGATGTGTATCATCCAATCAACGAACATAGGGAACATCCAAAAGAATACCAATATCCATTACACCAGGAACATACATACCAACAAGAAGATTCAGGAGAAGACGAAAATACATTACAACACGCATATCCAATAGACCACGAAGGTGCTGAACCCGCACCACAAGAACAAAATTTAT","Pf3D7_11_v3-1293919-1294168-1A.4","13A27A65C163T",4,0.0031055900621118,4
"IM-23-122-AGLG","8039832525","Maziba","Pf3D7_08_v3-1344618-1344845-1A","TATCTTTTCCATATATAATAACGCATGAATTCTTTAAATATATCTTTTACTTTATCTGTAAGTTTCATGGAATCTATTATTTCATGTGCATATTTTATTTTTGCCTCGTTTATATATTTACCTGCTTCTAATTTACATAAACATTTTTCTATTAAGTTTTG","Pf3D7_08_v3-1344618-1344845-1A.1","128C",797,0.570508231925555,3
"IM-23-122-AGLG","8039832525","Maziba","Pf3D7_01_v3-535965-536239-1A","GCTCATTCGATATTTTCCAGTTGTTTGATTTTAAAAATGATGTATATTTTTTAGATGATAATTTGTTCGACAAGGATATGGTATATTGTACAAGTACCAACAATTATGGCATTATGGAAAATGATAATGATGATGATAAAATAATAAAAATACAGAATTTAAATGAGAAATTAAAAAATGGAAAAGCTGAATTTAAAGATATATTATTAT","Pf3D7_01_v3-535965-536239-1A.4","8C46+8N111A118A121+17N155G172+8N",268,0.474336283185841,2
"IM-23-122-AGLG","8039832525","Maziba","Pf3D7_13_v3-2545065-2545291-1A","ATGATTCCTCAAAAGTTTAACATTCCACATAGTATCTGTTAAATTGATAGTTTGCAAACAATTATACGTTTGGTTATTTTTATTTTTAAAAAAGGATATATGATCATCTAAAGATTTATTTTTGAGAAAGATTTCCATATATTCATATATATCATGAATACACCA","Pf3D7_13_v3-2545065-2545291-1A.1","87+8N154A",1125,0.545586808923375,2
"IM-23-122-AGLG","8039832525","Maziba","Pf3D7_13_v3-2545065-2545291-1A","ATGATTCCTCAAAAGTTTAACATTCCACATAGTATCTGTTAAATTGATAGTTTGCAAACAATTATACGTTTGGTTATTTTTATTTTTAAAAAAGGATATATGATCATCTAAAGATTTATTTTTGAGAAAGATTTCCATATATTCATATATATCGTGAATACACCA","Pf3D7_13_v3-2545065-2545291-1A.2","87+8N154G",937,0.454413191076625,2
"IM-23-122-AGLG","8039832525","Maziba","Pf3D7_11_v3-1295103-1295335-1A","ACTACTGCTTTGTCCCATCCCATCGAAGTTGAAAACAATTTTCCATGTTCATTATATAAAAATGAAATAATGAAAGAAATCGAAAGAGAATCAAAACGAATTAAATTAAATGATAATGATGATGAAGGGAATAAAAAAATTATAGCTCCAAGAATTTTTATTTCAGATGATAAA","Pf3D7_11_v3-1295103-1295335-1A.5","61A132+9N",1921,0.999479708636837,2
"IM-23-122-AGLG","8039832525","Maziba","Pf3D7_13_v3-2816310-2816554-1B","CAAATACTTTTCAATATAGGTCTAGTGAAAGTGTGGAAGTAATAACTAATAAACCTGATGAAATGGAAATGACAACTAAACCACCATCACAATACATTGAAAAGGAAATTGGAGAAATTGATTCTACAAAAAATCAAGATAATGATGAACAAAGCAATTCTATAATTCCTTTAATTAATAAAAATAATGAA","Pf3D7_13_v3-2816310-2816554-1B.1","127+8N",553,0.450325732899023,2
"IM-23-122-AGLG","8039832525","Maziba","Pf3D7_13_v3-2780346-2780575-1B","GTTGGATAGAATGCCCGACTACGGATCGGGAGGTCGTGGGTTCGACTCCTGCCCGGCCTAATTTTTTTCGTTTTCGTTTTTAAAGTAAAAAAGGATAATATTTTTAAAAAACATTTAGTATATATATTTTTTTTAAATAATAAATCTATTATATTATTAAATATTATGAGAAGA","Pf3D7_13_v3-2780346-2780575-1B.1","61+9N86+8N105+8N126+10N",761,1,1
"IM-23-122-AGLG","8039832525","Maziba","Pf3D7_13_v3-2770621-2770854-1B","ATTCCAAGAAATATTTTTAAAAAAAAATAGTGAGTTAGATGATCACGTATGGAATATAGAAAGTATTACTACGAATATATTAGAGAGGAATAAATTAAGTGATCAAAATAATGAAGATAACCATGATGTTAATAATAATAATGAAGACCCATCTGGGGGTAATTTAAAAAC","Pf3D7_13_v3-2770621-2770854-1B.1","18+11N130+13N",633,1,1
"IM-23-122-AGLG","8039832525","Maziba","Pf3D7_14_v3-2004362-2004606-1A","TATTTCCATATTATTGTAATAGGGCTTTTTCTTGCTCTTCTAATTTTTGTATATCTTGCTTATCCTTATCTAATTGTCCAAGAGCATTTAATTCATCTTCTACATTTATTTTATTTTCTTGAGAATATTCTTCAATTTTGTCTTCGAAACTGTTATATAATCTATTTATAATTGGTTG","Pf3D7_14_v3-2004362-2004606-1A.1",".",540,1,1
"IM-23-122-AGLG","8039832525","Maziba","Pf3D7_04_v3-1005938-1006187-1A","GTCTTAACATTAATTCTAGTTACAAAGTTACATGGATTTATTGAAAAGATATTTTCGTCATTATATTTCTTTTTTTCCATATCTGTTTGATCATTTTGATATGTTTTCATATTATCCATATGTTCATTATTTTGATCAATATAATTTTTTTTTATAATAAATTTAGAATTATTTTTAAAGAAA","Pf3D7_04_v3-1005938-1006187-1A.2","15T16C61T69+9N144+11N",376,0.513661202185792,2
"IM-23-122-AGLG","8039832525","Maziba","Pf3D7_06_v3-851492-851765-1A","ACAATAGTACATTGTGCATTTACATCACAACCTCCATTATTTTTTGAACAGTTCATATCTTTCATAGGTATACATTTAAAATAATTTACACTCATATCAACTATATAATTAGGTCGGCATCTACATTGTTCTTTATCTTTTTCGACAATATAACAACGTGAATTGGGTCCACATTTGGAATATTCACAAATATAATTTACTTTAAATATAACAAAATTTCTCA","Pf3D7_06_v3-851492-851765-1A.3","14G39+8N",408,0.427672955974843,2
"IM-23-122-AGLG","8039832525","Maziba","Pf3D7_13_v3-2114829-2115090-1A","ATTCAATATATATAAAAATATAGCTAATAAACATTTCAAATCTCCATTAAGAACTTTATTCATCTTAACAAAAGCTCTATGAACTTCTGTATCTATAGTCGATTTTGTTATTCTAAGCATATCATTAAGTAAAAAATTTACGGTATCGACATTAACAGTGTAATAATTTCTTCCTAAATTTAAATGTTCTAAATAATTCAA","Pf3D7_13_v3-2114829-2115090-1A.1","130+8N192A",6,0.00512382578992314,3
"IM-23-122-AGLG","8039832525","Maziba","Pf3D7_07_v3-405517-405773-2","TTTTCTACCATGACATATACTATTGTTAGTTGTATACAAGGTCCAGCAATAGCAATTGCTTATTACTTTAAATTCTTAGCCGTAAGAATTAAAAAGATATAAATATATAAATATATATGTGAAATATATGATATATATGATATATATGATATATATTTTTTATATGTAATGTTTTTTTTTTTTTTCACAATATACATTTAA","Pf3D7_07_v3-405517-405773-2.7","97+57N162+16N",81,1,1
"IM-23-122-AGLG","8039832525","Maziba","Pf3D7_14_v3-294503-294768-2","CAGAATTTAGATGTTATCAAAGTCCCATTCTTACCTTTCTATGTAACTCTTTGTAACAACAGCAAATTACCAACTTTTGAATTTACCTCAGAAAATGGTAAATACACATTAGAACCTGAATACTACCTTCAACACATAGAAGATGTTGGTCCAGGATTATGTATGCTTAATATCATAGGATTAGATTTTCCAGTACCAACCTTTA","Pf3D7_14_v3-294503-294768-2.1",".",928,1,1
"IM-23-122-AGLG","8039832525","Maziba","Pf3D7_14_v3-294506-294753-1B","AATTTAGATGTTATCAAAGTCCCATTCTTACCTTTCTATGTAACTCTTTGTAACAACAGCAAATTACCAACTTTTGAATTTACCTCAGAAAATGGTAAATACACATTAGAACCTGAATACTACCTTCAACACATAGAAGATGTTGGTCCAGGATTATGTATGCTTAATATCATAGGATTAGATTTTCCAGT","Pf3D7_14_v3-294506-294753-1B.1",".",1683,1,1
"IM-23-122-AGLG","8039832525","Maziba","Pf3D7_13_v3-852647-852921-1A","TACGAAATGATGAATTAAAAGAATTAACATTTATGAAAAATAAAGAAAATAGGAATGCAGATACATATGTTTTTGATTATCCTAAAAAAGAGAAATATGACCAATTAGTTTTTGAATTACGTAAACATAATTTTAATATAACAAGCATTAATACATATAAAAAACTAACAAATGAAACATCATCACAAAAAGAAGAAAATGCTTCTATAATAAGTT","Pf3D7_13_v3-852647-852921-1A.2","83+8N149T158+8N",350,0.777777777777778,4
"IM-23-122-AGLG","8039832525","Maziba","Pf3D7_02_v3-630641-630907-1A","CTAAGTTATCTAAAATTATTAATTTTTTCAAATATGGTAATTTATGTCTATGAAGTAATAAGCCATCAACTAAATCTAAATCTAAACATAACCATTCTAATTTCGTTTCATTTAATATGTTTACAATTACATCTATACTAAAGTTAGAATGTAAAATCAAGGTTGTTACACCACTCATCATAGCTGCCATATCAACAAT","Pf3D7_02_v3-630641-630907-1A.1","22+8N43T",375,0.457875457875458,2
"IM-23-122-AGLG","8039832525","Maziba","Pf3D7_14_v3-3124416-3124655-1A","TAATTGATCTTCTAGAGGAATTAGATATTTTGTCTATATCGAATAAAGATGAAGTAGAAAAACGAAGAAAGGAAACAACTCAAGAGACGCGGTTGTTAGGAAATATTGATTTAGGATATGGAAAATTAGGAGAGGGAATAAAGCATGAAAATTTACAGGAAGAATTAGGAAACAGATTATTTG","Pf3D7_14_v3-3124416-3124655-1A.1",".",1696,0.626987060998152,3
"IM-23-122-AGLG","8039832525","Maziba","Pf3D7_12_v3-1959644-1959891-1A","ATGGGAAGACGATAAGAGAAGAGAAATTAATTTCTGAGGGAGCGTATTCATTTGTTTATATGGCGAAGGATTTAAACACGAATCGAGCTTATACTATAAAGAAGACCATATGTCAAGATAAAGAGAAAATAGATATGGCGAATAAAGAAATCAACATTCTTAAAAGTTTACCTCCACATAAAAATATA","Pf3D7_12_v3-1959644-1959891-1A.2",".",341,0.39697322467986,2
"IM-23-122-AGLG","8039832525","Maziba","Pf3D7_12_v3-1959644-1959891-1A","ATGGGAAGACGATAAGAGAAGAGAAATTAATTTCTGAGGGAGCGTATTCATTTGTTTATATGGCGAAGGATTTAAACACGAATCGAGCTTATACTATAAAGAAGACCATATGTCAAGATAAAGAGAAAATAGATATGGCGAAAAAAGAAATCAACATTCTTAAAAGTTTACCTCCACATAAAAATATA","Pf3D7_12_v3-1959644-1959891-1A.1","143A",518,0.60302677532014,2
"IM-23-122-AGLG","8039832525","Maziba","Pf3D7_07_v3-717260-717493-1A","GAGCTTGCTTTTTTGTTGCGTTACTTGCTGGGCTGATCAAAAAAAAAGTTGAATGTATTGAACTTAGTGCCAGCGAAATTTCCCCTCATGAAAACAAATCGACGAGTTCATCAATATTCCAAGAGGAATTAAAATTTGATAAGTCTCTGAAAAATTTTTTCAAACAA","Pf3D7_07_v3-717260-717493-1A.1","8+8N38+11N154+8N",731,0.437200956937799,2
"IM-23-122-AGLG","8039832525","Maziba","Pf3D7_06_v3-1128558-1128797-1A","ATTGAATCGTTGGTGTTTATTTTATTATTCCTCTTTTGTTTTTCAATGAATACAAATGTTTCATCGACACTATCTTTATGATCTATTGGTATGGCATGATTTTCTAAATTGCTATTTCTTTCATTAGAATTGTATTTTTCACTATTATAGGTTGAGATTTTACTACATTTTATATTTTT","Pf3D7_06_v3-1128558-1128797-1A.2","157A",5,0.00517063081695967,2
"IM-23-122-AGLG","8039832525","Maziba","Pf3D7_06_v3-1128558-1128797-1A","ATTGAATCGTTGGTGTTTATTTTATTATTCCTCTTTTGTTTTTCAATGAATACAAATGTTTCATCGACACTATCTTTATGATCTATTGGTATGGCATGATTTTCTAAATTGCTATTTCTTTCATTAGAATTGTATTTTTCACTATTATAGGTTGAGGTTTTACTACATTTTATATTTTT","Pf3D7_06_v3-1128558-1128797-1A.1",".",962,0.99482936918304,2
"IM-23-122-AGLG","8039832525","Maziba","Pf3D7_06_v3-1135605-1135855-1A","TATAAAGAATTTATACCACCTAAATTGTTAACATTAGAAGTATTATTTGTTTCTGTATTTTCTTGTAACGTATTTGTATTATTAATATTGTTAGATGAAATATTATGACTATTTCTTCTATTTGTTATATTTAAATTGTAAATAGTTTCATTACTAACACTACTGATACCACTGAAATGATTATTTAG","Pf3D7_06_v3-1135605-1135855-1A.2",".",305,0.357142857142857,2
"IM-23-122-AGLG","8039832525","Maziba","Pf3D7_11_v3-1375807-1376056-1A","TCGTTATGTACCCTAATAAATTTTTTTTCATTATTTGAATCTATATTATTTACATTAGTATTTTGAGTTGTACCATAAATTTCAGTGTTATTATTATTTCTATTCATATAATTATGTCCGCTTATATAATTATGACCATTAAAAAAACGTCTTCCATGTATATCATCTCTTCTAATGTATTTA","Pf3D7_11_v3-1375807-1376056-1A.1","20+10N140+9N",317,0.845333333333333,3
"IM-23-122-AGLG","8039832525","Maziba","Pf3D7_12_v3-63081-63314-1A","TTTCCGTCATAATAGTTGCATACATTCTATTAAAAACTTTGGGTACTCCTAATATAATTTCACCTTTTGAATTACATATGTCTGTATTCAAAAATTTTATATCTCTACTCCATATATTTATCTTTACACCCAAAAACAAAGTAATGAAAAAAATAACCCTTTCATA","Pf3D7_12_v3-63081-63314-1A.9","142T146+9N",2,0.00134318334452653,2
"IM-23-122-AGLG","8039832525","Maziba","Pf3D7_14_v3-421322-421547-1A","TAAGAAAGATGAAGTAATAGAAAAAACTGAAGTATCAAAGAAAACATTTTCAGGTATAGGTTTTAATCTTACTGAGAAAGAAGCTAAAGTATTAGGTGTAGGTGTAACCTATCAAGAATATCCAGAAACCATGTTATATAACTGTCCAAACAATTCTA","Pf3D7_14_v3-421322-421547-1A.1","20+8N",428,0.558746736292428,2
"IM-23-122-AGLG","8039832525","Maziba","Pf3D7_03_v3-855426-855697-1A","GTTATTTCAGTATGAGTTTCAACAGTTAATACTACTTCAGGATATGGATTGATACTTAACGTATGTACTCTCAATAATCTAGTATCAAATATATATGAAAATGTATACTCAGGAAAACATATAGTAGATAATCCATTATTATTCTCTATACATATTTTACTTATAGCTATATAATCGTAATTATCTTCTATTACTATTGGTTCTGTG","Pf3D7_03_v3-855426-855697-1A.1","32C",385,0.817409766454352,2
"IM-23-122-AGLG","8039832525","Maziba","Pf3D7_08_v3-1056678-1056903-1A","GTGTTAACGATAATTATAATGCAATAAGCACAACTAATTTTTCAGATGACATGGATGAATTGATAAAGAATCTTTCTATTATGGGTTTGTGTAAAGAGAAAATAGTGTTAACAGAAAAGGCAACACTATTTAATAACATTGAATTGTTGTATTCATATTATCTTATAGTTCAGA","Pf3D7_08_v3-1056678-1056903-1A.1",".",3700,1,1
"IM-23-122-AGLG","8039832525","Maziba","Pf3D7_13_v3-1725464-1725719-1B","ATCATAGTTATTACCACCAAAAACGTATAAGAAATTATTCAATACAGCACTTCCAAAATAAGCTTTTTTGGTAGACATAGGTGTACACATACGCCAGCATTGTTGACTAATATCTAATAATTCCATCGAATTTAAATATTCTACACCATCAAATCCACCTATACAAAATACTAATGGGAATGGTAAAAATTTAATACCA","Pf3D7_13_v3-1725464-1725719-1B.1","63+8N",670,1,1
"IM-23-122-AGLG","8039832525","Maziba","Pf3D7_14_v3-120101-120365-1A","TTTTACAACATTATTTTTTTCTTCCTCCTCAGATAAAATAGGTACACATATCGCGTCCTTATCACATCCTCCATTGTTTACCTTACAATGTTCTTCGCATTCGAAATTTTTTTCAGGATTACTTGAAAAGCCTTCTGGACAATTACAATATTCATATCCATGAGCATTCTTACAAACACCTTTTCCACAATTTAAAA","Pf3D7_14_v3-120101-120365-1A.1","13+9N106+9N165C",296,0.448484848484848,2
"IM-23-122-AGLG","8039832525","Maziba","Pf3D7_14_v3-137398-137668-1A","ACCATTCATATTTTCTAGGTTTGTTTAACCAATTACATATATATAATATATTACAAAATAATTGTTTTAATAATATATGTTTAGTTAATATTAATTCAATACTACTTAATTTATTTCTTATATTTTTTAAAAGATCTTCATAAACAAAATCAAAATTATCTATTAATAATAAATAACCAAATCTTTTATGCACATTTTTTATTC","Pf3D7_14_v3-137398-137668-1A.1","122+8N191C194+8N",143,1,1
"IM-23-122-AGLG","8039832525","Maziba","Pf3D7_14_v3-1392837-1393086-1A","ACATGTATTGTCCCCAGCATGAATCGGGTGATAAATATTATCAAGCGTATCAAAAAATGGATTGTAATTATTACTACTATTCATATCATTATTTTTTGTGGTGGTGGACTGTGAAATGTTTTCCTTATGATTTTGACTTGTGTGTATATCCCTACCAACAACATATTCAACATTATTATTATCAAAAA","Pf3D7_14_v3-1392837-1393086-1A.2","51+8N91+8N",1216,0.994276369582993,2
"IM-23-122-AGLG","8039832525","Maziba","Pf3D7_01_v3-181512-181761-1A","TTCATTATTGTTTTCATTCTTTTTTTAACGAAAACTATTCATCTCAAAAATATAAGATATTTTATATGACGAATGCCATTGTATTTTTTGTTACGTAAAACCTGACTTCTTCAGGGAAAACACATGCGCATTTTCACCAATTTTTGCCTAAGCTTATTATAAAAAGTATATTAAATGTATGAC","Pf3D7_01_v3-181512-181761-1A.3","19+9N83+8N114G",1075,0.796886582653818,3
"IM-23-122-AGLG","8039832525","Maziba","Pf3D7_01_v3-162867-163115-1A","ATATACCAATAATACTTTTTTTTTTAAATAATGTAAAAAATGATTTATATAATTGTTATAAACAAATGATCACATATCATAATAATAATAATAATATGCTAAATCATAACTCTAATATTTTATCAAAAGAAAATGAAAAAAAACAACCTTTTTCAACATATAATATATCAAATCTTTGTTCTCCTGACCAAATGGTGATAAATAAAAA","Pf3D7_01_v3-162867-163115-1A.4","15+12N34+8N91I=ATAATA92G129+10N",1534,1,1
"IM-23-122-AGLG","8039832525","Maziba","Pf3D7_13_v3-1876391-1876664-1A","AACTATCTGTAAAAGTATGTTTAGAACTAACATTTGAAGAGAAGTTACATCCGTGTATGACTTTTTTTTCATATTTTGGTTTTAAAACTATTTTATAATTATTATTTTTAAATTTGCATGTACATTCTGTATTAACATCTTTTGATGTAACATAAAATGGAGCTTTAAAGATAGTTAAGTTTTTATGATAAATTATTTTATTACTTTTATATA","Pf3D7_13_v3-1876391-1876664-1A.1","61+10N",242,0.367223065250379,2
"IM-23-122-AGLG","8039832525","Maziba","Pf3D7_06_v3-851492-851765-1A","ACAATAGTACATTCTGCATTTACATCACAACCTCCATTATTTTTTGAACAGTTCATATCTTTCATAGGTATACATTTAAAATAATTTACACTCATATCAACTATATAATTAGGTCGGCATCTACATTGTTCTTTATCTTTTTCGACAATATAACAACGTGAATTGGGTCCACATTTGGAATATTCACAAATATAATTTACTTTAAATATAACAAAATTTCTCA","Pf3D7_06_v3-851492-851765-1A.1","39+8N",546,0.572327044025157,2
"IM-23-122-AGLG","8039832525","Maziba","Pf3D7_12_v3-63081-63314-1A","TTTCCGTCATAATAGTTGCATACATTCTATTAAAAACTTTGGGTACTCCTAATATAATTTCACCTTTTGAATTACATATGTCTGTATTCAAAAATTTTATATCTCTACTCCATATATTTATCTTTACACCCAAAAACAAAGCAATGAAAAAAACAACCCTTTCATA","Pf3D7_12_v3-63081-63314-1A.1","146+9N",1487,0.998656816655473,2
"IM-23-122-AGLG","8039832525","Maziba","Pf3D7_11_v3-1293919-1294168-1A","TCCATATCAAAAAAGTGATGTGTATCATCCAATCAACGAACATAGGGAACATCCAAAAGAATACAAATATCCATTACACCAGGAACATACATACCAACAAGAAGATTCAGGAGAAGACGAAAATACATTACAACACGCATATCCAATAGACCACGAAGGTGCTGAACCCGCACCACAAGAACAAAATTTAT","Pf3D7_11_v3-1293919-1294168-1A.33","13A27A65A163T",1053,0.817546583850932,4
"IM-23-122-AGLG","8039832525","Maziba","Pf3D7_05_v3-668763-669004-1A","TAATATTATCTGGCTCTGTAACCATGTCCGAACATATGTTAACAGGAGAATCTGTTCCTATACATAAAGAGCAGTTACCTTTTGAAGGAAATGCTATTATAAATAAAAATAATAAATATGAGAGTAACGATGAAAAGGATGATTACCTTCGTATTTATAATAATCATGCTAGTATTAATATGATCAACCG","Pf3D7_05_v3-668763-669004-1A.5","188C",557,0.365006553079948,2
"IM-23-122-AGLG","8039832525","Maziba","Pf3D7_07_v3-105172-105442-1A","GACTACTAACAGAGTGACTACCTACGCTATGTTGAGATGAATTCCTTCCATCTGAATTACTTCCAGATAGGTGATTTTCTGTTCTTCCATCTGAATTGTTTTCATATAATTGACTTTCCTTTTGTCCATCTAAATTATGCACTGCACTATGAGTTCCTTCACCCAAATTATTACTGTTTGTTGTATCATCATTTAAATCAAATCCATTTCTT","Pf3D7_07_v3-105172-105442-1A.19","83T103C",460,0.790378006872852,2
"IM-23-122-AGLG","8039832525","Maziba","Pf3D7_08_v3-1344618-1344845-1A","TATCTTTTCCATATATAATAACGCATGAATTCTTTAAATATATCTTTTACTTTATCTGTAAGTTTCATGGAATCTATTATTTCTTCTGCATATTTTATTTTTGCCTCGTTTATATATTTACCTGCTTCTAATTTACATAAACATTTTTCTATTAAGTTTTG","Pf3D7_08_v3-1344618-1344845-1A.7","84T86C128C",5,0.00357909806728704,3
"IM-23-122-AGLG","8039832525","Maziba","Pf3D7_14_v3-2481033-2481276-1B","CCATGTGGATAAAGACAGTAGAGAGCAATTCGAAATAAAACAGTACTCTTGCAAATTAGATATTTTTTTGAACTCATCTGTTCCTATAAAAAATTCTGAATGTAAGCAGAATAAATTATACACAAAAGAATATATATTCATTTTTATTTATTCACTTTATATATGTTTGTATGTATGTA","Pf3D7_14_v3-2481033-2481276-1B.3","62+9N87+8N",839,1,1
"IM-23-122-AGLG","8039832525","Maziba","Pf3D7_14_v3-2695837-2696082-1A","CGTTTTGTATCATATTATTAGATATAGTTATTTTATTATTATTTTCTACATTATTATTCAATATATTACATCCTGTTATGGAATTATTGTTAAAATATAAATTATTCGAATTGTTATTATTAAATTCTAATCCACTAACTGCTGTTGTATATAATGATGATGAGTTATTATTATAGAAATC","Pf3D7_14_v3-2695837-2696082-1A.2","28+16N53A",799,1,1
"IM-23-122-AGLG","8039832525","Maziba","Pf3D7_05_v3-958372-958608-1B","ATTTATAACAATTTTTACATATGCCAGTTCCTTTTTAGGTTTATTTATTTGGTCATTAATAAAAAATGCACGTTTGACTTTATGTATTACTTGCGTTTTTCCGTTAATTTATGTTTGTGGTGTCATATGTAATAAGAAAGTAAAATTAAATAAAAAAACATCTTTGTTATATAATAACAATACC","Pf3D7_05_v3-958372-958608-1B.1","45T60+8N151+9N",1587,1,1
"IM-23-122-AGLG","8039832525","Maziba","Pf3D7_11_v3-1295371-1295597-1A","AAGTAACATCAAATAATGAAGTTGTAGTTAAAGAAGAATATAAAGATGAATATGCAGATATTCCTGAACATAAACCAACTTATGATAAAATGAAAATTATAATTGCATCATCAGCTGCTGTCGCTGTATTAGCAACTATTTTAATGGTTTATCTTTATAAAAGAA","Pf3D7_11_v3-1295371-1295597-1A.1",".",1026,0.661508704061896,2
"IM-23-122-AGLG","8039832525","Maziba","Pf3D7_07_v3-1149367-1149613-1A","TATTTGACTAGTCGAATAATATTTAATATTTTTGTTTAGGAAGTTTTCAAAATTGATGACATTGATAACCGTTTTTATTAAATCGCTTGGGTTGTTTGTGTGTTCTATAGTAGAAGACATAATTTTAAGAATGTGTTTTTGTGTTATTAAACAAAACTTTGTTACTATATGGAATCGTATGTTAT","Pf3D7_07_v3-1149367-1149613-1A.1","106T109A",1507,0.852857951329938,2
"IM-23-122-AGLG","8039832525","Maziba","Pf3D7_07_v3-403479-403716-1B","TTAGGTGGAGGTTCTTGTCTTGGTAAATGTGCTCATGTGTTTAAACTTATTTTTAAAGAGATTAAGGATAATATTTTTATTTATATTTTAAGTATTATTTATTTAAGTGTATGTGTAATGAATAAAATTTTTGCTAAAAGAACTTTAAACAAAATTGGTAACTATAGTTTTGTAACATCCGA","Pf3D7_07_v3-403479-403716-1B.1",".",1192,1,1
"IM-23-122-AGLG","8039832525","Maziba","Pf3D7_11_v3-1374917-1375148-1A","TTTTTAAATGAAAATCTCCAAAGCTTCTGGTTGGTTGTAATCTACCTTTAACATAACAATTATCATAATGATGTGATAAGAGATGAAAAGGTGTTTTACATAATTCATATGTATTATTATTATTAACAGTTTTATAATCTCGAGTACATATTTTACATACTAATATA","Pf3D7_11_v3-1374917-1375148-1A.1","112+14N",1048,0.859016393442623,2
"IM-23-122-AGLG","8039832525","Maziba","Pf3D7_07_v3-403801-404052-1B","TATATATATATATATATATATATATATATATGTATGTATGTTGATTAATTTGTTTATATATTTATATTTATTTCTTATGACCTTTTTAGGAACGACACCGAAGCTTTAATTTACAATTTTTTGCTATATCCATGTTAGATGCCTGTTCAGTCATTTTGGCCTTCATAGGTCT","Pf3D7_07_v3-403801-404052-1B.15","1+45N130+8N",200,1,1
"IM-23-122-AGLG","8039832525","Maziba","Pf3D7_13_v3-2114242-2114482-1A","CTTCCATTAACTCAATATATAATTTATTAATAATTTTTAATTTGTTTATTTCAAAAAGGCATAGTTTTAACATGGTTCTTAAGGTTCTATTACCCCCTAAGAGGTTAAAATGAATATTTCCTTTTTCTCGTATATGCAAAAAATCCCTTAACAATAAATCATATTCATCAGTATGAAATGT","Pf3D7_13_v3-2114242-2114482-1A.7","73T76T137+8N",692,0.524242424242424,2
"IM-23-122-AGLG","8039832525","Maziba","Pf3D7_08_v3-1370814-1371045-2","TGTTGCAATATATTACTAAAAAATAGAATTATTATGTTATTTTGATCATATGGGAATACATTTAAATATTTATATTCTGATGAATATTCTTATAAAAAAAAAAGGGGGGGGGGAAATAATACGTTCATGATTTATTTATATTTCAATATATTTTCTATTTTGCGA","Pf3D7_08_v3-1370814-1371045-2.2","17+8N93+21N",354,1,1
"IM-23-122-AGLG","8039832525","Maziba","Pf3D7_13_v3-852647-852921-1A","TACGAAATGATGAATTAAAAGAATTAACATTTATGAAAAATAAAGAAAATAGGAATGCAGATACATATGTTTTTCATTATCCTAAAAAAGAGAAATATGACCAATTAGTTTTTGAATTACGTAAACATAATTTTAATATAACAAGCATGAATACATATAAAAAACTAACAAATGAAACATCATCACAAAAAGAAGAAAATGCTTCTATAATAAGTT","Pf3D7_13_v3-852647-852921-1A.1","75C83+8N158+8N",95,0.211111111111111,4
"IM-23-122-AGLG","8039832525","Maziba","Pf3D7_13_v3-852647-852921-1A","TACGAAATGATGAATTAAAAGAATTAACATTTATGAAAAATAAAGAAAATAGGAATGCAGATACATATGTTTTTGATTATCCTAAAAAAGAGAAATATGACCAATTAGTTTTTGAATTACGTAAACATAATTTTAATATAACAAGCATGAATACATATAAAAAACTAACAAATGAAACATCATCACAAAAAGAAGAAAATGCTTCTATAATAAGTT","Pf3D7_13_v3-852647-852921-1A.4","83+8N158+8N",3,0.00666666666666667,4
"IM-23-122-AGLG","8039832525","Maziba","Pf3D7_07_v3-405570-405844-1B","ATAGCAATTGCTTATTACTTTAAATTCTTAGCCGTAAGAATTAAAAAGATATAAATATATAAATATATATGTGAAATATATGATATATATGATATATATGATATATATTTTTTATATGTAATGTTTTTTTTTTTTTTCACAATATACATTTAAATGTTTATGATGGTACAACGTATCATATTTTATAATAATTTTATGCATTCATGTATATTATTTTTACTTTTT","Pf3D7_07_v3-405570-405844-1B.6","49+57N114+16N",73,0.483443708609272,2
"IM-23-122-AGLG","8039832525","Maziba","Pf3D7_07_v3-405570-405844-1B","ATAGCAATTGCTTATTACTTTAAATTCTTAGCCGTAAGAATTAAAAAGATATAAATATATAAATATATATGTGAAATATATGATATATATGATATATATTTTTTATATGTAATGTTTTTTTTTTTTTTCACAATATACATTTAAATGTTTATGATGGTACAACGTATCATATTTTATAATAATTTTATGCATTCATGTATATTATTTTTACTTTTT","Pf3D7_07_v3-405570-405844-1B.2","49+57N114+16N",78,0.516556291390728,2
"IM-23-122-AGLG","8039832525","Maziba","Pf3D7_14_v3-298368-298636-1B","ACGATTTAATGTGGCAAGTTGATTTAGATGTACATTTTGGTAATGTATCTTCCAAAAAAGCAAACGTTATTTTAGATAGTGCCACCAGTGTCATAACTGTACCAACAGAATTTTTTAATCAATTCGTAGAATCTGCAAGTGTTTTCAAAGTTCCATTCTTATCTTTGTATGTAACCACTTGTGGTAACACGAAATTACCAA","Pf3D7_14_v3-298368-298636-1B.1","53+8N110+8N",493,1,1
"IM-23-122-AGLG","8039832525","Maziba","Pf3D7_14_v3-3124416-3124655-1A","TAATTGATCTTCTAGAGGAATTAGATATTTTGTCTATATCGAATAAAGATGAAGTAGAAAAACGAAGAAAGAAAACAACTCAAGAGACGCGGTTGTTAGGAAATATTGATTTAGGATATGGAAAATTAGGAGAGGGAATAAAGTATGAAAATTTACAGGAAGAATTAGGAAACAGATTATTTG","Pf3D7_14_v3-3124416-3124655-1A.4","72A144T",4,0.00147874306839187,3
"IM-23-122-AGLG","8039832525","Maziba","Pf3D7_03_v3-221295-221532-2","AAGGAACAAGAAGGATAATACCATTATTAATCCTATTGAACTATTTACGACATTAAACACACTGGAACATTTTTCCATTTTACAAATTTTTTTTTCAATATCATTTGCATAATCTAATTGGTCTTTAGGTTTATTAGCAGAGCCAGGCTTTATTCTAACTTGAATACCATTTCCACAAGTTA","Pf3D7_03_v3-221295-221532-2.1","86+11N120G",1094,1,1
"IM-23-122-AGLG","8039832525","Maziba","Pf3D7_11_v3-497277-497548-1A","TTTTAGATTTAATTGAATATTCATTTTTAAATTATACTAGTTCTAATTTAAATACAATAAATAATAATAATGACAAAAAAAAACAAAATCAAAAAAATAAAAATCGCAAATATAGTAAAAATAATATTTTAGATCTCTATGAACACGTAAGTACGATCAGTTTATTTTATCACACGTTTAATTTACCTAAGGAGTATAATGAAAAATTGTT","Pf3D7_11_v3-497277-497548-1A.2","74+11N90+9N148T",198,0.532258064516129,2
"IM-23-122-AGLG","8039832525","Maziba","Pf3D7_14_v3-377765-378020-1A","AAAGATATATCAACTGAAAATATTTTATCAAATAATTGCTTTAATAATAAGTTAAAAAATTGATTTCCAACATCTATCATATTCATATAATCTAATGATTTAAAAATATATAATATACTCTTTGGACTAAATTTTAATTCATCATTTATTATTCTCTCTTTTACTATTGTTTTAATTTGATTAAAATATATAA","Pf3D7_14_v3-377765-378020-1A.7","53+8N154C170T",197,0.487623762376238,2
"IM-23-122-AGLG","8039832525","Maziba","Pf3D7_12_v3-233418-233671-1A","CAAAAATATCATTCCCCAAATTTGTACTACTAATTGTTCGAATAGTTCCTATAGTTGTGGTAATTTGCTCATATGTATTTTTTCCTAAAGATTTATTAGACACATTTGAAGGATCATTATTTTGTTCCAAATTCTTGGGCACAGTATTATTACATGAGAATAATGAAAAGTTATTATCATAATTCTTTTGTT","Pf3D7_12_v3-233418-233671-1A.2","40G77+8N",187,0.170776255707763,2
"IM-23-122-AGLG","8039832525","Maziba","Pf3D7_12_v3-529495-529767-1A","GCTCCCCAAAAGTTAACTGCTTCATTATTTTGTGGATCCCAAAAACTAACATTCGTTACCCATCCAACATAATCGGTAGATATCCTATATTCATAACTACTACAGAAATATTTATACTCATGGTATACATTTGCATCATTTACATCTACCAAATTAACAGTTTTACACAAATTGTGAATGCCATTCAAGTTATAAAAACCTGTACAT","Pf3D7_12_v3-529495-529767-1A.2",".",148,0.197596795727637,2
"IM-23-122-AGLG","8039832525","Maziba","Pf3D7_11_v3-1375807-1376056-1A","TCGTTATGTACCCTAATAAAATTTTTTCCATTATTTGAATCTATATTATTTACATTAGTATTTTGAGTTGTACCATAAATTTCAGTGTTATTATTATTTCTATTCATATAATTATGTCCGCTTATATAATTATGACCATTAAAAAAATGTCTTCCATGTATATCATCTCTTCTAATGTATTTA","Pf3D7_11_v3-1375807-1376056-1A.6","20+10N140+9N",57,0.152,3
"IM-23-122-AGLG","8039832525","Maziba","Pf3D7_03_v3-653961-654206-1A","CTCGTACAATATTTTTATAATTTCCTTTCATCTTATTTTTTTCTTTATATTTTTTTTTTTCATATGTAAGATTTATATAATCACTTTCGCTTTTTCTAACGCTTTTGAACTTTTTAAATGTACTTCGTTCATTATTTCTAATTCTCGTAAACACAAGAATAAATATTTTGATATATCTTATA","Pf3D7_03_v3-653961-654206-1A.1","35+9N49+13N101G",4,0.00475624256837099,2
"IM-23-122-AGLG","8039832525","Maziba","Pf3D7_03_v3-85507-85756-1A","TATCATTTAAATTCTCTTTTTCCACAGCTCCAGCATTTTTATTTATATCATCTACAACTACATCTTCCTTCACATAATTATTTATATAAAAATTATTATCATCTAAAGCATCTGAAAATTCTTCATTTAATACTTCTTCATCTACATTAAATGTTTTCGTTCTTTCATCATCTAATAAA","Pf3D7_03_v3-85507-85756-1A.1","144D=TCT",451,1,1
"IM-23-122-AGLG","8039832525","Maziba","Pf3D7_08_v3-102277-102527-1A","TACCTTCATCTATTGAATTAATTTTCTCAAGTAACATATTTTTGTCTTGACTACTTTCATCTGTAAATGGAACGAATACTCTTTGCTTACCTGCAAAAAGGACAACTGACATATGAGCCTTATCCTTACTTACATTCGAATTAAAGACCATAGATTCTAAAAATGGTATAGTTCCTTTTAACCAATAATC","Pf3D7_08_v3-102277-102527-1A.5","76A",1059,0.621114369501466,2
"IM-23-122-AGLG","8039832525","Maziba","Pf3D7_14_v3-421322-421547-1A","TAAGAAAGATGAAGTAATAGAAAAAACTGAAGTATCAAAGAAAACATTTTCAGGTATAGGTTTTAATCTTACTTACAAAGAAGCTAAAGTATTAGGTGTAGGTGTAACCTATCAAGAATATCCAGAAACCATGTTATATAACTGTCCAAACAATTCTA","Pf3D7_14_v3-421322-421547-1A.5","20+8N74T76C",338,0.441253263707572,2
"IM-23-122-AGLG","8039832525","Maziba","Pf3D7_13_v3-1725379-1725652-2","ATTATTTCTTCTAGGTATATTTAAATTACTTGAAACATACCATACATCTCTTAAACGATCATACACCTCAGTTTCAAATAAAGCCTTATAATCATAGTTATTACCACCAAAAACGTATAAGAAATTATTCAATACAGCACTTCCAAAATAAGCTTTTTTGGTAGACATAGGTGTACACATACGCCAGCATTGTTGACTAATATCTAATAATTCCA","Pf3D7_13_v3-1725379-1725652-2.1","153+8N",541,1,1
"IM-23-122-AGLG","8039832525","Maziba","Pf3D7_14_v3-120101-120365-1A","TTTTACAACATTATTTTTTTCTTCCTCCTCAGATAAAATAGGTACACATATCGCGTCCTTATCACATCCTCCATTGTTTACCTTACAATGTTCTTCGCATTCGAAATTTTTTTCAGGATTACTTGAAAAGCCTTCTGGACAATTACAATATTCATATCCATGAACATTCTTACAAACACCTTTTCCACAATTTAAAA","Pf3D7_14_v3-120101-120365-1A.3","13+9N106+9N164A165C",364,0.551515151515152,2
"IM-23-122-AGLG","8039832525","Maziba","Pf3D7_05_v3-350808-351052-1A","TAATATAATTTGAGTTGATAATATTATAATTATTTTTTATATGTTGCTCATTTATATTATTATGATAAATATGAGTTGTATTTTTATTAGAGTTGTAGGACATTTTCCCATACATTAGTTGTTTTACATTTTTAACATTTTTATAATTATGTATTAAACATAAGATTATTAGATAAA","Pf3D7_05_v3-350808-351052-1A.1","32+8N116T",846,0.656322730799069,2
"IM-23-122-AGLG","8039832525","Maziba","Pf3D7_05_v3-369676-369949-1A","TGTAATATTATATATCCTGTTATAAATAAATCATTGGATATGGATGTGAAAAAAGAAGATATAAAAAAAAATGTAGAAGAAAATAAATATATAGAACATACACAGAATTTGAAAAATTATTTAGAAAATGATGAAAATGAGAAAAAAAAAAGAAGAAAAAGATCAAATAATAATGACAATTATAATTCTCATGATAATAATATTTTTCA","Pf3D7_05_v3-369676-369949-1A.1","48+8N62+11N141+12N",329,1,1
"IM-23-122-AGLG","8039832525","Maziba","Pf3D7_13_v3-1725887-1726123-2","AAATAGCTCCACCAACATTAATATCAATCATAGTTTCAGTAGCAATATTTGCATCAACAATTTTTTTTTTATCATTCTCAAAATTTTTATATTCTTGATAATATTTTTCTTTTTCTAAATATAATACTAATTTAATTTTATCGATTTCTTGTAAAAATCTTAATCTTTCTTCATCAA","Pf3D7_13_v3-1725887-1726123-2.1","60+12N",347,0.373519913885899,2
"IM-23-122-AGLG","8039832525","Maziba","Pf3D7_14_v3-1392837-1393086-1A","ACATGTATTGTCCCCAGCATGAATCGGGTGATAAATATTATCAAGCGTATCAAAAAATGGATTGTAATTATTACTACTATTCATATCATTATTTTTTGTGGTGGTGGACTGTGAAATGTTTTCCTTATGATTTTGACTTGTGTGTATATCCCTACCAACAATATATTCAACATTATTATTATCAAAAA","Pf3D7_14_v3-1392837-1393086-1A.3","51+8N91+8N162T",7,0.00572363041700736,2
"IM-23-122-AGLG","8039832525","Maziba","Pf3D7_14_v3-1956056-1956330-1B","CTAATTTTTTTTCTCCACTTTGTAATTTTTATTGTTGAATATATATATAAAGTTAAACCTATAAATAATACACTACCTAATAAACTATTCTTATATTTAAAAATAAATATAACACATGTTATTAATCCTTCTATTGTTGCCGGAATAATATACATTAAAACAGAACTCATCAAATTATTAGCACTCTCGGTACCTCTATCAACTATTCTCA","Pf3D7_14_v3-1956056-1956330-1B.1","4+10N113C",183,0.403083700440529,2
"IM-23-122-AGLG","8039832525","Maziba","Pf3D7_14_v3-1956056-1956330-1B","CTAATTTTTTTTCTCCACTTTGTAATTTTTATTGTTGAATATATATATAAAGTTAAACCTATAAATAATACACTACCTAATAAACTATTCTTATATTTAAAAATAAATATAATACATGTTATTAATCCTTCTATTGTTGCCGGAATAATATACATTAAAACAGAACTCATCAAATTATTAGCACTCTCGGTACCTCTATCAACTATTCTCA","Pf3D7_14_v3-1956056-1956330-1B.2","4+10N",271,0.596916299559471,2
"IM-23-122-AGLG","8039832525","Maziba","Pf3D7_05_v3-641131-641404-1A","GGAATTTTTTTTTTGGTGTTTTATTTTTTCGAAGGATACAGGATAATCTAAGACATTAAAATTATTGGGTTTGAAAAAGAGTTTCCTTTTTATGATGTGCAATAGAGGTATATTTATATAGGAAATATAAACATATAAAAGGAATATGATAAAAAGGAAATATTGACTTAATAAAATATTAATATTTCTTTTTTTCAAATATATTTCGT","Pf3D7_05_v3-641131-641404-1A.1","4+12N23+8N188+9N",84,0.390697674418605,4
"IM-23-122-AGLG","8039832525","Maziba","Pf3D7_06_v3-532166-532407-1A","AGAACAATTGTTAAACACCAAATTGGGTGAAACAAAAAACCACCTGAACAGAACTCCATTTATACCTGAATCGGTCATACGAGAAAGGAAATTACGCCAAGAAAAAGCGCAATCCACAAACAACATGTTCGATTCAACAAACGCAGATAGTATTACTTCCCCATGTGATCCAACGAATGCCACG","Pf3D7_06_v3-532166-532407-1A.7","11T33+8N55T109G157T",1541,0.529371350051529,3
"IM-23-122-AGLG","8039832525","Maziba","Pf3D7_05_v3-641131-641404-1A","GGAATTTTTTTTTTGGTGTTTTATTTTTTCGAAGGATACAGTATAATCTAAGACATTAAAATTATTGGGTTTGAAAAAGAGTTTCCTTTTTATGATGTGCAATAGAGGTATATTTATATAGGAAATATAAACATATAAAAGGAATATGATAAAAAGGAAATATTGACTTAATAAAATATTAATATTTCTTTTTTTCAAATATATTTCGT","Pf3D7_05_v3-641131-641404-1A.4","4+12N23+8N42T188+9N",3,0.013953488372093,4
"IM-23-122-AGLG","8039832525","Maziba","Pf3D7_08_v3-585703-585949-1A","AAACACATCATCAAAAGTTTCTGATATTGGCTTGTTTGATTCTTTATATTTAAAATCTTTATATAAATAAAATCTATCTTTCTTAAAATATGGATCTTTACGTACTTCAATCGAATCACTATCAGTTACAATATTTATATCTTTTAATGTTAAGTGGAAATTAGAATCAATAATAGCTA","Pf3D7_08_v3-585703-585949-1A.1",".",579,0.418958031837916,3
"IM-23-122-AGLG","8039832525","Maziba","Pf3D7_08_v3-585993-586266-1A","TGTAAATATAAATCATACGTATGACATGAATCATCATTTAATGCATTCTTAATTGTTAATGCTAATCTACTTACAATAATATAAGCAAAGTTTATATGAGAATGAATACCTTCTTTTCCTAAAAAGTTATAAAGACTAACAAATGGAGCATATATTATAAATTTATCATACTTTTTTTTGTGCATAACTTCATTTAATAAAATATTT","Pf3D7_08_v3-585993-586266-1A.1","171+10N",436,0.449484536082474,2
"IM-23-122-AGLG","8039832525","Maziba","Pf3D7_07_v3-105172-105442-1A","GACTACTAACAGAGTGACTACCTACGCTATGTTGAGATGAATTGCTTCCATTTGAATTACTTCCAGATAGGTGATTTTCTGTACTTCCATCTGAATTGTTTTCATATAATTGACTTTCCTTTTGTCCATCTAAATTATGCACTGCACTATGAGTTCCTTCACCCAAATTATTACTGTTTGTTGTATCATCATTTAAATCAAATCCATTTCTT","Pf3D7_07_v3-105172-105442-1A.5","44G52T103C",122,0.209621993127148,2
"IM-23-122-AGLG","8039832525","Maziba","Pf3D7_13_v3-2504481-2504734-1B","TAAAATGTGTTGATGATTTTAACAATATGGTTATAACGATAAAAGAGGAAGTAAACAATCATTGGGAAAATAATATATACAATAAAAAGGATATGGTTAATTATACAAATGAAAATTATAATGATAATATATTAACATATGAATATATTAATGAAACACTTAGAAAAGAAAAAAAAAGATATTATA","Pf3D7_13_v3-2504481-2504734-1B.1","168+11N",460,1,1
"IM-23-122-AGLG","8039832525","Maziba","Pf3D7_05_v3-958079-958350-1B","TTTTTATATCTGTGTTTGGTGTAATATTAAAGAACATGAATTTAGGTGATGATATTAATCCTATAATATTATCATTAGTATCTATAGGTTTAGTACAATTTATATTATCAATGATATCAAGTTATTGTATGGATGTAATTACATCAAAAATATTAAAAACTTTAAAGCTTGAATATTTAAGAAGTGTTTTTTATCAAGATGGACAATTTC","Pf3D7_05_v3-958079-958350-1B.1","186+8N",267,1,1
"IM-23-122-AGLG","8039832525","Maziba","Pf3D7_07_v3-1066661-1066903-1A","TATGGTTTTGTAATTTATTGGTATGTGTTGTTAAAGGAGAATTTTTTTAATATCCCTTGTCATGGGCAAAAGGAGAAAAAAGAAATAAAAAACTTTTATGTTCAACATGAAGATATTTGTGAACACACTATTGGTAATCATATGTTAGGTGATAAATTAAAAATGTGTACATCTAATATTAATG","Pf3D7_07_v3-1066661-1066903-1A.4","41+9N72G75+8N86+8N",353,0.172027290448343,3
"IM-23-122-AGLG","8039832525","Maziba","Pf3D7_05_v3-958920-959168-1B","AATAATAAATCGAAAACCATTAGTTGAAAATAATGATGATGGAGAAACATTACCAAATATTAAAAAAATTGAATTTAAAAATGTAAGATTTCATTATGATACTAGAAAAGATGTTGAAATTTATAAAGATTTAAGTTTTACTCTAAAAGAAGGGAAAACATATGCATTTGTGGGAGAATCA","Pf3D7_05_v3-958920-959168-1B.1","61+9N",706,1,1
"IM-23-122-AGLG","8039832525","Maziba","Pf3D7_08_v3-1366575-1366822-2","TTTAGCTTTTTCACATTGTGTTCTTAATCTTCTTAATGATTTTGAATTTTTGGAAACATCTTTACCTCCATTTTTTTTTTTAAAATCTTGTACACAGAAGTTTACTAATTTATTATCAAAATCTTCTCCTCCTAAATGTGTATCTCCTGAGGTAGCTTTAACTTCAAAAATTCCATCTTCAAGTGTTAATAAGG","Pf3D7_08_v3-1366575-1366822-2.1","70+13N",479,0.480923694779116,2
"IM-23-122-AGLG","8039832525","Maziba","Pf3D7_08_v3-1366575-1366822-2","TTTAGCTTTTTCACATTGTGTTCTTAATCTTCTTAATGATTTTGAATTTTTGGAAACATCTTTACCTCCATTTTTTTTTTTAAAATCTTGTACACAGAAGTTTACTAATTTATTATCAAAATCTTCTCCTCCTAAATGTGTATCTCCTGAGGTAGCTTTAACTTCAAAAATTCCATCTTCAATTGTTAATAAGG","Pf3D7_08_v3-1366575-1366822-2.2","70+13N183T",517,0.519076305220884,2
"IM-23-122-AGLG","8039832525","Maziba","Pf3D7_08_v3-1366626-1366856-1B","CTTTACCTCCATTTTTTTTTTTAAAATCTTGTACACAGAAGTTTACTAATTTATTATCAAAATCTTCTCCTCCTAAATGTGTATCTCCTGAGGTAGCTTTAACTTCAAAAATTCCATCTTCAAGTGTTAATAAGGAAACATCAAATGTTCCTCCTCCTAAATC","Pf3D7_08_v3-1366626-1366856-1B.1","11+13N",150,0.530035335689046,2
"IM-23-122-AGLG","8039832525","Maziba","Pf3D7_08_v3-1366626-1366856-1B","CTTTACCTCCATTTTTTTTTTTAAAATCTTGTACACAGAAGTTTACTAATTTATTATCAAAATCTTCTCCTCCTAAATGTGTATCTCCTGAGGTAGCTTTAACTTCAAAAATTCCATCTTCAATTGTTAATAAGGAAACATCAAATGTTCCTCCTCCTAAATC","Pf3D7_08_v3-1366626-1366856-1B.2","11+13N124T",133,0.469964664310954,2
"IM-23-122-AGLG","8039832525","Maziba","Pf3D7_08_v3-1370603-1370853-1B","AAAAGTAATTAAAAAAAAAAAAAATGAAAATAAAAAAAAACATTACATATTTTTTTATGTATAAAATATTTTAAAGCACTGAGATTATTTATGTTATAAATTAATTGAATGTTTAAAAGATTATAAAATTTTATTTATGAAAATATATGAATATATATAATATAAGCAGGTATTAAATAACCAAATAATAT","Pf3D7_08_v3-1370603-1370853-1B.2","10+32N49+9N",206,1,1
"IM-23-122-AGLG","8039832525","Maziba","Pf3D7_09_v3-202854-203106-1A","AATATACAAAGAATGTATATGATAAAATATTCTTTGTCCTTTAAAATTTTTTGTTCTTGTACTTTGTTTTTTATAATCTATTAAATTCATATCTGATGAAATATCATATTTATATTCCCCTTTATGAGCATTTACAAAAGTTTCGTTATTTCTTTTATTAATATATGTATTTGAGCACATATATTTAT","Pf3D7_09_v3-202854-203106-1A.2","46+8N66+8N146T",1128,0.8,2
"IM-23-122-AGLG","8039832525","Maziba","Pf3D7_09_v3-270915-271160-1A","CTTTGTATGTATTATCTGTTGTTTTATCTTCACCTTGATTTCCTGTACTTGTAGATTCAGTAGATGGACCTTCAGAACCTGCTAATTCATCACTAGTAGATGCAGCACTTGTACTTTTAGATTGTTCTTTTAATGGTCCCATATATTTGTATAATTCTATTTCTAAATCTTGATCCTTGGTTTTTTCTTCTAA","Pf3D7_09_v3-270915-271160-1A.1","82C85A180+8N",1563,1,1
"IM-23-122-AGLG","8039832525","Maziba","Pf3D7_09_v3-516735-517007-1A","ATAGAAGGATATATAAAAAATTATCAAGAATCATATAATATAAATGACCATTGTAAATTAGTTCCATTAAATTTTTATAAAGATTCTATTTCTAATGATTTAGGTACTCCATGCCCTGTGAATAGTATTACCTTAAATGTGGGCGCAAAAACTATAAATGAATGTTTGTGTAATAAAGGATATTTCTATAATGTCAAGAAACAACAATGTGA","Pf3D7_09_v3-516735-517007-1A.1","14+8N",533,1,1
"IM-23-122-AGLG","8039832525","Maziba","Pf3D7_13_v3-146695-146934-1A","AAAGTATTTGTAATAGATTAAACGATGAACTAAATGAAGAAATATGTGGTTATCAAATTAGGTTTGAAAAATCGTATTTTTTAAAACATAGTAAAATTAAAGTTATGACAGAAGGAATTTTATTGAAAGAAATTATGAGTGATTTTATTTTATCAAAATATAGTGTTATTATTCTTGA","Pf3D7_13_v3-146695-146934-1A.4","76+8N",13,0.00526742301458671,3
"IM-23-122-AGLG","8039832525","Maziba","Pf3D7_13_v3-146695-146934-1A","AAAGTATTTGTAATAGATTGAACGATGAACTAAATGAAGAAATATGTGGTTATCAAATTAGGTTTGAAAAATCGTATTTTTTAAAACATAGTAAAATTAAAGTTATGACAGAAGGAATTTTATTGAAAGAAATTATGAGTGATTTTATTTTATCAAAATATAGTGTTATTATTCTTGA","Pf3D7_13_v3-146695-146934-1A.3","20G76+8N",1596,0.646677471636953,3
"IM-23-122-AGLG","8039832525","Maziba","Pf3D7_11_v3-1934962-1935236-1A","TGATGTGCCAATATTAAGGATACATTTTCTAAAGCTTCTATCAGATAATGAAAATTTTTTCTGCGATTTTCATTTAAATCATTAAATATATTGGTTAGTTCTTGTATTGACGTTTTTGGATCTAAGGATGTAATTTGTTCATTTAATTCTTCTGTATATTCTAGATTAAAGTTTAAATTATTAAAATAACCTTCAGCATTATTTTCATTTTT","Pf3D7_11_v3-1934962-1935236-1A.1","54+10N98G",130,1,1
"IM-23-122-AGLG","8039832525","Maziba","Pf3D7_11_v3-1950431-1950680-2","AGATATATTTCAAGGAAAGGATATGTGGAATGATGGGAAATATGGTGAAGCGAAAAATCATATTAAGAATGCTTTTGGTGATATGAACAATAGAAAAGCTATGTTAAATGAAATTGAGAAAGGAATTAAAGATGAAACGTTTAGTCGTGAAAATGGTTTAGACGTTTGTAAATCTCAATGTGAGGAAAG","Pf3D7_11_v3-1950431-1950680-2.1","98G",1511,1,1
"IM-23-122-AGLG","8039832525","Maziba","Pf3D7_11_v3-408285-408534-1A","TACGAAGAAGGTTTAAAATATTGTGCGTCATCAATTAATTTATGGATATGTGCTATCGATTTACAAATAGAAAAAAAGAATTATACAGGTGCTAGAGCTTTGACGGAGAAAGCAAAAATCAAAATCAAGTATTTAAATTCTTTTAATAATAATAGTCATATTTTAAAAAGTAAAGAAATTATTGAA","Pf3D7_11_v3-408285-408534-1A.2","3C70+9N",829,0.834004024144869,3
"IM-23-122-AGLG","8039832525","Maziba","Pf3D7_14_v3-3125801-3126073-1A","ATTCTTATAATATTTAAGAATGAAGGGATTAAATATTTACATTTTAGCGAGGATACTCTGAAATATGTTAATTTTAATTATCCTGATTTTAACTTATATAAATGTATGAATTTATATAAGAAAAATTATGTTGATAGGGATGAGAAAGATATCTGTGATTTTTCAAATGAAGATTTTCCGTTAATAAAAGAAAATAACAAGAGAATCAG","Pf3D7_14_v3-3125801-3126073-1A.5",".",342,1,1
"IM-23-122-AGLG","8039832525","Maziba","Pf3D7_14_v3-3214249-3214516-1A","TAAATAAAAAAGGATTAGATGATTTAATAAAAGATTTGTTAAAATATTTTCCAAAGAATTCAATTAGCGATCGTTTTGAATTGTTAGAATTTAAAATGACGGAGGATTGTTATACAAAAATGTGGTTTGATTTTATGAGTGATTTTGGAATAGCTACAATGAATGAAACCGAACATACTAGATCTTTTTATGGCTTAATCGAA","Pf3D7_14_v3-3214249-3214516-1A.1","5+8N194C",1648,1,1
"IM-23-122-AGLG","8039832525","Maziba","Pf3D7_03_v3-221463-221712-1B","ACTTGAATACCATTTCCACAAGTTACACTACATGGGGACCATTCAGTTGAAAGAGAATTTTGTATTGTCTTTAAATATTTTTCTATGTGCTGATCACTTGGTTCTTCGTTATTATTATTTTTTACAGCATTGTTGGCATTAGCATTTTCATCTACATTTCGGTTTGGGTCATTTGGCATATTGTGACCTTGTC","Pf3D7_03_v3-221463-221712-1B.27","67G69C80T83C92G117+8N130T",712,1,1
"IM-23-122-AGLG","8039832525","Maziba","Pf3D7_03_v3-515418-515657-1A","TTTCTTTAATTTCTATATGTTTGAATTCCCTTATAGACATATTTGAATCATTATTACTTTTATATGAAGTGTTATTATCGAAATTATTATTAATACATTTTATTTTAATGATTTTGTTAAAATTTTTATTATTTACTATAATGGAAGTCAGATATGTACTTATCGTATGGAAAGCTAATCATCAACA","Pf3D7_03_v3-515418-515657-1A.1",".",2627,1,1
"IM-23-122-AGLG","8039832525","Maziba","Pf3D7_12_v3-529495-529767-1A","GCTCCCCAAAAGTTAACTGCTTCATTATTTTTTGGATCCCAAAAACTAACATTCGTTACCCATCCAACATAATCGGTAGATATCCTATATTCATAACTACTACAGAAATATTTATACTCATGGTATACATTTGCATCATTTACATCTACCAAATTAACAGTTTTACACAAATTGTGAATGCCATTCAAGTTATAAAAACCTGTACAT","Pf3D7_12_v3-529495-529767-1A.1","32T",601,0.802403204272363,2
"IM-23-122-AGLG","8039832525","Maziba","Pf3D7_14_v3-407306-407542-1A","CTTTCTTTCGTCTTTCTGTTCATTATCCATATAATCTTTTTCTACTACCTTTTCATTCTTTACTTTATTTCTATTAATACACAATTCTCCTTGAGTTAAGAGATTTACGATATTATCAATATTGTTTTCTTTCATATACTTCAACTTTTTACTATTCATTTTTAAAAGA","Pf3D7_14_v3-407306-407542-1A.4","44A47A85T",670,0.496296296296296,2
"IM-23-122-AGLG","8039832525","Maziba","Pf3D7_14_v3-407306-407542-1A","CTTTCTTTCGTCTTTCTGTTCATTATCCATATAATCTTTTTCTCCTTCCTTTTCATTCTTTACTTTATTTCTATTAATACACAATTCTCCTTGAGTTAAGAGATTTACGATATTATCAATATTGTTTTCTTTCATATACTTCAACTTTTTACTATTCATTTTTAAAAGA","Pf3D7_14_v3-407306-407542-1A.14","85T",680,0.503703703703704,2
"IM-23-122-AGLG","8039832525","Maziba","Pf3D7_05_v3-1322099-1322341-1A","TTCCAATAGAAACTAGATTACGATTTTCTTCATGAGGTAAATTGACATTCATCTTATATGTATAATTAAGGATGAGTAATAAATTGTATAGAAATATTTTTATTTAATAATTTATATGTATTATTAATAATTCTGAATTTATCAATTGATATATTATTTTTGTTTTTCTTTATGCCATTC","Pf3D7_05_v3-1322099-1322341-1A.2","16G27T91G",44,0.16988416988417,2
"IM-23-122-AGLG","8039832525","Maziba","Pf3D7_08_v3-102277-102527-1A","TACCTTCATCTATTGAATTAATTTTCTCAAGTAACATATTTTTGTCTTGACTACTTTCATCTGTAAATGGAACGACTACTCTTTGCTTACCTGCAAAAAGGACAACTGACATATGAGCCTTATCCTTACTTACATTCGAATTAAAGACCATAGATTCTAAAAATGGTATAGTTCCTTTTAACCAATAATC","Pf3D7_08_v3-102277-102527-1A.4",".",646,0.378885630498534,2
"IM-23-122-AGLG","8039832525","Maziba","Pf3D7_14_v3-1166107-1166371-1A","TTTTTGAATTATTAAATATATCTTCTATAAAAAAAGAATATCAAGCTATACATAACAATAAGTATTTTTTATGGAATATGGATGCAGATTTTTTTACTATAAAAAATCATCATAAGGATAATAAGGATAACAATGATGAAAATGTGAATGTAATAATACAACAAAATAATTTAGTTCTCGAAAAATATGATCATTTAATAGA","Pf3D7_14_v3-1166107-1166371-1A.1","28+9N64+8N88+9N100+8N",238,0.465753424657534,2
"IM-23-122-AGLG","8039832525","Maziba","Pf3D7_05_v3-350808-351052-1A","TAATATAATTTGAGTTGATAATATTATAATTATTTTTTATATGTTGCTCATTTATATTATTATGATAAATATGAGTTGTATTTTTATTAGAATTGTAGGACATTTTCCCATACATGAGTTGTTTTACATTTTTAACATTTTTATAATTATGTATTAAACATAAGATTATTAGATAAA","Pf3D7_05_v3-350808-351052-1A.6","32+8N92A",443,0.343677269200931,2
"IM-23-122-AGLG","8039832525","Maziba","Pf3D7_06_v3-145285-145531-1A","TCAACAAAAGCTGATGAATCATCATAATTTGAATAAAATTTATCATTCACAATATTATATTTTTGTTTCTTCTTTTTTCCCATAATATTATTATTTTGTTCACAATATATGTTCATGTGTCCCCTCTTTTTCTGTAAAATATTAAAATGTTTCTTAGTATGCTTCTCTTCATTTTTAATAACA","Pf3D7_06_v3-145285-145531-1A.2","72+8N157G",2465,1,1
"IM-23-122-AGLG","8039832525","Maziba","Pf3D7_06_v3-176108-176338-1A","ATTATTATTATTATTATGATGATGATGATGATGATGATCTGTGTTAAGATCATCTTCTATACCATTAGTTAAACATTTTATATTTTTATTCATATAAACATTAATCTTCACAACAGATTTATCAGATCTAGAAAATCTTGTACCTGTTGCTTTATGTAACAATAT","Pf3D7_06_v3-176108-176338-1A.11","1+38N",5,0.00390015600624025,4
"IM-23-122-AGLG","8039832525","Maziba","Pf3D7_06_v3-176108-176338-1A","ATTATTATTATTATTATTATGATGATGATGATGATGATCTGTGTTAAGATCATCTTCTATACCATTAGTTAAACATTTTATATTTTTATTCATATAAACATTAATCTTCACAACAGATTTATCAGATCTAGAAAATCTTGTACCTGTTGCTTTATGTAACAATAT","Pf3D7_06_v3-176108-176338-1A.1","1+38N",687,0.53588143525741,4
"IM-23-122-AGLG","8039832525","Maziba","Pf3D7_13_v3-1726174-1726408-2","TTTCTAATTCTTTGTACAATCGTACTCTTTCCATTTCTAGTTCTTTCTTATCTTTAAATAATTTATCTTTTTCTCGAATAAAATTCATTTGTGTCTTTTTTAACCAATTAATAAATGTAATTCTTAAATCACCTACCATATTTTCAAAATCACTAGCATCACTTAAT","Pf3D7_13_v3-1726174-1726408-2.1","95+8N",2018,1,1
"IM-23-122-AGLG","8039832525","Maziba","Pf3D7_13_v3-1876391-1876664-1A","AACTATCTGTAAAAGTATGTTTAGAACTAACATTTGAAGAGAAGTTACATCCGTGTATGACTTTTTTTTCATATTTTGGTTTTAAAACTATTTTATAATTATTATTTTTAAATTTGCATGTACATTCTGTATTAACATCTTTTGATGTAACATAAAATGGAGCTTTAAAGATAGTTAACTTTTCATGATAAATTATTTTATTACTTTTATATA","Pf3D7_13_v3-1876391-1876664-1A.2","61+10N179C184C",417,0.632776934749621,2
"IM-23-122-AGLG","8039832525","Maziba","Pf3D7_05_v3-550803-551072-1A","ATATAATACACCTTTCTTATTTATATTAATCTTTTCATTTTTACAAGAAATCACCTCCCTACTTATTCGGTTGTCCTCATTTTCATATTTCATAACACCATCATTTATTTTTTCTATTTCTTTAATATTATTTTCTCCTTGGACGTAATTATGCTTTCCTATCATCTCCTTTGCTCTACTTCCTATATATACTAATTTCTCTCTGAA","Pf3D7_05_v3-550803-551072-1A.1","107+8N",1,0.0023696682464455,3
"IM-23-122-AGLG","8039832525","Maziba","Pf3D7_14_v3-1992121-1992370-1A","ATTAAAACATTCCAACAATTTTATTTCCTTCTTTATAAAATTATATAAATTAATTATTTTCTTTTTATCACATTCAAAGACGGCATAAGGTGCACCCCATGAACATTTTTTACTTTTGCTACCATCAGGCATAATATAAACACCAGTACCATTTTTTTCTGATAAATTAATATTTTTTTGTATAACATCATA","Pf3D7_14_v3-1992121-1992370-1A.1","105+8N151+9N172+9N",329,1,1
"IM-23-122-AGLG","8039832525","Maziba","Pf3D7_08_v3-585703-585949-1A","AAACACATCATCAAAAGTTTCTGATATTGGCTTGTTTGATTCTTTATATTTAAAATCTTTATATAAATAAAATCTATCTTTCTTAAAATATGGATCTTTACGTAGTTCAATCGAATCACTATCAGTTACAATATTTATATCTTTTAATGTTAAGTGGAAATTAGAATCAATAATAGCTA","Pf3D7_08_v3-585703-585949-1A.4","105G",2,0.00144717800289436,3
"IM-23-122-AGLG","8039832525","Maziba","Pf3D7_11_v3-119432-119705-1A","CTCCTTTATATTCATCAAGAAATTTCATCCAAGAGTAATTATGTTTTTCTTGTTGATATTTTGCTTTATACAAACGAGCAAGATACTTATTATACGATTCATGCTCTTTAATTTTCTTTTCAAAAGTTTTGGTTATAATGTGTTGAAGTGATTGTAAAGTATTTTTCTTTAATTTTCTCCATATTAATCTACATGCGATTATAAGAA","Pf3D7_11_v3-119432-119705-1A.5","89A145G",612,1,1
"IM-23-122-AGLG","8039832525","Maziba","Pf3D7_07_v3-896613-896849-1B","ACAATGAAAAAATGTATTAATGATGAATTATATAAAATAAAAATAAATGTAGGTTTATATAAAAAGGATAGAAAAAAATTATCCTTTTTTATATTGTTGCATAAATTTTATTTAGATAATTATAATATTGTTATTAATAAATTAAAAAATATGAATAATTTAATAGAAA","Pf3D7_07_v3-896613-896849-1B.1","6+8N71+9N84+8N143+8N",708,1,1
"IM-23-122-AGLG","8039832525","Maziba","Pf3D7_08_v3-585703-585949-1A","AAACACATCATCAAAAGTTTCTGATATTGGCTTGTTTGATTCTTTATATTTAAAATCTTTATATAAATAAAATCTATCTTTCTTAAAATATGGATCTTTACGTAGTTCAATCGAATCCCTATCAGTTACAATATTTATATCTTTTAATGTTAAGTGGAAATTAGAATCAATAATAGCTA","Pf3D7_08_v3-585703-585949-1A.3","105G118C",801,0.57959479015919,3
"IM-23-122-AGLG","8039832525","Maziba","Pf3D7_11_v3-1293919-1294168-1A","TCCATATCAAAAAAGTGATGTGTATCATCCAATCAACGAACATAGGGAACATCCAAAAGAATACGAATATCCATTACACCAGGAACATACATACCAACAAGAAGATTCAGGAGAAGACGAAAATACATTACAACACGCATATCCAATAGACCACGAAGGTGCTGAACCCGCACCACAAGAACAAAATTTAT","Pf3D7_11_v3-1293919-1294168-1A.5","13A27A163T",230,0.178571428571429,4
"IM-23-122-AGLG","8039832525","Maziba","Pf3D7_13_v3-2114829-2115090-1A","ATTCAATATATATAAAAATATAGCTAATAAACATTTCAAATCTCCATTAAGAACTTTATTCATCTTAACAAAAGCTCTATGAACTTCTGTATCTATAGTCGATTTTGTTATTCTAAGCATATCATTAAGTAAAAAATTTACGGTATCGACATTAACAGTGTAATAATTTCTTCCTAAATTTAAATGTTCTATATAATTCAA","Pf3D7_13_v3-2114829-2115090-1A.5","130+8N",612,0.522630230572161,3
"IM-23-122-AGLG","8039832525","Maziba","Pf3D7_07_v3-1066661-1066903-1A","TATAGTTTTGTAATTTATTGGTATGTGTTGTTAAAGGAGAATTTTTTTAATATCCCTTGTCATGGGCAAAATGAGAAAAAAGAAATAAAAAACTTTTATGTTCAACATGAAGATATTTGTGAACACACTATTGGTAATCATATGTTAGGTGATAAATTAAAAATGTGTACATCTAATATTAATG","Pf3D7_07_v3-1066661-1066903-1A.1","4A41+9N75+8N86+8N",7,0.00341130604288499,3
"IM-23-122-AGLG","8039832525","Maziba","Pf3D7_05_v3-796518-796759-1A","TGGTTCTTCAATTATTCATATAAGTTCTTTATTAGTAGGTGTATATTTATGTAGTAGTAGTGCAAATGCATTTAATCAAATTATTGAAAGAAATATAGATAAGTTAATGAAAAGAACCCAAAAAAGACCCTTAGCAAATAATAATCCAAATATGTCAGTTAAGCATGCTGAAATAT","Pf3D7_05_v3-796518-796759-1A.3","14A119+8N163G",664,0.606946983546618,2
"IM-23-122-AGLG","8039832525","Maziba","Pf3D7_11_v3-1293919-1294168-1A","TCCATATCAAAATAGTAATGTGTATCATCCAATCAACGAACATAGGGAACATCCAAAAGAATACGAATATCCATTACACCAGGAACATACATACCAACAAGAAGATTCAGGAGAAGACGAAAATACATTACAACACGCATATCCAATAGACCACGAAGGTGCTGAACCCGCACCACAAGAACAAAATTTAT","Pf3D7_11_v3-1293919-1294168-1A.22","17A27A163T",1,0.00077639751552795,4
"IM-23-122-AGLG","8039832525","Maziba","Pf3D7_13_v3-2814606-2814855-1B","TAGCGATAATGATCCTGCAGTAGTAAGTGGTAGAGAATCTAAAGATGTAAATCTTCATACTTCTGAAAGGATTAAAGAAAATGAAGAAGGTGTGATTAAAACAGATGATAGTTCAAAAAGTATTGAAATTTCTAAAATACCATCTGACCAAAATAATCATAGTGATTTATCACAGAATGCAAATGAGGACTCTA","Pf3D7_13_v3-2814606-2814855-1B.1","109T",810,1,1
"IM-23-122-AGLG","8039832525","Maziba","Pf3D7_13_v3-2814583-2814832-2","TCAGTCTTCTAATTCTAGCGATAATGATCCTGCAGTAGTAAGTGGTAGAGAATCTAAAGATGTAAATCTTCATACTTCTGAAAGGATTAAAGAAAATGAAGAAGGTGTGATTAAAACAGATGATAGTTCAAAAAGTATTGAAATTTCTAAAATACCATCTGACCAAAATAATCATAGTGATTTATCACAG","Pf3D7_13_v3-2814583-2814832-2.1","124T",2197,1,1
"IM-23-122-AGLG","8039832525","Maziba","Pf3D7_06_v3-1115900-1116168-1A","ATTTTTTAATAAAGCAGTACCATCTATATCTCTTCCTTTTTTTAAAACACATAAAGTTTCATCAAAATTGCTTGTGCTATTTTTATCAGGTTCAGGAAAATATTGTTTATTTGTAGAATATCCATTCTGATTACAAGTTATAATATTATTAATATTTATAAATTTTTTTTTTGTTTTTAAATCACCAAATTGATTATCGTTAT","Pf3D7_06_v3-1115900-1116168-1A.1","1+8N36+9N162+12N",597,1,1
"IM-23-122-AGLG","8039832525","Maziba","Pf3D7_09_v3-164045-164311-1A","ATCAACTGGTGTTGCAAAACCATTAGTTACCAATTTTAATTCTCCATTTAGTGCTTTTGGTAAAACAAATACCAGTGATATATTTAAAACTAATACTACTGCATCAACTACAAATGCAACTGCAACTGCAACTCCTGCTCCCTTTGGATCAGCATTTGGAGCGCAAAAGAATAATGATAGCTTGTTTGGAAATAATGCATTCAAGCTTTCG","Pf3D7_09_v3-164045-164311-1A.1",".",958,0.850044365572316,2
"IM-23-122-AGLG","8039832525","Maziba","Pf3D7_09_v3-202854-203106-1A","AATATACAAAGAATGTATATGATAAAATATTCTTTGTCCTTTAAAATTTTTTGTTCTTGTACTTTGTTTTTTATAATCTATTAAATTCATATCTGATGAAATATCATATTTATATTCCCCTTTATGAGCATTTACAAAAGTTTCGCTATTTCTTTTATTAATATATGTATTTGAGCACATATTTTTAT","Pf3D7_09_v3-202854-203106-1A.3","46+8N66+8N183T",282,0.2,2
"IM-23-122-AGLG","8039832525","Maziba","Pf3D7_11_v3-1375807-1376056-1A","TCGTTATGTACCCTAATAAAATTTTTTCCATTATTTGAATCTATATTATTTACATTAGTATTTTGAGTTGTACCATAAATTTCAGTGTTATTATTATTTCTATTCATATAATTATGTCCGCTTATATAATTATGACCATTAAAAAAACGTCTTCCATGTATATCATCTCTTCTAATGTATTTA","Pf3D7_11_v3-1375807-1376056-1A.5","20+10N140+9N",1,0.00266666666666667,3
"IM-23-122-AGLG","8039832525","Maziba","Pf3D7_05_v3-641131-641404-1A","GGAATTTTTTTTTTGGTGTTTTATTTTTTCGAAGGATACAGTATAATCTAAGACATTAAAATTATTGGGTTTGAAAAAGAGTTTCCTTTTTATGATGTGCAATAGAGGTATATTTATATAGGAAATATAAACATATAAAAGGAATATGATAAAAAGGAAATATTGACTTAATAAAATATTAATATTTCTTTTTTTAAAATATATTTCGT","Pf3D7_05_v3-641131-641404-1A.3","4+12N23+8N42T188+9N",127,0.590697674418605,4
"IM-23-122-AGLG","8039832525","Maziba","Pf3D7_14_v3-106867-107115-1A","AATGACATGAACAAGTCAGGCGAAAAAGAGGAACATGTTATAAATAGTAAATGGAAAAATAAATTTTTCCATGAAGTTATACAAAATATGTTATATGATGATAATATAAATGATCATAAAGAAGAAATTAAGGAAGATAATTCTAATGAATATAATATCAATAATAAAAATGATAATTTATATGATATA","Pf3D7_14_v3-106867-107115-1A.2","120A",164,0.2793867120954,2
"IM-23-122-AGLG","8039832525","Maziba","Pf3D7_06_v3-1135605-1135855-1A","TATAAAGAATTTATACCACCTAAATTGTTAACATTAGAAGTATTATTTGTTTCTGTATTTTCTTGTAACGTATTTGTATTATTAATATTGTTAGATGAAATATTATGACTATTTCTTCTATTTGTTATATTTAAATTGTAAATAGTTTCATTACTAACACTACTGATACCATTGAAATGATTATTTAG","Pf3D7_06_v3-1135605-1135855-1A.1","172T",549,0.642857142857143,2
"IM-23-122-AGLG","8039832525","Maziba","Pf3D7_13_v3-852647-852921-1A","TACGAAATGATGAATTAAAAGAATTAACATTTATGAAAAATAAAGAAAATAGGAATGCAGATACATATGTTTTTGATTATCCTAAAAAAGAGAAATATGACCAATTAGTTTTTGAATTACGTAAACATAATTTTAATATAACAAGCATTAATACATATAAAAAACTAAAAAATGAAACATCATCACAAAAAGAAGAAAATGCTTCTATAATAAGTT","Pf3D7_13_v3-852647-852921-1A.8","83+8N149T158+8N169A",2,0.00444444444444444,4
"IM-23-122-AGLG","8039832525","Maziba","Pf3D7_09_v3-82006-82236-1A","TTTATCATCTTTAGGCCATAACCAGAGTACAAGAAATCCAACTATAACAATTGTAATTAACATTATAAATACTGTAATACCATAAACACTACCAGAAGCGATCAGAAATGCACTAAAAGTATAACCATATCCACTTGGAATAAGAGTAGCGATAAAACTAAAAATAGC","Pf3D7_09_v3-82006-82236-1A.23","34A95G126C128T131C137G",7,0.00344318740777177,4
"IM-23-122-AGLG","8039832525","Maziba","Pf3D7_13_v3-911757-912005-1A","GAGCCAACAATTTGATTTTCCACAACTTACTGAATCTTTAAAACATTGTGAACAGGTATCTGACATTTTTTTATTATCTTTGGCTAGTTCCTTTTGAACACATTCCATAGTACTATCACCTGAACCTAAGTTATCAACAGAACATTTTAATAATATACTAAAAAATTTATTGCTAGGAGAAAGTTGTAAA","Pf3D7_13_v3-911757-912005-1A.1","65+9N159+8N",1585,1,1
"IM-23-122-AGLG","8039832525","Maziba","Pf3D7_11_v3-1968050-1968296-2","TCATTACACTAGTCATGATTGGTTTAGATTATTACGCCAAGGGAATAAAGCTCAAAATTCCATTTCTCAGGAAGTAGACATATTAACGGAAAAGTATAAAAAATTAATTTCAGAGGAAGACAATAAAAAAGAAAATAACAATAATAATGATGATGAAGTAAAACCAGAACTAAAAGACAATATA","Pf3D7_11_v3-1968050-1968296-2.2","97+8N124+8N",2124,1,1
"IM-23-122-AGLG","8039832525","Maziba","Pf3D7_14_v3-3124416-3124655-1A","TAATTGATCTTCTAGAGGAATTAGATATTTTGTCTATATCGAATAAAGATGAAGTAGAAAAACGAAGAAAGGAAACAACTCAAGAGACGCGGTTGTTAGGAAATATTGATTTAGGATATGGAAAATTAGGAGAGGGAATAAAGCATGAAAATTTACAGGAAGAATTAGGAAACATATTATTTG","Pf3D7_14_v3-3124416-3124655-1A.18","175T",1005,0.371534195933457,3
"IM-23-122-AGLG","8039832525","Maziba","Pf3D7_11_v3-408543-408771-1A","AGAGTGTTAATAATACTACAGCTAGTAATATTTCCAAATCCAAAAATGAACTTGAAAAAAAGTCATCAGTTAATAATAATGCTTATATTAAAATTATCGAAAATTATGATTTATTATGGTTAAAATTAATAGAAATTGAATTATGTTGTAATAATAAAAATTTAAATCCTATA","Pf3D7_11_v3-408543-408771-1A.1","54+9N",2292,0.988783433994823,2
"IM-23-122-AGLG","8039832525","Maziba","Pf3D7_11_v3-497277-497548-1A","TTTTAGATTTAATTGAATATTCATTTTTAAATTATACTAGTTCTAATTTAAATACAATAAATAATAATAATGACAAAAAAAAACAAAATCAAAAAAATAAAAATCGCAAATATAGTAAAAATAATATTTTAGATCTCTATGAACACGCAAGTACGATCAGTTTATTTTATCACACGTTTAATTTACCTAAGGAGTATAATGAAAAATTGTT","Pf3D7_11_v3-497277-497548-1A.4","74+11N90+9N",174,0.467741935483871,2
"IM-23-122-AGLG","8039832525","Maziba","Pf3D7_07_v3-717260-717493-1A","GAGCTTGCTTTTTTGTTGCGTTACTTGCTGGGCTGATCAAAAAAAAAGTTGAATGTATTGAACTTAGTGCCAGCGAAATTTCCCCTCATGAAAACAAATCGACGAGTTCATCAATATTCCAAGAGGAATTAAAATTTGATGAGTCTCTGAAAAATTTTTTCAAACAA","Pf3D7_07_v3-717260-717493-1A.2","8+8N38+11N141G154+8N",941,0.562799043062201,2
"IM-23-122-AGLG","8039832525","Maziba","Pf3D7_03_v3-653961-654206-1A","CTCGTACAATATTTTTATAATTTCCTTTCATCTTATTTTTTTCTTTATATTTTTTTTTTTCATATGTAAGATTTATATAATCACTTTCGCTTTTTCTAACCCTTTTGAACTTTTTAAATGTACTTCGTTCATTATTTCTAATTCTCGTAAACACAAGAATAAATATTTTGATATATCTTATA","Pf3D7_03_v3-653961-654206-1A.2","35+9N49+13N",837,0.995243757431629,2
"IM-23-122-AGLG","8039832525","Maziba","Pf3D7_07_v3-729480-729750-1A","TGAATGTTCAGAAATTTTATATCACTTAAATCGTTTGAGTGAGTTAGATCAAATATTGTTGAAAGATAAAATAAGTATATATGAGTATCAGCTAAAGGACACGTTTTTAACAACGTATGATATAGGTTGTTTATTAAAAATAGCTCAAGTGTTGAATGAACAAAATTATTATGATAACATTCCATTTTTGCATATATTTTTATATAACATACATAA","Pf3D7_07_v3-729480-729750-1A.1","42A",574,1,1
"IM-23-122-AGLG","8039832525","Maziba","Pf3D7_13_v3-1724895-1725166-1B","CGCCATTTTCTCCTCCTGTAATTATATAAGAATCTGACAATGTGGCAGCTCCAAAATTCATTTTTTTCTCTGGTACACCATTTAGAAATTGCCATCTTTTATTAAATGGTTGATATTGTTCAACGGAATCTAATATGTTATGTTCATTATCAATACCTCCAACAACATATATTTGATTAAGGTAATTAAAAGCTGCTCCTGAACTTCTAG","Pf3D7_13_v3-1724895-1725166-1B.1","60+9N",236,0.600508905852417,2
"IM-23-122-AGLG","8039832525","Maziba","Pf3D7_05_v3-1188456-1188706-1A","CGAAATTTAAATCAATAGCGGTTACGTTCATAATTTTGCCTTCAAAACTAACTTCTGTATGATATATAAATTTATTTTCCTTTACACTAAATACATATATAAAAATGGTACTTAATAATTTATCTTTATCATATTTAAATAATATTAAATCTGTTTTTACATCTGAGTTGTAATCACCGAAAT","Pf3D7_05_v3-1188456-1188706-1A.4","2G",1661,0.998797354179194,2
"IM-23-122-AGLG","8039832525","Maziba","Pf3D7_13_v3-1725124-1725365-2","TGGAAATTGTTCCCATTTATTCATTTTTTCTTCATATACTTCAATAGAATTTAATCTCTCACCATTAGTTCCACCAATGACATAAATTTTATTATCAAAAGCAACACACATAGCTGATGATCTAGGGGTATTCAAAGGTGCCACCTCTACCCATGCTTTCATACGATGATCATATGCTTCTAC","Pf3D7_13_v3-1725124-1725365-2.1","23+8N",2839,1,1
"IM-23-122-AGLG","8039832525","Maziba","Pf3D7_13_v3-1725208-1725471-1B","CATAAATTTTATTATCAAAAGCAACACACATAGCTGATGATCTAGGGGTATTCAAAGGTGCCACCTCTACCCATGCTTTCATACGATGATCATATGCTTCTACATTCGGTATAATAGAAGAGCCATCATATCCCCCAATACAATAAATTCTACCATTTGACGTAACACCACAATTATTTCTTCTAGGTATATTTAAATTACTTGAAAC","Pf3D7_13_v3-1725208-1725471-1B.1",".",839,1,1
"IM-23-122-AGLG","8039832525","Maziba","Pf3D7_06_v3-1235395-1235658-1A","GAATATGATAAAATATATATACCAAACAATAAAAATAAAATTAATAATATAAATAATTTTTTAATAAAAAACAATTTGCTGTTGAAATCCAAATTTATGAGAATAACTCCTAATACCTATTTATGTCGTAATTGTGTCCTGTTATATCAAAATGATTTTTCGTATAATACATATGAAGAAGAAATTAATAAAATGG","Pf3D7_06_v3-1235395-1235658-1A.1","56+8N65+8N",291,1,1
"IM-23-122-AGLG","8039832525","Maziba","Pf3D7_05_v3-213027-213251-1A","ATGTACTTATCCCCTGATATGATTGTTCCAATATCATCAAAATCAGTAATCTCTAAATCATTTATATGATTTATATGTATAAATTCTTTTATCTTGTTCAAATAATTTCTGTAATAAAATATATTCTCTTTATCATCATCAATTATTTTCATATAATC","Pf3D7_05_v3-213027-213251-1A.6","25G26T",1312,0.648221343873518,3
"IM-23-122-AGLG","8039832525","Maziba","Pf3D7_05_v3-213027-213251-1A","ATGTACTTATCCCCTGATATGATTTTTCCAATATCATCAAAATCAGTAATCTCTAAATCATTTATATGATTTATATGTATAAATTCTTTTATCTTGTTCAAATAATTTCTGTAATAAAATATATTCTCTTTATCATCATCAATTATTTTCATATAATC","Pf3D7_05_v3-213027-213251-1A.4","25T26T",710,0.350790513833992,3
"IM-23-122-AGLG","8039832525","Maziba","Pf3D7_08_v3-412801-413062-1A","ATGAAGAAATATACGAATATATACTTATAAACGATATTTTTAATTTAAAAAAAGAAATAAAAAATTTCAATATATTAAATAAATATGATGTATTTGAATATATTATTATTATTTTAAAATTGTATGATAAAATATATCCTGATGCAGAGTACATCGAATGTGTACGAGAAACATCACAGAATGGTGATCCTTTA","Pf3D7_08_v3-412801-413062-1A.3","46+9N58+8N101+13N147G",98,0.632258064516129,2
"IM-23-122-AGLG","8039832525","Maziba","Pf3D7_06_v3-176108-176338-1A","ATTATTATTATTATTATTATGCTGATGATGATGATGATCTGTGTTAAGATCATCTTCTATACCATTAGTTAAACATTTTATATTTTTATTCATATAAACATTAATCTTCACAACAGATTTATCAGATCTAGAAAATCTTGTACCTGTTGCTTTATGTAACAATAT","Pf3D7_06_v3-176108-176338-1A.2","1+38N",562,0.438377535101404,4
"IM-23-122-AGLG","8039832525","Maziba","Pf3D7_06_v3-176108-176338-1A","ATTATTATTATTATTATTATTATGATGATGATGATGATCTGTGTTAAGATCATCTTCTATACCATTAGTTAAACATTTTATATTTTTATTCATATAAACATTAATCTTCACAACAGATTTATCAGATCTAGAAAATCTTGTACCTGTTGCTTTATGTAACAATAT","Pf3D7_06_v3-176108-176338-1A.12","1+38N",28,0.0218408736349454,4
"IM-23-122-AGLG","8039832525","Maziba","Pf3D7_06_v3-416462-416720-1A","AAGAGAAAATGGACATTGTGGAGAATATAAAAAATAGAGGAAAGGAAAAAACAGAATTAACATATAAAGAAGTATATAAAACACAACAGAATCAAAATGATGCAAGTTTAAATTCATTTTGGGGTGATGAAAAAAAAAATAATAATTATGATATAGATATAGTAAAAGAGAAATATAGTGAGTTAATGAAAAAAAAAGAA","Pf3D7_06_v3-416462-416720-1A.2","3+8N28+8N45+8N129+12N188+11N",870,1,1
"IM-23-122-AGLG","8039832525","Maziba","Pf3D7_05_v3-641131-641404-1A","GGAATTTTTTTTTTGGTGTTTTATTTTTTCGAAGGATACAGGATAATCTAAGACATTAAAATTATTGGGTTTGAAAAAGAGTTTCCTTTTTATGATGTGCAATAGAGGTATATTTATATAGGAAATATAAACATATAAAAGGAATATGATAAAAAGGAAATATTGACTTAATAAAATATTAATATTTCTTTTTTTAAAATATATTTCGT","Pf3D7_05_v3-641131-641404-1A.2","4+12N23+8N188+9N",1,0.00465116279069767,4
"IM-23-122-AGLG","8039832525","Maziba","Pf3D7_06_v3-532166-532407-1A","AGAACAATTGCTAAACACCAAATTGGGTGAAACAAAAAACCACCTGAACAGAACCCCATTTATACCTGAATCGGTCATACGAGAAAGGAAATTACGCCAAGAAAAAGCGCAATCCACAAACAACATGTTCGATTCAACAAACGCAGATAGTATTACTTCCCCATGTGATCCAACGAATGTCACG","Pf3D7_06_v3-532166-532407-1A.22","33+8N109G157T180T",1361,0.467536928890416,3
"IM-23-122-AGLG","8039832525","Maziba","Pf3D7_05_v3-550803-551072-1A","ATATACACCTTTCTTATTTATATTAATCTTTTCATTTTTACAAGAAATCACCTCCCTACTTATTCGGTTGTTCTCATTTTCATATTTCATAACACCATCATTTATTTTTTCTATTTCTTTAATATTATTTTCTCCTTGGACGTAATTATGCTTTCCTATCATCTCCTTTGCTCTACTTCCTATATATACTAATTTCTCTCTGAA","Pf3D7_05_v3-550803-551072-1A.5","6D=ATA75T107+8N",235,0.556872037914692,3
"IM-23-122-AGLG","8039832525","Maziba","Pf3D7_11_v3-115913-116184-1A","ACCTCCAGATGTTATAAATATTATATTATCATCATCATTTGGAAGGAAATTCTCCTCTAATGTTTTTAATATTTCATCTATATTTTTAGGTCTCAATTTACTATTGAAAAATTTTGAATACTTCAAAAAATAATCATCATCTTTTACATTACATATATTATCATTATTTTCATTTTGTTTTAGTAGTTCATCTTTTTTATTATC","Pf3D7_11_v3-115913-116184-1A.1","7A124+8N197T",226,0.79020979020979,2
"IM-23-122-AGLG","8039832525","Maziba","Pf3D7_05_v3-1188456-1188706-1A","CAAAATTTAAATCAATAGTGGTTACGTTCATAATTTTGCCTTCAAAACTAACCTCTGTATGATATATAAATTTATTTTCCTTTACACTAAATACATATATAAAAATGGTACTTAATAATTTATCTTTATCATATTTAAATAATATTAAATCTGTTTTTACATCTGAGTTGTAATCACCGAAAT","Pf3D7_05_v3-1188456-1188706-1A.28","19T53C",2,0.00120264582080577,2
"IM-23-122-AGLG","8039832525","Maziba","Pf3D7_13_v3-146695-146934-1A","AAAGTATTTGTAATAGATTAAACGATGAACTAAATGAAGAAATATGTGGTTATCAAATTAGGTTTGAAAAATCGTATTTTTTAAAACATAGTAAAATTAAAGTTATGACAGAAGGAATTTTATTGAAAGAAATTATGAGTGATTTTATTTTATCAAAATATAGTGTTATCATTCTTGA","Pf3D7_13_v3-146695-146934-1A.2","76+8N170C",859,0.34805510534846,3
"IM-23-122-AGLG","8039832525","Maziba","Pf3D7_04_v3-316593-316858-1A","TTATTCATTTTTTGTATATTATCCTTTTCTACATCATCAAAATTTGTTAATGATTCACACGTTATATTTGGTGATATTATATTTCTACCTGTACATACACCAATATTTGTTGTACCTATTATTTTATACCCTTCTTGACATTTAAATTCTATTTTTTCACCAAGTAAATAATATTTTTTATCAGGGATAAGGGAAACATA","Pf3D7_04_v3-316593-316858-1A.1","7+8N151+8N173+8N",934,1,1
"IM-23-122-AGLG","8039832525","Maziba","Pf3D7_05_v3-796518-796759-1A","TGGTTCTTCAATTATTCATATAAGTTCTTTATTAGTAGGTGTATATTTATGTAGTAGTAGTGCAAATGCATTTAATCAAATTATTGAAAGAAATATAGATAAGTTAATGAAAAGAACCCAAAAAAGACCCTTAGCAAATAATAATCCAAATATGTCAGTTAAACATGCTGAAATAT","Pf3D7_05_v3-796518-796759-1A.1","14A119+8N",430,0.393053016453382,2
"IM-23-122-AGLG","8039832525","Maziba","Pf3D7_09_v3-1015103-1015350-1A","ATTATTTAATTTTTCATCTTTTATATTTTTCAGATTTTTTATATGAAGATATAGGAATACAACTAAATTAACAGCTGAAAATAATCTTACTAACAAAAATAATTTGAGGAATTCTTCATCATATAAATCTTTTGGAATATTATTTGTGTATTCATAAATTTCTATTAAGGATATAATAGTTATGA","Pf3D7_09_v3-1015103-1015350-1A.1","34+8N",161,1,1
"IM-23-122-AGLG","8039832525","Maziba","Pf3D7_09_v3-1406342-1406614-1A","TCTCAGATTATCATAGTGTTGTGGATGAAGATTTAATTAATTTTAATGATGATGTTACTTTAGAAACACAATCCATGATAGCACACGGAGGGTCTTTGTCAGAAATAGAAGAAACTGGAGATTTATCTTCAGATGTTGATAGATTACTTTCATCAATCGAAACTACTCCAAGAGATGATGTTGTATATATACGAGGTGATATTATATT","Pf3D7_09_v3-1406342-1406614-1A.1","148T204A",544,0.426666666666667,2
"IM-23-122-AGLG","8039832525","Maziba","Pf3D7_11_v3-1294664-1294910-1A","AAAAGATAAATCATTTCAAAACTATACATATTTAAGTAAAAATGTAGTTGATAACTGGGAAAAAGTTTGCCCTAGAAAGAATTTAGAGAATGCAAAATTCGGATTATGGGTCGATGGAAATTGTGAAGATATACCACATGTAAATGAATTTTCAGCAAATGATCTTTTTGAATGTAATAAATTAGTTTTTGAATTG","Pf3D7_11_v3-1294664-1294910-1A.10","9A40A86G152T159A",2617,1,1
"IM-23-122-AGLG","8039832525","Maziba","Pf3D7_11_v3-1295103-1295335-1A","ACTACTGCTTTGTCCCATCCCAACGAAGTTGAACACAATTTTCCATGTTCATTATATAAAGATGAAATAAAGAAAGAAATCGAAAGAGAATCAAAACGAATTAAATTAAATGATAATGATGATGAAGGGAATAAAAAAATTATAGCTCCAAGAATTTTTATTTCAGATGATATA","Pf3D7_11_v3-1295103-1295335-1A.2","23A34C71A132+9N173T",1,0.000520291363163372,2
"IM-23-122-AGLG","8039832525","Maziba","Pf3D7_05_v3-961511-961758-1B","CTGCAGAAGATTATACTGTATTTAATAATAATGGAGAAATATTATTAGATGATATTAATATATGTGATTATAACTTAAGAGATCTTAGAAACTTATTTTCAATAGTTAGTCAAGAACCCATGTTATTTAATATGTCCATATATGAAAATATCAAATTTGGAAGAGAAGATGCAACATTGGAAGAT","Pf3D7_05_v3-961511-961758-1B.1",".",950,1,1
"IM-23-122-AGLG","8039832525","Maziba","Pf3D7_11_v3-1295371-1295597-1A","AAGTAACATCAAATAATGAAGTTGTAGTTAAAGAAGAATATAAAGATGAATATGCAGATATTCCTGAACATAAACCAACTTATGATAACATGAAAATTATAATTGCATCATCAGCTGCTGTCGCTGTATTAGCAACTATTTTAATGGTTTATCTTTATAAAAGAA","Pf3D7_11_v3-1295371-1295597-1A.2","89C",525,0.338491295938104,2
"IM-23-122-AGLG","8039832525","Maziba","Pf3D7_11_v3-1374917-1375148-1A","TTTTTAAATGAAAATCTCCAAAGCTTCTGGTTGGTTGTAATCTACCTTTAACATAACAATTATCATAATGATGTGATAAGAGATGAAAAGGTGTTTTACATAATTTATATGTATTATTATTATTAACAGTTTTATAATCTCGAGTACATATTTTACATACTAATATA","Pf3D7_11_v3-1374917-1375148-1A.4","106T112+14N",172,0.140983606557377,2
"IM-23-122-AGLG","8039832525","Maziba","Pf3D7_13_v3-156713-156986-1A","TCCTTTTATGTGAACAAATTAAATATTGTAAATGATTTCTTTTTTGGAACACACCATAAAGATACACCTCAAGACAGTCAAAATGAACACAAAACGGATGAACCTAAAATACATAATGTTTTCAAAAAAAAAAATAACGATATCTTTGTTAATATTCCTCTACCAAAAATATTTAAAAATTTCTTACATTCCATATATTTTAGAACTCC","Pf3D7_13_v3-156713-156986-1A.1","39+8N47G50C68C123+13N",217,0.408662900188324,2
"IM-23-122-AGLG","8039832525","Maziba","Pf3D7_04_v3-900526-900759-1A","TTAACAACTTATCATCATTTATTAGATTCTTTTCATGGAACAGATTATTAACAGTATCCATAATTTTATGATCATCCGTGTTATATGTATCTATACAAGTATTTAGCTTGCTTATATAATTTACATATTTCAACGGATCATTTTGAAGTATGCAATCATCGAATGAATA","Pf3D7_04_v3-900526-900759-1A.1","106G",643,0.441620879120879,2
"IM-23-122-AGLG","8039832525","Maziba","Pf3D7_13_v3-1724895-1725166-1B","CGCCATTTTCTCCTCCTGTAATTATATAAGAATCTGACAATGTGGCAACTCCAAAATTCATTTTTTTCTCTGGTACACCATTTAGAAATTGCCATCTTTTATTAAATGGTTGATATTGTTCAACGGAATCTAATATGTTATGTTCATTATCAATACCTCCAACAACATATATTTGATTAAGGTAATTAAAAGCTGCTCCTGAACTTCTAG","Pf3D7_13_v3-1724895-1725166-1B.2","48A60+9N",157,0.399491094147583,2
"IM-23-122-AGLG","8039832525","Maziba","Pf3D7_08_v3-336421-336651-1A","TAACAACGAACCCATAAATTTACAAAAAAATTTAGATTTAATCATATGGCTAAAAAAGAATATAAAAGAAGGAGAAGCTTTAATTTCTGATATACCTACATCAAGTTTTTTAAGGTGTACTACAAATTATAAATTTGTATTGCATCCCCAATATGAAGATAGT","Pf3D7_08_v3-336421-336651-1A.2","25A51+8N97T105+8N148C",915,0.553204353083434,3
"IM-23-122-AGLG","8039832525","Maziba","Pf3D7_05_v3-1322099-1322341-1A","TTCCAATAGAAACTATATTACGATTTTCTTCATGAGGTAAATTGACATTCATCTTATATGTATAATTAAGGATGAGTAATAAATTGTATAAAAATATTTTTATTTAATAATTTATATGTATTATTAATAATTCTGAATTTATCAATTGATATATTATTTTTGTTTTTCTTTATGCCATTC","Pf3D7_05_v3-1322099-1322341-1A.4","27T",215,0.83011583011583,2
"IM-23-122-AGLG","8039832525","Maziba","Pf3D7_04_v3-544454-544718-1A","ACAAAATATAATACTTTATATACAAATGCTTATAAAAAATTTTAACTCGAACGTACTTCAAAATAATATAAATGAACAAGAAGTAATACATAATAACATCAACATTAATAATATAAAAGAAGAACAAATTATACCAAATAATATCAAGAATATCCATAATAATGACAATATTAATCATTGTGATGATAATAAAATAA","Pf3D7_04_v3-544454-544718-1A.3","33+8N",795,1,1
"IM-23-122-AGLG","8039832525","Maziba","Pf3D7_07_v3-432832-433091-1A","TTGAAAAAGTCATCATCAGAATGGGGATGATTATTATTGTTATTATGAGTTTGGTTCGTATTAATATTATGATCCTTTTCGTTATTTAATTTATGTTCATTTATATTTTTATAAATAAATAATTTTCCAAGAAGTATACCATTAATAAACTTACTAGTTAACATATTAGACTGCTCAATATTTGTACATTTTTTTAAAGTATGTATT","Pf3D7_07_v3-432832-433091-1A.3","30+17N72A188+9N198A",730,0.543154761904762,2
"IM-23-122-AGLG","8039832525","Maziba","Pf3D7_13_v3-935613-935884-1A","CAAAATAATATGAATAGTAATAGTAATAGTTATAATAATTTTAATATAACAGATAGAAGTAAAGAAATAAAAAAAAATTATAAAAGAAACAAAATTTTAATAGTTATTAATAATATTAATACAAATCATATTTTATTATTAAATGAAAGTGTTATAAAAAAAAAAATACTTACATTTTATCTAGATCTTTTTTTTGATGATAATGAACAAAT","Pf3D7_13_v3-935613-935884-1A.1","68+11N155+13N187+10N",133,0.145673603504929,2
"IM-23-122-AGLG","8039832525","Maziba","Pf3D7_11_v3-2001725-2001999-2","GGATGTAAGAACTAAGAATGTAAATACAAGTAAGAGAAATGAAGGACTTAATGATATAAATGAATCAGAAAAAACAAGAACAAGAAGGGCATCAACAAAATCAAATAATAATAATAATAATGTATCATACGAGAATGAATTAGAGAGTGTATCTGAATGGTTTGATAACTTTTTGGAGGATCATATGAAGGAAGGTGTTTTTTTAGATGGGGAAAA","Pf3D7_11_v3-2001725-2001999-2.1","1G68+8N89G116I=AATAAT153G191+9N",309,1,1
"IM-23-122-AGLG","8039832525","Maziba","Pf3D7_11_v3-408285-408534-1A","TATGAAGAAGGTTTAAAATATTGTGCGTCATCAATTAATTTATGGATATGTGCTATCGATTTACAAATAGAAAAAAAGAATTATACAGGTGCTAGAGCTTTGACGGAGAAAGCAAAAATCAAAATCAAGTATTTAAATTCTTTTAATAATAATAGTCATATTTTAAAAAGTAAAGAAATTATTGAA","Pf3D7_11_v3-408285-408534-1A.1","70+9N",1,0.00100603621730382,3
"IM-23-122-AGLG","8039832525","Maziba","Pf3D7_11_v3-408543-408771-1A","AGAGTGTTAATAATACTACAGCTAGTCATATTTCCAAATCCAAAAATGAACTTGAAAAAAAGTCATCAGTTAATAATAATGCTTATATTAAAATTATCGAAAATTATGATTTATTATGGTTAAAATTAATAGAAATTGAATTATGTTGTAATAATAAAAATTTAAATCCTATA","Pf3D7_11_v3-408543-408771-1A.3","27C54+9N",26,0.0112165660051769,2
"IM-23-122-AGLG","8039832525","Maziba","Pf3D7_07_v3-627351-627625-1A","TCACTAAGATAATTATTATTACTATTTTCAGCATAATAAAATTTCTGATGTTTCATAAGAGGAGTTTGGTTAGAAGCAAAATTATCAGCAGTTGTCGAATAATTATTATGTTCTTGATAAAAGAGATTATTCATATAGTTATTATTATTTTTCATATCATCCATAGTATTATTGTTAATATAAAATTCCTCATATGAATTATATATATA","Pf3D7_07_v3-627351-627625-1A.3","54C",159,0.368909512761021,2
"IM-23-122-AGLG","8039832525","Maziba","Pf3D7_14_v3-377765-378020-1A","AAAGATATATCAACTGAAAATATTTTATCAAATAATTGCTTTAATAATAAGTTAAAAAATTGATTTCCAATATCTATCATATTCATATAATCTAATGATTTAAAAATATATAATATACTCTTTGGACTAAATTTTAATTCATCATTTATTATTTTCTCTTTTACTATTGCTTTAATTTGATTAAAATATATAA","Pf3D7_14_v3-377765-378020-1A.14","53+8N71T",207,0.512376237623762,2
"IM-23-122-AGLG","8039832525","Maziba","Pf3D7_05_v3-550803-551072-1A","ATATAATACACCTTTCTTATTTATATTAATCTTTTCATTTTTACAAGAAATCACCTCCCTACTTATTCGGTTGTCCTCATTTTCATATTTCATAACACCATCATTTATTTTTTCTATTTCTTTAATATTATTTTCTCCTTCGACGTAATTATGCTTTCCTATCATCTCCTTTGCTCTACTTCCTATATATACTAATTTCTCTCTGAA","Pf3D7_05_v3-550803-551072-1A.2","107+8N141C",186,0.440758293838863,3
"IM-23-122-AGLG","8039832525","Maziba","Pf3D7_11_v3-1127074-1127316-1A","AACATTTTAATATTCCTAATTTCGAAAATATGATGAAAGGAGTTTTTGGAATTATTCAAAATCCTTTTGAAAATGGCCAACCCACTTTCCCATTCTTTAAAAATATTAATTCGATCTCTGGAATCGGTAATGTTGATATCCCCAAAAATTTTATGAATGATTTTTTGAATAATGGAAATGATCAAAACA","Pf3D7_11_v3-1127074-1127316-1A.1","13T160+8N",273,0.182242990654206,2
"IM-23-122-AGLG","8039832525","Maziba","Pf3D7_08_v3-585331-585590-1A","TGAAAACTTTTCATGTACGGTTAATAAACAAAATAATTCTGAATTATATATAAGTAAAACTTCTTCTACATCTCTAAATTTATGCATTGTAGCTCTTTTAATATAATAAGGCAAATATTTTACAATATATTTTTGTTTAAAAAAACCTTGATGACCAACATTAATATCTTCCATTTTGGAAAAGGTTCCACTTAACG","Pf3D7_08_v3-585331-585590-1A.2","102T138+9N",1234,1,1
"IM-23-122-AGLG","8039832525","Maziba","Pf3D7_14_v3-106867-107115-1A","AATGACATGAACAAGTCAGGCGAAAAAGAGGAACATGTTATAAATAGTAAATGGAAAAATAAATTTTTCCATGAAGTAATACAAAATATGTTATATGATGATAATATAAATGATCATAAGGAAGAAATTAAGGAAGATAATTCTAATGAATATAATATCAATAATAAAAATGATAATTTATATGATATA","Pf3D7_14_v3-106867-107115-1A.1","78A",423,0.7206132879046,2
"IM-23-122-AGLG","8039832525","Maziba","Pf3D7_06_v3-1136091-1136364-1A","CATTATTTTTGTATCCAACGTCGTTATTATTAAAACTTATTATTTGATTAATAACTGACGAACCACATATATTTACACAATGGAATACATAACTTAAGAAAGAGTAGTAATTGCATTTTACTTTTTGCATTTTCCCTCTGGTGGAGAAATAATTATTATGCTGCTTATTACTTTTTGTATTATGATAATTTTTGGTAATCATTTTTTTT","Pf3D7_06_v3-1136091-1136364-1A.2","201+9N",301,0.353701527614571,2
"IM-23-122-AGLG","8039832525","Maziba","Pf3D7_05_v3-213027-213251-1A","ATGTACTTATCCCCTGATATGATTCCTCCAATATCATCAAAATCAGTAATCTCTAAATCATTTATATGATTTATATGTATAAATTCTTTTATCTTGTTCAAATAATTTCTGTAATAAAATATATTCTCTTTATCATCATCAATTATTTTCATATAATC","Pf3D7_05_v3-213027-213251-1A.2",".",2,0.000988142292490119,3
"IM-23-122-AGLG","8039832525","Maziba","Pf3D7_11_v3-1006693-1006917-1A","GTGGGGGAGAGAATTTTACCTTGATATGCTCCCATGTTTTATCCTTTATACAATACATATAAGTGTCATTGGTAATATATGACCCTCTTTTACCTCCGTAAAGAAATAAACAATCTTCTTTTTTTTCAGTGGAGTAAATTAAATTTAATTTTGCAAAATAGCGTGG","Pf3D7_11_v3-1006693-1006917-1A.1","118+10N",1942,1,1
"IM-23-122-AGLG","8039832525","Maziba","Pf3D7_06_v3-1282656-1282930-1A","AAGATATGGAAGAAATATGATAAAGAAAACAATAAATATATATTGTCTCATTTTATTCCCCAATTTATTGAAGACTTAAATTTGAAGGATGAATTCCGAAATTTATTTGATGGATTTGTAAATGATTTGGATATTCTATTATATTCAGAATTTAAAGCATTTTATTTACAAATGAAGCAAAAAGATATAAATGAACTGAAAAATTCTGA","Pf3D7_06_v3-1282656-1282930-1A.4",".",508,1,1
"IM-23-122-AGLG","8039832525","Maziba","Pf3D7_10_v3-992596-992869-1A","GAAAATAATAAAATGCACAGTATCAATTCTGATAGAAATAAAAATGATTATATTCCATCTTCCTATTTACATACAATATATAAAACATTTAGCAAACATATAAACCGAGATAATGGAAATATTTATGATGATGAAAAAAAAAATTTATATGATGGAACTGTTTTTTATATAGAAACATTAAACGAATTAAGAATTATAAATATATTATTTTCA","Pf3D7_10_v3-992596-992869-1A.13","94A133+12N160+8N",81,0.5625,2
"IM-23-122-AGLG","8039832525","Maziba","Pf3D7_08_v3-476232-476475-1A","CAAACACATGATAAACAAAAGTGTAAGGAAAATTTTTCAAATTCATTTGTTAATGAAATATATGAAAAAGAAGAAAAAGAAACGCAAAAAATGAAAGAATATTTAGAACAACATGAAGAACATTTTTCAACGTTTAGAAATTCAATTTTATGTAAATTAAGAATAGCTGAAGAATT","Pf3D7_08_v3-476232-476475-1A.1","85+8N",407,0.34520780322307,2
"IM-23-122-AGLG","8039832525","Maziba","Pf3D7_05_v3-395887-396136-1A","TCTAAGGATTGTTGGTTTTTTAGGATGCTCATCTTTTTAAGATAATCCTCTTTACTGTCGTTATTATTTAAATCGTTTTGTATAATATTATATTGTGAATTCCTTGTGTTTTTCATAACACTATTAGTCCTATTGGTGTTCTTCTTATTATTATTATTATTGTTCTTCTTCTTAATAAA","Pf3D7_05_v3-395887-396136-1A.3","15+8N119C145+20N",488,0.824324324324324,2
"IM-23-122-AGLG","8039832525","Maziba","Pf3D7_05_v3-395887-396136-1A","TCTAAGGATTGTTGGTTTTTTAGGATGCTCATCTTTTTAAGATAATCCTCTTTACTGTCGTTATTATTTAAATCGTTTTGTATAATATTATATTGTGAATTCCTTGTGTTTTTCATAATACTATTAGTCCTATTGGTGTTCTTCTTCTTATTATTATTATTATTGTTCTTCTTCTTAATAAA","Pf3D7_05_v3-395887-396136-1A.4","15+8N145+20N",104,0.175675675675676,2
"IM-23-122-AGLG","8039832525","Maziba","Pf3D7_06_v3-532166-532407-1A","AGAACAATTGCTAAACACCAAATTGGGTGAAACAAAAAACCACCTGAACAGAACCCCATTTATACCTGAATCGGTCATACGAGAAAGGAAATTACGCCAAGAAAAAGCGCAATCCACAAACAACATGTTCGATTCAACAAACGCAGATAGTATTACTTCCCCATGTGATCCAACGAATGCCACG","Pf3D7_06_v3-532166-532407-1A.1","33+8N109G157T",9,0.00309172105805565,3
"IM-23-122-AGLG","8039832525","Maziba","Pf3D7_09_v3-163813-164052-1A","GTAATAATAATAATAATAATGTATTTCTTTCATCAAGTGATCCAAATAAATTAAACACAACACCATCACCATTTGGTTTATCATCTATTGGAAATCTAAATACAAACAATAAATTAAATAGCTTTCCAGATTTTAGTCAAGCTAATAAAACATTTCTACAAAATGATAGCTTAT","Pf3D7_09_v3-163813-164052-1A.1","2+19N28T131T",868,0.790528233151184,2
"IM-23-122-AGLG","8039832525","Maziba","Pf3D7_06_v3-1136091-1136364-1A","CATTATTTTTGTATCCAACGTCGTTATTATTAAAACTTATTATTTGATTAATAACTGACGAACCACATATATTTACACAATGGAATACATAACTTAAGAAAGAGTAGTAATTGCATTTTACTTTTTGCATTTTCCCTCTGGTGGAGAAATAATTATTATGCTGCTTATTACTCTTTGTATTATGATAATTTTTGGTAATCATTTTTTTT","Pf3D7_06_v3-1136091-1136364-1A.1","173C201+9N",550,0.646298472385429,2
"IM-23-122-AGLG","8039832525","Maziba","Pf3D7_04_v3-748585-748822-2","TTAATAAAAAAAATATATTTTACTAGAATAAATAGTACATATGAATGTGATGTATTTTTTCCAGAAATAAATGAAAATGAGTATCAAATTATTTCTGTTAGCGATGTATATACTAGTAACAATACAACATTGGATTTTATCATTTATAAGAAAACGAATAATAAAATGTT","Pf3D7_04_v3-748585-748822-2.1","5+10N54+8N",432,1,1
"IM-23-122-AGLG","8039832525","Maziba","Pf3D7_04_v3-900526-900759-1A","TTAACAACTTATCATCATTTATTAGATTCTTTTCATGGAACAGATTATTAACAGTATCCATAATTTTATGATCATCCGTGTTATATGTATCTATACAAGTATTTAACTTGCTTATATAATTTACATATTTCAACGGATCATTTTGAAGTATGCAATCATCGAATGAATA","Pf3D7_04_v3-900526-900759-1A.2",".",813,0.558379120879121,2
"IM-23-122-AGLG","8039832525","Maziba","Pf3D7_08_v3-1386786-1387035-2","TTGTCTCCTTTGTCGCAGCATGCCTTTCATTAGCTGCTATAGCTTGTGTTATCTTAACTTCATTATAAAAAAAATATACTTCGATAAAAGGTACATATACCATGCTGGTCAATGATATTAGCATGCGACATTCTAATATATCCATTATGAACAAGGTGAACAAGAATATTGGGATTATTGAAATTGT","Pf3D7_08_v3-1386786-1387035-2.1","66+10N",312,1,1
"IM-23-122-AGLG","8039832525","Maziba","Pf3D7_09_v3-595828-596094-1A","ATAATTTTTTCATCGTTCTTATACATGAATGATAAAGTCTTTTTGCAAAATTTTTTGAAGAGATCAGATTTGAGATAAAGACGTTTGGCTAATTTATACGAGAATTCTAGAGCATCTAATTTTATATTTAAACATTTTTTCGTATCCAATATATTATAATTTTGTTCATAAGTCTGTTCGTTTATATTATTTAATACTTTT","Pf3D7_09_v3-595828-596094-1A.8","4+8N27G50+8N108T134+8N180G",706,1,1
"IM-23-122-AGLG","8039832525","Maziba","Pf3D7_05_v3-668763-669004-1A","TAATATTATCTGGCTCTGTAACCATGTCCGAACATATGTTAACAGGAGAATCTGTTCCTATACATAAAGAGCGGTTACCTTTTGAAGGAAATGCTATTATAAATAAAAATAATAAATATGACAGTAACGATGAAAAGGATGATTACCTTCGTATTTATAATAATCATGCTAGTATTAATATGATCAACCG","Pf3D7_05_v3-668763-669004-1A.1","73G122C188C",969,0.634993446920052,2
"IM-23-122-AGLG","8039832525","Maziba","Pf3D7_13_v3-156456-156685-1A","ATTATATGATATTTATATAAAATTAGAAAATCTAATTTTAGAAAAAATAACTGAAAGTATATACAATAGTACACCTCCATATAGAGTTATTATGTTCGAATTAATGACCAGATTATTTCGATTTTATACAAAACCAATAGACCTTATTATTACTATGAATACAC","Pf3D7_13_v3-156456-156685-1A.1","41+8N",308,0.618473895582329,2
"IM-23-122-AGLG","8039832525","Maziba","Pf3D7_09_v3-1406342-1406614-1A","TCTCAGATTATCATAGTGTTGTGGATGAAGATTTAATTAATTTTAATGATGATGTTACTTTAGAAACACAATCCATGATAGCACACGGAGGGTCTTTGTCAGAAATAGAAGAAACTGAAGATTTATCTTCAGATGTTGATAGATTACTTTCATCAATCGAAACTACTCCAAGAGATGATGTTGTATATATACGAGGTGATATTATATT","Pf3D7_09_v3-1406342-1406614-1A.3","118A148T204A",731,0.573333333333333,2
"IM-23-122-AGLG","8039832525","Maziba","Pf3D7_09_v3-163813-164052-1A","GTAATAATAATAATAATAATGTATTTCTTTCATCAAGTGATCCAAATAAATTAAACACAACACAATCACCATTTGGTTTATCATCTATTGGAAATCTAAATACAAACAATAAATTAAATAGCTTTCCAGATTTTAGTCAAGCTAATAAAACATTTCTACAAAATGATAGCTTAT","Pf3D7_09_v3-163813-164052-1A.4","2+19N28T64A131T",230,0.209471766848816,2
"IM-23-122-AGLG","8039832525","Maziba","Pf3D7_05_v3-960810-961048-1B","TAATACAGGAAGCATTTTATAATATGCATACTGTTATTAATTATGGTTTAGAAGATTATTTCTGTAATTTGATAGAAAAAGCTATTGATTATAAAAATAAAGGACAAAAAAGAAGAATTATTGTAAATGCAGCTTTATGGGGATTCAGTCAAAGCGCTCAATTATTTATTAATAGTTT","Pf3D7_05_v3-960810-961048-1B.1","105+8N",1118,1,1
"IM-23-122-AGLG","8039832525","Maziba","Pf3D7_11_v3-408285-408534-1A","TATGAAGAAGGTTTAAAATATTGTGCGTCATCAATTAATTTATGGATATGTGCTATCGATTTACAAATAGAAAAAAAGAATTATACAGGTGCTAGGGCTTTGACGGAGAAAGCAAAAATCAAAATCAAGTATTTAAATTCTTTTAATAATAATAGTCATATTTTAAAAAGTAAAGAAATTATTGAA","Pf3D7_11_v3-408285-408534-1A.4","70+9N96G",164,0.164989939637827,3
"IM-23-122-AGLG","8039832525","Maziba","Pf3D7_09_v3-164045-164311-1A","ATCAACTGGTGTTGCAAAACCATTAGTTACCAATTTTAATTCTCCATTTAGTGCTTTTGGTAAAACAAATACCAGTGATATATTTAAAACTAATACTACTGCATCAACTACAAATGCAACTGCAAATGCAACTCCTGCTCCCTTTGGATCAGCATTTGGAGCGCAAAAAAATAATGATAGCTTGTTTGGAAATAATGCATTCAAGCTTTCG","Pf3D7_09_v3-164045-164311-1A.2","126A169A",169,0.149955634427684,2
"IM-23-122-AGLG","8039832525","Maziba","Pf3D7_13_v3-935613-935884-1A","CAAAATAATATGAATAGTAATAGTAATAGTTATAATAATTTTAATATAACAGATAGAAGTAAAGAAATAAAAAAAGATTATAAAAGAAACAAAATTTTAATAGTTATTAATAATATTAATACAAATCATATTTTATTATTAAATGAAAGTGTTATAAAAAAAAAAATACTTACATTTTATCTAGATCTTTTTTTTGATGATAATGAACAAAT","Pf3D7_13_v3-935613-935884-1A.2","68+11N155+13N187+10N",780,0.854326396495071,2
"IM-23-122-AGLG","8039832525","Maziba","Pf3D7_11_v3-1127074-1127316-1A","AACATTTTAATAGTCCTAATTTCGAAAATATGATGAAAGGAATTTTTGGAATTATTCAAAATCCTTTTGAAAATGGCCAACCCACTTTCCCATTCTTTAAAAATATTAATTCGATCTCTGGAATCGGTAATGTTGATATCCCCAAAAATTTTATGAATGATTTTTTGAATAATGGAAATGATCAAAACA","Pf3D7_11_v3-1127074-1127316-1A.5","42A160+8N",1225,0.817757009345794,2
"IM-23-122-AGLG","8039832525","Maziba","Pf3D7_08_v3-549960-550215-1B","GATGAACTAACAAATTATGATAATCTAGTTTATGATATAAAAAATTATTTAGAACAAAGATTAAATTTTCTTGTATTAAATGGAATACCTCGTTATAGGATACTATTTGATATTGGATTAGGATTTGCGAAGAAACATGATCAATCTATTAAACTCTTACAAAATATACATGTATATGATGAGTATCCACTT","Pf3D7_08_v3-549960-550215-1B.1","4G38+8N",731,1,1
"IM-23-122-AGLG","8039832525","Maziba","Pf3D7_11_v3-115913-116184-1A","ACCTCCAGATGTTATAAATATTATATTATCATCATCATTTGGAAGGAAATTCTCCTCTAATGTTTTTAATATTTCATCTATATTTTTAGGTCTCAATTTACTATTGAAAAATTTTGAATACTTCAAAAAATAATCATCATCTTTTACATTACATATATTATCATTATTTTCATTTTGTTTTAGTAGTTCATCTTTTATATTATC","Pf3D7_11_v3-115913-116184-1A.4","7A124+8N",60,0.20979020979021,2
"IM-23-122-AGLG","8039832525","Maziba","Pf3D7_14_v3-1038300-1038538-1A","ATTAATGATTTATACACTTCAACTACACTTTTTAATTTAGCCCATACAACTAATAAAGCTCTACGATAAATTTCTTTTTTATTTGATTTAGAAAAAGGAGAAAACCATTGAAACTTTTGGGCTAGATATTTATGGTCTTTATCAAAAATATATTCTGAAACTTCATCTTCTAGAAGT","Pf3D7_14_v3-1038300-1038538-1A.2","50C74+8N119G",660,0.56701030927835,3
"IM-23-122-AGLG","8039832525","Maziba","Pf3D7_06_v3-1140900-1141174-1A","CTTCCATGTGAGCTTCAAAATCGTCTGAAGGTCGACTAGACATGAAAAATTCAGATTGAGGTAAATCATCAAATGGATGATTTCTATATGATATTCTAGGTATTAATCCTAAGATATTATTTATGCTATTACATTGAGAATTTCCTTCATTGGTTGTGGTACTTATATCCACATTTTGGTGATCATCAAGATATAATGTATTTTCTTTAGAACTT","Pf3D7_06_v3-1140900-1141174-1A.1","189A",575,1,1
"IM-23-122-AGLG","8039832525","Maziba","Pf3D7_09_v3-685560-685825-1A","GAACCAAACAACGACAAAGGAACAAGATAATTTTTTCAATTTTTATAAAAGTAATATATATGATATGGAAAATAGAACATGTAATAATAATATATTACAATATTGTGTTATGAATAATAAATCATATTTATTTCATAATATATCATCCAAAAAAAATATATATATAAAAAAAAAGAATCATCAGTTTTCTTTATTCATATATT","Pf3D7_09_v3-685560-685825-1A.3","30+8N38A79A148+10N165+11N",18,0.473684210526316,2
"IM-23-122-AGLG","8039832525","Maziba","Pf3D7_08_v3-336421-336651-1A","TAACAACGAACCCATAAATTTACAGAAAAATTTAGATTTAATCATATGGCTAAAAAAGAATATAAAAGAAGGAGAAGCTTTAATTTCTGATATACCTACATCAAGTTTTTTAAGGTGTACTACAAATTATAAATTTGTATTGCATCCCCAATATGAAGATAGT","Pf3D7_08_v3-336421-336651-1A.3","51+8N97T105+8N148C",2,0.00120918984280532,3
"IM-23-122-AGLG","8039832525","Maziba","Pf3D7_09_v3-82006-82236-1A","TTTATCATCTTTAGGCCATAACCAGAGTACAAGCAATCCAACTATAACAATTGTAATTAACATTATAAATACTGTAATACCATAAACACTACCAGAAGCGATCAGAAATGCACTAAAAATATAACCATATTCACTTGGAATAAGAGTAGCGATAAAACTAAAAATAGC","Pf3D7_09_v3-82006-82236-1A.14","95G119A126C128T137G",1664,0.818494835218888,4
"IM-23-122-AGLG","8039832525","Maziba","Pf3D7_09_v3-82006-82236-1A","TTTATCATCTTTAGGCCATAACCAGAGTACAAGCAATCCAACTATAACAATTGTAATTAACATTATAAATACTGTAATACCATAAACACTACCAGAAGCGATCAGAAATGCACTAAAAGTATAACCATATTCACTTAGAATAAGAGTAGCGATAAAACTAAAAATAGC","Pf3D7_09_v3-82006-82236-1A.5","95G126C128T",360,0.177078209542548,4
"IM-23-122-AGLG","8039832525","Maziba","Pf3D7_07_v3-475313-475545-1A","AGCTTTATTATCTACAAAAAATCCACGTGGATATATGAAACAAATGAAATTGTATTTTATATTCCAAATTAAAGAAATTGCATTAAGAAAACATGGCTCTTTACTTACAGTCAAAAATTTATATAATAATAAACTTTTAAATATAAATTCATCATCTTCTACAAATA","Pf3D7_07_v3-475313-475545-1A.1","15+8N",1138,1,1
"IM-23-122-AGLG","8039832525","Maziba","Pf3D7_11_v3-1018781-1019053-1A","TTTTTGATTCATATCATTATCATAATTATATATATATTGATCTCTGTCTATATGGGGAGCAAAAAAATATAAAGGATGTTGTGTCAAGGCTAATAATAATTCTGTAGCTATACTACTACTTATGTTACTTATACCACATCTAGTGACTGTGCATTTTTCATCTAATGTTCTATAGGATAAAGAATCTGAAGGACAATGCATATCAT","Pf3D7_11_v3-1018781-1019053-1A.1","60+9N85C151G",5,0.0531914893617021,2
"IM-23-122-AGLG","8039832525","Maziba","Pf3D7_07_v3-627351-627625-1A","TCACTAAGATAATTATTATTACCATTTTCAGCATAATAAAACTTCTGATGTTTTATAAGAGGAGTTTGGTTAGAAGCAAAATTATCAGCAGTTGTTGAATAATTATTATGTTCTTGATAAAAGAGATTATTCATATAGTTATTATTATTTTTCATATCATCCATAGTATTATTGTTAATATAAAATTCCTCATATGAATTATATATATA","Pf3D7_07_v3-627351-627625-1A.2","23C42C96T",272,0.631090487238979,2
"IM-23-122-AGLG","8039832525","Maziba","Pf3D7_08_v3-476232-476475-1A","CAAACACATGATAAACAAAAGTGTAAGGAAAATTTTTCAAATTCTTTTGTTAATGAAATATATGAAAAAGAAGAAAAAGAAACGCAAAAAATGAAAGAATATTTAGAACAACATGAAGAACATTTTTCAACGTTTAGAAATTCAATTTTATGTAAATTAAGAATAGCTGAAGAATT","Pf3D7_08_v3-476232-476475-1A.2","45T85+8N",772,0.65479219677693,2
"IM-23-122-AGLG","8039832525","Maziba","Pf3D7_13_v3-156713-156986-1A","TCCTTTTATGTGAACAAATTAAATATTGTAAATGATTTCTTTTTTGAAACACACCATAAAGATACACATCAAGACAGTCAAAATGAACACAAAACGGATGAACCTAAAATACATAATGTTTTCAAAAAAAAAAATAACGATATCTTTGTTAATATTCCTCTACCAAAAATATTTAAAAATTTCTTACATTCCATATATTTTAGAACTCC","Pf3D7_13_v3-156713-156986-1A.2","39+8N50C123+13N",314,0.591337099811676,2
"IM-23-122-AGLG","8039832525","Maziba","Pf3D7_04_v3-748374-748611-1B","AAACTGGGAAAGCATTCCAAAAAAATTTAAACCTTTAAGCAATAGGATAAATGTTATATTGTCTAGAACCTTAAAAAAAGAAGATTTTGATGAAGATGTTTATATCATTAACAAAGTTGAAGATCTAATAGTTTTACTTGGGAAATTAAATTACTATAAATGTTTTATTATAG","Pf3D7_04_v3-748374-748611-1B.1","3A18+9N72+9N",781,0.533105802047782,2
"IM-23-122-AGLG","8039832525","Maziba","Pf3D7_13_v3-958247-958510-1B","TTTATATTATCTGTAATATGCACATTTTGTATAATATTATCAATATTTGTAGCATTTTGACCGTATGTTTCATTTTCATCGTATGTTCCATTTATATTGTATGTTCCATTTTCATCGTATGTTCCATTTATATTGTATGTTCCATTTTCATCGTATGTTCCATTTATATTGTATGTTCCATTTTTATCATATGTTATGTCCACAT","Pf3D7_13_v3-958247-958510-1B.1","106C",168,1,1
"IM-23-122-AGLG","8039832525","Maziba","Pf3D7_08_v3-550057-550318-2","ACTATTTGATATTGGATTAGGATTTGCGAAGAAACATGATCAATCTATTAAACTCTTACAAAATATACATGTATATGATGAGTATCCACTTTTTATTGGATATTCAAGAAAAAGATTTATTGCCCATTGCATGAATGATCAAAATGTTGTAATAAATACACAACAAAAATTACATGATGAACAACAAAATGAAAATAAAAATA","Pf3D7_08_v3-550057-550318-2.1",".",1045,1,1
"IM-23-122-AGLG","8039832525","Maziba","Pf3D7_08_v3-1386795-1387043-1B","TCCTTTGTCGCAGCATGCCTTTCATTAGCTGCTATAGCTTGTGTTATCTTAACTTCATTATAAAAAAAATATACTTCGATAAAAGGTACATATACCATGCTGGTCAATGATATTAGCATGCGACATTCTAATATATCCATTATGAACAAGGTGAACAAGAATATTGGGATTATTGAAATTGTCTGCATTA","Pf3D7_08_v3-1386795-1387043-1B.1","61+10N",278,1,1
"IM-23-122-AGLG","8039832525","Maziba","Pf3D7_14_v3-1166107-1166371-1A","TTTTTGAATTATTAAATATATCTTCTATAAAAAAAGAATATCAAGCTATACATAACAATAAGTATTTTTTATGGAATATGGATGCAGATTTTTTTACTATAAAAAATCATCATAAGGATAATAAGGATAACAATGATGAAAATGTGAATGTAATAATACAACAAAATAATTTAGTTCTAGAAAAATATGATCATTTAATAGA","Pf3D7_14_v3-1166107-1166371-1A.2","28+9N64+8N88+9N100+8N179A",273,0.534246575342466,2
"IM-23-122-AGLG","8039832525","Maziba","Pf3D7_04_v3-284121-284364-1A","ATATTGTATATTATCATAAGATTTATATGGAGGACCACATTGAAATCCGACAATTTCATTTGATGCATGTAGTACACATTCCGTATTTCTGTTTGAATTATTTAAAATAATTTTATTACTTAGAAATGATTCTTTTTCACTATAATCTTTATATAAGAAAGGGTCTTCATCAATTTGA","Pf3D7_04_v3-284121-284364-1A.1","157G",836,1,1
"IM-23-122-AGLG","8039832525","Maziba","Pf3D7_08_v3-399693-399961-1A","CTTTTCTTCACCTTGGTTTATTACATTATTATTTTCATCATTGTGTTGAATGTCCTTATAAATATGTTCATTAATAATATCTTTGGAAGTATCTTCCATATTTTCTTCTTTATCAATTTTAAATACTTTTTCATAACTTTCATTTTCTTTTTTCTCCTTGGATGTTTCTAATTTATTCTCGTCATTTTTATCAAAATTATTTTTATAACTTTCA","Pf3D7_08_v3-399693-399961-1A.1","147+8N",921,1,1
"IM-23-122-AGLG","8039832525","Maziba","Pf3D7_08_v3-412801-413062-1A","ATGAAGAAATATACGAATATATACTTATAAACGATATTTTTAATTTAAAAAAAGAAATAAAAAATTTCAATATATTAAATAAATATGATGTATTTGAATATATTATTATTATTTTAAAATTGTATGATAAAATATATCCTGATGCAGAGTACATCGAATGTGTACGAGAAACATCACAGAATGGTGACCTTTTA","Pf3D7_08_v3-412801-413062-1A.4","46+9N58+8N101+13N147G188C190T",57,0.367741935483871,2
"IM-23-122-AGLG","8039832525","Maziba","Pf3D7_11_v3-1018781-1019053-1A","TTTTTGATTCATATCATTATCATAATTATATATATATTGATCTCTGTCTATATGGGGAGCAAAAAAATATAAAGGATGTTGTGTCAAGGCTAATAATAATTCTGTAGCTATACTACTACTTATGTTACTTATACCACATCTAGTGACTGTACATTTTTCATCTAATGTTCTATAGGATAAAGAATCTGAAGGACAATGCATATCAT","Pf3D7_11_v3-1018781-1019053-1A.3","60+9N85C",89,0.946808510638298,2
"IM-23-122-AGLG","8039832525","Maziba","Pf3D7_09_v3-82006-82236-1A","TTTATCATCTTTAGGCCATAACCAGAGTACAAGCAATCCAACTATAACAATTGTAATTAACATTATAAATACTGTAATACCATAAACACTACCAGAAGCGATCAGAAATGCACTAAAAGTATAAGAACATTCACTTGGAATAAGAGTAGCGATAAAACTAAAAATAGC","Pf3D7_09_v3-82006-82236-1A.4","95G125G137G",2,0.000983767830791933,4
"IM-23-122-AGLG","8039832525","Maziba","Pf3D7_11_v3-1019050-1019319-1A","TCAAAACTTATTGCTACCGTAATACCTAAAGGAGGCATTTTACATAATCTTTTTACACTCATAAGAATATTATTATAAAAGATTTCTTGATATCTATCATACATATGAATATTATTTAGAGATTTATATATATTATTATTTTGTTCATATAATAATATATTATTTAAAGACTTATCCATAATTTTTGTACATTTTATATTTTCTATA","Pf3D7_11_v3-1019050-1019319-1A.11","61A",1,1,1
"IM-23-122-AGLG","8039832525","Maziba","Pf3D7_08_v3-1375025-1375284-1B","CAAGTTATTATTAAATGCGGAATTATTCTATATAAAAATAAAAAAGCATTTAAAAATGAAAAAATTTATATATATACAATATATAAATATATATATATATATATATATATATATATATTATTATATGTATTTTTATAATTGAATGATATATTTATTTCTATTTGCAATTAAAATGCTTACGTTATCTAACAAAAGTACGGAGGCAAAA","Pf3D7_08_v3-1375025-1375284-1B.17","39+8N58+8N67+53N",1,0.0476190476190476,5
"IM-23-122-AGLG","8039832525","Maziba","Pf3D7_14_v3-1038300-1038538-1A","ATTAATGATTTATACACTTCAACTACACTTTTTAATTTAGCCCATACAATTAATAAAGCTCTACGATAAATTTCTTTTTTATTTGATTTAGAAAAAGGAGAAAACCATTGAAACTTTTGGGCTAGATATTTATGGTCTTTATCAAAAATATATTCTGAAACTTCATCTTCTAGAAGT","Pf3D7_14_v3-1038300-1038538-1A.4","74+8N119G",2,0.00171821305841924,3
"IM-23-122-AGLG","8039832525","Maziba","Pf3D7_08_v3-549583-549807-1B","ACGTGCTGTTCAAAGAATGTTTGAAATGATAAATGAAGGTGCTAGTGTTATAGATATAGGTGGAGAATCCTCTGGTCCTTTTGTTATACCTAATCCAAAAATTAGTGAAAGAGATTTAGTAGTACCTGTATTACAATTATTTCAAAAAGAATGGAATGATATAAA","Pf3D7_08_v3-549583-549807-1B.1",".",1333,1,1
"IM-23-122-AGLG","8039832525","Maziba","Pf3D7_10_v3-992596-992869-1A","GAAAATAATAAAATGCACAGTATCAATTCTGATAGAAATAAAAATGATTATATTCCATCTTCCTATTTACATACAATATATAAAACATTTAGCGAACATATAAACCGAGATAATGGAAATATTTATGATGATGAAAAAAAAAATTTATATGATGGAACTGTTTTTTATATAGAAACATTAAACGAATTAAGAATTATAAATATATTATTTTCA","Pf3D7_10_v3-992596-992869-1A.1","133+12N160+8N",63,0.4375,2
"IM-23-122-AGLG","8039832525","Maziba","Pf3D7_04_v3-748374-748611-1B","AAACTGGGAAAGCATTCCAAAAAAATTTAAACCTTTAAGCAATAGGATAAATGTTATATTGTCTAGAACCTTAAAAAAAGAAGATTTTGATGAAGATGTTTATATCATTAACAAAGTTGAAGATCTAATAGTTTTACTTGGGAAATTAAATTACTATAAATGTTTTATTTTAG","Pf3D7_04_v3-748374-748611-1B.2","3A18+9N72+9N170T",684,0.466894197952218,2
"IM-23-122-AGLG","8039832525","Maziba","Pf3D7_08_v3-585993-586266-1A","TGTAAATATAAATCATACGTATGACATGTATCATCATTTAATGCATTCTTAATTGTTAATGCTAATCTACTTACAATAATATAAGCAAAGTTTATATGAGAATGAATACCTTCTTTTCCTAAAAAGTTATAAAGACTAACAAATGGAGCATATATTATAAATTTATCATACTTTTTTTTGTGCATAACTTCATTTAATAAAATATTT","Pf3D7_08_v3-585993-586266-1A.2","29T171+10N",534,0.550515463917526,2
"IM-23-122-AGLG","8039832525","Maziba","Pf3D7_10_v3-1414337-1414596-1A","GACCTGAATGGAAAGGCCAATGTGATAAATTTGAAAAAGAAAAAAGTAAATATGAAGATACTAAAAGTATAACTGCTGAAAAATATTTAAAAGAAATATGTTCTGAATGTGATTGTAAATATAAAGATTTGGATAATACATTTAAAGAATTTAATGATAACGTTACGCTTCTTAAAGCAGTAATTGATAACAAA","Pf3D7_10_v3-1414337-1414596-1A.3","39+8N155T167G",782,0.802051282051282,3
"IM-23-122-AGLG","8039832525","Maziba","Pf3D7_08_v3-336421-336651-1A","TAACAACGAACCCATAAATTTACAGAAAAATTTAGATTTAATCATATGGCTAAAAAAGAATATAAAAGAAGGAGAAGCTTTAATTTCTGATATACCCACATCAAGTTTTTTAAGGTGTACTACAAATTATAAATTTGTATTGCATCCACAATATGAAGATAGT","Pf3D7_08_v3-336421-336651-1A.1","51+8N105+8N",737,0.445586457073761,3
"IM-23-122-AGLG","8039832525","Maziba","Pf3D7_09_v3-685560-685825-1A","GAACCAAACAACGACAAAGGAACAAGATAATTTTTTCCATTTTTATAAAAGTAATATATATGATATGGAAAATAGAACATGTAATAATAATATATTACAATATTGTGTTATGAATAATAAATCATATTTATTTCATAATATATCATCCAAAAAAAATATATATATAAAAAAAAAGAATCATCAGTTTTCTTTATTCATATATT","Pf3D7_09_v3-685560-685825-1A.1","30+8N79A148+10N165+11N",20,0.526315789473684,2
"IM-23-122-AGLG","8039832525","Maziba","Pf3D7_06_v3-1192628-1192867-1A","GATTATATATTTCTATATTTTAATAAGAATGCGTTACACAAACATGATGCCTCTAATGAAATGTGTTTTGTGAAAAACGAAGATTCTACACGCACAAAAGGACATATGAATGATGAACAAAATGATTTATATAAAATAAATAATAATACAACATATTTTTTTAACAAAAACCACT","Pf3D7_06_v3-1192628-1192867-1A.1","30T155+9N",1327,1,1
"IM-23-122-AGLG","8039832525","Maziba","Pf3D7_04_v3-648065-648332-1A","TATGACTTCTGATTCAGTTTTGTTAAGATATATACCAAGAGATCTTAACAAATATAATAATTTTTCACCACTAACTCCATCTTTATTAGTATCGTATTCTTTAAATATTGATTCAATCTCAGCTCTCTTAAAGAAAACAAATATATATACATATATATATGTATTTATATGAATTTGTATCAATAAATAATAACATTCTTA","Pf3D7_04_v3-648065-648332-1A.1","141+30N",426,1,1
"IM-23-122-AGLG","8039832525","Maziba","Pf3D7_10_v3-992331-992603-1A","TCATTATATTTTTAAAAAAAAAAATTATGATATAAAATCTTCAATTAATAAAAGATCTATCCAGTTCTTTAAAGACACTAATATAGATCATTATATAGCATATGAATATTATAAGGAGGACCGTACAGAATTTATATTAACTATTATGAATGAAAAAAATATTACTCATCAAGAAACTCAAAGTCTTGAAATGAAAAAGTTGAAAG","Pf3D7_10_v3-992331-992603-1A.3","13+13N127A152+9N",337,0.536624203821656,2
"IM-23-122-AGLG","8039832525","Maziba","Pf3D7_04_v3-748105-748359-1B","TGTGCATGTTGTAAGGTTGAAAGCAAAAATGAGGGGAAAAAAAATGAGGTTTTTAATAACTACACATTTAGAGGTCTAGGAAATAAAGGAGTATTACCATGGAAATGTATTTCCCTAGATATGAAATATTTTCGTGCAGTTACAACATATGTGAATGAATCAAAATATGAAAAATTGAAATATAAGAGATGTAAAT","Pf3D7_04_v3-748105-748359-1B.1","36+10N110T133C",680,1,1
"IM-23-122-AGLG","8039832525","Maziba","Pf3D7_13_v3-156456-156685-1A","ATTATATGATATTTATATAAAATTAGAAAATCTAATTTTAGAAAAAATAACTGAAAGTATATACAATAGTACACCTCCATATAGAGTTATTATGTTCGAATTAATGACCAGATTGTTTCGATTTTATACAAAACCAATAGACCTTATTATTACTATGAATACAC","Pf3D7_13_v3-156456-156685-1A.2","41+8N115G",190,0.381526104417671,2
"IM-23-122-AGLG","8039832525","Maziba","Pf3D7_08_v3-1375025-1375284-1B","CAAGTTATTGTTAAATTCGGAGTTATTCTATAAAAATGAAAAATCATTTAAAAATGTAAAAATGTACATATATATATATATATATATAATATTATTATATGTATTTTTATAAGTAAGTGTTATATTTATTTATATTTGCAATTAAAATACTTACGTTATCTAACAAAAGTACGGAAGCAAAA","Pf3D7_08_v3-1375025-1375284-1B.10","10G17T22G33D=TA39+8N58+8N66G67+53N132G134A136G139T151A168A195A",9,0.428571428571429,5
"IM-23-122-AGLG","8039832525","Maziba","Pf3D7_08_v3-1375025-1375284-1B","CAAGTTATTATTAAATGCGGAATTATTCTATATAAAAATAAAAAAGCATTTAAAAATGAAAAAATTTATATATATACAATATATAAATATATATATATATATATATATATATATTATTATTATATGTATTTTTATAATTGAATGATATATTTATTTCTATTTGCAATTAAAATGCTTACGTTATCTAACAAAAGTACGGAGGCAAAA","Pf3D7_08_v3-1375025-1375284-1B.4","39+8N58+8N67+53N",7,0.333333333333333,5
"IM-23-122-AGLG","8039832525","Maziba","Pf3D7_10_v3-1392371-1392620-1A","TGATGAAAATGATGATTCCCTTATTTCTAATTCTTTAGTACCCGAAACAAGTTACAATCAAGATTACTCTTTATACACTATTAATATTTTGAATGGACTTCCTGATAAAGAAAGTAATATGAAAAATATTGATTTAGAAAAATTTAAAGATACTTCAATACATACAAAGGAAGAGGGACCCATTGTA","Pf3D7_10_v3-1392371-1392620-1A.2","106+9N",419,0.433747412008282,2
"IM-23-122-AGLG","8039832525","Maziba","Pf3D7_10_v3-1392371-1392620-1A","TGATGAAAATGATGATTCCCATTTTTCTAATTCTTTAGTATCTGAAACGAGTTACAATCAAGATTACTCTTTATACACTATTAATATTTTGAATGGACTTCCTGATAAAAAAAGTAATATGAAAAATATTGATTTAGAAAAATTTAAAGATACTTCAATACATACAAAGGAAGAGGGACCCATTGTA","Pf3D7_10_v3-1392371-1392620-1A.3","21A23T41T43T49G106+9N",547,0.566252587991718,2
"IM-23-122-AGLG","8039832525","Maziba","Pf3D7_06_v3-1197245-1197515-1A","CATTAGGAAAAACAACAGAGCCTTCTTCCATACCATAAATACATAAATCATTTCCACTAATCTTTTCTAAATATTGCACAAAAGAATCAATATCATTATAAGATGACATCTTCTTTCTTATAAAATCTAATTGAGCTTTGGTAAATCGAAAACAATTAATATATTTTATTACTTCATATACACCAGCTAATATAGCAAATTGAC","Pf3D7_06_v3-1197245-1197515-1A.1","20G",977,1,1
"IM-23-122-AGLG","8039832525","Maziba","Pf3D7_14_v3-1038300-1038538-1A","ATTAATGATTTATACACTTCAACTACACTTTTTAATTTAGCCCATACAATTAATAAAGCTCTACGATAAATTTCTTTTTTATTTGATTTAGAAAAAGGAGAAAACCATTGAAACTTTTTGGCTAGATATTTATGGTCTTTATCAAAAATATATTCTGAAACTTCATCTTCTAGAAGT","Pf3D7_14_v3-1038300-1038538-1A.1","74+8N",502,0.43127147766323,3
"IM-23-122-AGLG","8039832525","Maziba","Pf3D7_08_v3-1375205-1375450-2","ACAAAAGTACGGAGGCAAAAACGGCAGCGGATAATACTTTATTTTTTGAGAAGGAAACCATTTTTATTAAATAACTATATAAATAGAAAAAGAAATAATAACAAAAATGTATAAATATAATTGTATAATATATGATATATATAAAATATAGAATACTAATTTTTTGCATATACAAAAAA","Pf3D7_08_v3-1375205-1375450-2.1","41+8N159+8N173+7N",206,1,1
"IM-23-122-AGLG","8039832525","Maziba","Pf3D7_10_v3-1386657-1386909-1A","CGATTTTGGTAGAGAACAGGTTAAATATATTGAAGACGTGGTTTGATAATCAGGTATTTCTTTAATTAAATATTCATGATATTGTTCGTTAGATACATAAATTAATTCGTCCTCCACATTTTGCTGTTCTGTTATAATTTGTGAAGAAGCTTGGTTTGTCTTATTTGGTAATTGCTCTTTTATGA","Pf3D7_10_v3-1386657-1386909-1A.3","13A",1496,0.998664886515354,2
"IM-23-122-AGLG","8039832525","Maziba","Pf3D7_10_v3-1414337-1414596-1A","GACCTGAATGGAAAGGTCAATGTGATAAATTTGAAAAAGAAAAAAGTAAATATGAAGATACTAAAAGTAGAACTGCTGAAATATATTTAAAAGAAATATGTTCTGAATGTGATTGTAAATATAAAGATTTGGATAATACATTTAAAGAATTTAAAGATAACGTTACGCTTCTTAAAGCAGTAATTGATAACAAA","Pf3D7_10_v3-1414337-1414596-1A.1","17T39+8N70G82T167G",191,0.195897435897436,3
"IM-23-122-AGLG","8039832525","Maziba","Pf3D7_10_v3-992331-992603-1A","TCATTATATTTTTAAAAAAAAAAATTATGATATAAAATCTTCAATTAATAAAAGATCTATCCAGTTCTTTAAAGACACTAATATAGATCATTATATAGCATATGAATATTATAAGGAGGACCGTACGGAATTTATATTAACTATTATGAATGAAAAAAATATTACTCATCAAGAAACTCAAAGTCTTGAAATGAAAAAGTTGAAAG","Pf3D7_10_v3-992331-992603-1A.2","13+13N152+9N",291,0.463375796178344,2
"IM-23-122-AGLG","8039832525","Maziba","Pf3D7_10_v3-1414599-1414832-1A","ATCTAGATCAACGAGGGAATATAACAACATCTCAAGGAAATTCACACCGTGCAACTGTTGTGCAACAAGCTGATCAAACCAACAGATTAGATAATGTAAACTCTGTAACGCAAAGAGGAAATAATAACTACAACAATAATTTAGAGCGTGGATTGGGTTCTGGTGCT","Pf3D7_10_v3-1414599-1414832-1A.1","70C",1891,1,1
"IM-23-122-AGLG","8039832525","Maziba","Pf3D7_10_v3-1386657-1386909-1A","CGATTTTGGTAGAGAACAGGTTAAATATATTGAAGACGTGGTTTGATAATCAGGTATTTCTTTAATTAAATATTCATGATATTGTTCGTTAGATACATAAATTAATTCGTCCTCCACATTTTGCTGTTCTGTTATAATTTGTGAAGAAGCTTGGTTTGTTTTATTTGGTAATTGCTCTTTTATGA","Pf3D7_10_v3-1386657-1386909-1A.9","13A160T",2,0.00133511348464619,2
"IM-23-122-AGLG","8039832525","Maziba","Pf3D7_10_v3-1414337-1414596-1A","GACCTGAATGGAAAGGCCAATGTGATAAATTTGAAAAAGAAAAAAGTAAATATGAAGATACTAAAAGTATAACTGCTGAAAAATATTTAAAAGAAATATGTTCTGAATGTGATTGTAAATATAAAGATTTGGATAATACATTTAAAGAATTTAAAGATAACGTTACACTTCTTAAAGCAGTAATTGATAACAAA","Pf3D7_10_v3-1414337-1414596-1A.2","39+8N",2,0.00205128205128205,3
"IM-23-122-AGLG","8039832525","Maziba","Pf3D7_08_v3-1375025-1375284-1B","CAAGTTATTATTAAATGCGGAATTATTCTATATAAAAATAAAAAAGCATTTAAAAATGAAAAAATTTATATATATACAATATATAAATATATATATATATATATATATATATATTATTATTATTATATGTATTTTTATAATTGAATGATATATTTATTTCTATTTGCAATTAAAATGCTTACGTTATCTAACAAAAGTACGGAGGCAAAA","Pf3D7_08_v3-1375025-1375284-1B.12","39+8N58+8N67+53N",2,0.0952380952380952,5
"IM-23-122-AGLG","8039832525","Maziba","Pf3D7_08_v3-1375025-1375284-1B","CAAGTTATTATTAAATGCGGAATTATTCTATATAAAAATAAAAAAGCATTTAAAAATGAAAAAATTTATATATATACAATATATAAATATATATATATATATATATATATATTATTATTATATGTATTTTTATAATTGAATGATATATTTATTTCTATTTGCAATTAAAATGCTTACGTTATCTAACAAAAGTACGGAGGCAAAA","Pf3D7_08_v3-1375025-1375284-1B.21","39+8N58+8N67+53N",2,0.0952380952380952,5
"IM-23-122-CJFA","8039832128","Maziba","Pf3D7_13_v3-2114242-2114482-1A","CTTCCATTAACTCAATATATAATTTATTAATAATTTTTAATTTGTTTATTTCAAAAAGGCATAGTTTTAACAAGGTTCTTAAGTTTCTATTACCCCCTAAGAGGTTAAAATGAATATTTCCTTTTTCTCGTATATGCAAAAAATCCCTTAACAATAAATCATATTCATCAGTATGAAATGT","Pf3D7_13_v3-2114242-2114482-1A.4","76T84T137+8N",5,0.00450856627592426,3
"IM-23-122-CJFA","8039832128","Maziba","Pf3D7_13_v3-2814606-2814855-1B","TAGCGATAATGATCCTGCAGTAGTAAGTGGTAGAGAATCTAAAGATGTAAATCTTCATACTTCTGAAAGGATTAAAGAAAATGAAGAAGGTGTGATTAAAACAGATGAAAGTTCAAAAAGTATTGAAATTTCTAAAATACCATCTGACCAAAATAATCATAGTGATTTATCACAGAATGCAAATGAGGACTCTA","Pf3D7_13_v3-2814606-2814855-1B.2",".",72,0.045859872611465,2
"IM-23-122-CJFA","8039832128","Maziba","Pf3D7_13_v3-2770591-2770863-2","ACACATCGATTTTATCAAAAGGAAATATTCCAAGAAATATTTTTAAAAAAAAATAGTGAGTTAGATGATCACGTATGGAATATAGAAAGTATTACTACCAATATATTAGAGAGGAATAAATTAAGTGATCAAAATAATGAAGATAACCATGATGTTAATAATAATAATGAAGACCCATCTGGGGGTAATTTAAAAACCAATCTAAT","Pf3D7_13_v3-2770591-2770863-2.8","44+11N99C156+13N",1118,1,1
"IM-23-122-CJFA","8039832128","Maziba","Pf3D7_13_v3-2545065-2545291-1A","ATGATTCCTCAAAAGTTTAACATTCCACATAGTATCTGTTAAATTGATAGTTTGCAAACAATTATACGTTTGGTTATTTTTATTTTGAAAAAAGGATATATGATCATCTAAAGATTTATTTTTGAGAAAGATTTCCATATATTCATATATATCTTGAATACACCA","Pf3D7_13_v3-2545065-2545291-1A.36","87+8N",210,0.114816839803171,4
"IM-23-122-CJFA","8039832128","Maziba","Pf3D7_13_v3-1876391-1876664-1A","AACTATCTGTAAAAGTATGTTTAGAACTAACATTTGAAGAGAAGTTACATCCGTGTATGACTTTTTTTTCATATTTTGGTTTTAAAACTATTTTATAATTATTATTTTTAAATTTGCATGTACATTCTGTATTAACATCTTTTGATGTAACATAAAATGGAGCTTTAAAGATAGTTAACTTTTCATGATAAATTATTTTATTACTTTTATATA","Pf3D7_13_v3-1876391-1876664-1A.2","61+10N179C184C",16,0.0373831775700935,2
"IM-23-122-CJFA","8039832128","Maziba","Pf3D7_13_v3-1726174-1726408-2","TTTCTAATTCTTTGTACAATCGTACTCTTTCCATTTCTAGTTCTTTCTTATCTTTAAATAATTTATCTTTTTCTCGAATAAAATTCATTTGTGTCTTTTTTAACCAATTAATAAATGTAATTCTTAAATCACCTACCATATTTTCAAAATCACTAGCATCACTTAAT","Pf3D7_13_v3-1726174-1726408-2.1","95+8N",3255,1,1
"IM-23-122-CJFA","8039832128","Maziba","Pf3D7_05_v3-395887-396136-1A","TCTAAGGATTGTTGGTTTTTTAGGATGCTCATCTTTTTAAGATAATCCTCTTTACTGTCGTTATTATTTAAATCGTTTTGTATAATATTATATTGTGAATTCCTTGTGTTTTTCATAATACTATTAGTCCTATTGGTGTTCTTCTTATTATTATTATTATTATTGTTCTTCTTCTTAATAAA","Pf3D7_05_v3-395887-396136-1A.2","15+8N145+20N",52,0.0893470790378007,3
"IM-23-122-CJFA","8039832128","Maziba","Pf3D7_06_v3-1115900-1116168-1A","ATTTTTTAATAAAGCAGTACCATCTATATCTCTTCCTTTTTTTAAAACACATAAAGTTTCATCAAAATTGCTTGTGCTATTTTTATCAGGTTCAGGAAAATATTGTTTATTTGGAGAATATCCATTCTGATTACAAGTTATAATATTATTAATATTTATAAATTTTTTTTTTGTTTTTAAATCACCAAATTGATTATCGTTAT","Pf3D7_06_v3-1115900-1116168-1A.4","1+8N36+9N114G162+12N",255,0.819935691318328,3
"IM-23-122-CJFA","8039832128","Maziba","Pf3D7_13_v3-2545065-2545291-1A","ATGATTCCTCAAAAGTTTAACATTCCACATAGTATCTGTTAAATTGATAGTTTGCAAACAATTATACGTTTCGTTATTTTTATTTTTAAAAAAGGATATATGATCATCTAAAGATTTATTTTTGAGAAAGATTTCCATATATTCATATATATCTTGAATACACCA","Pf3D7_13_v3-2545065-2545291-1A.8","72C87+8N",12,0.00656096227446692,4
"IM-23-122-CJFA","8039832128","Maziba","Pf3D7_05_v3-796518-796759-1A","TGGTTCTTCAATTGTTCATATAAGTTCTTTATTAGTAGGTGTATATTTATGTAGTAGTAGTGCAAATGCATTTAATCAAATTATTGAAAGAAATATAGATAAGTTAATGAAAAGAACCCAAAAAAGACCCTTAGCAAATAATAATCCAAATATGTCAGTTAAGCATGCTGAAATAT","Pf3D7_05_v3-796518-796759-1A.2","119+8N163G",868,0.793418647166362,4
"IM-23-122-CJFA","8039832128","Maziba","Pf3D7_13_v3-2114829-2115090-1A","ATTCAATATATATAAAAATATAGCTAATAAACATTTCAAATCTCCATTAAGAACTTTATTCATCTTAACAAAAGCTCTATGAACTTCTGTATCTATAGTCGATTTTGTTATTCTAAGCATATCATTAAGTAAAAAATTTACGGTATCGACATTAACAGTGTAATAATTTCTTCCTAAATTTAAATGTTCTATATAATTCAA","Pf3D7_13_v3-2114829-2115090-1A.5","130+8N",850,0.912017167381974,2
"IM-23-122-CJFA","8039832128","Maziba","Pf3D7_05_v3-796518-796759-1A","TGGTTCTTCAATTATTCATATAAGTTCTTTATTAGTAGGTGTATATTTATGTAGTAGTAGTGCAAATGCATTTAATCAAATTATTGAAAGAAATATAGATAAGTTAATGAAAAGAACCCAAAAAAGACCCTTAGCAAATAATAATCCAAATATGTCAGTTAAGCATGCTGAAATAT","Pf3D7_05_v3-796518-796759-1A.3","14A119+8N163G",115,0.105118829981718,4
"IM-23-122-CJFA","8039832128","Maziba","Pf3D7_13_v3-2545065-2545291-1A","ATGATTCCTCAAAAGTTTAACATTCCACATAGTATCTGTTAAATTGATAGTTTGCAAACAATTATACGTTTGGTTATTTTTATTTTTAAAAAAGGATATATGATCATCTAAAGATTTATTTTTGAGAAAGATTTCCATATATTCATATATATCTTGTATACACCA","Pf3D7_13_v3-2545065-2545291-1A.3","87+8N157T",107,0.0585019136139967,4
"IM-23-122-CJFA","8039832128","Maziba","Pf3D7_13_v3-2770621-2770854-1B","ATTCCAAGAAATATTTTTAAAAAAAAATAGTGAGTTAGATGATCACGTATGGAATATAGAAAGTATTACTACCAATATATTAGAGAGGAATAAATTAAGTGATCAAAATAATGAAGATAACCATGATGTTAATAATAATAATGAAGACCCATCTGGGGGTAATTTAAAAAC","Pf3D7_13_v3-2770621-2770854-1B.12","18+11N73C130+13N",562,0.8992,2
"IM-23-122-CJFA","8039832128","Maziba","Pf3D7_05_v3-796518-796759-1A","TGGTTCTTCAATTATTCATATAAGTTCTTTATTAGTAGGTGTATATTTATGTAGTAGTAGTGCAAATGCATTTAATCAAATTATTGAAAGAAATATAGATAAGTTAATGAAAAGAACCCAAAAAAGACCCTTAGCAAATAATAATCCAAATATGTCAGTTAAACATGCTGAAATAT","Pf3D7_05_v3-796518-796759-1A.1","14A119+8N",96,0.0877513711151737,4
"IM-23-122-CJFA","8039832128","Maziba","Pf3D7_05_v3-395887-396136-1A","TCTAAGGATTGTTGGTTTTTTAGGATGCTCATCTTTTTAAGATAATCCTCTTTACTGTCGTTATTATTTAAATCGTTTTGTATAATATTATATTGTGAATTCCTTGTGTTTTTCATAACACTATTAGTCCTATTGGTGTTCTTCTTCTTCTTATTATTATTATTGTTCTTCTTCTTAATAAA","Pf3D7_05_v3-395887-396136-1A.10","15+8N119C145+20N",3,0.00515463917525773,3
"IM-23-122-CJFA","8039832128","Maziba","Pf3D7_11_v3-1293919-1294168-1A","TCCATATCAAAAAAGTGATGTGTATCATCCAATCAACGAACATAGGGAACATCCAAAAGAATACCAATATCCATTACACCAGGAACATACATACCAACAAGAAGATTCAGGAGAAGACGAAAATACATTACAACACGCATATCCAATAGACCACGAAGGTGCTGAACCCGCACCACAAGAACAAAATTTAT","Pf3D7_11_v3-1293919-1294168-1A.4","13A27A65C163T",65,0.0468975468975469,4
"IM-23-122-CJFA","8039832128","Maziba","Pf3D7_13_v3-2114242-2114482-1A","CTTCCATTAACTCAATATATAATTTATTAATAATTTTTAATTTGTTTATTTCAAAAAGGCATAGTTTTAACATGGTTCTTAAGGTTCTATTACCCCCTAAGAGGTTAAAATGAATATTTCCTTTTTCTCGTATATGCAAAAAATCCCTTAACAATAAATCATATTCATCAGTATGAAATGT","Pf3D7_13_v3-2114242-2114482-1A.7","73T76T137+8N",1066,0.961226330027051,3
"IM-23-122-CJFA","8039832128","Maziba","Pf3D7_13_v3-1725887-1726123-2","AAATAGCTCCACCAACATTAATATCAATCATAGTTTCAGTAGCAATATTTGCATCAACAATTTTTTTTTTATCATTCTCAAAATTTTTATATTCTTGATAATATTTTTCTTTTTCTAAATATAATACTAATTTAATTTTATCGATTTCTTGTAAAAATCTTAATCTTTCTTCATCAA","Pf3D7_13_v3-1725887-1726123-2.1","60+12N",141,0.0788590604026846,2
"IM-23-122-CJFA","8039832128","Maziba","Pf3D7_13_v3-2814583-2814832-2","TCAGTCTTCTAATTCTAGCGATAATGATCCTGCAGTAGTAAGTGGTAGAGAATCTAAAGATGTAAATCTTCATACTTCTGAAAGGATTAAAGAAAATGAAGAAGGTGTGATTAAAACAGATGATAGTTCAAAAAGTATTGAAATTTCTAAAATACCATCTGACCAAAATAATCATAGTGATTTATCACAG","Pf3D7_13_v3-2814583-2814832-2.1","124T",2677,0.959842237361061,2
"IM-23-122-CJFA","8039832128","Maziba","Pf3D7_05_v3-668763-669004-1A","TAATATTATCTGGCTCTGTAACCATGTCCGAACATATGTTAACAGGAGAATCTGTTCCTATACATAAAGAGCGGTTACCTTTTGAAGGAAATGCTATTATAAATAAAAATAATAAATATGACAGTAACGATGAAAAGGATGATTACCTTCGTATTTATAATAATAATGCTAGTATTAATATGATCAAGCG","Pf3D7_05_v3-668763-669004-1A.8","73G122C165A",916,0.9723991507431,3
"IM-23-122-CJFA","8039832128","Maziba","Pf3D7_13_v3-2504481-2504734-1B","TAAAATGTGTTGATGATTTTAACAATATGGTTATAACGATAAAAGAGGAAGTAAACAATCATTGGGAAAATAATATATACAATAAAAAGGATATGGTTAATTATACAAATGAAAATTATAATGATAATATATTAACATATGAATATATTAATGAAACACTTAGAAAAGAAAAAAAAAGATATTATA","Pf3D7_13_v3-2504481-2504734-1B.1","168+11N",696,1,1
"IM-23-122-CJFA","8039832128","Maziba","Pf3D7_13_v3-2545065-2545291-1A","ATGATTCCTCAAAAGTTTAACATTCCACATAGTATCTGTTAAATTGATAGTTTGCAAACAATTATACGTTTCGTTATTTTTATTTTTAAAAAAGGATATATGATCATCTAAAGATTTATTTTTGAGAAAGATTTCCATATATTCATATATATCATGAATACACCA","Pf3D7_13_v3-2545065-2545291-1A.7","72C87+8N154A",1500,0.820120284308365,4
"IM-23-122-CJFA","8039832128","Maziba","Pf3D7_13_v3-2814606-2814855-1B","TAGCGATAATGATCCTGCAGTAGTAAGTGGTAGAGAATCTAAAGATGTAAATCTTCATACTTCTGAAAGGATTAAAGAAAATGAAGAAGGTGTGATTAAAACAGATGATAGTTCAAAAAGTATTGAAATTTCTAAAATACCATCTGACCAAAATAATCATAGTGATTTATCACAGAATGCAAATGAGGACTCTA","Pf3D7_13_v3-2814606-2814855-1B.1","109T",1498,0.954140127388535,2
"IM-23-122-CJFA","8039832128","Maziba","Pf3D7_13_v3-2816310-2816554-1B","CAAATACTTTTCAATATAGGTCTAGTGAAAGTGTGGAAGTAATAACTAATAAACCTGATGAAATGGAAATGACAACTAAACCACCATCACAATATATTGAAAAGGAAATTGGAGAAATTGATTCTACAAAAAATCAAGATAATGATGAACAAAGCAATTCTATAATTCCTTTAATTAATAAAAATAATGAA","Pf3D7_13_v3-2816310-2816554-1B.2","95T127+8N",1339,1,1
"IM-23-122-CJFA","8039832128","Maziba","Pf3D7_13_v3-2840462-2840736-1B","AATAAACACATATGTTTATTAATAAAATTGCTAGTTATTTTTATGTATACATAATAAATTAAAGATACTAAAACAATATTTTTAAATGTAAATAAATGAATAATGATATTATTTATATGATTCATCATTCTATATTTACATGGAAGATTAAAAAATTATATATATATATATATGGTAATTTCTGTGTTTATGTTTTTATTTTTATAATA","Pf3D7_13_v3-2840462-2840736-1B.1","31C149+23N",30,0.857142857142857,3
"IM-23-122-CJFA","8039832128","Maziba","Pf3D7_05_v3-958372-958608-1B","ATTTATAACAATTTTTACATATGCCAGTTCCTTTTTAGGTTTATATATTTGGTCATTAATAAAAAATGCACGTTTGACTTTATGTATTACTTGCGTTTTTCCGTTAATTTATGTTTGTGGTGTCATATGTAATAAGAAAGTAAAATTAAATAAAAAAACATCTTTGTTATATAATAACAATACC","Pf3D7_05_v3-958372-958608-1B.2","60+8N151+9N",1347,0.981063364894392,2
"IM-23-122-CJFA","8039832128","Maziba","Pf3D7_13_v3-1725887-1726123-2","AAATAGCTCCACCAACATTAATATCAATCATAGTTTCAATAGCAATATTTGCATCAACAATTTTTTTTTTATCATTCTCAAAATTTTTATATTCTTGATAATATTTTTCTTTTTCTAAATATAATACTAATTTAATTTTATCGATTTCTTGTAAAAATCTTAATCTTTCTTCATCAA","Pf3D7_13_v3-1725887-1726123-2.2","39A60+12N",1647,0.921140939597315,2
"IM-23-122-CJFA","8039832128","Maziba","Pf3D7_05_v3-958920-959168-1B","AATAATAAATCGAAAACCATTAGTTGAAAATAATGATGATGGAGAAACATTACCAAATATTAAAAAAATTGAATTTAAAAATGTAAGATTTCATTATGATACTAGAAAAGATGTTGAAATTTATAAAGATTTAAGTTTTACTCTAAAAGAAGGGAAAACATATGCATTTGTGGGAGAATCA","Pf3D7_05_v3-958920-959168-1B.1","61+9N",764,1,1
"IM-23-122-CJFA","8039832128","Maziba","Pf3D7_09_v3-1015103-1015350-1A","ATTATTTAATTTTTCATCTTTTATATTTTTCAGATTTTTTATATGAAGATATAGGAATACAACTAAATTAACAGCTGAAAATAATCTTACTAACAAAAATAATTTGAGGAATTCTTCATCATATAAATCTTTTGGAATATTATTTGTGTATTCATAAATTTCTATTAAGGATATAATAGTTATGA","Pf3D7_09_v3-1015103-1015350-1A.1","34+8N",151,1,1
"IM-23-122-CJFA","8039832128","Maziba","Pf3D7_05_v3-550803-551072-1A","ATATAATACACCTTTCTTATTTATATTAATCTTTTCATTTTTACAAGAAATCACCTCCCTACTTATTCGGTTGTCCTCATTTTCATATTTCATAACACCATCATTTATTTTTTCTATTTCTTTAATATTATTTTCTCCTTCGACGTAATTATGCTTTCCTATCATCTCCTTTGCTCTACTTCCTATATATACTAATTTCTCTCTGAA","Pf3D7_05_v3-550803-551072-1A.2","107+8N141C",309,0.987220447284345,2
"IM-23-122-CJFA","8039832128","Maziba","Pf3D7_13_v3-2114829-2115090-1A","ATTCAATATATATAAAAATATAGCTAATAAACATTTCAAATCTCCATTAAGAACTTTATTCATCTTAACAAAAGCTCTATGAACTTCTGTATCTATAGTCGATTTTGTTATTCTAAGCATATCATTAAGTAAAAAATTTACGGTATCGACATTAACAGTGTAATAATTTCTTCCTAAATTTAAATGTTCTAAATAATTCAA","Pf3D7_13_v3-2114829-2115090-1A.1","130+8N192A",82,0.0879828326180258,2
"IM-23-122-CJFA","8039832128","Maziba","Pf3D7_13_v3-2114242-2114482-1A","CTTCCATTAACTCAATATATAATTTATTAATAATTTTTAATTTGTTTATTTCAAAAAGGCATAGTTGTAACAAGGTTCTTAAGGTTCTATTACCCCCTAAGAGGTTAAAATGAATATTTCCTTTTTCTCGTATATGCAAAAAATCCCTTAACAATAAATCATATTCATCAGTATGAAATGT","Pf3D7_13_v3-2114242-2114482-1A.1","67G76T137+8N",38,0.0342651036970243,3
"IM-23-122-CJFA","8039832128","Maziba","Pf3D7_06_v3-1115900-1116168-1A","ATTTTTTAATAAAGCAGTACCATCTATATCTCTTCCTTTTTTTAAAACACATAAAGTTTCATCAAAATTGCTTGTGCTATTTTTATCAGGTTCAGGAAAATATTGTTTATTTGGAGAATATCCATTCTGATTACAAGTTATAATATTATTAATATTTATAAATTTTTTGTTTGTTTTTAAATCACCAAATTGATTATCGTTAT","Pf3D7_06_v3-1115900-1116168-1A.2","1+8N36+9N114G162+12N",24,0.0771704180064309,3
"IM-23-122-CJFA","8039832128","Maziba","Pf3D7_10_v3-1386657-1386909-1A","CGATTTTGGTAGAGAACAGGTTAAATATATTGAAGACGTGGTTTGATAATCAGGTATTTCTTTAATTAAATATTCATGATATTGTTCGTTAGATACATAAATTAATTCGTCCTCCACATTTTGCTGTTCTGTTATAATTTGTGAAGAAGCTTGGTTTGTCTTATTTGGTAATTGCTCTTTTATGA","Pf3D7_10_v3-1386657-1386909-1A.3","13A",82,0.0596363636363636,2
"IM-23-122-CJFA","8039832128","Maziba","Pf3D7_06_v3-1115900-1116168-1A","ATTTTTTAATAAAGCAGTACCATCTATATCTCTTCCTTTTTTTAAAACACATAAAGTTTCATCAAAATTGCTTGTGCTATTTTTATCAGGTTCAGGAAAATATTGTTTATTTGTAGAATATCCATTCTGATTACAAGTTATAATATTATTAATATTTATAAATTTTTTTTTTGTTTTTAAATCACCAAATTGATTATCGTTAT","Pf3D7_06_v3-1115900-1116168-1A.1","1+8N36+9N162+12N",32,0.102893890675241,3
"IM-23-122-CJFA","8039832128","Maziba","Pf3D7_08_v3-585703-585949-1A","AAACACATCATCAAAAGTTTCTGATATTGGCTTGTTTGATTCTTTATATTTAAAATCTTTATATAAATAAAATCTATCTTTCTTAAAATATGGATCTTTACGTAGTTCAATCGAATCCCTATCAGTTACAATATTTATATCTTTTAATGTTAAGTGGAAATTAGAATCAATAATAGCTA","Pf3D7_08_v3-585703-585949-1A.3","105G118C",25,0.0211505922165821,3
"IM-23-122-CJFA","8039832128","Maziba","Pf3D7_09_v3-270915-271160-1A","CTTTGTATGTATTATCTGTTGTTTTATCTTCACCTTGATTTCCTGTACTTGTAGATTCAGTAGATGGACCTTCAGAACCTGCTAATTCATCACTAGTAGATGCAGCACTTGTACTTTTAGATTGTTCTTTTAATGGTCCCATATATTTGTATAATTCTATTTCTAAATCTTGATCCTTGGTTTTTTCTTCTAA","Pf3D7_09_v3-270915-271160-1A.1","82C85A180+8N",1506,1,1
"IM-23-122-CJFA","8039832128","Maziba","Pf3D7_09_v3-516735-517007-1A","ATAGAAGGATATATAAAAAATTATCAAGAATCATATAATATAAATGACCATTGTAAATTAGTTCCATTAAATTTTTATAAAGATTCTATTTCTAATGATTTAGGTACTCCATGCCCTGTGAATAGTATTACCTTAAATGTGGGCGCAAAAACTATAAATGAATGTTTGTGTAATAAAGGATATTTCTATAATGTCAAGAAACAACAATGTGA","Pf3D7_09_v3-516735-517007-1A.1","14+8N",430,1,1
"IM-23-122-CJFA","8039832128","Maziba","Pf3D7_13_v3-2840462-2840736-1B","AATAAACACATATGTTTATTAATAAAATTGTTAGTTATTTTTATGTATACATAATAAATTAAAGATACTAAAACAATATTTTTAAATATAAATAAATGAATAATGATATTATTTATATGATTCATCATTCTATATTTACATGGAAGATTAAAAAATTATATATATATATATATGGTAATTTCTGTGTTTATGTTTTTATTTTTATAATA","Pf3D7_13_v3-2840462-2840736-1B.8","88A149+23N",2,0.0571428571428571,3
"IM-23-122-CJFA","8039832128","Maziba","Pf3D7_05_v3-958372-958608-1B","ATTTATAACAATTTTTACATATGCCAGTTCCTTTTTAGGTTTATTTATTTGGTCATTAATAAAAAATGCACGTTTGACTTTATGTATTACTTGCGTTTTTCCGTTAATTTATGTTTGTGGTGTCATATGTAATAAGAAAGTAAAATTAAATAAAAAAACATCTTTGTTATATAATAACAATACC","Pf3D7_05_v3-958372-958608-1B.1","45T60+8N151+9N",26,0.0189366351056082,2
"IM-23-122-CJFA","8039832128","Maziba","Pf3D7_05_v3-395887-396136-1A","TCTAAGGATTGTTGGTTTTTTAGGATGCTCATCTTTTTAAGATAATCCTCTTTACTGTCGTTATTATTTAAATCGTTTTGTATAATATTATATTGTGAATTCCTTGTGTTTTTCATAACACTATTAGTCCTATTGGTGTTCTTCTTCTTATTATTATTATTATTGTTCTTCTTCTTAATAAA","Pf3D7_05_v3-395887-396136-1A.1","15+8N119C145+20N",527,0.905498281786942,3
"IM-23-122-CJFA","8039832128","Maziba","Pf3D7_09_v3-685560-685825-1A","GAACCAAACAACGACAAAGGAACAAGATAATTTTTTCCATTTTTATAAAAGTAATATATATGATATGGAAAATAGAACATGTAATAATAATATATTACAATATTGTGTTATGAATAATAAATCATATTTATTTCATAATATATCATCCAAAAAAAATATATATATAAAAAAAAAGAATCATCAGTTTTCTTTATTCATATATT","Pf3D7_09_v3-685560-685825-1A.1","30+8N79A148+10N165+11N",2,0.0869565217391304,2
"IM-23-122-CJFA","8039832128","Maziba","Pf3D7_09_v3-1406342-1406614-1A","TCTCAGATTATCATAGTGTTGTGGATGAAGATTTAATTAATTTTAATGATGATGTTACTTTAGAAACACAATCCATGATAGCACACGGAGGGTCTTTGTCAGAAATAGAAGAAACTGGAGATTTATCTTCAGATGTTGATAGATTACTTTCATCAATCGAAACTACTCCAAGAGATGATGTTGTATATATACGAGGTGATATTATATT","Pf3D7_09_v3-1406342-1406614-1A.1","148T204A",84,1,1
"IM-23-122-CJFA","8039832128","Maziba","Pf3D7_13_v3-1876391-1876664-1A","AACTATCTGTAAAAGTATGTTTAGAACTAACATTTGAAGAGAAGTTACATCCGTGTATGACTTTTTTTTCATATTTTGGTTTTAAAACTATTTTATAATTATTATTTTTAAATTTGCATGTACATTCTGTATTAACATCTTTTGATGTAACATAAAATGGAGCTTTAAAGATAGTTAAGTTTTTATGATAAATTATTTTATTACTTTTATATA","Pf3D7_13_v3-1876391-1876664-1A.1","61+10N",412,0.962616822429907,2
"IM-23-122-CJFA","8039832128","Maziba","Pf3D7_13_v3-2814583-2814832-2","TCAGTCTTCTAATTCTAGCGATAATGATCCTGCAGTAGTAAGTGGTAGAGAATCTAAAGATGTAAATCTTCATACTTCTGAAAGGATTAAAGAAAATGAAGAAGGTGTGATTAAAACAGATGAAAGTTCAAAAAGTATTGAAATTTCTAAAATACCATCTGACCAAAATAATCATAGTGATTTATCACAG","Pf3D7_13_v3-2814583-2814832-2.2",".",112,0.0401577626389387,2
"IM-23-122-CJFA","8039832128","Maziba","Pf3D7_05_v3-641131-641404-1A","GGAATTTTTTTTTTGGTGTTTTATTTTTTCGAAGGATACAGGATAATCTAAGACATTAAAATTATTGGGTTTGAAAAAGAGTTTCCTTTTTATGATGTGCAATAGAGGTATATTTATATAGGAAATATAAACATATAAAAGGAATATGATAAAAAGGAAATATTGACTTAATAAAATATTAATATTTCTTTTTTTCAAATATATTTCGT","Pf3D7_05_v3-641131-641404-1A.1","4+12N23+8N188+9N",54,0.227848101265823,2
"IM-23-122-CJFA","8039832128","Maziba","Pf3D7_05_v3-641131-641404-1A","GGAATTTTTTTTTTGGTGTTTTATTTTTTCGAAGGATACAGTATAATCTAAGACATTAAAATTATTGGGTTTGAAAAAGAGTTTCCTTTTTATGATGTGCAATAGAGGTATATTTATATAGGAAATATAAACATATAAAAGGAATATGATAAAAAGGAAATATTGACTTAATAAAATATTAATATTTCTTTTTTTAAAATATATTTCGT","Pf3D7_05_v3-641131-641404-1A.3","4+12N23+8N42T188+9N",183,0.772151898734177,2
"IM-23-122-CJFA","8039832128","Maziba","Pf3D7_05_v3-668763-669004-1A","TAATATTATCTGGCTCTGTAACCATGTCCGAACATATGTTAACAGGAGAATCTGTTCCTATACATAAAGAGCGGTTACCTTTTGAAGGAAATGCTATTATAAATAAAAATAATAAATATGACAGTAACGATGAAAAGGATGATTACCTTCGTATTTATAATAATCATGCTAGTATTAATATGATCAACCG","Pf3D7_05_v3-668763-669004-1A.1","73G122C188C",21,0.0222929936305732,3
"IM-23-122-CJFA","8039832128","Maziba","Pf3D7_05_v3-668763-669004-1A","TAATATTATCTGGCTCTGTAACCATGTCCGAACATATGTTAACAGGAGAATCTGTTCCTATACATAAAGAGCGGTTACCTTTTGAAGGAAATGCTATTATAAATAAAAATAATAAATATGACAGTAACGATGAAAAGGATGATTACCTTCGTATTTATAATAATCATGCTAGTATTAATATGATCAAGCG","Pf3D7_05_v3-668763-669004-1A.2","73G122C",5,0.00530785562632696,3
"IM-23-122-CJFA","8039832128","Maziba","Pf3D7_10_v3-1392371-1392620-1A","TGATGAAAATGATGATTCCCATTTTTCTAATTCTTTAGTATCTGAAACGAGTTACAATCAAGATTACTCTTTATACACTATTAATATTTTGAATGGACTTCCTGATAAAAAAAGTAATATGAAAAATATTGATTTAGAAAAATTTAAAGATACTTCAATACATACAAAGGAAGAGGGACCCATTGTA","Pf3D7_10_v3-1392371-1392620-1A.3","21A23T41T43T49G106+9N",5,0.00372300819061802,3
"IM-23-122-CJFA","8039832128","Maziba","Pf3D7_10_v3-1392371-1392620-1A","TGATGAAAATGATGATTCCCTTATTTCTAATTCTTTAGTACCCGAAACAAGTTACAATCAAGATTACTCTTTATACACTATTAATATTTTGAATGGACTTCCTGATAAAAAAAGTAATATGAAAAATATTGATTTAGAAAAATTTAAAGATACTTCAATACATACAAAGGAAGAGGGACCCATTGTA","Pf3D7_10_v3-1392371-1392620-1A.1","106+9N",92,0.0685033507073716,3
"IM-23-122-CJFA","8039832128","Maziba","Pf3D7_05_v3-958079-958350-1B","TTTTTATATCTGTGTTTGGTGTAATATTAAAGAACATGAATTTAGGTGATGATATTAATCCTATAATATTATCATTAGTATCTATAGGTTTAGTACAATTTATATTATCAATGATATCAAGTTATTGTATGGATGTAATTACATCAAAAATATTAAAAACTTTAAAGCTTGAATATTTAAGAAGTGTTTTTTATCAAGATGGACAATTTC","Pf3D7_05_v3-958079-958350-1B.1","186+8N",230,1,1
"IM-23-122-CJFA","8039832128","Maziba","Pf3D7_05_v3-796518-796759-1A","TGGTTCTTCAATTGTTCATATAAGTTCTTTATTAGTAGGTGTATATTTATGTAGTAGTAGTGCAAATGCATTTAATCAAATTATTGAAAGAAATATAGATAAGTTAATGAAAAGAACCCAAAAAAGACCCTTAGCAAATAATAATCCAAATATGTCAGTTAAACATGCTGAAATAT","Pf3D7_05_v3-796518-796759-1A.4","119+8N",15,0.0137111517367459,4
"IM-23-122-CJFA","8039832128","Maziba","Pf3D7_09_v3-595828-596094-1A","ATAATTTTTTCATCGTTCTTATACATTAATGATAAAGTCTTTTTGCAAAATTTTTTGAAGAGATCAGATTTGAGATAAAGACGTTTGGCTAATTTATACGAGAATTCGAGAGCATCTAATTTTATATTTAAACATTTTTTCGTATCCAATATATTATAATTTTGTTCATAAGTCTGTTCGTTTATATTATTTAATACTTTT","Pf3D7_09_v3-595828-596094-1A.3","4+8N50+8N134+8N180G",674,0.905913978494624,2
"IM-23-122-CJFA","8039832128","Maziba","Pf3D7_01_v3-145388-145662-1A","GATATGTTTAAATATATGATTCTCGAAAAAACTTTTTTTATTTTTTTTGTCAATAGATAAATGATCAATATTTTCTATATTTAATCTATCAAGTATTTTTATATATCTATTATTTCTTTCTTCGATGGATAAATTATAAGAATCAATATCCTTTCTTTCATCAACAAACTTTTTTATTGTTAACTCCATTTTTTTATTTAAGATACCA","Pf3D7_01_v3-145388-145662-1A.1","25+25N169+8N188+9N",313,0.987381703470032,2
"IM-23-122-CJFA","8039832128","Maziba","Pf3D7_13_v3-2770621-2770854-1B","ATTCCAAGAAATATTTTTAAAAAAAAATAGTGAGTTAGATGATCACGTATGGAATATAGAAAGTATTACTACGAATATATTAGAGAGGAATAAATTAAGTGATCAAAATAATGAAGATAACCATGATGTTAATAATAATAATGAAGACCCATCTGGGGGTAATTTAAAAAC","Pf3D7_13_v3-2770621-2770854-1B.1","18+11N130+13N",63,0.1008,2
"IM-23-122-CJFA","8039832128","Maziba","Pf3D7_09_v3-163813-164052-1A","GTAATAATAATAATAATAATGTATTTCTTTCATCAAGTGATCCAAATAAATTAAACACAACACCATCACCATTTGGTTTATCATCTATTGGAAATCTAAATACAAACAATAAATTAAATAGCTTTCCAGACTTTAGTCAAGCTAATAAAACATTTCTACAAAATGATAGCTTAT","Pf3D7_09_v3-163813-164052-1A.2","2+19N28T",12,0.0107238605898123,2
"IM-23-122-CJFA","8039832128","Maziba","Pf3D7_05_v3-550803-551072-1A","ATATAATACACCTTTCTTATTTATATTAATCTTTTCATTTTTACAAGAAATCACCTCCCTACTTATTCGGTTGTCCTCATTTTCATATTTCATAACACCATCATTTATTTTTTCTATTTCTTTAATATTATTTTCTCCTTGGACGTAATTATGCTTTCCTATCATCTCCTTTGCTCTACTTCCTATATATACTAATTTCTCTCTGAA","Pf3D7_05_v3-550803-551072-1A.1","107+8N",4,0.012779552715655,2
"IM-23-122-CJFA","8039832128","Maziba","Pf3D7_05_v3-961511-961758-1B","CTGCAGAAGATTATACTGTATTTAATAATAATGGAGAAATATTATTAGATGATATTAATATATGTGATTATAACTTAAGAGATCTTAGAAACTTATTTTCAATAGTTAGTCAAGAACCCATGTTATTTAATATGTCCATATATGAAAATATCAAATTTGGAAGAGAAGATGCAACATTGGAAGAT","Pf3D7_05_v3-961511-961758-1B.1",".",789,1,1
"IM-23-122-CJFA","8039832128","Maziba","Pf3D7_09_v3-82006-82236-1A","TTTATCATCTTTAGGCCATAACCAGAGTACAAGCAATCCAACTATAACAATTGTAATTAACATTATAAATACTGTAATACCATAAACACTACCATAAGCGATCAGAAATGCACTAAAAGTATAACAATATTCACATGGAATAAGAGTAGCGATAAAACTAAAAATAGC","Pf3D7_09_v3-82006-82236-1A.8","95T128T135A137G",40,0.0164271047227926,3
"IM-23-122-CJFA","8039832128","Maziba","Pf3D7_13_v3-1350855-1351093-1A","TCTTTTATATTAGTTGTTTCGTTATTTTCATTATGTTCCATATTTTGGTTATTTGTATATTTTATATTTTTTAAAAATTGGTAAATATATTCCGAGATGAAAGGTGTAAAAGGGGCCATAATTATTGTAAACAAATATAATGTTCTACATAAAACATTTAATGATTGGTGAGT","Pf3D7_13_v3-1350855-1351093-1A.1","66+8N",1610,0.959475566150179,2
"IM-23-122-CJFA","8039832128","Maziba","Pf3D7_10_v3-1386657-1386909-1A","CGATTTTGGTAGGGAACAGGTTAAATATATTGAAGACGTGGTTTGATAATCAGGTATTTCTTTAATTAAATATTCATGATATTGTTCGTTAGATACATAAATTAATTCGTCCTCCACATTTTGCTGTTCTGTTATAATTTGTGAAGAAGCTTGGTTTGTCTTATTTGGTAATTGCTCTTTTATGA","Pf3D7_10_v3-1386657-1386909-1A.1",".",1293,0.940363636363636,2
"IM-23-122-CJFA","8039832128","Maziba","Pf3D7_08_v3-585703-585949-1A","AAACACATCATCAAAAGTTTCTGATATTGGCTTGTTTGATTCTTTATATTTAAAATCTTTATATAAATAAAATCTATCTTTCTTAAAATATGGATCTTTACGTACTTCAATCGAATCCCTATCAGTTACAATATTTATATCTTTTAATGTTAAGTGGAAATTAGAATCAATAATAGCTA","Pf3D7_08_v3-585703-585949-1A.2","118C",1139,0.963620981387479,3
"IM-23-122-CJFA","8039832128","Maziba","Pf3D7_08_v3-585993-586266-1A","TGTAAATATAAATCATACGTATGACATGAATCATCATTTAATGCATTCTTAATTGTTAATGCTAATCTACTTACAATAATATAAGCAAAGTTTATATGAGAATGAATACCTTCTTTTCCTAAAAAGTTATAAAGACTAACAAATGGAGCATATATTATAAATTTATCATACTTTTTTTTGTGCATAACTTCATTTAATAAAATATTT","Pf3D7_08_v3-585993-586266-1A.1","171+10N",538,0.960714285714286,2
"IM-23-122-CJFA","8039832128","Maziba","Pf3D7_06_v3-1128558-1128797-1A","ATTGAATCGTTGGTGTTTATTTTATTATTCCTCTTTTGTTTTTCAATGAATACAAATGTTTCATCGACACTATCTTTATGATCTATTGGTATGGCATGATTTTCTAAATTGCTATTTCTTTCATTAGAATTGTATTTTTCACTATTATAGGTTGAGATTTTACTACATTTTATATTTTT","Pf3D7_06_v3-1128558-1128797-1A.2","157A",15,0.0145348837209302,2
"IM-23-122-CJFA","8039832128","Maziba","Pf3D7_06_v3-1128558-1128797-1A","ATTGAATCGTTGGTGTTTATTTTATTATTCCTCTTTTGTTTTTCAATGAATACAAATGTTTCATCGACACTATCTTTATGATCTATTGGTATGGCATGATTTTCTAAATTGCTATTTCTTTCATTAGAATTGTATTTTTCACTATTATAGGTTGAGGTTTTACTACATTTTATATTTTT","Pf3D7_06_v3-1128558-1128797-1A.1",".",1017,0.98546511627907,2
"IM-23-122-CJFA","8039832128","Maziba","Pf3D7_10_v3-1414337-1414596-1A","GACCTGAATGGAAAGGTCAATGTGATAAATTTGAAAAAGAAAAAAGTAAATATGAAGATACTAAAAGTAGAACTGCTGAAATATATTTAAAAGAAATATGTTCTGAATGTGATTGTAAATATAAAGATTTGGATAATACATTTAAAGAATTTAATGATAACGTTACGCTTCTTAAAGCAGTAATTGATAACAAA","Pf3D7_10_v3-1414337-1414596-1A.5","17T39+8N70G82T155T167G",18,0.0181818181818182,4
"IM-23-122-CJFA","8039832128","Maziba","Pf3D7_08_v3-585993-586266-1A","TGTAAATATAAATCATACGTATGACATGTATCATCATTTAATGCATTCTTAATTGTTAATGCTAATCTACTTACAATAATATAAGCAAAGTTTATATGAGAATGAATACCTTCTTTTCCTAAAAAGTTATAAAGACTAACAAATGGAGCATATATTATAAATTTATCATACTTTTTTTTGTGCATAACTTCATTTAATAAAATATTT","Pf3D7_08_v3-585993-586266-1A.2","29T171+10N",22,0.0392857142857143,2
"IM-23-122-CJFA","8039832128","Maziba","Pf3D7_11_v3-119432-119705-1A","CTCCTTTATATTCATCAAGAAATTTCATCCAAGAGTAATTATGTTTTTCTTGTTGATATTTTGCTTTATACAAACGAGCAAGATACTTTTTATACGATTCATGCTCTTTAATTTTCTTTTCAAAAGTTTTGGTTATAATGTGTTCAAGTGATTGTAAAGTATTTTTCTTTAATTTTCTCCATATTAATCTACATGCGATTATAAGAA","Pf3D7_11_v3-119432-119705-1A.1",".",73,0.11496062992126,4
"IM-23-122-CJFA","8039832128","Maziba","Pf3D7_11_v3-119432-119705-1A","CTCCTTTATATTCATCAAGAAATTTCATCCAAGAGTAATTATGTTTTTCTTGTTGATATTTTGCTTTATACAAACGAGCAAGATACTTTTTATACGATTCATGCTCTTTAATTTTCTTTTCAAAAGTTTTGGTTATAATGTGTTGAAGTGATTGTAAAGTATTTTTCTTTAATTTTCTCCATATTAATCTACATGCGATTATAAGAA","Pf3D7_11_v3-119432-119705-1A.3","145G",503,0.792125984251968,4
"IM-23-122-CJFA","8039832128","Maziba","Pf3D7_13_v3-852647-852921-1A","TACGAAATGATGAATTAAAAGAATTAACATTTATGAAAAATAAAGAAAATAGGAATGCAGATACATATGTTTTTCATTATCCTAAAAAAGAGAAATATGACCAATTAGTTTTTGAATTACGTAAACATAATTTTAATATAACAAGCATGAATACATATAAAAAACTAACAAATGAAACATCATCACAAAAAGAAGAAAATGCTTCTATAATAAGTT","Pf3D7_13_v3-852647-852921-1A.1","75C83+8N158+8N",7,0.03125,2
"IM-23-122-CJFA","8039832128","Maziba","Pf3D7_09_v3-163813-164052-1A","GTAATAATAATAATAATAATGTATTTCTTTCATCAAGTGATCCAAATAAATTAAACACAACACCATCACCATTTGGTTTATCATCTATTGGAAATCTAAATACAAACAATAAATTAAATAGCTTTCCAGATTTTAGTCAAGCTAATAAAACATTTCTACAAAATGATAGCTTAT","Pf3D7_09_v3-163813-164052-1A.1","2+19N28T131T",1107,0.989276139410188,2
"IM-23-122-CJFA","8039832128","Maziba","Pf3D7_09_v3-164045-164311-1A","ATCAACTGGTGTTGCAAAACCATTAGTTACCAATTTTAATTCTCCATTTAGTGCTTTTGGTAAAACAAATACCAGTGATATATTTAAAACTAATACTACTGCATCAACTACAAATGCAACTGCAACTGCAACTCCTGCTCCCTTTGGATCAGCATTTGGAGCGCAAAAGAATAATGATAGCTTGTTTGGAAATAATGCATTCAAGCTTTCG","Pf3D7_09_v3-164045-164311-1A.1",".",1127,1,1
"IM-23-122-CJFA","8039832128","Maziba","Pf3D7_09_v3-202854-203106-1A","AATATACAAAGAATGCATATGATAAAATATTCTTTGTCCTTTAAAATTTTTTGTTCTTGTACTTTGTTTTTTATAATCTATTAAATTCATATCTGATGAAATATCATATTTATATTCCCCTTTATGAGCATTTACAAAAGTTTCGCTATTTCTTTTATTAATATATGTATTTGAGCACATATTTTTAT","Pf3D7_09_v3-202854-203106-1A.1","16C46+8N66+8N183T",1299,0.872983870967742,4
"IM-23-122-CJFA","8039832128","Maziba","Pf3D7_09_v3-202854-203106-1A","AATATACAAAGAATGTATATGATAAAATATTCTTTGTCCTTTAAAATTTTTTGTTCTTGTACTTTGTTTTTTATAATCTATTAAATTCATATCTGATGAAATATCATATTTATATTCCCCTTTATGAGCATTTACAAAAGTTTCGCTATTTCTTTTATTAATATATGTATTTGAGCACATATTTTTAT","Pf3D7_09_v3-202854-203106-1A.3","46+8N66+8N183T",113,0.0759408602150538,4
"IM-23-122-CJFA","8039832128","Maziba","Pf3D7_09_v3-202854-203106-1A","AATATACAAAGAATGTATATGATAAAATATTCTTTGTCCTTTAAAATTTTTTGTTCTTGTACTTTGTTTTTTATAATCTATTAAATTCATATCTGATGAAATATCATATTTATATTCCCCTTTATGAGCATTTACAAAAGTTTCGTTATTTCTTTTATTAATATATGTATTTGAGCACATATATTTAT","Pf3D7_09_v3-202854-203106-1A.2","46+8N66+8N146T",41,0.0275537634408602,4
"IM-23-122-CJFA","8039832128","Maziba","Pf3D7_11_v3-1295103-1295335-1A","ACTACTGCTTTGTCCCATCCCATCGAAGTTGAAAACAATTTTCCATGTTCATTATATAAAAATGAAATAATGAAAGAAATCGAAAGAGAATCAAAACGAATTAAATTAAATGATAATGATAATGAAGGGAATAAAAAAATTATAGCTCCAAGAATTTTTATTTCAGATGATAAA","Pf3D7_11_v3-1295103-1295335-1A.32","61A121A132+9N",83,0.0414171656686627,3
"IM-23-122-CJFA","8039832128","Maziba","Pf3D7_11_v3-1295103-1295335-1A","ACTACTGCTTTGTCCCATCCCATCGAAGTTGAAAACAATTTTCCATGTTCATTATATAAAAATGAAATAATGAAAGAAATCGAAAGAGAATCAAAACGAATTAAATTAAATGATAATGATGATGAAGGGAATAAAAAAATTATAGCTCCAAGAATTTTTATTTCAGATGATAAA","Pf3D7_11_v3-1295103-1295335-1A.5","61A132+9N",1859,0.927644710578842,3
"IM-23-122-CJFA","8039832128","Maziba","Pf3D7_09_v3-595828-596094-1A","ATAATTTTTTCATCGTTCTTATACATGAATGATAAAGTCTTTTTGCAAAATTTTTTGAAGAGATCAGATTTGAGATAAAGACGTTTGGCTAATCTATAGGAGAATTCTAGAGCATCTAATTTTATATTTAAACATTTTTTCGTATCCAATATATTATAATTTTGTTCATAAGTCTGTTCGTTTATATTATTTAATACTTTT","Pf3D7_09_v3-595828-596094-1A.4","4+8N27G50+8N94C99G108T134+8N180G",70,0.0940860215053763,2
"IM-23-122-CJFA","8039832128","Maziba","Pf3D7_11_v3-1374917-1375148-1A","TTTTTAAATGAAAATCTCCAAAGCTTCTGGTTGGTTGTAATCTACCTTTAACATAACAATTATCATAATGATGTGATAAGAGATGAAAAGGTGTTTTACATAATTCATATGTATTATTATTATTAACAGTTTTATAATCTCGAGTACATATTTTACATACTAATATA","Pf3D7_11_v3-1374917-1375148-1A.1","112+14N",889,1,1
"IM-23-122-CJFA","8039832128","Maziba","Pf3D7_11_v3-1375807-1376056-1A","TCGTTATGTACCCTAATAAATTTTTTTTCATTATTTGAATCTATATTATTTACATTAGTATTTTGAGTTGTACCATAAATTTCAGTGTTATTATTATTTCTATTCATATAATTATGTCCGCTTATATAATTATGACCATTAAAAAAACGTCTTCCATGTATATCATCTCTTCTAATGTATTTA","Pf3D7_11_v3-1375807-1376056-1A.1","20+10N140+9N",255,0.951492537313433,2
"IM-23-122-CJFA","8039832128","Maziba","Pf3D7_11_v3-1375807-1376056-1A","TCGTTATGTACCCTAATAAATTTTTTTTCATTATTTGAATCTATATTATTTACATTAGTATTTTGAGTTGTACCATAAATTTCAGTGTTATTATTATTTCTATTCATATAATTATGTCCGCTTATATAATTATGACCATTAAAAAAATGTCTTCCATGTATATCATCTCTTCTAATGTATTTA","Pf3D7_11_v3-1375807-1376056-1A.2","20+10N140+9N",13,0.0485074626865672,2
"IM-23-122-CJFA","8039832128","Maziba","Pf3D7_09_v3-685560-685825-1A","GAACCAAACAACGACAAAGGAACAAGATAATTTTTTCCATTTTTATAAAAGTAATATATATGATATGGAAAATAGAACCTGTAATAATAATATATTACAATATTGTGTTATGAATAATAAATCATATTTATTTCATAATATATCATCCAAAAAAAATATATATATAAAAAAAAAGAATCATCAGTTTTCTTTATTCATATATT","Pf3D7_09_v3-685560-685825-1A.2","30+8N148+10N165+11N",21,0.91304347826087,2
"IM-23-122-CJFA","8039832128","Maziba","Pf3D7_13_v3-2780346-2780575-1B","GTTGGATAGAATGCCCGACTACGGATCGGGAGGTCGTGGGTTCGACTCCTGCCCGGCCTAATTTTTTTCGTTTTCCTTTTTAAAGTAAAAAAGGATAATATTTTTAAAAAACATTTAGTATATATATTTTTTTTAAATAATAAATCTATTATATTATTAAATATTATGAGAAGA","Pf3D7_13_v3-2780346-2780575-1B.2","61+9N76C86+8N105+8N126+10N",754,0.918392204628502,2
"IM-23-122-CJFA","8039832128","Maziba","Pf3D7_13_v3-2780346-2780575-1B","GTTGGATAGAATGCCCGACTACGGATCGGGAGGTCGTGGGTTCGACTCCTGCCCGGCCTAATTTTTTTCGTTTTCGTTTTTAAAGTAAAAAAGGATAATATTTTTAAAAAACATTTAGTATATATATTTTTTTTAAATAATAAATCTATTATATTATTAAATATTATGAGAAGA","Pf3D7_13_v3-2780346-2780575-1B.1","61+9N86+8N105+8N126+10N",67,0.0816077953714982,2
"IM-23-122-CJFA","8039832128","Maziba","Pf3D7_09_v3-82006-82236-1A","TTTATCATCTTTAGGCCATAACCAGAGTACAAGCAATCCAACTATAACAATTGTAATTAACATTATAAATACTGTAATACCATAAACACTACCAGAAGCGATCAGAAATGCACTAAAAGTATAAGAACATTCACTTGGAATAAGAGTAGCGATAAAACTAAAAATAGC","Pf3D7_09_v3-82006-82236-1A.4","95G125G137G",2167,0.889938398357289,3
"IM-23-122-CJFA","8039832128","Maziba","Pf3D7_11_v3-1816152-1816378-1A","TTGGGTAGATATCGTTATAAGGGCTATAATGTATTGACTTCTCCGGGTTTGTTACATTATCATTACAACCAATATTATTAAGGTTAATATTATTTTTATCATTATTATTGTTGTTTTCATTTGTGTGGTTATATAATAACAATGATGTGTCGTCTATTGGATCATT","Pf3D7_11_v3-1816152-1816378-1A.1","50T90T",28,0.0106504374286801,2
"IM-23-122-CJFA","8039832128","Maziba","Pf3D7_11_v3-1816152-1816378-1A","TTGGGTAGATATCGTTATAAGGGCTATAATGTATTGACTTCTCCGGGTTTGTTACATTATCATTACAACCAATATTATTAAGGTTCATATTATTTTTATCATTATTATTGTTGTTTTCATTTGTGTGGTTATATAATAACAATGATGTGTCGTCTATTGGATCATT","Pf3D7_11_v3-1816152-1816378-1A.4","50T86C90T",2601,0.98934956257132,2
"IM-23-122-CJFA","8039832128","Maziba","Pf3D7_13_v3-1406713-1406975-1A","TTTCAGGTCTTCTTAAATATGTTTTAAATTCATTATTTAATTTTTCATCATATTTAGGTACATTTTTTTTTGGAAATCTAGATGTTTCATTATTATCGTGATTTGATGAATATATATAATGAGTTTGTTTAAAATGTGGTTCATTCAAATTATCTTTTTTCTTATCTTCGTGTATATTTTTATTATAATTTGAATACTTC","Pf3D7_13_v3-1406713-1406975-1A.2","62+11N154+8N",673,0.916893732970027,2
"IM-23-122-CJFA","8039832128","Maziba","Pf3D7_13_v3-1406713-1406975-1A","TTTCATGTCTTCTTAAATATGTTTTAAATCCATTATTTAATTTTTCATCATATTTAGGTACATTTTTTTTTGGAAATCTAGATGTTTCATTATTATCGTGATTTGATGAATATATATAATGAGTTTGTTTAAAATGTGGTTCATTCAAATTATCTTTTTTCTTATCTTCGTGTATATTTTTATTATAATTTGAATACTTC","Pf3D7_13_v3-1406713-1406975-1A.9","6T30C62+11N154+8N",61,0.0831062670299728,2
"IM-23-122-CJFA","8039832128","Maziba","Pf3D7_13_v3-1419363-1419626-1A","TTTTGAAATCTGTATATTTTTTATCATGTTCATCGAGATTTATTTTGTTCTCTTTGTTTGAAATATCAACTACATGATTAAAAACATCTCCTAAATTATATAATTTCTTATCTAGGTCTTTTCGAAATGTCGATTCTCCTCCTTGTGCTGGTTTTTGTACTTCTTTTCCTTGTGTTGATATCTCTTGTTCATTTTTAGATTGAG","Pf3D7_13_v3-1419363-1419626-1A.5","16+8N24T28G52C123C166T",452,1,1
"IM-23-122-CJFA","8039832128","Maziba","Pf3D7_13_v3-1465616-1465890-1A","TCTTGTGGATTATTATCTATTATATTTTCTTCTGGTTTTTCGACAGCAAAATTATCTCCTCTTGGTCTAGGTTGATCATCTTCGGGTTCATCTGGAACATCTAATGGTTCCCATTTTGGAGGACATCTTTCTTCTTCACATTGTTCTTGTAATTCACTTGTACATCCTTCGTGTAAGATTTCTCTTTTTCTTGACCTGGTACCTTTACCACAAGTTACACTACATGGAGA","Pf3D7_13_v3-1465616-1465890-1A.81","30T32C113A121G",1027,0.866666666666667,3
"IM-23-122-CJFA","8039832128","Maziba","Pf3D7_13_v3-1465616-1465890-1A","TCTTGTGGATTATTATCTATTATATTTTCTTTTGGTTCTTCGACAGCAAAATTATCTCCTCTTGGTCTAGGTTGATCATCTTCGGGTTCATGTGGAACATCTAATGGTTCCCGTTTTGGAGGACAGCTTTCTTCTTCACATTGTTCTTGTAATTCACTTGTACATCCTTCGTGTAAGATTTCTCTTTTTCTTGACCTGGTACCTTTACCACAAGTTACACTACATGGAGA","Pf3D7_13_v3-1465616-1465890-1A.196","30T38C92G121G126G",138,0.116455696202532,3
"IM-23-122-CJFA","8039832128","Maziba","Pf3D7_06_v3-1135605-1135855-1A","TATAAAGAATTTATACCACCTAAATTGTTAACATTAGAAGTATTATTTGTTTCTGTATTTTCTTGTAACGTATTTGTATTATTAATATTGTTAGATGAAATATTATGACTATTTCTTCTATTTGTTATATTTAAATTGTAAATAGTTTCATTACTAACACTACTGATACCACTGAAATGATTATTTAG","Pf3D7_06_v3-1135605-1135855-1A.2",".",632,0.967840735068913,2
"IM-23-122-CJFA","8039832128","Maziba","Pf3D7_06_v3-1135605-1135855-1A","TATAAAGAATTTATACCACCTAAATTGTTAACATTAGAAGTATTATTTGTTTCTGTATTTTCTTGTAACGTATTTGTATTATTAATATTGTTAGATGAAATATTATGACTATTTCTTCTATTTGTTATATTTAAATTGTAAATAGTTTCATTACTAACACTACTGATACCATTGAAATGATTATTTAG","Pf3D7_06_v3-1135605-1135855-1A.1","172T",21,0.0321592649310873,2
"IM-23-122-CJFA","8039832128","Maziba","Pf3D7_10_v3-1414599-1414832-1A","ATCTAAATCAACGAGGGAATATAACAACATCTCAAGGAAATTCACACCGTGCAACTGTTGTGCAACAAGCTGATCAAACCAACAGATTAGATAATGTAAACTCTGTAACGCAAAGAGGAAATAATAACTACAACAATAATTTAGAGCGTGGATTGGGTTCTGGTGCT","Pf3D7_10_v3-1414599-1414832-1A.4","6A70C",55,0.0152228065319679,2
"IM-23-122-CJFA","8039832128","Maziba","Pf3D7_10_v3-1414599-1414832-1A","ATCTAGATCAACGAGGGAATATAACAACATCTCAAGGAAATTCACACCGTGCAACTGTTGTGCAACAAGCTGATCAAACCAACAGATTAGATAATGTAAACTCTGTAACGCAAAGAGGAAATAATAACTACAACAATAATTTAGAGCGTGGATTGGGTTCTGGTGCT","Pf3D7_10_v3-1414599-1414832-1A.1","70C",3558,0.984777193468032,2
"IM-23-122-CJFA","8039832128","Maziba","Pf3D7_10_v3-992331-992603-1A","TCATTATATTTTTAAAAAAAAAAATTATGATATAAAATCTTCAATTAATAAAAGATCTATCCAGTTCTTTAAAGACACTAATATAGATCATTATATAGCATATGAATATTATAAGGAGGACCGTACAGAATTTATATTAACTATTATGAATGAAAAAAATATTACTCATCAAGAAACTCAAAGTCTTGAAATGAAAAAGTTGAAAG","Pf3D7_10_v3-992331-992603-1A.3","13+13N127A152+9N",449,0.901606425702811,2
"IM-23-122-CJFA","8039832128","Maziba","Pf3D7_10_v3-992331-992603-1A","TCATTATATTTTTAAAAAAAAAAATTATGATATAAAATCTTCAATTAATAAAAGATCTATCCAGTTCTTTAGAGACACTAATATAGATCATTATATAGCATATGAATATTATAAGGAGGACCGTACAGAATTTATATTAACTATTATGAATGAAAAAAATATTACTCATCAAGAAACTCAAAGTCTTGAAATGAAAAAGTTGAAAG","Pf3D7_10_v3-992331-992603-1A.1","13+13N72G127A152+9N",49,0.0983935742971888,2
"IM-23-122-CJFA","8039832128","Maziba","Pf3D7_10_v3-992596-992869-1A","GAAAATAATAAAATGCACAGTATCAATTCTGATAGAAATAAAAATGATTATATTCCATCTTCCTATTTACATACAATATATAAAACATTTAGCGAACATATAAACCGAGATAATGGAAATATTTATGATGATGAAAAAAAAAATTTATATGATGGAACTGTTTTTTATATAGAAACATTAAACGAATTAAGAATTATAAATATATTATTTTCA","Pf3D7_10_v3-992596-992869-1A.1","133+12N160+8N",110,1,1
"IM-23-122-CJFA","8039832128","Maziba","Pf3D7_13_v3-146695-146934-1A","AAAGTATTTGTAATAGATTGAACGATGAACTAAATGAAGAAATATGTGGTTATCAAATTAGGTTTGAAAAATCGTATTTTTTAAAACATAGTAAAATTAAAGTTATGACAGAAGGAATTTTATTGAAAGAAATTATGAGTGATTTTATTTTATCAAAATATAGTGTTATCATTCTTGA","Pf3D7_13_v3-146695-146934-1A.1","20G76+8N170C",116,0.0459042342698852,3
"IM-23-122-CJFA","8039832128","Maziba","Pf3D7_13_v3-156456-156685-1A","ATTATATGATATTTATATAAAATTAGAAAATCTAATTTTAGAAAAAATAACTGAAAGTATATACAATAGTACACCTCCATATAGAGTTATTATGTTCGAATTAATGACCAGATTATTTCGATTTTATACAAAACCAATAGACCTTATTATTACTATGAATACAC","Pf3D7_13_v3-156456-156685-1A.1","41+8N",36,0.0827586206896552,2
"IM-23-122-CJFA","8039832128","Maziba","Pf3D7_08_v3-585703-585949-1A","AAACACATCATCAAAAGTTTCTGATATTGGCTTGTTTGATTCTTTATATTTAAAATCTTTATATAAATAAAATCTATCTTTCTTAAAATATGGATCTTTACGTACTTCAATCGAATCACTATCAGTTACAATATTTATATCTTTTAATGTTAAGTGGAAATTAGAATCAATAATAGCTA","Pf3D7_08_v3-585703-585949-1A.1",".",18,0.0152284263959391,3
"IM-23-122-CJFA","8039832128","Maziba","Pf3D7_13_v3-1724895-1725166-1B","CGCCATTTTCTCCTCCTGTAATTATATAAGAATCTGACAATGTGGCAGCTCCAAAATTCATTTTTTTCTCTGGTACACCATTTAGAAATTGCCATCTTTTATTAAATGGTTGATATTGTTCAACGGAATCTAATATGTTATGTTCATTATCAATACCTCCAACAACATATATTTGATTAAGGTAATTAAAAGCTGCTCCTGAACTTCTAG","Pf3D7_13_v3-1724895-1725166-1B.1","60+9N",590,1,1
"IM-23-122-CJFA","8039832128","Maziba","Pf3D7_13_v3-1725124-1725365-2","TGGAAATTGTTCCCATTTATTCATTTTTTCTTCATATACTTCAATAGAATTTAATCTCTCACCATTAGTTCCACCAATGACATAAATTTTATTATCAAAAGCAACACACATAGCTGATGATCTAGGGGTATTCAAAGGTGCCACCTCTACCCATGCTTTCATACGATGATCATATGCTTCTAC","Pf3D7_13_v3-1725124-1725365-2.1","23+8N",3537,1,1
"IM-23-122-CJFA","8039832128","Maziba","Pf3D7_13_v3-1725379-1725652-2","ATTATTTCTTCTAGGTATATTTAAATTACTTGAAACATACCATACATCTCTTAAACGATCATACACCTCAGTTTCAAATAAAGCCTTATAATCATAGTTATTACCACCAAAAACGTATAAGAAATTATTCAATACAGCACTTCCAAAATAAGCTTTTTTGGTAGACATAGGTGTACACATACGCCAGCATTGTTGACTAATATCTAATAATTCCA","Pf3D7_13_v3-1725379-1725652-2.1","153+8N",1173,1,1
"IM-23-122-CJFA","8039832128","Maziba","Pf3D7_13_v3-1725464-1725719-1B","ATCATAGTTATTACCACCAAAAACGTATAAGAAATTATTCAATACAGCACTTCCAAAATAAGCTTTTTTGGTAGACATAGGTGTACACATACGCCAGCATTGTTGACTAATATCTAATAATTCCATCGAATTTAAATATTCTACACCATCAAATCCACCTATACAAAATACTAATGGGAATGGTAAAAATTTAATACCA","Pf3D7_13_v3-1725464-1725719-1B.1","63+8N",760,1,1
"IM-23-122-CJFA","8039832128","Maziba","Pf3D7_05_v3-350808-351052-1A","TAATATAATTTGAGTTGATAATATTATAATTATTTTTTATATGTTGCTCATTTATATTATTATGATAAATATGAGTTGTATTTTTATTAGAGTTGTAGGACATTTTCCCATACATTAGTTGTTTTACATTTTTAACATTTTTATAATTATGTATTAAACATAAAATTATTAGATAAA","Pf3D7_05_v3-350808-351052-1A.5","32+8N116T164A",70,0.0599828620394173,3
"IM-23-122-CJFA","8039832128","Maziba","Pf3D7_05_v3-350808-351052-1A","TAATATAATTTGAGTTGATAATATTATAATTATTTTTTATATGTTGCTCATTTATATTATTATGATAAATATGAGTTGTATTTTTATTAGAGTTGTAGGACATTTTCCCATACATTAGTTGTTTTACATTTTTAACATTTTTATAATTATGTATTAAACATAAGATTATTAGATAAA","Pf3D7_05_v3-350808-351052-1A.1","32+8N116T",13,0.0111396743787489,3
"IM-23-122-CJFA","8039832128","Maziba","Pf3D7_05_v3-369676-369949-1A","TGTAATATTATATATCCTGTTATAAATAAATCACTGGATATGGATGTGAAAAAAGAAGATATAAAAAAAAATGTAGAAGAAAATAAATATATAGAACATACACAGAATTTGAAAAATCATTTAGAAAATGATGAAAATGAGAAAAAAAAAAGAAGAAAAAGATCAAATAATAATGACAATTATAATTCTCATGATAATAATATTTTTCA","Pf3D7_05_v3-369676-369949-1A.4","34C48+8N62+11N118C141+12N",7,0.0218068535825545,2
"IM-23-122-CJFA","8039832128","Maziba","Pf3D7_13_v3-852647-852921-1A","TACGAAATGATGAATTAAAAGAATTAACATTTATGAAAAATAAAGAAAATAGGAATGCAGATACATATGTTTTTCATTATCCTAAAAAAGAGAAATATGACCAATTAGTTTTTGAATTACGTAAACATAATTTTAATATAACAAGCATGAATACATATAAAAAACTAAATAATGAAACATCATCACAAAAAGAAGAAAATGCTTCTATAATAAGTT","Pf3D7_13_v3-852647-852921-1A.5","75C83+8N158+8N169A170T",217,0.96875,2
"IM-23-122-CJFA","8039832128","Maziba","Pf3D7_06_v3-176108-176338-1A","ATTATTATTATTATTATTATGATGATGATGATGATGATCTGTGTTAAGATCATCTTCTATACCATTAGTTAAACATTTTATATTTTTATTCATATAAACATTAATCTTCACAACAGATTTATCAGATCTAGAAAATCTTGTACCTGTTGCTTTATGTAACAATAT","Pf3D7_06_v3-176108-176338-1A.1","1+38N",951,0.991657977059437,3
"IM-23-122-CJFA","8039832128","Maziba","Pf3D7_11_v3-1293919-1294168-1A","TCCATATCAAAATAGTAATGTGTATCATCCAATCAACGAACATAGGGAACATCCAAAAGAATACGAATATCCATTACACCAGGAACATACATACCAACAAGAAGATTCAGGAGAAGACGAAAATACATTACAACACGCATATCCAATAGACCACGAAGGTGCCGAACCCGCACCACAAGAACAAAATTTAT","Pf3D7_11_v3-1293919-1294168-1A.6","17A27A",1279,0.922799422799423,4
"IM-23-122-CJFA","8039832128","Maziba","Pf3D7_11_v3-1294664-1294910-1A","AAAAGATAAATCATTTCAAGACTATACATATTTAAGTAAAAATGTAGTTGATAACTGGGAAAAAGTTTGCCCTAGAAAGAATTTAGAGAATGCAAAATTCGGATTATGGGTCGATGGAAATTGTGAAGATATACCACATGTAAATGAATTTTCAGCAAATGATCTTTTTGAATGTAATAAATTAGTTTTTGAATTG","Pf3D7_11_v3-1294664-1294910-1A.34","9A20G40A86G152T159A",10,0.00376506024096386,3
"IM-23-122-CJFA","8039832128","Maziba","Pf3D7_09_v3-202854-203106-1A","AATATACAAAGAATGCATATGATAAAATATTCTTTGTCCTTTAAAATTTTTTGTTCTTGTACTTTGTTTTTTATAATCTATTAAATTCATATCTGATGAAATATCATATTTATATTCCCCTTTATGAGCATTTACAAAAGTTTCGTTATTTCTTTTATTAATATATGTATTTGAGCACATATATTTAT","Pf3D7_09_v3-202854-203106-1A.7","16C46+8N66+8N146T",35,0.0235215053763441,4
"IM-23-122-CJFA","8039832128","Maziba","Pf3D7_11_v3-1294664-1294910-1A","AAAAGATATATCATTTCAAAACTATACATATTTAAGTAAAAATGTAGTTGATAACTGGGAAAAAGTTTGCCCTAGAAAGAATTTAGAGAATGCAAAATTCGGATTATGGGTCGATGGAAATTGTGAAGATATACCAGATGTAAATGAATTTTCAGCAAATGATCTTTTTGAATGTAATAAATTAGTTTTTGAATTG","Pf3D7_11_v3-1294664-1294910-1A.3","40A86G137G152T159A",17,0.00640060240963855,3
"IM-23-122-CJFA","8039832128","Maziba","Pf3D7_11_v3-1295103-1295335-1A","ACTACTGCTTTGTCCCATCCCAACGAAGTTGAACACAATTTTCCATGTTCATTATATAAAGATGAAATAAAGAAAGAAATCGAAAGAGAATCAAAACGAATTAAATTAAATGATAATGATGATGAAGGGAATAAAAAAATTATAGCTCCAAGAATTTTTATTTCAGATGATATA","Pf3D7_11_v3-1295103-1295335-1A.2","23A34C71A132+9N173T",62,0.030938123752495,3
"IM-23-122-CJFA","8039832128","Maziba","Pf3D7_13_v3-935613-935884-1A","CAAAATAATATGAATAGTAATAGTAATAGTTATAATAATTTTAATATAACAGATAGAAGTAAAGAAATAAAAAAAAATTATAAAAGAAACAAAATTTTAATAGTTATTAATAATATTAATACAAATCATATTTTATTATTAAATGAAAGTGTTATAAAAAAAAAAATACTTACATTTTATCTAGATCTTTTTTTTGATGATAATGAACAAAT","Pf3D7_13_v3-935613-935884-1A.1","68+11N155+13N187+10N",519,0.977401129943503,2
"IM-23-122-CJFA","8039832128","Maziba","Pf3D7_11_v3-1295371-1295597-1A","AAGTAACATCAAATAATGAAGTTGTAGTTAAAGAAGAATATAAAGATGAATATGCAGATATTCCTGAACATAAACCAACTTATGATAAAATGAAAATTATAATTGCATCATCAGCTGCTGTCGCTGTATTAGCAACTATTTTAATGGTTTATCTTTATAAAAGAA","Pf3D7_11_v3-1295371-1295597-1A.1",".",1133,1,1
"IM-23-122-CJFA","8039832128","Maziba","Pf3D7_13_v3-958247-958510-1B","TTTATATTATCTGTAATATGCACATTTTGTATAATATTATCAATATTTGTAGCATTTTGACCGTATGTTTCATTTTCATCGTATGTTCCATTTATATTGTATGTTCCATTTTCATCGTATGTTCCATTTATATTGTATGTTCCATTTTCATCGTATGTTCCATTTATATTGTATGTTCCATTTTTATCATATGTTATGTCCACAT","Pf3D7_13_v3-958247-958510-1B.1","106C",503,0.982421875,2
"IM-23-122-CJFA","8039832128","Maziba","Pf3D7_13_v3-958247-958510-1B","TTTATATTATCTGTAATATGCACATTTTGTATAATATTATCAATATTTGTAGCATTTTGACCGTATGTTTCATTTTCATCGTATGTTCCATTTATATTGTATGTTCCATTTTCATCGTATGTTCCATTTATATTGTATGTTTCATTTTCATCGTATGTTCCATTTATATTGTATGTTCCATTTTTATCATATGTTATGTCCACAT","Pf3D7_13_v3-958247-958510-1B.15","106C142T",9,0.017578125,2
"IM-23-122-CJFA","8039832128","Maziba","Pf3D7_14_v3-1038300-1038538-1A","ATTAATGATTTATACACTTCAACTACACTTTTTAATTTAGCCCATACAATTAATAAAGCTCTACGATAAATTTCTTTTTTATTTGATTTAGAAAAAGGAGAAAACCATTGAAACTTTTTGGCTAGATATTTATGGTCTTTATCAAAAATATATTCTGAAACTTCATCTTCTAGAAGT","Pf3D7_14_v3-1038300-1038538-1A.1","74+8N",1418,1,1
"IM-23-122-CJFA","8039832128","Maziba","Pf3D7_14_v3-106867-107115-1A","AATGACATGAACAAGTCAGGCGAAAAAGAGGAACATGTTATAAATAGTAAATGGAAAAATAAATTTTTCCATGAAGTTATACAAAATATGTTATATGATGATAATATAAATGATCATAAGGAAGAAATTAAGGAAGATAATTCTAATGAATATAATATCAATAATAAAAATGATAATTTATATGATATA","Pf3D7_14_v3-106867-107115-1A.3",".",479,1,1
"IM-23-122-CJFA","8039832128","Maziba","Pf3D7_09_v3-82006-82236-1A","TTTATCATCTTTAGGCCATAACCAGAGTACAAGCAATCCAACTATAACAATTGTAATTAACATTATAAATACTGTAATACCATAAACACTACCAGAAGCGATCAGAAATGCACTAAAAATATAACAACATTCACTTGGAATAAGAGTAGCGATAAAACTAAAAATAGC","Pf3D7_09_v3-82006-82236-1A.39","95G119A137G",228,0.0936344969199179,3
"IM-23-122-CJFA","8039832128","Maziba","Pf3D7_05_v3-960810-961048-1B","TAATACAGGAAGCATTTTATAATATGCATACTGTTATTAATTATGGTTTAGAAGATTATTTCTGTAATTTGATAGAAAAAGCTATTGATTATAAAAATAAAGGACAAAAAAGAAGAATTATTGTAAATGCAGCTTTATGGGGATTCAGTCAAAGCGCTCAATTATTTATTAATAGTTT","Pf3D7_05_v3-960810-961048-1B.1","105+8N",863,1,1
"IM-23-122-CJFA","8039832128","Maziba","Pf3D7_11_v3-1376058-1376305-1A","TTTCTGGCTCGATATAATCCATTTCAATATTTATATTAGATATGAAACATCTATCTTCAATAGGTGAATTTGCTGCAAATTGAGCCATAGAAAAATGATTCTCATTCCTTTGAAAATATGAACTATTCAACTCATCAAGGTTTTCATATTTTATTTCATAACTGCCATCATCTGAATCCTCTTCATCA","Pf3D7_11_v3-1376058-1376305-1A.5","140G150T",1172,0.966996699669967,2
"IM-23-122-CJFA","8039832128","Maziba","Pf3D7_13_v3-1265494-1265726-1A","TGTCATATACAGATTATAAAAATGATCATAGAATAAGCGAAATCTTAAATCGTTGTATTTTACGATTAAACGAGTTTGATCTAATTCATTTATCTTCTTTGGTCATATCTTTAAGTAAAATGAATTTTAGGAGTGTGTATTTTCAGGAACAAGTACAAAAGAAATT","Pf3D7_13_v3-1265494-1265726-1A.3","145A",129,0.0522902310498581,3
"IM-23-122-CJFA","8039832128","Maziba","Pf3D7_13_v3-1265494-1265726-1A","TGTCATATACAGATTATAAAAATGATCATAGAATAAGCGAAATCTTAAATCGTTGTATTTTACGATTAAACGAGTTTGATCTAATTCATTTATCTTCTTTGGTCATATCTTTAAGTAAAATGAATTTTAGGAGTGTGTATTTTCTGGAACAAGTACAAAAGAAATT","Pf3D7_13_v3-1265494-1265726-1A.8",".",2296,0.930685042561816,3
"IM-23-122-CJFA","8039832128","Maziba","Pf3D7_13_v3-1265494-1265726-1A","TGTCATATACAGATTATAAAAATGATCATAGAATAAGCGAAATTTTAAATCGTTGTATTTTACGATTAAACGAGTTTGATCTAATTCATTTATCTTCTTTGGTCATATCTTTAAGTAAAATGAATTTTAGGAGTGTGTATTTTTTGGAACAAGTACAAAAGAAATT","Pf3D7_13_v3-1265494-1265726-1A.9","44T144T",42,0.0170247263883259,3
"IM-23-122-CJFA","8039832128","Maziba","Pf3D7_13_v3-1350855-1351093-1A","TCTTTTATATTAGTTGTTTCGTTATTTTCATTATGTTCCATATTTTGGTTATTTGTATATTTTATATTTTTTAAAAATTGGTAAATATATTCAGAGATGAAAGGTGTAAAAGGGGCCATAATTATTGTAAACAAATATAATGTTCTACATAAAACATTTAATGATTGGTGAGT","Pf3D7_13_v3-1350855-1351093-1A.2","66+8N93A",68,0.0405244338498212,2
"IM-23-122-CJFA","8039832128","Maziba","Pf3D7_08_v3-1370603-1370853-1B","AAAAGTAATTAAAAAAAAAAAAATGAAAATAAAAAAAAACATTACATATTTTTTTATGTATAAAATATTTTAAAGCACTGAGATTATTTATGTTATAAATTAATTGAATGTTTAAAAGATTATAAAATTTTATTTATGAAAATATATGAATATATATAATATAAGCAGGTATTAAATAACCAAATAATAT","Pf3D7_08_v3-1370603-1370853-1B.1","10+32N49+9N",134,1,1
"IM-23-122-CJFA","8039832128","Maziba","Pf3D7_14_v3-771407-771633-1A","ACCCACGGGACATTTTAATTTATACCTATTGGAACATTTTTTATTAGGTCTTTCTTTATGATTCTTCTTTAAAATAGGTTCATCATTATTTGAGTAAACTAACAGATCATTATCGTTCTCAAAATTATTATAACCATCAATATTTTTATTTCCATATACATCTATAA","Pf3D7_14_v3-771407-771633-1A.6","36+8N108C",116,0.053431598341778,3
"IM-23-122-CJFA","8039832128","Maziba","Pf3D7_10_v3-1392371-1392620-1A","TGATGAAAATGATGATTCCCTTATTTCTAATTCTTTAGTACCCGAAACAAGTTACAATCAAGATTACTCTTTATACACTATTAATATTTTGAATGGACTTCCTGATAAAGAAAGTAATATGAAAAATATTGATTTAGAAAAATTTAAAGATACTTCAATACATACAAAGGAAGAGGGACCCATTGTA","Pf3D7_10_v3-1392371-1392620-1A.2","106+9N",1246,0.92777364110201,3
"IM-23-122-CJFA","8039832128","Maziba","Pf3D7_13_v3-1465616-1465890-1A","TCTTGTGGATTATTATCTATTATATTTTCTTTTGGTTTTTCGACAGCAAAATTATCTCCTCTTGGTCTAGGTTGATCATCTTCGGGTTCATCTGGAACATCTAATGGTTCCCGTTTTGGAGGACATCTTTCTTCTTCACATTGTTCTTGTAATTCACTTGTACATCCTTCGTGTAAGATTTCTCTTTTTCTTGACCTGGTACCTTTACCACAAGTTACACTACATGGAGA","Pf3D7_13_v3-1465616-1465890-1A.51","30T121G",20,0.0168776371308017,3
"IM-23-122-CJFA","8039832128","Maziba","Pf3D7_13_v3-1465901-1466157-1A","CATAAAGGGTCCGATAACATTTTTTACATTTTCCCATGCAGAATCAGCATACAAGTTACATTTACCATCTGATGGATGACAACCTACAAGAAATCTGTTGAAAGCTACATTAATACCTTGTCCAATACCAAAAACAGCTATTTTAACACCACGATCACTTAATTTTCTTGATTCTTTTAATGAATCTTGAATACTAT","Pf3D7_13_v3-1465901-1466157-1A.4","19+8N",2,0.00113765642775882,4
"IM-23-122-CJFA","8039832128","Maziba","Pf3D7_13_v3-1465901-1466157-1A","CATAAAGGGTCCGATAACATTTTTTACATTTTCCCATGCAGAATCAGCATACAAGTTACATTTACCATCTGATGGATGACAACCTACAAGAAATCTGTTGAAAGCTACATTAATACCTTGTCCAATACCAAAAACAGCTATTTTAACACCACGATCATTTAATTTTCTTGATTCTTTTAATGAATCTTGAATACTAT","Pf3D7_13_v3-1465901-1466157-1A.1","19+8N158T",1661,0.944823663253697,4
"IM-23-122-CJFA","8039832128","Maziba","Pf3D7_13_v3-1465901-1466157-1A","CATAAAGGGTCCGATAACATTTTTTACATTTTCCCATGCAGAATCAGCATACAAGTTACATTTACCATCTGATGGATGACAACCTACAAGAAATCTGTTGAAAGCTACATTAATACCTTGTCCAATACCAAAAATAGCTATTTTAACACCACGATCATTTAATTTTCTTGATTCTTTTAATGAATCTTGAATACTAT","Pf3D7_13_v3-1465901-1466157-1A.37","19+8N135T158T",94,0.0534698521046644,4
"IM-23-122-CJFA","8039832128","Maziba","Pf3D7_13_v3-1465901-1466157-1A","CATAAAGGGTCCGATAACATTTTTTACATTTTCCCATGCAGAATCAGCATACAAGTTACATTTACCATCTGTTGGATGACAACCTACAAGAAATCTGTTGAAAGCTACATTAATACCTTGTCCAATACCAAAAACAGCTATTTTAACACCACGATCATTTAATTTTCTTGATTCTTTTAATGAATCTTGAATACTAT","Pf3D7_13_v3-1465901-1466157-1A.11","19+8N72T158T",1,0.000568828213879408,4
"IM-23-122-CJFA","8039832128","Maziba","Pf3D7_13_v3-146695-146934-1A","AAAGTATTTGTAATAGATTAAACGATGAACTAAATGAAGAAATATGTGGTTATCAAATTAGGTTTGAAAAATCGTATTTTTTAAAACATAGTAAAATTAAAGTTATGACAGAAGGAATTTTATTGAAAGAAATTATGAGTGATTTTATTTTATCAAAATATAGTGTTATCATTCTTGA","Pf3D7_13_v3-146695-146934-1A.2","76+8N170C",2356,0.932330827067669,3
"IM-23-122-CJFA","8039832128","Maziba","Pf3D7_13_v3-146695-146934-1A","AAAGTATTTGTAATAGATTAAACGATGAACTAAATGAAGAAATATGTGGTTATCAAATTAGGTTTGAAAAATCGTATTTTTTAAAACATAGTAAAATTAAAGTTATGACAGAAGGAATTTTATTGAAAGAAATTATGAGTGATTTTATTTTATCAAAATATAGTGTTATTATTCTTGA","Pf3D7_13_v3-146695-146934-1A.4","76+8N",55,0.0217649386624456,3
"IM-23-122-CJFA","8039832128","Maziba","Pf3D7_13_v3-388138-388408-1A","ATATATCTTTATTCATATGTTCTATATATTGTCTTTGTCTCTTTTCCTTTCTCATATCAGATATTATTGAATAATTTCCTTTATCACATACATATCTAGGATTATGTGATAATTCATAAGCTGCTCTTTTTAAAACTCTATTCTTTTCTTTAAAACTATTAAATTTTATATTATTGTTCATATTAGATGTGTTCCTTTTAATAATA","Pf3D7_13_v3-388138-388408-1A.1","194C",756,0.976744186046512,2
"IM-23-122-CJFA","8039832128","Maziba","Pf3D7_11_v3-1006693-1006917-1A","GTGGGGGAGAGAATTTTACCTTGATACGCTCCCATGTTTTATCCTTTATACAATACACATAAGTGTCATTGGTAATATATGACCCTCTTTTACCTCCGTAAAGAAATAAACAATCTTCTTTTTTTTCAGTGGAGTAAATTAAATTTAATTTTGCAAAATAGCGTGG","Pf3D7_11_v3-1006693-1006917-1A.3","27C58C118+10N",9,0.00387263339070568,2
"IM-23-122-CJFA","8039832128","Maziba","Pf3D7_13_v3-156456-156685-1A","ATTATATGATATTTATATAAAATTAGAAAATCTAATTTTAGAAAAAATAACTGAAAGTATATACAATAGTACACCTCCATATAGAGTTATTATGTTCGAATTAATGACCAGATTGTTTCGATTTTATACAAAACCAATAGACCTTATTATTACTATGAATACAC","Pf3D7_13_v3-156456-156685-1A.2","41+8N115G",399,0.917241379310345,2
"IM-23-122-CJFA","8039832128","Maziba","Pf3D7_13_v3-156713-156986-1A","TCCTTTTATGTGAACAAATTAAATATTGTAAATGATTTCTTTTTTGGAACACACCATAAAGATACACCTCAAGACAGTCAAAATGAACACAAAACGGATGAACCTAAAATACATAATGTTTTCAAAAAAAAAAATAACGATATCTTTGTTAATATTCCTCTACCAAAAATATTTAAAAATTTCTTACATTCCATATATTTTAGAACTCC","Pf3D7_13_v3-156713-156986-1A.1","39+8N47G50C68C123+13N",336,0.994082840236686,2
"IM-23-122-CJFA","8039832128","Maziba","Pf3D7_08_v3-550057-550318-2","ACTATTTGATATTGGATTAGGATTTGGGAAGAAACATGATCAATCTATTAAACTCTTACAAAATATACATGTATATGATGAGTATCCACTTTTTATTGGATATTCAAGAAAAAGATTTATTGCCCATTGCATGAATGATCAAAATGTTGTAATAAATACACAACAAAAATTACATGATGAACAACAAAATGAAAATAAAAATA","Pf3D7_08_v3-550057-550318-2.2","27G",8,0.00614439324116743,2
"IM-23-122-CJFA","8039832128","Maziba","Pf3D7_13_v3-1725208-1725471-1B","CATAAATTTTATTATCAAAAGCAACACACATAGCTGATGATCTAGGGGTATTCAAAGGTGCCACCTCTACCCATGCTTTCATACGATGATCATATGCTTCTACATTCGGTATAATAGAAGAGCCATCATATCCCCCAATACAATAAATTCTACCATTTGACGTAACACCACAATTATTTCTTCTAGGTATATTTAAATTACTTGAAAC","Pf3D7_13_v3-1725208-1725471-1B.1",".",977,1,1
"IM-23-122-CJFA","8039832128","Maziba","Pf3D7_05_v3-369676-369949-1A","TGTAATATTATATATCCTGTTATAAATAAATCATTGGATATGGATGTGAAAAAAGAAGATATAAAAAAAAATGTAGAAGAAAATAAATATATAGAACATACACAGAATTTGAAAAATTATTTAGAAAATGATGAAAATGAGAAAAAAAAAAGAAGAAAAAGATCAAATAATAATGACAATTATAATTCTCATGATAATAATATTTTTCA","Pf3D7_05_v3-369676-369949-1A.1","48+8N62+11N141+12N",314,0.978193146417445,2
"IM-23-122-CJFA","8039832128","Maziba","Pf3D7_11_v3-119432-119705-1A","CTCCTTTATATTCATCAAGAAATTTCATCCAAAAGTAATTATGTTTTTCTTGTTGATATTTTGCTTTATACAAACGAGCAAGATACTTATTATACGATTCATGCTCTTTAATTTTCTTTTCAAAAGTTTTGGTTATAATGTGTTCAAGTGATTGTAAAGTATTTTTCTTTAATTTTCTCCATATTAATCTACATGCGATTATAAGAA","Pf3D7_11_v3-119432-119705-1A.2","33A89A",58,0.0913385826771654,4
"IM-23-122-CJFA","8039832128","Maziba","Pf3D7_11_v3-119432-119705-1A","CTCCTTTATATTCATCAAGAAATTTCATCCAAAAGTAATTATGTTTTTCTTGTTGATATTTTGCTTTATACAAACGAGCAAGATACTTATTATACGATTCATGCTCTTTAATTTTCTTTTCAAAAGTTTTGGTTATAATGTGTTGAAGTGATTGTAAAGTATTTTTCTTTAATTTTCTCCATATTAATCTACATGCGATTATAAGAA","Pf3D7_11_v3-119432-119705-1A.4","33A89A145G",1,0.0015748031496063,4
"IM-23-122-CJFA","8039832128","Maziba","Pf3D7_13_v3-815862-816091-1A","ATGATGTAGATGCTAATAGCACATCCTGGTCAGTATCTTGTGATAAATAATTTAATTTATCCGCTAAAAAATAAAGTATAATTTCACAGCTTTTTTTATTTGTATCTGTGTTTTTCATGTTATCATAAAAAGACAAAGATGAAGTAGCACATGAGTTAATTA","Pf3D7_13_v3-815862-816091-1A.2","59A65+8N90+9N",9,0.0111940298507463,3
"IM-23-122-CJFA","8039832128","Maziba","Pf3D7_13_v3-815862-816091-1A","ATGATGTAGATGCTAACACAACATCCTGGTCAGTATCTTGTGATAAATAATTTAATTTGTCCGCTAAAAAATAAAGTATAATTTCACAGCTTTTTTTATTTGTATCTGTGTTTTTCATGTTATCATAAAAAGACAAAGATGAAGTAGCACATGAGTTAATTA","Pf3D7_13_v3-815862-816091-1A.1","17C19C20A65+8N90+9N",709,0.881840796019901,3
"IM-23-122-CJFA","8039832128","Maziba","Pf3D7_01_v3-528859-529104-1A","TTTGATTCTTTTTAATGAAAAAGAAGCTAAAGATATGTCAGACCATATAATTTCCCAACAAAAACGTTATTGCTCTACCAATATTCATAGTAATTATAATAATAAAATATGTATATGTAAAAATAAGCGACATCATAACAAAAGAGGGAAAGGAATAAAGCATCATGACATACATCAAAAGG","Pf3D7_01_v3-528859-529104-1A.1","165A",3569,0.974072052401747,2
"IM-23-122-CJFA","8039832128","Maziba","Pf3D7_01_v3-528859-529104-1A","TTTGATTCTTTTTAATGAAAAAGAAGCTAAAGATATGTCAGACGATATAATTTCCCAACAAAAACGTTATTGCTCTACCAATATTCATAGTAATTATAATAATAAAATATGTATATGTAAAAATAAGCGACATCATAACAAAAGAGGGAAAGGAATAAAGCATCATGACATACATCAAAAGG","Pf3D7_01_v3-528859-529104-1A.11","44G165A",95,0.0259279475982533,2
"IM-23-122-CJFA","8039832128","Maziba","Pf3D7_11_v3-1293919-1294168-1A","TCCATATCAAAATAGTAATGTGTATCATCCAATCAACGAACATAGGGAACATCCAAAAGAATACGAATATCCATTACACCAGGAACATACATACCAACAAGAAGATTCAGGAGAAGACGAAAATACATTACAACACGCATATCCAATAGACCACGAAGGTGCTGAACCCGCACCACAAGAACAAAATTTAT","Pf3D7_11_v3-1293919-1294168-1A.22","17A27A163T",3,0.00216450216450216,4
"IM-23-122-CJFA","8039832128","Maziba","Pf3D7_11_v3-1293919-1294168-1A","TCCATATCAAAATAGTGATGTGTATCGTCCAATCAACGAACATAGGGAACATCCAAAAGAATACGAATATCCATTACACCAGGAACATACATACCAACAAGAAGATTCAGGAGAAGACGAAAATACATTACAACACGCATATCCAATAGACCACGAAGGTGCCGAACCCGCACCACAAGAACAAAATTTAT","Pf3D7_11_v3-1293919-1294168-1A.1",".",39,0.0281385281385281,4
"IM-23-122-CJFA","8039832128","Maziba","Pf3D7_13_v3-911757-912005-1A","GAGCCAACAATTTGATTTTCCACAACTTACTGAATCTTTAAAACATTGTGAACAGGTATCTGACATTTTTTTATTATCTTTGGCTAGTTCCTTTTGAACACATTCCATAGTACTATTACCTGAACCTAAGTTATCAACAGAACATTTTAATAATATACTAAAAAATTTATTGCTAGGAGAAAGTTGTAAA","Pf3D7_13_v3-911757-912005-1A.2","65+9N117T159+8N",92,0.0629274965800274,3
"IM-23-122-CJFA","8039832128","Maziba","Pf3D7_11_v3-1294664-1294910-1A","AAAAGATAAATCATTTCAAAACTATACATATTTAAGTAAAAATGTAGTTGATAACTGGGAAAAAGTTTGCCCTAGAAAGAATTTAGAGAATGCAAAATTCGGATTATGGGTCGATGGAAATTGTGAAGATATACCACATGTAAATGAATTTTCAGCAAATGATCTTTTTGAATGTAATAAATTAGTTTTTGAATTG","Pf3D7_11_v3-1294664-1294910-1A.10","9A40A86G152T159A",2629,0.989834337349398,3
"IM-23-122-CJFA","8039832128","Maziba","Pf3D7_06_v3-851492-851765-1A","ACAATAGTACATTCTGCATTTACATCACAACCTCCATTATTTTTTGAACAGTTCATATCTTTCATAGGTATACATTTAAAATAATTTACACTCATATCAACTATATAATTAGGTCGGCATCTACATTGTTCTTTATCTTTTTCGACAATATAACAACGTGAATTGGGTCCACATTTGGAATATTCACAAATATAATTTACTTTAAATATAACAAAATTTCTCA","Pf3D7_06_v3-851492-851765-1A.1","39+8N",15,0.0174013921113689,3
"IM-23-122-CJFA","8039832128","Maziba","Pf3D7_13_v3-935613-935884-1A","CAAAATAATATGAATAGTAATAGTAATAGTTATAATAATTTTAATATAACAGATAGAAGTAAAGAAATAAAAAAAGATTATAAAAGAAACAAAATTTTAATAGTTATTAATAATATTAATACAAATCATATTTTATTATTAAATGAAAGTGTTATAAAAAAAAAAATACTTACATTTTATCTAGATCTTTTTTTTGATGATAATGAACAAAT","Pf3D7_13_v3-935613-935884-1A.2","68+11N155+13N187+10N",12,0.0225988700564972,2
"IM-23-122-CJFA","8039832128","Maziba","Pf3D7_06_v3-851492-851765-1A","ACAATAGTACATTGTGCATTTACATCACAACCTCCATTATTTTTTGAACAGTTCATATCTTTCATAGGTATACATTTAAAATAATTTACACTCATATCAACTATATAATTAGGTCGGCATCTACATTGTTCTTTATCTTTTTCGACAATATAACAACGTGAATTGGGTCCACATTTGGAATATTCACAAATATAATTTACTTTAAATATAACAAAATTTCTCA","Pf3D7_06_v3-851492-851765-1A.3","14G39+8N",23,0.0266821345707657,3
"IM-23-122-CJFA","8039832128","Maziba","Pf3D7_07_v3-1028330-1028603-1A","TAAAGAATATTTTTATTTCTAATATTATGGCTAAAAGGAAAATTATTTAATTTCATTTTTTGTGGGTTACTTGTATCATTACAACTCATCATCATGACCATATTATTATTATTATTATTGTTGTTGTTGTTGTTGTGGTGGTTCATTACCAATAAATTTGTGTTATTATGTTCATCCTTTTTTATATTAACAATTTCATTTCTATAA","Pf3D7_07_v3-1028330-1028603-1A.2","55+8N101+36N177+8N202C",340,1,1
"IM-23-122-CJFA","8039832128","Maziba","Pf3D7_07_v3-1043981-1044225-1A","ATAATGATATGTTATTTCATCATCAGCATCGACTTCTTTCTTATTATGTTCAAACAAATTCTTATATTTTATATTATTGCATTTTTGTCTTTCCATATTTATAAAAGATTCTATTTTCTTTTTATAATCATTCCTTTTTATATAATTACACATTCCTTCATTTTGGTTGTCATAACTCTTCT","Pf3D7_07_v3-1043981-1044225-1A.2","36+8N",11,0.00552208835341365,2
"IM-23-122-CJFA","8039832128","Maziba","Pf3D7_07_v3-1043981-1044225-1A","ATAATGATATGTTATTTCATCATCAGCATCGACTTCTTTTTTATTATGTTCAAACAAATTCTTATATTTTATATTATTGCATTTTTGTCTTTCCATATTTATAAAAGATTCTATTTTCTTTTTATAATCATTCCTTTTTATATAATTACACATTCCTTCATTTTGGTTGTCATAACTCTTCT","Pf3D7_07_v3-1043981-1044225-1A.1","36+8N",1981,0.994477911646586,2
"IM-23-122-CJFA","8039832128","Maziba","Pf3D7_07_v3-105172-105442-1A","GACTACTAACAGAGTGACTACCTACGCTATGTTGAGATGAATTCCTTCCATCTGAATTACTTCCAGATAGGTGATTTTCTGTACTTCCATCTGAATTGTTTTTATATAATTGACTTTCCTTTTGTCCATCTAAATTATGCACTGCACTATGAGTTCCTTCACCCAAATTATTACTGTTTGTTGTATCATCATTTAAATCAAATCCATTTCTT","Pf3D7_07_v3-105172-105442-1A.1",".",495,0.903284671532847,2
"IM-23-122-CJFA","8039832128","Maziba","Pf3D7_07_v3-105172-105442-1A","GACTACTAACAGAGTGACTACCTACGCTATGTTGAGATGAATTGCTTCCATTTGAATTACTTCCAGATAGGTGATTTTCTGTTCTTCCATCTGAATTGTTTTCATATAATTGACTTTCCTTTTGTCCATCTAAATTATGCACTGCACTATGAGTTCCTTCACCCAAATTATTACTGTTTGTTGTATCATCATTTAAATCAAATCCATTTCTT","Pf3D7_07_v3-105172-105442-1A.4","44G52T83T103C",53,0.0967153284671533,2
"IM-23-122-CJFA","8039832128","Maziba","Pf3D7_11_v3-1376058-1376305-1A","TTTCTGGCTCGATATAATCCATTTCAATATTTATATTAGATATGAAACATCTATCTTCAATAGGTGAATTTGCTGCAAATTGAGCCATAGAAAAATGATTCTCATTCCTTTGAAAATATGAACTATTCAACTCATCAAGGTTTTCATATGTTATTTCATAACTGCCATCATCTGAATCCTCTTCATCA","Pf3D7_11_v3-1376058-1376305-1A.1","140G",40,0.033003300330033,2
"IM-23-122-CJFA","8039832128","Maziba","Pf3D7_07_v3-1149367-1149613-1A","TATTTGACTAGTCGAATAATATTTAATATTTTTGTTTAGGAAGTTTTCAAAATTGATGACATTGATAACCGTTTTTATTAAATCGCTTGGGTTGTTTGTGTGTTCTATAGTAGAAGACATAATTTTAAGAATGTGTTTTTGTGTTATTAAACAAAACTTTGTTACTATATGGAATCGTATGTTAT","Pf3D7_07_v3-1149367-1149613-1A.1","106T109A",1556,1,1
"IM-23-122-CJFA","8039832128","Maziba","Pf3D7_07_v3-403479-403716-1B","TTAGGTGGAGGTTCTTGTCTTGGTAAATGTGCTCATGTGTTTAAACTTATTTTTAAAGAGATTAAGGATAATATTTTTATTTATATTTTAAGTATTATTTATTTAAGTGTATGTGTAATGAATAAAATTTTTGCTAAAAGAACTTTAAACAAAATTGGTAACTATAGTTTTGTAACATCCGA","Pf3D7_07_v3-403479-403716-1B.1",".",1411,1,1
"IM-23-122-CJFA","8039832128","Maziba","Pf3D7_07_v3-403487-403750-2","AGGTTCTTGTCTTGGTAAATGTGCTCATGTGTTTAAACTTATTTTTAAAGAGATTAAGGATAATATTTTTATTTATATTTTAAGTATTATTTATTTAAGTGTATGTGTAATGAATAAAATTTTTGCTAAAAGAACTTTAAACAAAATTGGTAACTATAGTTTTGTAACATCCGAAACTCACAACTTTATTTGTATGATTATGTTCTTT","Pf3D7_07_v3-403487-403750-2.1",".",1187,1,1
"IM-23-122-CJFA","8039832128","Maziba","Pf3D7_11_v3-1902041-1902278-2","ATGAAACAAAATGTCCACCTAGATACCCTTTAAAATCAAAAGTTTTTGGAACCTTTGACCAAAAAACAGGAAAATGTAAAAGTCTCATGGACAAAGCATATGAAGTTGGAATTAATAAATTTTCAGTCTGTTTAGAATATTTATTTTTAGTATCACCTAAGGATTTATATAATAGCAGAAG","Pf3D7_11_v3-1902041-1902278-2.2","60+8N177A",2867,0.797940439743947,2
"IM-23-122-CJFA","8039832128","Maziba","Pf3D7_11_v3-1902041-1902278-2","ATGAAACAAAATGTCCACCTAGATACCCTTTAAAATCAAAAGTTTTTGGAACCTTTGACCAAAAAACAGGAAAATGTAAAAGTCTCATGGACAAAGCATATGAAGTTGGAATTAATAAATTTTCAGTCTGTTTAGAATATTTATTTTTAGTATCACCTAAGGATTTATATAATAGCGGAAG","Pf3D7_11_v3-1902041-1902278-2.1","60+8N",726,0.202059560256053,2
"IM-23-122-CJFA","8039832128","Maziba","Pf3D7_11_v3-1934962-1935236-1A","TGATGTGCCAATATTAAGGATACATTTTCTAAAGCTTCTAACAGATAATGAAAATTTTTTCTGCGATTTTCATTTAAATCATTAAATATATTGGTTAGTTCTTGTATTGACGTTTTTGGATCTAAGGATGTAATTTGTTCATTTAATTCTTCTGTATATTCTAGATTAAAGTTTAAATTATTAAAATAACCTTCAGCATTATTTTCATTTTT","Pf3D7_11_v3-1934962-1935236-1A.3","41A54+10N98G",4,0.0246913580246914,2
"IM-23-122-CJFA","8039832128","Maziba","Pf3D7_14_v3-771407-771633-1A","ACCCACGGGACATTTTAATTTATACCTATTGGAACATTTTTTATTAGGTCTTTCTTTATGATTCTTCTTTAAAATAGGTTCATCATTATTTGAGTAAACTAACAGATCATTATGGTTCTCAAAATTATTATAACCATCAATATTTTTATTTCCATATACATCTATAA","Pf3D7_14_v3-771407-771633-1A.3","36+8N108C114G",1927,0.887609396591433,3
"IM-23-122-CJFA","8039832128","Maziba","Pf3D7_10_v3-1414337-1414596-1A","GACCTGAATGGAAAGGCCAATGTGATAAATTTGAAAAAGAAAAAAGTAAATATGAAGATACTAAAAGTATAACTGCTGAAAAATATTTAAAAGAAATATGTTCTGAATGTGATTGTAAATATAAAGATTTGGATAATACATTTAAAGAATTTAAAGATAACGTTACACTTCTTAAAGCAGTAATTGATAACAAA","Pf3D7_10_v3-1414337-1414596-1A.2","39+8N",93,0.0939393939393939,4
"IM-23-122-CJFA","8039832128","Maziba","Pf3D7_10_v3-1414337-1414596-1A","GACCTGAATGGAAAGGTCAATGTGATAAATTTGAAAAAGAAAAAAGTAAATATGAAGATACTAAAAGTAGAACTGCTGAAATATATTTAAAAGAAATATGTTCTGAATGTGATTGTAAATATAAAGATTTGGATAATACATTTAAAGAATTTAAAGATAACGTTACACTTCTTAAAGCAGTAATTGATAACAAA","Pf3D7_10_v3-1414337-1414596-1A.4","17T39+8N70G82T",1,0.00101010101010101,4
"IM-23-122-CJFA","8039832128","Maziba","Pf3D7_10_v3-1414337-1414596-1A","GACCTGAATGGAAAGGTCAATGTGATAAATTTGAAAAAGAAAAAAGTAAATATGAAGATACTAAAAGTAGAACTGCTGAAATATATTTAAAAGAAATATGTTCTGAATGTGATTGTAAATATAAAGATTTGGATAATACATTTAAAGAATTTAAAGATAACGTTACGCTTCTTAAAGCAGTAATTGATAACAAA","Pf3D7_10_v3-1414337-1414596-1A.1","17T39+8N70G82T167G",878,0.886868686868687,4
"IM-23-122-CJFA","8039832128","Maziba","Pf3D7_06_v3-1136091-1136364-1A","CATTATTTTTGTATCCAACGTCGTTATTATTAAAACTTATTATTTGATTAATAACTGACGAACCACATATATTTACACAATGGAATACATAACTTAAGAAAGAGTAGTAATTGCATTTTACTTTTTGCATTTTCCCTCTGGTGGAGAAATAATTATTATGCTGCTTATTACTCTTTGTATTATGATAATTTTTGGTAATCATTTTTTTT","Pf3D7_06_v3-1136091-1136364-1A.1","173C201+9N",29,0.0386151797603196,2
"IM-23-122-CJFA","8039832128","Maziba","Pf3D7_06_v3-1136091-1136364-1A","CATTATTTTTGTATCCAACGTCGTTATTATTAAAACTTATTATTTGATTAATAACTGACGAACCACATATATTTACACAATGGAATACATAACTTAAGAAAGAGTAGTAATTGCATTTTACTTTTTGCATTTTCCCTCTGGTGGAGAAATAATTATTATGCTGCTTATTACTTTTTGTATTATGATAATTTTTGGTAATCATTTTTTTT","Pf3D7_06_v3-1136091-1136364-1A.2","201+9N",722,0.96138482023968,2
"IM-23-122-CJFA","8039832128","Maziba","Pf3D7_13_v3-2840462-2840736-1B","AATAAACACATATGTTTATTAATAAAATTGTTAGTTATTTTTATGTATACATAATAAATTAAAGATACTAAAACAATATTTTTAAATGTAAATAAATGAATAATGATATTATTTATATGATTCATCATTCTATATTTACATGGAAGATTAAAAAATTATATATATATATATATGGTAATTTCTGTGTTTATGTTTTTATTTTTATAATA","Pf3D7_13_v3-2840462-2840736-1B.4","149+23N",3,0.0857142857142857,3
"IM-23-122-CJFA","8039832128","Maziba","Pf3D7_13_v3-388138-388408-1A","ATATATCTTTATTCATATGTTCTATATATTGTCTTTGTCTCTTTTCCTTTCTCATATCAGATATTATTGAATAATTTCCTTTATCACATACATATCTAGGATTATGTGATAATTCATAAGCTGCTCTTTTTAAAACTCTATTCTTTTCTTTAAAACTATTAAATTTTATATTATTGTTCATATTAGATGTGTTACTTTTAATAATA","Pf3D7_13_v3-388138-388408-1A.2",".",18,0.0232558139534884,2
"IM-23-122-CJFA","8039832128","Maziba","Pf3D7_05_v3-1188456-1188706-1A","CAAAATTTAAATCAATAGCGGTTACGTTCATAATTTTGCCTTCAAAACTAACCTCTGTATGATATATAAATTTATTTTCCTTTACACTAAATACATATATAAAAATGGTACTTAATAATTTATCTTTATCATATTTAAATAATATTAAATCTGTTTTTACATCTGAGTTGTAATCACCGAAAT","Pf3D7_05_v3-1188456-1188706-1A.2","53C",120,0.0680272108843537,3
"IM-23-122-CJFA","8039832128","Maziba","Pf3D7_05_v3-1188456-1188706-1A","CAAAATTTAAATCAATAGCGGTTACGTTCATAATTTTGCCTTCAAAACTAACTTCTGTATGATATATAAATTTATTTTCCTTTACACTAAATACATATATAAAAATGGTACTTAATAATTTATCTTTATCATATTTAAATAATATTAAATCTGTTTTTACATCTGAGTTGTAATCACCGAAAT","Pf3D7_05_v3-1188456-1188706-1A.1",".",1613,0.914399092970522,3
"IM-23-122-CJFA","8039832128","Maziba","Pf3D7_05_v3-1188456-1188706-1A","CGAAATTTAAATCAATAGCGGTTACGTTCATAATTTTGCCTTCAAAACTAACTTCTGTATGATATATAAATTTATTTTCCTTTACACTAAATACATATATAAAAATGGTACTTAATAATTTATCTTTATCATATTTAAATAATATTAAATCTGTTTTTACATCTGAGTTGTAATCACCGAAAT","Pf3D7_05_v3-1188456-1188706-1A.4","2G",31,0.0175736961451247,3
"IM-23-122-CJFA","8039832128","Maziba","Pf3D7_13_v3-156713-156986-1A","TCCTTTTATGTGAACAAATTAAATATTGTAAATGATTTCTTTTTTGAAACACACCATAAAGATACACATCAAGACAGTCAAAATGAACACAAAACGGATGAACCTAAAATACATAATGTTTTCAAAAAAAAAAATAACGATATCTTTGTTAATATTCCTCTACCAAAAATATTTAAAAATTTCTTACATTCCATATATTTTAGAACTCC","Pf3D7_13_v3-156713-156986-1A.2","39+8N50C123+13N",2,0.00591715976331361,2
"IM-23-122-CJFA","8039832128","Maziba","Pf3D7_08_v3-550057-550318-2","ACTATTTGATATTGGATTAGGATTTGCGAAGAAACATGATCAATCTATTAAACTCTTACAAAATATACATGTATATGATGAGTATCCACTTTTTATTGGATATTCAAGAAAAAGATTTATTGCCCATTGCATGAATGATCAAAATGTTGTAATAAATACACAACAAAAATTACATGATGAACAACAAAATGAAAATAAAAATA","Pf3D7_08_v3-550057-550318-2.1",".",1294,0.993855606758833,2
"IM-23-122-CJFA","8039832128","Maziba","Pf3D7_08_v3-585331-585590-1A","TGAAAACTTTTCATGTACGGTTAATAAACAAAATAATTCTGAATTATATATAAGTAAAACTTCTTCTACATCTCTAAATTTATGCATTGTAGCTCTTTTAAGATAATAAGGCAAATATTTTACAATATATTTTTGTTTAAAAAAACCTTGATGACCAACATTAATATCTTCCATTTTGGAAAAGGTTCCACTTAACG","Pf3D7_08_v3-585331-585590-1A.1","138+9N",282,0.962457337883959,2
"IM-23-122-CJFA","8039832128","Maziba","Pf3D7_08_v3-585331-585590-1A","TGAAAACTTTTCATGTACGGTTAATAAACAAAATAATTCTGAATTATATATAAGTAAAACTTCTTCTACATCTCTAAATTTATGCATTGTAGCTCTTTTAATATAATAAGGCAAATATTTTACAATATATTTTTGTTTAAAAAAACCTTGATGACCAACATTAATATCTTCCATTTTGGAAAAGGTTCCACTTAACG","Pf3D7_08_v3-585331-585590-1A.2","102T138+9N",11,0.037542662116041,2
"IM-23-122-CJFA","8039832128","Maziba","Pf3D7_11_v3-115913-116184-1A","ACCTCCCGATGTTATAAATATTATATTATCATCATCATTTGGAAGGAAATTCTCCTCTAATGTTTTTAATATTTCATCTATATTTTTAGGTCTCAATTTACTATTGAAAAATTTTGAATACTTCAAAAAATAATCATCATCTTTTACATTACATATATTATCATTATTTTCATTTTGTTTTAGTAGTTCATCTTTTTTATTATC","Pf3D7_11_v3-115913-116184-1A.2","124+8N197T",19,0.0681003584229391,2
"IM-23-122-CJFA","8039832128","Maziba","Pf3D7_11_v3-115913-116184-1A","ACCTCCAGATGTTATAAATATTATATTATCATCATCATTTGGAAGGAAATTCTCCTCTAATGTTTTTAATATTTCATCTATATTTTTAGGTCTCAATTTACTATTGAAAAATTTTGAATACTTCAAAAAATAATCATCATCTTTTACATTACATATATTATCATTATTTTCATTTTGTTTTAGTAGTTCATCTTTTTTATTATC","Pf3D7_11_v3-115913-116184-1A.1","7A124+8N197T",260,0.931899641577061,2
"IM-23-122-CJFA","8039832128","Maziba","Pf3D7_13_v3-815862-816091-1A","ATGATGTAGATGCTAACACAACATCCTGGTCAGTATCTTGTGATAAATAATTTAATTTATCCGCTAAAAAATAAAGTATAATTTCACAGCTTTTTTTATTTGTATCTGTGTTTTTCATGTTATCATAAAAAGACAAAGATGAAGTAGCACATGAGTTAATTA","Pf3D7_13_v3-815862-816091-1A.3","17C19C20A59A65+8N90+9N",86,0.106965174129353,3
"IM-23-122-CJFA","8039832128","Maziba","Pf3D7_08_v3-102277-102527-1A","TACCTTCATCTATTGAATTAATTTTCTCAAGTAACATATTTTTGTCTTGACTACTTTCATCTGTAAATGGAACGAATACTCTTTGCTTACCTGCAAAAAGGACAATTGACATATGAGCCTTATCCTTACTTACATTCGAATTAAAGACCATAGATTCTAAAAATGGTATAGTTCCTTTTAACCAATAATC","Pf3D7_08_v3-102277-102527-1A.6","76A106T",110,0.0578947368421053,3
"IM-23-122-CJFA","8039832128","Maziba","Pf3D7_08_v3-102277-102527-1A","TACCTTCATCTATTGAATTAATTTTCTCAAGTAACATATTTTTGTCTTGACTACTTTCATCTGTAAATGGAACGACTACTCTTTGCTTACCTGCAAAAAGGACAACTGACATATGAGCCTTATCCTTACTTACATTCGAATTAAAGACCATAGATTCTAAAAATGGTATAGTTCCTTTTAACCAATAATC","Pf3D7_08_v3-102277-102527-1A.4",".",20,0.0105263157894737,3
"IM-23-122-CJFA","8039832128","Maziba","Pf3D7_08_v3-102277-102527-1A","TACCTTCATCTATTGAATTAATTTTCTCAAGTAACATATTTTTGTCTTGACTACTTTCATCTGTAAATGGAACGAGTACTCTTTGCTTACCTGCAAAAAGGACAACTGACATATGAGCCTTATCCTTACTTACATTCGAATTAAAGACCATAGATTCTAAAAATGGTATAGTTCCTTTTAACCAATAATC","Pf3D7_08_v3-102277-102527-1A.1","76G",1770,0.931578947368421,3
"IM-23-122-CJFA","8039832128","Maziba","Pf3D7_01_v3-535965-536239-1A","GCTCATTCGATATTTTCCAGTTGTTTGATTTTAAAAATGATGTATATTTTTTAGATGATAATTTGTTCGACAAGGATATGGTATATTGTACAAGTACCAACAATTATGGCATTATGGAAAATGATAATGATGATGATAAAATAATAAAAATACAGAATTTAAATGAGAAATTAAAAAATGGAAAAGCTGAATTTAAAGATATATTATTAT","Pf3D7_01_v3-535965-536239-1A.4","8C46+8N111A118A121+17N155G172+8N",8,0.0180995475113122,2
"IM-23-122-CJFA","8039832128","Maziba","Pf3D7_13_v3-911757-912005-1A","GAGCCAACAATTTGATTTTCCACAACTTACTGAATCTTTAAAACATTGTGAACAGGTATCTGACATTTTTTTATTATCTTTGGCTAGTTCCTTTTGAACACATTCCATAGTACTATCACCTGAACCTAAGTTATCAACAGAACATTTTAATAATATACTAAAAAATTTATTGCTAGGAGAAAGTTGTAAA","Pf3D7_13_v3-911757-912005-1A.1","65+9N159+8N",1341,0.917236662106703,3
"IM-23-122-CJFA","8039832128","Maziba","Pf3D7_06_v3-416462-416720-1A","AAGAAAAAATGGACATTGTGGAGAATATAAAAAATAGAGGAAAGGAAAAAACAGAATTAACATATAAAGAAGTATATAAAACACAACAGAATCAAAATGATGCAAGTTTAAATTCATTTTGGGGTGATGAAAAAAAAAATAATAATTATGATATAGATATAGTAAAAGAGAAATATAGTGAGTTAATGAAAAAAAAAGAA","Pf3D7_06_v3-416462-416720-1A.1","3+8N28+8N45+8N129+12N188+11N",815,0.944380069524913,2
"IM-23-122-CJFA","8039832128","Maziba","Pf3D7_06_v3-416462-416720-1A","AAGAGAAAATGGACATTGTGGAGAATATAAAAAATAGAGGAAAGGAAAAAACAGAATTAACATATAAAGAAGTATATAAAACACAACAGAATCAAAATGATGCAAGTTTAAATTCATTTTGGGGTGATGAAAAAAAAAATAATAATTATGATATAGATATAGTAAAAGAGAAATATAGTGAGTTAATGAAAAAAAAAGAA","Pf3D7_06_v3-416462-416720-1A.2","3+8N28+8N45+8N129+12N188+11N",48,0.0556199304750869,2
"IM-23-122-CJFA","8039832128","Maziba","Pf3D7_06_v3-532166-532407-1A","AGAACAATTGCTAAACACCAAATTGGGTGAAACAAAAAACCACCTGAACAGAACCCCATTTATACCTGAATCGGTCATACGAGAAAGGAAATTACGCCAAGAAAAAGCGCAATCCACAAACAACATGTTCGATTCAACAAACGCAGATAGTATTACTTCCCCATGTGATCCAACGAATGCCACG","Pf3D7_06_v3-532166-532407-1A.1","33+8N109G157T",2942,1,1
"IM-23-122-CJFA","8039832128","Maziba","Pf3D7_06_v3-851492-851765-1A","ACAATAGTACATTCTGCATTTACATCACAACCTCCATTATTTTTTGAACAGTTCATATCTTTCATAGGTATACATTTAAAATAATTTACACTCATATCAACTATATAATTAGGTCGGCATCTACATTGTTCTTTATCTTTTTCGACAATATAACAACGTGAATTGGGTCCACATTTGGAATATTCACAAATATTATTTACTTTAAATATAACAAAATTTTTCA","Pf3D7_06_v3-851492-851765-1A.2","39+8N194T220T",824,0.955916473317865,3
"IM-23-122-CJFA","8039832128","Maziba","Pf3D7_13_v3-911757-912005-1A","GAGCCAACAATTTGATTTTCCACAACTTACTGAATCTTTAAAACATTGTGAACAGGTATTTGACATTTTTTTATTATCTTTGGCTAGTTCCTTTTGAACACATTCCATAGTACTATCACCTGAACCTAAGTTATCAACAGAACATTTTAATAATATACTAAAAAATTTATTGCTAGGAGAAAGTTGTAAA","Pf3D7_13_v3-911757-912005-1A.3","60T65+9N159+8N",29,0.0198358413132695,3
"IM-23-122-CJFA","8039832128","Maziba","Pf3D7_02_v3-470437-470709-1A","AATATTGACATGAAACATTATAATACACATAAGAAAAAAAAAATTTATTTATTCTTACAAAAAGAATATAAAAACAAAATTTTGGGATTTATAAATTTTTATAAACATATAACACACAAAATAAAAAAGAAACAAGAAAATGTTCATGATAAAATCACTTTTTTAAAATGTCTAAAGGAACTCTTTTTTGTCACACATACAAATA","Pf3D7_02_v3-470437-470709-1A.2","33+12N122+8N158+8N183+8N",47,0.106575963718821,2
"IM-23-122-CJFA","8039832128","Maziba","Pf3D7_02_v3-470437-470709-1A","AATATTGACATGAAACATTATAATACACATAAGAAAAAAAAAATTTATTTATTCTTACAAAAAGAATATAAAAACAAAATTTTGGGATTTATAAATTTTTATAAACATATAACACACAAAATAAAAAAGAAACAAGAAAATGTTCATGATAAAATCACTTTTTTAAAATGTCTAAAGGAACTCTTTTTTGTCACACATACAAATG","Pf3D7_02_v3-470437-470709-1A.1","33+12N122+8N158+8N183+8N205G",394,0.893424036281179,2
"IM-23-122-CJFA","8039832128","Maziba","Pf3D7_02_v3-503040-503288-1A","ATTATGATTAATAATAATATTTCTCATAATTTCGTTAAATACATCTAAACTATTTATAGAACCATCTATATCATCTTCATTCCTATTTTGGTGAACCGATTCGGTGTTTATAACATCTAAGGTGTCTTTTTCTTCTCCTCTGTAACTTTTTATAATTTTTTGATAAATGTTGTTATAAGAATTATCA","Pf3D7_02_v3-503040-503288-1A.2","97C155+8N",57,0.0425373134328358,2
"IM-23-122-CJFA","8039832128","Maziba","Pf3D7_02_v3-503040-503288-1A","ATTATGATTAATAATAATATTTCTCATAATTTCGTTAAATACATCTAAACTATTTATAGAACCATCTATATCATCTTCATTCCTATTTTGGTGAACTGATTCGGTGTTTATAACATCTAAGGTGTCTTTTTCTTCTCCTCTGTAACTTTTTATAATTTTTTGATAAATGTTGTTATAAGAATTATCA","Pf3D7_02_v3-503040-503288-1A.1","155+8N",1283,0.957462686567164,2
"IM-23-122-CJFA","8039832128","Maziba","Pf3D7_02_v3-628941-629172-1A","ACTTTTTTTAGATTTTTCTTGATCGTTTTCATCATTTTTTATTTCCTGTTCATCTGAGGTTTTCTTTTGTAAACGCTTAGTGCGTTGCTTTTGACCTTTTAATTTTTTTTTAAATATATTTTTAACTTGATCAATGAAGAAAGCATAATCTTGTATGACAGAAAATCT","Pf3D7_02_v3-628941-629172-1A.2","2+9N34+8N87G102+11N",46,0.0270906949352179,2
"IM-23-122-CJFA","8039832128","Maziba","Pf3D7_13_v3-1146764-1147010-1A","AAATTTTCTCCTAAAGTTATGCCTTTGTTAATGAAGGAGAAGAACGTGAAACATAAAGCACCTCCTAAAGGTACTATAAAGCATACGCTAGAATATTTAAAAAGAGCAGGAGAATCAAGAATGAAAGAAAATGAATTATACAAATCAAAAAAAGATAGCACACTTAGTTCAATTGCAATTAGAAAAAATTCC","Pf3D7_13_v3-1146764-1147010-1A.1","64C110G146+9N182+8N",62,0.041388518024032,3
"IM-23-122-CJFA","8039832128","Maziba","Pf3D7_13_v3-1233093-1233332-1A","TCTATATGATCCTTATTTTTATCTTCATCACATTTATAATTTACATAATTTTCGACGTCATCATTTTCATTATTACTCATAATTGAATTATCCACAATGTTTGCCTCTTTTACAGCTTTACAAAGTTGGTAAAAAATATGATAATTCCTTTCACCTTCTTGTTGATCACACACCCGAACC","Pf3D7_13_v3-1233093-1233332-1A.1","130+8N",1620,1,1
"IM-23-122-CJFA","8039832128","Maziba","Pf3D7_08_v3-1365750-1365999-2","TTTCTAGGTTGTTTCTTGCTTCAATTCTATTTTTATTTTGTTCATCCTCTTCTTTATATTTTTCTGCATCATTTACCATACGATCGATATCATCTTTTGATAATCTTCCTTTATCATTTGTAATAGTAATTTGGTTTTGTTTACCAGTACCTTTATCTAATGCTGTTACATTTAGGATACCATT","Pf3D7_08_v3-1365750-1365999-2.1",".",923,1,1
"IM-23-122-CJFA","8039832128","Maziba","Pf3D7_08_v3-1366575-1366822-2","TTTAGCTTTTTCACATTGTGTTCTTAATCTTCTTAATGATTTTGAATTTTTGGAAACATCTTTACCTCCATTATTTTTTTTTAAAATCTTGTACACAGAAGTTTACTAATTTATTATCAAAATCTTCTCCTCCTAAATGTGTATCTCCTGAGGTAGCTTTAACTTCAAAAATTCCATCTTCAAGTGTTAATAAGG","Pf3D7_08_v3-1366575-1366822-2.4","70+13N",31,0.0263605442176871,2
"IM-23-122-CJFA","8039832128","Maziba","Pf3D7_08_v3-1366575-1366822-2","TTTAGCTTTTTCACATTGTGTTCTTAATCTTCTTAATGATTTTGAATTTTTGGAAACATCTTTACCTCCATTTTTTTTTTTAAAATCTTGTACACAGAAGTTTACTAATTTATTATCAAAATCTTCTCCTCCTAAATGTGTATCTCCTGAGGTAGCTTTAACTTCAAAAATTCCATCTTCAAGTGTTAATAAGG","Pf3D7_08_v3-1366575-1366822-2.1","70+13N",1145,0.973639455782313,2
"IM-23-122-CJFA","8039832128","Maziba","Pf3D7_08_v3-1366626-1366856-1B","CTTTACCTCCATTTTTTTTTTTAAAATCTTGTACACAGAAGTTTACTAATTTATTATCAAAATCTTCTCCTCCTAAATGTGTATCTCCTGAGGTAGCTTTAACTTCAAAAATTCCATCTTCAAGTGTTAATAAGGAAACATCAAATGTTCCTCCTCCTAAATC","Pf3D7_08_v3-1366626-1366856-1B.1","11+13N",303,1,1
"IM-23-122-CJFA","8039832128","Maziba","Pf3D7_14_v3-421322-421547-1A","TAAGAAAGATGAAGTAATAGAAAAAACTGAAGTATCAAAGAAAACATTTTCAGGTATAGGTTTTAATCTTACTGAAAAAGAAGCTAAAGTATTAGGTGTAGGTGTAACCTATCAAGAATATCCAGAAACCATGTTATATAACTGTCCAAACAATTCTA","Pf3D7_14_v3-421322-421547-1A.2","20+8N76A",904,0.937759336099585,2
"IM-23-122-CJFA","8039832128","Maziba","Pf3D7_11_v3-1934962-1935236-1A","TGATGTGCCAATATTAAGGATACATTTTCTAAAGCTTCTATCAGATAATGAAAATTTTTTCTGCGATTTTCATTTAAATCATTAAATATATTGGTTAGTTCTTGTATTGACGTTTTTGGATCTAAGGATGTAATTTGTTCATTTAATTCTTCTGTATATTCTAGATTAAAGTTTAAATTATTAAAATAACCTTCAGCATTATTTTCATTTTT","Pf3D7_11_v3-1934962-1935236-1A.1","54+10N98G",158,0.975308641975309,2
"IM-23-122-CJFA","8039832128","Maziba","Pf3D7_14_v3-771407-771633-1A","ACCCACGGGACATTTTAATTTATACCTATTGGAACATTTTTTATTAGGTCTTTCTTTATGATTCTTCTTTAAAATAGGTTCATCATTATTTGAGTAAACTAACAGATTATTATCGTTCTCAAAATTATTATAACCATCAATATTTTTATTTCCATATACATCTATAA","Pf3D7_14_v3-771407-771633-1A.1","36+8N",128,0.0589590050667895,3
"IM-23-122-CJFA","8039832128","Maziba","Pf3D7_14_v3-921176-921432-1A","ACAATATTAATTTTATAAGTTCATTATTTCAATTTTATATTTAGGAGGATCTATATCCATATATTATTCATTTTAAAAATATTAAAATAAATACATATATAAATATATAAACATATAAAAACAGTCTTTTAAAAATTAATAAGATTTATATAAAATATGGTTATAAATCCTATTTTGTATTATATCAAA","Pf3D7_14_v3-921176-921432-1A.1",".",324,0.885245901639344,3
"IM-23-122-CJFA","8039832128","Maziba","Pf3D7_14_v3-921176-921432-1A","ACAATATTAATTTTATAAGTTCATTATTTCAATTTTATATTTAGGAGGATCTATATCCATATATTATTCATTTTAAAAATATTAAAATAAATACATATATAAATATATAAACATATAAATACAGTCTTTTAAAAATTAATAAGATTTATATAAAATATGGTTATAAATCCTATTTTGTATTATATTAAA","Pf3D7_14_v3-921176-921432-1A.8","120T186T",15,0.040983606557377,3
"IM-23-122-CJFA","8039832128","Maziba","Pf3D7_14_v3-921176-921432-1A","ACAATATTAATTTTTTAAGTTCATTATTTCAATTTTATATTTAGGAGGATCTATATCCATATATTATTCATTTTAAAAATATTAAAATAAATACATATATAAATATATAAACATATAAATACAGTCTTTTAAAAATTAATAAGATTTATATAAAATATGGTTATAAATCCTATTTTGTATTATATTAAA","Pf3D7_14_v3-921176-921432-1A.2","15T120T186T",27,0.0737704918032787,3
"IM-23-122-CJFA","8039832128","Maziba","Pf3D7_04_v3-748585-748822-2","TTAATAAAAAAAATATATTTTACTAGAATAAATAGTACATATGAATGTGATGTATTTTTTCCAGAAATAAATGAAAATGAGTATCAAATTATTTCTGTTAGCGATGTATATACTAGTAACAATACAACATTGGATTTTATCATTTATAAGAAAACGAATAATAAAATGTT","Pf3D7_04_v3-748585-748822-2.1","5+10N54+8N",619,1,1
"IM-23-122-CJFA","8039832128","Maziba","Pf3D7_04_v3-900526-900759-1A","TTAACAACTTATCATCATTTATTAGATTCTTTTCATGGAACAGATTATTAACAGTATCCATAATTTTATGATCATCCGTGTTATATGTATCTATACAAGTATTTAACTTGCTTATATAATTTACATATTTCAACGGATCATTTTGAAGTATGCAATCATCGAATGAATA","Pf3D7_04_v3-900526-900759-1A.2",".",1948,0.990844354018311,2
"IM-23-122-CJFA","8039832128","Maziba","Pf3D7_04_v3-900526-900759-1A","TTAACAACTTATCATCATTTATTAGATTCTTTTCATTGAACAGATTATTAACAGTATCCATAATTTTATGATCATCCGTGTTATATGTATCTATACAAGTATTTAGCTTGCTTATATAATTTACATATTTCAACGGATCATTTTGAAGTATGCAATCATCGAATGAATA","Pf3D7_04_v3-900526-900759-1A.3","37T106G",18,0.00915564598168871,2
"IM-23-122-CJFA","8039832128","Maziba","Pf3D7_06_v3-1192628-1192867-1A","GATTATATATTTCTATATTTTAATAAGAAGGCGTTACACAAACATGATGCCTCTAATGAAATGTGTTTTGTGAAAAACGAAGATTCTACACGCACAAAAGGACATATGAATGATGAACAAAATGATTTATATAAAATAAATAATAATACAACATATTTTTTTAACAAAAACCACT","Pf3D7_06_v3-1192628-1192867-1A.2","155+9N",86,0.0463611859838275,2
"IM-23-122-CJFA","8039832128","Maziba","Pf3D7_06_v3-1192628-1192867-1A","GATTATATATTTCTATATTTTAATAAGAATGCGTTACACAAACATGATGCCTCTAATGAAATGTGTTTTGTGAAAAACGAAGATTCTACACGCACAAAAGGACATATGAATGATGAACAAAATGATTTATATAAAATAAATAATAATACAACATATTTTTTTAACAAAAACCACT","Pf3D7_06_v3-1192628-1192867-1A.1","30T155+9N",1769,0.953638814016172,2
"IM-23-122-CJFA","8039832128","Maziba","Pf3D7_13_v3-479569-479811-1A","CTAGAGACGAATTTGATGATAAAAGAAAATTAAAAGAAGAGAAAATTAAACAATGCCAACTATTAAATGAAAAACAACGAGAAGAAAAAGAAAAAGAAGAAAGAATTCTGAGAGAAAAAGCTGTTGAATATACCTTACAAAATGAAGAAGAATATAAACAACTAAAACGAAAATT","Pf3D7_13_v3-479569-479811-1A.2","79G96+8N",198,0.232667450058754,2
"IM-23-122-CJFA","8039832128","Maziba","Pf3D7_05_v3-1322099-1322341-1A","TTCCAATAGAAACTATATTACGATTTCCTTCATGAGGTAAATTGACATTCATCTTATATGTATAATTAAGGATGAGTAATAAATTGTATAAAAATATTTTTATTTAATAATTTATATGTATTATTAATAATTCTGAATTTATCAATTGATATATTATTTTTGTTTTTCTTTATGCCATTC","Pf3D7_05_v3-1322099-1322341-1A.1",".",32,0.592592592592593,2
"IM-23-122-CJFA","8039832128","Maziba","Pf3D7_05_v3-1322099-1322341-1A","TTCCAATAGAAACTATATTACGATTTTCTTCATGAGGTAAATTGACATTCATCTTATATGTATAATTAAGGATGAGTAATAAATTGTATAAAAATATTTTTATTTAATAATTTATATGTATTATTAATAATTCTGAATTTATCAATTGATATATTATTTTTGTTTTTCTTTATGCCATTC","Pf3D7_05_v3-1322099-1322341-1A.4","27T",22,0.407407407407407,2
"IM-23-122-CJFA","8039832128","Maziba","Pf3D7_05_v3-213027-213251-1A","ATGTACTTATCCCCTGATATGATTTTTCCAATATCATCAAAATTAGTAATCTCTAAATCATTTATATGATTTATATGTATAAATTCTTTTATCTTGTTCAAATAATTTCTGTAATAAAATATATTCTCTTTATCATCATCAATTATTTTCATATAATC","Pf3D7_05_v3-213027-213251-1A.3","25T26T44T",1682,0.757316524088249,2
"IM-23-122-CJFA","8039832128","Maziba","Pf3D7_05_v3-350808-351052-1A","TAATATAATTTGAGTTGATAATATTATAATTATTTTTTATATGTTGCTCATTTATATTATTATGATAAATATGAGTTGTATTTTTATTAGAATTGTAGGACATTTTCCCATACATGAGTTGTTTTACATTTTTAACATTTTTATAATTATGTATTAAACATAAAATTATTAGATAAA","Pf3D7_05_v3-350808-351052-1A.7","32+8N92A164A",1084,0.928877463581834,3
"IM-23-122-CJFA","8039832128","Maziba","Pf3D7_07_v3-729480-729750-1A","TGAATGTTCAGAAATTTTATATCACTTAAATCGTTTGAGTGAGTTAGATCAAATATTGTTGAAAGATAAAATAAGTATATATGAGTATCAGCTAAAGGACACGTTTTTAACAACGTATGATATAGGTTGTTTATTAAAAATAGCTCAAGTGTTGAATGAACAAAATTATTATGATAACATTCCATTTTTGCATATATTTTTATATAACATACATAA","Pf3D7_07_v3-729480-729750-1A.1","42A",292,0.756476683937824,2
"IM-23-122-CJFA","8039832128","Maziba","Pf3D7_07_v3-729480-729750-1A","TGAATGTTCAGAAATTTTATATCACTTAAATCGTTTGAGTGCGTTAGATCAAATATTGTTGAAAGATAAAATAAGTATATATGAGTATCAGCTAAAGGACACGTTTTTAACAACGTATGATATAGGTTGTTTATTAAAAATAGCTCAAGTGTTGAATGAACAAAATTATTATGATAACATTCCATTTTTGCATATATTTTTATATAACATACATAA","Pf3D7_07_v3-729480-729750-1A.2",".",94,0.243523316062176,2
"IM-23-122-CJFA","8039832128","Maziba","Pf3D7_07_v3-896613-896849-1B","ACAATGAAAAAATGTATTAATGATGAATTATATAAAATAAAAATAAATGTAGGTTTATATAAAAAGGATAGAAAAAAATTATCCTTTTTTATATTGTTGCATAAATTTTATTTAGATAATTATAATATTGTTATTAATAAATTAAAAAATATGAATAATTTAATAGAAA","Pf3D7_07_v3-896613-896849-1B.1","6+8N71+9N84+8N143+8N",518,1,1
"IM-23-122-CJFA","8039832128","Maziba","Pf3D7_06_v3-1282656-1282930-1A","AAGATATGGAAGAAATATGATAAAGAAAACAATAAATATATATTGTCTCATTTTATTCCTCAATTTATTGAAGACTTAAATTTGAAGGATGAATTCCGAAATTTATTTGATGGATTTGTAAATGATTTGGATATTCTATTATATTCAGAATTTAAAGCATTTTATTTACAAATGAAGCAAAAAGATATAAATGAACTGAAAAATTCTGA","Pf3D7_06_v3-1282656-1282930-1A.5","60T",38,0.0692167577413479,2
"IM-23-122-CJFA","8039832128","Maziba","Pf3D7_06_v3-145285-145531-1A","TCAACAAAAGCTGATGAATCATCATAATTTGAATAAAATTTATCATTCACAATATTATATTTTTGTTTCTTCTTTTTTCCCATAATATTATTATTTTGTTCACAATATATGTTCATGTGTCCCCTCTTTTTCTGTAAAATATTAAAATGTTTCTTACTATGCTTTTCTTCATTTTTAATAACA","Pf3D7_06_v3-145285-145531-1A.1","72+8N165T",2151,1,1
"IM-23-122-CJFA","8039832128","Maziba","Pf3D7_06_v3-176108-176338-1A","ATTATTATTATTATTATGATGATGATGATGATGATGATCTGTGTTAAGATCATCTTCTATACCATTAGTTAAACATTTTATATTTTTATTCATATAAACATTAATCTTCACAACAGATTTATCAGATCTAGAAAATCTTGTACCTGTTGCTTTATGTAACAATAT","Pf3D7_06_v3-176108-176338-1A.11","1+38N",5,0.00521376433785193,3
"IM-23-122-CJFA","8039832128","Maziba","Pf3D7_06_v3-176108-176338-1A","ATTATTATTATTATTATTATGATGATGATGATCTGTGTTAAGATCATCTTCTATACCATTAGTTAAACATTTTATATTTTTATTCATATAAACATTAATCTTCACAACAGATTTATCAGATCTAGAAAATCTTGTACCTGTTGCTTTATGTAACAATAT","Pf3D7_06_v3-176108-176338-1A.16","1+38N",3,0.00312825860271116,3
"IM-23-122-CJFA","8039832128","Maziba","Pf3D7_08_v3-1056678-1056903-1A","GTGTTAACGATAATTATAATGCAATAAGCACAACTAATTTTTCAGATGACATGGATGAATTGATAAAGAATCTTTCTATTATGGGTTTGTGTAAAGAGAAAATAGTGTTAACAGAAAAGGCAACAATATTTAATAACATTGAATTGTTGTATTCATATTATCTTATAGTTCAGA","Pf3D7_08_v3-1056678-1056903-1A.2","126A",3804,0.918396909705456,2
"IM-23-122-CJFA","8039832128","Maziba","Pf3D7_08_v3-1056678-1056903-1A","GTGTTAACGATAATTATAATGCAATAAGCACAACTAATTTTTCAGATGACATGGATGAATTGATAAAGAATCTTTCTATTATGGGTTTGTGTAAAGAGAAAATAGTGTTAACAGAAAAGGCAACACTATTTAATAACATTGAATTGTTGTATTCATATTATCTTATAGTTCAGA","Pf3D7_08_v3-1056678-1056903-1A.1",".",338,0.0816030902945437,2
"IM-23-122-CJFA","8039832128","Maziba","Pf3D7_08_v3-1099719-1099977-1A","AAAAAATAAAAAATCAAACAAGATAAATAATAATGTATATAATACTAGTGGTATAAAAAATAATGATCAAAATATGGATAATATGAATCAAAAAGGAAAAAGTAACAAAAATTCAAATAAATATAATTTTGATGAAGAGGATTTATGGTTTTTATGTGATTTATGTAATAATCCTATAAGTCCGTTATGTTA","Pf3D7_08_v3-1099719-1099977-1A.4","1+14N54+8N97A",479,0.98155737704918,2
"IM-23-122-CJFA","8039832128","Maziba","Pf3D7_08_v3-1099719-1099977-1A","AAAAAATAAAAAATCAAACAAGATAAATAATAATGTATATAATACTAGTGGTATAAAAAATAATGATCAAAATATGGATAATATGAATCAAAAAGGGAAAAGTAACAAAAATTCAAATAAATATAATTTTGATGAAGAGGACTTATGGTTTTTATGTGATTTATGTAATAATCCTATAAGTCCGTTATGTTA","Pf3D7_08_v3-1099719-1099977-1A.2","1+14N54+8N142C",9,0.0184426229508197,2
"IM-23-122-CJFA","8039832128","Maziba","Pf3D7_02_v3-291770-292017-1A","TAATATCATAAGGTTTGAATATTTTCCTCTCAGGTATTATACCAACAGAAGGTTTATCATCATCTTTAAAACCTGCTCTATCTTTAACCCATTGATTAGGATTTTTTAAACATAAAGCTGGATTCTTTAATAAATCTTTCATATGTTCCATATTATTTTCTTCATTTATATATGATGCTAC","Pf3D7_02_v3-291770-292017-1A.1","101+8N177G",5,0.00733137829912024,2
"IM-23-122-CJFA","8039832128","Maziba","Pf3D7_12_v3-684011-684240-1A","ACCTAATGTTGGTAAGTCTACCATTTTTAATCGACTAACTCGAAAATATCAAGATGGTAGTATTGTATTAGATGTTAGTAGTACGAGAGATAAACTTTATGGAGAAGTTGAGTGGGAAGGATATAAATTTGAACTTGTGGATACAGGAGGTTTAGTTTTTGA","Pf3D7_12_v3-684011-684240-1A.1","67A",16,0.0112596762843068,2
"IM-23-122-CJFA","8039832128","Maziba","Pf3D7_12_v3-684011-684240-1A","ACCTAATGTTGGTAAGTCTACCATTTTTAATCGACTAACTCGAAAATATCAAGATGGTAGTATTGTTTTAGAGGTTAGTAGTACGAGAGATAAACTTTATGGAGAAGTTGAGTGGGAAGGATATAAATTTGAACTTGTGGATACAGGAGGTTTAGTTTTTGA","Pf3D7_12_v3-684011-684240-1A.4","73G",1405,0.988740323715693,2
"IM-23-122-CJFA","8039832128","Maziba","Pf3D7_12_v3-857050-857323-1A","ATATAATTTTAAGATGTCCTATCAAGACGTTCAGGAAAAAAAAAATGAAGATATAAATTATGATGAAATAGCTAGCAGCATGCTAGAGAAGATGGACAAACATATAAATGGAGAAAAACAACCAACGATACATTATGAAAATTTAAATGTACAAGAGCAAGAGGGAGCACATGCTTATTACTCAAATCAAGATATAAATAACATAAATA","Pf3D7_12_v3-857050-857323-1A.1","35+12N",453,0.877906976744186,2
"IM-23-122-CJFA","8039832128","Maziba","Pf3D7_13_v3-1004740-1005002-1A","TTACATCGTAAAAATAATTTAAAATATTATATATATTATCTTTTCCTTTTGGGGGGTCTCTTTTCTTTATATATATATTTACATTTCTCTTCATTTTATTACATGATAAATTAATATTTAATGTACTAATATATATATTATTAATTTTTATTTTCTTCTTCTTTTTTATATTAAAACAAAATGAAGATTCTTTAG","Pf3D7_13_v3-1004740-1005002-1A.42","50+8N161+8N195G",129,1,1
"IM-23-122-CJFA","8039832128","Maziba","Pf3D7_13_v3-1041593-1041860-1AB","CAAGATTGAAGTATTACATATCTCAGAAATTAAATGTATGCCCAAGAGATGTAAATGCACACATTGTAGGTGCTCATGGAAATAAAATGGTTCTTTTAAAAAGATACATTACTGTAGGTGGTATCCCTTTACAAGAATTTATTAATAACAAGTTAATTTCTGATGCTGAATTAGAAGCTATATTTGATAGAACTGTTAATACT","Pf3D7_13_v3-1041593-1041860-1AB.1",".",950,1,1
"IM-23-122-CJFA","8039832128","Maziba","Pf3D7_13_v3-1146764-1147010-1A","AAATTTTCTCCTAAAGTTATGCCTTTGTTAATGAAGGAGAAGAACGTGAAACATAAAGCACCTCCTAAAGGTACTATAAAGCATACGCTAGAATATTTAAAAAGAGCAACAGAATCAAGAATGAAAGAAAATGAATTATACAAATCAAAAAAAGATAGCACACTTAGTTCAATTGCAATTAGAAAAAATTCC","Pf3D7_13_v3-1146764-1147010-1A.17","64C109A146+9N182+8N",1376,0.918558077436582,3
"IM-23-122-CJFA","8039832128","Maziba","Pf3D7_02_v3-628941-629172-1A","ACTTTTTTTAGATTTTTCTTGATCGTTTTCATCATTTTTTATTTCCTGTTCATCTGAGGTTTTCTTTTGTAAACGCTTAGTGCGTTTCTTTTGACCTTTTAATTTTTTTTTAAATATATTTTTAACTTGATCAATGAAGAAAGCATAATCTTGTATGACAGAAAATCT","Pf3D7_02_v3-628941-629172-1A.1","2+9N34+8N87T102+11N",1652,0.972909305064782,2
"IM-23-122-CJFA","8039832128","Maziba","Pf3D7_07_v3-1066661-1066903-1A","TATAGTTTTGTAATTTATTGGTATGTGTTGTTAAAGGAGAATTTTTTTAATATCCCTTGTCATGGGCAAAATGAGAAAAAAGAAATAAAAAACTTTTATGTTCAACATGAAGATATTTGTGAACACACTATTGGTAATCATATGTTAGGTGATAAATTAAAAATGTGTACATCTAATATTAATG","Pf3D7_07_v3-1066661-1066903-1A.1","4A41+9N75+8N86+8N",154,0.0693693693693694,2
"IM-23-122-CJFA","8039832128","Maziba","Pf3D7_07_v3-1066661-1066903-1A","TATGGTTTTGTAATTTATTGGTATGTGTTGTTAAAGGAGAATTTTTTTAATATCCCTTGTCATGGGCAAAATGAGAAAAAAGAAATAAAAAACTTTTATGTTCAACATGAAGATATTTGTGAACACACTATTGGTAATCATATGTTAGGTGATAAATTAAAAATGTGTACATCTAATATTAATG","Pf3D7_07_v3-1066661-1066903-1A.2","41+9N75+8N86+8N",2066,0.930630630630631,2
"IM-23-122-CJFA","8039832128","Maziba","Pf3D7_14_v3-120101-120365-1A","TTTTACAACATTATTTTTTTCTTCCTCCTCAGATAAAATAGGTACACATATCGCGTCCTTATCACATCCTCCATTGTTTACCTTACAATGTTCTTCGCATTCGAAATTTTTTTCAGGATTACTTGAAAAGCCTTCTGGACAATTACAATATTCATATCCATGAGCATTCTTACAAACACCTTTTCCACAATTTAAAA","Pf3D7_14_v3-120101-120365-1A.1","13+9N106+9N165C",465,0.981012658227848,2
"IM-23-122-CJFA","8039832128","Maziba","Pf3D7_14_v3-137398-137668-1A","ACCATTCATATTTTCTAGGTTTGTTTAACCAATTACATATATATAATATATTACAAAATAATTGTTTTAATAATATATGTTTAGTTAATATTAATTCAATACTACTTAATTTATTTCTTATATTTTTTAAAAGATCTTCATAAACAAAATCAAAATTATCTATTAATAATAAATAACCAAATCTTTTATGCACATTTTTTATTC","Pf3D7_14_v3-137398-137668-1A.1","122+8N191C194+8N",3,0.0254237288135593,2
"IM-23-122-CJFA","8039832128","Maziba","Pf3D7_14_v3-137398-137668-1A","ACCATTCATATTTTCTAGGTTTGTTTAACCAATTACATATATATAATATATTACAAAATAATTGTTTTAATAATATATGTTTAGTTAATATTAATTCAATACTACTTAATTTATTTCTTATATTTTTTAAAAGATCTTCATAAACAAAATCAAAATTATCTATTAATAATAAATAACCAAATCTTTTATGTACATTTTTTATTC","Pf3D7_14_v3-137398-137668-1A.2","122+8N194+8N",115,0.974576271186441,2
"IM-23-122-CJFA","8039832128","Maziba","Pf3D7_14_v3-1392837-1393086-1A","ACATGTATTGTCCCCAGCATGAATCGGGTGATAAATATTATCAAGCGTATCAAAAAATGGATTGTAATTATTACTACTATTCATATCATTATTTTTTGTGGTGGTGGTGGACTGTGAAATGTTTTCCTTATGATTTTGACTTGTGTGTATATCCCTACCAACAACATATTCAACATTATTATTATCAAAAA","Pf3D7_14_v3-1392837-1393086-1A.4","51+8N91+8N108I=TGG",1086,1,1
"IM-23-122-CJFA","8039832128","Maziba","Pf3D7_14_v3-421322-421547-1A","TAAGAAAGATGAAGTAATAGAAAAAACTGAAGTATCAAAGAAAACATTTTCAGGTATAGGTTTTAATCTTACTGAGAAAGAAGCTAAAGTATTAGGTGTAGGTGTAACCTATCAAGAATATCCAGAAACCATGTTATATAACTGTCCAAACAATTCTA","Pf3D7_14_v3-421322-421547-1A.1","20+8N",60,0.0622406639004149,2
"IM-23-122-CJFA","8039832128","Maziba","Pf3D7_04_v3-648065-648332-1A","TATAACTTCTGATTCAGTTTTGTTAAGATATATACCAAGAGATCTTAACAAATATAATAATTTTTCACCACTAACTCCATCTTTATTAGTATCGTATTCTTTAAATATTGATTCAATCTCAGCTCTCTTAAAGAAAACAAATATATATACATATATATATGTATTTATATGAATTTGTATCAATAAATAATAACATTCTTA","Pf3D7_04_v3-648065-648332-1A.2","4A141+30N",38,0.0962025316455696,2
"IM-23-122-CJFA","8039832128","Maziba","Pf3D7_04_v3-648065-648332-1A","TATGACTTCTGATTCAGTTTTGTTAAGATATATACCAAGAGATCTTAACAAATATAATAATTTTTCACCACTAACTCCATCTTTATTAGTATCGTATTCTTTAAATATTGATTCAATCTCAGCTCTCTTAAAGAAAACAAATATATATACATATATATATGTATTTATATGAATTTGTATCAATAAATAATAACATTCTTA","Pf3D7_04_v3-648065-648332-1A.1","141+30N",357,0.90379746835443,2
"IM-23-122-CJFA","8039832128","Maziba","Pf3D7_04_v3-748105-748359-1B","TGTGCATGTTGTAAGGTTGAAAGCAAAAATGAGGGGAAAAAAAATGAGGTTTTTAATAACTACACATTTAGAGGTCTAGGAAATAAAGGAGTATTACCATGGAAATGTATTTCCCTAGATATGAAATATTTTCGTGCAGTTACAACATATGTGAATGAATCAAAATATGAAAAATTGAAATATAAGAGATGTAAAT","Pf3D7_04_v3-748105-748359-1B.1","36+10N110T133C",581,1,1
"IM-23-122-CJFA","8039832128","Maziba","Pf3D7_04_v3-748374-748611-1B","AAACTGGGAAAGCATTCCAAAAAAATTTAAACCTTTAAGCAATAGGATAAATGTTATATTGTCTAGAACCTTAAAAAAAGAAGATTTTGATGAAGATGTTTATATCATTAACAAAGTTGAAGATCTAATAGTTTTACTTGGGAAATTAAATTACTATAAATGTTTTATATTAG","Pf3D7_04_v3-748374-748611-1B.3","3A18+9N72+9N169A170T",99,0.0508213552361396,3
"IM-23-122-CJFA","8039832128","Maziba","Pf3D7_04_v3-748374-748611-1B","AAACTGGGAAAGCATTCCAAAAAAATTTAAACCTTTAAGCAATAGGATAAATGTTATATTGTCTAGAACCTTAAAAAAAGAAGATTTTGATGAAGATGTTTATATCATTAACAAAGTTGAAGATCTAATAGTTTTACTTGGGAAATTAAATTACTATAAATGTTTTATTATAG","Pf3D7_04_v3-748374-748611-1B.1","3A18+9N72+9N",188,0.0965092402464066,3
"IM-23-122-CJFA","8039832128","Maziba","Pf3D7_04_v3-748374-748611-1B","AAACTGGGAAAGCATTCCAAAAAAATTTAAACCTTTAAGCAATAGGATAAATGTTATATTGTCTAGAACCTTAAAAAAAGAAGATTTTGATGAAGATGTTTATATCATTAACAAAGTTGAAGATCTAATAGTTTTACTTGGGAAATTAAATTACTATAAATGTTTTATTTTAG","Pf3D7_04_v3-748374-748611-1B.2","3A18+9N72+9N170T",1661,0.852669404517454,3
"IM-23-122-CJFA","8039832128","Maziba","Pf3D7_06_v3-1140900-1141174-1A","CTTCCATGTGAGCTTCAAAATCGTCTGAAGGTCGACTAGACATGAAAAATTCAGATTGAGGTAAATCATCAAATGGATGATTTCTATATGATATTCTAGGTATTAATCCTAAGATATTATTTATGCTATTACATTGAGAATTTCCTTCATTGGTTGTGGTACTTATATCCACATTTTGGTGATCATCAGGATATAATGTATTTTCTTTAGAACTT","Pf3D7_06_v3-1140900-1141174-1A.2",".",428,1,1
"IM-23-122-CJFA","8039832128","Maziba","Pf3D7_11_v3-2001725-2001999-2","GGATGTAAGAACTAAGAATGTAAATACAAGTAAGAGAAATGAAGGACTTAATGATATAAATGAATCAGAAAAAACAAGAACAAGAAGGGCATCAACAAAATCAAATAATAATAATAATAATGTATCATACGAGAATGAATTAGAGAGTGTATCTGAATCGTTTGATAACTTTTTGGAGGATCATATGAAGGAAGGTGTTTTTTTAGATGGAGAAAA","Pf3D7_11_v3-2001725-2001999-2.9","1G68+8N89G116I=AATAAT191+9N205A",480,0.909090909090909,3
"IM-23-122-CJFA","8039832128","Maziba","Pf3D7_11_v3-408285-408534-1A","TATGAAGAAGGTTTAAAATATTGTGCGTCATCAATTAATTTATGGATATGTGCTATCGATTTACAAATAGAAAAAAAGAATTATACAGGTGCTAGAGCTTTGACGGAGAAAGCAAAAATCAAAATCAAGTATTTAAATTCTTTTAATAATAATAGTCATATTTTAAAAAGTAAAGAAATTATTGAA","Pf3D7_11_v3-408285-408534-1A.1","70+9N",682,1,1
"IM-23-122-CJFA","8039832128","Maziba","Pf3D7_11_v3-408543-408771-1A","AGAGTGTTAATAATACTACAGCTAGTAATATTTCCAAATCCAAAAATGAACTTGAAAAAAAGTCATCAGCTAATAATAATGCTTATATTAAAATTATCGAAAATTATGATTTATTATGGTTAAAATTAATAGAAATTGAATTATGTTGTAATAATAAAAATTTAAATCCTATA","Pf3D7_11_v3-408543-408771-1A.6","54+9N70C",1980,1,1
"IM-23-122-CJFA","8039832128","Maziba","Pf3D7_13_v3-479569-479811-1A","CTAGAGACGAATTTGATGATAAAAGAAAATTAAAAGAAGAGAAAATTAAACAATGCCAACTATTAAATGAAAAACAACTAGAAGAAAAAGAAAAAGAAAAAAGAATTCTGAGAGAAAAAGCTGTTGAATATACCTTACAAAATGAAGAAGAATATAAACAACTAAAACGAAAATT","Pf3D7_13_v3-479569-479811-1A.1","96+8N",653,0.767332549941246,2
"IM-23-122-CJFA","8039832128","Maziba","Pf3D7_13_v3-748254-748510-1B","ATACCAAAAAAAATAAAATAAAATAAAATGAAATAATAAATAAATAAATATACATATATTTACATATATATATATATAATTACACATATTTTTGATTGAGGACAAATTACATGTAGTGTAGTTCGTCTTCCTTGTGCGTTTCAATCACACAATCCGATTTAGGATAACATGTACACAAAAGAATATATTTTTTCTT","Pf3D7_13_v3-748254-748510-1B.2","5+10N25I=AAAAT39+33N108A180+8N",305,0.828804347826087,4
"IM-23-122-CJFA","8039832128","Maziba","Pf3D7_05_v3-213027-213251-1A","ATGTACTTATCCCCTGATATGATTTTTCCAATATCATCAAAATCAGTAATCTCTAAATCATTTATATGATTTATATGTATAAATTCTTTTATCTTGTTCAAATAATTTCTGTAATAAAATATATTCTCTTTATCATCATCAATTATTTTCATATAATC","Pf3D7_05_v3-213027-213251-1A.4","25T26T",539,0.242683475911751,2
"IM-23-122-CJFA","8039832128","Maziba","Pf3D7_08_v3-549960-550215-1B","GATGAACTAACAAATTATGATAATCTAGTTTATGATATAAAAAATTATTTAGAACAAAGATTAAATTTTCTTGTATTAAATGGAATACCTCGTTATAGGATACTATTTGATATTGGATTAGGATTTGGGAAGAAACATGATCAATCTATTAAACTCTTACAAAATATACATGTATATGATGAGTATCCACTT","Pf3D7_08_v3-549960-550215-1B.3","4G38+8N128G",7,0.0187667560321716,2
"IM-23-122-CJFA","8039832128","Maziba","Pf3D7_08_v3-549960-550215-1B","GATGAACTAACAAATTATGATAATCTAGTTTATGATATAAAAAATTATTTAGAACAAAGATTAAATTTTCTTGTATTAAATGGAATACCTCGTTATAGGATACTATTTGATATTGGATTAGGATTTGCGAAGAAACATGATCAATCTATTAAACTCTTACAAAATATACATGTATATGATGAGTATCCACTT","Pf3D7_08_v3-549960-550215-1B.1","4G38+8N",366,0.981233243967828,2
"IM-23-122-CJFA","8039832128","Maziba","Pf3D7_11_v3-1127074-1127316-1A","AACATTTTAATAGTCCTAATTTCGAAAATATGATGAAAGGAGTTTTTGGAATTATTCAAAATCCTTTTGAAAATGGCCAACCCACTTTCCCATTCTTTAAAAATATTAATTCGATCTCTGGAATCGGTAATGTTGATATCCCCAAAAATTTTATGAATGATTTTTTGAATAATGGAAATGATCAAAACA","Pf3D7_11_v3-1127074-1127316-1A.2","160+8N",86,0.0600139567341242,2
"IM-23-122-CJFA","8039832128","Maziba","Pf3D7_11_v3-1127074-1127316-1A","AACATTTTAATATTCCTAATTTCGAAAATATGATGAAAGGAGTTTTTGGAATTATTCAAAATCCTTTTGAAAATGGCCAACCCACTTTCCCATTCTTTAAAAATATTAATTCGATCTCTGGAATCGGTAATGTTGATATCCCCAAAAATTTTATGAATGATTTTTTGAATAATGGAAATGATCAAAACA","Pf3D7_11_v3-1127074-1127316-1A.1","13T160+8N",1347,0.939986043265876,2
"IM-23-122-CJFA","8039832128","Maziba","Pf3D7_12_v3-2092529-2092798-1B","AGTTGAAGGGGGAGGAATGATCGGAGTTATCAGATTAGAAAATCAAGTGAGAAATCCCCCTGTAATAAAATTGAAGAGTCATACATCTCCCATCCTTGATTTGTCATTTAACCCGTGTTATAGTGAGATATTAGCTTCATGTTCAGAAGATATGTCTATAAGAATATGGGAGATACGTCATGAGGATGAGAATGTGAATGAGGTA","Pf3D7_12_v3-2092529-2092798-1B.1",".",806,1,1
"IM-23-122-CJFA","8039832128","Maziba","Pf3D7_12_v3-2092654-2092884-2","GAGATATTAGCTTCATGTTCAGAAGATATGTCTATAAGAATATGGGAGATACGTCATGAGGATGAGAATGTGAATGAGGTAAAGGATCCTTTATGTATATTAAATGGTCATAAGAAAAAAGTAAATATATTATCATGGAATCCTATGAATTATTTTATATTATCATCT","Pf3D7_12_v3-2092654-2092884-2.1","114+8N",1883,1,1
"IM-23-122-CJFA","8039832128","Maziba","Pf3D7_12_v3-233418-233671-1A","CAAAAATATCATTCCCCAAATTTGTACTACTAATTGTTCCAATAGTTCCTATAGTTGTGGTAATTTGCTCATATGTCTTTTTTCCTAAAGATTTATTAGACACATTTGAAAGATCATTATTTTGTTCCAAATTCTTGGGCACAGTATTATTACATGAGAATAATGAAAAGTTATTATCATAATTCTTTTGTT","Pf3D7_12_v3-233418-233671-1A.4","77+8N111A",53,0.0600907029478458,2
"IM-23-122-CJFA","8039832128","Maziba","Pf3D7_12_v3-233418-233671-1A","CAAAAATATCATTCCCCAAATTTGTACTACTAATTGTTCCAATAGTTCCTATAGTTGTGGTAATTTGCTCATATGTCTTTTTTCCTAAAGATTTATTAGACACATTTGAAGGATCATTATTTTGTTCCAAATTCTTGGGCACAGTATTATTACATGAGAATAATGAAAAGTTATTATCATAATTCTTTTGTT","Pf3D7_12_v3-233418-233671-1A.1","77+8N",829,0.939909297052154,2
"IM-23-122-CJFA","8039832128","Maziba","Pf3D7_01_v3-455794-456054-1A","AGAAAAAAAATTTATTAAGAGGTATTTCGATTTTAAAAATTTAAGAATTAATTTTTAATTATGTCTATAAAAACTTAATAGAAAATAAATATTATTTTGTTTTTCAAAAAAATGTTTAAGAATAATATTTCTTTATTCTTTTACAATTTAGAACATATAATGCTATTTCTTTTAATTTTAATTTAATTTCAAA","Pf3D7_01_v3-455794-456054-1A.1","2+10N105+9N",408,1,1
"IM-23-122-CJFA","8039832128","Maziba","Pf3D7_12_v3-529495-529767-1A","GCTCCCCAAAAGTTAACTGCTTCATTATTTTGTGGATCCCAAAAACTAACATTCGTTACCCATCCAACATAATCGGTAGATATCCTATATTCATAACTACTACAGAAATATTTATACTCATGGTATACATTTGCATCATTTACATCTACCAAATTAACAGTTTTACACAAATTGTGAATGCCATTCAAGTTATAAAAACCTGTACAT","Pf3D7_12_v3-529495-529767-1A.2",".",11,0.0123318385650224,2
"IM-23-122-CJFA","8039832128","Maziba","Pf3D7_12_v3-529495-529767-1A","GCTCCCCAAAAGTTAACTGCTTCATTATTTTTTGGATCCCAAAAACTAACATTCGTTACCCATCCAACATAATCGGTAGATATCCTATATTCATAACTACTACAGAAATATTTATACTCATGGTATACATTTGCATCATTTACATCTACCAAATTAACAGTTTTACACAAATTGTGAATGCCATTCAAGTTATAAAAACCTGTACAT","Pf3D7_12_v3-529495-529767-1A.1","32T",881,0.987668161434978,2
"IM-23-122-CJFA","8039832128","Maziba","Pf3D7_01_v3-535965-536239-1A","GCTCATTTGATATTTTCCAGTTGTTTGATTTTAAAAATGATGTATATTTTTTAGATGATAATTTGTTCGACAAGGATATGGTATATTGTACAAGTACCAACAATTATGGCGTTATGGGAAATGATAATGATGATGATAAAATAATAAAAATACAAAATTTAAATGAGAAATTAAAAAATGGAAAAGCTGAATTTAAAGATATATTATTAT","Pf3D7_01_v3-535965-536239-1A.1","46+8N121+17N172+8N",434,0.981900452488688,2
"IM-23-122-CJFA","8039832128","Maziba","Pf3D7_02_v3-290580-290821-1A","TTATTATAAGGATTATAATTATTATCATTCTTATTATATGGATTAATATAATTTCGATCATTATCATTACTGTTTTTATCATATTGTGGATAATTATTTCTATTTCTATTTTGATTAAAATCCGATTGTCTATATCTAACTCTAATATCTGTAGATGCTAAATCATTAGGTAATGGG","Pf3D7_02_v3-290580-290821-1A.1","12+26N",2186,1,1
"IM-23-122-CJFA","8039832128","Maziba","Pf3D7_12_v3-659881-660127-1A","GGTGGTTTAACATTTTGAGCTACGAGATTTTCGACTGATGGCAATCCTAATTTGATTAATTCCTTTAACATAATTTTTGCGTGTTTTTTTACTTCTGATTTGATATCAAAGCTTGATTCTAAAAAGGTTGGTGAATTTTTTTGTAAAACACTGACAAGTTCATTTGATATGGTCTCTGCTAAATCATCACCA","Pf3D7_12_v3-659881-660127-1A.24","17G35C50A73A74T83+9N135+9N",19,0.0148902821316614,2
"IM-23-122-CJFA","8039832128","Maziba","Pf3D7_14_v3-298368-298636-1B","ACGATTTAATGTGGCAAGTTGATTTAGATGTACATTTTGGTAATGTATCTTCCAAAAAAGCAAACGTTATTTTAGATAGTGCCACCAGTGTCATAACTGTACCAACAGAATTTTTTAATCAATTCGTAGAATCTGCAAGTGTTTTCAAAGTTCCATTCTTATCTTTGTATGTAACCACTTGTGGTAACACGAAATTACCAA","Pf3D7_14_v3-298368-298636-1B.1","53+8N110+8N",463,1,1
"IM-23-122-CJFA","8039832128","Maziba","Pf3D7_02_v3-291770-292017-1A","TAATATCATAAGGTTTGAATATTTTCCTCTCAGGTATTATACCAACAGAAGGTTTATCATCATCTTTAAAACCTGCTCTATCTTTAACCCATTGATTAGGATTTTTTAAACATAAAGCTGGATTCTTTAATAAATCTTTCATATGTTCCATATTATTTTCTTCATTTATATATGATTCTAC","Pf3D7_02_v3-291770-292017-1A.2","101+8N",677,0.99266862170088,2
"IM-23-122-CJFA","8039832128","Maziba","Pf3D7_14_v3-3124416-3124655-1A","TAATTGATCTTCTAGAGGATTTAGATATTTTGTCTATATCGAATAAAGATGAAGTAGAAAAACGAAGAAAGAAAACAACTCAAGAGACGCGGTTGTTAGGAAATATTGATTTAGGATATGGAAAATTAGGAGAGGGAATAAAGTATGAAAATTTACAGGAAGAATTAGGAAACAGATTATTTG","Pf3D7_14_v3-3124416-3124655-1A.6","20T72A144T",2220,0.948312686885946,2
"IM-23-122-CJFA","8039832128","Maziba","Pf3D7_12_v3-857050-857323-1A","ATATAATTTTAAGATGTCCTATCAAGACGTTCAGGAAAAAAAAAATGAAGATATAAATTATGATGAAATAGCTAGCAGCATGCTAGAGAAGATGGACAAACATATAAATGGAGAAAAACAACCAACGATACATTATGAAAATTTAAATGTACAAGAGCAAGGGGGAGCACATGCTTATTACTCAAATCAAGATATAAATAACATAAATA","Pf3D7_12_v3-857050-857323-1A.2","35+12N162G",63,0.122093023255814,2
"IM-23-122-CJFA","8039832128","Maziba","Pf3D7_08_v3-1314717-1314986-1A","ATAAAAAAGAAAAAATTATTGTCAAAAGTTTTCATAGATATATATATGATGGTATTAGAAGATTTTAAAGAAGAAGAATGTAAAAAAAATAAAGAAATATTTCTTGATACTTATATAGATGAACTAAAAAAAGATTCACAAAGTGAAAAAAATAAAAGCATGTTAAATATATTAGATGAAATAAAAAGTGATATTCATATAGGATATC","Pf3D7_08_v3-1314717-1314986-1A.1","2+15N87A125+9N138A145+9N",234,1,1
"IM-23-122-CJFA","8039832128","Maziba","Pf3D7_13_v3-1146764-1147010-1A","AAATTTTCTCCTAAAGTTATGCCTTTGTTAATGAAGGAGAAGAACGTGAAACATAAAGCACCTCCTAAAGGTACTATAAAGCATACGCTAGAATATTTAAAAAGAGCAGCAGAATCAAGAATGAAAGAAAATGAATTATACAAATCAAAAAAAGATAGCACACTTAGTTCAATTGCAATTAGAAAAAATTCC","Pf3D7_13_v3-1146764-1147010-1A.2","64C146+9N182+8N",60,0.0400534045393858,3
"IM-23-122-CJFA","8039832128","Maziba","Pf3D7_08_v3-1344618-1344845-1A","TATCTTTTCCATATATAATAACGCATGAATTCTTTAAATTTATCTTTTGCTTTATCTGTAAGTTTCATGGAATCTATTATTTCATCTGCATATTTTATTTTTGCCTCGTTTATATATTTACCTGCTTTTAATTTACATAAACATTTTTCTATTAAGTTTTG","Pf3D7_08_v3-1344618-1344845-1A.22","40T49G86C",36,0.0215439856373429,4
"IM-23-122-CJFA","8039832128","Maziba","Pf3D7_08_v3-1365709-1365954-1B","ATTTTCATCTTGTAATGTGTTTTTAACATTATAGCAGTAATTTTCTAGGTTGTTTCTTGCTTCAATTCTATTTTTATTTTGTTCATCCTCTTCTTTATATTTTTCTGCATCATTTACCATACGATCGATATCATCTTTTGATAATCTTCCTTTATCATTTGTAATAGTAATTTGGTTTTGT","Pf3D7_08_v3-1365709-1365954-1B.1",".",571,1,1
"IM-23-122-CJFA","8039832128","Maziba","Pf3D7_14_v3-407306-407542-1A","CTTTCTTTCGTCTTTCTGTTCATTATCCATATAATCTTTTTCTACTACCTTTTCATTCTTTACTTTATTTCTATTAATACACAACTCTCCTTGAGTTAAGAGATTTACGATATTATCAATATTGTTTTCTTTCATATACTTCAACTTTTTACTATTCATTTTTAAAAGA","Pf3D7_14_v3-407306-407542-1A.5","44A47A",39,0.0321516900247321,4
"IM-23-122-CJFA","8039832128","Maziba","Pf3D7_14_v3-407306-407542-1A","CTTTCTTTCGTCTTTCTGTTCATTATCCATATAATCTTTTTCTACTACCTTTTCATTCTTTACTTTATTTCTATTAATACACAATTCTCCTTGAGTTAAGAGATTTACGATATTATCAATATTGTTTTCTTTCATATACTTCAACTTTTTACTATTCATTTTTAAAAGA","Pf3D7_14_v3-407306-407542-1A.4","44A47A85T",20,0.0164880461665293,4
"IM-23-122-CJFA","8039832128","Maziba","Pf3D7_14_v3-407306-407542-1A","CTTTCTTTCGTCTTTCTGTTCATTATCCATATAATCTTTTTCTCCTTCCTTTTCATTCTTTACTTTATTTCTATTAATACACAACTCTCCTTGAGTTAAGAGATTTACGATATTATCAATATTGTTTTCTTTCATATACTTCAACTTTTTACTATTCATTTTTAAAAGA","Pf3D7_14_v3-407306-407542-1A.1",".",1141,0.940643033800495,4
"IM-23-122-CJFA","8039832128","Maziba","Pf3D7_14_v3-407306-407542-1A","CTTTCTTTCGTCTTTGTTTTCATTATCCATATAATCTTTTTCTACTACCTTTTTATTCTTTACTTTATTTCTATTAATACACAACTCTCCTTGAGTTAAGAGATTTACGATATTATCAATATTGTTTTCTTTCATATACTTCAACTTTTTACTATTCATTTTTAAAAGA","Pf3D7_14_v3-407306-407542-1A.9","16G18T44A47A54T",13,0.010717230008244,4
"IM-23-122-CJFA","8039832128","Maziba","Pf3D7_07_v3-403801-404052-1B","TATATATATATATATATATATATATATATATATGTATGTATGTTGATTAATTTGTTTATATATTTATATTTATTTCTTATGACCTTTTTAGGAACGACACCGAAGCTTTAATTTACAATTTTTTGCTATATCCATGTTAGATGCCTGTTCAGTCATTTTGGCCTTCATAGGTCT","Pf3D7_07_v3-403801-404052-1B.3","1+45N130+8N",139,0.441269841269841,2
"IM-23-122-CJFA","8039832128","Maziba","Pf3D7_07_v3-403801-404052-1B","TATATATATATATATGTATGTATGTTGATTAATTTGTTTATATATTTATATTTATTTCTTATGACCTTTTTAGGAACGACACCGAAGCTTTAATTTACAATTTTTTGCTATATCCATGTTAGATGCCTGTTCAGTCATTTTGGCCTTCATAGGTCT","Pf3D7_07_v3-403801-404052-1B.4","1+45N130+8N",176,0.558730158730159,2
"IM-23-122-CJFA","8039832128","Maziba","Pf3D7_07_v3-404325-404590-1B","GAAACACAAGAAGAAAATTCTATCATATTTAATCTTGTCTTAATTAGTGCCTTAATTGTAAGAAAACAAAATATATAAATAAATAAATATATATATATATATATATATATATATATTGTAATATTTAATATATATTAACACTTAAACTTTGTTTTTATTATATTAATTTATATTCTTTATCATTTTTTTTTTTTTTTTTCCTTCTTTTTTT","Pf3D7_07_v3-404325-404590-1B.73","71+40N176+19N198+8N",2,0.142857142857143,3
"IM-23-122-CJFA","8039832128","Maziba","Pf3D7_11_v3-1950431-1950680-2","AGATATATTTCAAGGAAAGGATATGTGGAATGATGGGAAATATGGTGAAGCGAAAAATCATATTAAGAATGCTTTTGGTGATATGAACAATAGAAAAACTATGTTAAATGAAATTGAGAAAGGAATTAAAGATGAAACGTTTAGTCGTGAAAATGGTTTAGACGTTTGTAAATCTCAATGTGAGGAAAG","Pf3D7_11_v3-1950431-1950680-2.2",".",36,0.0268456375838926,2
"IM-23-122-CJFA","8039832128","Maziba","Pf3D7_11_v3-1950431-1950680-2","AGATATATTTCAAGGAAAGGATATGTGGAATGATGGGAAATATGGTGAAGCGAAAAATCATATTAAGAATGCTTTTGGTGATATGAACAATAGAAAAGCTATGTTAAATGAAATTGAGAAAGGAATTAAAGATGAAACGTTTAGTCGTGAAAATGGTTTAGACGTTTGTAAATCTCAATGTGAGGAAAG","Pf3D7_11_v3-1950431-1950680-2.1","98G",1305,0.973154362416107,2
"IM-23-122-CJFA","8039832128","Maziba","Pf3D7_11_v3-1968050-1968296-2","TCATTACACTAGTCATGATTGGTTTAGATTATTACGCCAAGGGAATAAAGCTCAAAATTCCATTTCTCAGGAAGTAGACATATTAAAGGAAAAGTATAAAAAATTAATTTCAGAGGAAGACAATAAAAAAGAAAATAACAATAATAATGATGATGAAGTAAAACCAGAACTAAAAGACAATATA","Pf3D7_11_v3-1968050-1968296-2.1","87A97+8N124+8N",152,0.0901542111506524,2
"IM-23-122-CJFA","8039832128","Maziba","Pf3D7_11_v3-1968050-1968296-2","TCATTACACTAGTCATGATTGGTTTAGATTATTACGCCAAGGGAATAAAGCTCAAAATTCCATTTCTCAGGAAGTAGACATATTAACGGAAAAGTATAAAAAATTAATTTCAGAGGAAGACAATAAAAAAGAAAATAACAATAATAATGATGATGAAGTAAAACCAGAACTAAAAGACAATATA","Pf3D7_11_v3-1968050-1968296-2.2","97+8N124+8N",1534,0.909845788849348,2
"IM-23-122-CJFA","8039832128","Maziba","Pf3D7_08_v3-336421-336651-1A","TAACAACGAACCCATAAATTTACAGAAAAATTTAGATTTAATCATATGGCTAAAAAAGAATATAAAAGAAGGAGAAGCTTTAATTTCTGATATACCTACATCAAGTTTTTTAAGGTGTACTACAAATTATAAATTTGTATTGCATCCCCAATATGAAGATAGT","Pf3D7_08_v3-336421-336651-1A.3","51+8N97T105+8N148C",1458,0.872531418312388,3
"IM-23-122-CJFA","8039832128","Maziba","Pf3D7_08_v3-399693-399961-1A","CTTTTCTTCACCTTGGTTTATTACATTATTATTTTCATCATTGTGTTGAATGTCCTTATAAATATGTTCATTAATAATATCTTTGGAAGTATCTTCCATATTTTCTTCTTTATCAATTTTAAATACTTTTTCATAACTTTCATTTTCTTTTTTCTCCTTGGATGTTTCTAATTTATTCTCGTCATTTTTATCAAAATTATTTTTATAACTTTCA","Pf3D7_08_v3-399693-399961-1A.1","147+8N",1179,0.987437185929648,2
"IM-23-122-CJFA","8039832128","Maziba","Pf3D7_08_v3-399693-399961-1A","CTTTTCTTCACCTTGGTTTATTACATTATTATTTTCATCATTGTGTTGAATGTCTTTATAAATATGTTCATTAATAATATCTTTGGAAGTATCTTCCATATTTTCTTCTTTATCAATTTTAAATACTTTTTCATAACTTTCATTTTCTTTTTTCTCCTTGGATGTTTCTAATTTATTCTCGTCATTTTTATCAAAATTATTTTTATAACTTTCA","Pf3D7_08_v3-399693-399961-1A.2","55T147+8N",15,0.0125628140703518,2
"IM-23-122-CJFA","8039832128","Maziba","Pf3D7_08_v3-412801-413062-1A","ATGAAGAAATATACGAATATATACTTATAAACGATATTTTTAATTTAAAAAAAGAAATAAAAAATTTCAATATATTAAATAAATATGATGTATTTGAATATATTATTATTATTTTAAAATTGTATGATAAAATATATCCTGATGCAAAGTACATCGAATGTGTACGAGAAACATCACAGAATGGTGACCTTTTA","Pf3D7_08_v3-412801-413062-1A.1","46+9N58+8N101+13N188C190T",171,0.924324324324324,2
"IM-23-122-CJFA","8039832128","Maziba","Pf3D7_08_v3-412801-413062-1A","ATGAAGAAATATACGAATATATACTTATAAACGATATTTTTAATTTAAAAAAAGAAATAAAAAATTTCAATATATTAAATAAATATGATGTATTTGAATATATTATTATTATTTTAAAATTGTATGATAAAATATATCCTGATGCAGAGTACATCGAATGTGTACGAGAAACATCACAGAATGGTGACCTTTTA","Pf3D7_08_v3-412801-413062-1A.4","46+9N58+8N101+13N147G188C190T",14,0.0756756756756757,2
"IM-23-122-CJFA","8039832128","Maziba","Pf3D7_08_v3-476232-476475-1A","CAAACACATGATAAACAAAAGTGTAAGGAAAATTTTTCAAATTCATTTGTTAATGAAATATATGAAAAAGAAGAAAAAGAAACGCAAAAAATGAAAGAATATTTAGAACAACATGAAGAACATTTTTCAACGTTTAGAAATTCAATTTTATGTAAATTAAGAATAGCTGAAGAATT","Pf3D7_08_v3-476232-476475-1A.1","85+8N",1018,0.983574879227053,2
"IM-23-122-CJFA","8039832128","Maziba","Pf3D7_08_v3-476232-476475-1A","CAAACACATGATAAACAAAAGTGTAAGGAAAATTTTTCAAATTCTTTTGTTAATGAAATATATGAAAAAGAAGAAAAAGAAACGCAAAAAATGAAAGAATATTTAGAACAACATGAAGAACATTTTTCAACGTTTAGAAATTCAATTTTATGTAAATTAAGAATAGCTGAAGAATT","Pf3D7_08_v3-476232-476475-1A.2","45T85+8N",17,0.0164251207729469,2
"IM-23-122-CJFA","8039832128","Maziba","Pf3D7_08_v3-549583-549807-1B","ACGTGCTGTTCAAAGAATGTTTGAAATGATAAATGAAGGTGCTAGTGTTATAGATATAGGTGGAGAATCCTCTGGTCCTTTTGTTATACCTAATCCAAAAATTAGTGAAAGAGATTTAGTAGTACCTGTATTACAATTATTTCAAAAAGAATGGAATGATATAAA","Pf3D7_08_v3-549583-549807-1B.1",".",1447,1,1
"IM-23-122-CJFA","8039832128","Maziba","Pf3D7_11_v3-1019050-1019319-1A","TCAAAACTTATTGCTACCGTAATACCTAAAGGAGGCATTTTACATAATCTTTTTACACTCGTAAGAATATTATTATAAAAGATTTCTTGATATCTATCATACATATGAATATTATTTAGAGATTTATATATATTATTATTTTGTTCATATAATAATATATTATTTAAAGACTTATCCATAATTTTTGTACATTTTATATTTTCTATA","Pf3D7_11_v3-1019050-1019319-1A.1",".",169,1,1
"IM-23-122-CJFA","8039832128","Maziba","Pf3D7_12_v3-1959644-1959891-1A","ATGGGAAGACGATAAGAGAAGAGAAATTAATTTCTGAGGGAGCGTATTCATTTGTTTATATGGCGAAGGATTTAAACACGAATCGAGCTTATACTATAAAGAAGACCATATGTCAAGATAAAGAGAAAATAGATATGGCGAATAAAGAAATCAACATTCTTAAAAGTTTACCTCCACATAAAAATATA","Pf3D7_12_v3-1959644-1959891-1A.2",".",51,0.0517766497461929,3
"IM-23-122-CJFA","8039832128","Maziba","Pf3D7_12_v3-1959644-1959891-1A","ATGGGAAGACGATAAGAGAAGAGAAATTAATTTCTGAGGGAGCGTATTCATTTGTTTATATGGCGAAGGATTTAAACACGAATCGAGCTTATACTATAAAGAAGACCATATGTCAAGATAAAGAGAAAATAGATATGGCGTATAAAGAAATCAACATTCTTAAAAGTTTACCTCCACATAAAAATATA","Pf3D7_12_v3-1959644-1959891-1A.3","141T",8,0.00812182741116751,3
"IM-23-122-CJFA","8039832128","Maziba","Pf3D7_13_v3-748254-748510-1B","ATACCAAAAAAAATAAAATAAAATGAAATAATAAATAAATAAATATACATATATTTACATATATATATATATATAATTACACATATTTTTGATTGAGGACAAATTACATGTAGTGTAGTTCGTCTTCCTTGTGCGTTTCAATCACACAATCCGATTTAGGATAACATGTACACAAAAGAATATATTTTTTCTT","Pf3D7_13_v3-748254-748510-1B.29","5+10N39+33N108A180+8N",1,0.00271739130434783,4
"IM-23-122-CJFA","8039832128","Maziba","Pf3D7_01_v3-194742-194973-1B","TACCTATAAAAATGAAAAAAATAAAGAAGAAGATAAATATGGAAAAAATGAAAAAAACGAAAAATATGACAAATATGAAAAATATGAAAAATATGATAAATACAAAAAAGATAATAAAAATCAACATGATGATCCACTTTATGATAATATTAATAAAAATTACGATAA","Pf3D7_01_v3-194742-194973-1B.4","14+9N42+17N79D=CAAATATGA112+8N",5,0.00618046971569839,3
"IM-23-122-CJFA","8039832128","Maziba","Pf3D7_01_v3-194742-194973-1B","TACCTATAAAAATGAAAAAAATAAAGAAGAAGATAAATATGGAAAAAATGAAAAAAACGAAAAATATGACAAATATGACAAATATGAAAAATATGAAAAATATGATAAATACAAAAAAGATAATAAAAATCAACATGATGATCCACTTTATGATAATATTAATAAAAATTACGATAA","Pf3D7_01_v3-194742-194973-1B.2","14+9N42+17N112+8N",114,0.140914709517923,3
"IM-23-122-CJFA","8039832128","Maziba","Pf3D7_01_v3-194742-194973-1B","TACCTATAAAAATGAAAAAAATAAAGAAGAAGATAAATATGGAAAAAATGAAAAAAATAAAGAAGAAGATAAATATGGAAAAAATGAAAAAAACGAAAAATATGACAAATATGAAAAATATGATAAATACAAAAAAGATAATAAAAATCAACATGATGATCCACTTTATGATAATATTAATAAAAATTACGATAA","Pf3D7_01_v3-194742-194973-1B.91","14+9N42+17N59A62G65G67A70T78I=GAAAAAATGAAAAAAACG79A88C112+8N",690,0.852904820766378,3
"IM-23-122-CJFA","8039832128","Maziba","Pf3D7_14_v3-2858894-2859160-1A","ATAGATTTTAATGACATAAAAAACACAACAAATGAGTATAATAATTTTGAGGAACATAATTATCAAGATGATAAATTTATATTTAATAAAGATATACATAATATTCTTTTAGAATTAAAGGAATCATTAAATGACATATCACGTGGAAGACTAAATACATTGATAAGAGATAATAAAATAAGTAGTTATATAATATATCA","Pf3D7_14_v3-2858894-2859160-1A.2","15C17+8N28A188A",374,0.91219512195122,2
"IM-23-122-CJFA","8039832128","Maziba","Pf3D7_04_v3-109939-110184-1A","CAACATCTGAATTATATAAATCTTTAGAAAAACAACTAATATCCTTACTCCATATATTTATTTTTATACCAAGAATAACAGCCATATAAACCAAAACTCTCTCAAATGCATGTGATACAGGTAAATAAGAAAAATGGGTTTTCGGTTTCATGTTTTTTATTACATTATGATCACATAATGGTGCTACT","Pf3D7_04_v3-109939-110184-1A.2","51C108G152+8N",964,0.929604628736741,2
"IM-23-122-CJFA","8039832128","Maziba","Pf3D7_04_v3-1113397-1113639-1A","GATTCTGCATGCAGTAATGAATCTATTGAAATCATCTAAGAATAAACTTTTTTGTTTAAACCATTTATTGAACATTTCACTTAAATGTGATTCAATTTTTTTTTCTGAGATTTCCATAATTTGATTACATCTATTCAATTTGTTTGTATAATTATTAGGTCTTATTATTCTTTTACGTTTTAAATCATC","Pf3D7_04_v3-1113397-1113639-1A.4","47+8N95+11N110A130T152T154A",247,0.152469135802469,3
"IM-23-122-CJFA","8039832128","Maziba","Pf3D7_12_v3-63081-63314-1A","TTTCCGTCATAATAGTTGCATACATTCTATTAAAAACTTTGGGTACTCCTAATATAATTTCACCTTTTGAATTACATATGTCTGTATTCAAAAATTTTATATCTCTACTCCATATATTTATCTTTACACCCAAAAACAAAGCAATGAAAAAAACAACCCTTTCATA","Pf3D7_12_v3-63081-63314-1A.1","146+9N",1816,1,1
"IM-23-122-CJFA","8039832128","Maziba","Pf3D7_12_v3-659881-660127-1A","GGTGGTTTAACATTTTCAGCTACGACTTTTTCGACTGATGGCAATCCTACTTTGATTAATTCCTTTAACATAGATTTTGCGTGTTTTTTTACTTCTGATTTGATATCAAAGCTTGATTCTAAAAAGGTTGGTGAATTTTTTTGTAAAACACTGACAAGTTCATTTGATATGGTCTCTGCTAAATCATCACCA","Pf3D7_12_v3-659881-660127-1A.1","26C27T35C83+9N135+9N",1257,0.985109717868339,2
"IM-23-122-CJFA","8039832128","Maziba","Pf3D7_14_v3-294503-294768-2","CAGAATTTAGATGTTATCAAAGTCCCATTCTTACCTTTCTATGTAACTCTTTGTAACAACAGCAAATTACCAACTTTTGAATTTACCTCAGAAAATGGTAAATACACATTAGAACCTGAATACTACCTTCAACACATAGAAGATGTTGGTCCAGGATTATGTATGCTTAATATCATAGGATTAGATTTTCCAGTACCAACCTTTA","Pf3D7_14_v3-294503-294768-2.1",".",881,1,1
"IM-23-122-CJFA","8039832128","Maziba","Pf3D7_14_v3-294506-294753-1B","AATTTAGATGTTATCAAAGTCCCATTCTTACCTTTCTATGTAACTCTTTGTAACAACAGCAAATTACCAACTTTTGAATTTACCTCAGAAAATGGTAAATACACATTAGAACCTGAATACTACCTTCAACACATAGAAGATGTTGGTCCAGGATTATGTATGCTTAATATCATAGGATTAGATTTTCCAGT","Pf3D7_14_v3-294506-294753-1B.1",".",1059,1,1
"IM-23-122-CJFA","8039832128","Maziba","Pf3D7_14_v3-3124416-3124655-1A","TAATTGATCTTCTAGAGGAATTAGATATTTTGTCTATATCGAATAAAGATGAAGTAGAAAAACAAAGAAAGGAAACAACTCAAGAGACGCGGTTGTTAGGAAATATTGATTTAGGATATGGAAAATTAGGAGAGGGAATAAAGCATGAAAATTTACAGGAAGAATTAGGAAACAGATTATTTG","Pf3D7_14_v3-3124416-3124655-1A.49","64A",121,0.0516873131140538,2
"IM-23-122-CJFA","8039832128","Maziba","Pf3D7_08_v3-1176313-1176549-1A","TACATCCAATGAATATTTTACACTTAAAAGAAATAAACAAATTATTCATAATAAAATACATATACTTTCTATGCAAAAAAATAAACAAAATACAAACGAGCTAAACAAATTATGTAATATTAACGCCATCATATTCAATATTAATTCTGATGATTTTGAGGTAGGCGATGAAATTGT","Pf3D7_08_v3-1176313-1176549-1A.1","74+9N111T136C",110,0.0610771793448084,2
"IM-23-122-CJFA","8039832128","Maziba","Pf3D7_08_v3-1313088-1313338-1A","TGAGAGACATAGATATATGATAGAAAAATGGAAAAAAGAAGATTGGTTTTGTGATTTAAAAGAAACGTTGAAAAATGAATTTGAAGAACAGATGGATATAGGAAAAGTATCTTTTTTATATGAAAATAATAGAGAGTATGGAAAAAATTTTTATTTGGAAAAGCAAAAAATTATATGGAAAAGATGG","Pf3D7_08_v3-1313088-1313338-1A.1","31+8N111+8N141+8N164+8N",109,0.137452711223203,2
"IM-23-122-CJFA","8039832128","Maziba","Pf3D7_08_v3-1313088-1313338-1A","TGAGAGACATAGATATATGATAGAAAAATGGAAAAAAGAAGATTGGTTTTGTGATTTAAAAGAAACGTTGAAAAATGAATTTGAAGAACAGATGGATATATGAAAAGTATCTTTTTTATATGAAAATAATAGAGAGTATGGAAAAAATTTTTATTTGGAAAAGCAAAAAATTATATGGAAAAGATGG","Pf3D7_08_v3-1313088-1313338-1A.4","31+8N101T111+8N141+8N164+8N",684,0.862547288776797,2
"IM-23-122-CJFA","8039832128","Maziba","Pf3D7_08_v3-1344618-1344845-1A","TATCTTTTCCATATATAATAACGCATGAATTCTTTAAATATATCTTTTACTTTATCTGTAAGTTTCATGGAATCTATTATTTCATCTGCATATTTTATTTTTGCCTCGTTTATATATTTACCTGCTTCTAATTTACATAAACATTTTTCTATTAAGTTTTG","Pf3D7_08_v3-1344618-1344845-1A.4","86C128C",49,0.0293237582286056,4
"IM-23-122-CJFA","8039832128","Maziba","Pf3D7_08_v3-1344618-1344845-1A","TATCTTTTCCATATATAATAACGCATGAATTCTTTAAATATATCTTTTACTTTATCTGTAAGTTTCATGGAATCTATTATTTCATGTGCATATTTTATTTTTGCCTCGTTTATATATTTACCTGCTTCTAATTTACATAAACATTTTTCTATTAAGTTTTG","Pf3D7_08_v3-1344618-1344845-1A.1","128C",1548,0.926391382405745,4
"IM-23-122-CJFA","8039832128","Maziba","Pf3D7_14_v3-1166107-1166371-1A","TTTTTGAATTATTAAATATATCTTCTATAAAAAAAGAATATCAAGCTATACATAACAATAAGTATTTTTTATGGAATATGGATGCAGATTTTTTTACTATAAAAAATCATCATAAGGATAATAAGGATAACAATGATGAAAATGTGAATGTAATAATACAACAAAATAATTTAGTTCTCGAAAAATATGATCATTTAATAGA","Pf3D7_14_v3-1166107-1166371-1A.1","28+9N64+8N88+9N100+8N",665,1,1
"IM-23-122-CJFA","8039832128","Maziba","Pf3D7_14_v3-120101-120365-1A","TTTTACAACATTATTTTTTTCTTCCTCCTCAGATAAAATAGGTACACATATCGCGTCCTTATCACATCCTCCATTGTTTACCTTACAATGTTCTTCGCATTCGAAATTTTTTTCAGGATTACTTGAAAAGCCTTCTGGACAATTACAATATTCATATCCATGAACATTCTTACAAACACCTTTTCCACAATTTAAAA","Pf3D7_14_v3-120101-120365-1A.3","13+9N106+9N164A165C",9,0.0189873417721519,2
"IM-23-122-CJFA","8039832128","Maziba","Pf3D7_14_v3-377765-378020-1A","AAAGATATATCAACTGAAAAGATTTTATCAAATAATTGCTTTAATAATAAGTTAAAAAATTGATTTCCAATATCTATCATATTCATATAATCTAATGATTTAAAAATATATAATATACTCTTTGGACTAAATTTTAATTCATCATTTATTATTCTCTCTTTTACTATTGTTTTAATTTGATTAAAATATATAA","Pf3D7_14_v3-377765-378020-1A.1","21G53+8N71T154C170T",341,0.957865168539326,3
"IM-23-122-CJFA","8039832128","Maziba","Pf3D7_02_v3-630641-630907-1A","CTAAGTTATCTAAAATTATTAATTTTTTCAAATATGGTAATTCATGTCTATGAAGTAATAAGCCATCAACTAAATCTAAATCTAAACATAACCATTCTAATTTCGTTTCATTTAATATGTTTACAATTACATCTATACTAAAGTTAGAATGTAAAATCAAGGTTGTTACACCACTCATCATAGCTGCCATATCAACAAT","Pf3D7_02_v3-630641-630907-1A.3","22+8N",785,0.984943538268507,2
"IM-23-122-CJFA","8039832128","Maziba","Pf3D7_02_v3-630641-630907-1A","CTAAGTTATCTAAAATTATTAATTTTTTCAAATATGGTAATTTATGTCTATGAAGTAATAAGCCATCAACTAAATCTAAATCTAAACATAACCATTCTAATTTCGTTTCATTTAATATGTTTACAATTACATCTATACTAAAGTTAGAATGTAAAATCAAGGTTGTTACACCACTCATCATAGCTGCCATATCAACAAT","Pf3D7_02_v3-630641-630907-1A.1","22+8N43T",12,0.0150564617314931,2
"IM-23-122-CJFA","8039832128","Maziba","Pf3D7_04_v3-316593-316858-1A","TTATTCATTTTTTGTATATTATCCTTTTCTACATCATCAAAATTTGTTAATGATTCACACGTTATATTTGGTGATATTATATTTCTACCTGTACATACACCAATATTTGTTGTACCTATTATTTTATACCCTTCTTGACATTTAAATTCTATTTTTTCACCAAGTAAATAATATTTTTTATCAGGGATAAGGGAAACATA","Pf3D7_04_v3-316593-316858-1A.1","7+8N151+8N173+8N",44,0.0505747126436782,2
"IM-23-122-CJFA","8039832128","Maziba","Pf3D7_04_v3-544454-544718-1A","ACAAAATATAATACTTTATATACAAATGCTTATAAAAAATTTTAACGCGGACGTACTTCAAAATAATATAAATGAAGAAGAAGTAATACATAATAACATCAACATTAATAATATAAAAGAAGAACAAATTATACCAAATAATATCAAGAATATCCATAATAATGACAATATTAATCATTGTGATGATAATAAAATAA","Pf3D7_04_v3-544454-544718-1A.4","33+8N47G50G77G",644,0.964071856287425,3
"IM-23-122-CJFA","8039832128","Maziba","Pf3D7_08_v3-1370814-1371045-2","TGTTGCAATATATTACTAAAAAATAGAATTATTATGTTATTTTGATCATATGGGAATACATTTAAATATTTATATTCTGATGAATATTCTTATAAAAAAAAAAGGGGGGGGGGAAATAATACGTTCATGATTTATTTATATTTCAATATATTTTCTATTTTGCGA","Pf3D7_08_v3-1370814-1371045-2.2","17+8N93+21N",762,1,1
"IM-23-122-CJFA","8039832128","Maziba","Pf3D7_08_v3-1375205-1375450-2","ACAAAAGTACGGAGGCAAAAACGGCAGCGGATAATACTTTATTTTTTGAGAAGGAAACCATTTTTATTAAATAACTATATAAATAGAAAAAGAAATAATAACAAAAATGTATAAATATAATTGTATAATATATGATATATATAAAATATAGAATACTAATTTTTTGCATATACAAAAAA","Pf3D7_08_v3-1375205-1375450-2.1","41+8N159+8N173+7N",574,1,1
"IM-23-122-CJFA","8039832128","Maziba","Pf3D7_08_v3-1386786-1387035-2","TTGTCTCCTTTGTCGCAGCATGCCTTTCATTAGCTGCTATAGCTTGTGTTATCTTAACTTCATTATAAAAAAAATATACTTCGATAAAAGGTACATATACCATGCTGGTCAATGATATTAGCATGCGACATTCTAATATATCCATTATGAACAAGGTGAACAAGAATATTGGGATTATTGAAATTGT","Pf3D7_08_v3-1386786-1387035-2.1","66+10N",1337,1,1
"IM-23-122-CJFA","8039832128","Maziba","Pf3D7_08_v3-1386795-1387043-1B","TCCTTTGTCGCAGCATGCCTTTCATTAGCTGCTATAGCTTGTGTTATCTTAACTTCATTATAAAAAAAATATACTTCGATAAAAGGTACATATACCATGCTGGTCAATGATATTAGCATGCGACATTCTAATATATCCATTATGAACAAGGTGAACAAGAATATTGGGATTATTGAAATTGTCTGCATTA","Pf3D7_08_v3-1386795-1387043-1B.1","61+10N",743,1,1
"IM-23-122-CJFA","8039832128","Maziba","Pf3D7_08_v3-336421-336651-1A","TAACAACGAACCCATAAATTTACAGAAAAATTTAGATTTAATCATATGGCTAAAAAAGAATATAAAAGAAGGAGAAGCTTTAATTTCTGATATACCCACATCAAGTTTTTTAAGGTGTACTACAAATTATAAATTTGTATTGCATCCACAATATGAAGATAGT","Pf3D7_08_v3-336421-336651-1A.1","51+8N105+8N",212,0.12687013764213,3
"IM-23-122-CJFA","8039832128","Maziba","Pf3D7_11_v3-2001725-2001999-2","AGATGTAAGAACTAAGAATGTAAATACAAGTAAGAGAAATGAAGGACTTAATGATATAAATGAATCAGAAAAAACAAGAACAAGAAGGCCATCAACAAAATCAAATAATAATAATGTGTCATACGAGAATGAATTAGAGAGTGTATCTGAATCGTTTGATAACTTTTTGGAGGATCATATGAAGGAAGGTGTTTTTTTAGATGGGGAAAA","Pf3D7_11_v3-2001725-2001999-2.36","68+8N118G191+9N",16,0.0303030303030303,3
"IM-23-122-CJFA","8039832128","Maziba","Pf3D7_11_v3-2001725-2001999-2","GGATGTAAGAACTAAGAATGTAAATACAAGTAAGAGAAATGAAGGACTTAATGATATAAATGAATCAGAAAAAACAAGAACAAGAAGGGCATCAACAAAATCAAATAATAATAATAATAATGTATCATACGAGAATGAATTAGAAAGTGTATCTGAATGGTTTGATAACTTTTTGGAGGATCATATGAAGGAAGGTGTTTTTTTAGATGGGGAAAA","Pf3D7_11_v3-2001725-2001999-2.27","1G68+8N89G116I=AATAAT139A153G191+9N",32,0.0606060606060606,3
"IM-23-122-CJFA","8039832128","Maziba","Pf3D7_01_v3-145388-145662-1A","GATATGTTTAAATATATGATTCTCGAAAAAACTTTTTTTATTTTTTTTGTCAATAGATAAATGATCAATATTTTCTATATTTAATCTATCAAGTATTTTTATATATCTATTATTTCTTTCTTCGATGGATAAATTATATGAATCAATATCCTTTCTTTCATCAACAAACTTTTTTATTGTTAACTCCATTTTTTTATTTAAGATACCA","Pf3D7_01_v3-145388-145662-1A.2","25+25N139T169+8N188+9N",4,0.0126182965299685,2
"IM-23-122-CJFA","8039832128","Maziba","Pf3D7_01_v3-162867-163115-1A","ATATACCAATAATACTTTTTTTTTTAAATAATGTAAAAAATGATTTATATAATTGTTATAAACAAATGATCACATATCATAATAATAATAATAATATGCTAAATCATAACTCTAATATTTTATCAAAAGAAAATGAAAAAAAACAACCTTTTTCAACATATAATATATCAAATCTTTGTTCTCCTGACCAAATGGTGATAAATAAAAA","Pf3D7_01_v3-162867-163115-1A.4","15+12N34+8N91I=ATAATA92G129+10N",126,0.0684782608695652,2
"IM-23-122-CJFA","8039832128","Maziba","Pf3D7_01_v3-162867-163115-1A","ATATACCAATAATACTTTTTTTTTTAAATAATGTAAAAAATGATTTATATAATTGTTATAAACAAATGATCACATATCATAATAATAATATCCTAAATCATAACTCTAATATTTTATCAAAAGAAAATGAAAAAAAACAACCTTTTTCAACATATAATATATCAAATCTTTGTTCTCCTGACCAAATGGTGATAAATAAAAA","Pf3D7_01_v3-162867-163115-1A.1","15+12N34+8N129+10N",1714,0.931521739130435,2
"IM-23-122-CJFA","8039832128","Maziba","Pf3D7_01_v3-181512-181761-1A","TTCATTATTGTTTTCATTCTTTTTTTAACGAAAACTATTCATCTCAAAAATATAAGATATTTTATATGACGAATGCCATTGTATTTTTTGTTACGTAAAACCTGACTTCTTCAAGGAAAACACATGCGCATTTTCACCAATTTTTGCCTAAGCTTATTATAAAAAGTATATTAAATGTATGAC","Pf3D7_01_v3-181512-181761-1A.2","19+9N83+8N",1682,0.908698001080497,4
"IM-23-122-CJFA","8039832128","Maziba","Pf3D7_11_v3-1006693-1006917-1A","GTGGGGGAGAGAATTTTACCTTGATATGCTCCCATGTTTTATCCTTTATACAATACATATAAGTGTCATTGGTAATATATGACCCTCTTTTACCTCCGTAAAGAAATAAACAATCTTCTTTTTTTTCAGTGGAGTAAATTAAATTTAATTTTGCAAAATAGCGTGG","Pf3D7_11_v3-1006693-1006917-1A.1","118+10N",2315,0.996127366609294,2
"IM-23-122-CJFA","8039832128","Maziba","Pf3D7_11_v3-1018781-1019053-1A","TTTTTGATTCATATCATTATCATAATTATATATATATTGATCTCTGTCTATATGGGGAGCAAAAAAATATAAAGGATGTTGTGTTAAGGCTAATAATAATTCTGTAGCTATACTACTACTTATGTTACTTATACCACATCTAGTGACTGTACATTTTTCATCTAATGTTCTATAGGATAAAGAATCTGAAGGACAATGCATATCAT","Pf3D7_11_v3-1018781-1019053-1A.2","60+9N",188,1,1
"IM-23-122-CJFA","8039832128","Maziba","Pf3D7_07_v3-717260-717493-1A","GAGCTTGCTTTTTTGTTGCGTTACTTGCTGGGCTGATCAAAAAAAAAGTTGAATGTATTGAACTTAGTGCCAGCGAAATTTCCCCTCATGAAAACAAATCGACGAGTTCATCAATATTCCAAGAGGAATTAAAATTTGATGAGTCTCTGAAAAATTTTTTCAAACAA","Pf3D7_07_v3-717260-717493-1A.2","8+8N38+11N141G154+8N",277,0.168491484184915,2
"IM-23-122-CJFA","8039832128","Maziba","Pf3D7_13_v3-748254-748510-1B","ATACCAAAAAAAATAAAATAAAATGAAATAATAAATAAATAAATATACATATATTTACATATATATATATATAATTACACATATTTTTGATTGAGGACAAATTACATGTAGTGTAGTTCGTCTTCCTTGTGCGTTTCAATCACACAATCCGATTTAGGATAACATGTACACAAAAGAATATATTTTTTCTT","Pf3D7_13_v3-748254-748510-1B.25","5+10N39+33N108A180+8N",1,0.00271739130434783,4
"IM-23-122-CJFA","8039832128","Maziba","Pf3D7_13_v3-748254-748510-1B","ATACCAAAAAAAATAAAATAAAATGAAATAATAAATAAATAAATATACATATATTTACATATATATATATATAATTACACATATTTTTGATTGAGGACAAATTACATGTCGTGTAGTTCGTCTTCCTTGTGCGTTTCAATCACACAATCCGATTTAGGATAACATGTACACAAAAGAATATATTTTTTCTT","Pf3D7_13_v3-748254-748510-1B.1","5+10N39+33N180+8N",61,0.165760869565217,4
"IM-23-122-CJFA","8039832128","Maziba","Pf3D7_14_v3-2733345-2733593-1A","TCGATGTACATGCAGAAAAAATATTGGAACGTTTATTTGTAATTTATTTATGTGTATTAAAAGAATATGAAAAACATCCTCCTAAAATATTAAAATATTCATTACGTGCTATATCGAGATACTCGATGTATATAAATAAATTTATCATGGATGATATATTATTTGAAATTAAAAACCTTGCTGCA","Pf3D7_14_v3-2733345-2733593-1A.2","15+8N116G",118,0.106498194945848,2
"IM-23-122-CJFA","8039832128","Maziba","Pf3D7_14_v3-2733345-2733593-1A","TCGATGTACATGCAGAAAAAATATTGGAACGTTTATTTGTAATTTATTTATGTGTATTAAAAGAATATGAAAAACATCCTCCTAAAATATTAAAATATTCATTACGTGCTATATCTAGATACTCGATGTATATAAATAAATTTATCATGGATGATATATTATTTGAAATTAAAAACCTTGCTGCA","Pf3D7_14_v3-2733345-2733593-1A.1","15+8N",990,0.893501805054152,2
"IM-23-122-CJFA","8039832128","Maziba","Pf3D7_14_v3-279563-279833-1A","CATTTTTCTTTTAAATGAGAGCAATATATTTCTTAGGTTTATTCCGGATAAATGTTTAGTTATTAGCCAGGTGAGTAATAGTGATTCATATAAGGTAAATTGTATTAATTTCTCTGAAGGATTTTGTTGCTGTCATCCAATAAATAATTTAGCACTATTATATGGAGAGTATCAACAAAATCAAGAATCAAAAATTATGAAATTACCG","Pf3D7_14_v3-279563-279833-1A.1",".",24,0.0695652173913043,2
"IM-23-122-CJFA","8039832128","Maziba","Pf3D7_14_v3-279563-279833-1A","CATTTTTCTTTTAAATGAGAGCAATATATTTCTTAGGTTTATTCCGGATAAATGTTTAGTTATTAGCCAGGTGAGTTATAGTGATTCATATAAGGTAAATTGTATTAATTTCTCTGAAGGATTTTGTTGCTGTCATCCAATAAATAATTTAGCACTATTATATGGAGAGTATCAACAAAATCAAGAATCAAAAATTATGAAATTACCG","Pf3D7_14_v3-279563-279833-1A.2","77T",321,0.930434782608696,2
"IM-23-122-CJFA","8039832128","Maziba","Pf3D7_04_v3-109939-110184-1A","CAACATCTGAATTATATAAATCTTTAGAAAAACAACTAATATCCTTACTCCATATATTTATTTTTATACCAAGAATAACAGCCATATAAACCAAAACTCTCTCAAATACATGTGATACAGGTAAATAAGAAAAATGGGTTTTCGGTTTCATGTTTTTTATTACATTATGATCACATAATGGTGCTACT","Pf3D7_04_v3-109939-110184-1A.1","51C152+8N",73,0.0703953712632594,2
"IM-23-122-CJFA","8039832128","Maziba","Pf3D7_14_v3-3214249-3214516-1A","TAAATAAAAAAGGATTAGATGATTTAATAAAAGATTTGTTAAAATATTTTCCAAAGAATTCAATTAGCGATCGTTTTGAATTGTTAGAATTTAAAATGACGGAGGATTGTTATACAAAAATGTGGTTTGATTTTATGATTGATTTTGGAATAGCTACAATGAATGAAAACGAACATACTAGATCTTTTTATGGCTTAATCGAA","Pf3D7_14_v3-3214249-3214516-1A.3","5+8N139T169A194C",38,0.0269886363636364,3
"IM-23-122-CJFA","8039832128","Maziba","Pf3D7_04_v3-141741-141990-1A","TGAATACCATATAGCCCTTTCAAATTATATAAAGACAGAACTAAGAAATATAAACCTGCAAGAAATAAAAAACAATATAATAAAAATATTTAAAGAATTCGAATCTGCACACAAAGAAATTAAAAAAGAATCAAAACAAATTAATAAAGAATTTACCAAAATGGATGTCGTCATAAATCAATTAAGAGATATAG","Pf3D7_04_v3-141741-141990-1A.2","66+8N101G121+8N134A",44,0.0256111757857974,2
"IM-23-122-CJFA","8039832128","Maziba","Pf3D7_14_v3-2858894-2859160-1A","ATAGATTTTAATGACATAAAAAACACAACAAATGAGTATAATAATTTTGAGGAACATAATTATCAAGATGATAAATTTATATTTAATAAAGATATACATAATATTCTTTTAGAATTAAAGGAATCATTAAATGACATATCACGTGGAAGACTAAATACATTGATAAGAGATAATAAAATAAGTAGTTGTATAATATATCA","Pf3D7_14_v3-2858894-2859160-1A.1","15C17+8N28A",36,0.0878048780487805,2
"IM-23-122-CJFA","8039832128","Maziba","Pf3D7_14_v3-293575-293829-1B","TTTTGTAGTGTAATGTGTGGTTTATTTTATTATGTGTATGAAAATGTATGGCTTCAAAGAGATAATGAAATGAATGAAATTTTAAAAAATTCCGAACATTTAACTATTGGATTTAAAGTTGAAAATGCACATGATAGAATTTTGAAAACTATAAAAACACATAAATTAAAAAATTACATTAAAGAAT","Pf3D7_14_v3-293575-293829-1B.1","83+8N167+8N",344,1,1
"IM-23-122-CJFA","8039832128","Maziba","Pf3D7_03_v3-221185-221419-1B","AAATAAATTAAATAGGAAAATATAAAGAAAAATGAAAATTAAGAAAAAAAGTAGTATATATTTTTATAAATATTGTACAACTCAAACTAAGATGTGTTCTTTATCTAATTAAGGAACAAGAAGGATAATACCATTATTAATCCTATTGAACTATTTACGACATTAAACA","Pf3D7_03_v3-221185-221419-1B.1","43+9N",1137,1,1
"IM-23-122-CJFA","8039832128","Maziba","Pf3D7_04_v3-1113397-1113639-1A","GATTCTGCATGCAGTAATGAATCTATTGAAATCATCTAAGAATAAACTTTTTTGTTTAAACCATTTATTGAACATTTCACTTAAATGTGATTCAATTTTTTTTTCTGAGCTTTCCATAATTTGATTACATCTATTCAATTTGTTTGTATAAGTTTTAGGTGTTATTATTCTTTTACGTTTTAAATCATC","Pf3D7_04_v3-1113397-1113639-1A.1","47+8N95+11N130T161G",1371,0.846296296296296,3
"IM-23-122-CJFA","8039832128","Maziba","Pf3D7_08_v3-1176313-1176549-1A","TACATCCAATGAATATTTTACACTTAAAAGAAATAAACAAATTATTCATAATAAAATACATATACTCTCTATGCAAAAAAATAAACAAAATACAAACGAGCTAAACAAATCATGTAATATTAACGCCATCATATTTAATATTAATTCTGATGATTTTGAGGTAGGCGATGAAATTGT","Pf3D7_08_v3-1176313-1176549-1A.4","67C74+9N",1691,0.938922820655192,2
"IM-23-122-CJFA","8039832128","Maziba","Pf3D7_14_v3-297583-297856-1B","AGGAGGTTTTTCTTATTATATTTTTGAAAATTTCGTTTTTCAAAAGAACCGTAAAATTAATCACATAATTAAGACTTCAAAATATTCGACAGTAGGATTTAATATTGAAAATTCTTATGATAGACTTATGAAAACAATTAAAGAGCATAAATTAAAAAATTATATAAAAGAATCAGTAAAACTTTTTAATAAAGGTTTAACCAAAAA","Pf3D7_14_v3-297583-297856-1B.1","153+8N",244,1,1
"IM-23-122-CJFA","8039832128","Maziba","Pf3D7_04_v3-133581-133830-1A","CTCTCGATTATCATTACCTACTTCAGTCTTTACAATTGTAGGAGGTGTTTTAACATGATTATCCCCTCCATGAGGAGTAACCCTTAAAGGTTCTTCTTGAATATTTGGTGTCGCTTCGCCTGTTTCTGTAGAAAGGATATTTATTCTATCAACATATTCATCACCTTCTTCAACTGTACTATTTAAA","Pf3D7_04_v3-133581-133830-1A.1",".",334,1,1
"IM-23-122-CJFA","8039832128","Maziba","Pf3D7_04_v3-133928-134154-1A","TTTTGAAATATCTAATTTATCCATTTGCCTTTTTATTTCATAGTCCCAACTACTTACCCAGGTATTAAAATTAATACAATCCTGTTCTGCATATTTTATGGCTTTTAAATCCCTCAATTTAGTAGCCCTATCTTCACAATAATCTTCTAATATTTTAAT","Pf3D7_04_v3-133928-134154-1A.1","21C",2156,0.980891719745223,2
"IM-23-122-CJFA","8039832128","Maziba","Pf3D7_14_v3-3125801-3126073-1A","ATTCTTATAATATTTAAGAATGAAGGGATTAAATATTTACATTTTAGCGACGATACTCTGAAATATGTTAATTTTAATTATCCTGATTTTAACTTATATAAATGTATGAATTTATATAAGAAAAATTATGTTGATAGGGATGAGAAAGATATCTGTGATTTTTCAAATGAAGATTTTCCGTTAATAAAAGAAAATAACAAGAGAATCAG","Pf3D7_14_v3-3125801-3126073-1A.1","51C",2,0.00884955752212389,2
"IM-23-122-CJFA","8039832128","Maziba","Pf3D7_14_v3-3125801-3126073-1A","ATTCTTATAATATTTAAGAATGAAGGGATTAAATATTTACATTTTAGCGAGGATACTCTGAAATATGTTAATTTTAATTATCCTGATTTTAACTTATATAAATGTATGAATTTATATAAGAAAAATTATGTTGATAGGGATGAGAAAGATATCTGTGATTTTTCAAATGAAGATTTTCCGTTAATAAAAGAAAATAACAAGAGAATCAG","Pf3D7_14_v3-3125801-3126073-1A.5",".",224,0.991150442477876,2
"IM-23-122-CJFA","8039832128","Maziba","Pf3D7_08_v3-1344618-1344845-1A","TATCTTTTCCATATATAATAACGCATGAATTCTTTAAATTTATCTTTTACTTTATCTGTAAGTTTCATGGAATCTATTATTTCATCTGCATATTTTATTTTTGCCTCGTTTATATATTTACCTGCTTTTAATTTACATAAACATTTTTCTATTAAGTTTTG","Pf3D7_08_v3-1344618-1344845-1A.2","40T86C",38,0.0227408737283064,4
"IM-23-122-CJFA","8039832128","Maziba","Pf3D7_07_v3-475313-475545-1A","AGCTTTATTATCTACAAAAAATCCACGTGGATATATGAAACAAATGAAATTGTATTTTATATTCCAAATTAAAGAAATTGCATTAAGAAAACATGGCTCTTTACTTACAGTCAAAAATTTATATAATAATAAACTTTTAAATATAAATTCATCATCTTCTACAAATA","Pf3D7_07_v3-475313-475545-1A.1","15+8N",13,0.00925266903914591,2
"IM-23-122-CJFA","8039832128","Maziba","Pf3D7_07_v3-475313-475545-1A","AGCTTTATTATCTACAAAAAATCCACGTGGATATATGAAACAAATGAAATTGTATTTTATATTCCAAATTAAAGAAATTGCATTAAGAAAACATGGCTCTTTACTTACAGTCAAAAATTTATATGATAATAAACTTTTAAATATAAATTCATCATCTTCTACAAATA","Pf3D7_07_v3-475313-475545-1A.2","15+8N125G",1392,0.990747330960854,2
"IM-23-122-CJFA","8039832128","Maziba","Pf3D7_14_v3-377765-378020-1A","AAAGATATATCAACTGAAAAGATTTTATCAAATAATTGCTTTAATAATAAGTTAAAAAATTGATTTCCAATATCTATCATATTCATATAATCTAATGATTTAAAAATATATAATATACTCTTTGGACTAAATTTTAATTCATCATTTATTATTTTCTCTTTTACTATTGCTTTAATTTGATTAAAATATATAA","Pf3D7_14_v3-377765-378020-1A.2","21G53+8N71T",5,0.0140449438202247,3
"IM-23-122-CJFA","8039832128","Maziba","Pf3D7_14_v3-377765-378020-1A","AAAGATATATCAACTGAAAATATTTTATCAAATAATTGCTTTAATAATAAGTTAAAAAATTGATTTCCAACATCTATCATATTCATATAATCTAATGATTTAAAAATATATAATATACTCTTTGGACTAAATTTTAATTCATCATTTATTATTTTCTCTTTTACTATTGCTTTAATTTGATTAAAATATATAA","Pf3D7_14_v3-377765-378020-1A.5","53+8N",10,0.0280898876404494,3
"IM-23-122-CJFA","8039832128","Maziba","Pf3D7_07_v3-627351-627625-1A","TCACTAAGATAATTATTATTACTATTTTCAGCATAATAAAATTTCTGATGTTTTATAAGAGGAGTTTGGTTAGAAGCAAAATTATCAGCAGTTGTCGAATAATTATTATGTTCTTGATAAAAGAGATTATTCATATAGTTATTATTATTTTTCATATCATCCATAGTATTATTGTTAATATAAAATTCCTCATATGAATTATATATATA","Pf3D7_07_v3-627351-627625-1A.1",".",305,0.813333333333333,3
"IM-23-122-CJFA","8039832128","Maziba","Pf3D7_14_v3-1956056-1956330-1B","CTAATTTTTTTTCTCCACTTTGTAATTTTTATTGTTGAATATATATATAAAGTTAAACCTATAAATAATACACTACCTAATAAACTATTCTTATATTTAAAAATAAATATAACACATGTTATTAATCCTTCTATTGTTGCCGGAATAATATACATTAAAACAGAACTCATCAAATTATTAGCACTCTCGGTACCTCTATCAACTATTCTCA","Pf3D7_14_v3-1956056-1956330-1B.1","4+10N113C",347,0.971988795518207,2
"IM-23-122-CJFA","8039832128","Maziba","Pf3D7_14_v3-1956056-1956330-1B","CTAATTTTTTTTCTCCACTTTGTAATTTTTATTGTTGAATATATATATAAAGTTAAACCTATAAATAATACACTACCTAATAAACTATTCTTATATTTAAAAATAAATATAATACATGTTATTAATCCTTCTATTGTTGCCGGAATAATATACATTAAAACAGAACTCATCAAATTATTAGCACTCTCGGTACCTCTATCAACTATTCTCA","Pf3D7_14_v3-1956056-1956330-1B.2","4+10N",10,0.0280112044817927,2
"IM-23-122-CJFA","8039832128","Maziba","Pf3D7_14_v3-1992121-1992370-1A","ATTAAAACAATCCAACAATTTTATTTCCTTCTTTATAAAATTATATAAATTAATTATTTTCTTTTTATCACATTCAAAGACGGCATAAGGTGCACCCCATGAACATTTTTTACTTTTGCTACCATCAGGCATAATATAAACACCAGTACCATTTTTTTCTGATAAATTAATATTTTTTTGTATAACATCATA","Pf3D7_14_v3-1992121-1992370-1A.11","10A105+8N151+9N172+9N",16,0.0608365019011407,3
"IM-23-122-CJFA","8039832128","Maziba","Pf3D7_07_v3-404325-404590-1B","GAAACACAAGAAGAAAATTCTATCATATTTAATCTTGTCTTAATTAGTGCCTTAATTGTAAGAAAACAAAATATATAAATAAATAAATATATATATATATATATATATATATATATTGTAATATTTAATATTTATTAACACTTAAACTTTGTTTTTATTATATTAATTTTTATTCTTTATCATTTTTTTTTTTTTTTTCCTTCTTTTTTTT","Pf3D7_07_v3-404325-404590-1B.1011","71+40N126T164T176+19N195T197C198+8N",10,0.714285714285714,3
"IM-23-122-CJFA","8039832128","Maziba","Pf3D7_07_v3-404325-404590-1B","GAAACACAAGAAGAAAATTCTATCATATTTAATCTTGTCTTAATTAGTGCCTTAATTGTAAGAAAACAAAATATATAAATAAATAAATATATATATATATATATATATATATATTGTAATATTTAATATTTATTAACACTTAAACTTTGTTTTTATTATATTAATTTTTATTCTTTATCATTTTTTTTTTTTTTTTCCTTCTTTTTTTT","Pf3D7_07_v3-404325-404590-1B.1012","71+40N126T164T176+19N195T197C198+8N",2,0.142857142857143,3
"IM-23-122-CJFA","8039832128","Maziba","Pf3D7_07_v3-405517-405773-2","TTTTCTACCATGACATATACTATTGTTAGTTGTATACAAGGTCCAGCAATAGCAATTGCTTATTACTTTAAATTCTTAGCCGTAAGAATTAAAAAGATATAAATATATAAATATATATGTGAAATATATGATATATATGATATATATTTTTTATATGTAATGTTTTTTTTTTTTTTCACAATATACATTTAA","Pf3D7_07_v3-405517-405773-2.2","97+57N162+16N",472,1,1
"IM-23-122-CJFA","8039832128","Maziba","Pf3D7_08_v3-336421-336651-1A","TAACAACGAACCCATAAATTTACAGAAAAATTTAGATTTAATCATATGGCTAAAAAAGAATATAAAAGAAGGAGAAGCTTTAATTTCTGATATACCTACATCAAGTTTTTTAAGGTGTACTACAAATTATAAATTTGTATTGCATCCACAATATGAAGATAGT","Pf3D7_08_v3-336421-336651-1A.5","51+8N97T105+8N",1,0.000598444045481747,3
"IM-23-122-CJFA","8039832128","Maziba","Pf3D7_07_v3-405570-405844-1B","ATAGCAATTGCTTATTACTTTAAATTCTTAGCCGTAAGAATTAAAAAGATATAAATATATAAATATATATGTGAAATATATGATATATATGATATATATTTTTTATATGTAATGTTTTTTTTTTTTTTTCACAATATACATTTAAATGTTTATGATGGTACAACGTATCATATTTTATAATAATTTTATGCATTCATGTATATTATTTTTACTTTTT","Pf3D7_07_v3-405570-405844-1B.3","49+57N114+16N",118,0.483606557377049,2
"IM-23-122-CJFA","8039832128","Maziba","Pf3D7_14_v3-3214249-3214516-1A","TAAATAAAAAAGGATTAGATGATTTAATAAAAGATTTGTTAAAATATTTTCCAAAGAATTCAATTAGCGATCGTTTTGAATTGTTAGAATTTAAAATGACGGAGGATTGTTATACAAAAATGTGGTTTGATTTTATGAGTGATTTTGGAATAGCTACAATGAATGAAACCGAACATACTAGATCTTTTTATGGCTTAATCGAA","Pf3D7_14_v3-3214249-3214516-1A.1","5+8N194C",202,0.143465909090909,3
"IM-23-122-CJFA","8039832128","Maziba","Pf3D7_14_v3-3214249-3214516-1A","TAAATAAAAAAGGATTAGATGATTTAATAAAAGATTTGTTAAAATATTTTCCAAAGAATTCAATTAGCGATCGTTTTGAATTGTTAGAATTTAAAATGACGGAGGATTGTTATACAAAAATGTGGTTTGATTTTATGAGTGATTTTGGAATAGCTACAATGAATGAAAGCGAACATACTAGATCTTTTTATGGCTTAATCGAA","Pf3D7_14_v3-3214249-3214516-1A.2","5+8N169G194C",1168,0.829545454545455,3
"IM-23-122-CJFA","8039832128","Maziba","Pf3D7_07_v3-627351-627625-1A","TCACTAAGATAATTATTATTACCATTTTCAGCATAATAAAACTTCTGATGTTTTATAAGAGGAGTTTGGTTAGAAGCAAAATTATCAGCAGTTGTCGAATAATTATTATGTTCTTGATAAAAGAGATTATTCATATAGTTATTATTATTTTTCATATCATCCATAGTATTATTGTTAATATAAAATTCCTCATATGAATTATATATATA","Pf3D7_07_v3-627351-627625-1A.5","23C42C",3,0.008,3
"IM-23-122-CJFA","8039832128","Maziba","Pf3D7_07_v3-627351-627625-1A","TCACTAAGATAATTATTATTACCATTTTCAGCATAATAAAACTTCTGATGTTTTATAAGAGGAGTTTGGTTAGAAGCAAAATTATCAGCAGTTGTTGAATAATTATTATGTTCTTGATAAAAGAGATTATTCATATAGTTATTATTATTTTTCATATCATCCATAGTATTATTGTTAATATAAAATTCCTCATATGAATTATATATATA","Pf3D7_07_v3-627351-627625-1A.2","23C42C96T",67,0.178666666666667,3
"IM-23-122-CJFA","8039832128","Maziba","Pf3D7_04_v3-284121-284364-1A","ATATTGTATATTATCATAAGATTTATATGGAGGACCACATTGAAATCCGACAATTTCATTTGATGCATGTAGTACACATTCCGTATTTCTGTTTGAATTATTTAAAATAATTTTATTACTTAGAAATGATTCTTTTTCACTATAATCTTTATATAACAAAGGTTCTTCATCAATTTGA","Pf3D7_04_v3-284121-284364-1A.4","163T",100,0.155038759689922,4
"IM-23-122-CJFA","8039832128","Maziba","Pf3D7_07_v3-717260-717493-1A","GAGCTTGCTTTTTTGTTGCGTTACTTGCTGGGCTGATCAAAAAAAAAGTTGAATGTATTGAACTTAGTGCCAGCGAAATTTCCCCTCATGAAAACAAATCGACGAGTTCATCAATATTCCAAGAGGAATTAAAATTTGATAAGTCTCTGAAAAATTTTTTCAAACAA","Pf3D7_07_v3-717260-717493-1A.1","8+8N38+11N154+8N",1367,0.831508515815085,2
"IM-23-122-CJFA","8039832128","Maziba","Pf3D7_01_v3-181512-181761-1A","TTCATTATTGTTTTCATTCTTTTTTTAACGAAAACTATTCATCTCAAAAATATAAGATATTTTATATGACGAATGCCATTTTATTTTTTGTTACGTAAAACCTGACTTCTTCAAGGAAAACACATGCGCATTTTCACCAATTTTTGCCTAAGCTTATTATAAAAAGTATATTAAATGTATGAC","Pf3D7_01_v3-181512-181761-1A.7","19+9N81T83+8N",142,0.0767152890329552,4
"IM-23-122-CJFA","8039832128","Maziba","Pf3D7_12_v3-1959644-1959891-1A","ATGGGAAGACGATAAGAGAAGAGAAATTAATTTCTGAGGGAGCGTATTCATTTGTTTATATGGCGAAGGATTTAAACACGAATCGAGCTTATACTATAAAGAAGACCATATGTCAAGATAAAGAGAAAATAGATATGGCGAAAAAAGAAATCAACATTCTTAAAAGTTTACCTCCACATAAAAATATA","Pf3D7_12_v3-1959644-1959891-1A.1","143A",926,0.94010152284264,3
"IM-23-122-CJFA","8039832128","Maziba","Pf3D7_14_v3-2695837-2696082-1A","CGTTTTGTATCATATTATTAGATATAGTTATTTTATTATTATTTTCTACATTGTTATTCAATATATTACATCCTGTTATGGAATTATTGTTAAAATATAAATTATTCGAATTGTTATTATTAAATTCTAATCCACTAACTGCTGTTGTATATAATGATGATGAGTTATTATTATAGAAATC","Pf3D7_14_v3-2695837-2696082-1A.1","28+16N",10,0.0118203309692671,3
"IM-23-122-CJFA","8039832128","Maziba","Pf3D7_06_v3-1235395-1235658-1A","GAATATGATAAAATATATATACCAAACAATAAAAATAAAATTAATAATATAAATAATTTTTTAATAAAAAACAATTTGTTGTTGAAATCCAAATTTATGAGAATAACTCCTAATACCTATTTATGTCGTAATTGTGTCCTGTTATATCAAAATGATTTTTCGTATAATACATATGAAGAAGAAATTAATAAAATGG","Pf3D7_06_v3-1235395-1235658-1A.2","56+8N65+8N79T",10,0.0341296928327645,2
"IM-23-122-CJFA","8039832128","Maziba","Pf3D7_06_v3-1282656-1282930-1A","AAAATATGGAAGAAATATGATAAAGAAAACAATAAATATATATTGTCTCATTTTATTCCTCAATTTATTGAAGACTTAAATTTGAAGGATGAATTCCGAAATTTATTTGATGGATTTGTAAATGATTTGGATATTCTATTATATTCAGAATTTAAAGCATTTTATTTACAAATGAAGCAAAAAGATATAAATGAACTGAAAAATTCTGA","Pf3D7_06_v3-1282656-1282930-1A.1","3A60T",511,0.930783242258652,2
"IM-23-122-CJFA","8039832128","Maziba","Pf3D7_04_v3-1083299-1083563-2","ATACACTTTCCATATGTAGAGGACTTATGATATATAGAATTATAAGATAAATGTTTATAATAATCTAAAAAAGTATAATGAGGTATTATAACAAAATCCAAATGTCCTTCTTTTTCTTGTAAAATATCAATAGAATTTGCAATGTTATAATTTGATAACTCTTTAAAATGATATTGTAAAAAATTAACATTTTTATA","Pf3D7_04_v3-1083299-1083563-2.1","66+8N177+8N",773,0.987228607918263,2
"IM-23-122-CJFA","8039832128","Maziba","Pf3D7_04_v3-1083299-1083563-2","ATATACTTTCCATATGTAGAGGACTTATGATATATAGAATTATAAGATAAATGTTTATAATAATCTAAAAAAGTATAATGAGGTATTATAACAAAATCCAAATGTCCTTCTTTTTCTTGTAAAATATCAATAGAATTTGCAATGTTATAATTTGATAACTCTTTAAAATGATATTGTAAAAAATTAACATTTTTATA","Pf3D7_04_v3-1083299-1083563-2.2","4T66+8N177+8N",10,0.0127713920817369,2
"IM-23-122-CJFA","8039832128","Maziba","Pf3D7_14_v3-2020604-2020849-1A","CAAGAACATGAATATTTCTGTAAATACATAGACAAGTCCTCATTATGTCTTATCACAGGGTGCTCTTCTTTAATATGACAATATAATTTTATATGTTTTATTATTTCTTGATGAATTTCACATAATAAAAATAATGTGTGATTCATATGTTGACTACCCAATATAGAAAAGCCACTAACTAATTG","Pf3D7_14_v3-2020604-2020849-1A.1","65+8N",16,0.013039934800326,3
"IM-23-122-CJFA","8039832128","Maziba","Pf3D7_07_v3-432832-433091-1A","TTGAAAAAGTCATCATCAGAATGGGGATGATTATTATTGTTATTATGAGTTTGGTTCGTATTAATATTATGATCCTTTTCGTTATTTAATTTATGTTCATTTATATTTTTATAAATAAATAATTTTCCAAGAAGTATACCATTAATAAACTTACTAGTTAACATATTAGACTGCTCAATATTTGTACATTTTTTTAATGTATGTATT","Pf3D7_07_v3-432832-433091-1A.4","30+17N72A188+9N",39,0.0535714285714286,2
"IM-23-122-CJFA","8039832128","Maziba","Pf3D7_04_v3-141741-141990-1A","TGAATACCATATAGCCCTTTCAAATTATATAAAGACAGAACTAAGAAATATAAACCTGCAAGAAATAAAAAACAATATAATAAAAATATTTAAAGAATTCAAATCTGCACACAAAGAAATTAAAAAAGAATCAGAACAAATTAATAAAGAATTTACCAAAATGGATGTCGTCATAAATCAATTAAGAGATATAG","Pf3D7_04_v3-141741-141990-1A.1","66+8N121+8N",1674,0.974388824214203,2
"IM-23-122-CJFA","8039832128","Maziba","Pf3D7_04_v3-284121-284364-1A","ATATTGTATATTATCATAAGATTTATATGGAGGACCACATTGAAATCCGACAATTTCATTTGATGCATGTAGTACACATTCCGTATTTCTGTTTGAATTATTTAAAATAATTTTATTACTTAGAAATGATTCTTTTTCACTATAATCTTTATATAACAAAGGGTCTTCATCAATTTGA","Pf3D7_04_v3-284121-284364-1A.5",".",15,0.0232558139534884,4
"IM-23-122-CJFA","8039832128","Maziba","Pf3D7_14_v3-2355614-2355853-1A","ACTTTTCTCGATTCACATTATCCAAACCCATTTAACGAGTATGAAAAATATGACAAACATTATTATGAACTTGAAAATATTTTAAAAAACAAACTTAATGAACAATCCTTAAATTATCAATCTTTGTTAAAAATGAAAAGATTTATAAGTATGAACCATATGGAAAATAATAA","Pf3D7_14_v3-2355614-2355853-1A.4","83+8N105A157C",1311,0.9879427279578,3
"IM-23-122-CJFA","8039832128","Maziba","Pf3D7_04_v3-316593-316858-1A","TTATTCATTTTTTCTATATTATCCTTTTCTACATCATCAAAATTTGTTAATGATTCACACGTTATATTTGGTGATATTATATTTCTACCTGTACATACACCAATATTTGTTGTACCTATTATTTTATACCCTTCTTGACATTTAAATTCTATTTTTTCACCAAGTAAATAATATTTTTTATCAGGGATAAGGGAAACATA","Pf3D7_04_v3-316593-316858-1A.2","7+8N151+8N173+8N",826,0.949425287356322,2
"IM-23-122-CJFA","8039832128","Maziba","Pf3D7_04_v3-284121-284364-1A","ATATTGTATATTATCATAAGATTTATATGGAGGACCACATTGAAATCCGACAATTTCATTTGATGCATGTAGTACACATTCCGTATTTCTGTTTGAATTATTTAAAATAATTTTATTACTTAGAAATGATTCTTTTTCACTATAATCTTTATATAAGAAAGGGTTTTCATCAATTTGA","Pf3D7_04_v3-284121-284364-1A.19","157G165T",502,0.778294573643411,4
"IM-23-122-CJFA","8039832128","Maziba","Pf3D7_04_v3-1113397-1113639-1A","GATTCTGCATGCAGTAATGAATCTATTGAAATCATCTAAGAATAAACTTTTTTGTTTAAACCATTTATTGAACATTTCACTTAAATGTGATTCAATTTTTTTTTCTGAGCTTTCCATAATTTGATTACATCTATTCAATTTGTTTGTATAATTATTAGGTCTTATTATTCTTTTACGTTTTAAATCATC","Pf3D7_04_v3-1113397-1113639-1A.3","47+8N95+11N130T152T154A",2,0.00123456790123457,3
"IM-23-122-CJFA","8039832128","Maziba","Pf3D7_04_v3-544454-544718-1A","ACAAAATATAATACTTTATATACAAATGCTTATAAAAAATTTTAACGCGGACGTACTTCAAAATAATATAAATGAAGAAGAAGTAATACATAATAACATCAACATTAATAATATAAAAGAAGAACAAATTATACCAAATAATATCAAGAATATCCATAATAATGACAATATTAATCATTGTGATGGTAATAAAATAA","Pf3D7_04_v3-544454-544718-1A.10","33+8N47G50G77G186G",1,0.00149700598802395,3
"IM-23-122-CJFA","8039832128","Maziba","Pf3D7_04_v3-115455-115684-1A","TATTAATGTCATTTTGTTTTTCTTTATTATTATTATTTTTATTTTTTCCCTGGTTATCTTCCTTATTACCTAGCTTTTTTTTGTTGTCATTATTTTCTGTCTGATTATTATTTTTGACTTTGTTCATCTTTGAATTATCCGTTCTGTTTGTATGTCTCAAGCAAGGT","Pf3D7_04_v3-115455-115684-1A.1","24+25N74+10N",178,0.0897177419354839,3
"IM-23-122-CJFA","8039832128","Maziba","Pf3D7_04_v3-115455-115684-1A","TATTAATGTCATTTTGTTTTTCTTTATTATTATTATTTTTATTTTTTCCCTGGTTATCTTCCTTATTACCTAGCTTTTTTTTGTTGTCATTATTTTCTGTCTGATTATTATTTTTGACTTTGTTCATCTTTGAATTATTCGTTCTGTTTGTATGTCTCAAGCAAGGT","Pf3D7_04_v3-115455-115684-1A.5","24+25N74+10N139T",1743,0.878528225806452,3
"IM-23-122-CJFA","8039832128","Maziba","Pf3D7_04_v3-133928-134154-1A","TTTTGAAATATCTAATTTATTCATTTGCCTTTTTATTTCATAGTCCCAACTACTTACCCAGGTATTAAAATTAATACAATCCTGTTCTGCATATTTTATGGCTTTTAAATCCCTCAATTTAGTAGCCCTATCTTCACAATAATCTTCTAATATTTTAAT","Pf3D7_04_v3-133928-134154-1A.2",".",42,0.0191082802547771,2
"IM-23-122-CJFA","8039832128","Maziba","Pf3D7_07_v3-405570-405844-1B","ATAGCAATTGCTTATTACTTTAAATTCTTAGCCGTAAGAATTAAAAAGATATAAATATATAAATATATATGTGAAATATATGATATATATGATATATATTTTTTATATGTAATGTTTTTTTTTTTTTTCACAATATACATTTAAATGTTTATGATGGTACAACGTATCATATTTTATAATAATTTTATGCATTCATGTATATTATTTTTACTTTTT","Pf3D7_07_v3-405570-405844-1B.2","49+57N114+16N",126,0.516393442622951,2
"IM-23-122-CJFA","8039832128","Maziba","Pf3D7_04_v3-1005938-1006187-1A","GTCTTAACATTAATCTTAGTTACAAAGTTACATGGATTTATTGAAAAGATATTTTCGTCACTATATTTCTTTTTTTCCATATCTGTTTGATCATTTTGATATGTTTTCATATTATCCATATGTTCATTATTTTGATCAATATAATTTTTTTTTATAATAAATTTAGAATTATTTTTAAAGAAA","Pf3D7_04_v3-1005938-1006187-1A.3","69+9N144+11N",420,0.976744186046512,2
"IM-23-122-CJFA","8039832128","Maziba","Pf3D7_04_v3-140317-140548-1A","TCGGGACAATATTATAAGGATTTTATCACATCAAGGAAAAATATTTATAATATAAGGGAAAATATATCCAAAAATGTAGATATGATAAAAAATGAAGAAAAGAAGAAAATACAGAATTGTGTAGATAAATATAATTCTATAAAACAATATGTAAAAATGCTTAAA","Pf3D7_04_v3-140317-140548-1A.1","86+8N",271,0.0971674435281463,2
"IM-23-122-CJFA","8039832128","Maziba","Pf3D7_07_v3-432832-433091-1A","TTGAAAAAGTCATCATCAGAATGGGGATGATTATTATTGTTATTATGAGTTTGGTTCGTATTAATATTATGCTCCTTTTCGTTATTTAATTTATGTTCATTTATATTTTTATAAATAAATAATTTTCCAAGAAGTATACCATTAATAAACTTACTAGTTAACATATTAGACTGCTCAATATTTGTACATTTTTTTAATGTATGTATT","Pf3D7_07_v3-432832-433091-1A.1","30+17N188+9N",689,0.946428571428571,2
"IM-23-122-CJFA","8039832128","Maziba","Pf3D7_14_v3-2260533-2260765-1A","AATAACCATCAAATACAAACTCAACCAACAAATACAGTACAATATATTCAACCAAATTATGAACAAGTCATAACACAAGTAGATCAAAATGGTAATCTATTCAATCAACAGCTTGTAGGAAGTACAGTAATGCAAAATATGACACCACAAGGTGTAAACACGTTAAATTATCCTGCAACG","Pf3D7_14_v3-2260533-2260765-1A.1","91G",971,0.959486166007905,2
"IM-23-122-CJFA","8039832128","Maziba","Pf3D7_14_v3-2260533-2260765-1A","AATAACCATCAAATACAAACTCAACCAACAAATACAGTACAATATATTCAACCAAATTATGAACAAGTCATAACACAAGTAGATCAAAATCGTAATCTATTCAATCAACAGCTTGTAGGAAGTACAGTAATGCAAAATATGACACCACAAGGTGTAAACACGTTAAATTATCCTGCAACG","Pf3D7_14_v3-2260533-2260765-1A.2",".",41,0.0405138339920949,2
"IM-23-122-CJFA","8039832128","Maziba","Pf3D7_14_v3-2355614-2355853-1A","ACTTTTCTCGATTCACATTATCCAAACCCATTTAACGAGTATGAAAAATATGACAAACATTATTATGAACTTGAAAATATTTTAAAAAACAAACTTAATGAACAATCCTTAAATTATCAATCTTTGTTAAAAATGAAAAGATTTATAAGTATGAACGATATGGAAAATAATAA","Pf3D7_14_v3-2355614-2355853-1A.2","83+8N105A",1,0.000753579502637528,3
"IM-23-122-CJFA","8039832128","Maziba","Pf3D7_01_v3-181512-181761-1A","TTCATTATTGTTTTCATTCTTTTTTTAACGAAAACTATTCATCTCAAAAATATAAGATATTTTATATGACGAATGCCATTGTATTTTTTGTTACGTAAAACCTGACTTCTTCAGGGAAAACACATGCGCATTTTCACCAATTTTTGCCTAAGCTTATTATAAAAAGTATATTAAATGTATGAC","Pf3D7_01_v3-181512-181761-1A.3","19+9N83+8N114G",12,0.00648298217179903,4
"IM-23-122-CJFA","8039832128","Maziba","Pf3D7_03_v3-221295-221532-2","AAGGAACAAGAAGGATAATACCATTATTAATCCTATTGAACTATTTACGACATTAAACACACTGGAACATTTTTCCATTTTACAAATTTTTTTTTCAATATCATTTTCATAATCTAATTGGTCTTTAGGTTTATTAGCAGAGCCAGGCTTTATTCTAACTTGAATACCATTTCCACAAGTTA","Pf3D7_03_v3-221295-221532-2.2","86+11N107T120G",1163,1,1
"IM-23-122-CJFA","8039832128","Maziba","Pf3D7_06_v3-1197245-1197515-1A","CATTAGGAAAAACAACAGAGCCTTCTTCCATACCATAAATACATAAATCATTTCCACTAATCTTTTCTAAATATTGCACAAAAGAATCAATATCATTATAAGATGACATCTTCTTTCTTATAAAATCTAATTGAGCTTTGGTAAATCGAAAACAATTAATATATTTTATTACTTCATATACACCAGCTAATATAGCAAATTGAC","Pf3D7_06_v3-1197245-1197515-1A.1","20G",949,1,1
"IM-23-122-CJFA","8039832128","Maziba","Pf3D7_04_v3-544454-544718-1A","ACAAAATATAATACTTTATATACAAATGCTTATAAAAAATTTTAACTCGAACGTACTTCAAAATAATATAAATGAACAAGAAGTAATACATAATAACATCAACATTAATAATATAAAAGAAGAACAAATTATACCAAATAATATCAAGAATATCCATAATAATGACAATATTAATCATTGTGATGGTAATAAAATAA","Pf3D7_04_v3-544454-544718-1A.1","33+8N186G",23,0.0344311377245509,3
"IM-23-122-CJFA","8039832128","Maziba","Pf3D7_14_v3-1992121-1992370-1A","ATTAAAACATTCCAACAATTTTATTTCCTTCTTTATAAAATTATATAAATTAATTATTTTCTTTTTATCACATTCAAAGACGGCATAAGGTGCACCCCATGAACATTTTTTACTTTTGCTACCATCAGGCATAATATAAACACCAGTACCATTTTTTTCTGATAAATTAATATTTTTTTGTATAACATCATA","Pf3D7_14_v3-1992121-1992370-1A.1","105+8N151+9N172+9N",232,0.88212927756654,3
"IM-23-122-CJFA","8039832128","Maziba","Pf3D7_14_v3-1992121-1992370-1A","ATTAAAACATTCCAACAATTTTATTTCCTTCTTTATAAAATTATATAAATTAATTATTTTCTTTTTATCACATTCAAAGACGGCATAAGGTGCACCCCATGAACATTTTTTACTTTTGCTACCATCAGGCATAATATAATCACCAGTACCATTTTTTTCTGATAAATTAATATTTTTTTGTATAACATCATA","Pf3D7_14_v3-1992121-1992370-1A.2","105+8N140T151+9N172+9N",15,0.0570342205323194,3
"IM-23-122-CJFA","8039832128","Maziba","Pf3D7_01_v3-181512-181761-1A","TTCATTATTGTTTTCATTCTTTTTTTAACTAAAACTATTCATCTCAAAAATATAAGATATTTTATATGACGAATGCCATTGTATTTTTTGTTACGTAAAACCTGACTTCTTCAGGGAAAACACATGCGCATTTTCACCAATTTTTGCCTAAGCTTATTATAAAAAGTATATTAAATGTATGAC","Pf3D7_01_v3-181512-181761-1A.4","19+9N30T83+8N114G",15,0.00810372771474878,4
"IM-23-122-CJFA","8039832128","Maziba","Pf3D7_14_v3-2004362-2004606-1A","TATTTCCATATTATTGTAATAGGGCTTTTTCTTGCTCTTCTAATTTTTGTATATCTTGCTTATCCTTATCTAATTGTCCAAGAGCATTTAATTCATCTTCTACATTTATTTTATTTTCTTGAGAATATTCTTCAATTTTGTCTTCGAAACTGTTATATAATCTATTTATAATTGGTTG","Pf3D7_14_v3-2004362-2004606-1A.1",".",549,1,1
"IM-23-122-CJFA","8039832128","Maziba","Pf3D7_03_v3-515418-515657-1A","TTTCCTTAATTTCTATATGTTTGAATTCCCTTATAGACATATTTGAATCATTATTACTTTTATATGAAGTGTTATTATCGAAATTATTATTAATACATTTTATTTTAATGATTTTGTTAAAATTTTTATTATTTACTATAATGGAAGTCAGATATGTACTTATCGTATGGAAAGCTAATCATCAACA","Pf3D7_03_v3-515418-515657-1A.2","5C",50,0.0220653133274493,2
"IM-23-122-CJFA","8039832128","Maziba","Pf3D7_04_v3-140317-140548-1A","TCGGGACAATATTATAAGGATTTTATCACATCAAGGAAAAATATTTATAATATAAGGGAAAATATATCCAAAAATGTAGATATGATAAAAAATGAAGAAAAGAAGAAAATACAGAATTGTGTAGATAAATATAATTCTATAAAACAATATGTAAAAATGTTTAAA","Pf3D7_04_v3-140317-140548-1A.2","86+8N160T",2518,0.902832556471854,2
"IM-23-122-CJFA","8039832128","Maziba","Pf3D7_14_v3-2020604-2020849-1A","CAAGAACATGAATATTTCTGTATATACATAGACAAGTCCTCATTATGTCTTATCACAGGGTGCTCTTCTTTAATATGACAATATAATTTTATATGTTTTATTATTTCTTGATGAATTTCACATAATAAAAATAATGTGTGATTCATATGTTGACTACTCAATATAGAAAAGCCACTAACTAATTG","Pf3D7_14_v3-2020604-2020849-1A.3","23T65+8N158T",1164,0.948655256723716,3
"IM-23-122-CJFA","8039832128","Maziba","Pf3D7_03_v3-653961-654206-1A","CTCGTACAATATTTTTATAATTTCCTTTCATCTTATTTTTTTCTTTATATTTTTTTTTTTCATATGTAAGATTTATATAATCACTTTCGCTTTTTCTAACCCTTTTGAACTTTTTAAATGTACTTCGTTCATTATTTCTAATTCTCGTAAACACAAGAATAAATATTTTGATATATCTTATA","Pf3D7_03_v3-653961-654206-1A.2","35+9N49+13N",41,0.0418367346938776,2
"IM-23-122-CJFA","8039832128","Maziba","Pf3D7_03_v3-85507-85756-1A","TATCATTTAAATTCTCTTTTTCCACAGCTCCAGCATTTTTATTTATATCATCTACAACTACATCTTCCTTCACATAATTATTTATATAAAAATTATTATCATCTAAAGCATCTGAAAATTCTTCATTTAATACTTCTTCATCTACATTAAATGTTTTCGTTCTTTCATCATCTAATAAA","Pf3D7_03_v3-85507-85756-1A.1","144D=TCT",365,0.910224438902743,3
"IM-23-122-CJFA","8039832128","Maziba","Pf3D7_04_v3-284121-284364-1A","ATATTGTATATTATCATAAGATTTATATGGAGGACCACATTGAAATCCGACAATTTCATTTGATGCATGTAGTACACATTCCGTATTTCTGTTTGAATTATTTAAAATAATTTTATTACTTAGAAATGATTCTTTTTCACTATAATCTTTATATAAGAAAGGGTCTTCATCAATTTGA","Pf3D7_04_v3-284121-284364-1A.1","157G",28,0.0434108527131783,4
"IM-23-122-CJFA","8039832128","Maziba","Pf3D7_11_v3-497277-497548-1A","TTTTAGATTTAATTGAATATTCATTTTTAAATTATACTAGTTCTAATTTAAATACAATAAATAATAATAATGACAAAAAAAAACAAAATCAAAAAAATAAAAATCGCAAATATAGTAAAAATAATATTTTAGATCTCTATGAACACGTAAGTACGATCAGTTTATTTTATCACACGTTTAATTTACCTAAGGAGTATAATGAAAAATTGTT","Pf3D7_11_v3-497277-497548-1A.2","74+11N90+9N148T",275,0.935374149659864,2
"IM-23-122-CJFA","8039832128","Maziba","Pf3D7_14_v3-2355614-2355853-1A","ACTTTTCTCGATTCACATTATCCAAACCCATTTAACGAGTATGAAAAATATGACAAACATTATTATGAACTTGAAAATATTTTAAAAAACAAACTTAATGAACATTCCTTAAATTATCAATCTTTGTTAAAAATGAAAAGATTTATAAGTATGAACGATATGGAAAATAATAA","Pf3D7_14_v3-2355614-2355853-1A.1","83+8N",15,0.0113036925395629,3
"IM-23-122-CJFA","8039832128","Maziba","Pf3D7_06_v3-1235395-1235658-1A","GAATATGATAAAATATATATACCAAACAATAAAAATAAAATTAATAATATAAATAATTTTTTAATAAAAAACAATTTGCTGTTGAAATCCAAATTTATGAGAATAACTCCTAATACCTATTTATGTCGTAATTGTGTCCTGTTATATCAAAATGATTTTTCGTATAATACATATGAAGAAGAAATTAATAAAATGG","Pf3D7_06_v3-1235395-1235658-1A.1","56+8N65+8N",283,0.965870307167236,2
"IM-23-122-CJFA","8039832128","Maziba","Pf3D7_14_v3-2695837-2696082-1A","CGTTTTGTATCATATTATTAGATATAGTTATTTTATTATTATTTTCTACATTATTATTCAATATATTACATCCTGTTATGGAATTATTGTTAAAATATAAATTATTCGAATTGTTATTATTAAATTCTAATCCACTAACTGCTGTTGTATATAATGATGATGAGTTATTATTATAGAAATC","Pf3D7_14_v3-2695837-2696082-1A.2","28+16N53A",116,0.137115839243499,3
"IM-23-122-CJFA","8039832128","Maziba","Pf3D7_04_v3-1037644-1037891-1A","GAAAGAGATTTAACAGATGATGCTGTGATTTTTGCACACTCACTTTATTTACCATTTGAAAAAGAAGAAATGTGGTGGATCGTTATCGGAATTAAAAAAATGAACTTACTTTTATCTATCAAAAAATTATCTTTATTGAAAAGTATCAATAATATAAAAATTAATTTCGAATTGCCTGACA","Pf3D7_04_v3-1037644-1037891-1A.2","93+9N120+8N145A",1546,1,1
"IM-23-122-CJFA","8039832128","Maziba","Pf3D7_04_v3-115455-115684-1A","TATTAATGTCATTTTGTTTTTCTTTATTATTATTATTTTTATTTTTTCCCTGGTTATCTTCCTTATTACCTAGCTTTTTTTTGTTGTCATTATTTTCTGTCTGATTATTATTTTTGACTTTTTTCATCTTTGAATTATCCGTTCTGTTTGTATGTCTCAAGCAAGGT","Pf3D7_04_v3-115455-115684-1A.3","24+25N74+10N122T",63,0.0317540322580645,3
"IM-23-122-CJFA","8039832128","Maziba","Pf3D7_04_v3-1005938-1006187-1A","GTCTTAACATTAATCTTAGTTACAAAGTTACATGGATTTATTGAAAAGATATTTTCGTCACTATATTTCTTTTTTTCCATATCCGTTTGATCATTTTGATATGTTTTCATATTATCCATATGTTCATTATTTTGATCAATATAATTTTTTTTTATAATAAATTTAGAATTATTTTTAAAGAAA","Pf3D7_04_v3-1005938-1006187-1A.4","69+9N84C144+11N",10,0.0232558139534884,2
"IM-23-122-CJFA","8039832128","Maziba","Pf3D7_03_v3-221463-221712-1B","ACTTGAATACCATTTCCACAAGTTACACTACATGGGGACCATTCAGTTGAAATAGAATTTTGTATTTTGTTTAAATATTCTTTTATGTGCTTATCACTTGGTTCTTCGTTATTATTATTTTTTACAGCATTGTTGGCATTAGCATTTTCATCTACATTTCGGTTTGGGTCATTTGGCATATTGTGACCTTGTC","Pf3D7_03_v3-221463-221712-1B.7","53T117+8N130T",18,0.0258992805755396,4
"IM-23-122-CJFA","8039832128","Maziba","Pf3D7_14_v3-2020604-2020849-1A","CAAGAACATGAATATTTCTGTAAATACATAGACAAGTCCTCATTATGTCTTATCACAGGGTGCTCTTTTTTAATATGACAATATAATTTTATATGTTTTATTATTTCTTGATGAATTTCACATAATAAAAATAATGTGTGATTCATATGTTGACTACTCAATATAGAAAAGCCACTAACTAATTG","Pf3D7_14_v3-2020604-2020849-1A.5","65+8N158T",47,0.0383048084759576,3
"IM-23-122-CJFA","8039832128","Maziba","Pf3D7_03_v3-515418-515657-1A","TTTCTTTAATTTCTATATGTTTGAATTCCCTTATAGACATATTTGAATCATTATTACTTTTATATGAAGTGTTATTATCGAAATTATTATTAATACATTTTATTTTAATGATTTTGTTAAAATTTTTATTATTTACTATAATGGAAGTCAGATATGTACTTATCGTATGGAAAGCTAATCATCAACA","Pf3D7_03_v3-515418-515657-1A.1",".",2216,0.977934686672551,2
"IM-23-122-CJFA","8039832128","Maziba","Pf3D7_03_v3-855426-855697-1A","GTTATTTCAGTATGAGTTTCAACAGTTAATACTACTTCAGGATATGGATTGATACTTAACATATGTACTCTCAATAATCTAGTATCAAATATATATGAAAATGTATACTCAGGAAAACATATAGTAGATAATCCATTATTATTCTCTATACATATTTTACTTATAGCTATATAATCGTAATTATCTTCTATTACTATTGGTTCTGTG","Pf3D7_03_v3-855426-855697-1A.2","32C61A",12,0.0338983050847458,2
"IM-23-122-CJFA","8039832128","Maziba","Pf3D7_03_v3-653961-654206-1A","CTCGTACAATATTTTTATAATTTCCTTTCATCTTATTTTTTTCTTTATATTTTTTTTTTTCATATGTAAGATTTATATAATCACTTTCGCTTTTTCTAACGCTTTTGAACTTTTTAAATGTACTTCGTTCATTATTTCTAATTCTCGTAAACACAAGAATAAATATTTTGATATATCTTATA","Pf3D7_03_v3-653961-654206-1A.1","35+9N49+13N101G",939,0.958163265306123,2
"IM-23-122-CJFA","8039832128","Maziba","Pf3D7_03_v3-85507-85756-1A","TATCATTTAAATTCTCTTTTTCCACAGCTCCAGCATTTTTATTTATATCATCTACAACTACATCTTCCTTCACATAATTATTTATATAAAAATTATTATCATCTAAAGCATCTGAAAATTCTTCATTTAATACTTCTTCATCTTCTACATTAAATGTTTTCGTTCTTTCATCATCTAATAAA","Pf3D7_03_v3-85507-85756-1A.3",".",1,0.00249376558603491,3
"IM-23-122-CJFA","8039832128","Maziba","Pf3D7_11_v3-497277-497548-1A","TTTTAGATTTAATTGAATATTCATTTTTAAATTATACTAGTTCTAATTTAAATACAATAAATAATAATAATGACAAAAAAAAACAAAATCAAAAAAATAAAAATCGCAAATATAGTAAAAATAATATTTTAGATCTCTATGAACACGTAAGGACGATCAGTTTATTTTATCACACGTTTAATTTACCTAAGGAGTATAATGAAAAATTGTT","Pf3D7_11_v3-497277-497548-1A.3","74+11N90+9N148T152G",19,0.0646258503401361,2
"IM-23-122-CJFA","8039832128","Maziba","Pf3D7_03_v3-221463-221712-1B","ACTTGAATACCATTTCCACAAGTTACACTACATGGGGACCATTCAGTTGAAAGAGAATTTTTTATTGTCTTTAAATATTGTTCTATGTGCTTATCACTTGGTTCTTCGTTATTATTATTTTTTACAGCATTGTTGGCATTAGCATTTTCATCTACATTTCGGTTTGGGTCATTTGGCATATTGTGACCTTGTC","Pf3D7_03_v3-221463-221712-1B.1","62T67G69C80G83C117+8N130T",15,0.0215827338129496,4
"IM-23-122-CJFA","8039832128","Maziba","Pf3D7_03_v3-221463-221712-1B","ACTTGAATACCATTTCCACAAGTTACACTACATGGGGACCATTCAGTTGAAAGAGAATTTTGTATTGTCTTTAAATATTGTTCTATGTGCTTATCACTTGGTTCTTCGTTATTATTATTTTTTACAGCATTGTTGGCTTTAGCATTTTCATCTACATTTCGGTTTGGGTCATTTGGCATATTGTGACCTTGTC","Pf3D7_03_v3-221463-221712-1B.12","67G69C80G83C117+8N130T138T",619,0.890647482014388,4
"IM-23-122-CJFA","8039832128","Maziba","Pf3D7_03_v3-221463-221712-1B","ACTTGAATACCATTTCCACAAGTTACACTACATGGGGACCATTCAGTTGAAAGAGAATTTTGTATTTTCTGTAAATATTTTTCTATGTGCTGATCACTTGGTTCTTCGTTATTATTATTTTTTACAGCATTGTTGGCATTAGCATTTTCATCTACATTTCGGTTTGGGTCATTTGGCATATTGTGACCTTGTC","Pf3D7_03_v3-221463-221712-1B.6","69C71G80T83C92G117+8N130T",43,0.0618705035971223,4
"IM-23-122-CJFA","8039832128","Maziba","Pf3D7_03_v3-891553-891827-1A","CAAGAGCTAAGAAAACATATAGAATCATCATAAGGATGTTGATAATATAAATGTGTTTTTATTTGTGTATTTATGTCAGAATATTGTTCCTTCGATTTATCTTTAAAATAATCAAGATTATTTATGTTGGTGGCTTTATTATTATTAAAATAATTTTGATTTGTTACATGATGACTATGGGTATATTTGTATTTTACGTTTTTATTA","Pf3D7_03_v3-891553-891827-1A.1","93C116G178T",312,0.96594427244582,2
"IM-23-122-CJFA","8039832128","Maziba","Pf3D7_03_v3-891553-891827-1A","CAAGAGCTAAGAAAACATATAGAATCATCATAAGGATGTTGATAATATAAATGTGTTTTTATTTGTGTATTTATGTCAGAATATTGTTCCTTCGATTTATCTTTAAAATAATCAAGATTATTTATGTTGGTGGCTTTATTATTATTAAAATAATTTTGATTTGTTACATGATGACTAGGGGTATATTTGTATTTTACGTTTTTATTA","Pf3D7_03_v3-891553-891827-1A.7","93C116G",11,0.0340557275541796,2
"IM-23-122-CJFA","8039832128","Maziba","Pf3D7_03_v3-980853-981120-2","TAAGATTCTTTTGAGTTATTTATTTTCCAAATAATTTGGTTATATATATATGAAAATTCGATCATACCACATGCTCCAAGAATAATAGATGCATCGTCATTATATTGGAATGTAAAACTTTCATCATACTCATTTGTATTAGGTACACAAGAATCATCTTTATTTTTATAATTTTCTTTACATGTACAATTAATTTTACTATATT","Pf3D7_03_v3-980853-981120-2.1",".",594,1,1
"IM-23-122-CJFA","8039832128","Maziba","Pf3D7_14_v3-2481033-2481276-1B","CCATGTGGATAAAGACAGTAGAGAGCAATTCGAAATAAAACAGTACTCTTGCAAATTAGATATTTTTTTGAACTCATCTGTTCCTATAAAAAATTCTGAATGTAAGCAGAATAAATTATACACAAAAGAATATATATTCATTTTTATTTATTCACTTTATATATGTTTGTATGTATGTA","Pf3D7_14_v3-2481033-2481276-1B.3","62+9N87+8N",1304,1,1
"IM-23-122-CJFA","8039832128","Maziba","Pf3D7_03_v3-85507-85756-1A","TATCATTTAAATTCTCTTTTTCCACAGCTCCAGCATTTTTATTTATATCATCTACAACTACATCTTCCTTCACATAATTATTTATATAAAAAATATTATCATCTAAAGCATCTGAAAATTCTTCATTTAATACTTCTTCATCTTCTACATTAAATGTTTTCGTTCTTTCATCATCTAATAAA","Pf3D7_03_v3-85507-85756-1A.7","93A",35,0.0872817955112219,3
"IM-23-122-CJFA","8039832128","Maziba","Pf3D7_03_v3-855426-855697-1A","GTTATTTCAGTATGAGTTTCAACAGTTAATACTACTTCAGGATATGGATTGATACTTAACGTATGTACTCTCAATAATCTAGTATCAAATATATATGAAAATGTATACTCAGGAAAACATATAGTAGATAATCCATTATTATTCTCTATACATATTTTACTTATAGCTATATAATCGTAATTATCTTCTATTACTATTGGTTCTGTG","Pf3D7_03_v3-855426-855697-1A.1","32C",342,0.966101694915254,2
"IM-23-122-CJFA","8039832128","Maziba","Pf3D7_14_v3-2695837-2696082-1A","CGTTCTGTATCATATTATTAGATATAGTTATTTTATTATTATTTTCTACATTGTTATTCAATATATTACATCCTGTTATGGAATTATTGTTAAAATATAAATTATTCGAATTGTTATTATTAAATTCTAATCCACTAACTGCTGTTGTATATAATGATGATGAGTTATTATTATAGAAATC","Pf3D7_14_v3-2695837-2696082-1A.10","5C28+16N",720,0.851063829787234,3
"IM-23-122-GBHJ","8039832081","Maziba","Pf3D7_14_v3-771407-771633-1A","ACCCACGGGACATTTTAATTTATACCTATTGGAACATTTTTTATTAGGTCTTTCTTTATGATTCTTCTTTAAAATAGGTTCATCATTATTTGAGTAAACTAACAGATCATTATCGTTCTCAAATTTATTATAACCATCAATATTTTTATTTCCATATACATCTATAA","Pf3D7_14_v3-771407-771633-1A.2","36+8N108C124T",928,0.66143977191732,4
"IM-23-122-GBHJ","8039832081","Maziba","Pf3D7_07_v3-403487-403750-2","AGGTTCTTGTCTTGGTAAATGTGCTCATGTGTTTAAACTTATTTTTAAAGAGATTAAGGATAATATTTTTATTTATATTTTAAGTATTATTTATTTAAGTGTATGTGTAATGAATAAAATTTTTGCTAAAAGAACTTTAAACAAAATTGGTAACTATAGTTTTGTAACATCCGAAACTCACAACTTTATTTGTATGATTATGTTCTTT","Pf3D7_07_v3-403487-403750-2.1",".",376,1,1
"IM-23-122-GBHJ","8039832081","Maziba","Pf3D7_07_v3-405570-405844-1B","ATAGCAATTGCTTATTACTTTAAATTCTTAGCCGTAAGAATTAAAAAGATATAAATATATAAATATATATGTGAAATATATGATATATATGATATATATGATATATATTTTTTATATGTAATGTTTTTTTTTTTTTTCACAATATACATTTAAATGTTTATGATGGTACAACGTATCATATTTTATAATAATTTTATGCATTCATGTATATTATTTTTACTTTTT","Pf3D7_07_v3-405570-405844-1B.6","49+57N114+16N",13,0.0833333333333333,2
"IM-23-122-GBHJ","8039832081","Maziba","Pf3D7_09_v3-1015103-1015350-1A","ATTATTTAATTTTTCATCTTTTATATTTTTCAGATTTTTTATATGAAGATGTAGGAATACAACTAAATTAACAGCTGAAAATAATCTTACTAACAAAAATAATTTGAGGAATTCTTCATCATATAAATCTTTTGGAATATTATTTGTGTATTCATAAATTTCTATTAAGGATATAATAGTTATGA","Pf3D7_09_v3-1015103-1015350-1A.3","34+8N51G",6,0.01875,2
"IM-23-122-GBHJ","8039832081","Maziba","Pf3D7_07_v3-405517-405773-2","TTTTCTACCATGACATATACTATTGTTAGTTGTATACAAGGTCCAGCAATAGCAATTGCTTATTACTTTAAATTCTTAGCCGTAAGAATTAAAAAGATATAAATATATAAATATATATGTGAAATATATGATATATATGATATATATTTTTTATATGTAATGTTTTTTTTTTTTTTCACAATATACATTTAA","Pf3D7_07_v3-405517-405773-2.2","97+57N162+16N",145,1,1
"IM-23-122-GBHJ","8039832081","Maziba","Pf3D7_14_v3-421322-421547-1A","TAAGAAAGATGAAGTAATAGAAAAAACTGAAGTATCAAAGAAAACATTTTCAGGTATAGGTTTTAATCTTACTGACAAAGAAGCTAAAGTATTAGGTGTAGGTGTAACCTATCAAGAATATCCAGAAACCATGTTATATAACTGTCCAAACAATTCTA","Pf3D7_14_v3-421322-421547-1A.3","20+8N76C",388,0.791836734693877,3
"IM-23-122-GBHJ","8039832081","Maziba","Pf3D7_09_v3-1406342-1406614-1A","TCTCAGATTATCATAGTGTTGTGGATGAAGATTTAATTAATTTTAATGATGATGTTACTTTAGAAACACAATCCATGATAGCACACGGAGGGTCTTTGTCAGAAATAGAAGAAACTGGAGATTTATCTTCAGATGTTGATAGATTACTTTCATCAATCGAAACTACTCCAAGAGATGATGTTGTATATATACGAGGTGATATTATATT","Pf3D7_09_v3-1406342-1406614-1A.1","148T204A",792,0.968215158924205,3
"IM-23-122-GBHJ","8039832081","Maziba","Pf3D7_07_v3-403801-404052-1B","TATATATATATATATATATATATATATATATATATGTATGTATGTTGATTAATTTGTTTATATATTTATATTTATTTCTTATGACCTTTTTAGGAACGACACCGAAGCTTTAATTTACAATTTTTTGCTATATCCATGTTAGATGCCTGTTCAGTCATTTTGGCCTTCATAGGTCT","Pf3D7_07_v3-403801-404052-1B.6","1+45N130+8N",24,0.141176470588235,3
"IM-23-122-GBHJ","8039832081","Maziba","Pf3D7_05_v3-958920-959168-1B","AATAATAAATCGAAAACCATTAGTTGAAAATAATGATGATGGAGAAACATTACCAAATATTAAAAAAATTGAATTTAAAAATGTAAGATTTCATTATGATACTAGAAAAGATGTTGAAATTTATAAAGATTTAAGTTTTACTCTAAAAGAAGGGAAAACATATGCATTTGTGGGAGAATCA","Pf3D7_05_v3-958920-959168-1B.1","61+9N",446,1,1
"IM-23-122-GBHJ","8039832081","Maziba","Pf3D7_09_v3-202854-203106-1A","AATATACAAAGAATGTATATGATAAAATATTCTTTGTCCTTTAAAATTTTTTGTTCTTGTACTTTGTTTTTTATAATCTATTAAATTCATATCTGATGAAATATCATATTTATATTCCCCTTTATGAGCATTTACAAAAGTTTCGTTATTTCTTTTATTAATATATGTATTTGAGCACATATATTTAT","Pf3D7_09_v3-202854-203106-1A.2","46+8N66+8N146T",148,0.148445336008024,4
"IM-23-122-GBHJ","8039832081","Maziba","Pf3D7_09_v3-1015103-1015350-1A","ATTATTTAATTTTTCATCTTTTATATTTTTCAGATTTTTTATATGAAGATATAGGAATACAACTAAATTAACAGCTGAAAATAATCTTACTAACAAAAATAATTTGAGGAATTCTTCATCATATAAATCTTTTGGAATATTATTTGTGTATTCATAAATTTCTATTAAGGATATAATAGTTATGA","Pf3D7_09_v3-1015103-1015350-1A.1","34+8N",314,0.98125,2
"IM-23-122-GBHJ","8039832081","Maziba","Pf3D7_14_v3-377765-378020-1A","AAAGATATATCAACTGAAAATATTTTATCAAATAATTGCTTTAATAATAAGTTAAAAAATTTATTTCCAACATCTATCATATTCATATAATCTAATGATTTAAAAATATATAATATACTCTTTGGACTAAATTTTAATTCATCATTTATTATTTTCTCTTTTACTATTGCTTTAATTTGATTAAAATATATAA","Pf3D7_14_v3-377765-378020-1A.36","53+8N62T",206,0.682119205298013,4
"IM-23-122-GBHJ","8039832081","Maziba","Pf3D7_06_v3-1135605-1135855-1A","TATAAAGAATTTATACCACCTAAATTGTTAACATTAGAAGTATTATTTGTTTCTGTATTTTCTTGTAACGTATTTGTATTATTAATATTGTTAGATGAAATATTATGACTATTTCTTCTATTTGTTATATTTAAATTGTAAATAGTTTCATTACTAACACTACTGATACCATTGAAATGATTATTTAG","Pf3D7_06_v3-1135605-1135855-1A.1","172T",42,0.075,2
"IM-23-122-GBHJ","8039832081","Maziba","Pf3D7_06_v3-1115900-1116168-1A","ATTTTTTAATAAAGCAGTACCATCTATATCTCTTCCTTTTTTTAAAACACATAAAGTTTCATCAAAATTGCTTGTGCTATTTTTATCAGGTTCAGGAAAATATTGTTTATTTGGAGAATATCCATTCTGATTACAAGTTATAATATTATTAATATTTATAAATTTTTTGTTTGTTTTTAAATCACCAAATTGATTATCGTTAT","Pf3D7_06_v3-1115900-1116168-1A.2","1+8N36+9N114G162+12N",40,0.0847457627118644,2
"IM-23-122-GBHJ","8039832081","Maziba","Pf3D7_14_v3-407306-407542-1A","CTTTCTTTCGTCTTTCTGTTCATTATCCATATAATCTTTTTCTACTACCTTTTCATTCTTTACTTTATTTCTATTAATACACAATTCTCCTTGAGTTAAGAGATTTACGATATTATCAATATTGTTTTCTTTCATATACTTCAACTTTTTACTATTCATTTTTAAAAGA","Pf3D7_14_v3-407306-407542-1A.4","44A47A85T",494,0.651715039577836,2
"IM-23-122-GBHJ","8039832081","Maziba","Pf3D7_14_v3-421322-421547-1A","TAAGAAAGATGAAGTAATAGAAAAAACTGAAGTATCAAAGAAAACATTTTCAGGTATAGGTTTTAATCTTACTGAGAAAGAAGCTAAAGTATTAGGTGTAGGTGTAACCTATCAAGAATATCCAGAAACCATGTTATATAACTGTCCAAACAATTCTA","Pf3D7_14_v3-421322-421547-1A.1","20+8N",40,0.0816326530612245,3
"IM-23-122-GBHJ","8039832081","Maziba","Pf3D7_12_v3-659881-660127-1A","GGTGGTTTAACATTTTCAGCTACGACTTTTTCGACTGATGGCAATCCTAATTTGATTAATTCCTTTAACATATGTTTTGCGTGTTTTTTTACTTCTGATTTGATATCAAAGCTTGATTCTAAAAAGGTTGGTGAATTTTTTTGTAAAACACTGACAAGTTCATTTGATATGGTCTCTGCTAAATCATCACCA","Pf3D7_12_v3-659881-660127-1A.4","26C27T35C50A73T74G83+9N135+9N",99,0.151840490797546,4
"IM-23-122-GBHJ","8039832081","Maziba","Pf3D7_07_v3-403801-404052-1B","TATATATATATATATGTATGTATGTTGATTAATTTGTTTATATATTTATATTTATTTCTTATGACCTTTTTAGGAACGACACCGAAGCTTTAATTTACAATTTTTTGCTATATCCATGTTAGATGCCTGTTCAGTCATTTTGGCCTTCATAGGTCT","Pf3D7_07_v3-403801-404052-1B.4","1+45N130+8N",78,0.458823529411765,3
"IM-23-122-GBHJ","8039832081","Maziba","Pf3D7_09_v3-1406342-1406614-1A","TCTCAGATTATCATAGTGTTGTGGATGAAGATTTAATTAATTTTAATGATGATGTTACTTTAGAAACACAATCCATGATAGCACACGGAGGGTCTTTGTCAGAAATAGAAGAAACTGGAAGATTTATCTTCAGATGTTGATAGATTACTTTCATCAATCGAAACTACTCCAAGAGATGATGTTGTATATATACGAGGTGATATTATATT","Pf3D7_09_v3-1406342-1406614-1A.7","120I=A148T204A",2,0.00244498777506112,3
"IM-23-122-GBHJ","8039832081","Maziba","Pf3D7_09_v3-202854-203106-1A","AATATACAAAGAATGTATATGATAAAATATTCTTTGTCCTTTAAAATTTTTTGTTCTTGTACTTTGTTTTTTATAATCTATTAAATTCATATCTGATGAAATATCATATTTATATTCCCCTTTATGAGCATTTACAAAAGTTTCGTTATTTCTTTTATTAATATATGTATTTGAGCACATATTTTTAT","Pf3D7_09_v3-202854-203106-1A.6","46+8N66+8N146T183T",158,0.158475426278837,4
"IM-23-122-GBHJ","8039832081","Maziba","Pf3D7_09_v3-163813-164052-1A","GTAATAATAATAATAATAATGTATTTCTTTCATCAAGTGATCCAAATAAATTAAACACAACACCATCACCATTTGGTTTATCATCTATTGGAAATCTAAATACAAACAATAAATTAAATAGCTTTCCAGACTTTAGTCAAGCTAATAAAACATTTCTACAAAATGATAGCTTAT","Pf3D7_09_v3-163813-164052-1A.2","2+19N28T",138,0.240418118466899,2
"IM-23-122-GBHJ","8039832081","Maziba","Pf3D7_09_v3-1406342-1406614-1A","TCTCAGATTATCATAGTGTTGTGGATGAAGATTTAATTAATTTTAATGATGATGTTACTTTAGAAACACAATCCATGATAGCACACGGAGGGTCTTTGTCAGAAATAGAAGAAACTGAAGATTTATCTTCAGATGTTGATAGATTACTTTCATCAATCGAAACTACTCCAAGAGATGATGTTGTATATATACGAGGTGATATTATATT","Pf3D7_09_v3-1406342-1406614-1A.3","118A148T204A",24,0.0293398533007335,3
"IM-23-122-GBHJ","8039832081","Maziba","Pf3D7_14_v3-377765-378020-1A","AAAGATATATCAACTGAAAAGATTTTATCAAATAATTGCTTTAATAATAAGTTAAAAAATTGATTTCCAATATCTATCATATTCATATAATCTAATGATTTAAAAATATATAATATACTCTTTGGACTAAATTTTAATTCATCATTTATTATTCTCTCTTTTACTATTGTTTTAATTTGATTAAAATATATAA","Pf3D7_14_v3-377765-378020-1A.1","21G53+8N71T154C170T",42,0.139072847682119,4
"IM-23-122-GBHJ","8039832081","Maziba","Pf3D7_05_v3-960810-961048-1B","TAATACAGGAAGCATTTTATAATATGCATACTGTTATTAATTATGGTTTAGAAGATTATTTCTGTAATTTGATAGAAAAAGCTATTGATTATAAAAATAAAGGACAAAAAAGAAGAATTATTGTAAATGCAGCTTTATGGGGATTCAGTCAAAGCGCTCAATTATTTATTAATAGTTT","Pf3D7_05_v3-960810-961048-1B.1","105+8N",736,1,1
"IM-23-122-GBHJ","8039832081","Maziba","Pf3D7_14_v3-407306-407542-1A","CTTTCTTTCGTCTTTCTGTTCATTATCCATATAATCTTTTTCTCCTTCCTTTTCATTCTTTACTTTATTTCTATTAATACACAACTCTCCTTGAGTTAAGAGATTTACGATATTATCAATATTGTTTTCTTTCATATACTTCAACTTTTTACTATTCATTTTTAAAAGA","Pf3D7_14_v3-407306-407542-1A.1",".",264,0.348284960422164,2
"IM-23-122-GBHJ","8039832081","Maziba","Pf3D7_09_v3-164045-164311-1A","ATCAACTGGTGTTGCAAAACCATTAGTTACCAATTTTAATTCTCCATTTAGTGCTTTTGGTAAAACAAATACCAGTGATATATTTAAAACTAATACTACTGCATCAACTACAAATGCAACTGCAACTGCAACTCCTGCTCCCTTTGGATCAGCATTTGGAGCGCAAAAGAATAATGATAGCTTGTTTGGAAATAATGCATTCAAGCTTTCG","Pf3D7_09_v3-164045-164311-1A.1",".",621,1,1
"IM-23-122-GBHJ","8039832081","Maziba","Pf3D7_12_v3-659881-660127-1A","GGTGGTTTAACATTTTCAGCTACGACTTTTTCGACTGATGGCAATCCTACTTTGATTAATTCCTTTAACATAGATTTTGCGTGTTTTTTTACTTCTGATTTGATATCAAAGCTTGATTCTAAAAAGGTTGGTGAATTTTTTTGTAAAACACTGACAAGTTCATTTGATATGGTCTCTGCTAAATCATCACCA","Pf3D7_12_v3-659881-660127-1A.1","26C27T35C83+9N135+9N",121,0.18558282208589,4
"IM-23-122-GBHJ","8039832081","Maziba","Pf3D7_06_v3-1136091-1136364-1A","CATTATTTTTGTATCCAACGTCGTTATTATTAAAACTTATTATTTGATTAATAACTGACGAACCACATATATTTACACAATGGAATACATAACTTAAGAAAGAGTAGTAATTGCATTTTACTTTTTGCATTTTCCCTCTGGTGGAGAAATAATTATTATGCTGCTTATTACTCTTTGTATTATGATAATTTTTGGTAATCATTTTTTTT","Pf3D7_06_v3-1136091-1136364-1A.1","173C201+9N",46,0.085981308411215,2
"IM-23-122-GBHJ","8039832081","Maziba","Pf3D7_07_v3-403801-404052-1B","TATATATATGTATGTATGTATGTTGATTAATTTGTTTATATATTTATATTTATTTCTTATGACCTTTTTAGGAACGACACCGAAGCTTTAATTTACAATTTTTTGCTATATCCATGTTAGATGCCTGTTCAGTCATTTTGGCCTTCATAGGTCT","Pf3D7_07_v3-403801-404052-1B.63","1+45N130+8N",68,0.4,3
"IM-23-122-GBHJ","8039832081","Maziba","Pf3D7_14_v3-421322-421547-1A","TAAGAAAGATGAAGTAATAGAAAAAACTGAAGTATCAAAGAAAACATTTTCAGGTATAGGTTTTAATCTTACTGAAAAAGAAGCTAAAGTATTAGGTGTAGGTGTAACCTATCAAGAATATCCAGAAACCATGTTATATAACTGTCCAAACAATTCTA","Pf3D7_14_v3-421322-421547-1A.2","20+8N76A",62,0.126530612244898,3
"IM-23-122-GBHJ","8039832081","Maziba","Pf3D7_06_v3-1115900-1116168-1A","ATTTTTTAATAAAGCAGTACCATCTATATCTCTTCCTTTTTTTAAAACACATAAAGTTTCATCAAAATTGCTTGTGCTATTTTTATCAGGTTCAGGAAAATATTGTTTATTTGTAGAATATCCATTCTGATTACAAGTTATAATATTATTAATATTTATAAATTTTTTTTTTGTTTTTAAATCACCAAATTGATTATCGTTAT","Pf3D7_06_v3-1115900-1116168-1A.1","1+8N36+9N162+12N",432,0.915254237288136,2
"IM-23-122-GBHJ","8039832081","Maziba","Pf3D7_14_v3-771407-771633-1A","ACCCACGGGACATTTTAATTTATACCTATTGGAACATTTTTTATTAGGTCTTTCTTTATGATTCTTCTTTAAAATAGGTTCATCATTATTTGAGTAAACTAACAGATCATTATCGTTCTCAAAATTATTATAACCATCAATATTTTTATTTCCATATACATCTATAA","Pf3D7_14_v3-771407-771633-1A.6","36+8N108C",12,0.00855310049893086,4
"IM-23-122-GBHJ","8039832081","Maziba","Pf3D7_07_v3-405570-405844-1B","ATAGCAATTGCTTATTACTTTAAATTCTTAGCCGTAAGAATTAAAAAGATATAAATATATAAATATATATGTGAAATATATGATATATATGATATATATTTTTTATATGTAATGTTTTTTTTTTTTTTCACAATATACATTTAAATGTTTATGATGGTACAACGTATCATATTTTATAATAATTTTATGCATTCATGTATATTATTTTTACTTTTT","Pf3D7_07_v3-405570-405844-1B.2","49+57N114+16N",143,0.916666666666667,2
"IM-23-122-GBHJ","8039832081","Maziba","Pf3D7_05_v3-958372-958608-1B","ATTTATAACAATTTTTACATATGCCAGTTCCTTTTTAGGTTTATATATTTGGTCATTAATAAAAAATGCACGTTTGACTTTATGTATTACTTGCGTTTTTCCGTTAATTTATGTTTGTGGTGTCATATGTAATAAGAAAGTAAAATTAAATAAAAAAACATCTTTGTTATATAATAACAATACC","Pf3D7_05_v3-958372-958608-1B.2","60+8N151+9N",532,0.654366543665437,2
"IM-23-122-GBHJ","8039832081","Maziba","Pf3D7_07_v3-1066661-1066903-1A","TATGGTTTTGTAATTTATTGGTATGTGTTGTTAAAGGAGAATTTTTTTAATATCCCTTGTCATGGGCAAAATGAGAAAAAAGAAATAAAAAACTTTTATGTTCAACATGAAGATATTTGTGAACACACTATTGGTAATCATATGTTAGGTGATAAATTAAAAATGTGTACATCTAATATTAATG","Pf3D7_07_v3-1066661-1066903-1A.2","41+9N75+8N86+8N",10,0.00747384155455904,2
"IM-23-122-GBHJ","8039832081","Maziba","Pf3D7_09_v3-202854-203106-1A","AATATACAAAGAATGCATATGATAAAATATTCTTTGTCCTTTAAAATTTTTTGTTCTTGTACTTTGTTTTTTATAATCTATTAAATTCATATCTGATGAAATATCATATTTATATTCCCCTTTATGAGCATTTACAAAAGTTTCGCTATTTCTTTTATTAATATATGTATTTGAGCACATATTTTTAT","Pf3D7_09_v3-202854-203106-1A.1","16C46+8N66+8N183T",689,0.691073219658977,4
"IM-23-122-GBHJ","8039832081","Maziba","Pf3D7_09_v3-163813-164052-1A","GTAATAATAATAATAATAATGTATTTCTTTCATCAAGTGATCCAAATAAATTAAACACAACACCATCACCATTTGGTTTATCATCTATTGGAAATCTAAATACAAACAATAAATTAAATAGCTTTCCAGATTTTAGTCAAGCTAATAAAACATTTCTACAAAATGATAGCTTAT","Pf3D7_09_v3-163813-164052-1A.1","2+19N28T131T",436,0.759581881533101,2
"IM-23-122-GBHJ","8039832081","Maziba","Pf3D7_14_v3-2004362-2004606-1A","TATTTCCATATTATTGTAATAGGGCTTTTTCTTGCTCTTCTAATTTTTGTATATCTTGCTTATCCTTATCTAATTGTCCAAGAGCAACTAATTCATCATCTACATTTATTTTATTTTCTTGAGAATATTCTTCAATTTTGTCTTCGAAACTGTTATATAATCTATTTATAATTGGTTG","Pf3D7_14_v3-2004362-2004606-1A.6","87A88C98A",36,0.0989010989010989,3
"IM-23-122-GBHJ","8039832081","Maziba","Pf3D7_06_v3-1135605-1135855-1A","TATAAAGAATTTATACCACCTAAATTGTTAACATTAGAAGTATTATTTGTTTCTGTATTTTCTTGTAACGTATTTGTATTATTAATATTGTTAGATGAAATATTATGACTATTTCTTCTATTTGTTATATTTAAATTGTAAATAGTTTCATTACTAACACTACTGATACCACTGAAATGATTATTTAG","Pf3D7_06_v3-1135605-1135855-1A.2",".",518,0.925,2
"IM-23-122-GBHJ","8039832081","Maziba","Pf3D7_02_v3-628941-629172-1A","ACTTTTTTTAGATTTTTCTTGATCGTTTTCATCATTTTTTATTTCCTGTTCATCTGAGGTTTTCTTTTGTAAACGCTTAGTGCGTTTCTTTTGACCTTTTAATTTTTTTTTAAATATATTTTTAACTTGATCAATGAAGAAAGCATAATCTTGTATGACAGAAAATCT","Pf3D7_02_v3-628941-629172-1A.1","2+9N34+8N87T102+11N",513,0.697959183673469,3
"IM-23-122-GBHJ","8039832081","Maziba","Pf3D7_14_v3-377765-378020-1A","AAAGATATATCAACTGAAAAGATTTTATCAAATAATTGCTTTAATAATAAGTTAAAAAATTGATTTCCAACATCTATCATATTCATATAATCTAATGATTTAAAAATATATAATATACTCTTTGGACTAAATTTTAATTCATCATTTATTATTTTCTCTTTTACTATTGCTTTAATTTGATTAAAATATATAA","Pf3D7_14_v3-377765-378020-1A.3","21G53+8N",51,0.16887417218543,4
"IM-23-122-GBHJ","8039832081","Maziba","Pf3D7_06_v3-1128558-1128797-1A","ATTGAATCGTTGGTGTTTATTTTATTATTCCTCTTTTGTTTTTCAATGAATACAAATGTTTCATCGACACTATCTTTATGATCTATTGGTATGGCATGATTTTCTAAATTGCTATTTCTTTCATTAGAATTGTATTTTTCACTATTATAGGTTGAGGTTTTACTACATTTTATATTTTT","Pf3D7_06_v3-1128558-1128797-1A.1",".",623,0.946808510638298,2
"IM-23-122-GBHJ","8039832081","Maziba","Pf3D7_12_v3-659881-660127-1A","GGTGGTTTAACATTTTGAGCTACGAGATTTTCGACTGATGGCAATCCTAATTTGATTAATTCCTTTAACATAATTTTTGCGTGTTTTTTTACTTCTGATTTGATATCAAAGCTTGATTCTAAAAAGGTTGGTGAATTTTTTTGTAAAACACTGACAAGTTCATTTGATATGGTCTCTGCTAAATCATCACCA","Pf3D7_12_v3-659881-660127-1A.24","17G35C50A73A74T83+9N135+9N",6,0.00920245398773006,4
"IM-23-122-GBHJ","8039832081","Maziba","Pf3D7_05_v3-958372-958608-1B","ATTTATAACAATTTTTACATATGCCAGTTCCTTTTTAGGTTTATTTATTTGGTCATTAATAAAAAATGCACGTTTGACTTTATGTATTACTTGCGTTTTTCCGTTAATTTATGTTTGTGGTGTCATATGTAATAAGAAAGTAAAATTAAATAAAAAAACATCTTTGTTATATAATAACAATACC","Pf3D7_05_v3-958372-958608-1B.1","45T60+8N151+9N",281,0.345633456334563,2
"IM-23-122-GBHJ","8039832081","Maziba","Pf3D7_10_v3-1414599-1414832-1A","ATCTAAATCAACGAGGGAATATAACAACATCTCAAGGAAATTCACACCGTGCAACTGTTGTGCAACAAGCTGATCAAACCAACAGATTAGATAATGTAAACTCTGTAACGCAAAGAGGAAATAATAACTACAACAATAATTTAGAGCGTGGATTGGGTTCTGGTGCT","Pf3D7_10_v3-1414599-1414832-1A.4","6A70C",60,0.0585365853658537,2
"IM-23-122-GBHJ","8039832081","Maziba","Pf3D7_12_v3-659881-660127-1A","GGTGGTTTAACATTTTCAGCTACGAGTTTTTCGAATGATGGCAATCCTACTTTGATTAATTCCTTTAACATAAGTTTTGCGTGGTTTTTTACTTCTGATTTGATATCAAAGCTTGATTCTAAAAAGGTTGGTGAATTTTTTTGTAAAACACTGACAAGTTCATTTGATATGGTCTCTGCTAAATCATCACCA","Pf3D7_12_v3-659881-660127-1A.5","27T73A74G83+9N135+9N",426,0.653374233128834,4
"IM-23-122-GBHJ","8039832081","Maziba","Pf3D7_06_v3-532166-532407-1A","AGAACAATTGCTAAACACCAAATTGGGTGAAACAAAAAACCACCTGAACAGAACCCCATTTATACCTGAATCGGTCATACGAGAAAGGAAATTACGCCAAGAAAAAGCGCAATCCACAAACAACATGTTCGATTCAACAAACGCAGATAGTATTACGTCCCCATGTGATCCAACGAATGCCACG","Pf3D7_06_v3-532166-532407-1A.12","33+8N109G",1107,0.673767498478393,5
"IM-23-122-GBHJ","8039832081","Maziba","Pf3D7_07_v3-432832-433091-1A","TTGAAAAAGTCATCATCAGAATGGGGATGATTATTATTGTTATTATGAGTTTGGTTCGTATTAATATTATGCTCCTTTTCGTTATTTAATTTATGTTCATTTATATTTTTATAAATAAATAATTTTCCAAGAAGTATACCATTAATAAACTTACTAGTTAACATATTAGACTGCTCAATATTTGTACATTTTTTTAATGTATGTATT","Pf3D7_07_v3-432832-433091-1A.1","30+17N188+9N",297,0.336353340883352,2
"IM-23-122-GBHJ","8039832081","Maziba","Pf3D7_07_v3-1149367-1149613-1A","TATTTGACTAGTCGAATAATATTTAATATTTTTGTTTAGGAAGTTTTCAAAATTGATGACATTGATAACCGTTTTTATTAAATCGCTTGGGTTGTTTGTGTGTTCTATAGTAGAAGACATAATTTTAAGAATGTGTTTTTGTGTTATTAAACAAAACTTTGTTACTATATGGAATCGTATGTTAT","Pf3D7_07_v3-1149367-1149613-1A.1","106T109A",1004,1,1
"IM-23-122-GBHJ","8039832081","Maziba","Pf3D7_12_v3-684011-684240-1A","ACCTAATGTTGGTAAGTCTACCATTTTTAATCGACTAACTCGAAAATATCAAGATGGTAGTATTGTTTTAGAGGTTAGTAGTACGAGAGATAAACTTTATGGAGAAGTTGAGTGGGAAGGATATAAATTTGAACTTGTGGATACAGGAGGTTTAGTTTTTGA","Pf3D7_12_v3-684011-684240-1A.4","73G",131,0.15688622754491,4
"IM-23-122-GBHJ","8039832081","Maziba","Pf3D7_10_v3-1414337-1414596-1A","GACCTGAATGGAAAGGTCAATGTGATAAATTTGAAAAAGAAAAAAGTAAATATGAAGATACTAAAAGTAGAACTGCTGAAATATATTTAAAAGAAATATGTTCTGAATGTGATTGTAAATATAAAGATTTGGATAATACATTTAAAGAATTTAAAGATAACGTTACGCTTCTTAAAGCAGTAATTGATAACAAA","Pf3D7_10_v3-1414337-1414596-1A.1","17T39+8N70G82T167G",549,0.943298969072165,3
"IM-23-122-GBHJ","8039832081","Maziba","Pf3D7_07_v3-403479-403716-1B","TTAGGTGGAGGTTCTTGTCTTGGTAAATGTGCTCATGTGTTTAAACTTATTTTTAAAGAGATTAAGGATAATATTTTTATTTATATTTTAAGTATTATTTATTTAAGTGTATGTGTAATGAATAAAATTTTTGCTAAAAGAACTTTAAACAAAATTGGTAACTATAGTTTTGTAACATCCGA","Pf3D7_07_v3-403479-403716-1B.1",".",817,1,1
"IM-23-122-GBHJ","8039832081","Maziba","Pf3D7_10_v3-1392371-1392620-1A","TGATGAAAATGATGATTCCCTTATTTCTAATTCTTTAGTACCCGAAACAAGTTACAATCAAGATTACTCTTTATACACTATTAATATTTTGAATGGACTTCCTGATAAAGAAAGTAATATGAAAAATATTGATTTAGAAAAATTTAAAGATACTTCAATACATACAAAGGAAGAGGGACCCATTGTA","Pf3D7_10_v3-1392371-1392620-1A.2","106+9N",466,0.884250474383302,2
"IM-23-122-GBHJ","8039832081","Maziba","Pf3D7_14_v3-2020604-2020849-1A","CAAGAACATGAATATTTCTGTAAATACATAGACAAGTCCTCATTATGTCTTATCACAGGGTGCTCTTCTTTAATATGACAATATAATTTTATATGTTTTATTATTTCTTGATGAATTTCACATAATAAAAATAATGTGTGATTCATATGTTGACTACCCAATATAGAAAAGCCACTAACTAATTG","Pf3D7_14_v3-2020604-2020849-1A.1","65+8N",560,0.766073871409029,3
"IM-23-122-GBHJ","8039832081","Maziba","Pf3D7_01_v3-145388-145662-1A","GATATGTTTAAATATATGATTCTCGAAAAAACTTTTTTTATTTTTTTTGTCAATAGATAAATGATCAATATTTTCTATATTTAATCTATCAAGAATTTTTATATATCTATTATTTCTTTCTTCGATGGATAAATTATAAGAATCAATATCCTTTCTTTCATCAACAAACTTTTTTATTGTTAACTCCATTTTTTTATTTAAGATACCA","Pf3D7_01_v3-145388-145662-1A.4","25+25N94A169+8N188+9N",2,0.0109289617486339,4
"IM-23-122-GBHJ","8039832081","Maziba","Pf3D7_10_v3-1414599-1414832-1A","ATCTAGATCAACGAGGGAATATAACAACATCTCAAGGAAATTCACACCGTGCAACTGTTGTGCAACAAGCTGATCAAACCAACAGATTAGATAATGTAAACTCTGTAACGCAAAGAGGAAATAATAACTACAACAATAATTTAGAGCGTGGATTGGGTTCTGGTGCT","Pf3D7_10_v3-1414599-1414832-1A.1","70C",965,0.941463414634146,2
"IM-23-122-GBHJ","8039832081","Maziba","Pf3D7_12_v3-684011-684240-1A","ACCTAATGTTGGTAAGTCTACCATTTTTAATCGACTAACTCGAAAATATCAAGATGGCAGTATTGTTTTAGATGTTAGTAGTACGAGAGATAAACTTTATGGAGAAGTTGAGTGGGAAGGATATAAATTTGAACTTGTGGATACAGGAGGTTTAGTTTTTGA","Pf3D7_12_v3-684011-684240-1A.18","58C",549,0.65748502994012,4
"IM-23-122-GBHJ","8039832081","Maziba","Pf3D7_14_v3-3125801-3126073-1A","ATTCTTATAATATTTAAGAATGAAGGGATTAAATATTTACATTTTAGCGAGGATACTCTGAAATATGTTAATTTTAATTATCCTGATTTTAACTTATATAAATGTATGAATTTATATAAGAAAAATTATGTTGATAGGGATGAGAAAGATATCTGTGATTTTTCAAATGAAGATTTTCCGTTAATAAAAGAAAATAACAAGAGAATCAG","Pf3D7_14_v3-3125801-3126073-1A.5",".",202,0.798418972332016,4
"IM-23-122-GBHJ","8039832081","Maziba","Pf3D7_07_v3-1043981-1044225-1A","ATAATGATATGTTATTTCATCATCAGCATCGACTTCTTTCTTATTATGTTCAAACAAATTCTTATATTTTATATTATTGCATTTTTGTCTTTCCATATTTATAAAAGATTCTATTTTCTTTTTATAATCATTCCTTTTTATATAATTACACATTCCTTCATTTTGGTTGTCATAACTCTTCT","Pf3D7_07_v3-1043981-1044225-1A.2","36+8N",14,0.0161476355247982,2
"IM-23-122-GBHJ","8039832081","Maziba","Pf3D7_07_v3-1066661-1066903-1A","TATAGTTTTGTAATTTATTGGTATGTGTTGTTAAAGGAGAATTTTTTTAATATCCCTTGTCATGGGCAAAATGAGAAAAAAGAAATAAAAAACTTTTATGTTCAACATGAAGATATTTGTGAACACACTATTGGTAATCATATGTTAGGTGATAAATTAAAAATGTGTACATCTAATATTAATG","Pf3D7_07_v3-1066661-1066903-1A.1","4A41+9N75+8N86+8N",1328,0.992526158445441,2
"IM-23-122-GBHJ","8039832081","Maziba","Pf3D7_14_v3-294503-294768-2","CAGAATTTAGATGTTATCAAAGTCCCATTCTTACCTTTCTATGTAACTCTTTGTAACAACAGCAAATTACCAACTTTTGAATTTACCTCAGAAAATGGTAAATACACATTAGAACCTGAATACTACCTTCAACACATAGAAGATGTTGGTCCAGGATTATGTATGCTTAATATCATAGGATTAGATTTTCCAGTACCAACCTTTA","Pf3D7_14_v3-294503-294768-2.1",".",589,1,1
"IM-23-122-GBHJ","8039832081","Maziba","Pf3D7_14_v3-2004362-2004606-1A","TATTTCCATATTATTGTAATAGGGCTTTTTCTTGCTCTTCTAATTTTTGTATATCTTGCTTATCCTTATCTAATTGTCCAAGAGCTTCTAATTCATCATCTACATTTATTTTATTTTCTTGAGAATATTCTTCAATTTTGTCTTCGAAACTGTTATATAATCTATTTATAATTGGTTG","Pf3D7_14_v3-2004362-2004606-1A.2","86T88C98A",51,0.14010989010989,3
"IM-23-122-GBHJ","8039832081","Maziba","Pf3D7_06_v3-851492-851765-1A","ACAATAGTACATTCTGCATTTACATCACAACCTCCATTATTTTTTGAACAGTTCATATCTTTCATAGGTATACATTTAAAATAATTTACACTCATATCAACTATATAATTAGGTCGGCATCTACATTGTTCTTTATCTTTTTCGACAATATAACAACGTGAATTGGGTCCACATTTGGAATATTCACAAATATAATTTACTTTAAATATAACAAAATTTTTCA","Pf3D7_06_v3-851492-851765-1A.4","39+8N220T",33,0.0484581497797357,4
"IM-23-122-GBHJ","8039832081","Maziba","Pf3D7_09_v3-202854-203106-1A","AATATACAAAGAATGTATATGATAAAATATTCTTTGTCCTTTAAAATTTTTTGTTCTTGTACTTTGTTTTTTATAATCTATTAAATTCATATCTGATGAAATATCATATTTATATTCCCCTTTATGAGCATTTACAAAAGTTTCGCTATTTCTTTTATTAATATATGTATTTGAGCACATATTTTTAT","Pf3D7_09_v3-202854-203106-1A.3","46+8N66+8N183T",2,0.00200601805416249,4
"IM-23-122-GBHJ","8039832081","Maziba","Pf3D7_12_v3-857050-857323-1A","ATATAATTTTAAGATGTCCTATCAAGACGTTCAGGAAAAAAAAAATGAAGATATAAATTATGATGAAATAGCTAGCAGCATGCTAGAGAAGATGGACAAACATATAAATGGAGAAAAACAACCAACGATACATTATGAAAATTTAAATGTACAAGAGCAAGAGGGAGCACATGCTTATTACTCAAATCAAGATATAAATAACATAAATA","Pf3D7_12_v3-857050-857323-1A.1","35+12N",120,0.341880341880342,3
"IM-23-122-GBHJ","8039832081","Maziba","Pf3D7_12_v3-857050-857323-1A","ATATAATTTTAAGATGTCCTATCAAGACGTTCAGGAAAAAAAAAATGAAGATATAAATTATGATGAAATAGCTAGCAGCATGCTAGAGAAGATGGACAAACATATAAATGGAGAAAAACAACCAACGATACATTATGAAAATTTAAATGTACAAGAGCAAGGGGGAGCACATGCTTATTACTCAAATCAAGATATAAATAACATAAATA","Pf3D7_12_v3-857050-857323-1A.2","35+12N162G",4,0.0113960113960114,3
"IM-23-122-GBHJ","8039832081","Maziba","Pf3D7_08_v3-585993-586266-1A","TGTAAATATAAATCATACGTATGACATGTATCATCATTTAATGCATTCTTAATTGTTAATGCTAATCTACTTACAATAATATAAGCAAAGTTTATATGAGAATGAATACCTTCTTTTCCTAAAAAGTTATAAAGACTAACAAATGGAGCATATATTATAAATTTATCATACTTTTTTTTTTGCATAACTTCATTTAATAAAATATTT","Pf3D7_08_v3-585993-586266-1A.6","29T171+10N",5,0.00630517023959647,3
"IM-23-122-GBHJ","8039832081","Maziba","Pf3D7_14_v3-3125801-3126073-1A","ATTCTTATAATATTTAAGAATGAAGGGATTAAATATTTACATTTTAGCGACGATACTCTGAAATATGTTAATTTTAATTATCCTGATTTTAACTTATATAAATGTATGAATTTATATAAGAAAAATTATGTTGATAGGGATGAGAAAGATATCTGTGATTTTTCAAATGAAGATATTCCGTTAATAAAAGAAAATAACAAGAGAATCAG","Pf3D7_14_v3-3125801-3126073-1A.7","51C175A",25,0.0988142292490119,4
"IM-23-122-GBHJ","8039832081","Maziba","Pf3D7_14_v3-3214249-3214516-1A","TAAATAAAAAAGGATTAGATGATTTAATAAAAGATTTGTTAAAATATTTTCCAAAGAATTCAATTAGCGATCGTTTTGAATTGTTAGAATTTAAAATGACGGAGGATTGTTATACAAAAATGTGGTTTGATTTTATGAGTGATTTTGGAATAGCTACAATGAATGAAACCGAACATACTAGATCTTTTTATGGCTTAATCGAA","Pf3D7_14_v3-3214249-3214516-1A.1","5+8N194C",255,0.244252873563218,3
"IM-23-122-GBHJ","8039832081","Maziba","Pf3D7_10_v3-992331-992603-1A","TCATTATATTTTTAAAAAAAAAAATTATGATATAAAATCTTCAATTAATAAAAGATCTATCCAGTTCTTTAAAGACACTAATATAGATCATTATATAGCATATGAATATTATAAGGAGGACCGTACAGAATTTATATTAACTATTATGAATGAAAAAAATATTACTCATCAAGAAACTCAAAGTCTTGAAATGAAAAAGTTGAAAG","Pf3D7_10_v3-992331-992603-1A.3","13+13N127A152+9N",26,0.0606060606060606,2
"IM-23-122-GBHJ","8039832081","Maziba","Pf3D7_05_v3-961511-961758-1B","CTGCAGAAGATTATACTGTATTTAATAATAATGGAGAAATATTATTAGATGATATTAATATATGTGATTATAACTTAAGAGATCTTAGAAACTTATTTTCAATAGTTAGTCAAGAACCCATGTTATTTAATATGTCCATATATGAAAATATCAAATTTGGAAGAGAAGATGCAACATTGGAAGAT","Pf3D7_05_v3-961511-961758-1B.1",".",612,1,1
"IM-23-122-GBHJ","8039832081","Maziba","Pf3D7_14_v3-771407-771633-1A","ACCCACGGGACATTTTAATTTATACCTATTGGAACATTTTTTATTAGGTCTTTCTTTATGATTCTTCTTTAAAATAGGTTCATCATTATTTGAGTAAACTAACAGATTATTATCGTTCTCAAAATTATTATAACCATCAATATTTTTATTTCCATATACATCTATAA","Pf3D7_14_v3-771407-771633-1A.1","36+8N",165,0.117605131860299,4
"IM-23-122-GBHJ","8039832081","Maziba","Pf3D7_07_v3-432832-433091-1A","TTGAAAAAGTCATCATCAGAATGGGGATGATTATTATTGTTATTATGAGTTTGGTTCGTATTAATATTATGATCCTTTTCGTTATTTAATTTATGTTCATTTATATTTTTATAAATAAATAATTTTCCAAGAAGTATACCATTAATAAACTTACTAGTTAACATATTAGACTGCTCAATATTTGTACATTTTTTTAATGTATGTATT","Pf3D7_07_v3-432832-433091-1A.4","30+17N72A188+9N",586,0.663646659116648,2
"IM-23-122-GBHJ","8039832081","Maziba","Pf3D7_14_v3-3214249-3214516-1A","TAAATAAAAAAGGATTAGATGATTTAATAAAAGATTTGTTAAAATATTTTCCAAAGAATTCAATTAGCGATCGTTTTGAATTGTTAGAATTTAAAATGACGGAGGATTGTTATACAAAAATGTGGTTTGATTTTATGATTGATTTTGGAATAGCTACAATGAATGAAAACGAACATACTAGATCTTTTTATGGCTTAATCGAA","Pf3D7_14_v3-3214249-3214516-1A.3","5+8N139T169A194C",9,0.00862068965517241,3
"IM-23-122-GBHJ","8039832081","Maziba","Pf3D7_07_v3-105172-105442-1A","GACTACTAACAGAGTGACTACCTACGCTATGTTGAGATGAATTGCTTCCATTTGAATTACTTCCAGATAGGTGATTTTCTGTACTTCCATCTGAATTGTTTTTATATAATTGACTTTCCTTTTGTCCATCTAAATTATGCACTGCACTATGAGTTCCTTCACCCAAATTATTACTGTTTGTTGTATCATCATTTAAATCAAATCCATTTCTT","Pf3D7_07_v3-105172-105442-1A.2","44G52T",37,0.104815864022663,3
"IM-23-122-GBHJ","8039832081","Maziba","Pf3D7_07_v3-105172-105442-1A","GACTACTAACAGAGTGACTACCTACGCTATGTTGAGATGAATTGCTTCCATTTGAATTACTTCCAGATAGGTGATTTTCTGTTCTTCCATCTGAATTGTTTTCATATAATTGACTTTCCTTTTGTCCATCTAAATTATGCACTGCACTATGAGTTCCTTCACCCAAATTATTACTGTTTGTTGTATCATCATTTAAATCAAATCCATTTCTT","Pf3D7_07_v3-105172-105442-1A.4","44G52T83T103C",44,0.124645892351275,3
"IM-23-122-GBHJ","8039832081","Maziba","Pf3D7_13_v3-2545065-2545291-1A","ATGATTCCTCAAAAGTTTAACATTCCACATAGTATCTGTTAAATTGATAGTTTGCAAACAATTATACGTTTGGTTATTTTTATTTTTGAAAAAGGATATATGATCATCTAAAGATTTATTTTTGAGAAAGATTTCCATATATTCATATATATCTTGAATACACCA","Pf3D7_13_v3-2545065-2545291-1A.33","87+8N",111,0.0957722174288179,7
"IM-23-122-GBHJ","8039832081","Maziba","Pf3D7_10_v3-1414337-1414596-1A","GACCTGAATGGAAAGGCCAATGTGATAAATTTGAAAAAGAAAAAAGTAAATATGAAGATACTAAAAGTATAACTGCTGAAAAATATTTAAAAGAAATATGTTCTGAATGTGATTGTAAATATAAAGATTTGGATAATACATTTAAAGAATTTAAAGATAACGTTACACTTCTTAAAGCAGTAATTGATAACAAA","Pf3D7_10_v3-1414337-1414596-1A.2","39+8N",21,0.0360824742268041,3
"IM-23-122-GBHJ","8039832081","Maziba","Pf3D7_10_v3-1414337-1414596-1A","GACCTGAATGGAAAGGTCAATGTGATAAATTTGAAAAAGAAAAAAGTAAATATGAAGATACTAAAAGTAGAACTGCTGAAATATATTTAAAAGAAATATGTTCTGAATGTGATTGTAAATATAAAGATTTGGATAATACATTTAAAGAATTTAATGATAACGTTACGCTTCTTAAAGCAGTAATTGATAACAAA","Pf3D7_10_v3-1414337-1414596-1A.5","17T39+8N70G82T155T167G",12,0.0206185567010309,3
"IM-23-122-GBHJ","8039832081","Maziba","Pf3D7_14_v3-2020604-2020849-1A","CAAGAACATGAATATTTCTGTATATACATAGACAAGTCCTCATTATGTCTTATCACAGGGTGCTCTTCTTTAATATGACAATATAATTTTATATGTTTTATTATTTCTTGATGAATTTCACATAATAAAAATAATGTGTGATTCATATGTTGACTACTCAATATAGAAAAGCCACTAACTAATTG","Pf3D7_14_v3-2020604-2020849-1A.3","23T65+8N158T",52,0.0711354309165527,3
"IM-23-122-GBHJ","8039832081","Maziba","Pf3D7_13_v3-1419363-1419626-1A","TTTTGAAATCTGTATATTTTTTATCATGTTCATCGAGATTTATTTTGTTCTTTTTGTTTGAAATATCAACTACATGATTAAAAACATCTCCTAAATTATATAATTTCTTATCTAGGTCTTTTTGAAATGTCGATTCTCCTCCTTGTGCTGGTTTTTGTACTTCTTGTCCTTGTGTTGATATCTCTTGTTCATTTTTAGATTGAG","Pf3D7_13_v3-1419363-1419626-1A.2","16+8N24T28G",160,0.808080808080808,2
"IM-23-122-GBHJ","8039832081","Maziba","Pf3D7_12_v3-63081-63314-1A","TTTCCGTCATAATAGTTGCATACATTCTATTAAAAACTTTGGGTACTCCTAATATAATTTCAGCTTTTGAATTACATATGTCTGTATTCAAAAATTTTATATCTCTACTCCATATATTTATCTTTACACCCAAAAACAAAGTAATGAAAAAAATAACCCTTTCATA","Pf3D7_12_v3-63081-63314-1A.3","63G142T146+9N",658,0.828715365239295,4
"IM-23-122-GBHJ","8039832081","Maziba","Pf3D7_14_v3-3214249-3214516-1A","TAAATAAAAAAGGATTAGATGATTTAATAAAAGATTTGTTAAAATATTTTCCAAAGAATTCAATTAGCGATCGTTTTGAATTGTTAGAATTTAAAATGACGGAGGATTGTTATACAAAAATGTGGTTTGATTTTATGAGTGATTTTGGAATAGCTACAATGAATGAAAGCGAACATACTAGATCTTTTTATGGCTTAATCGAA","Pf3D7_14_v3-3214249-3214516-1A.2","5+8N169G194C",780,0.747126436781609,3
"IM-23-122-GBHJ","8039832081","Maziba","Pf3D7_12_v3-684011-684240-1A","ACCTAATGTTGGTAAGTCTACCATTTTTAATCGACTAACTCGAAAATATCAAGATGGTAGTATTGTTTTAAATGTTAGTAGTACGAGAGATAAACTTTATGGAGAAGTTGAGTGGGAAGGATATAAATTTGAACTTGTGGATACAGGAGGTTTAGTTTTTGA","Pf3D7_12_v3-684011-684240-1A.5","71A",151,0.180838323353293,4
"IM-23-122-GBHJ","8039832081","Maziba","Pf3D7_05_v3-796518-796759-1A","TGGTTCTTCAATTATTCATATAAGTTCTTTATTAGTAGGTGTATATTTATGTAGTAGTAGTGCAAATGCATTTAATCAAATTATTGAAAGAAATATAGATAAGTTAATGAAAAGAACCCAAAAAAGACCCTTAGCAAATAATAATCCAAATATGTCAGTTAAGCATGCTGAAATAT","Pf3D7_05_v3-796518-796759-1A.3","14A119+8N163G",494,0.662198391420912,4
"IM-23-122-GBHJ","8039832081","Maziba","Pf3D7_10_v3-1386657-1386909-1A","CGATTTTGGTAGAGAACAGGTTAAATATATTGAAGACGTGGTTTGATAATCAGGTATTTCTTTAATTAAATATTCATGATATTGTTCGTTAGATACATAAATTAATTCGTCCTCCACATTTTGCTGTTCTGTTATAATTTGTGAAGAAGCTTGGTTTGTCTTATTTGGTAATTGCTCTTTTATGA","Pf3D7_10_v3-1386657-1386909-1A.3","13A",9,0.0100896860986547,4
"IM-23-122-GBHJ","8039832081","Maziba","Pf3D7_05_v3-796518-796759-1A","TGGTTCTTCAATTGTTCATATAAGTTCTTTATTAGTAGGTGTATATTTATGTAGTAGTAGTGCAAATGCATTTAATCAAATTATTGAAAGAAATATAGATAAGTTAATGAAAAGAACCCAAAAAAGACCCTTAGCAAATAATAATCCAAATATGTCAGTTAAGCATGCTGAAATAT","Pf3D7_05_v3-796518-796759-1A.2","119+8N163G",74,0.0991957104557641,4
"IM-23-122-GBHJ","8039832081","Maziba","Pf3D7_05_v3-958079-958350-1B","TTTTTATATCTGTGTTTGGTGTAATATTAAAGAACATGAATTTAGGTGATGATATTAATCCTATAATATTATCATTAGTATCTATAGGTTTAGTACAATTTATATTATCAATGATATCAAGTTATTGTATGGATGTAATTACATCAAAAATATTAAAAACTTTAAAGCTTGAATATTTAAGAAGTGTTTTTTATCAAGATGGACAATTTC","Pf3D7_05_v3-958079-958350-1B.1","186+8N",185,1,1
"IM-23-122-GBHJ","8039832081","Maziba","Pf3D7_07_v3-475313-475545-1A","AGCTTTATTATCTACAAAAAATCCACGTGGATATATGAAACAAATGAAATTGTATTTTATATTCCAAATTAAAGAAATTGCATTAAGAAAACATGGCTCTTTACTTACAGTCAAAAATTTATATAATAATAAACTTTTAAATATAAATTCATCATCTTCTACAAATA","Pf3D7_07_v3-475313-475545-1A.1","15+8N",118,0.141997593261131,2
"IM-23-122-GBHJ","8039832081","Maziba","Pf3D7_14_v3-2004362-2004606-1A","TATTTCCATATTATTGTAATAGGGCTTTTTCTTGCTCTTCTAATTTTTGTATATCTTGCTTATCCTTATCTAATTGTCCAAGAGCATTTAATTCATCTTCTACATTTATTTTATTTTCTTGAGAATATTCTTCAATTTTGTCTTCGAAACTGTTATATAATCTATTTATAATTGGTTG","Pf3D7_14_v3-2004362-2004606-1A.1",".",277,0.760989010989011,3
"IM-23-122-GBHJ","8039832081","Maziba","Pf3D7_06_v3-1128558-1128797-1A","ATTGAATCGTTGGTGTTTATTTTATTATTCCTCTTTTGTTTTTCAATGAATACAAATGTTTCATCGACACTATCTTTATGATCTATTGGTATGGCATGATTTTCTAAATTGCTATTTCTTTCATTAGAATTGTATTTTTCACTATTATAGGTTGAGATTTTACTACATTTTATATTTTT","Pf3D7_06_v3-1128558-1128797-1A.2","157A",35,0.0531914893617021,2
"IM-23-122-GBHJ","8039832081","Maziba","Pf3D7_08_v3-1370603-1370853-1B","AAAAGTAATTAAAAAAAAAAAAAATGAAAATAAAAAAAAACATTACATATTTTTTTATGTATAAAATATTTTAAAGCACTGAGATTATTTATGTTATAAATTAATTGAATGTTTAAAAGATTATAAAATTTTATTTATGAAAATATATGAATATATATAATATAAGCAGGTATTAAATAACCAAATAATAT","Pf3D7_08_v3-1370603-1370853-1B.2","10+32N49+9N",165,1,1
"IM-23-122-GBHJ","8039832081","Maziba","Pf3D7_13_v3-1419363-1419626-1A","TTTTGAAATCTGTATATTCTTTACCATATTTATCGATATTTATTTTGTTCTTTTTGTTTGAAATATCAACTACATGATTAAAAACATCTCCTAAATTATATAATTTCTTATCTAGGTCTTTTTGAAATGTCGATTCTCCTCCTTGTGCTGGTTTTTGTACTTCTTGTCCTTGTGTTGATATCTCTTGTTCATTTTTAGATTGAG","Pf3D7_13_v3-1419363-1419626-1A.15","16+8N31T37T",38,0.191919191919192,2
"IM-23-122-GBHJ","8039832081","Maziba","Pf3D7_12_v3-857050-857323-1A","ATATAATTTTAAGATGTCCTATCAAGACGTTCAGGAAAAAAAAAATGAAGATATAAATTATGATGAAATAGCTAGCAGCATGCTAGAGAAGATGGACAAACATATAAATGGAGAAAAACAACCAACGATACATTATGAAAATTTAAATGTACAAGAGCAAGGGGGATCACATGCTTATTACTCAAATCAAGATATAAATAACATAAATA","Pf3D7_12_v3-857050-857323-1A.4","35+12N162G167T",227,0.646723646723647,3
"IM-23-122-GBHJ","8039832081","Maziba","Pf3D7_06_v3-1192628-1192867-1A","GATTATATATTTCTATATTTTAATAAGAATGCGTTACACAAACATGATGCCTCTAATGAAATGTGTTTTGTGAAAAACGAAGATTCTACACGCACAAAAGGACATATGAATGATGAACAAAATGATTTATATAAAATAAATAATAATACAACATATTTTTTTAACAAAAACCACT","Pf3D7_06_v3-1192628-1192867-1A.1","30T155+9N",312,0.341356673960613,2
"IM-23-122-GBHJ","8039832081","Maziba","Pf3D7_01_v3-145388-145662-1A","GATATGTTTAAATATATGATTCTCGAAAAAACTTTTTTTATTTTTTTTGTCAATAGATAAATGATCAATATTTTCTATATTTAATCTATCAAGAATTTTTATATATCTATTATTTCTTTCTTCGATGGATAAATTATATGAATCAATATCCTTTCTTTCATCAACAAACTTTTTTATTGTTAACTCCATTTTTTTATTTAAGATACCA","Pf3D7_01_v3-145388-145662-1A.3","25+25N94A139T169+8N188+9N",34,0.185792349726776,4
"IM-23-122-GBHJ","8039832081","Maziba","Pf3D7_14_v3-771407-771633-1A","ACCCACGGGACATTTTAATTTATACCTATTGGAACATTTTTTATTAGGTCTTTCTTTATGATTCTTCTTTAAAATAGGTTCATCATTATTTGAGTAAACTAACAGATCATTATCGTTCTGAAAATTATTATAACCATCAATATTTTTATTTCCATATACATCTATAA","Pf3D7_14_v3-771407-771633-1A.9","36+8N108C120G",298,0.21240199572345,4
"IM-23-122-GBHJ","8039832081","Maziba","Pf3D7_14_v3-2858894-2859160-1A","ATAGATTTTAATGACATAAAAAACACAACAAATGAGTATAATAATTTTGAGGAACATAATTATCAAGATGATAAATTTATATTTAATAAAGATATACATAATATTCTTTTAGAATTAAAGGAATCATTAAATGACATATCACGTGGAAGACTAAATACATTGATAAGAGATAATAAAATAAGTAGTTGTATAATATATCA","Pf3D7_14_v3-2858894-2859160-1A.1","15C17+8N28A",119,0.244855967078189,2
"IM-23-122-GBHJ","8039832081","Maziba","Pf3D7_05_v3-796518-796759-1A","TGGTTCTTCAATTGTTCATATAAGTTCTTTATTAGTAGGTGTATATTTATGTAGTAGTAGTGCAAATGCATTTAATCAAATTATTGAAAGAAATATAGATAAGTTAATGAAAAGAACCCAAAAAAGACCCTTAGCAAATAATAATCCAAATATGTCAGTTAAACATGCTGAAATAT","Pf3D7_05_v3-796518-796759-1A.4","119+8N",94,0.126005361930295,4
"IM-23-122-GBHJ","8039832081","Maziba","Pf3D7_06_v3-416462-416720-1A","AAGAGAAAATGGACATTGTGGAGAATATAAAAAATAGAGGAAAGGAAAAAACAGAATTAACATATAAAGAAGTATATAAAACACAACAGAATCAAAATGATGCAAGTTTAAATTCATTTTGGGGTGATGAAAAAAAAAATAATAATTATGATATAGATATAGTAAAAGAGAAATATAGTGAGTTAATGAAAAAAAAAGAA","Pf3D7_06_v3-416462-416720-1A.2","3+8N28+8N45+8N129+12N188+11N",480,0.794701986754967,2
"IM-23-122-GBHJ","8039832081","Maziba","Pf3D7_14_v3-279563-279833-1A","CATTTTTCTTTTAAATGAGAGCAATATATTTCTTAGGTTTATTCCGGATAAATGTTTAGTTATTAGCCAGGTGAGTAATAGTGATTCATATAAGGTAAATTGTATTAATTTCTCTGAAGGATTTTGTTGCTGTCATCCAATAAATAATTTAGCACTATTATATGGAGAGTATCAACAAAATCAAGAATCAAAAATTATGAAATTACCG","Pf3D7_14_v3-279563-279833-1A.1",".",394,1,1
"IM-23-122-GBHJ","8039832081","Maziba","Pf3D7_06_v3-532166-532407-1A","AGAACAATTGCTAAACACCAAATTGGGTGAAACAAAAAACCACCTGAACAGAACCCCATTTATACCTGAATCGGTCATACGAGAAAGGAAATTACGCCAAGAAAAAGCGCAATCCACAAACAACATGTTCGATTCAACAAACGCAGATAGTATTACTTCCCCATGTGATCCAACGAATGCCACG","Pf3D7_06_v3-532166-532407-1A.1","33+8N109G157T",315,0.191722458916616,5
"IM-23-122-GBHJ","8039832081","Maziba","Pf3D7_06_v3-532166-532407-1A","AGAACAATTGCTAAACACCAAATTGGGTGAAACAAAAAACCACCTGAACAGAACCCCATTTATACCTGAATCGGTCATACGAGAAAGGAAATTACGCCAAGAAAAAGCTCAATCCACAAACAACATGTTCGATTCAACAAACGCAGATAGTATTACTTCCCCATGTGATCCAACGAATGCCACG","Pf3D7_06_v3-532166-532407-1A.5","33+8N157T",204,0.124163116250761,5
"IM-23-122-GBHJ","8039832081","Maziba","Pf3D7_06_v3-532166-532407-1A","AGAACAATTGTTAAACACCAAATTGGGTGAAACAAAAAACCACCTGAACAGAACCCCATTTATACCTGAATCGGTCATACGAGAAAGGAAATTACGCCAAGAAAAAGCTCAATCCACAAACAACATGTTCGATTCAACAAACGCAGATAGTATTACTTCCCCATGTGATCCAACGAATGCCACG","Pf3D7_06_v3-532166-532407-1A.6","11T33+8N157T",9,0.00547778454047474,5
"IM-23-122-GBHJ","8039832081","Maziba","Pf3D7_06_v3-851492-851765-1A","ACAATAGTACATTCTGCATTTACATCACAACCTCCATTATTTTTTGAACAGTTCATATCTTTCATAGGTATACATTTAAAATAATTTACACTCATATCAACTATATAATTAGGTCGGCATCTACATTGTTCTTTATCTTTTTCGACAATATAACAACGTGAATTGGGTCCACATTTGGAATATTCACAAATATTATTTACTTTAAATATAACAAAATTTTTCA","Pf3D7_06_v3-851492-851765-1A.2","39+8N194T220T",445,0.65345080763583,4
"IM-23-122-GBHJ","8039832081","Maziba","Pf3D7_08_v3-1370814-1371045-2","TGTTGCAATATATTACTAAAAAATAGAATTATTATGTTATTTTGATCATATGGGAATACATTTAAATATTTATATTCTGATGAATATTCTTATAAAAAAAAAAGGGGGGGGGGAAATAATACGTTCATGATTTATTTATATTTCAATATATTTTCTATTTTGCGA","Pf3D7_08_v3-1370814-1371045-2.2","17+8N93+21N",271,1,1
"IM-23-122-GBHJ","8039832081","Maziba","Pf3D7_07_v3-1028330-1028603-1A","TAAAGAATATTTTTATTTCTAATATTATGGCTAAAAGGAAAATTATTTAATTTCATTTTTTGTGGGTTACTTGTATCATTACAACTCATCATCATGACCATATTATTATTATTATTATTGTTGTTGTTGTTGTGGTGGTGGTTCATTACCAATAAATTTGTGTTATTATGTTCATCCTTTTTTATATTAACAATTTCATTTCTATAA","Pf3D7_07_v3-1028330-1028603-1A.4","55+8N101+36N177+8N202C",17,0.064638783269962,2
"IM-23-122-GBHJ","8039832081","Maziba","Pf3D7_14_v3-3124416-3124655-1A","TAATTGATCTTCTAGAGGAATTAGATATTTTGTCTATATCGAATAAAGATGAAGTAGAAAAACGAAGAAAGGAAACAACTCAAGAGACGCGGTTGTTAGGAAATATTGATTTAGGATATGGAAAATTAGGAGAGGGAATAAAGTATGAAAATTTACAGGAAGAATTAGGAAACAGATTATTTG","Pf3D7_14_v3-3124416-3124655-1A.21","144T",195,0.244974874371859,4
"IM-23-122-GBHJ","8039832081","Maziba","Pf3D7_14_v3-3125801-3126073-1A","ATTCTTATAATATTTAAGAATGAAGGGATTAAATATTTACATTTTAGCGACGATACTCTGAAATATGTTAATTTTAATTATCCTGATTTTAACTTATATAAATGTATGAATTTATATAAGAAAAATTATGTTGATAGGGATGAGAAAGATATCTGTGATTTTTCAAATGAAGATTTTCCGTTAATAAAAGAAAATAACAAGAGAATCAG","Pf3D7_14_v3-3125801-3126073-1A.1","51C",21,0.08300395256917,4
"IM-23-122-GBHJ","8039832081","Maziba","Pf3D7_01_v3-145388-145662-1A","GATATGTTTAAATATATGATTCTCGAAAAAACTTTTTTTATTTTTTTTGTCAATAGATAAATGATCAATATTTTCTATATTTAATCTATCAAGTATTTTTATATATCTATTATTTCTTTCTTCGATGGATAAATTATAAGAATCAATATCCTTTCTTTCATCAACAAACTTTTTTATTGTTAACTCCATTTTTTTATTTAAGATACCA","Pf3D7_01_v3-145388-145662-1A.1","25+25N169+8N188+9N",12,0.0655737704918033,4
"IM-23-122-GBHJ","8039832081","Maziba","Pf3D7_10_v3-1386657-1386909-1A","CGATTTTGGTAGAGAACAGGTTAAATATATTGAAGACGTGGTTTGATAATCAGGTATTTCTTTAATTAAATATTCATGATATTGTTCGTTAGATACATAAATTAATTCATCCTCCACATTTTGCTGTTCTGTTATAATTTGTGAAGAAGCTTGGTTTGTTTTATTTGGTAATTGCTCTTTTATGA","Pf3D7_10_v3-1386657-1386909-1A.2","13A109A160T",94,0.105381165919283,4
"IM-23-122-GBHJ","8039832081","Maziba","Pf3D7_07_v3-1028330-1028603-1A","TAAAGAATATTTTTATTTCTAATATTATGGCTAAAAGGAAAATTATTTAATTTCATTTTTTGTGGGTTACTTGTATCATTACAACTCATCATCATGACCATATTATTATTATTATTATTGTTGTTGTTGTTGTTGTTGTTGTGGTGGTTCATTACCAATAAATTTGTGTTATTATGTTCATCCTTTTTTATATTAACAATTTCATTTCTATAA","Pf3D7_07_v3-1028330-1028603-1A.11","55+8N101+36N177+8N202C",246,0.935361216730038,2
"IM-23-122-GBHJ","8039832081","Maziba","Pf3D7_02_v3-503040-503288-1A","ATTATGATTAATAATAATATTTCTCATAATTTCGTTAAATACATCTAAACTATTTATAGAACCATCTATATCATCTTCATTCCTATTTTGGTGAACTGATTCGGTGTTTATAACATCTAAGGTGTCTTTTTCTTCTCCTCTGTAACTTTTTATAATTTTTTGATAAATGTTGTTATAAGAATTATCA","Pf3D7_02_v3-503040-503288-1A.1","155+8N",749,0.736479842674533,2
"IM-23-122-GBHJ","8039832081","Maziba","Pf3D7_02_v3-628941-629172-1A","ACTTTTTTTAGATTTTTCTTGATCGTTTTCATCATTTTTTATTTCCTGTTCATCTGAGGTTTTCTTTTGTAAACGCTTAGTGCGTCCCTTTTGACCTTTTAATTTTTTTTTAAATATATTTTTAACTTGATCAATGAAGAAAGCATAATCTTGTATGACAGAAAATCT","Pf3D7_02_v3-628941-629172-1A.4","2+9N34+8N86C102+11N",127,0.172789115646259,3
"IM-23-122-GBHJ","8039832081","Maziba","Pf3D7_07_v3-105172-105442-1A","GACTACTAACAGAGTGACTACCTACGCTATGTTGAGATGAATTCCTTCCATCTGAATTACTTCCAGATAGGTGATTTTCTGTACTTCCATCTGAATTGTTTTTATATAATTGACTTTCCTTTTGTCCATCTAAATTATGCACTGCACTATGAGTTCCTTCACCCAAATTATTACTGTTTGTTGTATCATCATTTAAATCAAATCCATTTCTT","Pf3D7_07_v3-105172-105442-1A.1",".",272,0.770538243626062,3
"IM-23-122-GBHJ","8039832081","Maziba","Pf3D7_14_v3-377765-378020-1A","AAAGATATATCAACTGAAAAGATTTTATCAAATAATTGCTTTAATAATAAGTTAAAAAATTGATTTCCAATATCTATCATATTCATATAATCTAATGATTTAAAAATATATAATATACTCTTTGGACTAAATTTTAATTCATCATTTATTATTTTCTCTTTTACTATTGCTTTAATTTGATTAAAATATATAA","Pf3D7_14_v3-377765-378020-1A.2","21G53+8N71T",3,0.00993377483443709,4
"IM-23-122-GBHJ","8039832081","Maziba","Pf3D7_11_v3-1374917-1375148-1A","TTTTTAAATGAAAATCTCCAAAGCTTCTGGTTGGTTGTAATCTACCTTTAACATAACAATTATCATAATGATGTGATAAGAGATGAAAAGGTGTTTTACATAATTCATATGTATTATTATTATTAACAGTTTTATAATCTCGAGTACATATTTTACATACTAATATA","Pf3D7_11_v3-1374917-1375148-1A.1","112+14N",311,0.367178276269185,2
"IM-23-122-GBHJ","8039832081","Maziba","Pf3D7_02_v3-628941-629172-1A","ACTTTTTTTAGATTTTTCTTGATCGTTTTCATCATTTTTTATTTCCTGTTCATCTGAGGTTTTCTTTTGTAAACGCTTAGTGCGTTCCTTTTGACCTTTTAATTTTTTTTTAAATATATTTTTAACTTGATCAATGAAGAAAGCATAATCTTGTATGACAGAAAATCT","Pf3D7_02_v3-628941-629172-1A.3","2+9N34+8N102+11N",95,0.129251700680272,3
"IM-23-122-GBHJ","8039832081","Maziba","Pf3D7_10_v3-1392371-1392620-1A","TGATGAAAATGATGATTCCCTTATTTCTAATTCTTTAGTACCCGAAACAAGTTACAATCAAGATTACTCTTTATACACTATTAATATTTTGAATGGACTTCCTGATAAAAAAAGTAATATGAAAAATATTGATTTAGAAAAATTTAAAGATACTTCAATACATACAAAGGAAGAGGGACCCATTGTA","Pf3D7_10_v3-1392371-1392620-1A.1","106+9N",61,0.115749525616698,2
"IM-23-122-GBHJ","8039832081","Maziba","Pf3D7_08_v3-1176313-1176549-1A","TACATCCAATGAATATTTTACACTTAAAAGAAATAAACAAATTATTCATAATAAAATACATATACTCTCTATGCAAAAAAATAAACAAAATACAAACGAGCTAAACAAATCATGTAATATTAACGCCATCATATTTAATATTAATTCTGATGATTTTGAGGTAGGCGATGAAATTGT","Pf3D7_08_v3-1176313-1176549-1A.4","67C74+9N",1040,0.888129803586678,3
"IM-23-122-GBHJ","8039832081","Maziba","Pf3D7_08_v3-585993-586266-1A","TGTAAATATAAATCATACGTATGACATGTATCATCATTTAATGCATTCTTAATTGTTAATGCTAATCTACTTACAATAATATAAGCAAAGTTTATATGAGAATGAATACCTTCTTTTCCTAAAAAGTTATAAAGACTAACAAATGGAGCATATATTATAAATTTATCATACTTTTTTTTGTGCATAACTTCATTTAATAAAATATTT","Pf3D7_08_v3-585993-586266-1A.2","29T171+10N",1,0.00126103404791929,3
"IM-23-122-GBHJ","8039832081","Maziba","Pf3D7_08_v3-1176313-1176549-1A","TACATCCAATGAATATTTTACACTTAAAAGAAATAAACAAATTATTCATAATAAAATACATATACTCTCTATGCAAAAAAATAAACAAAATACAAACGAGCTAAACAAATTATGTAATATTAACGCCATCATATTCAATATTAATTCTGATGATTTTGAGGTAGGCGATGAAATTGT","Pf3D7_08_v3-1176313-1176549-1A.5","67C74+9N111T136C",8,0.00683176771989752,3
"IM-23-122-GBHJ","8039832081","Maziba","Pf3D7_14_v3-3125801-3126073-1A","ATTCTTATAATATTTAAGAATGAAGGGATTAAATATTTACATTTTAGCGAGGATACTCTGAAATATGTTAATTTTAATTATCCTGATTTTAACTTATATAAATGTATGAATTTATATAAGAAAAATTATGTTGATAGGGATGAGAAAGATATCTGTGATTTTTCAAATGAAGATATTCCGTTAATAAAAGAAAATAACAAGAGAATCAG","Pf3D7_14_v3-3125801-3126073-1A.3","175A",5,0.0197628458498024,4
"IM-23-122-GBHJ","8039832081","Maziba","Pf3D7_13_v3-1465616-1465890-1A","TCTTGTGGATTATTATCTATTATATTTTCTTCTGGTTTTTGGACAGCAAAATTATCTCCTCTTGGTCTAGGTTGATCATCTTCGGGTTCATCTGGAACATCTAATGGTTCCCGTTTTGGAGGACATCCTTCTTCTTCACATTGTTCTTGTATTTCACTTGTACATCCTTCGTGTAAGATTTCTCTTTTTCTTGACCTGGTACCTTTACCACAAGTTACACTACATGGAGA","Pf3D7_13_v3-1465616-1465890-1A.71","30T32C41G121G128C152T",96,0.144360902255639,5
"IM-23-122-GBHJ","8039832081","Maziba","Pf3D7_13_v3-1465616-1465890-1A","TCTTGTGGATTATTATCTATTATATTTTCTTTTGGTTCTTCGACAGCAAAATTATCTCCTCTTGGTCTAGGTTGATCATCTTCGGGTTCATCTGGAACATCTAATGGTTCCCGTTTTGGAGGACATCTTTCTTCTTCACATTGTTCTTGTAATTCACTTGTACATCCTTCGTGTAAGATTTCTCTTTTTCTTGACCTGGTACCTTTACCACAAGTTACACTACATGGAGA","Pf3D7_13_v3-1465616-1465890-1A.35","30T38C121G",427,0.642105263157895,5
"IM-23-122-GBHJ","8039832081","Maziba","Pf3D7_02_v3-630641-630907-1A","CTAAGTTATCTAAAATTATTAATTTTTTCAAATATGGTAATTCATGTCTATGAAGTAATAAGCCATCAACTAAATCTAAATCTAAACATAACCATTCTAATTTCGTTTCATTTAATATGTTTACAATTACATCTATACTAAATTTAGAATGTAAAATCAAGGTTGTTACACCACTCATCATAGCTGCCATATCAACAAT","Pf3D7_02_v3-630641-630907-1A.2","22+8N143T",84,0.151079136690647,4
"IM-23-122-GBHJ","8039832081","Maziba","Pf3D7_10_v3-992331-992603-1A","TCATTATATTTTTAAAAAAAAAAATTATGATATAAAATCTTCAATTAATAAAAGATCTATCCAGTTCTTTAAAGACACTAATATAGATCATTATATAGCATATGAATATTATAAGGAGGACCGTACGGAATTTATATTAACTATTATGAATGAAAAAAATATTACTCATCAAGAAACTCAAAGTCTTGAAATGAAAAAGTTGAAAG","Pf3D7_10_v3-992331-992603-1A.2","13+13N152+9N",403,0.939393939393939,2
"IM-23-122-GBHJ","8039832081","Maziba","Pf3D7_10_v3-992596-992869-1A","GAAAATAATAAAATGCACAGTATCAATTCTGATAGAAATAAAAATGATTATATTCCATCTTCCTATTTACATACAATATATAAAACATTTAGCGAACATATAAACCGAGATAATGGAAATATTTATGATGATGAAAAAAAAAATTTATATGATGGAACTGTTTTTTATATAGAAACATTAAACGAATTAAGAATTATAAATATATTATTTTCA","Pf3D7_10_v3-992596-992869-1A.1","133+12N160+8N",106,1,1
"IM-23-122-GBHJ","8039832081","Maziba","Pf3D7_12_v3-684011-684240-1A","ACCTAATGTTGGTAAGTCTACCATTTTTAATCGACTAACTCGAAAATATCAAGATGGTAGTATTGTTTTAGATGATAGTAGTACGAGAGATAAACTTTATGGAGAAGTTGAGTGGGAAGGATATAAATTTGAACTTGTGGATACAGGAGGTTTAGTTTTTGA","Pf3D7_12_v3-684011-684240-1A.6","75A",4,0.00479041916167665,4
"IM-23-122-GBHJ","8039832081","Maziba","Pf3D7_11_v3-1006693-1006917-1A","GTGGGGGAGAGAATTTTACCTTGATATGCTCCCATGTTTTATCCTTTATACAATACATATAAGTGTCATTGGTAATATATGACCCTCTTTTACCTCCGTAAAGAAATAAACAATCTTCTTTTTTTTCAGTGGAGTAAATTAAATTTAATTTTGCAAAATAGCGTGG","Pf3D7_11_v3-1006693-1006917-1A.1","118+10N",1089,0.981081081081081,2
"IM-23-122-GBHJ","8039832081","Maziba","Pf3D7_01_v3-194742-194973-1B","TACCTATAAAAATGAAAAAAATAAAGAAGAAGATAAATATGGAAAAAATGAAAAAAACGAAAAATATGACAAATATGAAAAATATGAAAAATATGATAAATACAAAAAAGATAATAAAAATCAACATGATGATCCACTTTATGATAATATTAATAAAAATTACGATAA","Pf3D7_01_v3-194742-194973-1B.4","14+9N42+17N79D=CAAATATGA112+8N",705,0.886792452830189,2
"IM-23-122-GBHJ","8039832081","Maziba","Pf3D7_07_v3-475313-475545-1A","AGCTTTATTATCTACAAAAAATCCACGTGGATATATGAAACAAATGAAATTGTATTTTATATTCCAAATTAAAGAAATTGCATTAAGAAAACATGGCTCTTTACTTACAGTCAAAAATTTATATGATAATAAACTTTTAAATATAAATTCATCATCTTCTACAAATA","Pf3D7_07_v3-475313-475545-1A.2","15+8N125G",713,0.858002406738869,2
"IM-23-122-GBHJ","8039832081","Maziba","Pf3D7_07_v3-627351-627625-1A","TCACTAAGATAATTATTATTACCATTTTCAGCATAATAAAACTTCTGATGTTTTATAAGAGGAGTTTGGTTAGAAGCAAAATTATCAGCAGTTGTCGAATAATTATTATGTTCTTGATAAAAGAGATTATTCATATAGTTATTATTATTTTTCATATCATCCATAGTATTATTGTTAATATAAAATTCCTCATATGAATTATATATATA","Pf3D7_07_v3-627351-627625-1A.5","23C42C",228,0.664723032069971,3
"IM-23-122-GBHJ","8039832081","Maziba","Pf3D7_01_v3-194742-194973-1B","TACCTATAAAAATGAAAAAAATAAAGAAGAAGATAAATATGGAAAAAATGAAAAAAACGAAAAATATGACAAATATGACAAATATGACAAATATGAAAAATATGAAAAATATGAAAAATATGATAAATACAAAAAAGATAATAAAAATCAACATGATGATCCACTTTATGATAATATTAATAAAAATTACGATAA","Pf3D7_01_v3-194742-194973-1B.31","14+9N42+17N88I=CAAATATGAAAAATATGA112+8N",90,0.113207547169811,2
"IM-23-122-GBHJ","8039832081","Maziba","Pf3D7_09_v3-270915-271160-1A","CTTTGTATGTATTATCTGTTGTTTTATCTTCACCTTGATTTCCTGTACTTGTAGATTCAGTAGATGGACCTTCAGAACCTGCTAATTCATCACTAGTAGATGCAGCACTTGTACTTTTAGATTGTTCTTTTAATGGTCCCATATATTTGTATAATTCTATTTCTAAATCTTGATCCTTGGTTTTTTCTTCTAA","Pf3D7_09_v3-270915-271160-1A.1","82C85A180+8N",833,1,1
"IM-23-122-GBHJ","8039832081","Maziba","Pf3D7_13_v3-1465616-1465890-1A","TCTTGTGGATTATTATCTATTATATTTTCTTCTGGTTTTTGGACAGAAGAATTATCTCCTCTTGGTCTAGGTTGATCATCTTCGGGTTCATCTGGAACATCTAATGGTTCCCATTTTGGAGGACATCTTTCTTCTTCACATTGTTCTTGTATTTCACTTGTACATCCTTCGTGTAAGATTTCTCTTTTTCTTGACCTGGTACCTTTACCACAAGTTACACTACATGGAGA","Pf3D7_13_v3-1465616-1465890-1A.8","30T32C41G47A49G113A121G152T",54,0.081203007518797,5
"IM-23-122-GBHJ","8039832081","Maziba","Pf3D7_06_v3-176108-176338-1A","ATTATTATTATTATTATTATGATGATGATGATGATGATCTGTGTTAAGATCATCTTCTATACCATTAGTTAAACATTTTATATTTTTATTCATATAAACATTAATCTTCACAACAGATTTATCAGATCTAGAAAATCTTGTACCTGTTGCTTTATGTAACAATAT","Pf3D7_06_v3-176108-176338-1A.1","1+38N",643,0.992283950617284,2
"IM-23-122-GBHJ","8039832081","Maziba","Pf3D7_06_v3-145285-145531-1A","TCAACAAAAGCTGATGAATCATCATAATTTGAATAAAATTTATCATTCACAATATTATATTTTTGTTTCTTCTTTTTTCCCATAATATTATTATTTTGTTCACAATATATGTTCATGTGTCCCCTCTTTTTCTGTAAAATATTAAAATGTTTCTTAGTATGCTTCTCTTCATTTTTAATAACA","Pf3D7_06_v3-145285-145531-1A.2","72+8N157G",248,0.186046511627907,3
"IM-23-122-GBHJ","8039832081","Maziba","Pf3D7_06_v3-416462-416720-1A","AAGAAAAAATGGACATTGTGGAGAATATAAAAAATAGAGGAAAGGAAAAAACAGAATTAACATATAAAGAAGTATATAAAACACAACAGAATCAAAATGATGCAAGTTTAAATTCATTTTGGGGTGATGAAAAAAAAAATAATAATTATGATATAGATATAGTAAAAGAGAAATATAGTGAGTTAATGAAAAAAAAAGAA","Pf3D7_06_v3-416462-416720-1A.1","3+8N28+8N45+8N129+12N188+11N",124,0.205298013245033,2
"IM-23-122-GBHJ","8039832081","Maziba","Pf3D7_14_v3-293575-293829-1B","TTTTGTAGTGTAATGTGTGGTTTATTTTATTATGTGTATGAAAATGTATGGCTTCAAAGAGATAATGAAATGAATGAAATTTTAAAAAATTCCGAACATTTAACTATTGGATTTAAAGTTGAAAATGCACATGATAGAATTTTGAAAACTATAAAAACACATAAATTAAAAAATTACATTAAAGAAT","Pf3D7_14_v3-293575-293829-1B.1","83+8N167+8N",341,1,1
"IM-23-122-GBHJ","8039832081","Maziba","Pf3D7_06_v3-1282656-1282930-1A","AAAATATGGAAGAAATATGATAAAGAAAACAATAAATATATATTGTCTCATTTTATTCCTCAATTTATTGAAGACTTAAATTTGAAGGATGAATTCCGAAATTTATTTGATGGATTTGTAAATGATTTGGATATTCTATTATATTCAGAATTTAAAGCATTTTATTTACAAATGAAGCAAAAAGATATAAATGAACTGAAAAATTCTGA","Pf3D7_06_v3-1282656-1282930-1A.1","3A60T",233,0.681286549707602,4
"IM-23-122-GBHJ","8039832081","Maziba","Pf3D7_14_v3-294506-294753-1B","AATTTAGATGTTATCAAAGTCCCATTCTTACCTTTCTATGTAACTCTTTGTAACAACAGCAAATTACCAACTTTTGAATTTACCTCAGAAAATGGTAAATACACATTAGAACCTGAATACTACCTTCAACACATAGAAGATGTTGGTCCAGGATTATGTATGCTTAATATCATAGGATTAGATTTTCCAGT","Pf3D7_14_v3-294506-294753-1B.1",".",1036,1,1
"IM-23-122-GBHJ","8039832081","Maziba","Pf3D7_14_v3-297583-297856-1B","AGGAGGTTTTTCTTATTATATTTTTGAAAATTTCGTTTTTCAAAAGAACCGTAAAATTAATCACATAATTAAGACTTCAAAATATTCGACAGTAGGATTTAATATTGAAAATTCTTATGATAGACTTATGAAAACAATTAAAGAGCATAAATTAAAAAATTATATAAAAGAATCAGTAAAACTTTTTAATAAAGGTTTAACCAAAAA","Pf3D7_14_v3-297583-297856-1B.1","153+8N",294,1,1
"IM-23-122-GBHJ","8039832081","Maziba","Pf3D7_14_v3-298368-298636-1B","ACGATTTAATGTGGCAAGTTGATTTAGATGTACATTTTGGTAATGTATCTTCCAAAAAAGCAAACGTTATTTTAGATAGTGCCACCAGTGTCATAACTGTACCAACAGAATTTTTTAATCAATTCGTAGAATCTGCAAGTGTTTTCAAAGTTCCATTCTTATCTTTGTATGTAACCACTTGTGGTAACACGAAATTACCAA","Pf3D7_14_v3-298368-298636-1B.1","53+8N110+8N",365,1,1
"IM-23-122-GBHJ","8039832081","Maziba","Pf3D7_14_v3-3124416-3124655-1A","TAATTGATCTTCTAGAGGAATTAGATATTTTGTCTATATCGAATAAAGATGAAGTAGAAAAACAAAGAAAGGAAACAACTCAAGAGACGCGGTTGTTAGGAAATATTGATTTAGGATATGGAAAATTAGGAGAGGGAATAAAGCATGAAAATTTACAGGAAGAATTAGGAAACAGATTATTTG","Pf3D7_14_v3-3124416-3124655-1A.49","64A",7,0.00879396984924623,4
"IM-23-122-GBHJ","8039832081","Maziba","Pf3D7_06_v3-851492-851765-1A","ACAATAGTACATTGTGCATTTACATCACAACCTCCATTATTTTTTGAACAGTTCATATCTTTCATAGGTATACATTTAAAATAATTTACACTCATATCAACTATATAATTAGGTCGGCATCTACATTGTTCTTTATCTTTTTCGACAATATAACAACGTGAATTGGGTCCACATTTGGAATATTCACAAATATAATTTACTTTAAATATAACAAAATTTCTCA","Pf3D7_06_v3-851492-851765-1A.3","14G39+8N",4,0.00587371512481645,4
"IM-23-122-GBHJ","8039832081","Maziba","Pf3D7_06_v3-851492-851765-1A","ACAATAGTACATTCTGCATTTACATCACAACCTCCATTATTTTTTGAACAGTTCATATCTTTCATAGGTATACATTTAAAATAATTTACACTCATATCAACTATATAATTAGGTCGGCATCTACATTGTTCTTTATCTTTTTCGACAATATAACAACGTGAATTGGGTCCACATTTGGAATATTCACAAATATAATTTACTTTAAATATAACAAAATTTCTCA","Pf3D7_06_v3-851492-851765-1A.1","39+8N",199,0.292217327459618,4
"IM-23-122-GBHJ","8039832081","Maziba","Pf3D7_13_v3-1265494-1265726-1A","TGTCATATACAGATTATAAAAATGATCATAGAATAAGCGAAATCTTAAATCGTTGTATTTTACGATTAAACGAGTTTGATCTAATTCATTTATCTTCTTTGGTCATATCTTTAAGTAAAATGAATTTTAGGAGTGTGTATTTTCTGGAACAAGTACAAAAGAAATT","Pf3D7_13_v3-1265494-1265726-1A.8",".",288,0.181360201511335,5
"IM-23-122-GBHJ","8039832081","Maziba","Pf3D7_14_v3-3124416-3124655-1A","TAATTGATCTTCTAGAGGATTTAGATATTTTGTCTATATCGAATAAAGATGAAGTAGAAAAACGAAGAAAGAAAACAACTCAAGAGACGCGGTTGTTAGGAAATATTGATTTAGGATATGGAAAATTAGGAGAGGGAATAAAGTATGAAAATTTACAGGAAGAATTAGGAAACAGATTATTTG","Pf3D7_14_v3-3124416-3124655-1A.6","20T72A144T",382,0.479899497487437,4
"IM-23-122-GBHJ","8039832081","Maziba","Pf3D7_09_v3-82006-82236-1A","TTTATCATCTTTAGGCCATAACCAGAGTACAAGCAATCCAACTATAACAATTGTAATTAACATTATAAATACTGTAATACCATAAACACTACCAGAAGCGATCAGAAATGCACTAAAAGTATTACAACATTCACTTGTAATAAGAGTAGCGATAAAACTAAAAATAGC","Pf3D7_09_v3-82006-82236-1A.2","95G123T137G138T",5,0.00424448217317487,6
"IM-23-122-GBHJ","8039832081","Maziba","Pf3D7_09_v3-82006-82236-1A","TTTATCATCTTTAGGCCATAACCAGAGTACAAGCAATCCAACTATAACAATTGTAATTAACATTATAAATACTGTAATACCATAAACACTACCATAAGCGATCAGAAATGCACTAAAAGTATAACAATATTCACATGGAATAAGAGTAGCGATAAAACTAAAAATAGC","Pf3D7_09_v3-82006-82236-1A.8","95T128T135A137G",9,0.00764006791171477,6
"IM-23-122-GBHJ","8039832081","Maziba","Pf3D7_13_v3-1350855-1351093-1A","TCTTTTATATTAGTTGTTTCGTTATTTTCATTATGTTCCATATTTTGGTTATTTGTATATTTTATATTTTTTAAAAATTGGTAAATATATTCCGAGATGAAAGGTGTAAAAGGGGCCATAATTATTGTAAACAAATATAATGTTCTACATAAAACATTTAATGATTGGTGAGT","Pf3D7_13_v3-1350855-1351093-1A.1","66+8N",206,0.237054085155351,3
"IM-23-122-GBHJ","8039832081","Maziba","Pf3D7_02_v3-503040-503288-1A","ATTATGATTAATAATAATATTTCTCATAATTTCGTTAAATACATCTAAACTATTTATAGAACCATCTATATCATCTTCATTCCTATTTTGGTGAACCGATTCGGTGTTTATAACATCTAAGGTGTCTTTTTCTTCTCCTCTGTAACTTTTTATAATTTTTTGATAAATGTTGTTATAAGAATTATCA","Pf3D7_02_v3-503040-503288-1A.2","97C155+8N",268,0.263520157325467,2
"IM-23-122-GBHJ","8039832081","Maziba","Pf3D7_08_v3-102277-102527-1A","TACCTTCATCTATTGAATTAATTTTCTCAAGTAACATATTTTTGTCTTGACTACTTTCATCTGTAAATGGAACGACTACTCTTTGCTTACCTGCAAAAAGGACAACTGACATATGAGCCTTATCCTTACTTACATTCGAATTAAAGACCATAGATTCTAAAAATGGTATAGTTCCTTTTAACCAATAATC","Pf3D7_08_v3-102277-102527-1A.4",".",157,0.163032191069574,4
"IM-23-122-GBHJ","8039832081","Maziba","Pf3D7_10_v3-1386657-1386909-1A","CGATTTTGGTAGGGAACAGGTTAAATATATTGAAGACGTGGTTTGATAATCAGGTATTTCTTTAATTAAATATTCATGATATTGTTCGTTAGATACATAAATTAATTCGTCCTCCACATTTTGCTGTTCTGTTATAATTTGTGAAGAAGCTTGGTTTGTCTTATTTGGTAATTGCTCTTTTATGA","Pf3D7_10_v3-1386657-1386909-1A.1",".",788,0.883408071748879,4
"IM-23-122-GBHJ","8039832081","Maziba","Pf3D7_07_v3-1043981-1044225-1A","ATAATGATATGTTATTTCATCATCAGCATCGACTTCTTTTTTATTATGTTCAAACAAATTCTTATATTTTATATTATTGCATTTTTGTCTTTCCATATTTATAAAAGATTCTATTTTCTTTTTATAATCATTCCTTTTTATATAATTACACATTCCTTCATTTTGGTTGTCATAACTCTTCT","Pf3D7_07_v3-1043981-1044225-1A.1","36+8N",853,0.983852364475202,2
"IM-23-122-GBHJ","8039832081","Maziba","Pf3D7_08_v3-1056678-1056903-1A","GTGTTAACGATAATTATAATGCAATAAGCACAACTAATTTTTCAGATGACATGGATGAATTGATAAAGAATCTTTCTATTATGGGTTTGTGTAAAGAGAAAATAGTGTTAACAGAAAAGGCAACACTATTTAATAACATTGAATTGTTGTATTCATATTATCTTATAGTTCAGA","Pf3D7_08_v3-1056678-1056903-1A.1",".",1861,1,1
"IM-23-122-GBHJ","8039832081","Maziba","Pf3D7_11_v3-1374917-1375148-1A","TTTTTAAATGAAAATCTCCAAAGCTTCTGGTTGGTTGTAATCTACCTTTAACATAACAATTATCATAATGATGTGATAAGAGATGAAAAGGTGTTTTACATAATTCATATTTATTATTATTATTAACAGTTTTATAATCTCGAGTACATATTTTACATACTAATATA","Pf3D7_11_v3-1374917-1375148-1A.2","111T112+14N",536,0.632821723730815,2
"IM-23-122-GBHJ","8039832081","Maziba","Pf3D7_10_v3-1386657-1386909-1A","CGATTTTGGTAGGGAACAGGTTAAATATATTGAAGACGTGGTTTGATAATCAGGTATTTCTTTAATTAAATATTCATGATATTGTTCGTTAGATACATAAATTAATTCGTCCTCCACATTTTGCTGTTCTGTTATAATTTGTGAAGAAGCTTGGTTTGTTTTATTTGGTAATTGCTCTTTTATGA","Pf3D7_10_v3-1386657-1386909-1A.7","160T",1,0.00112107623318386,4
"IM-23-122-GBHJ","8039832081","Maziba","Pf3D7_08_v3-585993-586266-1A","TGTAAATATAAATCATACGTATGACATGAATCATCATTTAATGCATTCTTAATTGTTAATGCTAATCTACTTACAATAATATAAGCAAAGTTTATATGAGAATGAATACCTTCTTTTCCTAAAAAGTTATAAAGACTAACAAATGGAGCATATATTATAAATTTATCATACTTTTTTTTGTGCATAACTTCATTTAATAAAATATTT","Pf3D7_08_v3-585993-586266-1A.1","171+10N",787,0.992433795712484,3
"IM-23-122-GBHJ","8039832081","Maziba","Pf3D7_13_v3-2770621-2770854-1B","ATTCCAAGAAATATTTTTAAAAAAAAATAGTGAGTTAGATGATCACGTATGGAATATAGAAAGTATTACTACGAATATATTAGAGAGGAATAAATTAAGTGATCAAAATAATGAAGATAACCATGATGTTAATAATAATAATGAAGACCCATCTGGGGGTAATTTAAAAAC","Pf3D7_13_v3-2770621-2770854-1B.1","18+11N130+13N",377,1,1
"IM-23-122-GBHJ","8039832081","Maziba","Pf3D7_12_v3-63081-63314-1A","TTTCCGTCATAATAGTTGCATACATTCTATTAAAAACTTTGGGTACTCCTAATATAATTTCACCTTTTGAATTACATATGTCTGTATTCAAAAATTTTATATCTCTACTCCATATATTTATCTTTACACCCAAAAACAAAGCAATGAAAAAAATAACCCTTTCATA","Pf3D7_12_v3-63081-63314-1A.5","146+9N",117,0.14735516372796,4
"IM-23-122-GBHJ","8039832081","Maziba","Pf3D7_05_v3-641131-641404-1A","GGAATTTTTTTTTTGGTGTTTTATTTTTTCGAAGGATACAGTATAATCTAAGACATTAAAATTATTGGGTTTGAAAAAGAGTTTCCTTTTTATGATGTGCAATAGAGGTATATTTATATAGGAAATATAAACATATAAAAGGAATATGATAAAAAGGAAATATTGACTTAATAAAATATTAATATTTCTTTTTTTCAAATATATTTCGT","Pf3D7_05_v3-641131-641404-1A.4","4+12N23+8N42T188+9N",2,0.0127388535031847,3
"IM-23-122-GBHJ","8039832081","Maziba","Pf3D7_05_v3-668763-669004-1A","TAATATTATCTGGCTCTGTAACCATGTCCGAACATATGTTAACAGGAGAATCTGTTCCTATACATAAAGAGCAGTTACCTTTTGAAGGAAATGCTATTATAAATAAAAATAATAAATATGAGAGTAACGATGAAAAGGATGATTACCTTCGTATTTATAATAATCATGCTAGTATTAATATGATCAAGCG","Pf3D7_05_v3-668763-669004-1A.7",".",107,0.131288343558282,3
"IM-23-122-GBHJ","8039832081","Maziba","Pf3D7_05_v3-668763-669004-1A","TAATATTATCTGGCTCTGTAACCATGTCCGAACATATGTTAACAGGAGAATCTGTTCCTATACATAAAGAGCGGTTACCTTTTGAAGGAAATGCTATTATAAATAAAAATAATAAATATGACAGTAACGATGAAAAGGATGATTACCTTCGTATTTATAATAATAATGCTAGTATTAATATGATCAAGCG","Pf3D7_05_v3-668763-669004-1A.8","73G122C165A",162,0.198773006134969,3
"IM-23-122-GBHJ","8039832081","Maziba","Pf3D7_01_v3-145388-145662-1A","GATATGTTTAAATATATGATTCTCGAAAAAACTTTTTTTATTTTTTTTGTCAATAGATAAATGATCAATATTTTCTATATTTAATCTATCAAGTATTTTTATATATCTATTATTTCTTTCTTCGATGGATAAATTATATGAATCAATATCCTTTCTTTCATCAACAAACTTTTTTATTGTTAACTCCATTTTTTTATTTAAGATACCA","Pf3D7_01_v3-145388-145662-1A.2","25+25N139T169+8N188+9N",135,0.737704918032787,4
"IM-23-122-GBHJ","8039832081","Maziba","Pf3D7_01_v3-162867-163115-1A","ATATACCAATAATACTTTTTTTTTTAAATAATGTAAAAAATGATTTATATAATTGTTATAAACAAATGATCACATATCATAATAATAATAATAATATGCTAAATCATAACTCTAATATTTTATCAAAAGAAAATGAAAAAAAACAACCTTTTTCAACATATAATATATCAAATCTTTGTTCTCCTGACCAAATGGTGATAAATAAAAA","Pf3D7_01_v3-162867-163115-1A.4","15+12N34+8N91I=ATAATA92G129+10N",949,0.990605427974948,2
"IM-23-122-GBHJ","8039832081","Maziba","Pf3D7_01_v3-162867-163115-1A","ATATACCAATAATACTTTTTTTTTTAAATAATGTAAAAAATGATTTATATAATTGTTATAAACAAATGATCACATATCATAATAATAATATCCTAAATCATAACTCTAATATTTTATCAAAAGAAAATGAAAAAAAACAACCTTTTTCAACATATAATATATCAAATCTTTGTTCTCCTGATCAAATGGTAATAAATAAAAA","Pf3D7_01_v3-162867-163115-1A.3","15+12N34+8N129+10N182T191A",9,0.00939457202505219,2
"IM-23-122-GBHJ","8039832081","Maziba","Pf3D7_11_v3-1006693-1006917-1A","GTGGGGGAGAGAATTTTACCTTGATACGCTCCCATGTTTTATCCTTTATACAATACACATAAGTGTCATTGGTAATATATGACCCTCTTTTACCTCCGTAAAGAAATAAACAATCTTCTTTTTTTTCAGTGGAGTAAATTAAATTTAATTTTGCAAAATAGCGTGG","Pf3D7_11_v3-1006693-1006917-1A.3","27C58C118+10N",21,0.0189189189189189,2
"IM-23-122-GBHJ","8039832081","Maziba","Pf3D7_14_v3-1992121-1992370-1A","ATTAAAACATTCCAACAATTTTATTTCCTTCTTTATAAAATTATATAAATTAATTATTTTCTTTTTATCACATTCAAAGACGGCATAAGGTGCACCCCATGAACATTTTTTACTTTTGCTACCATCAGGCATAATATAATCACCAGTACCATTTTTTTCTGATAAATTAATATTTTTTTGTATAACATCATA","Pf3D7_14_v3-1992121-1992370-1A.2","105+8N140T151+9N172+9N",2,0.00917431192660551,2
"IM-23-122-GBHJ","8039832081","Maziba","Pf3D7_01_v3-181512-181761-1A","TTCATTATTGTTTTCATTCTTTTTTTAACTAAAACTATTCATCTCAAAAATATAAGATATTTTATATGACGAATGCCATTGTATTTTTTGTTACGTAAAACCTGACTTCTTCAGGGAAAACACATGCGCATTTTCACCAATTTTTGCCTAAGCTTATTATAAAAAGTATATTAAATGTATGAC","Pf3D7_01_v3-181512-181761-1A.4","19+9N30T83+8N114G",166,0.156308851224105,3
"IM-23-122-GBHJ","8039832081","Maziba","Pf3D7_08_v3-1366626-1366856-1B","CTTTACCTCCATTTTTTTTTTTAAAATCTTGTACACAGAAGTTTACTAATTTATTATCAAAATCTTCTCCTCCTAAATGTGTATCTCCTGAGGTAGCTTTAACTTCAAAAATTCCATCTTCAAGTGTTAATAAGGAAACATCAAATGTTCCTCCTCCTAAATC","Pf3D7_08_v3-1366626-1366856-1B.1","11+13N",212,1,1
"IM-23-122-GBHJ","8039832081","Maziba","Pf3D7_08_v3-1366575-1366822-2","TTTAGCTTTTTCACATTGTGTTCTTAATCTTCTTAATGATTTTGAATTTTTGGAAACATCTTTACCTCCATTTTTTTTTTTAAAATCTTGTACACAGAAGTTTACTAATTTATTATCAAAATCTTCTCCTCCTAAATGTGTATCTCCTGAGGTAGCTTTAACTTCAAAAATTCCATCTTCAATTGTTAATAAGG","Pf3D7_08_v3-1366575-1366822-2.2","70+13N183T",5,0.00714285714285714,2
"IM-23-122-GBHJ","8039832081","Maziba","Pf3D7_07_v3-627351-627625-1A","TCACTAAGATAATTATTATTACCATTTTCAGCATAATAAAACTTCTGATGTTTTATAAGAGGAGTTTGGTTAGAAGCAAAATTATCAGCAGTTGTTGAATAATTATTATGTTCTTGATAAAAGAGATTATTCATATAGTTATTATTATTTTTCATATCATCCATAGTATTATTGTTAATATAAAATTCCTCATATGAATTATATATATA","Pf3D7_07_v3-627351-627625-1A.2","23C42C96T",31,0.0903790087463557,3
"IM-23-122-GBHJ","8039832081","Maziba","Pf3D7_14_v3-2020604-2020849-1A","CAAGAACATGAATATTTCTGTAAATACATAGACAAGTCCTCATTATGTCTTATCACAGGGTGCTCTTCTTTAATATGACAATATAATTTTATATGTTTTATTATTTCTTGATGAATTTCACATAATAAAAATAATGTGTGATTCATATGTTGACTACTCAATATAGAAAAGCCACTAACTAATTG","Pf3D7_14_v3-2020604-2020849-1A.2","65+8N158T",119,0.162790697674419,3
"IM-23-122-GBHJ","8039832081","Maziba","Pf3D7_09_v3-516735-517007-1A","ATAGAAGGATATATAAAAAATTATCAAGAATCATATAATATAAATGACCATTGTAAATTAGTTCCATTAAATTTTTATAAAGATTCTATTTCTAATGATTTAGGTACTCCATGCCCTGTGAATAGTATTACCTTAAATGTGGGCGCAAAAACTATAAATGAATGTTTGTGTAATAAAGGATATTTCTATAATGTCAAGAAACAACAATGTAA","Pf3D7_09_v3-516735-517007-1A.2","14+8N211A",288,0.822857142857143,2
"IM-23-122-GBHJ","8039832081","Maziba","Pf3D7_06_v3-176108-176338-1A","ATTATTATTATTATTATGATGATGATGATGATGATGATCTGTGTTAAGATCATCTTCTATACCATTAGTTAAACATTTTATATTTTTATTCATATAAACATTAATCTTCACAACAGATTTATCAGATCTAGAAAATCTTGTACCTGTTGCTTTATGTAACAATAT","Pf3D7_06_v3-176108-176338-1A.11","1+38N",5,0.00771604938271605,2
"IM-23-122-GBHJ","8039832081","Maziba","Pf3D7_06_v3-145285-145531-1A","TCACCAAAAGCTGATGAATCATCATAATTTGAATAAAATTTATCATTCACAATATTATATTTTTGTTTCTTCTTTTTTCCCATAATATTATTATTTTGTTCACAATATATGTTCATGTGTCCCCTCTTTTTCTGTAAAATATTAAAATGTTTCTTACTATGCTTTTCTTCATTTTTAATAACA","Pf3D7_06_v3-145285-145531-1A.20","4C72+8N165T",198,0.148537134283571,3
"IM-23-122-GBHJ","8039832081","Maziba","Pf3D7_14_v3-2858894-2859160-1A","ATAGATTTTAATGACATAAAAAACACAACAAATGAGTATAATAATTTTGAGGAACATAATTATCAAGATGATAAATTTATATTTAATAAAGATATACATAATATTCTTTTAGAATTAAAGGAATCATTAAATGACATATCACGTGGAAGACTAAATACATTGATAAGAGATAATAAAATAAGTAGTTATATAATATATCA","Pf3D7_14_v3-2858894-2859160-1A.2","15C17+8N28A188A",367,0.755144032921811,2
"IM-23-122-GBHJ","8039832081","Maziba","Pf3D7_06_v3-1282656-1282930-1A","AAGATATGGAAGAAATATGATAAAGAAAACAATAAATATATATTGTCTCATTTTATTCCCCAATTTATTGAAGACTTAAATTTGAAGGATGAATTCCGAAATTTATTTGATGGATTTGTAAATGATTTGGATATTCTATTATATTCAGAATTTAAAGCATTTTATTTACAAATGAAGCAAAAAGATATAAATGAACTGAAAAATTCTGA","Pf3D7_06_v3-1282656-1282930-1A.4",".",48,0.140350877192982,4
"IM-23-122-GBHJ","8039832081","Maziba","Pf3D7_14_v3-2695837-2696082-1A","CGTTTTGTATCATATTATTAGATATAGTTATTTTATTATTATTTTCTACATTGTTATTCAATATATTACATCCTGTTATGGAATTATTGTTAAAATATAAATTATTCGAATTGTTATTATTAAATTCTAATCCACTAACTGCTGTTGTATATAATGATGATGAGTTATTATTATAGAAATC","Pf3D7_14_v3-2695837-2696082-1A.1","28+16N",381,0.777551020408163,3
"IM-23-122-GBHJ","8039832081","Maziba","Pf3D7_13_v3-1146764-1147010-1A","AAATTTTCTCCTAAAGTTATGCCTTTGTTAATGAAGGAGAAGAACGTGAAACATAAAGCACCTCCTAAAGGTACTATAAAGCATACGCTAGAATATTTAAAAAGAGCAGGAGAATCAAGAATGAAAGAAAATGAATTATACAAATCAAAAAAAGATAGCACACTTAGTTCAATTGCAATTAGAAAAAATTCC","Pf3D7_13_v3-1146764-1147010-1A.1","64C110G146+9N182+8N",67,0.0653658536585366,3
"IM-23-122-GBHJ","8039832081","Maziba","Pf3D7_09_v3-595828-596094-1A","ATAATTTTTTCATCGTTCTTATACATTAATGATAAAGTCTTTTTGCAAAATTTTTTGAAGAGATCAGATTTGAGATAAAGACGTTTGGCTAATTTATACGAGAATTCGAGAGCATCTAATTTTATATTTAAACATTTTTTCGTATCCAATATATTATAATTTTGTTCATAAGTCTGTTCGTTTATATTATTTAATACTTTT","Pf3D7_09_v3-595828-596094-1A.3","4+8N50+8N134+8N180G",76,0.138939670932358,5
"IM-23-122-GBHJ","8039832081","Maziba","Pf3D7_09_v3-685560-685825-1A","GAACCAAACAACGACAAAGGAACAAGATAATTTTTTCCATTTTTATAAAAGTAATATATATGATATGGAAAATAGAACATGTAATAATAATATATTACAATATTGTGTTATGAATAATAAATCATATTTATTTCATAATATATCATCCAAAAAAAATATATATATAAAAAAAAAGAATCATCAGTTTTCTTTATTCATATATT","Pf3D7_09_v3-685560-685825-1A.1","30+8N79A148+10N165+11N",31,1,1
"IM-23-122-GBHJ","8039832081","Maziba","Pf3D7_09_v3-82006-82236-1A","TTTATCATCTTTAGGCCATAACCAGAGTACAAGCAATCCAACTATAACAATTGTAATTAACATTATAAATACTGTAATACCATAAACACTACCAGAAGCGATCAGAAATGCACTAAAAATATAACAACAATCACTTAGAATAAGAGTAGCGATAAAACTAAAAATAGC","Pf3D7_09_v3-82006-82236-1A.15","95G119A130A",122,0.103565365025467,6
"IM-23-122-GBHJ","8039832081","Maziba","Pf3D7_06_v3-532166-532407-1A","AGAACAATTGTTAAACACCAAATTGGGTGAAACAAAAAACCACCTGAACAGAACTCCATTTATACCTGAATCGGTCATACGAGAAAGGAAATTACGCCAAGAAAAAGCGCAATCCACAAACAACATGTTCGATTCAACAAACGCAGATAGTATTACTTCCCCATGTGATCCAACGAATGCCACG","Pf3D7_06_v3-532166-532407-1A.7","11T33+8N55T109G157T",8,0.00486914181375533,5
"IM-23-122-GBHJ","8039832081","Maziba","Pf3D7_14_v3-3124416-3124655-1A","TAATTGATCTTCTAGAGGAATTAGATATTTTGTCTATATCGAATAAAGATGAAGTAGAAAAACGAAGAAAGGAAACAACTCAAGAGACGCGGTTGTTAGGAAATATTGATTTAGGATATGGAAAATTAGGAGAGGGAATAAAGCATGAAAATTTACAGGAAGAATTAGGAAACAGATTATTTG","Pf3D7_14_v3-3124416-3124655-1A.1",".",212,0.266331658291457,4
"IM-23-122-GBHJ","8039832081","Maziba","Pf3D7_02_v3-291770-292017-1A","TAATATCATAAGGTTTGAATATTTTCCTCTCAGGTATTATACCAACAGAAGGTTTATCATCATCTTTAAAACCTGCTCTATCTTTAACCCATTGATTAGGATTTTTTAAACATAAAGCTGGATTCTTTAATAAATCTTTCATATGTTCCATATTATTTTCTTCATTTATATATGATGCTAC","Pf3D7_02_v3-291770-292017-1A.1","101+8N177G",38,0.0693430656934307,4
"IM-23-122-GBHJ","8039832081","Maziba","Pf3D7_09_v3-82006-82236-1A","TTTATCATCTTTAGGCCATAACCAGAGTACAAGCAATCCAACTATAACAATTGTAATTAACATTATAAATACTGTAATACCATAAACACTACCAGAAGCGATCAGAAATGCACTAAAAGTATAACAACATTCACTTAGAATAAGAGTAGCGATAAAACTAAAAATAGC","Pf3D7_09_v3-82006-82236-1A.10","95G",8,0.0067911714770798,6
"IM-23-122-GBHJ","8039832081","Maziba","Pf3D7_09_v3-82006-82236-1A","TTTATCATCTTTAGGCCATAACCAGAGTACAAGCAATCCAACTATAACAATTGTAATTAACATTATAAATACTGTAATACCATAAACACTACCAGAAGCGATCAGAAATGCACTAAAAGTATAAGAACATTCACTTGGAATAAGAGTAGCGATAAAACTAAAAATAGC","Pf3D7_09_v3-82006-82236-1A.4","95G125G137G",1,0.000848896434634975,6
"IM-23-122-GBHJ","8039832081","Maziba","Pf3D7_13_v3-1350855-1351093-1A","TCTTTTATATTAGTTGTTTCGTTATTTTCATTATGTTCCATATTTTGGTTATTTGTATATTTTATATTTTTTAAAAATTGGTAAATATATTCAGAGATGAAAGGTGTAAAAGGGGCCATAATTATTGTAAACAAATATAATGTTCTACATAAAACATTTAATGATTGGTGAGT","Pf3D7_13_v3-1350855-1351093-1A.2","66+8N93A",584,0.672036823935558,3
"IM-23-122-GBHJ","8039832081","Maziba","Pf3D7_13_v3-1350855-1351093-1A","TCTTTTATATTAGTTGTTTCGTTATTTTCATTATGTTCCATATTTTGGTTATTTGTATATTTTATATTTTTTAAAAATTGGTAAATATATTCCGAGATGAAAGGTGTAAAAGGGGCCATAATTATTGTAAACAAATATAATGTTCTACATAAAACATTTAATGACTGGTGAGT","Pf3D7_13_v3-1350855-1351093-1A.15","66+8N165C",79,0.0909090909090909,3
"IM-23-122-GBHJ","8039832081","Maziba","Pf3D7_08_v3-102277-102527-1A","TACCTTCATCTATTGAATTAATTTTCTCAAGTAACATATTTTTGTCTTGACTACTTTCATCTGTAAATGGAACGAATACTCTTTGCTTACCTGCAAAAAGGACAATTGACATATGAGCCTTATCCTTACTTACATTCGAATTAAAGACCATAGATTCTAAAAATGGTATAGTTCCTTTTAACCAATAATC","Pf3D7_08_v3-102277-102527-1A.6","76A106T",9,0.00934579439252336,4
"IM-23-122-GBHJ","8039832081","Maziba","Pf3D7_08_v3-102277-102527-1A","TACCTTCATCTATTGAATTAATTTTCTCAAGTAACATATTTTTGTCTTGACTACTTTCATCTGTAAATGGAACCAATACTCTTTGCTTACCTGCAAAAAGGACAACTGACATATGAGCCTTATCCTTACTTACATTCGAATTAAAGACCATAGATTCTAAAAATGGTATAGTTCCTTTTAACCAATAATC","Pf3D7_08_v3-102277-102527-1A.3","74C76A",680,0.706126687435099,4
"IM-23-122-GBHJ","8039832081","Maziba","Pf3D7_08_v3-102277-102527-1A","TACCTTCATCTATTGAATTAATTTTCTCAAGTAACATATTTTTGTCTTGACTACTTTCATCTGTAAATGGAACGAGTACTCTTTGCTTACCTGCAAAAAGGACAACTGACATATGAGCCTTATCCTTACTTACATTCGAATTAAAGACCATAGATTCTAAAAATGGTATAGTTCCTTTTAACCAATAATC","Pf3D7_08_v3-102277-102527-1A.1","76G",117,0.121495327102804,4
"IM-23-122-GBHJ","8039832081","Maziba","Pf3D7_08_v3-1099719-1099977-1A","AAAAAATAAAAAATCAAACAAGATAAATAATAATGTATATAATACTAGTGGTATAAAAAATAATGATCAAAATATGGATAATATGAATCAAAAAGGGAAAAGTAACAAAAATTCAAATAAATATAATTTTGATGAAGAGGACTTATGGTTTTTATGTGATTTATGTAATAATCCTATAAGTCCGTTATGTTA","Pf3D7_08_v3-1099719-1099977-1A.2","1+14N54+8N142C",33,0.0780141843971631,2
"IM-23-122-GBHJ","8039832081","Maziba","Pf3D7_13_v3-2545065-2545291-1A","ATGATTCCTCAAAAGTTTAACATTCCACATAGTATCTGTTAAATTGATAGTTTGCAAACAATTATACGTTTCGTTATTTTTATTTTTAAAAAAGGATATATGATCATCTAAAGATTTATTTTTGAGAAAGATTTCCATATATTCATATATATCTTGTATACACCA","Pf3D7_13_v3-2545065-2545291-1A.15","72C87+8N157T",90,0.0776531492666091,7
"IM-23-122-GBHJ","8039832081","Maziba","Pf3D7_13_v3-2545065-2545291-1A","ATGATTCCTCAAAAGTTTAACATTCCACATAGTATCTGTTAAATTGATAGTTTGCAAACAATTATACGTTTGGTTATTTTTATTTTTAAAAAAGGATATATGATCATCTAAAGATTTATTTTTGAGAAAGATTTCCATATATTCATATATATCTTGGATACACCA","Pf3D7_13_v3-2545065-2545291-1A.20","87+8N157G",789,0.680759275237274,7
"IM-23-122-GBHJ","8039832081","Maziba","Pf3D7_13_v3-2770591-2770863-2","ACACATCGATTTTATCAAAAGGAAATATTCCAAGAAATATTTTTAAAAAAAAATAGTGAGTTAGATGATCACGTATGGAATATAGAAAGTATTACTACGAATATATTAGAGAGGAATAAATTAAGTGATCAAAATAATGAAGATAACCATGATGTTAATAATAATAATGAAGACCCATCTGGGGGTAATTTAAAAACCAATCTAAT","Pf3D7_13_v3-2770591-2770863-2.1","44+11N156+13N",565,1,1
"IM-23-122-GBHJ","8039832081","Maziba","Pf3D7_13_v3-1406713-1406975-1A","TTTCATGTCTTCTTAAATATGTTTTAAATTCATTATTTAATTTTTCATCATATTTAGGTACATTTTTTTTTGGAAATCTAGATGTTTCATTATTATCGTGATTTGATGAATATATATAATGAGTTTGTTTAAAATGTGGTTCATTCAAATTATCTTTTTTCTTATCTTCGTGTATATTTTTATTATAATTTGAATACTTC","Pf3D7_13_v3-1406713-1406975-1A.1","6T62+11N154+8N",387,0.77710843373494,2
"IM-23-122-GBHJ","8039832081","Maziba","Pf3D7_08_v3-585703-585949-1A","AAACACATCATCAAAAGTTTCTGATATTGGCTTGTTTGATTCTTTATATTTAAAATCTTTATATAAATAAAATCTATCTTTCTTAAAATATGGATCTTTACGTAGTTCAATCGAATCCCTATCAGTTACAATATTTATATCTTTTAATGTTAAGTGGAAATTAGAATCAATAATAGCTA","Pf3D7_08_v3-585703-585949-1A.3","105G118C",14,0.0169286577992745,3
"IM-23-122-GBHJ","8039832081","Maziba","Pf3D7_04_v3-140317-140548-1A","TCGGGACAATATTATAAGGATTTTATCACATCAAGGAAAAATATTTATAATATAAGGGAAAATATATCCAAAAATGTAGATATGATAAAAAATGAAGAAAAGAAGAAAATACAGAATTGTGTAGATAAATATAATTCTATAAAACAATATGTAAAAATGCTTAAA","Pf3D7_04_v3-140317-140548-1A.1","86+8N",1446,1,1
"IM-23-122-GBHJ","8039832081","Maziba","Pf3D7_12_v3-63081-63314-1A","TTTCCGTCATAATAGTTGCATACATTCTATTAAAAACTTTGGGTACTCCTAATATAATTTCACCTTTTGAATTACATATGTCTGTATTCAAAAATTTTATATCTCTACTCCATATATTTATCTTTACATCCAAAAACAAAGCAATGAAAAAAACAACCCTTTCATA","Pf3D7_12_v3-63081-63314-1A.6","129T146+9N",14,0.017632241813602,4
"IM-23-122-GBHJ","8039832081","Maziba","Pf3D7_05_v3-641131-641404-1A","GGAATTTTTTTTTTGGTGTTTTATTTTTTCGAAGGATACAGTATAATCTAAGACATTAAAATTATTGGGTTTGAAAAAGAGTTTCCTTTTTATGATGTGCAATAGAGGTATATTTATATAGGAAATATAAACATATAAAAGGAATATGATAAAAAGGAAATATTGACTTAATAAAATATTAATATTTCTTTTTTTAAAATATATTTCGT","Pf3D7_05_v3-641131-641404-1A.3","4+12N23+8N42T188+9N",116,0.738853503184713,3
"IM-23-122-GBHJ","8039832081","Maziba","Pf3D7_14_v3-137398-137668-1A","ACCATTCATATTTTCTAGGTTTGTTTAACCAATTACATATATATAATATATTACAAAATAATTGTTTTAATAATATATGTTTAGTTAATATTAATTCAATACTACTTAATTTATTTCTTATATTTTTTAAAAGATCTTCATAAACAAAATCAAAATTATCTATTAATAATAAATAACCAAATCTTTTATGCACATTTTTTATTC","Pf3D7_14_v3-137398-137668-1A.1","122+8N191C194+8N",113,0.926229508196721,2
"IM-23-122-GBHJ","8039832081","Maziba","Pf3D7_02_v3-630641-630907-1A","CTAAGTTATCTAAAATTATTAATTTTTTCAAATATGGTAATTCATGTCTATGAAGTAATAAGCCATCAACTAAATCTAAATCTAAACATAACCATTCTAATTTCGTTTCATTTAATATGTTTACAATTACATCTATACTAAAGTTAGAATGTAAAATCAAGGTTGTTACACCACTCATCATAGCTGCCATATCAACAAT","Pf3D7_02_v3-630641-630907-1A.3","22+8N",88,0.158273381294964,4
"IM-23-122-GBHJ","8039832081","Maziba","Pf3D7_05_v3-668763-669004-1A","TAATATTATCTGGCTCTGTAACCATGTCCGAACATATGTTAACAGGAGAATCTGTTCCTATACATAAAGAGCGGTTACCTTTTGAAGGAAATGCTATTATAAATAAAAATAATAAATATGACAGTAACGATGAAAAGGATGATTACCTTCGTATTTATAATAATCATGCTAGTATTAATATGATCAACCG","Pf3D7_05_v3-668763-669004-1A.1","73G122C188C",546,0.669938650306748,3
"IM-23-122-GBHJ","8039832081","Maziba","Pf3D7_13_v3-1465616-1465890-1A","TCTTGTGGATTATTATCTATTATATTTTCTTTTGGTTCTTCGACAGCAAAATTATCTCCTCTTGGTCTAGGTTGATCATCTTCGGGTTCATGTGGAACATCTAATGGTTCCCGTTTTGGAGGACATCTTTCTTCTTCACATTGTTCTCGTATTTCACTTGTACATCCTTCGTGTAAGATTTCTCTTTTTCTTGACCTGGTACCTTTACCACAAGTTACACTACATGGAGA","Pf3D7_13_v3-1465616-1465890-1A.23","30T38C92G121G148C152T",85,0.12781954887218,5
"IM-23-122-GBHJ","8039832081","Maziba","Pf3D7_01_v3-181512-181761-1A","TTCATTATTGTTTTCATTCTTTTTTTAACGAAAACTATTCATCTCAAAAATATAAGATATTTTATATGACGAATGCCAATGTATTTTTTGTTACGTAAAACCTGACTTCTTCAGGGAAAACACATGCGCATTTTCACCAATTTTTGCCTAAGCTTATTATAAAAAGTATATTAAATGTATGAC","Pf3D7_01_v3-181512-181761-1A.40","19+9N79A83+8N114G",3,0.00282485875706215,3
"IM-23-122-GBHJ","8039832081","Maziba","Pf3D7_13_v3-1465901-1466157-1A","CATAAAGGGTCCGATAACATTTTTTACATTTTCCCATGCAGAATCAGCATACAAGTTACATTTACCATCTGATGGATGACAACCTACAAGAAATCTGTTGAAAGCTACATTAATACCTTGTCCAATACCAAAAACAGCTATTTTAACACCAAGATCATTTAATTTTCTTGATTCTTTTAATGAATTTTGAATACTAT","Pf3D7_13_v3-1465901-1466157-1A.7","19+8N152A158T186T",1,0.00147710487444609,3
"IM-23-122-GBHJ","8039832081","Maziba","Pf3D7_13_v3-1465901-1466157-1A","CATAAAGGGTCCGATAACATTTTTTACATTTTCCCATGCAGAATCAGCATACAAGTTACATTTACCATCTGATGGATGACAACCTACAAGAAATCTGTTGAAAGCTACATTAATACCTTGTCCAATACCAAAAACAGCTATTTTAACACCACGATCACTTAATTTTCTTGATTCTTTTAATGAATCTTGAATACTAT","Pf3D7_13_v3-1465901-1466157-1A.4","19+8N",99,0.146233382570162,3
"IM-23-122-GBHJ","8039832081","Maziba","Pf3D7_02_v3-630641-630907-1A","CTAAGTTATCTAAAATTATTAATTTTTTCAAATATGGTAATTTATGTCTATGAAGTAATAAGCCATCAACTAAATCTAAATCTAAACATAACCATTCTAATTTCGTTTCATTTAATATGTTTACAATTACATCTATACTAAAGTTAGAATGTAAAATCAAGGTTGTTACACCACTCATCATAGCTGCCATATCAACAAT","Pf3D7_02_v3-630641-630907-1A.1","22+8N43T",382,0.68705035971223,4
"IM-23-122-GBHJ","8039832081","Maziba","Pf3D7_02_v3-630641-630907-1A","CTAAGTTATCTAAAATTATTAATTTTTTCAAATATGGTAATTTATGTCTATGAAGTAATAAGCCATCAACTAAATCTAAATCTAAACATAACCATTCTAATTTCGTTTCATTTAATATGTTTACAATTACATCTATACTAAATTTAGAATGTAAAATCAAGGTTGTTACACCACTCATCATAGCTGCCATATCAACAAT","Pf3D7_02_v3-630641-630907-1A.5","22+8N43T143T",2,0.00359712230215827,4
"IM-23-122-GBHJ","8039832081","Maziba","Pf3D7_11_v3-1950431-1950680-2","AGATATATTTCAAGGAAAGGATATGTGGAATGATGGGAAATATGGTGAAGCGAAAAATCATATTAAGAATGCTTTTGGTGATATGAACAATAGAAAAGCTATGTTAAATGAAATTGAGAAAGGAATTAAAGATGAAACGTTTAGTCGTGAAAATGGTTTAGACGTTTGTAAATCTCAATGTGAGGAAAG","Pf3D7_11_v3-1950431-1950680-2.1","98G",744,0.852233676975945,2
"IM-23-122-GBHJ","8039832081","Maziba","Pf3D7_01_v3-455794-456054-1A","AGAAAAAAAATTTATTAAGAGGTATTTCGATTTTAAAAATTTAAGAATTAATTTTTAATTATGTCTATAAAAACTTAATAGAAAATAAATATTATTTTGTTTTTCAAAAAAATGTTTAAGAATAATATTTCTTTATTCTTTTACAATTTAGAACATATAATGCTATTTCTTTTAATTTTAATTTAATTTCAAA","Pf3D7_01_v3-455794-456054-1A.1","2+10N105+9N",352,1,1
"IM-23-122-GBHJ","8039832081","Maziba","Pf3D7_06_v3-1136091-1136364-1A","CATTATTTTTGTATCCAACGTCGTTATTATTAAAACTTATTATTTGATTAATAACTGACGAACCACATATATTTACACAATGGAATACATAACTTAAGAAAGAGTAGTAATTGCATTTTACTTTTTGCATTTTCCCTCTGGTGGAGAAATAATTATTATGCTGCTTATTACTTTTTGTATTATGATAATTTTTGGTAATCATTTTTTTT","Pf3D7_06_v3-1136091-1136364-1A.2","201+9N",489,0.914018691588785,2
"IM-23-122-GBHJ","8039832081","Maziba","Pf3D7_06_v3-1197245-1197515-1A","CATTAGGAAAAACAACAGAGCCTTCTTCCATACCATAAATACATAAATCATTTCCACTAATCTTTTCTAAATATTGCACAAAAGAATCAATATCATTATAAGATGACATCTTCTTTCTTATAAAATCTAATTGAGCTTTGGTAAATCGAAAACAATTAATATATTTTATTACTTCATATACACCAGCTAATATAGCAAATTGAC","Pf3D7_06_v3-1197245-1197515-1A.1","20G",212,0.30948905109489,2
"IM-23-122-GBHJ","8039832081","Maziba","Pf3D7_06_v3-1197245-1197515-1A","CATTAGGAAAAACAACAGATCCTTCTTCCATACCATAAATACATAAATCATTTCCACTAATCTTTTCTAAATATTGCACAAAAGAATCAATATCATTATAAGATGACATCTTCTTTCTTATAAAATCTAATTGAGCTTTGGTAAATCGAAAACAATTAATATATTTTATTACTTCATATACACCAGCTAATATAGCAAATTGAC","Pf3D7_06_v3-1197245-1197515-1A.3",".",473,0.690510948905109,2
"IM-23-122-GBHJ","8039832081","Maziba","Pf3D7_06_v3-145285-145531-1A","TCAACAAAAGCTGATGAATCATCATAATTTGAATAAAATTTATCATTCACAATATTATATTTTTGTTTCTTCTTTTTTCCCATAATATTATTATTTTGTTCACAATATATGTTCATGTGTCCCCTCTTTTTCTGTAAAATATTAAAATGTTTCTTACTATGCTTTTCTTCATTTTTAATAACA","Pf3D7_06_v3-145285-145531-1A.1","72+8N165T",887,0.665416354088522,3
"IM-23-122-GBHJ","8039832081","Maziba","Pf3D7_06_v3-1282656-1282930-1A","AAAATATGGAAGAAATATGATAAAGAAAACAATAAATATATATTGTCTCATTTTATTCCTCAATTTATTGAAGACTTAAATTTGAAGGATGAATTCCGAAATTTATTTGATGGATTTGTAAATGATTTGGATATTCTATTATATTCAGAATTTAAAGCATTTTATTTACAAATGAAGCAAAAAGATATAAATGAACTGAAAAATTCCGA","Pf3D7_06_v3-1282656-1282930-1A.3","3A60T207C",29,0.0847953216374269,4
"IM-23-122-GBHJ","8039832081","Maziba","Pf3D7_14_v3-2695837-2696082-1A","CGTTCTGTATCATATTATTAGATATAGTTATTTTATTATTATTTTCTACATTATTATTCAATATATTACATCCTGTTATGGAATTATTGTTAAAATATAAATTATTCGAATTGTTATTATTAAATTCTAATCCACTAACTGCTGTTGTATATAATGATGATGAGTTATTATTATAGAAATC","Pf3D7_14_v3-2695837-2696082-1A.3","5C28+16N53A",33,0.0673469387755102,3
"IM-23-122-GBHJ","8039832081","Maziba","Pf3D7_14_v3-2733345-2733593-1A","TCGATGTACATGCAGAAAAAATATTGGAACGTTTATTTGTAATTTATTTATGTGTATTAAAAGAATATGAAAAACATCCTCCTAAAATATTAAAATATTCATTACGTGCTATATCTAGATACTCGATGTATATAAATAAATTTATCATGGATGATATATTATTTGAAATTAAAAACCTTGCTGCA","Pf3D7_14_v3-2733345-2733593-1A.1","15+8N",336,0.333664349553128,2
"IM-23-122-GBHJ","8039832081","Maziba","Pf3D7_02_v3-290580-290821-1A","TTATTATAAGGATTATAATTATTATCATTCTTATTATATGGATTAATATAATTTCCATCATAATCATTACTGTTTTTATCATATTGTGGATAATTATTTCTATTTCTATTTTGATTAAAATCCGATTGTCTATATCTAACTCTAATATCTGTAGATGCTAAATCATTAGGTAATGGG","Pf3D7_02_v3-290580-290821-1A.2","12+26N56C62A",1084,0.93207222699914,3
"IM-23-122-GBHJ","8039832081","Maziba","Pf3D7_13_v3-1233093-1233332-1A","TCTATATGATCCTTATTTTTATCTTCATCACATTTATAATTTACATAATTTTCGACGTCATCATTTTCATTATTACTCATAATTGAATTATCCACAATGTTTGCCTCTTTTACAGCTTTACAAAGTTGGTAAAAAATATGATAATTCCTTTCACCTTCTTGTTGATCACACACCCGAACC","Pf3D7_13_v3-1233093-1233332-1A.1","130+8N",724,0.905,2
"IM-23-122-GBHJ","8039832081","Maziba","Pf3D7_13_v3-1233093-1233332-1A","TCTATATGATCCTTATTTTTATCTTCATCACATTTATAATTTACATAATTTTCGACGTCATCATTTTCATTATTACTCCTAATTGAATTATCCACAATGTTTGCCTCTTTTACAGCTTTACAAAGTTGGTAAAAAATATGATAATTCCTTTCACCTTCTTGTTGATCACACACCCGAACC","Pf3D7_13_v3-1233093-1233332-1A.11","79C130+8N",76,0.095,2
"IM-23-122-GBHJ","8039832081","Maziba","Pf3D7_09_v3-82006-82236-1A","TTTATCATCTTTAGGCCATAACCAGAGTACAAGCAATCCAACTATAACAATTGTAATTAACATTATAAATACTGTAATACCATAAACACTACCAGAAGCGATCAGAAATGCACTAAAAGTACAACAACATTCACTTGGAATAAGAGTAGCGATAAAACTAAAAATAGC","Pf3D7_09_v3-82006-82236-1A.3","95G122C137G",1033,0.876910016977929,6
"IM-23-122-GBHJ","8039832081","Maziba","Pf3D7_13_v3-1265494-1265726-1A","TGTCATATACAGATTATAAAAATGATCATAGAATAAGCGAAATCTTAAATCGTTGTATTTTACGATTAAACGAGTTTGATCTAATTCATTTATCTTCTTTGGTCATATCTTTAAGTAAAATGAATTTTAGGAGTGTGTATTTTCAGGAACAAGTACAAAAGAAATT","Pf3D7_13_v3-1265494-1265726-1A.3","145A",152,0.0957178841309824,5
"IM-23-122-GBHJ","8039832081","Maziba","Pf3D7_11_v3-1294664-1294910-1A","AAAAGATAAATTATTTCAAAACTATACATATTTAAGTAAAAATGTAGTTGATAACTGGGAAGAAGTTTGCCCTAGAAAGAATTTAGAGAATGCAAAATTCGGATTATGGGTCGATGGAAATTGTGAAGATATACCACATGTAAATGAATTTTCAGCAAATGATCTTTTTGAATGTAATAAATTAGTTTTTGAATTG","Pf3D7_11_v3-1294664-1294910-1A.24","9A12T40A62G86G152T159A",261,0.170699803793329,6
"IM-23-122-GBHJ","8039832081","Maziba","Pf3D7_02_v3-291770-292017-1A","TAATATCATAAGGTTTGAATATTTTCCTCTCAGGTATTATACCAACAGAAGGTTTATCATCATCTTTAAAACCTGCTCTATCTTTAACCCATTGATTAGGATTTTTTAAACATAAAGCTGGATTCTTTAATAAATCTTTCATATGTTCCATATTATTTTCTTCATTTATATATGATTCTAC","Pf3D7_02_v3-291770-292017-1A.2","101+8N",6,0.0109489051094891,4
"IM-23-122-GBHJ","8039832081","Maziba","Pf3D7_13_v3-1265494-1265726-1A","TGTCATATACAGATTATAAAAATGATCATAGAATAAGCGAAATTTTAAATCGTTGTATTTTACGATTAAACGAGTTTGATCTAATTCATTTATCTTCTTTGGTCATATCTTTAAGTAAAATGAATTTTAGGAGTGTGTATTTTATGGAACAAGTACAAAAGAAATT","Pf3D7_13_v3-1265494-1265726-1A.4","44T144A",6,0.00377833753148615,5
"IM-23-122-GBHJ","8039832081","Maziba","Pf3D7_13_v3-1265494-1265726-1A","TGTCATATACAGATTATAAAAATGATCATAGAATAAGCGAAATTTTAAATCGTTGTATTTTACGATTAAACGAGTTTGATCTAATTCATTTATCTTCTTTGGTCATATCTTTAAGTAAAATGAATTTTAGGAGTGTGTATTTTTTGGAACAAGTACAAAAGAAATT","Pf3D7_13_v3-1265494-1265726-1A.9","44T144T",8,0.00503778337531486,5
"IM-23-122-GBHJ","8039832081","Maziba","Pf3D7_02_v3-470437-470709-1A","AATATTGACATGAAACATTATAATACACATAAGAAAAAAAAAATTTATTTATTCTTACAAAAAGAATATAAAAACAAAATTTTGGGATTTATAAATTTTTATAAACGTATAACACACAAAATAAAAAAGAAACAAGAAAATGTTCATGATAAAATCACTTTTTTAAAATGTCTAAAGGAACTCTTTTTTGTCACACATACAAATA","Pf3D7_02_v3-470437-470709-1A.3","33+12N107G122+8N158+8N183+8N",44,0.119891008174387,3
"IM-23-122-GBHJ","8039832081","Maziba","Pf3D7_07_v3-896613-896849-1B","ACAATGAAAAAATGTATTAATGATGAATTATATAAAATAAAAATAAATGTAGGTTTATATAAAAAGGATAGAAAAAAATTATCCTTTTTTATATTGTTGCATAAATTTTATTTAGATAATTATAATATTGTTATTAATAAATTAAAAAATATGAATAATTTAATAGAAA","Pf3D7_07_v3-896613-896849-1B.1","6+8N71+9N84+8N143+8N",456,1,1
"IM-23-122-GBHJ","8039832081","Maziba","Pf3D7_11_v3-1294664-1294910-1A","AAAAGATATATCATTTCAAAACTATACATATTTAAGTAAAAATGTAGTTGATAACTGGGAAAAAGTTTGCCCTAGAAAGAATTTAGAGAATGCAAAATTCGGATTATGGGTCGATGGAAATTGTGAAGATATACCAGATGTAAATGAATTTTCAGCAAATGATCTTTTTGAATGTAATAAATTAGTTTTTGAATTG","Pf3D7_11_v3-1294664-1294910-1A.3","40A86G137G152T159A",1083,0.708306082406802,6
"IM-23-122-GBHJ","8039832081","Maziba","Pf3D7_11_v3-1295103-1295335-1A","ACTACTGCTTTGTCCCATCCCAACGAAGTTGAACACAATTTTCCATGTTCATTATATAAAGATGAAATAAAGAAAGAAATCGAAAGAGAATCAAAACGAATTAAATTAAATGATAATGATGATGAAGGGAATAAAAAAATTATAGCTCCAAGAATTTTTATTTCAGATGATATA","Pf3D7_11_v3-1295103-1295335-1A.2","23A34C71A132+9N173T",14,0.0121002592912705,5
"IM-23-122-GBHJ","8039832081","Maziba","Pf3D7_13_v3-1406713-1406975-1A","TTTCAGGTCTTCTTAAATATGTTTTAAATTCATTATTTAATTTTTCATCATATTTAGGTACATTTTTTTTTGGAAATCTAGATGTTTCATTATTATCGTGATTTGATGAATATATATAATGAGTTTGTTTAAAATGTGGTTCATTCAAATTATCTTTTTTCTTATCTTCGTGTATATTTTTATTATAATTTGAATACTTC","Pf3D7_13_v3-1406713-1406975-1A.2","62+11N154+8N",111,0.22289156626506,2
"IM-23-122-GBHJ","8039832081","Maziba","Pf3D7_08_v3-549583-549807-1B","ACGTGCTGTTCAAAGAATGTTTGAAATGATAAATGAAGGTGCTAGTGTTATAGATATAGGTGGAGAATCCTCTGGTCCTTTTGTTATACCTAATCCAAAAATTAGTGAAAGAGATTTAGTAGTACCTGTATTACAATTATTTCAAAAAGAATGGAATGATATAAA","Pf3D7_08_v3-549583-549807-1B.1",".",746,1,1
"IM-23-122-GBHJ","8039832081","Maziba","Pf3D7_13_v3-2545065-2545291-1A","ATGATTCCTCAAAAGTTTAACATTCCACATAGTATCTGTTAAATTGATAGTTTGCAAACAATTATACGTTTGGTTATTTTTATTTTTAAAAAAGGATATATGATCATCTAAAGATTTATTTTTGAGAAAGATTTCCATATATTCATATATATCTTGAATACACCA","Pf3D7_13_v3-2545065-2545291-1A.5","87+8N",23,0.0198446937014668,7
"IM-23-122-GBHJ","8039832081","Maziba","Pf3D7_13_v3-2545065-2545291-1A","ATGATTCCTCAAAAGTTTAACATTCCACATAGTATCTGTTAAATTGATAGTTTGCAAACAATTATACGTTTGGTTATTTTTATTTTTGAAAAAGGATATATGATCATCTAAAGATTTATTTTTGAGAAAGATTTCCATATATTCATATATATCATGAATACACCA","Pf3D7_13_v3-2545065-2545291-1A.11","87+8N154A",142,0.122519413287317,7
"IM-23-122-GBHJ","8039832081","Maziba","Pf3D7_04_v3-133928-134154-1A","TTTTGAAATATCTAATTTATTCATTTGCCTTTTTATTTCATAGTCCCAACTACTTACCCAGGTATTAAAATTAATACAATCCTGTTCTGCATATTTTATGGCTTTTAAATCCCTCAATTTAGTAGCCCTATCTTCACAATAATCTTCTAATATTTTAAT","Pf3D7_04_v3-133928-134154-1A.2",".",589,0.650828729281768,2
"IM-23-122-GBHJ","8039832081","Maziba","Pf3D7_04_v3-115455-115684-1A","TATTAATGTCATTTTGTTTTTCTTTATTATTATTATTTTTATTTTTTCCCTGGTTATCTTCCTTATTACCTAGCTTTTTTTTGTTGTCATTATTTTCTGTCTGATTATTATTTTTGACTTTTTTCATCTTTGAATTATCCGTTCTGTTTGTATGTCTCAAGCAAGGT","Pf3D7_04_v3-115455-115684-1A.3","24+25N74+10N122T",9,0.00786026200873362,5
"IM-23-122-GBHJ","8039832081","Maziba","Pf3D7_08_v3-585331-585590-1A","TGAAAACTTTTCATGTACGGTTAATAAACAAAATAATTCTGAATTATATATAAGTAAAACTTCTTCTACATCTCTAAATTTATGCATTGTAGCTCTTTTAATATAATAAGGCAAATATTTTACAATATATTTTTGTTTAAAAAAACCTTGATGACCAACATTAATATCTTCCATTTTGGAAAAGGTTCCACTTAACG","Pf3D7_08_v3-585331-585590-1A.2","102T138+9N",434,0.941431670281996,2
"IM-23-122-GBHJ","8039832081","Maziba","Pf3D7_04_v3-141741-141990-1A","TGAATACCATATAGCCCTTTCAAATTATATAAAGACAGAACTAAGAAATATAAACCTGCAAGAAATAAAAAACAATATAATAAAAATATTTAAAGAATTCAAATCTGCACACAAAGAAATTAAAAAAGAATCAGAACAAATTAATAAAGAATTTACCAAAATGGATGTCGTCATAAATCAATTAAGAGATATAG","Pf3D7_04_v3-141741-141990-1A.1","66+8N121+8N",784,0.753846153846154,2
"IM-23-122-GBHJ","8039832081","Maziba","Pf3D7_08_v3-1176313-1176549-1A","TACATCCAATGAATATTTTACACTTAAAAGAAATAAACAAATTATTCATAATAAAATACATATACTTTCTATGCAAAAAAATAAACAAAATACAAACGAGCTAAACAAATTATGTAATATTAACGCCATCATATTCAATATTAATTCTGATGATTTTGAGGTAGGCGATGAAATTGT","Pf3D7_08_v3-1176313-1176549-1A.1","74+9N111T136C",123,0.105038428693424,3
"IM-23-122-GBHJ","8039832081","Maziba","Pf3D7_08_v3-1313088-1313338-1A","TGAGAGACATAGATATATGATAGAAAAATGGAAAAAAGAAGATTGGTTTTGTGATTTAAAAGAAACGTTGAAAAATGAATTCGAAGAACAGATGGATATAGGAAAAGTATCTTTTTTATATGAAAATAATAGAGAGTATGGAAAAAATTTTTATTTGGAAAAGCAAAAAATTATATGGAAAAGATGG","Pf3D7_08_v3-1313088-1313338-1A.2","31+8N82C111+8N141+8N164+8N",467,0.812173913043478,2
"IM-23-122-GBHJ","8039832081","Maziba","Pf3D7_08_v3-1313088-1313338-1A","TGAGAGACATAGATATATGATAGAAAAATGGAAAAAAGAAGATTGGTTTTGTGATTTAAAAGAAACGTTGAAAAATGAATTTGAAGAACAGATGGATATAGGAAAAGTATCTTTTTTATATGAAAATAATAGAGAGTATGGAAAAAATTTTTATTTGGAAAAGCAAAAAATTATATGGAAAAGATGG","Pf3D7_08_v3-1313088-1313338-1A.1","31+8N111+8N141+8N164+8N",108,0.187826086956522,2
"IM-23-122-GBHJ","8039832081","Maziba","Pf3D7_11_v3-1376058-1376305-1A","TTTCTGGCTCGATATAATCCATTTCAATATTTATATTAGATATGAAACATCTATCTTCAATAGGTGAATTTGCTGCAAATTGAGCCATAGAAAAATGATTCTCATTCCTTTGAAAATATGAACTATTCAACTCATCAAGGTTTTCATATTTTATTTCATAACTGCCATCATCTGAATCCTCTTCATCA","Pf3D7_11_v3-1376058-1376305-1A.5","140G150T",450,0.658857979502196,2
"IM-23-122-GBHJ","8039832081","Maziba","Pf3D7_05_v3-796518-796759-1A","TGGTTCTTCAATTATTCATATAAGTTCTTTATTAGTAGGTGTATATTTATGTAGTAGTAGTGCAAATGCATTTAATCAAATTATTGAAAGAAATATAGATAAGTTAATGAAAAGAACCCAAAAAAGACCCTTAGCAAATAATAATCCAAATATGTCAGTTAAACATGCTGAAATAT","Pf3D7_05_v3-796518-796759-1A.1","14A119+8N",84,0.112600536193029,4
"IM-23-122-GBHJ","8039832081","Maziba","Pf3D7_13_v3-1465616-1465890-1A","TCTTGTGGATTATTATCTATTATATTTTCTTTTGGTTTTTCGACAGCAAAATTATCTCCTCTTGGTCTAGGTTGATCATCTTCGGGTTCTTGTGGAACATCTAATGGTTCCCGTTTTGGAGGACATCTTTCTTCTTCACATTGTTCTTGTAATTCACTTGTACATCCTTCGTGTAAGATTTCTCTTTTTCTTGACCTGGTACCTTTACCACAAGTTACACTACATGGAGA","Pf3D7_13_v3-1465616-1465890-1A.238","30T90T92G121G",3,0.00451127819548872,5
"IM-23-122-GBHJ","8039832081","Maziba","Pf3D7_14_v3-1956056-1956330-1B","CTAATTTTTTTTCTCCACTTTGTAATTTTTATTGTTGAATATATATATAAAGTTAAACCTATAAATAATACACTACCTAATAAACTATTCTTATATTTAAAAATAAATATAATACATGTTATTAATCCTTCTATTGTTGCCGGAATAATATACATTAAAACAGAACTCATCAAATTATTAGCACTCTCGGTACCTCTATCAACTATTCTCA","Pf3D7_14_v3-1956056-1956330-1B.2","4+10N",81,0.236151603498542,2
"IM-23-122-GBHJ","8039832081","Maziba","Pf3D7_01_v3-181512-181761-1A","TTCATTATTGTTTTCATTCTTTTTTTAACGAAAACTATTCATCTCAAAAATATAAGATATTTTATATGACGAATGCCATTGTATTTTTTGTTACGTAAAACCTGACTTCTTCAGGGAAAACACATGCGCATTTTCACCAATTTTTGCCTAAGCTTATTATAAAAAGTATATTAAATGTATGAC","Pf3D7_01_v3-181512-181761-1A.3","19+9N83+8N114G",893,0.840866290018832,3
"IM-23-122-GBHJ","8039832081","Maziba","Pf3D7_08_v3-1365750-1365999-2","TTTCTAGGTTGTTTCTTGCTTCAATTCTATTTTTATTTTGTTCATCCTCTTCTTTATATTTTTCTGCATCATTTACCATACGATCGATATCATCTTTTGATAATCTTCCTTTATCATTTGTAATAGTAATTTGGTTTTGTTTACCAGTACCTTTATCTAATGCTGTTACATTTAGGATACCATT","Pf3D7_08_v3-1365750-1365999-2.1",".",479,1,1
"IM-23-122-GBHJ","8039832081","Maziba","Pf3D7_08_v3-1366575-1366822-2","TTTAGCTTTTTCACATTGTGTTCTTAATCTTCTTAATGATTTTGAATTTTTGGAAACATCTTTACCTCCATTTTTTTTTTTAAAATCTTGTACACAGAAGTTTACTAATTTATTATCAAAATCTTCTCCTCCTAAATGTGTATCTCCTGAGGTAGCTTTAACTTCAAAAATTCCATCTTCAAGTGTTAATAAGG","Pf3D7_08_v3-1366575-1366822-2.1","70+13N",695,0.992857142857143,2
"IM-23-122-GBHJ","8039832081","Maziba","Pf3D7_14_v3-921176-921432-1A","ACAATATTAATTTTATAAGTTCATTATTTCAATTTTATATTTAGGAGGATCTATATCCATATATTATTCATTTTAAAAATATTAAAATAAATACATATATAAATATATAAACATATAAAAACAGTCTTTTAAAAATTAATAAGATTTATATAAAATATGGTTATAAATCCTATTTTGTATTATATTAAA","Pf3D7_14_v3-921176-921432-1A.4","186T",319,0.811704834605598,3
"IM-23-122-GBHJ","8039832081","Maziba","Pf3D7_14_v3-921176-921432-1A","ACAATATTAATTTTATAAGTTCATTATTTCAATTTTATATTTAGGAGGATCTATATCCATATATTATTCATTTTAAAAATATTAAAATAAATACATATATAAATATATAAACATATAAATACAGTCTTTTAAAAATTAATAAGATTTATATAAAATATGGTTATAAATCCTATTTTGTATTATATTAAA","Pf3D7_14_v3-921176-921432-1A.8","120T186T",4,0.0101781170483461,3
"IM-23-122-GBHJ","8039832081","Maziba","Pf3D7_13_v3-1004740-1005002-1A","TTACATCGTAAAAATAATTTAAAATATTATATATATTATCTTTTCCTTTTGGGGGGTCTCTTTTCTTTATATATATATTTACATTTCTCTTCATTTTATTACATGATAAATTAATATTTAATGTACTAATATATATATTATTAATTTTTATTTTCTTCTTCTTTTTTATATTAAAACAAAATGAAGATTCGTTAA","Pf3D7_13_v3-1004740-1005002-1A.3","50+8N161+8N191G",3,0.0967741935483871,2
"IM-23-122-GBHJ","8039832081","Maziba","Pf3D7_06_v3-1140900-1141174-1A","CTTCCATGTGAGCTTCAAAATCGTCTGAAGGTCGACTAGACATGAAAAATTCAGATTGAGGTAAATCATCAAATGGATGATTTCTATATGATATTCTAGGTATTAATCCTAAGATATTATTTATGCTATTACATTGAGAATTTCCTTCATTGGTTGTGGTACTTATATCCACATTTTGGTGATCATCAAGATATAATGTATTTTCTTTAGAACTT","Pf3D7_06_v3-1140900-1141174-1A.1","189A",120,0.303030303030303,2
"IM-23-122-GBHJ","8039832081","Maziba","Pf3D7_06_v3-1140900-1141174-1A","CTTCCATGTGAGCTTCAAAATCGTCTGAAGGTCGACTAGACATGAAAAATTCAGATTGAGGTAAATCATCAAATGGATGATTTCTATATGATATTCTAGGTATTAATCCTAAGATATTATTTATGCTATTACATTGAGAATTTCCTTCATTGGTTGTGGTACTTATATCCACATTTTGGTGATCATCAGGATATAATGTATTTTCTTTAGAACTT","Pf3D7_06_v3-1140900-1141174-1A.2",".",276,0.696969696969697,2
"IM-23-122-GBHJ","8039832081","Maziba","Pf3D7_06_v3-1282656-1282930-1A","AAAATATGGAAGAAATATGATAAAGAAAACAATAAATATATATTGTCTCATTTTATTCCCCAATTTATTGAAGACTTAAATTTGAAGGATGAATTCCGAAATTTATTTGATGGATTTGTAAATGATTTGGATATTCTATTATATTCAGAATTTAAAGCATTTTATTTACAAATGAAGCAAAAAGATATAAATGAACTGAAAAATTCTGA","Pf3D7_06_v3-1282656-1282930-1A.2","3A",32,0.0935672514619883,4
"IM-23-122-GBHJ","8039832081","Maziba","Pf3D7_06_v3-1235395-1235658-1A","GAATATGATAAAATATATATACCAAACAATAAAAATAAAATTAATAATATAAATAATTTTTTAATAAAAAACAATTTGTTGTTGAAATCCAAATTTATGAGAATAACTCCTAATACCTATTTATGTCGTAATTGTGTCCTGTTATATCAAAATGATTTTTCGTATAATACATATGAAGAAGAAATTAATAAAATGG","Pf3D7_06_v3-1235395-1235658-1A.2","56+8N65+8N79T",198,0.857142857142857,2
"IM-23-122-GBHJ","8039832081","Maziba","Pf3D7_14_v3-2481033-2481276-1B","CCATGTGGATAAAGACAGTAGAGAGCAATTCGAAATAAAACAGTACTCTTGCAAATTAGATATTTTTTTGAACTCATCTGTTCCTATAAAAAATTCTGAATGTAAGCAGAATAAATTATACACAAAAGAATATATATTCATTTTTATTTATTCACTTTATATATGTTTGTA","Pf3D7_14_v3-2481033-2481276-1B.1","62+9N87+8N172D=TGTATGTA",622,1,1
"IM-23-122-GBHJ","8039832081","Maziba","Pf3D7_14_v3-2733345-2733593-1A","TCGATGTACATGCAGAAAAAATATTGGAACGTTTATTTGTAATTTATTTATGTGTATTAAAAGAATATGAAAAACATCCTCCTAAAATATTAAAATATTCATTACGTGCTATATCGAGATACTCGATGTATATAAATAAATTTATCATGGATGATATATTATTTGAAATTAAAAACCTTGCTGCA","Pf3D7_14_v3-2733345-2733593-1A.2","15+8N116G",671,0.666335650446872,2
"IM-23-122-GBHJ","8039832081","Maziba","Pf3D7_13_v3-1146764-1147010-1A","AAATTTTCTCCTAAAGTTATGCCTTTGTTAATGAAGGAGAAGAACGTGAAACATAAAGCACCTCCTAAAGGTACTATAAAGCATACGCTAGAATATTTAAAAAGAGCAGCAGAATCAAGAATGAAAGAAAATGGATTATACAAATCAAAAAAAGATAGCACACTTAGTTCAATTGCAATTAGAAAAAATTCC","Pf3D7_13_v3-1146764-1147010-1A.4","64C134G146+9N182+8N",142,0.138536585365854,3
"IM-23-122-GBHJ","8039832081","Maziba","Pf3D7_02_v3-290580-290821-1A","TTATTATAAGGATTATAATTATTATCATTCTCATTATATGGATTAATATAATTTCGATCATAATCATTACTGTTTTTATCATATTGTGGATAATTATTTCTATTTCTATTTTGATTAAAATCCGATTGTCTATATCTAACTCTAATATCTGTAGATGCTAAATCATTAGGTAATGGG","Pf3D7_02_v3-290580-290821-1A.4","12+26N62A",71,0.061049011177988,3
"IM-23-122-GBHJ","8039832081","Maziba","Pf3D7_02_v3-290580-290821-1A","TTATTATAAGGATTATAATTATTATCATTCTTATTATATGGATTAATATAATTTCGATCATTATCATTACTGTTTTTATCATATTGTGGATAATTATTTCTATTTCTATTTTGATTAAAATCCGATTGTCTATATCTAACTCTAATATCTGTAGATGCTAAATCATTAGGTAATGGG","Pf3D7_02_v3-290580-290821-1A.1","12+26N",8,0.00687876182287188,3
"IM-23-122-GBHJ","8039832081","Maziba","Pf3D7_13_v3-1265494-1265726-1A","TGTCATATACAGATTATAAAAATGATCATAGAATAAGCGAAATCTTAAATCGTTGTATTTTACGATTAAACGAGTTTGATCTAATTCATTTATCTTCTTTGGTCATATCTTTAAGTAAAATGAATTTTAGGAGTGTGTATTTTATGGAACAAGTACAAAAGAAATT","Pf3D7_13_v3-1265494-1265726-1A.1","144A",1134,0.714105793450882,5
"IM-23-122-GBHJ","8039832081","Maziba","Pf3D7_02_v3-291770-292017-1A","TAATATCATAAGGTTTGAATATTTTCCTCTCAGGTATTATACCAACAGAAGGTTTATCATCATCTTTAAAACCTGCTCTATCTTTAACCCAATGATTAGGATTTTTTAAACATAAAGCTGGATTCTTTAATAAATCTTTCATATGTTCCATATTATTTTCTTCATTTATATATGATTCTAC","Pf3D7_02_v3-291770-292017-1A.3","92A101+8N",444,0.81021897810219,4
"IM-23-122-GBHJ","8039832081","Maziba","Pf3D7_07_v3-717260-717493-1A","GAGCTTGCTTTTTTGTTGCGTTACTTGCTGGGCTGATCAAAAAAAAAGTTGAATGTATTGAACTTAGTGCCAGCGAAATTTCCCCTCATGAAAACAAATCGACGAGTTCATCAATATTCCAAGAGGAATTAAAATTTGATGAGTCTCTGAAAAATTTTTTCAAACAA","Pf3D7_07_v3-717260-717493-1A.2","8+8N38+11N141G154+8N",144,0.132718894009217,2
"IM-23-122-GBHJ","8039832081","Maziba","Pf3D7_07_v3-729480-729750-1A","TGAATGTTCAGAAATTTTATATCACTTAAATCGTTTGAGTGAGTTAGATCAAATATTGTTGAAAGATAAAATAAGTATATATGAGTATCAGCTAAAGGACACGTTTTTAACAACGTATGATATAGGTTGTTTATTAAAAATAGCTCAAGTGTTGAATGAACAAAATTATTATGATAACATTCCATTTTTGCATATATTTTTATATAACATACATAA","Pf3D7_07_v3-729480-729750-1A.1","42A",63,0.161538461538462,2
"IM-23-122-GBHJ","8039832081","Maziba","Pf3D7_11_v3-1294664-1294910-1A","AAAAGATAAATTATTTGAAAACTATACATATTTAAGTAAAAATGTAGTTGATAACTGGGAAAAAGTTTGCCCTAGAAAGAATTTAGAGAATGCAAAATTCGGATTATGGGTCGATGGAAATTGTGAAGATATACCACATGTAAATGAATTTTCAGCAAATGATCTTTTTGAATGTAATAAATTAGTTTTTGAATTG","Pf3D7_11_v3-1294664-1294910-1A.13","9A12T17G40A86G152T159A",2,0.0013080444735121,6
"IM-23-122-GBHJ","8039832081","Maziba","Pf3D7_02_v3-470437-470709-1A","AATATTGACATGAAACATTATAATACACATAAGAAAAAAAAAATTTATTTATTCTTACAAAAAGAATATAAAAACAAAATTTTGGGATTTATAAATTTTTATAAACATATAACACACAAAATAAAAAAGAAACAAGAAAATGTTCATGATAAAATCACTTTTTTAAAATGTCTAAAGGAACTCTTTTTTGTCACACATACAAATA","Pf3D7_02_v3-470437-470709-1A.2","33+12N122+8N158+8N183+8N",7,0.0190735694822888,3
"IM-23-122-GBHJ","8039832081","Maziba","Pf3D7_02_v3-470437-470709-1A","AATATTGACATGAAACATTATAATACACATAAGAAAAAAAAAATTTATTTATTCTTACAAAAAGAATATAAAAACAAAATTTTGGGATTTATAAATTTTTATAAACATATAACACACAAAATAAAAAAGAAACAAGAAAATGTTCATGATAAAATCACTTTTTTAAAATGTCTAAAGGAACTCTTTTTTGTCACACATACAAATG","Pf3D7_02_v3-470437-470709-1A.1","33+12N122+8N158+8N183+8N205G",316,0.861035422343324,3
"IM-23-122-GBHJ","8039832081","Maziba","Pf3D7_11_v3-1294664-1294910-1A","AAAAGATATATCATTTCAAAACTATACATATTTAAGTAAAAATGTAGTTGATAACTGGGAAAAAGTTTGCCCTAGAAAGAATTTAGAGAATGCAAAATTCGGATTATGGGTCGATGGAAATTGTGAAGATATACCACATGTAAATGAATTTTCAGCAAATGATCTTTTTGAATGTAATAAATTAGTTTTTGAATTG","Pf3D7_11_v3-1294664-1294910-1A.8","40A86G152T159A",1,0.00065402223675605,6
"IM-23-122-GBHJ","8039832081","Maziba","Pf3D7_08_v3-412801-413062-1A","ATGAAGAAATATACGAATATATACTTATAAACGATATTTTTAATTTAAAAAAAGAAATAAAAAATTTCAATATATTAAATAAATATGATGTATTTGAATATATTATTATTATTTTAAAATTGTATGATAAAATATATCCTGATGCAGAGTACATCGAATGTGTACGAGAAACATCACAGAATGGTGACCTTTTA","Pf3D7_08_v3-412801-413062-1A.4","46+9N58+8N101+13N147G188C190T",85,0.607142857142857,3
"IM-23-122-GBHJ","8039832081","Maziba","Pf3D7_11_v3-1295103-1295335-1A","ACTACTGCTTTGTCCCATCCCAACGAAGTTGAACACAATTTTCCATGTTCATTATATAAAGATGAAATAAAGAAAGAAATCGAAAGAGAATCAAAACGAATTAAATTAAATGATAATGATGATGAAGGGAATAAAAAAATTATAGCTCCAAGAATTTTTATTTCAGATGATAAA","Pf3D7_11_v3-1295103-1295335-1A.4","23A34C71A132+9N",4,0.00345721694036301,5
"IM-23-122-GBHJ","8039832081","Maziba","Pf3D7_08_v3-1099719-1099977-1A","AAAAAATAAAAAATCAAACAAGATAAATAATAATGTATATAATACTAGTGGTATAAAAAATAATGATCAAAATATGGATAATATGAATCAAAAAGGAAAAAGTAACAAAAATTCAAATAAATATAATTTTGATGAAGAGGATTTATGGTTTTTATGTGATTTATGTAATAATCCTATAAGTCCGTTATGTTA","Pf3D7_08_v3-1099719-1099977-1A.4","1+14N54+8N97A",390,0.921985815602837,2
"IM-23-122-GBHJ","8039832081","Maziba","Pf3D7_13_v3-2545065-2545291-1A","ATGATTCCTCAAAAGTTTAACATTCCACATAGTATCTGTTAAATTGATAGTTTGCAAACAATTATACGTTTCGTTATTTTTATTTTTAAAAAAGGATATATGATCATCTAAAGATTTATTTTTGAGAAAGATTTCCATATATTCATATATATCTTGAATACACCA","Pf3D7_13_v3-2545065-2545291-1A.8","72C87+8N",2,0.00172562553925798,7
"IM-23-122-GBHJ","8039832081","Maziba","Pf3D7_08_v3-549960-550215-1B","GATGAACTAACAAATTATGATAATCTAGTTTATGATATAAAAAATTATTTAGAACAAAGATTAAATTTTCTTGTATTAAATGGAATACCTCGTTATAGGATACTATTTGATATTGGATTAGGATTTGCGAAGAAACATGATCAATCTATTAAACTCTTACAAAATATACATGTATATGATGAGTATCCACTT","Pf3D7_08_v3-549960-550215-1B.1","4G38+8N",413,0.97867298578199,2
"IM-23-122-GBHJ","8039832081","Maziba","Pf3D7_11_v3-1295371-1295597-1A","AAGTAACATCAAATAATGAAGTTGTAGTTAAAGAAGAATATAAAGATGAATATGCAGATATTCCTGAACATAAACCAACTTATGATAAAATGAAAATTATAATTGCATCATCAGCTGCTGTCGCTGTATTAGCAACTATTTTAATGGTTTATCTTTATAAAAGAA","Pf3D7_11_v3-1295371-1295597-1A.1",".",1519,1,1
"IM-23-122-GBHJ","8039832081","Maziba","Pf3D7_08_v3-585703-585949-1A","AAACACATCATCAAAAGTTTCTGATATTGGCTTGTTTGATTCTTTATATTTAAAATCTTTATATAAATAAAATCTATCTTTCTTAAAATATGGATCTTTACGTACTTCAATCGAATCCCTATCAGTTACAATATTTATATCTTTTAATGTTAAGTGGAAATTAGAATCAATAATAGCTA","Pf3D7_08_v3-585703-585949-1A.2","118C",56,0.0677146311970979,3
"IM-23-122-GBHJ","8039832081","Maziba","Pf3D7_08_v3-585703-585949-1A","AAACACATCATCAAAAGTTTCTGATATTGGCTTGTTTGATTCTTTATATTTAAAATCTTTATATAAATAAAATCTATCTTTCTTAAAATATGGATCTTTACGTACTTCAATCGAATCACTATCAGTTACAATATTTATATCTTTTAATGTTAAGTGGAAATTAGAATCAATAATAGCTA","Pf3D7_08_v3-585703-585949-1A.1",".",757,0.915356711003628,3
"IM-23-122-GBHJ","8039832081","Maziba","Pf3D7_04_v3-115455-115684-1A","TATTAATGTCATTTTGTTTTTCTTTATTATTATTATTTTTATTTTTTCCCTGGTTATCTTCCTTATTACCTAGCTTTTTTTTGTTGTCATTATTTTCTGTCTGATTATTATTTTTGACTTTGTTCATCCTTGAATTATCCGTTCTGTTTGTATGTCTCAAGCAAGGT","Pf3D7_04_v3-115455-115684-1A.7","24+25N74+10N129C",3,0.00262008733624454,5
"IM-23-122-GBHJ","8039832081","Maziba","Pf3D7_12_v3-63081-63314-1A","TTTCCGTCATAATAGTTGCATACATTCTATTAAAAACTTTGGGTACTCCTAATATAATTTCACCTTTTGAATTACATATGTCTGTATTCAAAAATTTTATATCTCTACTCCATATATTTATCTTTACACCCAAAAACAAAGCAATGAAAAAAACAACCCTTTCATA","Pf3D7_12_v3-63081-63314-1A.1","146+9N",5,0.00629722921914358,4
"IM-23-122-GBHJ","8039832081","Maziba","Pf3D7_05_v3-550803-551072-1A","ATATAATACACCTTTCTTATTTATATTAATCTTTTCATTTTTACAAGAAATCACCTCCCTACTTATTCGGTTGTCCTCATTTTCATATTTCATAACACCATCATTTATTTTTTCTATTTCTTTAATATTATTTTCTCCTTGGACGTAATTATGCTTTCCTATCATCTCCTTTGCTCTACTTCCTATATATACTAATTTCTCTCTGAA","Pf3D7_05_v3-550803-551072-1A.1","107+8N",280,0.979020979020979,2
"IM-23-122-GBHJ","8039832081","Maziba","Pf3D7_05_v3-641131-641404-1A","GGAATTTTTTTTTTGGTGTTTTATTTTTTCGAAGGATACAGGATAATCTAAGACATTAAAATTATTGGGTTTGAAAAAGAGTTTCCTTTTTATGATGTGCAATAGAGGTATATTTATATAGGAAATATAAACATATAAAAGGAATATGATAAAAAGGAAATATTGACTTAATAAAATATTAATATTTCTTTTTTTCAAATATATTTCGT","Pf3D7_05_v3-641131-641404-1A.1","4+12N23+8N188+9N",39,0.248407643312102,3
"IM-23-122-GBHJ","8039832081","Maziba","Pf3D7_14_v3-137398-137668-1A","ACCATTCATATTTTCTAGGTTTGTTTAACCAATTACATATATATAATATATTACAAAATAATTGTTTTAATAATATATGTTTAGTTAATATTAATTCAATACTACTTAATTTATTTCTTATATTTTTTAAAAGATCTTCATAAACAAAATCAAAATTATCTATTAATAATAAATAACCAAATCTTTTATGTACATTTTTTATTC","Pf3D7_14_v3-137398-137668-1A.2","122+8N194+8N",9,0.0737704918032787,2
"IM-23-122-GBHJ","8039832081","Maziba","Pf3D7_14_v3-120101-120365-1A","TTTTACAACATTATTTTTTTCTTCCTCCTCAGATAAAATAGGTACACATATCGCGTCCTTATCACATCCTCCATTGTTTACCTTACAATGTTCTTCGCATTCGAAATTTTTTTCAGGATTACTTGAAAAGCCTTCTGGACAATTACAATATTCATATCCATGAGCATTCTTACAAACACCTTTTCCACAATTTAAAA","Pf3D7_14_v3-120101-120365-1A.1","13+9N106+9N165C",60,0.136363636363636,3
"IM-23-122-GBHJ","8039832081","Maziba","Pf3D7_08_v3-1344618-1344845-1A","TATCTTTTCCATATATAATAACGCATGAATTCTTTAAATATATCTTTTACTTTATCTGTAAGTTTCATGGAATCTATTATTTCATCTGCATATTTTATTTTTGCCTCGTTTATATATTTACCTGCTTCTAATTTACATAAACATTTTTCTATTAAGTTTTG","Pf3D7_08_v3-1344618-1344845-1A.4","86C128C",762,0.881944444444444,2
"IM-23-122-GBHJ","8039832081","Maziba","Pf3D7_14_v3-1956056-1956330-1B","CTAATTTTTTTTCTCCACTTTGTAATTTTTATTGTTGAATATATATATAAAGTTAAACCTATAAATAATACACTACCTAATAAACTATTCTTATATTTAAAAATAAATATAACACATGTTATTAATCCTTCTATTGTTGCCGGAATAATATACATTAAAACAGAACTCATCAAATTATTAGCACTCTCGGTACCTCTATCAACTATTCTCA","Pf3D7_14_v3-1956056-1956330-1B.1","4+10N113C",262,0.763848396501458,2
"IM-23-122-GBHJ","8039832081","Maziba","Pf3D7_08_v3-1344618-1344845-1A","TATCTTTTCCATATATAATAACGCATGAATTCTTTAAATATATCTTTTACTTTATCTGTAAGTTTCATGGAATCTATTATTTCATGTGCATATTTTATTTTTGCCTCGTTTATATATTTACCTGCTTCTAATTTACATAAACATTTTTCTATTAAGTTTTG","Pf3D7_08_v3-1344618-1344845-1A.1","128C",102,0.118055555555556,2
"IM-23-122-GBHJ","8039832081","Maziba","Pf3D7_08_v3-1365709-1365954-1B","ATTTTCATCTTGTAATGTGTTTTTAACATTATAGCAGTAATTTTCTAGGTTGTTTCTTGCTTCAATTCTATTTTTATTTTGTTCATCCTCTTCTTTATATTTTTCTGCATCATTTACCATACGATCGATATCATCTTTTGATAATCTTCCTTTATCATTTGTAATAGTAATTTGGTTTTGT","Pf3D7_08_v3-1365709-1365954-1B.1",".",348,1,1
"IM-23-122-GBHJ","8039832081","Maziba","Pf3D7_14_v3-1992121-1992370-1A","ATTAAAACATTCCAACAATTTTATTTCCTTCTTTATAAAATTATATAAATTAATTATTTTCTTTTTATCACATTCAAAGACGGCATAAGGTGCACCCCATGAACATTTTTTACTTTTGCTACCATCAGGCATAATATAAACACCAGTACCATTTTTTTCTGATAAATTAATATTTTTTTGTATAACATCATA","Pf3D7_14_v3-1992121-1992370-1A.1","105+8N151+9N172+9N",216,0.990825688073395,2
"IM-23-122-GBHJ","8039832081","Maziba","Pf3D7_11_v3-1934962-1935236-1A","TGATGTGCCAATATTAAGGATACATTTTCTAAAGCTTCTAACAGATAATGAAAATTTTTTCTGCGATTTTCATTTAAATCATTAAATATATTGGTTAGTTCTTGTATTGACGTTTTTGGATCTAAGGATGTAATTTGTTCATTTAATTCTTCTGTATATTCTAGATTAAAGTTTAAATTATTAAAATAACCTTCAGCATTATTTTCATTTTT","Pf3D7_11_v3-1934962-1935236-1A.3","41A54+10N98G",151,0.766497461928934,2
"IM-23-122-GBHJ","8039832081","Maziba","Pf3D7_11_v3-1950431-1950680-2","AGATATATTTCAAGGAAAGGATATGTGGAATGATGGGAAATATGGTGAAGCGAAAAATCATATTAAGAATGCTTTTGGTGATATGAACAATAGAAAAACTATGTTAAATGAAATTGAGAAAGGAATTAAAGATGAAACGTTTAGTCGTGAAAATGGTTTAGACGTTTGTAAATCTCAATGTGAGGAAAG","Pf3D7_11_v3-1950431-1950680-2.2",".",129,0.147766323024055,2
"IM-23-122-GBHJ","8039832081","Maziba","Pf3D7_13_v3-2840462-2840736-1B","AATAAACACATATGTTTATTAATAAAATTGTTAGTTATTTTTATGTATACATAATAAATTAAAGATACTAAAACAATATTTTTAAATGTAAATAAATGAATAATGATATTATTTATATGATTCATCATTCTATATTTACATGGAAGATTAAAAAATTATATATATATATATATATGGTAATTTCTGTGTTTATGTTTTTATTTTTATAATA","Pf3D7_13_v3-2840462-2840736-1B.5","149+23N",3,1,1
"IM-23-122-GBHJ","8039832081","Maziba","Pf3D7_13_v3-388138-388408-1A","ATATATCTTTATTCATATGTTCTATATATTGTCTTTGTCTCTTTTCCTTTCTCATATCAGATATTATTGAATAATTTCCTTTATCACATACATATCTAGGATTATGTGATAATTCATAAGCTGCTCTTTTTAAAACTCTATTCTTTTCTTTAAAACTATTAAATTTTATATTATTGTTCATATTAGATGTGTTCCTTTTAATAATA","Pf3D7_13_v3-388138-388408-1A.1","194C",687,1,1
"IM-23-122-GBHJ","8039832081","Maziba","Pf3D7_01_v3-528859-529104-1A","TTTGATTCTTTTTAATGAAAAAGAAGCTAAAGATATGTCAGACCATATAATTTCCCAACAAAAACGTTATTGCTCTACCAATATTCATAGTAATTATAATAATAAAATATGTATATGTAAAAATAAGCGACATCATAACAAAAGAGGGAAAGGAATAAAGCATCATGACATACATCAAAAGG","Pf3D7_01_v3-528859-529104-1A.1","165A",418,0.210261569416499,4
"IM-23-122-GBHJ","8039832081","Maziba","Pf3D7_14_v3-2260533-2260765-1A","AATAACCATCAAATACAAACTCAACCAACAAATACAGTACAATATATTCAACCAAATTATGAACAAGTCATAACACAAGTAGATCAAAATCGTAATCTATTCAATCAACAGCTTGTAGGAAGTACAGTAATGCAAAATATGACACCACAAGGTGTAAACACGTTAAATTATCCTGCAACG","Pf3D7_14_v3-2260533-2260765-1A.2",".",727,0.978465679676985,2
"IM-23-122-GBHJ","8039832081","Maziba","Pf3D7_06_v3-1192628-1192867-1A","GATTATATATTTCTATATTTTAATAAGAAGGCGTTACACAAACATGATGCCTCTAATGAAATGTGTTTTGTGAAAAACGAAGATTCTACACGCACAAAAGGACATATGAATGATGAACAAAATGATTTATATAAAATAAATAATAATACAACATATTTTTTTAACAAAAACCACT","Pf3D7_06_v3-1192628-1192867-1A.2","155+9N",602,0.658643326039387,2
"IM-23-122-GBHJ","8039832081","Maziba","Pf3D7_06_v3-1235395-1235658-1A","GAATATGATAAAATATATATACCAAACAATAAAAATAAAATTAATAATATAAATAATTTTTTAATAAAAAACAATTTGCTGTTGAAATCCAAATTTATGAGAATAACTCCTAATACCTATTTATGTCGTAATTGTGTCCTGTTATATCAAAATGATTTTTCGTATAATACATATGAAGAAGAAATTAATAAAATGG","Pf3D7_06_v3-1235395-1235658-1A.1","56+8N65+8N",33,0.142857142857143,2
"IM-23-122-GBHJ","8039832081","Maziba","Pf3D7_14_v3-2355614-2355853-1A","ACTTTTCTCGATTCACATTATCCAAACCCATTTAACGAGTATGAAAAATATGACAAACATTATTATGAACTTGAAAATATTTTAAAAAACAAACTTAATGAACATTCCTTAAATTATCAATCTTTGTTAAAAATGAAAAGATTTATAAGTATGAACCATATGGAAAATAATAA","Pf3D7_14_v3-2355614-2355853-1A.3","83+8N157C",101,0.140277777777778,2
"IM-23-122-GBHJ","8039832081","Maziba","Pf3D7_14_v3-2695837-2696082-1A","CGTTTTGTATCATATTATTAGATATAGTTATTTTATTATTATTTTCTACATTATTATTCAATATATTACATCCTGTTATGGAATTATTGTTAAAATATAAATTATTCGAATTGTTATTATTAAATTCTAATCCACTAACTGCTGTTGTATATAATGATGATGAGTTATTATTATAGAAATC","Pf3D7_14_v3-2695837-2696082-1A.2","28+16N53A",76,0.155102040816327,3
"IM-23-122-GBHJ","8039832081","Maziba","Pf3D7_09_v3-595828-596094-1A","ATAATTTTTTCATCGTTCTTATACATTAATGATAAAGTCTTTTTGCAAAATTTTTTGAAGAGATCAGATTTGAGATAAAGACGTTTGGCTAATTTATACGAGAATTCGAGAGCATCTAATTTTATATTTAAACATTTTTTCGTATCCAATATATTATAATTTTGTTCATAAGTCTGTTCATTTATATTATTTAATACTTTT","Pf3D7_09_v3-595828-596094-1A.1","4+8N50+8N134+8N",382,0.69835466179159,5
"IM-23-122-GBHJ","8039832081","Maziba","Pf3D7_13_v3-1146764-1147010-1A","AAATTTTCTCCTAAAGTTATGCCTTTGTTAATGAAGGAGAAGAACGTGAAACATAAAGCACCTCCTAAAGGTACTATAAAGCATACGCTAGAATATTTAAAAAGAGCAGCAGAATCAAGAATGAAAGAAAATGAATTATACAAATCAAAAAAAGATAGCACACTTAGTTCAATTGCAATTAGAAAAAATTCC","Pf3D7_13_v3-1146764-1147010-1A.2","64C146+9N182+8N",816,0.79609756097561,3
"IM-23-122-GBHJ","8039832081","Maziba","Pf3D7_08_v3-336421-336651-1A","TAACAACGAACCCATAAATTTACAAAAAAATTTAGATTTAATCATATGGCTAAAAAAGAATATAAAAGAAGGAGAAGCTTTAATTTCTGATATACCTACATCAAGTTTTTTAAGGTGTACTACAAATTATAAATTTGTATTGCATCCCCAATATGAAGATAGT","Pf3D7_08_v3-336421-336651-1A.2","25A51+8N97T105+8N148C",171,0.167482859941234,3
"IM-23-122-GBHJ","8039832081","Maziba","Pf3D7_02_v3-291770-292017-1A","TAATATCATAAGGTTTGAATATTTTCCTCTCAAGTATTATACCAACAGAAGGTTTATCATCATCTTTAAAACCTGCTCTATCTTTAACCCATTGATTAGGATTTTTTAAACATAAAGCTGGATTCTTTAATAAATCTTTCATATGTTCCATATTATTTTCTTCATTTATATATGATTCTAC","Pf3D7_02_v3-291770-292017-1A.9","33A101+8N",60,0.109489051094891,4
"IM-23-122-GBHJ","8039832081","Maziba","Pf3D7_07_v3-717260-717493-1A","GAGCTTGCTTTTTTGTTGCGTTACTTGCTGGGCTGATCAAAAAAAAAGTTGAATGTATTGAACTTAGTGCCAGCGAAATTTCCCCTCATGAAAACAAATCGACGAGTTCATCAATATTCCAAGAGGAATTAAAATTTGATAAGTCTCTGAAAAATTTTTTCAAACAA","Pf3D7_07_v3-717260-717493-1A.1","8+8N38+11N154+8N",941,0.867281105990783,2
"IM-23-122-GBHJ","8039832081","Maziba","Pf3D7_08_v3-399693-399961-1A","CTTTTCTTCAACTTGGTTTATTACATTATTATTTTCATCATTGTGTTGAATGTCCTTATAAATATGTTCATTAATAATATCTTTGGAAGTATCTTCCATATTTTCTTCTTTATCAATTTTAAATACTTTTTCATAACTTTCATTTTCTTTTTTCTCCTTGGATGTTTCTAATTTATTCTCGTCATTTTTATCAAAATTATTTTTATAACTTTCA","Pf3D7_08_v3-399693-399961-1A.11","11A147+8N",377,0.622112211221122,4
"IM-23-122-GBHJ","8039832081","Maziba","Pf3D7_11_v3-1293919-1294168-1A","TCCATATCAAAATAGTAATGTGTATCATCCAATCAACGAACATAGGGAACATCCAAAAAAATACGAATATCCATTACACCAGGAACATACATACCAACAAGAAGATTCAGGAGAAGACGAAAATACATTACAACACGCATATCCAATAGACCACGAAGGTGCCGAACCCGCACCACAAGAACAAAATTTAT","Pf3D7_11_v3-1293919-1294168-1A.12","17A27A59A",1,0.00131061598951507,6
"IM-23-122-GBHJ","8039832081","Maziba","Pf3D7_13_v3-1876391-1876664-1A","AACTATCTGTAAAAGTATGTTTAGAACTAACATTTGAAGAGAAGTTACATCCGTGTATGACTTTTTTTTCATATTTTGGTTTTAAAACTATTTTATAATTATTATTTTTAAATTTGCATGTACATTCTGTATTAACATCTTTTGATGTAACATAAAATGGAGCTTTAAAGATAGTTAAGTTTTTATGATAAATTATTTTATTACTTTTATATA","Pf3D7_13_v3-1876391-1876664-1A.1","61+10N",325,0.655241935483871,3
"IM-23-122-GBHJ","8039832081","Maziba","Pf3D7_11_v3-1294664-1294910-1A","AAAAGATATATCATTTCAAAACTATACATATTTAAGTAAAAATGTAGTTGATAACTGGGAAAAAGTTTGCCCTAGAAAGAATTTAAAGAATGCAAAATTCGGATTATGGGTCGATGGAAATTGTGAAGATATACCACATGTAAATGAATTTCCAGCAATTGATCTTTTTGAATGTAATAAATTAGTTTTTGAATTG","Pf3D7_11_v3-1294664-1294910-1A.1","40A86A",155,0.101373446697188,6
"IM-23-122-GBHJ","8039832081","Maziba","Pf3D7_07_v3-729480-729750-1A","TGAATGTTCAGAAATTTTATATCACTTAAATCGTTTGAGTGCGTTAGATCAAATATTGTTGAAAGATAAAATAAGTATATATGAGTATCAGCTAAAGGACACGTTTTTAACAACGTATGATATAGGTTGTTTATTAAAAATAGCTCAAGTGTTGAATGAACAAAATTATTATGATAACATTCCATTTTTGCATATATTTTTATATAACATACATAA","Pf3D7_07_v3-729480-729750-1A.2",".",327,0.838461538461538,2
"IM-23-122-GBHJ","8039832081","Maziba","Pf3D7_08_v3-412801-413062-1A","ATGAAGAAATATACGAATATATACTTATAAACGATATTTTTAATTTAAAAAAAGAAATAAAAAATTTCAATATATTAAATAAATATGATGTATTTGAATATATTATTATTATTTTAAAATTGTATGATAAAATATATCCTGATGCAAAGTACATCGAATGTGTACGAGAAACATCACAGAATGGTGATCCTTTA","Pf3D7_08_v3-412801-413062-1A.2","46+9N58+8N101+13N",24,0.171428571428571,3
"IM-23-122-GBHJ","8039832081","Maziba","Pf3D7_11_v3-1294664-1294910-1A","AAAAGATAAATCATTTCAAAACTATACATATTTAAGTAAAAATGTAGTTGATAACTGGGAAAAAGTTTGCCCTAGAAAGAATTTAGAGAATGCAAAATTCGGATTATGGGTCGATGGAAATTGTGAAGATATACCACATGTAAATGAATTTTCAGCAAATGATCTTTTTGAATGTAATAAATTAGTTTTTGAATTG","Pf3D7_11_v3-1294664-1294910-1A.10","9A40A86G152T159A",27,0.0176586003924133,6
"IM-23-122-GBHJ","8039832081","Maziba","Pf3D7_13_v3-2114829-2115090-1A","ATTCAATATATATAAAAATATAGCTAATAAACATTTCAAATCTCCATTAAGAACTTTATTCATCTTAACAAAAGCTCTATGAACTTCTGTATCTATAGTCGATTTTGTTATTCTAAGCATATCATTAAGTAAAAAATTTACGGTATCGACATTAACAGTGTAATAATGTCTTCCTAAATTTAAATGTTCTAAATAATTCAA","Pf3D7_13_v3-2114829-2115090-1A.3","130+8N168G192A",644,0.824583866837388,3
"IM-23-122-GBHJ","8039832081","Maziba","Pf3D7_11_v3-1295103-1295335-1A","ACTACTGCTTTGTCCCATCCCACCGAAGTTGAAAACAATTTTCCATGTTCATTATATAAAGATGAAATAATGAAAGAAATCGAAAGAGAATCAAAACGAATTAAATTAAATGATAATGATGATGAAGGGAATAAAAAAATTATAGCTCCAAGAATTTTTATTTCAGATGATAAA","Pf3D7_11_v3-1295103-1295335-1A.3","23C132+9N",931,0.80466724286949,5
"IM-23-122-GBHJ","8039832081","Maziba","Pf3D7_08_v3-476232-476475-1A","CAAACACATGATAAACAAAAGTGTAAGGAAAATTTTTCAAATTCTTTTGTTAATGAAATATATGAAAAAGAAGAAAAAGAAACGCAAAAAATGAAAGAATATTTAGAACAACATGAAGAACATTTTTCAACGTTTAGAAATTCAATTTTATGTAAATTAAGAATAGCTGAAGAATT","Pf3D7_08_v3-476232-476475-1A.2","45T85+8N",213,0.334905660377358,2
"IM-23-122-GBHJ","8039832081","Maziba","Pf3D7_13_v3-2504481-2504734-1B","TAAAATGTGTTGATGATTTTAACAATATGGTTATAACGATAAAAGAGGAAGTAAACAATCATTGGGAAAATAATATATACAATAAAAAGGATATGGTTAATTATACAAATGAAAATTATAATGATAATATATTAACATATGAATATATTAATGAAACACTTAGAAAAGAAAAAAAAAGATATTATA","Pf3D7_13_v3-2504481-2504734-1B.1","168+11N",318,1,1
"IM-23-122-GBHJ","8039832081","Maziba","Pf3D7_13_v3-2545065-2545291-1A","ATGATTCCTCAAAAGTTTAACATTCCACATAGTATCTGTTAAATTGATAGTTTGCAAACAATTATACGTTTGGTTATTTTTATTTTTAAAAAAGGATATATGATCATCTAAAGATTTATTTTTGAGAAAGATTTCCATATATTCATATATATCATGAATACACCA","Pf3D7_13_v3-2545065-2545291-1A.1","87+8N154A",2,0.00172562553925798,7
"IM-23-122-GBHJ","8039832081","Maziba","Pf3D7_04_v3-115455-115684-1A","TATTAATGTCATTTTGTTTTTCTTTATTATTATTATTTTTATTTTTTCCCTGGTTATCTTCCTTATTACCTAGCTTTTTTTTGTTGTCATTATTTTCTGTCTGATTATTATTTTTGACTTTGTTCATCTTTGAATTATTCGTTCTGTTTGTATGTCTCAAGCAAGGT","Pf3D7_04_v3-115455-115684-1A.5","24+25N74+10N139T",981,0.856768558951965,5
"IM-23-122-GBHJ","8039832081","Maziba","Pf3D7_04_v3-115455-115684-1A","TATTAATGTCATTTTGTTTTTCTTTATTATTATTATTTTTATTTTTTCCCTGGTTATCTTCCTTATTACCTAGCTTTTTTTTGTTGTCATTATTTTCTGTCTGATTATTATTTTTGACTCTGTTCATCTTTGAATTATCCGTTCTGTTTGTATGTCTCAAGCAAGGT","Pf3D7_04_v3-115455-115684-1A.2","24+25N74+10N120C",150,0.131004366812227,5
"IM-23-122-GBHJ","8039832081","Maziba","Pf3D7_08_v3-550057-550318-2","ACTATTTGATATTGGATTAGGATTTGGGAAGAAACATGATCAATCTATTAAACTCTTACAAAATATACATGTATATGATGAGTATCCACTTTTTATTGGATATTCAAGAAAAAGATTTATTGCCCATTGCATGAATGATCAAAATGTTGTAATAAATACACAACAAAAATTACATGATGAACAACAAAATGAAAATAAAAATA","Pf3D7_08_v3-550057-550318-2.2","27G",10,0.0151745068285281,2
"IM-23-122-GBHJ","8039832081","Maziba","Pf3D7_04_v3-133581-133830-1A","CTCTCGATTATCATTACCTACTTCAGTCTTTACAATTGTAGGAGGTGTTTTAACATGATTATCCCCTCCATGAGGAGTAACCCTTAAAGGTTCTTCTTGAATATTTGGTGTCGCTTCGCCTGTTTCTGTAGAAAGGATATTTATTCTATCAACATATTCATCACCTTCTTCAACTGTACTATTTAAA","Pf3D7_04_v3-133581-133830-1A.1",".",44,0.314285714285714,2
"IM-23-122-GBHJ","8039832081","Maziba","Pf3D7_11_v3-1375807-1376056-1A","TCGTTATGTACCCTAATAAATTTTTTTTCATTATTTGAATCTATATTATTTACATTAGTATTTTGAGTTGTACCATAAATTTCAGTGTTATTATTATTTCTATTCATATAATTATGTCCGCTTATATAATTATGACCATTAAAAAAACGTCTTCCATGTATATCATCTCTTCTAATGTATTTA","Pf3D7_11_v3-1375807-1376056-1A.1","20+10N140+9N",187,0.644827586206897,2
"IM-23-122-GBHJ","8039832081","Maziba","Pf3D7_13_v3-2780346-2780575-1B","GTTGGATAGAATGCCCGACTACGGATCGGGAGGTCGTGGGTTCGACTCCTGCCCGGCCTAATTTTTTTCGTTTTCCTTTTTAAAGTAAAAAAGGATAATATTTTTAAAAAACATTTAGTATATATATTTTTTTTAAATAATAAATCTATTATATTATTAAATATTATGAGAAGA","Pf3D7_13_v3-2780346-2780575-1B.2","61+9N76C86+8N105+8N126+10N",455,0.755813953488372,2
"IM-23-122-GBHJ","8039832081","Maziba","Pf3D7_14_v3-120101-120365-1A","TTTTACAACATTATTTTTTTCTTCCTCCTCAGATAAAATAGGTACACATATCGCGTCCTTATCACATCCTCCATTGTTTACCTTACAATGTTCTTCGCATTCGAAATTTTTTTCAGGATTACTTGAAAAGCCTTCTGGACAATTACAATATTCATATCCATGAGTATTCTTACAAACACCTTTTCCACAATTTAAAA","Pf3D7_14_v3-120101-120365-1A.2","13+9N106+9N",281,0.638636363636364,3
"IM-23-122-GBHJ","8039832081","Maziba","Pf3D7_13_v3-2814583-2814832-2","TCAGTCTTCTAATTCTAGCGATAATGATCCTGCAGTAGTAAGTGGTAGAGAATCTAAAGATGTAAATCTTCATACTTCTGAAAGGATTAAAGAAAATGAAGAAGGTGTGATTAAAACAGATGAAAGTTCAAAAAGTATTGAAATTTCTAAAATACCATCTGACCAAAATAATCATAGTGATTTATCACAG","Pf3D7_13_v3-2814583-2814832-2.2",".",15,0.012701100762066,3
"IM-23-122-GBHJ","8039832081","Maziba","Pf3D7_13_v3-2814583-2814832-2","TCAGTCTTCTAATTCTAGCGATAATGATCCTGCAGTAGTAAGTGGTAGAGAATCTAAAGATGTAAATCTTCATACTTCTGAAAGGATTAAAGAAAATGAAGAAGGTGTGATTAAAACAGATGATAGTTCAAAAAGTATTGAAATTTCTAAAATACCATCTGACCAAAATAATCATAGTGATTTATCACAG","Pf3D7_13_v3-2814583-2814832-2.1","124T",1024,0.867061812023709,3
"IM-23-122-GBHJ","8039832081","Maziba","Pf3D7_14_v3-1392837-1393086-1A","ACATGTATTGTCCCCAGCATGAATCGGGTGATAAATATTATCAAGCGTATCAAAAAATGGATTGTAATTATTACTACTATTCATATCATTATTTTTTGTGGTGGTGGACTGTGAAATGTTTTCCTTATGATTTTGACTTGTGTGTATATCCCTACCAACAACATATTCAACATTATTATTATCAAAAA","Pf3D7_14_v3-1392837-1393086-1A.2","51+8N91+8N",499,0.774844720496894,2
"IM-23-122-GBHJ","8039832081","Maziba","Pf3D7_14_v3-1392837-1393086-1A","ACATGTATTGTCCCCAGCATGAATCGGGTGATAAATATTATCAAGCGTATCAAAAAATGGATTGTAATTATTACTACTATTCATATCATTATTTTTTGTGGTGGTGGACTGTGAAATGTTTTCCTTATGATTTTGACTTGTGTGTATATCCCTACCAACAATATATTCAACATTATTATTATCAAAAA","Pf3D7_14_v3-1392837-1393086-1A.3","51+8N91+8N162T",145,0.225155279503106,2
"IM-23-122-GBHJ","8039832081","Maziba","Pf3D7_11_v3-1816152-1816378-1A","TTGGGTAGATATCGTTATAAGGGCTATAATGTATTGACTTCTCCGGGTTTGTTACATTATCATTACAACCAATATTATTAAGGTTCATATTATTTTTATCATTATTATTGTTGTTTTCATTTGTGTGGTTATATAATAACAATGATGTGTCGTCTATTGGATCATT","Pf3D7_11_v3-1816152-1816378-1A.4","50T86C90T",987,0.663752521856086,3
"IM-23-122-GBHJ","8039832081","Maziba","Pf3D7_11_v3-1902041-1902278-2","ATGAAACAAAATGTCCACCTAGATACCCTTTAAAATCAAAAGTTTTTGGAACCTTTGACCAAAAAACAGGAAAATGTAAAAGTCTCATGGACAAAGCATATGAAGTTGGAATTAATAAATTTTCAGTCTGTTTAGAATATTTATTTTTAGTATCACCTAAGGATTTATATAATAGCGGAAG","Pf3D7_11_v3-1902041-1902278-2.1","60+8N",1620,1,1
"IM-23-122-GBHJ","8039832081","Maziba","Pf3D7_13_v3-2814606-2814855-1B","TAGCGATAATGATCCTGCAGTAGTAAGTGGTAGAGAATCTAAAGATGTAAATCTTCATACTTCTGAAAGGATTAAAGAAAATGAAGAAGGTGTGATTAAAACAGATGATAGTTCAAAAAGTATTGAAATTTCTAAAATACCATCTGACCAAAATAATCATAGTGATTTATCACAGAATGCAAATGAGGACTCTA","Pf3D7_13_v3-2814606-2814855-1B.1","109T",661,0.876657824933687,3
"IM-23-122-GBHJ","8039832081","Maziba","Pf3D7_11_v3-1934962-1935236-1A","TGATGTGCCAATATTAAGGATACATTTTCTAAAGCTTCTATCAGATAATGAAAATTTTTTCTGCGATTTTCATTTAAATCATTAAATATATTGGTTAGTTCTTGTATTGACGTTTTTGGATCTAAGGATGTAATTTGTTCATTTAATTCTTCTGTATATTCTAGATTAAAGTTTAAATTATTAAAATAACCTTCAGCATTATTTTCATTTTT","Pf3D7_11_v3-1934962-1935236-1A.1","54+10N98G",46,0.233502538071066,2
"IM-23-122-GBHJ","8039832081","Maziba","Pf3D7_11_v3-1018781-1019053-1A","TTTTTGATTCATATCATTATCATAATTATATATATATTGATCTCTGTCTATATGGGGAGCAAAAAAATATAAAGGATGTTGTGTCAAGGCTAATAATAATTCTGTAGCTATACTACTACTTATGTTACTTATACCACATCTAGTGACTGTGCATTTTTCATCTAATGTTCTATAGGATAAAGAATCTGAAGGACAATGCATATCAT","Pf3D7_11_v3-1018781-1019053-1A.1","60+9N85C151G",20,0.124223602484472,2
"IM-23-122-GBHJ","8039832081","Maziba","Pf3D7_11_v3-1018781-1019053-1A","TTTTTGATTCATATCATTATCATAATTATATATATATTGATCTCTGTCTATATGGGGAGCAAAAAAATATAAAGGATGTTGTGTTAAGGCTAATAATAATTCTGTAGCTATACTACTACTTATGTTACTTATACCACATCTAGTGACTGTACATTTTTCATCTAATGTTCTATAGGATAAAGAATCTGAAGGACAATGCATATCAT","Pf3D7_11_v3-1018781-1019053-1A.2","60+9N",141,0.875776397515528,2
"IM-23-122-GBHJ","8039832081","Maziba","Pf3D7_01_v3-528859-529104-1A","TTTGATTCTTTTTAATAAAAAAGAAGCTAAAGATATGTCAGACCATATAATTTCCCAACAAAAACGTTATTGCTCTACCAATATTCATAGTATTTATAATAATAAAATATGTATATGTAAAAATAAGCGACATCATAACAAAAGAGGGAAAGGAATAAAGCATCCTGACATACACCAAAAGG","Pf3D7_01_v3-528859-529104-1A.72","17A93T175C",286,0.143863179074447,4
"IM-23-122-GBHJ","8039832081","Maziba","Pf3D7_07_v3-627351-627625-1A","TCACTAAGATAATTATTATTACTATTTTCAGCATAATAAAATTTCTGATGTTTTATAAGAGGAGTTTGGTTAGAAGCAAAATTATCAGCAGTTGTCGAATAATTATTATGTTCTTGATAAAAGAGATTATTCATATAGTTATTATTATTTTTCATATCATCCATAGTATTATTGTTAATATAAAATTCCTCATATGAATTATATATATA","Pf3D7_07_v3-627351-627625-1A.1",".",84,0.244897959183673,3
"IM-23-122-GBHJ","8039832081","Maziba","Pf3D7_14_v3-2260533-2260765-1A","AATAACCATCAAATACAAACTCAACCAACAAATACAGTACAATATATTCAACCAAATTATGAACAAGTCATAACACAAGTAGATCAAAATGGTAATCTATTCAATCAACAGCTTGTAGGAAGTACAGTAATGCAAAATATGACACCACAAGGTGTAAACACGTTAAATTATCCTGCAACG","Pf3D7_14_v3-2260533-2260765-1A.1","91G",16,0.0215343203230148,2
"IM-23-122-GBHJ","8039832081","Maziba","Pf3D7_09_v3-516735-517007-1A","ATAGAAGGATATATAAAAAATTATCAAGAATCATATAATATAAATGACCATTGTAAATTAGTTCCATTAAATTTTTATAAAGATTCTATTTCTAATGATTTAGGTACTCCATGCCCTGTGAATAGTATTACCTTAAATGTGGGCGCAAAAACTATAAATGAATGTTTGTGTAATAAAGGATATTTCTATAATGTCAAGAAACAACAATGTGA","Pf3D7_09_v3-516735-517007-1A.1","14+8N",62,0.177142857142857,2
"IM-23-122-GBHJ","8039832081","Maziba","Pf3D7_11_v3-1127074-1127316-1A","AACATTTTAATATTCCTAATTTCGAAAATATGATGAAAGGAGTTTTTGGAATTATTCAAAATCCTTTTGAAAATGGCCAACCCACTTTCCCATTCTTTAAAAATATTAATTCGATCTCTGGAATCGGTAATGTTGATATCCCCAAAAATTTTATGAATGATTTTTTGAATAATGGAAATGATCAAAACA","Pf3D7_11_v3-1127074-1127316-1A.1","13T160+8N",136,0.132167152575316,3
"IM-23-122-GBHJ","8039832081","Maziba","Pf3D7_09_v3-595828-596094-1A","ATAATTTTTTCATCGTTCTTATACATGAATGATAAAGTCTTTTTGCAAAATTTTTTGAAGAGATCAGATTTGAGATAAAGACGTTTGGCTAATTTATACGAGAATTCGAGAGCATCTAATTTTATATTTAAACATTTTTTCGTATCCAATATATTATAATTTTGTTCATAAGTCTGTTCATTTATATTATTTAATACTTTT","Pf3D7_09_v3-595828-596094-1A.6","4+8N27G50+8N134+8N",80,0.146252285191956,5
"IM-23-122-GBHJ","8039832081","Maziba","Pf3D7_09_v3-595828-596094-1A","ATAATTTTTTCATCGTTCTTATACATGAATGATAAAGTCTTTTTGCAAAATTTTTTGAAGAGATCAGATTTGAGATAAAGACGTTTGGCTAATTTATACGAGAATTCGAGAGCATCTAATTTTATATTTAAACATTTTTTCGTATCCAATATATTATAATTTTGTTCATAAGTCTGTTCGTTTATATTATTTAATACTTTT","Pf3D7_09_v3-595828-596094-1A.5","4+8N27G50+8N134+8N180G",7,0.0127970749542962,5
"IM-23-122-GBHJ","8039832081","Maziba","Pf3D7_01_v3-535965-536239-1A","GCTCATTTGATATTTTCCAGTTGTTTGATTTTAAAAATGATGTATATTTTTTAGATGATAATTTGTTCGACAAGGATATGGTATATTGTACAAGTACCAACAATTATGGCGTTATGGAAAATGATAATGATGATGATAAAATAATAAAAATACAGAATTTAAATGAGAAATTAAAAAATGGAAAAGCTGAATTTAAAGATATATTATTAT","Pf3D7_01_v3-535965-536239-1A.9","46+8N118A121+17N155G172+8N",1,0.0028169014084507,4
"IM-23-122-GBHJ","8039832081","Maziba","Pf3D7_03_v3-515418-515657-1A","TTTCCTTAATTTCTATATGTTTGAATTCCCTTATAGACATATTTGAATCATTATTACTTTTATATGAAGTGTTATTATCGAAATTATTATTAATACATTTTATTTTAATGATTTTGTTAAAATTTTTATTATTTACTATAATGGAAGTCAGATATGTACTTATCGTATGGAAAGCTAATCATCAACA","Pf3D7_03_v3-515418-515657-1A.2","5C",429,0.2578125,2
"IM-23-122-GBHJ","8039832081","Maziba","Pf3D7_08_v3-336421-336651-1A","TAACAACGAACCCATAAATTTACAGAAAAATTTAGATTTAATCATATGGCTAAAAAAGAATATAAAAGAAGGAGAAGCTTTAATTTCTGATATACCCACATCAAGTTTTTTAAGGTGTACTACAAATTATAAATTTGTATTGCATCCACAATATGAAGATAGT","Pf3D7_08_v3-336421-336651-1A.1","51+8N105+8N",9,0.00881488736532811,3
"IM-23-122-GBHJ","8039832081","Maziba","Pf3D7_08_v3-336421-336651-1A","TAACAACGAACCCATAAATTTACAGAAAAATTTAGATTTAATCATATGGCTAAAAAAGAATATAAAAGAAGGAGAAGCTTTAATTTCTGATATACCTACATCAAGTTTTTTAAGGTGTACTACAAATTATAAATTTGTATTGCATCCCCAATATGAAGATAGT","Pf3D7_08_v3-336421-336651-1A.3","51+8N97T105+8N148C",841,0.823702252693438,3
"IM-23-122-GBHJ","8039832081","Maziba","Pf3D7_13_v3-1725887-1726123-2","AAATAGCTCCACCAACATTAATATCAATCATAGTTTCAGTAGCAATATTTGCATCAACAATTTTTTTTTTATCATTCTCAAAATTTTTATATTCTTGATAATATTTTTCTTTTTCTAAATATAATACTAATTTAATTTTATCGATTTCTTGTAAAAATCTTAATCTTTCTTCATCAA","Pf3D7_13_v3-1725887-1726123-2.1","60+12N",607,1,1
"IM-23-122-GBHJ","8039832081","Maziba","Pf3D7_13_v3-1726174-1726408-2","TTTCTAATTCTTTGTACAATCGTACTCTTTCCATTTCTAGTTCTTTCTTATCTTTAAATAATTTATCTTTTTCTCGAATAAAATTCATTTGTGTCTTTTTTAACCAATTAATAAATGTAATTCTTAAATCACCTACCATATTTTCAAAATCACTAGCATCACTTAAT","Pf3D7_13_v3-1726174-1726408-2.1","95+8N",1309,1,1
"IM-23-122-GBHJ","8039832081","Maziba","Pf3D7_13_v3-1876391-1876664-1A","AACTATCTGTAAAAGTATGTTTAGAACTAACATTTGAAGAGAAGTTACATCCGTGTATGACTTTTTTTTCATATTTTGGTTTTAAAACTATTTTATAATTATTATTTTTAAATTTGCATGTACATTCTGTATTAACATCTTTTGATGTAACATAAAATGGAGCTTTAAAGATAGTTAACTTTTCATGATAAATTATTTTATTACTTTTATATA","Pf3D7_13_v3-1876391-1876664-1A.2","61+10N179C184C",77,0.155241935483871,3
"IM-23-122-GBHJ","8039832081","Maziba","Pf3D7_11_v3-1293919-1294168-1A","TCCATATCAAAATAGTAATGTGTATCATCCAATCAACGAACATAGGGAACATCCAAAAGAATACCAATATCCATTACACCAGGAACATACATACCAACAAGAAGATTCAGGAGAAGACGAAAATACATTACAACACGCATATCCAATAGACCACGAAGGTGCCGAACCCGCACCACAAGAACAAAATTTAT","Pf3D7_11_v3-1293919-1294168-1A.2","17A27A65C",74,0.0969855832241153,6
"IM-23-122-GBHJ","8039832081","Maziba","Pf3D7_11_v3-1293919-1294168-1A","TCCATATCAAAATAGTGATGTGTATCGTCCAATCAACGAACATAGGGAACATCCAAAAGAATACGAATATCCATTACACCAGGAACATACATACCAACAAGAAGATTCAGGAGAAGACGAAAATACATTACAACACGCATATCCAATAGACCACGAAGGTGCCGAACCCGCACCACAAGAACAAAATTTAT","Pf3D7_11_v3-1293919-1294168-1A.1",".",194,0.254259501965924,6
"IM-23-122-GBHJ","8039832081","Maziba","Pf3D7_13_v3-2114242-2114482-1A","CTTCCATTAACTCAATATATAATTTATTAATAATTTTTAATTTGTTTATTTCAAAAAGGCATAGTTGTAACAAGGTTCTTAAGGTTCTATTACCCCCTAAGAGGTTAAAATGAATATTTCCTTTTTCTCGTATATGCAAAAAATCCCTTAACAATAAATCATATTCATCAGTATGAAATGT","Pf3D7_13_v3-2114242-2114482-1A.1","67G76T137+8N",19,0.0213004484304933,2
"IM-23-122-GBHJ","8039832081","Maziba","Pf3D7_05_v3-350808-351052-1A","TAATATAATTTGAGTTGATAATATTATAATTATTTTTTATATGTTGCTCATTTATATTATTATGATAAATATGAGTTGTATTTTTATTAGAATTGTAGGACATTTTCCCATACATGAGTTGTTTTACATTTTTAACATTTTTATAATTATGTATTAAACATAAAATTATTAGATAAA","Pf3D7_05_v3-350808-351052-1A.7","32+8N92A164A",502,0.637865311308767,4
"IM-23-122-GBHJ","8039832081","Maziba","Pf3D7_05_v3-350808-351052-1A","TAATATAATTTGAGTTGATAATATTATAATTATTTTTTATATGTTGCTCATTTATATTATTATGATAAATATGAGTTGTATTTTTATTAGAGTTGTAGGACATTTTCCCATACATGAGTTGTTTTACATTTTTAACATTTTTATAATTATGTATTAAACATAAGATTATTAGATAAA","Pf3D7_05_v3-350808-351052-1A.2","32+8N",8,0.0101651842439644,4
"IM-23-122-GBHJ","8039832081","Maziba","Pf3D7_13_v3-2114829-2115090-1A","ATTCAATATATATAAAAATATAGCTAATAAACATTTCAAATCTCCATTAAGAACTTTATTCATCTTAACAAAAGCTCTATGAACTTCTGTATCTATAGTCGATTTTGTTATTCTAAGCATATCATTAAGTAAAAAATTTACGGTATCGACATTAACAGTGTAATAATTTCTTCCTAAATTTAAATGTTCTATATAATTCAA","Pf3D7_13_v3-2114829-2115090-1A.5","130+8N",127,0.162612035851472,3
"IM-23-122-GBHJ","8039832081","Maziba","Pf3D7_04_v3-1083299-1083563-2","ATATACTTTCCATATGTAGAGGACTTATGATATATAGAATTATAAGATAAATGTTTATAATAATCTAAAAAAGTATAATGAGGTATTATAACAAAATCCAAATGTCCTTCTTTTTCTTGTAAAATATCAATAGAATTTGCAATGTTATAATTTGATAACTCTTTAAAATGATATTGTAAAAAATTAACATTTTTATA","Pf3D7_04_v3-1083299-1083563-2.2","4T66+8N177+8N",57,0.154471544715447,3
"IM-23-122-GBHJ","8039832081","Maziba","Pf3D7_05_v3-369676-369949-1A","TGTAATATTATATATCCTGTTATAAATAAATCACTGGATATGGATGTGAAAAAAGAAGATATAAAAAAAAATGTAGAAGAAAATAAATATATAGAACATACACAGAATTTGAAAAATTATTTAGAAAATGATGAAAATGAGAAAAAAAAAAGAAGAAAAAGATCAAATAATAATGACAATTATAATTCTCATGATAATAATATTTTTCA","Pf3D7_05_v3-369676-369949-1A.2","34C48+8N62+11N141+12N",147,0.662162162162162,2
"IM-23-122-GBHJ","8039832081","Maziba","Pf3D7_05_v3-369676-369949-1A","TGTAATATTATATATCCTGTTATAAATAAATCATTGGATATGGATGTGAAAAAAGAAGATATAAAAAAAAATGTAGAAGAAAATAAATATATAGAACATACACAGAATTTGAAAAATTATTTAGAAAATGATGAAAATGAGAAAAAAAAAAGAAGAAAAAGATCAAATAATAATGACAATTATAATTCTCATGATAATAATATTTTTCA","Pf3D7_05_v3-369676-369949-1A.1","48+8N62+11N141+12N",75,0.337837837837838,2
"IM-23-122-GBHJ","8039832081","Maziba","Pf3D7_04_v3-115455-115684-1A","TATTAATGTCATTTTGTTTTTCTTTATTATTATTATTTTTATTTTTTCCCTGGTTATCTTCCTTATTACCTAGCTTTTTTTTGTTGTCATTATTTTCTGTCTGATTATTATTTTTGACTTTGTTCATCTTTGAATTATCCGTTCTGTTTGTATGTCTCAAGCAAGGT","Pf3D7_04_v3-115455-115684-1A.1","24+25N74+10N",2,0.00174672489082969,5
"IM-23-122-GBHJ","8039832081","Maziba","Pf3D7_08_v3-550057-550318-2","ACTATTTGATATTGGATTAGGATTTGCGAAGAAACATGATCAATCTATTAAACTCTTACAAAATATACATGTATATGATGAGTATCCACTTTTTATTGGATATTCAAGAAAAAGATTTATTGCCCATTGCATGAATGATCAAAATGTTGTAATAAATACACAACAAAAATTACATGATGAACAACAAAATGAAAATAAAAATA","Pf3D7_08_v3-550057-550318-2.1",".",649,0.984825493171472,2
"IM-23-122-GBHJ","8039832081","Maziba","Pf3D7_12_v3-529495-529767-1A","GCTCCCCAAAAGTTAACTGCTTCATTATTTTGTGGATCCCAAAAACTAACATTCGTTACCCATCCAACATAATCGGTAGATATCCTATATTCATAACTACTACAGAAATATTTATACTCATGGTATACATTTGCATCATTTACATCTACCAAATTAACAGTTTTACACAAATTGTGAATGCCATTCAAGTTATAAAAACCTGTACAT","Pf3D7_12_v3-529495-529767-1A.2",".",432,0.818181818181818,3
"IM-23-122-GBHJ","8039832081","Maziba","Pf3D7_08_v3-585331-585590-1A","TGAAAACTTTTCATGTACGGTTAATAAACAAAATAATTCTGAATTATATATAAGTAAAACTTCTTCTACATCTCTAAATTTATGCATTGTAGCTCTTTTAAGATAATAAGGCAAATATTTTACAATATATTTTTGTTTAAAAAAACCTTGATGACCAACATTAATATCTTCCATTTTGGAAAAGGTTCCACTTAACG","Pf3D7_08_v3-585331-585590-1A.1","138+9N",27,0.0585683297180043,2
"IM-23-122-GBHJ","8039832081","Maziba","Pf3D7_14_v3-1166107-1166371-1A","TTTTTGAATTATTAAATATATCTTCTATAAAAAAAGAATATCAAGCTATACATAACAATAAGTATTTTTTATGGAATATGGATGCAGATTTTTTTACTATAAAAAATCATCATAAGGATAATAAGGATAACAATGATGAAAATGTGAATGTAATAATACAACAAAATAATTTAGTTCTAGAAAAATATGATCATTTAATAGA","Pf3D7_14_v3-1166107-1166371-1A.2","28+9N64+8N88+9N100+8N179A",328,0.863157894736842,3
"IM-23-122-GBHJ","8039832081","Maziba","Pf3D7_04_v3-133581-133830-1A","CTCTCGATTATCATTACCTACTTCAGTCTTTACAATTGTAGGAGGTGTTTTAACATGATTATCCCCTCCATGTGGAGTAACCCTTAAAGGTTCTTCTTGAATATTTGGTGTCGCTTCGCCTGTTTCTGTAGAAAGGATATTTATTCTATCAACATATTCATCACCTTCTTCAACTGTACTATTTAAA","Pf3D7_04_v3-133581-133830-1A.8","73T",96,0.685714285714286,2
"IM-23-122-GBHJ","8039832081","Maziba","Pf3D7_13_v3-2780346-2780575-1B","GTTGGATAGAATGCCCGACTACGGATCGGGAGGTCGTGGGTTCGACTCCTGCCCGGCCTAATTTTTTTCGTTTTCGTTTTTAAAGTAAAAAAGGATAATATTTTTAAAAAACATTTAGTATATATATTTTTTTTAAATAATAAATCTATTATATTATTAAATATTATGAGAAGA","Pf3D7_13_v3-2780346-2780575-1B.1","61+9N86+8N105+8N126+10N",147,0.244186046511628,2
"IM-23-122-GBHJ","8039832081","Maziba","Pf3D7_14_v3-120101-120365-1A","TTTTACAACATTATTTTTTTCTTCCTCCTCAGATAAAATAGGTACACATATCGCGTCCTTATCACATCCTCCATTGTTTACCTTACAATGTTCTTCGCATTCGAAATTTTTTTCAGGATTACTTGAAAAGCCTTCTGGACAATTACAATATTCATATCCATGAACATTCTTACAAACACCTTTTCCACAATTTAAAA","Pf3D7_14_v3-120101-120365-1A.3","13+9N106+9N164A165C",99,0.225,3
"IM-23-122-GBHJ","8039832081","Maziba","Pf3D7_04_v3-284121-284364-1A","ATATTGTATATTATCATAAGATTTATATGGAGGACCACATTGAAATCCGACAATTTCATTTGATGCATGTAGTACACATTCCGTATTTCTGTTTGAATTATTTAAAATAATTTTATTACTTAGAAATGATTCTTTTTCACTATAATCTTTATATAACAAAGGGTCTTCATCAATTTGA","Pf3D7_04_v3-284121-284364-1A.5",".",79,0.147663551401869,3
"IM-23-122-GBHJ","8039832081","Maziba","Pf3D7_11_v3-1816152-1816378-1A","TTGGGTAGATATCGTTATAAGGGCTATAATGTATTGACTTCTCCGGGTTTGTTACATTATCATTACAACCAATATTATTAAGGTTAATACTATTTTTATCATTATTATTGTTGTTTTCATTTGTGTGGTTATATAATAACAATGATGTGTCGTCTATTGGATCATT","Pf3D7_11_v3-1816152-1816378-1A.5","50T",205,0.137861466039005,3
"IM-23-122-GBHJ","8039832081","Maziba","Pf3D7_08_v3-1314717-1314986-1A","ATAAAAAAGAAAAAATTATTGTCAAAAGTTTTCATAGATATATATATGATGGTATTAGAAGATTTTAAAGAAGAAGAATGTAAAAAAAATAAAGAAATATTTCTTGATACTTATATAGATGAACTAAAAAAAGATTCACAAAGTGAAAAAAATAAAAGCATGTTAAATATATTAGATGAAATAAAAAGTGATATTCATATAGGATATC","Pf3D7_08_v3-1314717-1314986-1A.1","2+15N87A125+9N138A145+9N",237,1,1
"IM-23-122-GBHJ","8039832081","Maziba","Pf3D7_13_v3-2814583-2814832-2","TCAGTCTTCTAATTCTAGCGATAATGATCCTGCAGTAGTAAGTGGTAGAGAATCTAAAGATGTAAATCTTCATACTTCTGAAAGGATTAAAGAAAATGAAGAAGGTGTGATTAAAACAGATGATAGTTCAAAAAGTATTGAAATTTCTAAAATATCATCTGACCAAAATAATCATAGTGATTTATCACAG","Pf3D7_13_v3-2814583-2814832-2.5","124T155T",142,0.120237087214225,3
"IM-23-122-GBHJ","8039832081","Maziba","Pf3D7_11_v3-1816152-1816378-1A","TTGGGTAGATATCGTTATAAGGGCTATAATGTATTGACTTCTCCGGGTTTGTTACATTATCATTACAACCAATATTATTAAGGTTAATATTATTTTTATCATTATTATTGTTGTTTTCATTTGTGTGGTTATATAATAACAATGATGTGTCGTCTATTGGATCATT","Pf3D7_11_v3-1816152-1816378-1A.1","50T90T",295,0.198386012104909,3
"IM-23-122-GBHJ","8039832081","Maziba","Pf3D7_13_v3-2814606-2814855-1B","TAGCGATAATGATCCTGCAGTAGTAAGTGGTAGAGAATCTAAAGATGTAAATCTTCATACTTCTGAAAGGATTAAAGAAAATGAAGAAGGTGTGATTAAAACAGATGAAAGTTCAAAAAGTATTGAAATTTCTAAAATACCATCTGACCAAAATAATCATAGTGATTTATCACAGAATGCAAATGAGGACTCTA","Pf3D7_13_v3-2814606-2814855-1B.2",".",14,0.0185676392572944,3
"IM-23-122-GBHJ","8039832081","Maziba","Pf3D7_13_v3-2814606-2814855-1B","TAGCGATAATGATCCTGCAGTAGTAAGTGGTAGAGAATCTAAAGATGTAAATCTTCATACTTCTGAAAGGATTAAAGAAAATGAAGAAGGTGTGATTAAAACAGATGATAGTTCAAAAAGTATTGAAATTTCTAAAATATCATCTGACCAAAATAATCATAGTGATTTATCACAGAATGCAAATGAGGACTCTA","Pf3D7_13_v3-2814606-2814855-1B.5","109T140T",79,0.104774535809019,3
"IM-23-122-GBHJ","8039832081","Maziba","Pf3D7_13_v3-2816310-2816554-1B","CAAATACTTTTCAATATAGGTCTAGTGAAAGTGTGGAAGTAATAACTAATAAACCTGATGAAATGGAAATGACAACTAAACCACCATCACAATATATTGAAAAGGAAATTGGAGAAATTGATTCTACAAAAAATCAAGATAATGATGAACAAAGCAATTCTATAATTCCTTTAATTAATAAAAATAATGAA","Pf3D7_13_v3-2816310-2816554-1B.2","95T127+8N",467,0.748397435897436,2
"IM-23-122-GBHJ","8039832081","Maziba","Pf3D7_04_v3-544454-544718-1A","ACAAAATATAATACTTTATATACAAATGCTTATAAAAAATTTTAACTCGAACGTACTTCAAAATAATATAAATGAACAAGAAGTAATACATAATAACATCAACATTAATAATATAAAAGAAGAACAACTTATACCAAATAATATCAAGAATATCCATAATAATGACAATATTAATCATTGTGATGATAATAAAATAA","Pf3D7_04_v3-544454-544718-1A.2","33+8N128C",57,0.117525773195876,5
"IM-23-122-GBHJ","8039832081","Maziba","Pf3D7_14_v3-921176-921432-1A","ACAATATTAATTTTTTAAGTTCATTATTTCAATTTTATATTTAGGAGGATCTATATCCATATATTATTCATTTTAAAAATATTAAAATAAATACATATATAAATATATAAACATATAAATACAGTCTTTTAAAAATTAATAAGATTTATATAAAATATGGTTATAAATCCTATTTTGTATTATATTAAA","Pf3D7_14_v3-921176-921432-1A.2","15T120T186T",70,0.178117048346056,3
"IM-23-122-GBHJ","8039832081","Maziba","Pf3D7_08_v3-1375025-1375284-1B","CAAGTTATTATTAAATGCGGAATTATTCTATATAAAAATAAAAAAGCATTTAAAAATGAAAAAATTTATATATATACAATATATAAATATATATATATATATATATATATATATTATTATTATATGTATTTTTATAATTGAATGATATATTTATTTCTATTTGCAATTAAAATGCTTACGTTATCTAACAAAAGTACGGAGGCAAAA","Pf3D7_08_v3-1375025-1375284-1B.4","39+8N58+8N67+53N",2,0.666666666666667,2
"IM-23-122-GBHJ","8039832081","Maziba","Pf3D7_01_v3-528859-529104-1A","TTTGATTCTTTTTAATGAAAAAGAAGCTAAAGATATGTCAGACGATATAATTTCCCAACAAAAACGTTATTGCTCTACCAATATTCATAGTAATTATAATAATAAAATATGTATATGTAAAAATAAGCGACATCATAACAAAAGAGGGAAAGGAATAAAGCATCATGACATACATCAAAAGG","Pf3D7_01_v3-528859-529104-1A.11","44G165A",1275,0.641348088531187,4
"IM-23-122-GBHJ","8039832081","Maziba","Pf3D7_13_v3-1004740-1005002-1A","TTACATCGTAAAAATAATTTAAAATATTATATATATTATCTTTTCCTTTTGGGGGGTCTCTTTTCTTTATATATATATTTACATTTCTCTTCATTTTATTACATGATAAATTAATATTTAATGTACTAATATATATATTATTAATTTTTATTTTCTTCTTCTTTTTTATATTAAAACAAAATGAAGATTCTTTAA","Pf3D7_13_v3-1004740-1005002-1A.1","50+8N161+8N",28,0.903225806451613,2
"IM-23-122-GBHJ","8039832081","Maziba","Pf3D7_11_v3-1127074-1127316-1A","AACATTTTAATAGTCCTAATTTCGAAAATATGATGAAAGGAGTTTTTGGAATTATTCAAAATCCTTTTGAAAATGGCCAACCCACTTTCCCATTCTTTAAAAATATTAATTCGATCTCTGGAATCGGTAATGTTGATATCCCCAAAAATTTTATGAATGATTTTTTGAATAATGGAAATGATCAAAACA","Pf3D7_11_v3-1127074-1127316-1A.2","160+8N",735,0.714285714285714,3
"IM-23-122-GBHJ","8039832081","Maziba","Pf3D7_09_v3-595828-596094-1A","ATAATTTTTTCATCGTTCTTATACATGAATGATAAAGTCTTTTTGCAAAATTTTTTGAAGAGATCAGATTTGAGATAAAGACGTTTGGCTAATCTATAGGAGAATTCTAGAGCATCTAATTTTATATTTAAACATTTTTTCGTATCCAATATATTATAATTTTGTTCATAAGTCTGTTCGTTTATATTATTTAATACTTTT","Pf3D7_09_v3-595828-596094-1A.4","4+8N27G50+8N94C99G108T134+8N180G",2,0.0036563071297989,5
"IM-23-122-GBHJ","8039832081","Maziba","Pf3D7_01_v3-535965-536239-1A","GCTCATTTGATATTTTCCAGTTGTTTGATTTTAAAAATGATGTATATTTTTTAGATGATAATTTGTTCGACAAGGATATGGTATATTGTACAAGTACCAACAATTATGGCGTTATGGAAAATGATAATGATGATGATAAAATAATAAAAATACAAAATTTAAATGAGAAATTAAAAAATGGAAAAGCTGAATTTAAAGATATATTATTAT","Pf3D7_01_v3-535965-536239-1A.3","46+8N118A121+17N172+8N",277,0.780281690140845,4
"IM-23-122-GBHJ","8039832081","Maziba","Pf3D7_01_v3-535965-536239-1A","GCTCATTTGATATTTTCCAGTTGTTCGATTTTAAAAATGATGTATATTTTTTAGATGATAATTTGTTCGACAAGGATATGGTATATTGTACAAGTACCAACAATTATGGCGTTATGGAAAATGATAATGATGATGATAAAATAATAAAAATACAAAATTTAAATGAGAAATTAAAAAATGGAAAAGCTGAATTTAAAGATATATTATTAT","Pf3D7_01_v3-535965-536239-1A.13","26C46+8N118A121+17N172+8N",5,0.0140845070422535,4
"IM-23-122-GBHJ","8039832081","Maziba","Pf3D7_08_v3-1386795-1387043-1B","TCCTTTGTCGCAGCATGCCTTTCATTAGCTGCTATAGCTTGTGTTATCTTAACTTCATTATAAAAAAAATATACTTCGATAAAAGGTACATATACCATGCTGGTCAATGATATTAGCATGCGACATTCTAATATATCCATTATGAACTAGGTGAACAAGAATATTGGGATTATTGAAATTGTCTGCATTA","Pf3D7_08_v3-1386795-1387043-1B.27","61+10N148T",7,0.02,2
"IM-23-122-GBHJ","8039832081","Maziba","Pf3D7_13_v3-852647-852921-1A","TACGAAATGATGAATTAAAAGAATTAACATTTATGAAAAATAAAGAAAATAGGAATGCAGATACATATGTTTTTGATTATCCTAAAAAAGAGAAATATGACCAATTAGTTTTTGAATTACGTAAACATAATTTTAATATAACAAGCATTAATACATATAAAAAACTAACAAATGAAACATCATCACAAAAAGAAGAAAATGCTTCTATAATAAGTT","Pf3D7_13_v3-852647-852921-1A.2","83+8N149T158+8N",19,0.0575757575757576,3
"IM-23-122-GBHJ","8039832081","Maziba","Pf3D7_13_v3-911757-912005-1A","GAGCCAACAATTTGATTTTCCACAACTTACTGAATCTTTAAAACATTGTGAACAGGTATCTGACATTTTTTTATTATCTTTGGCTAGTTCCTTTTGAACACATTCCATAGTACTATCACCTGAACCTAAGTTATCAACAGAACATTTTAATAATATACTAAAAAATTTATTGCTAGGAGAAAGTTGTAAA","Pf3D7_13_v3-911757-912005-1A.1","65+9N159+8N",952,0.852282900626679,3
"IM-23-122-GBHJ","8039832081","Maziba","Pf3D7_13_v3-911757-912005-1A","GAGCCAACAATTTGATTTTCCACAACTTACTGAATCTTTAAAACATTGTGAACAGGTATCTGACATTTTTTTATTATCTTTGGCTAGTTCCTTTTGAACACATTCCATAGTACTATTACCTGAACCTAAGTTATCAACAGAACATTTTAATAATATACTAAAAAATTTATTGCTAGGAGAAAGTTGTAAA","Pf3D7_13_v3-911757-912005-1A.2","65+9N117T159+8N",19,0.0170098478066249,3
"IM-23-122-GBHJ","8039832081","Maziba","Pf3D7_13_v3-911757-912005-1A","GAGCCAACAATTTGATTTTCCACAACTTACTGAATCTTTAAAACATTGTGAACAGGTATTTGACATTTTTTTATTATCTTTGGCTAGTTCCTTTTGAACACATTCCATAGTACTATCACCTGAACCTAAGTTATCAACAGAACATTTTAATAATATACTAAAAAATTTATTGCTAGGAGAAAGTTGTAAA","Pf3D7_13_v3-911757-912005-1A.3","60T65+9N159+8N",146,0.130707251566697,3
"IM-23-122-GBHJ","8039832081","Maziba","Pf3D7_08_v3-399693-399961-1A","CTTTTCTTCACCTTGGTTTATTACATTATTATTTTCATCATTGTGTTGAATGTCCTTATAAATATGTTCATTAATAATATCTTTGGAAGTATCTTCCATATTTTCTTCTTTATCAATTTTAAATACTTTTTCATAACTTTCATTTTCTTTTTTCTCCTTGGATGTTTCTAATTTATTCAAGTCATTTTTATCAAAATTATTTTTATAACTTTCA","Pf3D7_08_v3-399693-399961-1A.3","147+8N179A180A",7,0.0115511551155116,4
"IM-23-122-GBHJ","8039832081","Maziba","Pf3D7_11_v3-1293919-1294168-1A","TCCATATCAAAAAAGTGATGTGTATCATCCAATCAACGAACATAGGGAACATCCAAAAGAATACGAATATCCATTACACCAGGAACATACATACCAACAAGAAGATTCAGGAGAAGACGAAAATACATTACAACACGCATATCCAATAGACCACGAAGGTGCCGAACCCGCACCACAAGAACAAAATTTAT","Pf3D7_11_v3-1293919-1294168-1A.17","13A27A",1,0.00131061598951507,6
"IM-23-122-GBHJ","8039832081","Maziba","Pf3D7_13_v3-1876391-1876664-1A","TACTATCTGTAAAAGTATGTTTAGAACTAACATTTGAAGAGAAGTTACATCCGTGTATGACTTTTTTTTCATATTTTGGTTTTAAAACTATTTTATAATTATTATTTTTAAATTTGCATGTACATTCTGTATTAACATCTTTTGATGTAACATAAAATGGAGCTTTAAAGATAGTTAAGTTTTTATGATAAATTATTTTATTACTTTTATATA","Pf3D7_13_v3-1876391-1876664-1A.3","1T61+10N",94,0.189516129032258,3
"IM-23-122-GBHJ","8039832081","Maziba","Pf3D7_08_v3-412801-413062-1A","ATGAAGAAATATACGAATATATACTTATAAACGATATTTTTAATTTAAAAAAAGAAATAAAAAATTTCAATATATTAAATAAATATGATGTATTTGAATATATTATTATTATTTTAAAATTGTATGATAAAATATATCCTGATGCAAAGTACATCGAATGTGTACGAGAAACATCACAGAATGGTGACCTTTTA","Pf3D7_08_v3-412801-413062-1A.1","46+9N58+8N101+13N188C190T",31,0.221428571428571,3
"IM-23-122-GBHJ","8039832081","Maziba","Pf3D7_04_v3-1037644-1037891-1A","GAAAGAGATTTAACAGATGATGCTGTGATTTTTGCACACTCACTTTATTTACCATTTGAAAAAGAAGAAATGTGGTGGATCGTTATCGGAATTAAAAAAATGAACTTACTTTTATCTATCAAAAAATTATCTTTATTGAAAAGTATCAATAATATAAAAATTAATTTCGAATTGCCTGACA","Pf3D7_04_v3-1037644-1037891-1A.2","93+9N120+8N145A",675,0.774971297359357,2
"IM-23-122-GBHJ","8039832081","Maziba","Pf3D7_13_v3-2114242-2114482-1A","CTTCCATTAACTCAATATATAATTTATTAATAATTTTTAATTTGTTTATTTCAAAAAGGCATAGTTTTAACAAGGCTCTTAAGGTTCTATTACCCCCTAAGAGGTTAAAATGAATATTTCCTTTTTCTCGTATATGCAAAAAATCCCTTAACAATAAATCATATTCATCAGTATGAAATGT","Pf3D7_13_v3-2114242-2114482-1A.2","137+8N",873,0.978699551569507,2
"IM-23-122-GBHJ","8039832081","Maziba","Pf3D7_13_v3-2114829-2115090-1A","ATTCAATATATATAAAAATATAGCTAATAAACATTTCAAATCTCCATTAAGAACTTTATTCATCTTAACAAAAGCTCTATGAACTTCTGTATCTATAGTCGATTTTGTTATTCTAAGCATATCATTAAGTAAAAAATTTACGGTATCGACATTAACAGTGTAATAATTTCTTCCTAAATTTAAATGTTCTAAATAATTCAA","Pf3D7_13_v3-2114829-2115090-1A.1","130+8N192A",10,0.0128040973111396,3
"IM-23-122-GBHJ","8039832081","Maziba","Pf3D7_08_v3-476232-476475-1A","CAAACACATGATAAACAAAAGTGTAAGGAAAATTTTTCAAATTCATTTGTTAATGAAATATATGAAAAAGAAGAAAAAGAAACGCAAAAAATGAAAGAATATTTAGAACAACATGAAGAACATTTTTCAACGTTTAGAAATTCAATTTTATGTAAATTAAGAATAGCTGAAGAATT","Pf3D7_08_v3-476232-476475-1A.1","85+8N",423,0.665094339622642,2
"IM-23-122-GBHJ","8039832081","Maziba","Pf3D7_04_v3-109939-110184-1A","CAACATCTGAATTATATAAATCTTTAGAAAAACAACTAATATCCTTACTACATATATTTATTTTTATACCAAGAATAACAGCCATATAAACCAAAACTCTCTCAAATGCATGTGATACAGGTAAATAAGAAAAATGGGTTTTCGGTTTCATGTTTTTTATTACATTATGATCACATAATGGTGCTACT","Pf3D7_04_v3-109939-110184-1A.5","50A51C108G152+8N",20,0.036101083032491,3
"IM-23-122-GBHJ","8039832081","Maziba","Pf3D7_04_v3-109939-110184-1A","CAACATCTGAATTATATAAATCTTTAGAAAAACAACTAATATCCTTACTCCATATATTTATTTTTATACCAAGAATAACAGCCATATAAACCAAAACTCTCTCAAATACATGTGATACAGGTAAATAAGAAAAATGGGTTTTCGGTTTCATGTTTTTTATTACATTATGATCACATAATGGTGCTACT","Pf3D7_04_v3-109939-110184-1A.1","51C152+8N",130,0.234657039711191,3
"IM-23-122-GBHJ","8039832081","Maziba","Pf3D7_08_v3-549960-550215-1B","GATGAACTAACAAATTATGATAATCTAGTTTATGATATAAAAAATTATTTAGAACAAAGATTAAATTTTCTTGTATTAAATGGAATACCTCGTTATAGGATACTATTTGATATTGGATTAGGATTTGGGAAGAAACATGATCAATCTATTAAACTCTTACAAAATATACATGTATATGATGAGTATCCACTT","Pf3D7_08_v3-549960-550215-1B.3","4G38+8N128G",9,0.0213270142180095,2
"IM-23-122-GBHJ","8039832081","Maziba","Pf3D7_11_v3-1295103-1295335-1A","ACTACTGCTTTGTCCCATCCCATCGAAGTTGAACACAATTTTCCATGTTCATTATATAAAGATGAAATAAAGAAAGAAATCGAAAGAGAATCAAAACGAATTAAATTAAATGATAATGATGATGAAGGGAATAAAAAAATTATAGCTCCAAGAATTTTTATTTCAGATGATATA","Pf3D7_11_v3-1295103-1295335-1A.6","34C71A132+9N173T",134,0.115816767502161,5
"IM-23-122-GBHJ","8039832081","Maziba","Pf3D7_04_v3-1113397-1113639-1A","GATTCTGCATGCAGTAATGAATCTATTGAAATCATCTAAGAATAAACTTTTTTGTTTAAACCATTTATTGAACATTTCACTTAAATGTGATTCAATTTTTTTTTCTGAGCTTTCCATAATTTGATTACATCTATTCAATTTGTTTGTATAAGTTTTAGGTGTTATTATTCTTTTACGTTTTAAATCATC","Pf3D7_04_v3-1113397-1113639-1A.1","47+8N95+11N130T161G",815,0.765977443609023,3
"IM-23-122-GBHJ","8039832081","Maziba","Pf3D7_12_v3-529495-529767-1A","GCTCCCCAAAAGTTAACTGCTTCATTATTTTTTGGATCCCAAAAACTAACATTCGTTACCCATCCAACATAATCGGTAGATATCCTATATTCATAACTACTACAGAAATATTTATACTCATGGTATACATTTGCATCATTTACATCTACCAAATTAACAGTTTTACACAAATTGTGAATGCCATTCAAGTTATAAAAACCTGTACAT","Pf3D7_12_v3-529495-529767-1A.1","32T",90,0.170454545454545,3
"IM-23-122-GBHJ","8039832081","Maziba","Pf3D7_12_v3-529495-529767-1A","GCTCCCCAAAAGTTAACTGCTTCATTATTTTTTGGATCCCAAAAACTAACATTCGTTACCCATCCAACATAATCGGTAGATATCCTATATTCATAACTACTACAGAAATATTTATACTCATGGTATACATTTGCATCATTTACATCTACCAAATTAACAGTTTTACACAAATTGTGAATTCCATTCAAGTTATAAAAACCTGTACAT","Pf3D7_12_v3-529495-529767-1A.7","32T180T",6,0.0113636363636364,3
"IM-23-122-GBHJ","8039832081","Maziba","Pf3D7_05_v3-550803-551072-1A","ATATAATACACCTTTCTTATTTATATTAATCTTTTCATTTTTACAAGAAATCACCTCCCTACTTATTCGGTTGTCCTCATTTTCATATTTCATAACACCATCATTTATTTTTTCTATTTCTTTAATATTATTTTCTCCTTCGACGTAATTATGCTTTCCTATCATCTCCTTTGCTCTACTTCCTATATATACTAATTTCTCTCTGAA","Pf3D7_05_v3-550803-551072-1A.2","107+8N141C",6,0.020979020979021,2
"IM-23-122-GBHJ","8039832081","Maziba","Pf3D7_04_v3-133928-134154-1A","TTTTGAAATATCTAATTTATCCATTTGCCTTTTTATTTCATAGTCCCAACTACTTACCCAGGTATTAAAATTAATACAATCCTGTTCTGCATATTTTATGGCTTTTAAATCCCTCAATTTAGTAGCCCTATCTTCACAATAATCTTCTAATATTTTAAT","Pf3D7_04_v3-133928-134154-1A.1","21C",316,0.349171270718232,2
"IM-23-122-GBHJ","8039832081","Maziba","Pf3D7_04_v3-141741-141990-1A","TGAATACCATATAGCCCTTTCAAATTATATAAAGACAGAACTAAGAAATATAAACCTGCAAGAAATAAAAAACAATATAATAAAAATATTTAAAGAATTCGAATCTGCACACAAAGAAATTAAAAAAGAATCAAAACAAATTAATAAAGAATTTACCAAAATGGATGTCGTCATAAATCAATTAAGAGATATAG","Pf3D7_04_v3-141741-141990-1A.2","66+8N101G121+8N134A",256,0.246153846153846,2
"IM-23-122-GBHJ","8039832081","Maziba","Pf3D7_08_v3-1386786-1387035-2","TTGTCTCCTTTGTCGCAGCATGCCTTTCATTAGCTGCTATAGCTTGTGTTATCTTAACTTCATTATAAAAAAAATATACTTCGATAAAAGGTACATATACCATGCTGGTCAATGATATTAGCATGCGACATTCTAATATATCCATTATGAACAAGGTGAACAAGAATATTGGGATTATTGAAATTGT","Pf3D7_08_v3-1386786-1387035-2.1","66+10N",443,0.986636971046771,2
"IM-23-122-GBHJ","8039832081","Maziba","Pf3D7_11_v3-1376058-1376305-1A","TTTCTGGCTCGATATAATCCATTTCAATATTTATATTAGATATGAAACATCTATCTTCAATAGGTGAATTTGCTGCAAATTGAGCCATAGAAAAATGATTCTCATTCCTTTGAAAATATGAACTATTCAACTCATCAAGGTTTTCATATGTTATTTCATAACTGCCATCATCTGAATCCTCTTCATCA","Pf3D7_11_v3-1376058-1376305-1A.1","140G",233,0.341142020497804,2
"IM-23-122-GBHJ","8039832081","Maziba","Pf3D7_04_v3-284121-284364-1A","ATATTGTATATTATCATAAGATTTATATGGAGGACCACATTGAAATCCGACAATTTCATTTGATGCATGTAGTACACATTCCGTATTTCTGTTTGAATTATTTAAAATAATTTTATTACTTAGAAATGATTCTTTTTCACTATAATCTTTATATAAGAAAGGGTCTTCATCAATTTGA","Pf3D7_04_v3-284121-284364-1A.1","157G",442,0.826168224299065,3
"IM-23-122-GBHJ","8039832081","Maziba","Pf3D7_11_v3-1375807-1376056-1A","TCGTTATGTACCCTAATAAATTTTTTTTCATTATTTGAATCTATATTATTTACATTAGTATTTTGAGTTGTACCATAAATTTCAGTGTTATTATTATTTCTATTCATATAATTATGTCCGCTTATATAATTATGACCATTAAAAAAATGTCTTCCATGTATATCATCTCTTCTAATGTATTTA","Pf3D7_11_v3-1375807-1376056-1A.2","20+10N140+9N",103,0.355172413793103,2
"IM-23-122-GBHJ","8039832081","Maziba","Pf3D7_13_v3-156713-156986-1A","TCCTTTTATGTGAACAAATTAAATATTGTAAATGATTTCTTTTTTGAAACACACCATAAAGATACACATCAAGACAGTCAAAATGAACACAAAACGGATGAACCTAAAATACATAATGTTTTCAAAAAAAAAAATAACGATATCTTTGTTAATATTCCTCTACCAAAAATATTTAAAAATTTCTTACATTCCATATATTTTAGAACTCC","Pf3D7_13_v3-156713-156986-1A.2","39+8N50C123+13N",56,0.138613861386139,3
"IM-23-122-GBHJ","8039832081","Maziba","Pf3D7_03_v3-221463-221712-1B","ACTTGAATACCATTTCCACAAGTTACACTACATGGGGACCATTCAGTTGAAAGAGAATTTTTTATTGTCTTTAAATATTTTTCTATGTGCTGATCACTTGGTTCTTCGTTATTATTATTTTTTACAGCATTGTTGGCATTAGCATTTTCATCTACATTTCGGTTTGGGTCATTTGGCATATTGTGACCTTGTC","Pf3D7_03_v3-221463-221712-1B.8","62T67G69C80T83C92G117+8N130T",45,0.112219451371571,4
"IM-23-122-GBHJ","8039832081","Maziba","Pf3D7_04_v3-316593-316858-1A","TTATTCATTTTTTGTATATTATCCTTTTCTACATCATCAAAATTTGTTAATGATTCACACGTTATATTTGGTGATATTATATTTCTACCTGTACATACACCAATATTTGTTGTACCTATTATTTTATACCCTTCTTGACATTTAAATTCTATTTTTTCACCAAGTAAATAATATTTTTTATCAGGGATAAGGGAAACATA","Pf3D7_04_v3-316593-316858-1A.1","7+8N151+8N173+8N",9,0.0142405063291139,2
"IM-23-122-GBHJ","8039832081","Maziba","Pf3D7_13_v3-2816310-2816554-1B","CAAATACTTTTCAATATAGGTCTAGTGAAAGTGTGGAAGTAATAACTAATAAACCTGATGAAATGGAAATGACAACTAAACCACCATCACAATACATTGAAAAGGAAATTGGAGAAATTGATTCTACAAAAAATCAAGATAATGATGAACAAAGCAATTCTATAATTCCTTTAATTAATAAAAATAATGAA","Pf3D7_13_v3-2816310-2816554-1B.1","127+8N",157,0.251602564102564,2
"IM-23-122-GBHJ","8039832081","Maziba","Pf3D7_03_v3-221185-221419-1B","AAATAAATTAAATAGGAAAATATAAAGAAAAATGAAAATTAAGAAAAAAAGTAGTATATATTTTTATAAATATTGTACAACTCAAACTAAGATGTGTTCTTTATCTAATTAAGGAACAAGAAGGATAATACCATTATTAATCCTATTGAACTATTTACGACATTAAACA","Pf3D7_03_v3-221185-221419-1B.1","43+9N",546,1,1
"IM-23-122-GBHJ","8039832081","Maziba","Pf3D7_04_v3-544454-544718-1A","ACAAAATATAATACTTTATATACAAATGCTTATAAAAAATTTTAACTCGAACGTACTTCAAAATAATATAAATGAACAAGAAGTAATACATAATAACATCAACATTAATAATATAAAAGAAGAACAACTTATACCAAATAATATCAAGAATATCCATAATAATGACAATATTAATCATTGTGATGGTAATAAAATAA","Pf3D7_04_v3-544454-544718-1A.12","33+8N128C186G",8,0.0164948453608247,5
"IM-23-122-GBHJ","8039832081","Maziba","Pf3D7_13_v3-146695-146934-1A","AAAGTATTTGTAATAGATTAAACGATGAACTAAATGAAGAAATATGTGGTTATCAAATTAGGTTTGAAAAATCGTATTTTTTAAAACATAGTAAAATTAAAGTTATGACAGAAGGAATTTTATTGAAAGAAATTATGAGTGATTTTATTTTATCAAAATATAGTGTTATCATTCTTGA","Pf3D7_13_v3-146695-146934-1A.2","76+8N170C",246,0.174591909155429,3
"IM-23-122-GBHJ","8039832081","Maziba","Pf3D7_08_v3-1375025-1375284-1B","CAAGTTATTGTTAAATTCGGAGTTATTCTATAAAAATGAAAAATCATTTAAAAATGTAAAAATGTACATATATATATATATATATATATAATATTATTATATGTATTTTTATAAGTAAGTGTTATATTTATTTATATTTGCAATTAAAATACTTACGTTATCTAACAAAAGTACGGAAGCAAAA","Pf3D7_08_v3-1375025-1375284-1B.11","10G17T22G33D=TA39+8N58+8N66G67+53N132G134A136G139T151A168A195A",1,0.333333333333333,2
"IM-23-122-GBHJ","8039832081","Maziba","Pf3D7_11_v3-1127074-1127316-1A","AACATTTTAATAGTCCTAATTTCGAAAATATGATGAAAGGAATTTTTGGAATTATTCAAAATCCTTTTGAAAATGGCCAACCCACTTTCCCATTCTTTAAAAATATTAATTCGATCTCTGGAATCGGTAATGTTGATATCCCCAAAAATTTTATGAATGATTTTTTGAATAATGGAAATGATCAAAACA","Pf3D7_11_v3-1127074-1127316-1A.5","42A160+8N",158,0.15354713313897,3
"IM-23-122-GBHJ","8039832081","Maziba","Pf3D7_13_v3-958247-958510-1B","TTTATATTATCTGTAATATGCACATTTTGTATAATATTATCAATATTTGTAGCATTTTGACCGTATGTTTCATTTTCATCGTATGTTCCATTTATATTGTATGTTCCATTTATATTGTATGTTTCATTTTCATCGTATGTTCCATTTATATTGTATGTTCCATTTTCATCGTATGTTCCATTTATATTGTATGTTCCATTTTTATCATATGTTATGTCCACAT","Pf3D7_13_v3-958247-958510-1B.13","106I=CCATTTATATTGTATGTT",21,0.0429447852760736,4
"IM-23-122-GBHJ","8039832081","Maziba","Pf3D7_13_v3-1041593-1041860-1AB","CAAGATTGAAGTATTACATATCTCAGAAATTAAATGTATGCCCAAGAGATGTAAATGCACACATTGTAGGTGCTCATGGAAATAAAATGGTTCTTTTAAAAAGATACATTACTGTAGGTGGTATCCCTTTACAAGAATTTATTAATAACAAGTTAATTTCTGATGCTGAATTAGAAGCTATATTTGATAGAACTGTTAATACT","Pf3D7_13_v3-1041593-1041860-1AB.1",".",541,1,1
"IM-23-122-GBHJ","8039832081","Maziba","Pf3D7_14_v3-2355614-2355853-1A","ACTTTTCTCGATTCACATTATCCAAACCCATTTAACGAGTATGAAAAATATGACAAACATTATTATGAACTTGAAAATATTTTAAAAAACAAACTTAATGAACATTCCTTAAATTATCAATCTTTGTTAAAAATGAAAAGATTTATAAGTATGAACGATATGGAAAATAATAA","Pf3D7_14_v3-2355614-2355853-1A.1","83+8N",619,0.859722222222222,2
"IM-23-122-GBHJ","8039832081","Maziba","Pf3D7_11_v3-115913-116184-1A","ACCTCCCGATGTTATAAATATTATATTATCATCATCATTTGGAAGGAAATTCTCCTCTAATGTTTTTAATATTTCATCTATATTTTTAGGTCTCAATTTACTATTGAAAAATTTTGAATACTTCAAAAAATAATCATCATCTTTTACATTACATATATTATCATTATTTTCATTTTGTTTTAGTAGTTCATCTTTTATATTATC","Pf3D7_11_v3-115913-116184-1A.3","124+8N",2,0.00826446280991736,3
"IM-23-122-GBHJ","8039832081","Maziba","Pf3D7_05_v3-350808-351052-1A","TAATATAATTTGAGTTGATAATATTATAATTATTTTTTATATGTTGCTCATTTATATTATTATGATAAATATGAGTTGTATTTTTATTAGAGTTGTAGGACATTTTCCCATACATTAGTTGTTTTACATTTTTAACATTTTTATAATTATGTATTAAACATAAGATTATTAGATAAA","Pf3D7_05_v3-350808-351052-1A.1","32+8N116T",145,0.184243964421855,4
"IM-23-122-GBHJ","8039832081","Maziba","Pf3D7_12_v3-233418-233671-1A","CAAAAATATCATTCCCCAAATTTGTACTACTAATTGTTCCAATAGTTCCTATAGTTGTGGTAATTTGCTCATATGTATTTTTTCCTAAAGATTTATTAGACACATTTGAAGGATCATTATTTTGTTCCAAATTCTTGGGCACAGTATTATTACATGAGAATAATGAAAAGTTATTATCATAATTCTTTTGTT","Pf3D7_12_v3-233418-233671-1A.3","77+8N",570,0.845697329376855,3
"IM-23-122-GBHJ","8039832081","Maziba","Pf3D7_13_v3-1724895-1725166-1B","CGCCATTTTCTCCTCCTGTAATTATATAAGAATCTGACAATGTGGCAGCTCCAAAATTCATTTTTTTCTCTGGTACACCATTTAGAAATTGCCATCTTTTATTAAATGGTTGATATTGTTCAACGGAATCTAATATGTTATGTTCATTATCAATACCTCCAACAACATATATTTGATTAAGGTAATTAAAAGCTGCTCCTGAACTTCTAG","Pf3D7_13_v3-1724895-1725166-1B.1","60+9N",243,0.883636363636364,2
"IM-23-122-GBHJ","8039832081","Maziba","Pf3D7_13_v3-1725464-1725719-1B","ATCATAGTTATTACCACCAAAAACGTATAAGAAATTATTCAATACAGCACTTCCAAAATAAGCTTTTTTGGTAGACATAGGTGTACACATACGCCAGCATTGTTGACTAATATCTAATAATTCCATCGAATTTAAATATTCTACACCATCAAATCCACCTATACAAAATACTAATGGGAATGGTAAAAATTTAATACCA","Pf3D7_13_v3-1725464-1725719-1B.1","63+8N",417,1,1
"IM-23-122-GBHJ","8039832081","Maziba","Pf3D7_03_v3-891553-891827-1A","CAAGAGCTAAGAAAACATATAGAATCATCATAAGGATGTTGATAATATAAATGTGTTTTTATTTGTGTATTTATGTCAGAATATTGTTCCTTTGATTTATCTTTAAAATAATCAATATTATTTATGTTGGTGGCTTTATTATTATTAAAATAATTTTGATTTGTTACATGATGACTAGGGGTATATTTGTATTTTACGTTTTTATTA","Pf3D7_03_v3-891553-891827-1A.2",".",182,0.636363636363636,3
"IM-23-122-GBHJ","8039832081","Maziba","Pf3D7_03_v3-980853-981120-2","TAAGATTCTTTTGAGTTATTTATTTTCCAAATAATTTGGTTATATATATATGAAAATTCGATCATACCACATGCTCCAAGAATAATAGATGCATCGTCATTATATTGGAATGTAAAACTTTCATCATACTCATTTGTATTAGGTACACAAGAATCATCTTTATTTTTATAATTTTCTTTACATGTACAATTAATTTTACTATATT","Pf3D7_03_v3-980853-981120-2.1",".",222,1,1
"IM-23-122-GBHJ","8039832081","Maziba","Pf3D7_08_v3-399693-399961-1A","CTTTTCTTCACCTTGGTTTATTACATTATTATTTTCATCATTGTGTTGAATGTCCTTATAAATATGTTCATTAATAATATCTTTGGAAGTATCTTCCATATTTTCTTCTTTATCAATTTTAAATACTTTTTCATAACTTTCATTTTCTTTTTTCTCCTTGGATGTTTCTAATTTATTCTCGTCATTTTTATCAAAATTATTTTTATAACTTTCA","Pf3D7_08_v3-399693-399961-1A.1","147+8N",210,0.346534653465347,4
"IM-23-122-GBHJ","8039832081","Maziba","Pf3D7_08_v3-399693-399961-1A","CTTTTCTTCACCTTGGTTTATTACATTATTATTTTCATCATTGTGTTGAATGTCTTTATAAATATGTTCATTAATAATATCTTTGGAAGTATCTTCCATATTTTCTTCTTTATCAATTTTAAATACTTTTTCATAACTTTCATTTTCTTTTTTCTCCTTGGATGTTTCTAATTTATTCTCGTCATTTTTATCAAAATTATTTTTATAACTTTCA","Pf3D7_08_v3-399693-399961-1A.2","55T147+8N",12,0.0198019801980198,4
"IM-23-122-GBHJ","8039832081","Maziba","Pf3D7_11_v3-1293919-1294168-1A","TCCATATCAAAAAAGTGATGTGTATCATCCAATCAACGAACATAGGGAACATCCAAAAGAATACGAATATCCATTACACCAGGAACATACATACCAACAAGAAGATTCAGGAGAAGACGAAAATACATTACAACACGCATATCCAATAGACCACGAAGGTGCTGAACCCGCACCACAAGAACAAAATTTAT","Pf3D7_11_v3-1293919-1294168-1A.5","13A27A163T",485,0.63564875491481,6
"IM-23-122-GBHJ","8039832081","Maziba","Pf3D7_11_v3-1019050-1019319-1A","TCAAAACTTATTGCTACCGTAATACCTAAAGGAGGCATTTTACATAATCTTTTTACACTCGTAAGAATATTATTATAAAAGATTTCTTGATACCTATCATACATATGAATATTATTTAGAGATTTATATATATTATTATTTTGTTCATATAATAATATATTATTTAAAGACTTATCCATAATTTTTGTACATTTTATATTTTCTATA","Pf3D7_11_v3-1019050-1019319-1A.2","93C",20,0.110497237569061,2
"IM-23-122-GBHJ","8039832081","Maziba","Pf3D7_13_v3-958247-958510-1B","TTTATATTATCTGTAATATGCACATTTTGTATAATATTATCAATATTTGTAGCATTTTGACCGTATGTTTCATTTTCATCGTATGTTCCATTTATATTGTATGTTCCATTTTCATCGTATGTTCCATTTATATTGTATGTTCCATTTTCATCGTATGTTCCATTTATATTGTATGTTCCATTTTTATCATATGTTATGTCCACAT","Pf3D7_13_v3-958247-958510-1B.1","106C",51,0.104294478527607,4
"IM-23-122-GBHJ","8039832081","Maziba","Pf3D7_04_v3-1083299-1083563-2","ATACACTTTCCATATGTAGAGGACTTATGATATATAGAATTATAAGATAAATGTTTATAATAATCTAAAAAAGTATAATGAGGTATTATAACAAAATCCAAATGTCCTTCTTTTTCTTGTAAAATATCAATAGAATTTGCAATGTTATAATTTGATAACTCTTTAAAATCATGTTGTAAAAAATTAACATTTTTATA","Pf3D7_04_v3-1083299-1083563-2.4","66+8N170C173G177+8N",69,0.186991869918699,3
"IM-23-122-GBHJ","8039832081","Maziba","Pf3D7_04_v3-1083299-1083563-2","ATACACTTTCCATATGTAGAGGACTTATGATATATAGAATTATAAGATAAATGTTTATAATAATCTAAAAAAGTATAATGAGGTATTATAACAAAATCCAAATGTCCTTCTTTTTCTTGTAAAATATCAATAGAATTTGCAATGTTATAATTTGATAACTCTTTAAAATGATATTGTAAAAAATTAACATTTTTATA","Pf3D7_04_v3-1083299-1083563-2.1","66+8N177+8N",243,0.658536585365854,3
"IM-23-122-GBHJ","8039832081","Maziba","Pf3D7_01_v3-535965-536239-1A","GCTCATTCGATATTTTCCAGTTGTTTGATTTTAAAAATGATGTATATTTTTTAGATGATAATTTGTTCGACAAGGATATGGTATATTGTACAAGTACCAACAATTATGGCATTATGGAAAATGATAATGATGATGATAAAATAATAAAAATACAGAATTTAAATGAGAAATTAAAAAATGGAAAAGCTGAATTTAAAGATATATTATTAT","Pf3D7_01_v3-535965-536239-1A.4","8C46+8N111A118A121+17N155G172+8N",72,0.202816901408451,4
"IM-23-122-GBHJ","8039832081","Maziba","Pf3D7_13_v3-748254-748510-1B","ATACCAAAAAAAATAAAATAAAATGAAATAATAAATAAATAAATATACATATATTTACATATATATATATATATAATTACACATATTTTTGATTGAGGACAAATTACATGTCGTGTAGTTCGTCTTCCTTGTGCGTTTCAATCACACAATCCGATTTAGGATAACATGTACACAAAAGAATATATTTTTTCTT","Pf3D7_13_v3-748254-748510-1B.4","5+10N39+33N180+8N",310,0.987261146496815,2
"IM-23-122-GBHJ","8039832081","Maziba","Pf3D7_11_v3-1295103-1295335-1A","ACTACTGCTTTGTCCCATCCCATCGAAGTTGAAAACAATTTTCCATGTTCATTATATAAAGATGAAATAATGAAAGAAATCGAAAGAGAATCAAAACGAATTAAATTAAATGATAATGATGATGAAGGGAATAAAAAAATTATAGCTCCAAGAATTTTTATTTCAGATGATAAA","Pf3D7_11_v3-1295103-1295335-1A.1","132+9N",74,0.0639585133967156,5
"IM-23-122-GBHJ","8039832081","Maziba","Pf3D7_12_v3-233418-233671-1A","CAAAAATATGATTCCCCAAATTTGTACTACTAATTGTTCCAATAGTTCCTATAGTTGTGGTAATTTGCTCATATGTATTTTTTCCTAAAGATTTATTAGACACATTTGAAGGATCATTATTTTGTTCCAAATTCTTGGGCACAGTATTATTACATGAGAATAATGAAAAGTTATTATCATAATTCTTTTGTT","Pf3D7_12_v3-233418-233671-1A.9","10G77+8N",5,0.00741839762611276,3
"IM-23-122-GBHJ","8039832081","Maziba","Pf3D7_14_v3-1166107-1166371-1A","TTTTTGAATTATTAAATATATCTTCTATAAAAAAAGAATATCAAGCTATACATAACAATAAGTATTTTTTATGGAATATGGATGCAAATTTTTTTACTATAAAAAATCATCATAAGGATAATAAGGATAACAATGATGAAAATGTGAATGTAATAATACAACAAAATAATTTAGTTCTAGAAAAATATGATCATTTAATAGA","Pf3D7_14_v3-1166107-1166371-1A.3","28+9N64+8N87A88+9N100+8N179A",51,0.134210526315789,3
"IM-23-122-GBHJ","8039832081","Maziba","Pf3D7_05_v3-395887-396136-1A","TCTAAGGATTGTTGGTTTTTTAGGATGCTCATCTTTTTAAGATAATCCTCTTTACTGTCGTTATTATTTAAATCGTTTTGTATAATATTATATTGTGAATTCCTTGTGTTTTTCATAACACTATTAGTCCTATTGGTGTTCTTCTTCTTATTATTATTATTATTGTTCTTCTTCTTAATAAA","Pf3D7_05_v3-395887-396136-1A.1","15+8N119C145+20N",81,0.221311475409836,2
"IM-23-122-GBHJ","8039832081","Maziba","Pf3D7_05_v3-395887-396136-1A","TCTAAGGATTGTTGGTTTTTTAGGATGCTCATCTTTTTAAGATAATCCTCTTTACTGTCGTTATTATTTAAATCGTTTTGTATAATATTATATTGTGAATTCCTTGTGTTTTTCATAATACTATTAGTCCTATTGGTGTTCTTCTTATTATTATTATTATTATTGTTCTTCTTCTTAATAAA","Pf3D7_05_v3-395887-396136-1A.2","15+8N145+20N",285,0.778688524590164,2
"IM-23-122-GBHJ","8039832081","Maziba","Pf3D7_04_v3-1005938-1006187-1A","GTCTTAACATTAATCTTAGTTACAAAGTTACATGGATTTATTGAAAAGATATTTTCGTCACTATATTTCTTTTTTTCCATATCCGTTTGATCATTTTTATATGTTTTCATATTATCCATATGTTCATTATTTTGATCAATATAATTTTTTTTTATAATAAATTTAGAATTATTTTTAAAGAAA","Pf3D7_04_v3-1005938-1006187-1A.1","69+9N84C98T144+11N",41,0.0936073059360731,3
"IM-23-122-GBHJ","8039832081","Maziba","Pf3D7_14_v3-1166107-1166371-1A","TTTTTGAATTATTAAATATATCTTCTATAAAAAAAGAATATCAAGCTATACATAACAATAAGTATTTTTTATGGAATATGGATGCAAGATTTTTTTACTATAAAAAATCATCATAAGGATAATAAGGATAACAATGATGAAAATGTGAATGTAATAATACAACAAAATAATTTAGTTCTAGAAAAATATGATCATTTAATAGA","Pf3D7_14_v3-1166107-1166371-1A.7","28+9N64+8N87I=A88+9N100+8N179A",1,0.00263157894736842,3
"IM-23-122-GBHJ","8039832081","Maziba","Pf3D7_13_v3-935613-935884-1A","CAAAATAATATGAATAGTAATAGTAATAGTTATAATAATTTTAATATAACAGATAGAAGTAAAGAAATAAAAAAAGATTATAAAAGAAACAAAATTTTAATAGTTATTAATAATATTAATACAAATCATATTTTATTATTAAATGAAAGTGTTATAAAAAAAAAAATACTTACATTTTATCTAGATCTTTTTTTTGATGATAATGAACAAAT","Pf3D7_13_v3-935613-935884-1A.2","68+11N155+13N187+10N",658,1,1
"IM-23-122-GBHJ","8039832081","Maziba","Pf3D7_11_v3-1019050-1019319-1A","TCAAAACTTATTGCTACCGTAATACCTAAAGGAGGCATTTTACATAATCTTTTTACACTCGTAAGAATATTATTATAAAAGATTTCTTGATATCTATCATACATATGAATATTATTTAGAGATTTATATATATTATTATTTTGTTCATATAATAATATATTATTTAAAGACTTATCCATAATTTTTGTACATTTTATATTTTCTATA","Pf3D7_11_v3-1019050-1019319-1A.1",".",161,0.889502762430939,2
"IM-23-122-GBHJ","8039832081","Maziba","Pf3D7_13_v3-156713-156986-1A","TCCTTTTATGTGAACAAATTAAATATTGTAAATGATTTCTTTTTTGGAACACACCATAAAGATACACCTCAAGACAGTCAAAATGAACACAAAACGGATGAACCTAAAATACATAATGTTTTCAAAAAAAAAAATAACGATATCTTTGTTAATATTCCTCTACCAAAAATATTTAAAAATTTCTTACATTCCATATATTTTAGAACTCC","Pf3D7_13_v3-156713-156986-1A.1","39+8N47G50C68C123+13N",279,0.690594059405941,3
"IM-23-122-GBHJ","8039832081","Maziba","Pf3D7_04_v3-284121-284364-1A","ATATTGTATATTATCATAAGATTTATATGGAGGACCACATTGAAATCCGACAATTTCATTTGATGCATGTAGTACACATTCCGTATTTCTGTTTGAATTATTTAAAATAATTTTATTACTTAGAAATGATTCTTTTTCACTATAATCTTTATATAACAAAGGTTCTTCATCAATTTGA","Pf3D7_04_v3-284121-284364-1A.4","163T",14,0.0261682242990654,3
"IM-23-122-GBHJ","8039832081","Maziba","Pf3D7_13_v3-958247-958510-1B","TTTATATTATCTGTAATATGCACGTTTTGTATAATATTATCAATATTTGTAGCATTTTGACCGTATGTTTCATTTTCATCGTATGTTCCATTTATATTGTATGTTCCATTTTCATCGTATGTTCCATTTATATTGTATGTTCCATTTTCATCGTATGTTCCATTTATATTGTATGTTCCATTTTTATCATATGTTATGTCCACAT","Pf3D7_13_v3-958247-958510-1B.86","24G106C",4,0.0081799591002045,4
"IM-23-122-GBHJ","8039832081","Maziba","Pf3D7_05_v3-350808-351052-1A","TAATATAATTTGAGTTGATAATATTATAATTATTTTTTATATGTTGCTCATTTATATTATTATGATAAATATGAGTTGTATTTTTATTAGAGTTGTAGGACATTTTCCCATACATTAGTTGTTTTACATTTTTAACATTTTTATAATTATGTATTAAACATAAAATTATTAGATAAA","Pf3D7_05_v3-350808-351052-1A.5","32+8N116T164A",132,0.167725540025413,4
"IM-23-122-GBHJ","8039832081","Maziba","Pf3D7_13_v3-815862-816091-1A","ATGATGTAGATGCTAACACAACATCCTGGTCAGTATCTTGTGATAAATAATTTAATTTGTCCGCTAAAAAATAAAGTATAATTTCACAGCTTTTTTTATTTGTATCTGTGTTTTTCATGTTATCATAAAAAGACAAAGATGAAGTAGCACATGAGTTAATTA","Pf3D7_13_v3-815862-816091-1A.1","17C19C20A65+8N90+9N",383,0.854910714285714,2
"IM-23-122-GBHJ","8039832081","Maziba","Pf3D7_04_v3-316593-316858-1A","TTATTCATTTTTTCTATATTATCCTTTTCTACATCATCAAAATTTGTTAATGATTCACACGTTATATTTGGTGATATTATATTTCTACCTGTACATACACCAATATTTGTTGTACCTATTATTTTATACCCTTCTTGACATTTAAATTCTATTTTTTCACCAAGTAAATAATATTTTTTATCAGGGATAAGGGAAACATA","Pf3D7_04_v3-316593-316858-1A.2","7+8N151+8N173+8N",623,0.985759493670886,2
"IM-23-122-GBHJ","8039832081","Maziba","Pf3D7_04_v3-544454-544718-1A","ACAAAATATAATACTTTATATACAAATGCTTATAAAAAATTTTAACGCGGACGTACTTCAAAATAATATAAATGAACAAGAAGTAATACATAATAACATCAACATTAATAATATAAAAGAAGAACAACTTATACCAAATAATATCAAGAATATCCATAATAATGACAATATTAATCATTGTGATGATAATAAAATAA","Pf3D7_04_v3-544454-544718-1A.7","33+8N47G50G128C",371,0.764948453608247,5
"IM-23-122-GBHJ","8039832081","Maziba","Pf3D7_04_v3-544454-544718-1A","ACAAAATATAATACTTTATATACAAATGCTTATAAAAAATTTTAACTCGAACGTACTTCAAAATAATATAAATGAACAAGAAGTAATACATAATAACATCAACATTAATAATATAAAAGAAGAACAAATTATACCAAATAATATCAAGAATATCCATAATAATGACAATATTAATCATTGTGATGGTAATAAAATAA","Pf3D7_04_v3-544454-544718-1A.1","33+8N186G",7,0.0144329896907217,5
"IM-23-122-GBHJ","8039832081","Maziba","Pf3D7_13_v3-1465901-1466157-1A","CATAAAGGGTCCGATAACATTTTTTACATTTTCCCATGCAGAATCAGCATACAAGTTACATTTACCATCTGATGGATGACAACCTACAAGAAATCTGTTGAAAGCTACATTAATACCTTGTCCAATACCAAAAACAGCTATTTTAACACCACGATCATTTAATTTTCTTGATTCTTTTAATGAATCTTGAATACTAT","Pf3D7_13_v3-1465901-1466157-1A.1","19+8N158T",577,0.852289512555391,3
"IM-23-122-GBHJ","8039832081","Maziba","Pf3D7_11_v3-119432-119705-1A","CTCCTTTATATTCATCAAGAAATTTCATCCAAAAGTAATTATGTTTTTCTTGTTGATATTTTGCTTTATACAAACGAGCAAGATACTTATTATACGATTCATGCTCTTTAATTTTCTTTTCAAAAGTTTTGGTTATAATGTGTTCAAGTGATTGTAAAGTATTTTTCTTTAATTTTCTCCATATTAATCTACATGCGATTATAAGAA","Pf3D7_11_v3-119432-119705-1A.2","33A89A",6,0.0129032258064516,3
"IM-23-122-GBHJ","8039832081","Maziba","Pf3D7_13_v3-146695-146934-1A","AAAGTATTTGTAATAGATTGAACGATGAACTAAATGAAGAAATATGTGGTTATCAAATTAGGTTTGAAAAATCGTATTTTTTAAAACATAGTAAAATTAAAGTTATGACAGAAGGAATTTTATTGAAAGAAATTATGAGTGATTTTATTTTATCAAAATATAGTGTTATCATTCTTGA","Pf3D7_13_v3-146695-146934-1A.1","20G76+8N170C",970,0.688431511710433,3
"IM-23-122-GBHJ","8039832081","Maziba","Pf3D7_04_v3-648065-648332-1A","TATAACTTCTGATTCAGTTTTGTTAAGATATATACCAAGAGATCTTAACAAATATAATAATTTTTCACCACTAACTCCATCTTTATTAGTATCGTATTCTTTAAATATTGATTCAATCTCAGCTCTCTTAAAGAAAACAAATATATATACATATATATATGTATTTATATGAATTTGTATCAATAAATAATAACATTCTTA","Pf3D7_04_v3-648065-648332-1A.2","4A141+30N",100,0.28735632183908,2
"IM-23-122-GBHJ","8039832081","Maziba","Pf3D7_04_v3-1005938-1006187-1A","GTCTTAACATTAATTCTAGTTACAAAGTTACATGGATTTATTGAAAAGATATTTTCGTCATTATATTTCTTTTTTTCCATATCTGTTTGATCATTTTGATATGTTTTCATATTATCCATATGTTCATTATTTTGATCAATATAATTTTTTTTTATAATAAATTTAGAATTATTTTTAAAGAAA","Pf3D7_04_v3-1005938-1006187-1A.2","15T16C61T69+9N144+11N",315,0.719178082191781,3
"IM-23-122-GBHJ","8039832081","Maziba","Pf3D7_05_v3-1322099-1322341-1A","TTCCAATAGAAACTATATTACGATTTTCTTCATGAGGTAAATTGACATTCATCTTATATGTATAATTAAGGATGAGTAATAAATTGTATAGAAATATTTTTATTTAATAATTTATATGTATTATTAATAATTCTGAATTTATCAATTGATATATTATTTTTTTTTTTCTTTATGCCATTC","Pf3D7_05_v3-1322099-1322341-1A.5","27T91G162T",138,0.707692307692308,3
"IM-23-122-GBHJ","8039832081","Maziba","Pf3D7_11_v3-115913-116184-1A","ACCTCCAGATGTTATAAATATTATATTATCATCATCATTTGGAAGGAAATTCTCCTCTAATGTTTTTAATATTTCATCTATATTTTTAGGTCTCAATTTACTATTGAAAAATTTTGAATACTTCAAAAAATAATCATCATCTTTTACATTACATATATTATCATTATTTTCATTTTGTTTTAGTAGTTCATCTTTTTTATTATC","Pf3D7_11_v3-115913-116184-1A.1","7A124+8N197T",237,0.979338842975207,3
"IM-23-122-GBHJ","8039832081","Maziba","Pf3D7_01_v3-528859-529104-1A","TTTGATTCTTTTTAATGAAAAAGAAGCTAAAGATATGTCAGACGATATAATTTCCCAACAAAAACGTTATTGCTCTACCAATATTCATAGTAATTATAATAATAAAATATGTATATGTAAAAATAAGCGACATCATAACAAAAGAGGGAAAGGAATAAAGCATCCTGACATACATCAAAAGG","Pf3D7_01_v3-528859-529104-1A.8","44G",9,0.0045271629778672,4
"IM-23-122-GBHJ","8039832081","Maziba","Pf3D7_13_v3-1724895-1725166-1B","CGCCATTTTCTCCTCCTGTAATTATATAAGAATCTGACAATGTGGCAACTCCAAAATTCATTTTTTTCTCTGGTACACCATTTAGAAATTGCCATCTTTTATTAAATGGTTGATATTGTTCAACGGAATCTAATATGTTATGTTCATTATCAATACCTCCAACAACATATATTTGATTAAGGTAATTAAAAGCTGCTCCTGAACTTCTAG","Pf3D7_13_v3-1724895-1725166-1B.2","48A60+9N",32,0.116363636363636,2
"IM-23-122-GBHJ","8039832081","Maziba","Pf3D7_12_v3-2092654-2092884-2","GAGATATTAGCTTCATGTTCAGAAGATATGTCTATAAGAATATGGGAGATACGTCATGAGGATGAGAATGTGAATGAGGTAAAGGATCCTTTATGTATATTAAATGGTCATAAGAAAAAAGTAAATATATTATCATGGAATCCTATGAATTATTTTATATTATCATCT","Pf3D7_12_v3-2092654-2092884-2.1","114+8N",1328,1,1
"IM-23-122-GBHJ","8039832081","Maziba","Pf3D7_13_v3-852647-852921-1A","TACGAAATGATGAATTAAAAGAATTAACATTTATGAAAAATAAAGAAAATAGGAATGCAGATACATATGTTTTTCATTATCCTAAAAAAGAGAAATATGACCAATTAGTTTTTGAATTACGTAAACATAATTTTAATATAACAAGCATGAATACATATAAAAAACTAACAAATGAAACATCATCACAAAAAGAAGAAAATGCTTCTATAATAAGTT","Pf3D7_13_v3-852647-852921-1A.1","75C83+8N158+8N",258,0.781818181818182,3
"IM-23-122-GBHJ","8039832081","Maziba","Pf3D7_13_v3-852647-852921-1A","TACGAAATGATGAATTAAAAGAATTAACATTTATGAAAAATAAAGAAAATAGGAATGCAGATACATATGTTTTTCATTATCCTAAAAAAGAGAAATATGACCAATTAGTTTTTGAATTACGTAAACATAATTTTAATATAACAAGCATTAATACATATAAAAAACTAACAAATGAAACATCATCACAAAAAGAAGAAAATGCTTCTATAATAAGTT","Pf3D7_13_v3-852647-852921-1A.3","75C83+8N149T158+8N",53,0.160606060606061,3
"IM-23-122-GBHJ","8039832081","Maziba","Pf3D7_05_v3-1188456-1188706-1A","CAAAATTTAAATCAATAGCGGTTACGTTCATAATTTTGCCTTCAAAACTAACTTCTGTATGATATATAAATTTATTTTCCTTTACACTAAATACATATATAAAAATGGTACTTAATAATTTATCTTTATCATATTTAAATAATATTAAATCTGTTTTTACATCTGAGTTGTAATCACCGAAAT","Pf3D7_05_v3-1188456-1188706-1A.1",".",250,0.1906941266209,2
"IM-23-122-GBHJ","8039832081","Maziba","Pf3D7_05_v3-1188456-1188706-1A","CGAAATTTAAATCAATAGCGGTTACGTTCATAATTTTGCCTTCAAAACTAACTTCTGTATGATATATAAATTTATTTTCCTTTACACTAAATACATATATAAAAATGGTACTTAATAATTTATCTTTATCATATTTAAATAATATTAAATCTGTTTTTACATCTGAGTTGTAATCACCGAAAT","Pf3D7_05_v3-1188456-1188706-1A.4","2G",1061,0.8093058733791,2
"IM-23-122-GBHJ","8039832081","Maziba","Pf3D7_04_v3-900526-900759-1A","TTAACAACTTATCATCATTTATTAGATTCTTTTCATGGAACAGATTATTAACAGTATCCATAATTTTATGATCATCCGTGTTATATGTATCTATACAAGTATTTAGCTTGCTTATATAATTTACATATTTCAACGGATCATTTTGAAGTATGCAATCATCGAATGAATA","Pf3D7_04_v3-900526-900759-1A.1","106G",715,0.808823529411765,4
"IM-23-122-GBHJ","8039832081","Maziba","Pf3D7_04_v3-1005938-1006187-1A","GTCTTAACATTAATCTTAGTTACAAAGTTACATGGATTTATTGAAAAGATATTTTCGTCATTATATTTCTTTTTTTCCATATCTGTTTGATCATTTTGATATGTTTTCATATTATCCATATGTTCATTATTTTGATCAATATAATTTTTTTTTATAATAAATTTAGAATTATTTTTAAAGAAA","Pf3D7_04_v3-1005938-1006187-1A.5","61T69+9N144+11N",82,0.187214611872146,3
"IM-23-122-GBHJ","8039832081","Maziba","Pf3D7_05_v3-1322099-1322341-1A","TTCCAATAGAAACTATATTACGATTTTCTTCATGAGGTAAATTGACATTCATCTTATATGTATAATTAAGGATGAGTAATAAATTGTATAAAAATATTTTTATTTAATAATTTATATGTATTATTAATAATTCTGAATTTATCAATTGATATATTATTTTTGTTTTTCTTTATGCCATTC","Pf3D7_05_v3-1322099-1322341-1A.4","27T",31,0.158974358974359,3
"IM-23-122-GBHJ","8039832081","Maziba","Pf3D7_11_v3-1968050-1968296-2","TCATTACACTAGTCATGATTGGTTTAGATTATTACGCCAAGGGAATAAAGCTCAAAATTCCATTTCTCAGGAAGTAGACATATTAAAGGAAAAGTATAAAAAATTAATTTCAGAGGAAGACAATAAAAAAGAAAATAACAATAATAATGATGATGAAGTAAAACCAGAACTAAAAGACAATATA","Pf3D7_11_v3-1968050-1968296-2.1","87A97+8N124+8N",759,0.66,2
"IM-23-122-GBHJ","8039832081","Maziba","Pf3D7_08_v3-1375205-1375450-2","ACAAAAGTACGGAGGCAAAAACGGCAGCGGATAATACTTTATTTTTTGAGAAGGAAACCATTTTTATTAAATAACTATATAAATAGAAAAAGAAATAATAACAAAAATGTATAAATATAATTGTATAATATATGATATATATAAAATATAGAATACTAATTTTTTGCATATACAAAAAA","Pf3D7_08_v3-1375205-1375450-2.1","41+8N159+8N173+7N",160,1,1
"IM-23-122-GBHJ","8039832081","Maziba","Pf3D7_13_v3-958247-958510-1B","TTTATATTATCTGTAATATGCACATTTTGTATAATATTATCAATATTTGTAGCATTTTGACCGTATGTTTCATTTTCATCGTATGTTTCATTTTCATCGTATGTTCCATTTATATTGTATGTTCCATTTATATTGTATGTTCCATTTTTATCATATGTTATGTCCACAT","Pf3D7_13_v3-958247-958510-1B.63","88D=CCATTTATATTGTATGTT148D=TCATCGTATGTTCCATTT",413,0.844580777096115,4
"IM-23-122-GBHJ","8039832081","Maziba","Pf3D7_04_v3-1037644-1037891-1A","GAAAGAGATTTAACAGATGATGCTGTGATTTTTGCACACTCACTTTATTTACCATTTGAAAAAGAAGAAATGTGGTGGATCGTTATCGGAATTAAAAAAATGAACTTACTTTTATCTATCAAAAAATTATCTTTATTGAAAAGTGTCAATAATATAAAAATTAATTTCGAATTGCCTGACA","Pf3D7_04_v3-1037644-1037891-1A.1","93+9N120+8N",196,0.225028702640643,2
"IM-23-122-GBHJ","8039832081","Maziba","Pf3D7_05_v3-213027-213251-1A","ATGTACTTATCCCCTGATATGATTTTTCCAATATCATCAAAATCAGTAATCTCTAAATCATTTATATGATTTATATGTATAAATTCTTTTATCTTGTTCAAATAATTTCTGTAATAAAATATATTCTCTTTATCATCATCAATTATTTTCATATAATC","Pf3D7_05_v3-213027-213251-1A.4","25T26T",320,0.320962888665998,3
"IM-23-122-GBHJ","8039832081","Maziba","Pf3D7_04_v3-748374-748611-1B","AAACTGGGAAAGCATTCCAAAAAAATTTAAACCTTTAAGCAATAGGATAAATGTTATATTGTCTAGAACCTTAAAAAAAGAAGATTTTGATGAAGATGTTTATATCATTAACAAAGTTGAAGATCTAATAGTTTTACTTGGGAAATTAAATTACTATAAATGTTTTATATTAG","Pf3D7_04_v3-748374-748611-1B.3","3A18+9N72+9N169A170T",11,0.0129564193168433,3
"IM-23-122-GBHJ","8039832081","Maziba","Pf3D7_12_v3-233418-233671-1A","CAAAAATATCATTCCCCAAATTTGTACTACTAATTGTTCCAATAGTTGCTATAGTTGTGGTAATTTGCTCATATGTATTTTTTCCTAAAGATTTATTAGACACATTTGAAGGATCATTATTTTGTTCCAAATTCTTGGGCACAGTATTATTACATGAGAATAATGAAAAGTTATTATCATAATTCTTTTGTT","Pf3D7_12_v3-233418-233671-1A.11","48G77+8N",99,0.146884272997033,3
"IM-23-122-GBHJ","8039832081","Maziba","Pf3D7_04_v3-1113397-1113639-1A","GATTCTGCATGCAGTAATGAATCTATTGAAATCATCTAAGAATAAACTTTTTTGTTTAAACCATTTATTGAACATTTCACTTAAATGTGATTCAATTTTTTTTTCTGAGCTTTCCATAATTTGATTACAACTATTCAATTTGTTTGTATAAGTTTTAGGTCTTATTATTCTTTTACGTTTTAAATCATC","Pf3D7_04_v3-1113397-1113639-1A.2","47+8N95+11N",241,0.226503759398496,3
"IM-23-122-GBHJ","8039832081","Maziba","Pf3D7_04_v3-1113397-1113639-1A","GATTCTGCATGCAGTAATGAATCTATTGAAATCATCTAAGAATAAACTTTTTTGTTTAAACCATTTATTGAACATTTCACTTAAATGTGATTCAATTTTTTTTTCTGAGATTTCCATAATTTGATTACATCTATTCAATTTGTTTGTATAATTATTAGGTCTTATTATTCTTTTACGTTTTAAATCATC","Pf3D7_04_v3-1113397-1113639-1A.4","47+8N95+11N110A130T152T154A",8,0.0075187969924812,3
"IM-23-122-GBHJ","8039832081","Maziba","Pf3D7_04_v3-109939-110184-1A","CAACATCTGAATTATATAAATCTTTAGAAAAACAACTAATATCCTTACTCCATATATTTATTTTTATACCAAGAATAACAGCCATATAAACCAAAACTCTCTCAAATGCATGTGATACAGGTAAATAAGAAAAATGGGTTTTCGGTTTCATGTTTTTTATTACATTATGATCACATAATGGTGCTACT","Pf3D7_04_v3-109939-110184-1A.2","51C108G152+8N",404,0.729241877256318,3
"IM-23-122-GBHJ","8039832081","Maziba","Pf3D7_12_v3-2092529-2092798-1B","AGTTGAAGGGGGAGGAATGATCGGAGTTATCAGATTAGAAAATCAAATGAGAAATCCCCCTGTAATAAAATTGAAGAGTCATACATCTCCCATCCTTGATTTGTCATTTAACCCGTGTTATAGTGAGATATTAGCTTCATGTTCAGAAGATATGTCTATAAGAATATGGGAGATACGTCATGAGGATGAGAATGTGAATGAGGTA","Pf3D7_12_v3-2092529-2092798-1B.3","47A",55,0.116772823779193,2
"IM-23-122-GBHJ","8039832081","Maziba","Pf3D7_05_v3-1322099-1322341-1A","TTCCAATAGAAACTAGATTACGATTTTCTTCATGAGGTAAATTGACATTCATCTTATATGTATAATTAAGGATGAGTAATAAATTGTATAGAAATATTTTTATTTAATAATTTATATGTATTATTAATAATTCTGAATTTATCAATTGATATATTATTTTTGTTTTTCTTTATGCCATTC","Pf3D7_05_v3-1322099-1322341-1A.2","16G27T91G",26,0.133333333333333,3
"IM-23-122-GBHJ","8039832081","Maziba","Pf3D7_11_v3-119432-119705-1A","CTCCTTTATATTCATCAAGAAATTTCATCCAAAAGTAATTATGTTTTTCTTGTTGATATTTTGCTTTATACAAACGAGCAAGATACTTATTATACGATTCATGCTCTTTAATTTTCTTTTCAAAAGTTTTGGTTATAATGTGTTGAAGTGATTGTAAAGTATTTTTCTTTAATTTTCTCCATATTAATCTACATGCGATTATAAGAA","Pf3D7_11_v3-119432-119705-1A.4","33A89A145G",82,0.176344086021505,3
"IM-23-122-GBHJ","8039832081","Maziba","Pf3D7_11_v3-1293919-1294168-1A","TCCATATCAAAAAAGTGATGTGTATCATCCAATCAACGAACATAGGGAACATCCAAAAGAATACCAATATCCATTACACCAGGAACATACATACCAACAAGAAGATTCAGGAGAAGACGAAAATACATTACAACACGCATATCCAATAGACCACGAAGGTGCTGAACCCGCACCACAAGAACAAAATTTAT","Pf3D7_11_v3-1293919-1294168-1A.4","13A27A65C163T",8,0.0104849279161206,6
"IM-23-122-GBHJ","8039832081","Maziba","Pf3D7_11_v3-408543-408771-1A","AGAGTGTTAATAATACTACAGCTAGTAATATTTCCAAATCCAAAAATGAACTTGAAAAAAAGTCATCAGTTAATAATAATGCTTATATTAAAATTATCGAAAATTATGATTTATTATGGTTAAAATTAATAGAAATTGAATTATGTTGTAATAATAAAAATTTAAATCCTATA","Pf3D7_11_v3-408543-408771-1A.1","54+9N",312,0.838709677419355,2
"IM-23-122-GBHJ","8039832081","Maziba","Pf3D7_13_v3-156456-156685-1A","ATTATATGATATTTATATAAAATTAGAAAATCTAATTTTAGAAAAAATAACTGAAAGTATATACAATAGTACACCTCCATATAGAGTTATTATGTTCGAATTAATGACCAGATTGTTTCGATTTTATACAAAACCAATAGACCTTATTATTACTATGAATACAC","Pf3D7_13_v3-156456-156685-1A.2","41+8N115G",219,0.673846153846154,2
"IM-23-122-GBHJ","8039832081","Maziba","Pf3D7_13_v3-479569-479811-1A","CTAGAGACGAATTTGATGATAAAAGAAAATTAAAAGAAGAGAAAATTAAACAATGCCAACTATTAAATGAAAAACAACTAGAAGAAAAAGAAAAGGAAAAAAGAATTCTGAGAGAAAAAGCTGTTGAATATACCTTACAAAATGAAGAAGAATATAAACAACTAAAACGAAAATT","Pf3D7_13_v3-479569-479811-1A.36","95G96+8N",569,0.685542168674699,4
"IM-23-122-GBHJ","8039832081","Maziba","Pf3D7_13_v3-156713-156986-1A","TCCTTTTATGTGAACAAATTAAATATTGTAAATGATTTCTTTTTTGAAACACACCATAAAGATACACATCAAGACAGTCAAAATCAACACAAAACGGATGAACCTAAAATACATAATGTTTTCAAAAAAAAAAATAACGATATCTTTGTTAATATTCCTCTACCAAAAATATTTAAAAATTTCTTACATTCCATATATTTTAGAACTCC","Pf3D7_13_v3-156713-156986-1A.17","39+8N50C85C123+13N",69,0.170792079207921,3
"IM-23-122-GBHJ","8039832081","Maziba","Pf3D7_05_v3-213027-213251-1A","ATGTACTTATCCCCTGATATGATTTTTCCAATATCATCAAAATTAGTAATCTCTAAATCATTTATATGATTTATATGTATAAATTCTTTTATCTTGTTCAAATAATTTCTGTAATAAAATATATTCTCTTTATCATCATCAATTATTTTCATATAATC","Pf3D7_05_v3-213027-213251-1A.3","25T26T44T",1,0.00100300902708124,3
"IM-23-122-GBHJ","8039832081","Maziba","Pf3D7_03_v3-221463-221712-1B","ACTTGAATACCATTTCCACAAGTTACACTACATGGGGACCATTCAGTTGAAAGAGAATTTTGTATTTTGTTTAAATATTCTTTTATGTGCTTATCACTTGGTTCTTCGTTATTATTATTTTTTACAGCACTGTTGGCATTAGCATTTTCATCTACATTTCGGTTTGGGTCATTTGGCATATTGTGACCTTGTC","Pf3D7_03_v3-221463-221712-1B.17","117+8N",35,0.0872817955112219,4
"IM-23-122-GBHJ","8039832081","Maziba","Pf3D7_03_v3-221463-221712-1B","ACTTGAATACCATTTCCACAAGTTACACTACATGGGGACCATTCAGTTGAAAGAGAATTTTTTATTGTCTTTAAATATTGTTCTATGTGCTTATCACTTGGTTCTTCGTTATTATTATTTTTTACAGCATTGTTGGCATTAGCATTTTCATCTACATTTCGGTTTGGGTCATTTGGCATATTGTGACCTTGTC","Pf3D7_03_v3-221463-221712-1B.1","62T67G69C80G83C117+8N130T",59,0.14713216957606,4
"IM-23-122-GBHJ","8039832081","Maziba","Pf3D7_03_v3-221463-221712-1B","ACTTGAATACCATTTCCACAAGTTACACTACATGGGGACCATTCAGTTGAAATAGAATTTTTTATTTTCTTTAAATATTCTTCTATGTGCTTATCACTTGGTTCTTCGTTATTATTATTTTTTACAGCATTGTTGGCATTAGCATTTTTATCTACATTTCGGTTTGGGTCATTTGGCATATTGTGACCTTGTC","Pf3D7_03_v3-221463-221712-1B.16","53T62T69C83C117+8N130T149T",262,0.653366583541147,4
"IM-23-122-GBHJ","8039832081","Maziba","Pf3D7_04_v3-544454-544718-1A","ACAAAATATAATACTTTATATACAAATGCTTATAAAAAATTTTAACTCGAACGTACTTCAAAATAATATAAATGAACAAGAAGTAATACATAATAACATCAACATTAATAATATAAAAGAAGAACAAATTATACCAAATAATATCAAGAATATCCATAATAATGACAATATTAATCATTGTGATGATAATAAAATAA","Pf3D7_04_v3-544454-544718-1A.3","33+8N",42,0.0865979381443299,5
"IM-23-122-GBHJ","8039832081","Maziba","Pf3D7_03_v3-221295-221532-2","AAGGAACAAGAAGGATAATACCATTATTAATCCTATTGAACTATTTACGACATTAAACACACTGGAACATTTTTCCATTTTACAAATTTTTTTTTCAATATCATTTGCATAATCTAATTCGTCTTTAGGTTTATTAGCAGAGCCAGGCTTTATTCTAACTTGAATACCATTTCCACAAGTTA","Pf3D7_03_v3-221295-221532-2.7","86+11N",40,0.071301247771836,6
"IM-23-122-GBHJ","8039832081","Maziba","Pf3D7_04_v3-900526-900759-1A","TTAACAACTTATCATCATTTATTAGATTCTTTTCATTGAACAGATTATTAACAGTATCCATAATTTTATGATCATCCGTGTTATATGTATCTATACAAGTATTTAGCTTGCTTATATAATTTACATATTTCAACGGATCATTTTGAAGTATGCAATCATCGAATGAATA","Pf3D7_04_v3-900526-900759-1A.3","37T106G",10,0.0113122171945701,4
"IM-23-122-GBHJ","8039832081","Maziba","Pf3D7_13_v3-1725124-1725365-2","TGGAAATTGTTCCCATTTATTCATTTTTTCTTCATATACTTCAATAGAATTTAATCTCTCACCATTAGTTCCACCAATGACATAAATTTTATTATCAAAAGCAACACACATAGCTGATGATCTAGGGGTATTCAAAGGTGCCACCTCTACCCATGCTTTCATACGATGATCATATGCTTCTAC","Pf3D7_13_v3-1725124-1725365-2.1","23+8N",1557,1,1
"IM-23-122-GBHJ","8039832081","Maziba","Pf3D7_03_v3-221295-221532-2","AAGGAACAAGAAGGATAATACCATTATTAATCCTATTGAACTATTTACGACATTAAACACACTGGAACATTTTTCCATTTTACAAATTTTTTTTTCAATATCATTTATATAATCTAATTGGTCTTTAGGTTTATCAGCAGAGCCAGGCTTTATTCTAACTTGAATACCATTTCCACAAGTTA","Pf3D7_03_v3-221295-221532-2.8","86+11N107A108T120G135C",2,0.0035650623885918,6
"IM-23-122-GBHJ","8039832081","Maziba","Pf3D7_08_v3-1386795-1387043-1B","TCCTTTGTCGCAGCATGCCTTTCATTAGCTGCTATAGCTTGTGTTATCTTAACTTCATTATAAAAAAAATATACTTCGATAAAAGGTACATATACCATGCTGGTCAATGATATTAGCATGCGACATTCTAATATATCCATTATGAACAAGGTGAACAAGAATATTGGGATTATTGAAATTGTCTGCATTA","Pf3D7_08_v3-1386795-1387043-1B.1","61+10N",343,0.98,2
"IM-23-122-GBHJ","8039832081","Maziba","Pf3D7_03_v3-85507-85756-1A","TATCATTTAAATTCTCTTTTTCCACAGCTCCAGCATTTTTATTTATATCATCTACAACTACATCTTCCTTCACATAATTATTTATATAAAAAATATTATCATCTAAAGCATCTGAAAATTCTTCATTTAATACTTCTTCATCTTCTACATTAAATGTTTTCGTTCTTTCATCATCTAATAAA","Pf3D7_03_v3-85507-85756-1A.7","93A",244,0.72189349112426,2
"IM-23-122-GBHJ","8039832081","Maziba","Pf3D7_13_v3-479569-479811-1A","CTAGAGACGAATTTGATGATAAAAGAAAATTAAAAGAAGAGAAAATTAAACAATGCCAACTATTAAATGAAAAACAACGAGAAGAAAAAGAAAAAGAAGAAAGAATTCTGAGAGAAAAAGCTGTTGAATATACCTTACAAAATGAAGAAGAATATAAACAACTAAAACGAAAATT","Pf3D7_13_v3-479569-479811-1A.2","79G96+8N",1,0.00120481927710843,4
"IM-23-122-GBHJ","8039832081","Maziba","Pf3D7_05_v3-213027-213251-1A","ATGTACTTATCCCCTGATATGATTTCTCCAATATCATCAAAATTAGTAATCTCTAAATCATTTATATGATTTATATGTATAAATTCTTTTATCTTGTTCAAATAATTTCTGTAATAAAATATATTCTCTTTATCATCATCAATTATTTTCATATAATC","Pf3D7_05_v3-213027-213251-1A.5","25T44T",676,0.678034102306921,3
"IM-23-122-GBHJ","8039832081","Maziba","Pf3D7_11_v3-115913-116184-1A","ACCTCCCGATGTTATAAATATTATATTATCATCATCATTTGGAAGGAAATTCTCCTCTAATGTTTTTAATATTTCATCTATATTTTTAGGTCTCAATTTACTATTGAAAAATTTTGAATACTTCAAAAAATAATCATCATCTTTTACATTACATATATTATCATTATTTTCATTTTGTTTTAGTAGTTCATCTTTTTTATTATC","Pf3D7_11_v3-115913-116184-1A.2","124+8N197T",3,0.012396694214876,3
"IM-23-122-GBHJ","8039832081","Maziba","Pf3D7_12_v3-1959644-1959891-1A","ATGGGAAGACGATAAGAGAAGAGAAATTAATTTCTGAGGGAGCGTATTCATTTGTTTATATGGCGAAGGATTTAAACACGAATCGAGCTTATACTATAAAGAAGACCATATGTCAAGATAAAGAGAAAATAGATATGGCGTATAAAGAAATCAACATTCTTAAAAGTTTACCTCCACATAAAAATATA","Pf3D7_12_v3-1959644-1959891-1A.3","141T",4,0.0091324200913242,3
"IM-23-122-GBHJ","8039832081","Maziba","Pf3D7_14_v3-106867-107115-1A","AATGACATGAACAAGTCAGGCGAAAAAGAGGAACATGTTATAAATAGTAAATGGAAAAATAAATTTTTCCATGAAGTAATACAAAATATGTTATATGATGATAATATAAATGATCATAAGGAAGAAATTAAGGAAGATAATTCTAATGAATATAATATCAATAATAAAAATGATAATTTATATGATATA","Pf3D7_14_v3-106867-107115-1A.1","78A",107,0.294765840220386,2
"IM-23-122-GBHJ","8039832081","Maziba","Pf3D7_14_v3-106867-107115-1A","AATGACATGAACAAGTCAGGCGAAAAAGAGGAACATGTTATAAATAGTAAATGGAAAAATAAATTTTTCCATGAAGTTATACAAAATATGTTATATGATGATAATATAAATGATCATAAAGAAGAAATTAAGGAAGATAATTCTAATGAATATAATATCAATAATAAAAATGATAATTTATATGATATA","Pf3D7_14_v3-106867-107115-1A.2","120A",256,0.705234159779614,2
"IM-23-122-GBHJ","8039832081","Maziba","Pf3D7_11_v3-119432-119705-1A","CTCCTTTATATTCATCAAGAAATTTCATCCAAGAGTAATTATGTTTTTCTTGTTGATATTTTGCTTTATACAAACGAGCAAGATACTTTTTATACGATTCATGCTCTTTAATTTTCTTTTCAAAAGTTTTGGTTATAATGTGTTCAAGTGATTGTAAAGTATTTTTCTTTAATTTTCTCCATATTAATCTACATGCGATTATAAGAA","Pf3D7_11_v3-119432-119705-1A.1",".",377,0.810752688172043,3
"IM-23-122-GBHJ","8039832081","Maziba","Pf3D7_11_v3-408285-408534-1A","TATGAAGAAGGTTTAAAATATTGTGCGTCATCAATTAATTTATGGATATGTGCTATCGATTTACAAATAGAAAAAAAGAATTATACAGGTGCTAGAGCTTTGACGGAGAAAGCAAAAATCAAAATCAAGTATTTAAATTCTTTTAATAATAATAGTCATATTTTAAAAAGTAAAGAAATTATTGAA","Pf3D7_11_v3-408285-408534-1A.1","70+9N",605,1,1
"IM-23-122-GBHJ","8039832081","Maziba","Pf3D7_04_v3-748585-748822-2","TTAATAAAAAAAATATATTTTACTAGAATAAATAGTACATATGAATGTGATGTATTTTTTCCAGAAATAAATGAAAATGAGTATCAAATTATTTCTGTTAGCGATGTATATACTAGTAACAATACAACATTGGATTTTATCATTTATAAGAAAACGAATAATAAAATGTT","Pf3D7_04_v3-748585-748822-2.1","5+10N54+8N",291,1,1
"IM-23-122-GBHJ","8039832081","Maziba","Pf3D7_03_v3-855426-855697-1A","GTTATTTCAGTATGAGTTTCAACAGTTAATACTACTTCAGGATATGGATTGATACTTAACATATGTACTCTCAATAATCTAGTATCAAATATATATGAAAATGTATACTCAGGAAAACATATAGTAGATAATCCATTATTATTCTCTATACATATTTTACTTATAGCTATATAATCGTAATTATCTTCTATTACTATTGGTTCTGTG","Pf3D7_03_v3-855426-855697-1A.2","32C61A",54,0.215139442231076,2
"IM-23-122-GBHJ","8039832081","Maziba","Pf3D7_13_v3-156456-156685-1A","ATTATATGATATTTATATAAAATTAGAAAATCTAATTTTAGAAAAAATAACTGAAAGTATATACAATAGTACACCTCCATATAGAGTTATTATGTTCGAATTAATGACCAGATTATTTCGATTTTATACAAAACCAATAGACCTTATTATTACTATGAATACAC","Pf3D7_13_v3-156456-156685-1A.1","41+8N",106,0.326153846153846,2
"IM-23-122-GBHJ","8039832081","Maziba","Pf3D7_11_v3-497277-497548-1A","TTTTAGATTTAATTGAATATTCATTTTTAAATTATACTAGTTCTAATTTAAATACAATAAATAATAATAATGACAAAAAAAAACAAAATCAAAAAAATAAAAATCGCAAATATAGTAAAAATAATATTTTAGATCTCTATGAACACGTAAGGACGATCAGTTTATTTTATCACACGTTTAATTTACCTAAGGAGTATAATGAAAAATTGTT","Pf3D7_11_v3-497277-497548-1A.3","74+11N90+9N148T152G",21,0.0772058823529412,2
"IM-23-122-GBHJ","8039832081","Maziba","Pf3D7_13_v3-146695-146934-1A","AAAGTATTTGTAATAGATTGAACGATGAACTAAATGAAGAAATATGTGGTTATCAAATTAGGTTTGAAAAATCGTATTTTTTAAAACATAGTAAAATTAAAGTTATGACAGAAGGAATTTTATTGAAAGAAATTATGAGTGATTTTATTTTATCAAAATATAGTGTTATTATTCTTGA","Pf3D7_13_v3-146695-146934-1A.3","20G76+8N",193,0.136976579134138,3
"IM-23-122-GBHJ","8039832081","Maziba","Pf3D7_04_v3-748374-748611-1B","AAACTGGGAAAGCATTCCAAAAAAATTTAAACCTTTAAGCAATAGGATAAATGTTATATTGTCTAGAACCTTAAAAAAAGAAGATTTTGATGAAGATGTTTATATCATTAACAAAGTTGAAGATCTAATAGTTTTACTTGGGAAATTAAATTACTATAAATGTTTTATTATAG","Pf3D7_04_v3-748374-748611-1B.1","3A18+9N72+9N",725,0.85394581861013,3
"IM-23-122-GBHJ","8039832081","Maziba","Pf3D7_04_v3-748374-748611-1B","AAACTGGGAAAGCATTCCAAAAAAATTTAAACCTTTAAGCAATAGGATAAATGTTATATTGTCTAGAACCTTAAAAAAAGAAGATTTTGATGAAGATGTTTATATCATTAACAAAGTTGAAGATCTAATAGTTTTACTTGGGAAATTAAATTACTATAAATGTTTTATTTTAG","Pf3D7_04_v3-748374-748611-1B.2","3A18+9N72+9N170T",113,0.133097762073027,3
"IM-23-122-GBHJ","8039832081","Maziba","Pf3D7_13_v3-815862-816091-1A","ATGATGTAGATGCTAATAGCACATCCTGGTCAGTATCTTGTGATAAATAATTTAATTTGTCCGCTAAAAAATAAAGTATAATTTCACAGCTTTTTTTATTTGTATCTGTGTTTTTCATGTTATCATAAAAAGACAAAGATGAAGTAGCACATGAGTTAATTA","Pf3D7_13_v3-815862-816091-1A.4","65+8N90+9N",65,0.145089285714286,2
"IM-23-122-GBHJ","8039832081","Maziba","Pf3D7_11_v3-497277-497548-1A","TTTTAGATTTAATTGAATATTCATTTTTAAATTATACTAGTTCTAATTTAAATACAATAAATAATAATAATGACAAAAAAAAACAAAATCAAAAAAATAAAAATCGCAAATATAGTAAAAATAATATTTTAGATCTCTATGAACACGTACGTACGATCAGTTTATTTTATCACACGTTTAATTTACCTAAGGAGTATAATGAAAAATTGTT","Pf3D7_11_v3-497277-497548-1A.1","74+11N90+9N148T150C",251,0.922794117647059,2
"IM-23-122-GBHJ","8039832081","Maziba","Pf3D7_03_v3-85507-85756-1A","TATCATTTAAATTCTCTTTTTCCACAGCTCCAGCATTTTTATTTATATCATCTACAACTACATCTTCCTTCACATAATTATTTATATAAAAATTATTATCATCTAAAGCATCTGAAAATTCTTCATTTAATACTTCTTCATCTACATTAAATGTTTTCGTTCTTTCATCATCTAATAAA","Pf3D7_03_v3-85507-85756-1A.1","144D=TCT",94,0.27810650887574,2
"IM-23-122-GBHJ","8039832081","Maziba","Pf3D7_03_v3-855426-855697-1A","GTTATTTCAGTATGAGTTTCAACAGTTAATACTACTTCAGGATATGGATTGATACTTAACGTATGTACTCTCAATAATCTAGTATCAAATATATATGAAAATGTATACTCAGGAAAACATATAGTAGATAATCCATTATTATTCTCTATACATATTTTACTTATAGCTATATAATCGTAATTATCTTCTATTACTATTGGTTCTGTG","Pf3D7_03_v3-855426-855697-1A.1","32C",197,0.784860557768924,2
"IM-23-122-GBHJ","8039832081","Maziba","Pf3D7_11_v3-2001725-2001999-2","AGATGTAAGAACTAAGAATGTAAATACAAGTAAGAGAAATGAAGGACTTAATGATATAAATGAATCAGAAAAAACAAGAACAAGAAGGCCATCAACAAAATCAAATAATAATAATGTGTCATACGAGAATGAATTAGAGAGTGTATCTGAATCGTTTGATAACTTTTTGGAGGATCATATGAAGGAAGGTGTTTTTTTAGATGGGGAAAA","Pf3D7_11_v3-2001725-2001999-2.36","68+8N118G191+9N",3,0.0162162162162162,2
"IM-23-122-GBHJ","8039832081","Maziba","Pf3D7_11_v3-2001725-2001999-2","GGATGTAAGAACTAAGAATGTAAATACAAGTAAGAGAAATGAAGGACTTAATGATATAAATGAATCAGAAAAAACAAGAACAAGAAGGGCATCAACAAAATCAAATAATAATAATAATAATGTATCATACGAGAATGAATTAGAGAGTGTATCTGAATGGTTTGATAACTTTTTGGAGGATCATATGAAGGAAGGTGTTTTTTTAGATGGGGAAAA","Pf3D7_11_v3-2001725-2001999-2.1","1G68+8N89G116I=AATAAT153G191+9N",182,0.983783783783784,2
"IM-23-122-GBHJ","8039832081","Maziba","Pf3D7_03_v3-221295-221532-2","AAGGAACAAGAAGGATAATACCATTATTAATCCTATTGAACTATTTACGACATTAAACACACTGGAACATTTTTCCATTTTACAAATTTTTTTTTCAATATCATTTTCATAATCTAATTGGTCTTTAGGTTTATTAGCAGAGCCAGGCTTTATTCTAACTTGAATACCATTTCCACAAGTTA","Pf3D7_03_v3-221295-221532-2.2","86+11N107T120G",64,0.114081996434938,6
"IM-23-122-GBHJ","8039832081","Maziba","Pf3D7_12_v3-1959644-1959891-1A","ATGGGAAGACGATAAGAGAAGAGAAATTAATTTCTGAGGGAGCGTATTCATTTGTTTATATGGCGAAGGATTTAAACACGAATCGAGCTTATACTATAAAGAAGACCATATGTCAAGATAAAGAGAAAATAGATATGGCGAAAAAAGAAATCAACATTCTTAAAAGTTTACCTCCACATAAAAATATA","Pf3D7_12_v3-1959644-1959891-1A.1","143A",424,0.968036529680365,3
"IM-23-122-GBHJ","8039832081","Maziba","Pf3D7_03_v3-653961-654206-1A","CTCGTACAATATTTTTATAATTTCCTTTCATCTTATTTTTTTCTTTATATTTTTTTTTTTCATATGTAAGATTTATATAATCACTTTCGCTTTTTCTAACGCTTTTGAACTTTTTAAATGTACTTCGTTCATTATTTCTAATTCTCGTAAACACAAGAATAAATATTTTGATATATCTTATA","Pf3D7_03_v3-653961-654206-1A.1","35+9N49+13N101G",466,0.803448275862069,2
"IM-23-122-GBHJ","8039832081","Maziba","Pf3D7_08_v3-1386786-1387035-2","TTGTCTCCTTTGTCGCAGCATGCCTTTCATTAGCTGCTATAGCTTGTGTTATCTTAACTTCATTATAAAAAAAATATACTTCGATAAAAGGTACATATACCATGCTGGTCAATGATATTAGCATGCGACATTCTAATATATCCATTATGAACTAGGTGAACAAGAATATTGGGATTATTGAAATTGT","Pf3D7_08_v3-1386786-1387035-2.26","66+10N153T",6,0.0133630289532294,2
"IM-23-122-GBHJ","8039832081","Maziba","Pf3D7_13_v3-1725379-1725652-2","ATTATTTCTTCTAGGTATATTTAAATTACTTGAAACATACCATACATCTCTTAAACGATCATACACCTCAGTTTCAAATAAAGCCTTATAATCATAGTTATTACCACCAAAAACGTATAAGAAATTATTCAATACAGCACTTCCAAAATAAGCTTTTTTGGTAGACATAGGTGTACACATACGCCAGCATTGTTGACTAATATCTAATAATTCCA","Pf3D7_13_v3-1725379-1725652-2.1","153+8N",299,1,1
"IM-23-122-GBHJ","8039832081","Maziba","Pf3D7_03_v3-891553-891827-1A","CAAGAGCTAAGAAAACATATAGAATCATCATAAGGATGTTGATAATATAAATGTGTTTTTATTTGTGTATTTATGTCAGAATATTGTTCCTTCGATTTATCTTTAAAATAATCAAGATTATTTATGTTGGTGGCTTTATTATTATTAAAATAATTTTGATTTGTTACATGATGACTATGGGTATATTTGTATTTTACGTTTTTATTA","Pf3D7_03_v3-891553-891827-1A.1","93C116G178T",90,0.314685314685315,3
"IM-23-122-GBHJ","8039832081","Maziba","Pf3D7_14_v3-1038300-1038538-1A","ATTAATGATTTATACACTTCAACTACACTTTTTAATTTAGCCCATACAATTAATAAAGCTCTACGATAAATTTCTTTTTTATTTGATTTAGAAAAAGGAGAAAACCATTGAAACTTTTTGGCTAGATATTTATGGTCTTTATCAAAAATATATTCTGAAACTTCATCTTCTAGAAGT","Pf3D7_14_v3-1038300-1038538-1A.1","74+8N",772,1,1
"IM-23-122-GBHJ","8039832081","Maziba","Pf3D7_12_v3-2092529-2092798-1B","AGTTGAAGGGGGAGGAATGATCGGAGTTATCAGATTAGAAAATCAAGTGAGAAATCCCCCTGTAATAAAATTGAAGAGTCATACATCTCCCATCCTTGATTTGTCATTTAACCCGTGTTATAGTGAGATATTAGCTTCATGTTCAGAAGATATGTCTATAAGAATATGGGAGATACGTCATGAGGATGAGAATGTGAATGAGGTA","Pf3D7_12_v3-2092529-2092798-1B.1",".",416,0.883227176220807,2
"IM-23-122-GBHJ","8039832081","Maziba","Pf3D7_11_v3-408543-408771-1A","AGAGTGTTAATAATACTACAGCTAGTCATATTTCCAAATCCAAAAATGAACTTGAAAAAAAGTCATCAGCTAATAATAATGCTTATATTAAAATAATCGAAAATTATGATTTATTATGGTTAAAATTAATAGAAATTGAATTATGTTGTAATAATAAAAATTTAAATCCTATA","Pf3D7_11_v3-408543-408771-1A.2","27C54+9N70C95A",60,0.161290322580645,2
"IM-23-122-GBHJ","8039832081","Maziba","Pf3D7_03_v3-221295-221532-2","AAGGAACAAGAAGGATAATACCATTATTAATCCTATTGAACTATTTACGACATTAAACACACTGGAACATTTTTCCATTTTACAAATTTTTTTTTCAATATCATTTTCATAATCTAATTCGTTTTTAGATTTACCAGCAGAGCCAGGCTTTATTCTAACTTGAATACCATTTCCACAAGTTA","Pf3D7_03_v3-221295-221532-2.10","86+11N107T123T129A134C135C",3,0.0053475935828877,6
"IM-23-122-GBHJ","8039832081","Maziba","Pf3D7_13_v3-1725208-1725471-1B","CATAAATTTTATTATCAAAAGCAACACACATAGCTGATGATCTAGGGGTATTCAAAGGTGCCACCTCTACCCATGCTTTCATACGATGATCATATGCTTCTACATTCGGTATAATAGAAGAGCCATCATATCCCCCAATACAATAAATTCTACCATTTGACGTAACACCACAATTATTTCTTCTAGGTATATTTAAATTACTTGAAAC","Pf3D7_13_v3-1725208-1725471-1B.1",".",499,1,1
"IM-23-122-GBHJ","8039832081","Maziba","Pf3D7_04_v3-900526-900759-1A","TTAACAACTTATCATCATTTATTAGATTCCTTTCATGGAACAGATTATTAACAGTATCCATAATTTTATGATCATCCGTGTTATATGTATCTATACAAGTATTTAGCTTGCTTATATAATTTACATATTTCAACGGATCATTTTGAAGTATGCAATCATCGAATGAATA","Pf3D7_04_v3-900526-900759-1A.6","30C106G",107,0.1210407239819,4
"IM-23-122-GBHJ","8039832081","Maziba","Pf3D7_12_v3-1959644-1959891-1A","ATGGGAAGACGATAAGAGAAGAGAAATTAATTTCTGAGGGAGCGTATTCATTTGTTTATATGGCGAAGGATTTAAACACGAATCGAGCTTATACTATAAAGAAGACCATATGTCAAGATAAAGAGAAAATAGATATGGCGAATAAAGAAATCAACATTCTTAAAAGTTTACCTCCACATAAAAATATA","Pf3D7_12_v3-1959644-1959891-1A.2",".",10,0.0228310502283105,3
"IM-23-122-GBHJ","8039832081","Maziba","Pf3D7_13_v3-479569-479811-1A","CTAGAGACGAATTTGATGATAAAAGAAAATTAAAAGAAGAGAAAATTAAACAATGCCAACTATTAAATGAAAAACAACTAGAAGAAAAAGAAAAAGAAAAAAGAATTCTGAGAGAAAAAGCTGTTGAATATACCATACAAAATGAAGAAGAATATAAACAACTAAAAGGAAAATT","Pf3D7_13_v3-479569-479811-1A.6","96+8N135A168G",10,0.0120481927710843,4
"IM-23-122-GBHJ","8039832081","Maziba","Pf3D7_13_v3-748254-748510-1B","ATACCAAAAAAAATAAAATAAAATAAAATGAAATAATAAATAAATAAATATACATATATTTACATATATATATATATAATTACACATATTTTTGATTGAGGACAAATTACATGTAGTGTAGTTCGTCTTCCTTGTGCGTTTCAATCACACAATCCGATTTAGGATAACATGTACACAAAAGAATATATTTTTTCTT","Pf3D7_13_v3-748254-748510-1B.2","5+10N25I=AAAAT39+33N108A180+8N",4,0.0127388535031847,2
"IM-23-122-GBHJ","8039832081","Maziba","Pf3D7_03_v3-653961-654206-1A","CTCGTACAATATTTTTATAATTTCCTTTCATCTTATTTTTTTCTTTATATTTTTTTTTTTCATATGTAAGATTTATATAATCACTTTCGCTTTTTCTAACCCTTTTGAACTTTTTAAATGTACTTCGTTCATTATTTCTAATTCTCGTAAACACAAGAATAAATATTTTGATATATCTTATA","Pf3D7_03_v3-653961-654206-1A.2","35+9N49+13N",114,0.196551724137931,2
"IM-23-122-GBHJ","8039832081","Maziba","Pf3D7_11_v3-1968050-1968296-2","TCATTACACTAGTCATGATTGGTTTAGATTATTACGCCAAGGGAATAAAGCTCAAAATTCCATTTCTCAGGAAGTAGACATATTAACGGAAAAGTATAAAAAATTAATTTCAGAGGAAGACAATAAAAAAGAAAATAACAATAATAATGATGATGAAGTAAAACCAGAACTAAAAGACAATATA","Pf3D7_11_v3-1968050-1968296-2.2","97+8N124+8N",391,0.34,2
"IM-23-122-GBHJ","8039832081","Maziba","Pf3D7_03_v3-221295-221532-2","AAGGAACAAGAAGGATAATACCATTATTAATCCTATTGAACTATTTACGACATTAAACACACTGGAACATTTTTCCATTTTACAAATTTTTTTTTCAATATCATTTTCATAATCTAATTCGTCTTTAGGTTTATTAGCAGAGCCAGGCTTTATTCTAACTTGAATACCATTTCCACAAGTTA","Pf3D7_03_v3-221295-221532-2.3","86+11N107T",388,0.691622103386809,6
"IM-23-122-GBHJ","8039832081","Maziba","Pf3D7_03_v3-891553-891827-1A","CAAGAGCTAAGAAAACATATAGAATCATCATAAGGATGTTGATAATATAAATGTGTTTTTATTTGTGTATTTATGTCAGAATATTGTTCCTTCGATTTATCTTTAAAATAATCAAGATTATTTATGTTGGTGGCTTTATTATTATTAAAATAATTTTGATTTGTTACATGATGACTAGGGGTATATTTGTATTTTACGTTTTTATTA","Pf3D7_03_v3-891553-891827-1A.7","93C116G",14,0.048951048951049,3
"IM-23-122-GBHJ","8039832081","Maziba","Pf3D7_04_v3-748105-748359-1B","TGTGCATGTTGTAAGGTTGAAAGCAAAAATGAGGGGAAAAAAAATGAGGTTTTTAATAACTACACATTTAGAGGTCTAGGAAATAAAGGAGTATTACCATGGAAATGTATTTCCCTAGATATGAAATATTTTCGTGCAGTTACAACATATGTGAATGAATCAAAATATGAAAAATTGAAATATAAGAGATGTAAAT","Pf3D7_04_v3-748105-748359-1B.1","36+10N110T133C",455,1,1
"IM-23-122-GBHJ","8039832081","Maziba","Pf3D7_04_v3-648065-648332-1A","TATGACTTCTGATTCAGTTTTGTTAAGATATATACCAAGAGATCTTAACAAATATAATAATTTTTCACCACTAACTCCATCTTTATTAGTATCGTATTCTTTAAATATTGATTCAATCTCAGCTCTCTTAAAGAAAACAAATATATATACATATATATATGTATTTATATGAATTTGTATCAATAAATAATAACATTCTTA","Pf3D7_04_v3-648065-648332-1A.1","141+30N",248,0.71264367816092,2
"IM-23-122-GBHJ","8039832081","Maziba","Pf3D7_03_v3-221295-221532-2","AAGGAACAAGAAGGATAATACCATTATTAATCCTATTGAACTATTTACGACATTAAACACACTGGAACATTTTTCCATTTTACAAATTTTTTTTTCAATATCATTTGCATAATCTAATTGGTCTTTAGGTTTATTAGCAGAGCCAGGCTTTATTCTAACTTGAATACCATTTCCACAAGTTA","Pf3D7_03_v3-221295-221532-2.1","86+11N120G",64,0.114081996434938,6
"IM-23-122-GBHJ","8039832081","Maziba","Pf3D7_03_v3-515418-515657-1A","TTTCTTTAATTTCTATATGTTTGAATTCCCTTATAGACATATTTGAATCATTATTACTTTTATATGAAGTGTTATTATCGAAATTATTATTAATACATTTTATTTTAATGATTTTGTTAAAATTTTTATTATTTACTATAATGGAAGTCAGATATGTACTTATCGTATGGAAAGCTAATCATCAACA","Pf3D7_03_v3-515418-515657-1A.1",".",1235,0.7421875,2
"IM-23-122-GBHJ","8039832081","Maziba","Pf3D7_13_v3-479569-479811-1A","CTAGAGACGAATTTGATGATAAAAGAAAATTAAAAGAAGAGAAAATTAAACAATGCCAACTATTAAATGAAAAACAACTAGAAGAAAAAGAAAAAGAAAAAAGAATTCTGAGAGAAAAAGCTGTTGAATATACCTTACAAAATGAAGAAGAATATAAACAACTAAAACGAAAATT","Pf3D7_13_v3-479569-479811-1A.1","96+8N",250,0.301204819277108,4
"IM-23-122-GBHJ","8039832081","Maziba","Pf3D7_04_v3-900526-900759-1A","TTAACAACTTATCATCATTTATTAGATTCTTTTCATGGAACAGATTATTAACAGTATCCATAATTTTATGATCATCCGTGTTATATGTATCTATACAAGTATTTAACTTGCTTATATAATTTACATATTTCAACGGATCATTTTGAAGTATGCAATCATCGAATGAATA","Pf3D7_04_v3-900526-900759-1A.2",".",52,0.0588235294117647,4
"IM-23-122-GLML","8039832113","Maziba","Pf3D7_12_v3-1959644-1959891-1A","ATGGGAAGACGATAAGAGAAGAGAAATTAATTTCTGAGGGAGCGTATTCATTTGTTTATATGGCGAAGGATTTAAACACGAATCGAGCTTATACTATAAAGAAGACCATATGTCAAGATAAAGAGAAAATAGATATGGCGAATAATGAAATCAACATTCTTAAAAGTTTACCTCCACATAAAAATATA","Pf3D7_12_v3-1959644-1959891-1A.13","146T",248,1,1
"IM-23-122-GLML","8039832113","Maziba","Pf3D7_05_v3-1188456-1188706-1A","CAAAATTTAAATCAATAGCGGTTACGTTCATAATTTTGCCTTCAAAACTAACTTCTGTATGATATATAAATTTATTTTCCTTTACACTAAATACATATATAAAAATGGTACTTAATAATTTATCTTTATCATATTTAAATAATATTAAATCTGTTTTTACATCTGAGTTGTAATCACCGAAAT","Pf3D7_05_v3-1188456-1188706-1A.1",".",14,0.0340632603406326,3
"IM-23-122-GLML","8039832113","Maziba","Pf3D7_11_v3-1127074-1127316-1A","AACATTTTAATATTCCTAATTTCGAAAATATGATGAAAGGAGTTTTTGGAATTATTCAAAATCCTTTTGAAAATGGCCAACCCACTTTCCCATTCTTTAAAAATATTAATTCGATCTCTGGAATCGGTAATGTTGATATCCCCAAAAATTTTATGAATGATTTTTTGAATAATGGAAATGATCAAAACA","Pf3D7_11_v3-1127074-1127316-1A.1","13T160+8N",419,1,1
"IM-23-122-GLML","8039832113","Maziba","Pf3D7_11_v3-115913-116184-1A","ACCTCCCGATGTTATAAATATTATATTATCATCATCATTTGGAAGGAAATTCTCCTCTAATGTTTTTAATATTTCATCTATATTTTTAGGTCTCAATTTACTATTGAAAAATTTTGAATACTTCAAAAAATAATCATCATCTTTTACATTACATATATTATCATTATTTTCATTTTGTTTTAGTAGTTCATCTTTTTTATTATC","Pf3D7_11_v3-115913-116184-1A.2","124+8N197T",90,1,1
"IM-23-122-GLML","8039832113","Maziba","Pf3D7_10_v3-1386657-1386909-1A","CGATTTTGGTAGAGAACAGGTTAAATATATTGAAGACGTGGTTTGATAATCAGGTATTTCTTTAATTAAATATTCATGATATTGTTCGTTAGATACATAAATTAATTCATCCTCCACATTTTGCTGTTCTGTTATAATTTGTGAAGAAGCTTGGTTTGTTTTATTTGGTAATTGCTCTTTTATGA","Pf3D7_10_v3-1386657-1386909-1A.2","13A109A160T",9,0.025,2
"IM-23-122-GLML","8039832113","Maziba","Pf3D7_04_v3-900526-900759-1A","TTAACAACTTATCATCATTTATTAGATTCTTTTCATGGAACAGATTATTAACAGTATCCATAATTTTATGATCATCCGTGTTATATGTATCTATACAAGTATTTAACTTGCTTATATAATTTACATATTTCAACGGATCATTTTGAAGTATGCAATCATCGAATGAATA","Pf3D7_04_v3-900526-900759-1A.2",".",365,1,1
"IM-23-122-GLML","8039832113","Maziba","Pf3D7_03_v3-855426-855697-1A","GTTATTTCAGTATGAGTTTCAACAGTTAATACTACTTCAGGATATGGATTGATACTTAACATATGTACTCTCAATAATCTAGTATCAAATATATATGAAAATGTATACTCAGGAAAACATATAGTAGATAATCCATTATTATTCTCTATACATATTTTACTTATAGCTATATAATCGTAATTATCTTCTATTACTATTGGTTCTGTG","Pf3D7_03_v3-855426-855697-1A.2","32C61A",118,0.944,2
"IM-23-122-GLML","8039832113","Maziba","Pf3D7_12_v3-659881-660127-1A","GGTGGTTTAACATTTTGAGCTACGAGTTTTTCGACTGATGGCAATCCTACTTTGATTAATTCCTTTAACATAGATTTTGCGTGGTTTTTTAATTCTGATTTGATATCAAAGCTTGATTCTAAAAAGGTTGGTGAATTTTTTTGTAAAACACTGACAAGTTCATTTGATATGGTCTCTGCTAAATCATCACCA","Pf3D7_12_v3-659881-660127-1A.127","17G27T35C83+9N92A135+9N",208,0.949771689497717,3
"IM-23-122-GLML","8039832113","Maziba","Pf3D7_06_v3-1135605-1135855-1A","TATAAAGAATTTATACCACCTAAATTGTTAACATTAGAAGTATTATTTGTTTCTGTATTTTCTTGTAACGTATTTGTATTATTAATATTGTTAGATGAAATATTATGACTATTTCTTCTATTTGTTATATTTAAATTGTAAATAGTTTCATTACTAACACTACTGATACCACTGAAATGATTATTTAG","Pf3D7_06_v3-1135605-1135855-1A.2",".",212,0.981481481481482,2
"IM-23-122-GLML","8039832113","Maziba","Pf3D7_08_v3-1370603-1370853-1B","AAAAGTAATTAAAAAAAAAAAAAATGAAAATAAAAAAAAACATTACATATTTTTTTATGTATAAAATATTTTAAAGCACTGAGATTATTTATGTTATAAATTAATTGAATGTTTAAAAGATTATAAAATTTTATTTATGAAAATATATGAATATATATAATATAAGCAGGTATTAAATAACCAAATAATAT","Pf3D7_08_v3-1370603-1370853-1B.2","10+32N49+9N",76,1,1
"IM-23-122-GLML","8039832113","Maziba","Pf3D7_12_v3-2092529-2092798-1B","AGTTGAAGGGGGAGGAATGATCGGAGTTATCAGATTAGAAAATCAAGTGAGAAATCCCCCTGTAATAAAATTGAAGAGTCATACATCTCCCATCCTTGATTTGTCATTTAACCCGTGTTATAGTGAGATATTAGCTTCATGTTCAGAAGATATGTCTATAAGAATATGGGAGATACGTCATGAGGATGAGAATGTGAATGAGGTA","Pf3D7_12_v3-2092529-2092798-1B.1",".",179,1,1
"IM-23-122-GLML","8039832113","Maziba","Pf3D7_12_v3-2092654-2092884-2","GAGATATTAGCTTCATGTTCAGAAGATATGTCTATAAGAATATGGGAGATACGTCATGAGGATGAGAATGTGAATGAGGTAAAGGATCCTTTATGTATATTAAATGGTCATAAGAAAAAAGTAAATATATTATCATGGAATCCTATGAATTATTTTATATTATCATCT","Pf3D7_12_v3-2092654-2092884-2.1","114+8N",440,1,1
"IM-23-122-GLML","8039832113","Maziba","Pf3D7_14_v3-377765-378020-1A","AAAGATATATCAACTGAAAAGATTTTATCAAATAATTGCTTTAATAATAAGTTAAAAAATTGATTTCCAATATCTATCATATTCATATAATCTAATGATTTAAAAATATATAATATACTCTTTGGACTAAATTTTAATTCATCATTTATTATTTTCTCTTTTACTATTGCTTTAATTTGATTAAAATATATAA","Pf3D7_14_v3-377765-378020-1A.2","21G53+8N71T",100,1,1
"IM-23-122-GLML","8039832113","Maziba","Pf3D7_05_v3-1322099-1322341-1A","TTCCAATAGAAACTATATTACGATTTCCTTCATGAGGTAAATTGACATTCATCTTATATGTATAATTAAGGATGAGTAATAAATTGTATAGAAATATTTTTATTTAATAATTTATATGTATTATTAATAATTCTGAATTTATCAATTGATATATTATTTTTGTTTTTCTTTATGCCATTC","Pf3D7_05_v3-1322099-1322341-1A.8","91G",2,0.0224719101123595,2
"IM-23-122-GLML","8039832113","Maziba","Pf3D7_06_v3-1128558-1128797-1A","ATTGAATCGTTGGTGTTTATTTTATTATTCCTCTTTTGTTTTTCAATGAATACAAATGTTTCATCGACACTATCTTTATGATCTATTGGTATGGCATGATTTTCTAAATTGCTATTTCTTTCATTAGAATTGTATTTTTCACTATTATAGGTTGAGGTTTTACTACATTTTATATTTTT","Pf3D7_06_v3-1128558-1128797-1A.1",".",311,0.974921630094044,2
"IM-23-122-GLML","8039832113","Maziba","Pf3D7_04_v3-544454-544718-1A","ACAAAATATAATACTTTATATACAAATGCTTATAAAAAATTTTAACTCGAACGTACTTCAAAATAATATAAATGAACAAGAAGTAATACATAATAACATCAACATTAATAATATAAAAGAAGAACAAATTATACCAAATAATATCAAGAATATCCATAATAATGACAATATTAATCATTGTGATGGTAATAAAATAA","Pf3D7_04_v3-544454-544718-1A.1","33+8N186G",246,1,1
"IM-23-122-GLML","8039832113","Maziba","Pf3D7_04_v3-141741-141990-1A","TGAATACCATATAGCCCTTTCAAATTATATAAAGACAGAACTAAGAAATATAAACCTGCAAGAAATAAAAAACAATATAATAAAAATATTTAAAGAATTCAAATCTGCACACAAAGAAATTAAAAAAGAATCAGAACAAATTAATAAAGAATTTACCAAAATGGATGTCGTCATAAATCAATTAAGAGATATAG","Pf3D7_04_v3-141741-141990-1A.1","66+8N121+8N",9,0.0210772833723653,2
"IM-23-122-GLML","8039832113","Maziba","Pf3D7_14_v3-771407-771633-1A","ACCCACGGGACATTTTAATTTATACCTATTGGAACATTTTTTATTAGGTCTTTCTTTATGATTCTTCTTTAAAATAGGTTCATCATTATTTGAGTAAACTAACAGATCATTATCGTTCTCAAAATTATTATAACCATCAATATTTTTATTTCCATATACATCTATAA","Pf3D7_14_v3-771407-771633-1A.6","36+8N108C",468,1,1
"IM-23-122-GLML","8039832113","Maziba","Pf3D7_14_v3-3214249-3214516-1A","TAAATAAAAAAGGATTAGATGATTTAATAAAAGATTTGTTAAAATATTTTCCAAAGAATTCAATTAGCGATCGTTTTGAATTGTCAGAATTTAAAATGACGGAGGATTGTTATACAAAAATGTGGTTTGATTTTATGAATGATTTTGGAATAGCTACAATGAATGAAAACGAACATACTAGATCTTTTTATGGCTTAATCGAA","Pf3D7_14_v3-3214249-3214516-1A.5","5+8N85C139A169A194C",418,0.990521327014218,2
"IM-23-122-GLML","8039832113","Maziba","Pf3D7_05_v3-350808-351052-1A","TAATATAATTTGAGTTGATAATATTATAATTATTTTTTATATGTTGCTCATTTATATTATTATGATAAATATGAGTTGTATTTTTATTAGAGTTGTAGGACATTTTCCCATACATGAGTTGTTTTACATTTTTAACATTTTTATAATTATGTATTAAACATAAGATTATTAGATAAA","Pf3D7_05_v3-350808-351052-1A.2","32+8N",270,0.947368421052632,4
"IM-23-122-GLML","8039832113","Maziba","Pf3D7_04_v3-748374-748611-1B","AAACTGGGAAAGCATTCCAAAAAAATTTAAACCTTTAAGCAATAGGATAAATGTTATATTGTCTAGAACCTTAAAAAAAGAAGATTTTGATGAAGATGTTTATATCATTAACAAAGTTGAAGATCTAATAGTTTTACTTGGGAAATTAAATTACTATAAATGTTTTATTATAG","Pf3D7_04_v3-748374-748611-1B.1","3A18+9N72+9N",334,1,1
"IM-23-122-GLML","8039832113","Maziba","Pf3D7_03_v3-855426-855697-1A","GTTATTTCAGTATGAGTTTCAACAGTTAATACTACTTCAGGATATGGATTGATACTTAACGTATGTACTCTCAATAATCTAGTATCAAATATATATGAAAATGTATACTCAGGAAAACATATAGTAGATAATCCATTATTATTCTCTATACATATTTTACTTATAGCTATATAATCGTAATTATCTTCTATTACTATTGGTTCTGTG","Pf3D7_03_v3-855426-855697-1A.1","32C",7,0.056,2
"IM-23-122-GLML","8039832113","Maziba","Pf3D7_11_v3-1019050-1019319-1A","TCAAAACTTATTGCTACCGTAATACCTAAAGGAGGCATTTTACATAATCTTTTTACACTCGTAAGAATATTATTATAAAAGATTTCTTGATATCTATCATACATATGAATATTATTTAGAGATTTATATATATTATTATTTTGTTCATATAATAATATATTATTTAAAGACTTATCCATAATTTTTGTACATTTTATATTTTCTATA","Pf3D7_11_v3-1019050-1019319-1A.1",".",66,1,1
"IM-23-122-GLML","8039832113","Maziba","Pf3D7_14_v3-921176-921432-1A","ACAATATTAATTTTATAAGTTCATTATTTCAATTTTATATTTAGGAGGATCTATATCCATATATTATTCATTTTAAAAATATTAAAATAAATACATATATAAATATATAAACATATAAAAACAGTCTTTTAAAAATTAATAAGATTTATATAAAATATGGTTATAAATCCTATTTTGTATTATATCAAA","Pf3D7_14_v3-921176-921432-1A.1",".",205,1,1
"IM-23-122-GLML","8039832113","Maziba","Pf3D7_12_v3-659881-660127-1A","GGTGGTTTAACATTTTCAGCTATGAGATTTTCGACTGATGGCAATCCTACTTTGATTAATTCCTTTAACATATATTTTGCGTGTTTTTTTACTTCTGATTTGATATCAAAGCTTGATTCTAAAAAGGTTGGTGAATTTTTTTGTAAAACACTGACAAGTTCATTTGATATGGTCTCTGCTAAATCATCACCA","Pf3D7_12_v3-659881-660127-1A.6","23T35C73T83+9N135+9N",5,0.0228310502283105,3
"IM-23-122-GLML","8039832113","Maziba","Pf3D7_05_v3-1188456-1188706-1A","CAAAATTTAAATCAATAGTGGTTACGTTCATAATTTTGCCTTCAAAACTAACCTCTGTATGATATATAAATTTATTTTCCTTTACACTAAATACATATATAAAAATGGTACTTAATAATTTATCTTTATCATATTTAAATAATATTAAATCTGTTTTTACATCTGAGTTATAATCACCGAAAT","Pf3D7_05_v3-1188456-1188706-1A.7","19T53C170A",387,0.941605839416058,3
"IM-23-122-GLML","8039832113","Maziba","Pf3D7_03_v3-653961-654206-1A","CTCGTACAATATTTTTATAATTTCCTTTCATCTTATTTTTTTCTTTATATTTTTTTTTTTCATATGTAAGATTTATATAATCACTTTCGCTTTTTCTAACGCTTTTGAACTTTTTAAATGTACTTCGTTCATTATTTCTAATTCTCGTAAACACAAGAATAAATATTTTGATATATCTTATA","Pf3D7_03_v3-653961-654206-1A.1","35+9N49+13N101G",247,1,1
"IM-23-122-GLML","8039832113","Maziba","Pf3D7_06_v3-1235395-1235658-1A","GAATATGATAAAATATATATACCAAACAATAAAAATAAAATTAATAATATAAATAATTTTTTAATAAAAAACAATTTGCTGTTGAAATCCAAATTTATGAGAATAACTCCTAATACCTATTTATGTCGTAATTGTGTCCTGTTATATCAAAATGATTTTTCGTATAATACATATGAAGAAGAAATTAATAAAATGG","Pf3D7_06_v3-1235395-1235658-1A.1","56+8N65+8N",89,1,1
"IM-23-122-GLML","8039832113","Maziba","Pf3D7_11_v3-497277-497548-1A","TTTTAGATTTAATTGAATATTCATTTTTAAATTATACTAGTTCTAATTTAAATACAATAAATAATAATAATGACAAAAAAAAACAAAATCAAAAAAATAAAAATCGCAAATATAGTAAAAATAATATTTTAGATCTCTATGAACACGTACGTACGATCAGTTTATTTTATCACACGTTTAATTTACCTAAGGAGTATAATGAAAAATTGTT","Pf3D7_11_v3-497277-497548-1A.1","74+11N90+9N148T150C",3,0.0256410256410256,2
"IM-23-122-GLML","8039832113","Maziba","Pf3D7_03_v3-515418-515657-1A","TTTCTTTAATTTCTATATGTTTGAATTCCCTTATAGACATATTTGAATCATTATTACTTTTATATGAAGTGTTATTATCGAAATTATTATTAATACATTTTATTTTAATGATTTTGTTAAAATTTTTATTATTTACTATAATGGAAGTCAGATATGTACTTATCGTATGGAAAGCTAATCATCAACA","Pf3D7_03_v3-515418-515657-1A.1",".",620,1,1
"IM-23-122-GLML","8039832113","Maziba","Pf3D7_04_v3-748585-748822-2","TTAATAAAAAAAATATATTTTACTAGAATAAATAGTACATATGAATGTGATGTATTTTTTCCAGAAATAAATGAAAATGAGTATCAAATTATTTCTGTTAGCGATGTATATACTAGTAACAATACAACATTGGATTTTATCATTTATAAGAAAACGAATAATAAAATGTT","Pf3D7_04_v3-748585-748822-2.1","5+10N54+8N",177,1,1
"IM-23-122-GLML","8039832113","Maziba","Pf3D7_14_v3-3214249-3214516-1A","TAAATAAAAAAGGATTAGATGATTTAATAAAAGATTTGTTAAAATATTTTCCAAAGAATTCAATTAGCGATCGTTTTGAATTGTTAGAATTTAAAATGACGGAGGATTGTTATACAAAAATGTGGTTTGATTTTATGATTGATTTTGGAATAGCTACAATGAATGAAAACGAACATACTAGATCTTTTTATGGCTTAATCGAA","Pf3D7_14_v3-3214249-3214516-1A.3","5+8N139T169A194C",4,0.00947867298578199,2
"IM-23-122-GLML","8039832113","Maziba","Pf3D7_11_v3-1018781-1019053-1A","TTTTTGATTCATATCATTATCATAATTATATATATATTGATCTCTGTCTATATGGGGAGCAAAAAAATATAAAGGATGTTGTGTCAAGGCTAATAATAATTCTGTAGCTATACTACTACTTATGTTACTTATACCACATCTAGTGACTGTGCATTTTTCATCTAATGTTCTATAGGATAAAGAATCTGAAGGACAATGCATATCAT","Pf3D7_11_v3-1018781-1019053-1A.1","60+9N85C151G",16,0.8,2
"IM-23-122-GLML","8039832113","Maziba","Pf3D7_08_v3-1370814-1371045-2","TGTTGCAATATATTACTAAAAAATAGAATTATTATGTTATTTTGATCATATGGGAATACATTTAAATATTTATATTCTGATGAATATTCTTATAAAAAAAAAAAGGGGGGGGGGAAATAATACGTTCATGATTTATTTATATTTCAATATATTTTCTATTTTGCGA","Pf3D7_08_v3-1370814-1371045-2.1","17+8N93+21N",119,1,1
"IM-23-122-GLML","8039832113","Maziba","Pf3D7_05_v3-350808-351052-1A","TAATATAATTTGAGTTGATAATATTATAATTATTTTTTATATGTTGCTCATTTATATTATTATGATAAATATGAGTTGTATTTTTATTAGAGTTGTAGGACATTTTCCCATACATGAGTTGTTTTACATTTTTAACATTTTTATAATTATGTATTAAACATAAAATTATTAGATAAA","Pf3D7_05_v3-350808-351052-1A.4","32+8N164A",1,0.00350877192982456,4
"IM-23-122-GLML","8039832113","Maziba","Pf3D7_14_v3-421322-421547-1A","TAAGAAAGATGAAGTAATAGAAAAAACTGAAGTATCAAAGAAAACATTTTCAGGTATAGGTTTTAATCTTACTGAGAAAGAAGCTAAAGTATTAGGTGTAGGTGTAACCTATCAAGAATATCCAGAAACCATGTTATATAACTGTCCAAACAATTCTA","Pf3D7_14_v3-421322-421547-1A.1","20+8N",168,1,1
"IM-23-122-GLML","8039832113","Maziba","Pf3D7_06_v3-1197245-1197515-1A","CATTAGGAAAAACAACAGAGCCTTCTTCCATACCATAAATACATAAATCATTTCCACTAATCTTTTCTAAATATTGCACAAAAGAATCAATATCATTATAAGATGACATCTTCTTTCTTATAAAATCTAATTGAGCTTTGGTAAATCGAAAACAATTAATATATTTTATTACTTCATATACACCAGCTAATATAGCAAATTGAC","Pf3D7_06_v3-1197245-1197515-1A.1","20G",242,1,1
"IM-23-122-GLML","8039832113","Maziba","Pf3D7_05_v3-668763-669004-1A","TAATATTATCTGGCTCTGTAACCATGTCCGAACATATGTTAACAGGAGAATCTGTTCCTATACATAAAGAGCAGTTACCTTTTGAAGGAAATGCTATTATAAATAAAAATAATAAATATGAGAGTAACGATGAAAAGGATGATTACCTTCGTATTTATAATAATCATGCTAGTATTAATATGATCAAGCG","Pf3D7_05_v3-668763-669004-1A.7",".",3,0.00940438871473354,3
"IM-23-122-GLML","8039832113","Maziba","Pf3D7_11_v3-1295103-1295335-1A","ACTACTGCTTTGTCCCATCCCATCGAAGTTGAAAACAATTTTCCATGTTCATTATATAAAAATGAAATAATGAAAGAAATCGAAAGAGAATCAAAACGAATTAAATTAAATGATAATGATGATGAAGGGAATAAAAAAATTATAGCTCCAAGAATTTTTATTTCAGATGATAAA","Pf3D7_11_v3-1295103-1295335-1A.5","61A132+9N",399,0.99501246882793,2
"IM-23-122-GLML","8039832113","Maziba","Pf3D7_04_v3-284121-284364-1A","ATATTGTATATTATCATAAGATTTATATGGAGGACCACATTGAAATCCGACAATTTCATTTGATGCATGTAGTACACATTCCGTATTTCTGTTTGAATTATTTAAAATAATTTTATTACTTAGAAATGATTCTTTTTCACTATAATCTTTATATAACAAAGCGTCTTCATCAATTTGA","Pf3D7_04_v3-284121-284364-1A.2","162C",217,0.977477477477477,2
"IM-23-122-GLML","8039832113","Maziba","Pf3D7_04_v3-648065-648332-1A","TATAACTTCTGATTCAGTTTTGTTAAGATATATACCAAGAGATCTTAACAAATATAATAATTTTTCACCACTAACTCCATCTTTATTAGTATCGTATTCTTTAAATATTGATTCAATCTCAGCTCTCTTAAAGAAAACAAATATATATACATATATATATGTATTTATATGAATTTGTATCAATAAATAATAACATTCTTA","Pf3D7_04_v3-648065-648332-1A.2","4A141+30N",137,1,1
"IM-23-122-GLML","8039832113","Maziba","Pf3D7_06_v3-1282656-1282930-1A","AAAATATGGAAGAAATATGATAAAGAAAACAATAAATATATATTGTCTCATTTTATTCCTCAATTTATTGAAGACTTAAATTTGAAGGATGAATTCCGAAATTTATTTGATGGATTTGTAAATGATTTGGATATTCTATTATATTCAGAATTTAAAGCATTTTATTTACAAATGAAGCAAAAAGATATAAATGAACTGAAAAATTCTGA","Pf3D7_06_v3-1282656-1282930-1A.1","3A60T",187,0.99468085106383,2
"IM-23-122-GLML","8039832113","Maziba","Pf3D7_09_v3-82006-82236-1A","TTTATCATCTTTAGGCCATAACCAGAGTACAAGCAATCCAACTATAACAATTGTAATTAACATTATAAATACTGTAATACCATAAACACTACCAGAAGCGATCAGAAATGCACTAAAAGTATTACAACATTCACTTGGAATAAGAGTAGCGATAAAACTAAAAATAGC","Pf3D7_09_v3-82006-82236-1A.13","95G123T137G",383,0.969620253164557,2
"IM-23-122-GLML","8039832113","Maziba","Pf3D7_05_v3-350808-351052-1A","TAATATAATTTGAGTTGATAATATTATAATTATTTTTTATATGTTGCTCATTTATATTATTATGATAAATATGAGTTGTATTTTTATTAGAGTTGTAGGACATTTTCCCATACATTAGTTGTTTTACATTTTTAACATTTTTATAATTATGTATTAAACATAAAATTATTAGATAAA","Pf3D7_05_v3-350808-351052-1A.5","32+8N116T164A",9,0.0315789473684211,4
"IM-23-122-GLML","8039832113","Maziba","Pf3D7_10_v3-1414337-1414596-1A","GACCTGAATGGAAAGGTCAATGTGATAAATTTGAAAAAGAAAAAAGTAAATATGAAGATACTAAAAGTAGAACTGCTGAAATATATTTAAAAGAAATATGTTCTGAATGTGATTGTAAATATAAAGATTTGGATAATACATTTAAAGAATTTAAAGATAACGTTACGCTTCTTAAAGCAGTAATTGATAACAAA","Pf3D7_10_v3-1414337-1414596-1A.1","17T39+8N70G82T167G",2,0.00826446280991736,2
"IM-23-122-GLML","8039832113","Maziba","Pf3D7_10_v3-992596-992869-1A","GAAAATAATAAAATGCACAGTATCAATTCTGATAGAAATAAAAATGATTATATTCCATCTTCCTATTTACATACAATATATAAAACATTTAGCGAACATATAAACCGAGATAATGGAAATATTTATGATGATGAAAAAAAAAATTTATATGATGGAACTGTTTTTTATATAGAAACATTAAACGAATTAAGAATTATAAATATATTATTTTCA","Pf3D7_10_v3-992596-992869-1A.1","133+12N160+8N",59,1,1
"IM-23-122-GLML","8039832113","Maziba","Pf3D7_05_v3-213027-213251-1A","ATGTACTTATCCCCTGATATGATTCCTCCAATATCATCAAAATCAGTAATCTCTAAATCATTTATATGATTTATATGTATAAATTCTTTTATCTTGTTCAAATAATTTCTGTAATAAAATATATTCTCTTTATCATCATCAATTATTTTCATATAATC","Pf3D7_05_v3-213027-213251-1A.2",".",10,0.0225733634311512,2
"IM-23-122-GLML","8039832113","Maziba","Pf3D7_05_v3-213027-213251-1A","ATGTACTTATCCCCTGATATGATTTTTCCAATATCATCAAAATCAGTAATCTCTAAATCATTTATATGATTTATATGTATAAATTTTTTTATCTTGTTCAAATAATTTCTGTAATAAAATATATTCTCTTTATCATCATCAATTATTTTCATATAATC","Pf3D7_05_v3-213027-213251-1A.42","25T26T86T",433,0.977426636568849,2
"IM-23-122-GLML","8039832113","Maziba","Pf3D7_06_v3-1115900-1116168-1A","ATTTTTTAATAAAGCAGTACCATCTATATCTCTTCCTTTTTTTAAAACACATAAAGTTTCATCAAAATTGCTTGTGCTATTTTTATCAGGTTCAGGAAAATATTGTTTATTTGTAGAATATCCATTCTGATTACAAGTTATAATATTATTAATATTTATAAATTTTTTTTTTGTTTTTAAATCAGCAAATTGATTATCGTTAT","Pf3D7_06_v3-1115900-1116168-1A.5","1+8N36+9N162+12N185G",3,0.0241935483870968,3
"IM-23-122-GLML","8039832113","Maziba","Pf3D7_06_v3-1192628-1192867-1A","GATTATATATTTCTATATTTTAATAAGAATGCGTTACACAAACATGATGCCTCTAATGAAATGTGTTTTGTGAAAAACGAAGATTCTACACGCACAAAAGGACATATGAATGATGAACAAAATGATTTATATAAAATAAATAATAATACAACATATTTTTTTAACAAAAACCACT","Pf3D7_06_v3-1192628-1192867-1A.1","30T155+9N",298,1,1
"IM-23-122-GLML","8039832113","Maziba","Pf3D7_04_v3-316593-316858-1A","TTATTCATTTTTTGTATATTATCCTTTTCTACATCATCAAAATTTGTTAATGATTCACACGTTATATTTGGTGATATTATATTTCTACCTGTACATACACCAATATTTGTTGTACCTATTATTTTATACCCTTCTTGACATTTAAATTCTATTTTTTCACCAAGTAAATAATATTTTTTATCAGGGATAAGGGAAACATA","Pf3D7_04_v3-316593-316858-1A.1","7+8N151+8N173+8N",260,1,1
"IM-23-122-GLML","8039832113","Maziba","Pf3D7_04_v3-284121-284364-1A","ATATTGTATATTATCATAAGATTTATATGGAGGACCACATTGAAATCCGACAATTTCATTTGATGCATGTAGTACACATTCCGTATTTCTGTTTGAATTATTTAAAATAATTTTATTACTTAGAAATGATTCTTTTTCACTATAATCTTTATATAAGAAAGGGTCTTCATCAATTTGA","Pf3D7_04_v3-284121-284364-1A.1","157G",5,0.0225225225225225,2
"IM-23-122-GLML","8039832113","Maziba","Pf3D7_03_v3-221463-221712-1B","ACTTGAATACCATTTCCACAAGTTACACTACATGGGGACCATTCAGTTGAAAGAGAATTTTGTATTTTCTGTAAATATTTTTCTATGTGCTGATCACTTGGTTCTTCGTTATTATTATTTTTTACAGCATTGTTGGCATTAGCATTTTCATCTACATTTCGGTTTGGGTCATTTGGCATATTGTGACCTTGTC","Pf3D7_03_v3-221463-221712-1B.6","69C71G80T83C92G117+8N130T",149,0.980263157894737,2
"IM-23-122-GLML","8039832113","Maziba","Pf3D7_08_v3-1365709-1365954-1B","ATTTTCATCTTGTAATGTGTTTTTAACATTATAGCAGTAATTTTCTAGGTTGTTTCTTGCTTCAATTCTATTTTTATTTTGTTCATCCTCTTCTTTATATTTTTCTGCATCATTTACCATACGATCGATATCATCTTTTGATAATCTTCCTTTATCATTTGTAATAGTAATTTGGTTTTGT","Pf3D7_08_v3-1365709-1365954-1B.1",".",90,1,1
"IM-23-122-GLML","8039832113","Maziba","Pf3D7_04_v3-748105-748359-1B","TGTGCATGTTGTAAGGTTGAAAGCAAAAATGAGGGGAAAAAAAATGAGGTTTTTAATAACTACACATTTAGAGGTCTAGGAAATAAAGGAGTATTACCATGGAAATGTATTTCCCTAGATATGAAATATTTTCGTGCAGTTACAACATATGTGAATGAATCAAAATATGAAAAATTGAAATATAAGAGATGTAAAT","Pf3D7_04_v3-748105-748359-1B.1","36+10N110T133C",159,1,1
"IM-23-122-GLML","8039832113","Maziba","Pf3D7_03_v3-85507-85756-1A","TATCATTTAAATTCTCTTTTTCCACAGCTCCAGCATTTTTATTTATATCATCTACAACTACATCTTCCTTCACATAATTATTTATATAAAAATTATTATCATCTAAAGCATCTGAAAATTCTTCATTTAATACTTCTTCATCTACATTAAATGTTTTCGTTCTTTCATCATCTAATAAA","Pf3D7_03_v3-85507-85756-1A.1","144D=TCT",111,0.965217391304348,2
"IM-23-122-GLML","8039832113","Maziba","Pf3D7_09_v3-82006-82236-1A","TTTATCATCTTTAGGCCATAACCAGAGTACAAGAAATCCAACTATAACAATTGTAATTAACATTATAAATACTGTAATACCATAAACACTACCAGAAGCGATCAGAAATGCACTAAAAGTATAACCATATCCACTTGGAATAAGAGTAGCGATAAAACTAAAAATAGC","Pf3D7_09_v3-82006-82236-1A.23","34A95G126C128T131C137G",12,0.030379746835443,2
"IM-23-122-GLML","8039832113","Maziba","Pf3D7_10_v3-1386657-1386909-1A","CGATTTTGGTAGGGAACAGGTTAAATATATTGAAGACGTGGTTTGATAATCAGGTATTTCTTTAATTAAATATTCATGATATTGTTCGTTAGATACATAAATTAATTCGTCCTCCACATTTTGCTGTTCTGTTATAATTTGTGAAGAAGCTTGGTTTGTCTTATTTGGTAATTGCTCTTTTATGA","Pf3D7_10_v3-1386657-1386909-1A.1",".",351,0.975,2
"IM-23-122-GLML","8039832113","Maziba","Pf3D7_05_v3-1322099-1322341-1A","TTCCAATAGAAACTAGATTACGATTTTCTTCATGAGGTAAATTGACATTCATCTTATATGTATAATTAAGGATGAGTAATAAATTGTATAGAAATATTTTTATTTAATAATTTATATGTATTATTAATAATTCTGAATTTATCAATTGATATATTATTTTTGTTTTTCTTTATGCCATTC","Pf3D7_05_v3-1322099-1322341-1A.2","16G27T91G",87,0.97752808988764,2
"IM-23-122-GLML","8039832113","Maziba","Pf3D7_11_v3-1006693-1006917-1A","GTGGGGGAGAGAATTTTACCTTGATATGCTCCCATGTTTTATCCTTTATACAATACATATAAGTGTCATTGGTAATATATGACCCTCTTTTACCTCCGTAAAGAAATAAACAATCTTCTTTTTTTTCAGTGGAGTAAATTAAATTTAATTTTGCAAAATAGCGTGG","Pf3D7_11_v3-1006693-1006917-1A.1","118+10N",447,1,1
"IM-23-122-GLML","8039832113","Maziba","Pf3D7_06_v3-1128558-1128797-1A","ATTGAATCGTTGGTGTTTATTTTATTATTCCTCTTTTGTTTTTCAATGAATACAAATGTTTCATCGACACTATCTTTATGATCTATTGGTATGGCATGATTTTCTAAATTGCTATTTCTTTCATTAGAATTGTATTTTTCACTATTATAGGTTGAGATTTTACTACATTTTATATTTTT","Pf3D7_06_v3-1128558-1128797-1A.2","157A",8,0.0250783699059561,2
"IM-23-122-GLML","8039832113","Maziba","Pf3D7_14_v3-3124416-3124655-1A","TAATTGATCTTCTAGAGGAATTAGATATTTTGTCTATATCGAATAAAGATGAAGTAGAAAAACGAAGAAAGAAAACAACTCAAGAGACGCGGTTGTTAGGAAATATTGATTTAGGATATGGAAAATTAGGAGAGGGAATAAAGCATGAAAATTTACAGGAAGAATTAGGAAACAGATTATTTG","Pf3D7_14_v3-3124416-3124655-1A.5","72A",13,0.0306603773584906,2
"IM-23-122-GLML","8039832113","Maziba","Pf3D7_11_v3-1018781-1019053-1A","TTTTTGATTCATATCATTATCATAATTATATATATATTGATCTCTGTCTATATGGGGAGCAAAAAAATATAAAGGATGTTGTGTTAAGGCTAATAATAATTCTGTAGCTATACTACTACTTATGTTACTTATACCACATCTAGTGACTGTACATTTTTCATCTAATGTTCTATAGGATAAAGAATCTGAAGGACAATGCATATCAT","Pf3D7_11_v3-1018781-1019053-1A.2","60+9N",4,0.2,2
"IM-23-122-GLML","8039832113","Maziba","Pf3D7_12_v3-659881-660127-1A","GGTGGTTTAACATTTTCAGCTACGACTTTTTCGACTGATGGCAATCCTAATTTGATTAATTCCTTTAACATATGTTTTGCGTGTTTTTTTACTTCTGATTTGATATCAAAGCTTGATTCTAAAAAGGTTGGTGAATTTTTTTGTAAAACACTGACAAGTTCATTTGATATGGTCTCTGCTAAATCATCACCA","Pf3D7_12_v3-659881-660127-1A.4","26C27T35C50A73T74G83+9N135+9N",6,0.0273972602739726,3
"IM-23-122-GLML","8039832113","Maziba","Pf3D7_03_v3-221463-221712-1B","ACTTGAATACCATTTCCACAAGTTACACTACATGGGGACCATTCAGTTGAAAGAGAATTTTGTATTGTCTTTAAATATTTTTCTATGTGCTGATCACTTGGTTCTTCGTTATTATTATTTTTTACAGCATTGTTGGCATTAGCATTTTCATCTACATTTCGGTTTGGGTCATTTGGCATATTGTGACCTTGTC","Pf3D7_03_v3-221463-221712-1B.27","67G69C80T83C92G117+8N130T",3,0.0197368421052632,2
"IM-23-122-GLML","8039832113","Maziba","Pf3D7_01_v3-181512-181761-1A","TTCATTATTGTTTTCATTCTTTTTTTAACTAAAACTATTCATCTCAAAAATATAAGATATTTTATATGACGAATGCCATTGTATTTTTTGTTACGTAAAACCTGACTTCTTCAAGGAAAACACATGCGCATTTTCACCAATTTTTGCCTAAGCTTATTATAAAAAGTATATTAAATGTATGAC","Pf3D7_01_v3-181512-181761-1A.1","19+9N30T83+8N",5,0.0125944584382872,2
"IM-23-122-GLML","8039832113","Maziba","Pf3D7_05_v3-668763-669004-1A","TAATATTATCTGGCTCTGTAACCATGTCCGAACATATGTTAACAGGAGAATCTGTTCCTATACATAAAGAGCGGTTACCTTTTGAAGGAAATGCTATTATAAATAAAAATAATAAATATGACAGTAACGATGAAAAGGATGATTACCTTCGTATTTATAATAATAATGCTAGTATTAATATGATCAAGCG","Pf3D7_05_v3-668763-669004-1A.8","73G122C165A",7,0.0219435736677116,3
"IM-23-122-GLML","8039832113","Maziba","Pf3D7_03_v3-85507-85756-1A","TATCATTTAAATTCTCTTTTTCCACAGCTCCAGCATTTTTATTTATATCATCTACAACTACATCTTCCTTCACATAAATATTTATATAAAAATTATTATCATCTAAAGCATCTGAAAATTCTTCATTTAATACTTCTTCATCTTCTACATTAAATGTTTTCGTTCTTTCATCATCTAATAAA","Pf3D7_03_v3-85507-85756-1A.6","78A",4,0.0347826086956522,2
"IM-23-122-GLML","8039832113","Maziba","Pf3D7_05_v3-958079-958350-1B","TTTTTATATCTGTGTTTGGTGTAATATTAAAGAACATGAATTTAGGTGATGATATTAATCCTATAATATTATCATTAGTATCTATAGGTTTAGTACAATTTATATTATCAATGATATCAAGTTATTGTATGGATGTAATTACATCAAAAATATTAAAAACTTTAAAGCTTGAATATTTAAGAAGTGTTTTTTATCAAGATGGACAATTTC","Pf3D7_05_v3-958079-958350-1B.1","186+8N",80,1,1
"IM-23-122-GLML","8039832113","Maziba","Pf3D7_13_v3-479569-479811-1A","CTAGAGACGAATTTGATGATAAAAGAAAATTAAAAGAAGAGAAAATTAAACAATGCCAACTATTAAATGAAAAACAACTAGAAGAAAAAGAAAAAGAAAAAAGAATTCTGAGAGAAAAAGCTGTTGAATATACCTTACAAAATGAAGAAGAATATAAACAACTAAAACGAAAATT","Pf3D7_13_v3-479569-479811-1A.1","96+8N",1,0.00420168067226891,2
"IM-23-122-GLML","8039832113","Maziba","Pf3D7_11_v3-119432-119705-1A","CTCCTTTATATTCATCAAGAAATTTCATCCAAAAGTAATTATGTTTTTCTTGTTGATATTTTGCTTTATACAAACGAGCAAGATACTTATTATACGATTCATGCTCTTTAATTTTCTTTTCAAAAGTTTTGGTTATAATGTGTTGAAGTGATTGTAAAGTATTTTTCTTTAATTTTCTCCATATTAATCTACATGCGATTATAAGAA","Pf3D7_11_v3-119432-119705-1A.4","33A89A145G",182,0.94300518134715,2
"IM-23-122-GLML","8039832113","Maziba","Pf3D7_10_v3-1414337-1414596-1A","GACCTGAATGGAAAGGCCAATGTGATAAATTTGAAAAAGAAAAAAGTAAATATGAAGATACTAAAAGTATAACTGCTGAAAAATATTTAAAAGAAATATGTTCTGAATGTGATTGTAAATATAAAGATTTGGATAATACATTTAAAGAATTTAAAGATAACGTTACACTTCTTAAAGCAGTAATTGATAACAAA","Pf3D7_10_v3-1414337-1414596-1A.2","39+8N",240,0.991735537190083,2
"IM-23-122-GLML","8039832113","Maziba","Pf3D7_05_v3-1188456-1188706-1A","CGAAATTTAAATCAATAGCGGTTACGTTCATAATTTTGCCTTCAAAACTAACTTCTGTATGATATATAAATTTATTTTCCTTTACACTAAATACATATATAAAAATGGTACTTAATAATTTATCTTTATCATATTTAAATAATATTAAATCTGTTTTTACATCTGAGTTGTAATCACCGAAAT","Pf3D7_05_v3-1188456-1188706-1A.4","2G",10,0.024330900243309,3
"IM-23-122-GLML","8039832113","Maziba","Pf3D7_14_v3-407306-407542-1A","CTTTCTTTCGTCTTTCTGTTCATTATCCATATAATCTTTTTCTACTACCTTTTCATTCTTTACTTTATTTCTATTAATACACAACTCTCCTTGAGTTAAGAGATTTACGATATTATCAATATTGTTTTCTTTCATATACTTCAACTTTTTACTATTCATTTTTAAAAGA","Pf3D7_14_v3-407306-407542-1A.5","44A47A",269,1,1
"IM-23-122-GLML","8039832113","Maziba","Pf3D7_10_v3-992331-992603-1A","TCATTATATTTTTAAAAAAAAAAATTATGATATAAAATCTTCAATTAATAAAAGATCTATCCAGTTCTTTAGAGACACTAATATAGATCATTATATAGCATATGAATATTATAAGGAGGACCGTACAGAATTTATATTAACTATTATGAATGAAAAAAATATTACTCATCAAGAAACTCAAAGTCTTGAAATGAAAAAGTTGAAAG","Pf3D7_10_v3-992331-992603-1A.1","13+13N72G127A152+9N",187,1,1
"IM-23-122-GLML","8039832113","Maziba","Pf3D7_02_v3-290580-290821-1A","TTATTATAAGGATTATAATTATTATCATTCTTATTATATGGATTAATATAATTTCGATCATAATCATTACTGTTTTTATCATATTGTGGATAATTATTTCTATTTCTATTTTGATTAAAATCCGATTGTCTATATCTAACTCTAATATCTGTAGATGCTAAATCATTAGGTAATGGG","Pf3D7_02_v3-290580-290821-1A.6","12+26N62A",489,0.979959919839679,2
"IM-23-122-GLML","8039832113","Maziba","Pf3D7_11_v3-497277-497548-1A","TTTTAGATTTAATTGAATATTCATTTTTAAATTATACTAGTTCTAATTTAAATACAATAAATAATAATAATGACAAAAAAAAACAAAATCAAAAAAATAAAAATCGCAAATATAGTAAAAATAATATTTTAGATCTCTATGAACACGTAAGTACGATCAGTTTATTTTATCACACGTTTAATTTACCTAAGGAGTATAATGAAAAATTGTT","Pf3D7_11_v3-497277-497548-1A.2","74+11N90+9N148T",114,0.974358974358974,2
"IM-23-122-GLML","8039832113","Maziba","Pf3D7_11_v3-1375807-1376056-1A","TCGTTATGTACCCTAATAAATTTTTTTTCATTATTTGAATCTATATTATTTACATTAGTATTTTGAGTTGTACCATAAATTTCAGTGTTATTATTATTTCTATTCATATAATTATGTCCGCTTATATAATTATGACCATTAAAAAAACGTCTTCCATGTATATCATCTCTTCTAATGTATTTA","Pf3D7_11_v3-1375807-1376056-1A.1","20+10N140+9N",91,1,1
"IM-23-122-GLML","8039832113","Maziba","Pf3D7_07_v3-432832-433091-1A","TTGAAAAAGTCATCATCAGAATGGGGATGATTATTATTGTTATTATGAGTTTGGTTCGTATTAATATTATGCTCCTTTTCGTTATTTAATTTATGTTCATTTATATTTTTATAAATAAATAATTTTCCAAGAAGTATACCATTAATAAACTTACTAGTTAACATATTAGACTGCTCAATATTTGTACATTTTTTTAATGTATGTATT","Pf3D7_07_v3-432832-433091-1A.1","30+17N188+9N",20,0.056657223796034,2
"IM-23-122-GLML","8039832113","Maziba","Pf3D7_02_v3-290580-290821-1A","TTATTATAAGGATTATAATTATTATCATTCTTATTATATGGATTAATATAATTTTGATCATAATCATTACTGTTTTTATCATATTGTGGATAATTATTTCTATTTCTATTTTGATTAAAATCCGATTGTCTATATCTAACTCTAATATCTGTAGATGCTAAATCATTAGGTAATGGG","Pf3D7_02_v3-290580-290821-1A.5","12+26N55T62A",10,0.0200400801603206,2
"IM-23-122-GLML","8039832113","Maziba","Pf3D7_09_v3-516735-517007-1A","ATAGAAGGATATATAAAAAATTATCAAGAATCATATAATATAAATGACCATTGTAAATTAGTTCCATTAAATTTTTATAAAGATTCTATTTCTAATGATTTAGGTACTCCATGCCCTGTGAATAGTATTACCTTAAATGTGGGCGCAAAAACTATAAATGAATGTTTGTGTAATAAAGGATATTTCTATAATGTCAAGAAACAACAATGTGA","Pf3D7_09_v3-516735-517007-1A.1","14+8N",143,1,1
"IM-23-122-GLML","8039832113","Maziba","Pf3D7_09_v3-595828-596094-1A","ATAATTTTTTCATCGTTCTTATACATGAATGATAAAGTCTTTTTGCAAAATTTTTTGAAGAGATCAGATTTGAGATAAAGACGTTTGGCTAATTTATACGAGAATTCTAGAGCATCTAATTTTATATTTAAACATTTTTTCGTATCCAATATATTATAATTTTGTTCATAAGTCTGTTCATTTATATTATTTAATACTTTT","Pf3D7_09_v3-595828-596094-1A.14","4+8N27G50+8N108T134+8N",5,0.0257731958762887,2
"IM-23-122-GLML","8039832113","Maziba","Pf3D7_02_v3-503040-503288-1A","ATTATGATTAATAATAATATTTCTCATAATTTCGTTAAATACATCTAAACTATTTATAGAACCATCTATATCATCTTCATTCCTATTTTGGTGAACTGATTCGGTGTTTATAACATCTAAGGTGTCTTTTTCTTCTCCTCTGTAACTTTTTATAATTTTTTGATAAATGTTGTTATAAGAATTATCA","Pf3D7_02_v3-503040-503288-1A.1","155+8N",431,1,1
"IM-23-122-GLML","8039832113","Maziba","Pf3D7_09_v3-595828-596094-1A","ATAATTTTTTCATCGTTCTTATACATTAATGATAAAGTCTTTTTGCAAAATTTTTTGAAGAGATCAGATTTGAGATAAAGACGTTTGGCTAATTTATACGAGAATTCGAGAGCATCTAATTTTATATTTAAACATTTTTTCGTATCCAATATATTATAATTTTGTTCATAAGTCTGTTCATTTATATTATTTAATACTTTT","Pf3D7_09_v3-595828-596094-1A.1","4+8N50+8N134+8N",189,0.974226804123711,2
"IM-23-122-GLML","8039832113","Maziba","Pf3D7_09_v3-685560-685825-1A","GAACCAAACAACGACAAAGGAACAAGATAATTTTTTCAATTTTTATAAAAGTAATATATATGATATGGAAAATAGAACCTGTAATAATAATATATTACAATATTGTGTTATGAATAATAAATCATATTTATTTCATAATATATCATCCAAAAAAAATATATATATAAAAAAAAAGAATCATCAGTTTTCTTTATTCATATATT","Pf3D7_09_v3-685560-685825-1A.4","30+8N38A148+10N165+11N",2,1,1
"IM-23-122-GLML","8039832113","Maziba","Pf3D7_10_v3-1414599-1414832-1A","ATCTAGATCAACGAGGGAATATAACAACATCTCAAGGAAATTCACACCGTGCAACTGTTGTGCAACAAGCTGATCAAACCAACAGATTAGATAATGTAAACTCTGTAACGCAAAGAGGAAATAATAACTACAACAATAATTTAGAGCGTGGATTGGGTTCTGGTGCT","Pf3D7_10_v3-1414599-1414832-1A.1","70C",285,1,1
"IM-23-122-GLML","8039832113","Maziba","Pf3D7_14_v3-3124416-3124655-1A","TAATTGATCTTCTAGAGGAATTAGATATTTTGTCTATATCGAATAAAGATGAAGTAGAAAAACGAAGAAAGGAAACAACTCAAGAGACGCGGTTGTTAGGAAATATTGATTTAGGATATGGAAAATTAGGAGAGGGAATAAAGCATGAAAATTTACAGGAAGAATTAGGAAACAGATTATTTG","Pf3D7_14_v3-3124416-3124655-1A.1",".",411,0.969339622641509,2
"IM-23-122-GLML","8039832113","Maziba","Pf3D7_06_v3-1115900-1116168-1A","ATTTTTTAATAAAGCAGTACCATCTATATCTCTTCCTTTTTTTAAAACACATAAAGTTTCATCAAAATTGCTTGTGCTATTTTTATCAGGTTCAGGAAAATATTGTTTATTTGTAGAATATCCATTCTGATTACAAGTTATAATATTATTAATATTTATAAATTTTTTTTTTGTTTTTAAATCACCAAATTGATTATCGTTAT","Pf3D7_06_v3-1115900-1116168-1A.1","1+8N36+9N162+12N",119,0.959677419354839,3
"IM-23-122-GLML","8039832113","Maziba","Pf3D7_14_v3-3125801-3126073-1A","ATTCTTATAATATTTAAGAATGAAGGGATTAAATATTTACATTTTAGCGAGGATACTCTGAAATATGTTAATTTTAATTATCCTGATTTTAACTTATATAAATGTATGAATTTATATAAGAAAAATTATGTTGATAGGGATGAGAAAGATATCTGTGATTTTTCAAATGAAGATATTCCGTTAATAAAAGAAAATAACAAGAGAATCAG","Pf3D7_14_v3-3125801-3126073-1A.3","175A",102,1,1
"IM-23-122-GLML","8039832113","Maziba","Pf3D7_14_v3-298368-298636-1B","ACGATTTAATGTGGCAAGTTGATTTAGATGTACATTTTGGTAATGTATCTTCCAAAAAAGCAAACGTTATTTTAGATAGTGCCACCAGTGTCATAACTGTACCAACAGAATTTTTTAATCAATTCGTAGAATCTGCAAGTGTTTTCAAAGTTCCATTCTTATCTTTGTATGTAACCACTTGTGGTAACACGAAATTACCAA","Pf3D7_14_v3-298368-298636-1B.1","53+8N110+8N",161,1,1
"IM-23-122-GLML","8039832113","Maziba","Pf3D7_07_v3-432832-433091-1A","TTGAAAAAGTCATCATCAGAATGGGGATGATTATTATTGTTATTATGAGTTTGGTTCGTATTAATATTATGATCCTTTTCGTTATTTAATATATGTTCATTTATATTTTTATAAATAAATAATTTTCCAAGAAGTATACCATTAATAAACTTACTAGTTAACATATTAGACTGCTCAATATTTGTACATTTTTTTAAAGTATGTATT","Pf3D7_07_v3-432832-433091-1A.7","30+17N72A91A188+9N198A",333,0.943342776203966,2
"IM-23-122-GLML","8039832113","Maziba","Pf3D7_03_v3-221185-221419-1B","AAATAAATTAAATAGGAAAATATAAAGAAAAATGAAAATTAAGAAAAAAAGTAGTATATATTTTTATAAATATTGTACAACTCAAACTAAGATGTGTTCTTTATCTAATTAAGGAACAAGAAGGATAATACCATTATTAATCCTATTGAACTATTTACGACATTAAACA","Pf3D7_03_v3-221185-221419-1B.1","43+9N",198,1,1
"IM-23-122-GLML","8039832113","Maziba","Pf3D7_03_v3-221295-221532-2","AAGGAACAAGAAGGATAATACCATTATTAATCCTATTGAACTATTTACGACATTAAACACACTGGAACATTTTTCCATTTTACAAATTTTTTTTTCAATATCATTTGCATAATCTAATTGGTCTTTAGGTTTATTAGCAGAGCCAGGCTTTATTCTAACTTGAATACCATTTCCACAAGTTA","Pf3D7_03_v3-221295-221532-2.1","86+11N120G",5,0.025,2
"IM-23-122-GLML","8039832113","Maziba","Pf3D7_03_v3-221295-221532-2","AAGGAACAAGAAGGATAATACCATTATTAATCCTATTGAACTATTTACGACATTAAACACACTGGAACATTTTTCCATTTTACAAATTTTTTTTTCAATATCATTTTCATAATTTAATTGGTCTTTAGGTTTATTAGCAGAGCCAGGCTTTATTCTAACTTGAATACCATTTCCACAAGTTA","Pf3D7_03_v3-221295-221532-2.13","86+11N107T114T120G",195,0.975,2
"IM-23-122-GLML","8039832113","Maziba","Pf3D7_08_v3-1365750-1365999-2","TTTCTAGGTTGTTTCTTGCTTCAATTCTATTTTTATTTTGTTCATCCTCTTCTTTATATTTTTCTGCATCATTTACCATACGATCGATATCATCTTTTGATAATCTTCCTTTATCATTTGTAATAGTAATTTGGTTTTGTTTACCAGTACCTTTATCTAATGCTGTTACATTTAGGATACCATT","Pf3D7_08_v3-1365750-1365999-2.1",".",200,1,1
"IM-23-122-GLML","8039832113","Maziba","Pf3D7_12_v3-684011-684240-1A","ACCTAATGTTGGTAAGTCTACCATTTTTAATCGACTAACTCGAAAATATCAAGATGGTAGTATTGTATTAGATGTTAGTAGTACGAGAGATAAACTTTATGGAGAAGTTGAGTGGGAAGGATATAAATTTGAACTTGTGGATACAGGAGGTTTAGTTTTTGA","Pf3D7_12_v3-684011-684240-1A.1","67A",10,0.0408163265306122,2
"IM-23-122-GLML","8039832113","Maziba","Pf3D7_12_v3-684011-684240-1A","ACCTAATGTTGGTAAGTCTACCATTTTTAATCGACTAACTCGAAAATATCAAGATGGTAGTATTGTTTTAGATGTTAGTAGTACGAGAGATAAACTTTATGGAGAAGTTGAGTGGGAAGGATATAAATTTGAACTTGTGGATACAGGAGGTTTAGTTTTTGA","Pf3D7_12_v3-684011-684240-1A.3",".",235,0.959183673469388,2
"IM-23-122-GLML","8039832113","Maziba","Pf3D7_08_v3-1375025-1375284-1B","CAAGTTATTATTAAATGCGGAATTATTCTATATAAAAATAAAAAAGCATTTAAAAATGAAAAAATTTATATATATACAATATATAAATATATATATATATATATATATATATATTATTATTATATGTATTTTTATAATTGAATGATATATTTATTTCTATTTGCAATTAAAATGCTTACGTTATCTAACAAAAGTACGGAGGCAAAA","Pf3D7_08_v3-1375025-1375284-1B.4","39+8N58+8N67+53N",11,0.523809523809524,3
"IM-23-122-GLML","8039832113","Maziba","Pf3D7_10_v3-1392371-1392620-1A","TGATGAAAATGATGATTCCCATTTTTCTAATTCTTTAGTATCTGAAACGAGTTACAATCAAGATTACTCTTTATACACTATTAATATTTTGAATGGACTTCCTGATAAAAAAAGTAATATGAAAAATATTGATTTAGAAAAATTTAAAGATACTTCAATACATACAAAGGAAGAGGGACCCATTGTA","Pf3D7_10_v3-1392371-1392620-1A.3","21A23T41T43T49G106+9N",225,1,1
"IM-23-122-GLML","8039832113","Maziba","Pf3D7_14_v3-294503-294768-2","CAGAATTTAGATGTTATCAAAGTCCCATTCTTACCTTTCTATGTAACTCTTTGTAACAACAGCAAATTACCAACTTTTGAATTTACCTCAGAAAATGGTAAATACACATTAGAACCTGAATACTACCTTCAACACATAGAAGATGTTGGTCCAGGATTATGTATGCTTAATATCATAGGATTAGATTTTCCAGTACCAACCTTTA","Pf3D7_14_v3-294503-294768-2.1",".",248,1,1
"IM-23-122-GLML","8039832113","Maziba","Pf3D7_12_v3-233418-233671-1A","CAAAAATATCATTCCCCAAATTTGTACTACTAATTGTTCCAATAGTTCCTATAGTTGTGGTAATTTGCTCATATGTATTTTTTCCTAAAGATTTATTAGACACATTTGAAGGATCATTATTTTGTTCCAAATTCTTGGGCACAGTATTATTACATGAGAATAATGAAAAGTTATTATCATAATTCTTTTGTT","Pf3D7_12_v3-233418-233671-1A.3","77+8N",250,1,1
"IM-23-122-GLML","8039832113","Maziba","Pf3D7_05_v3-668763-669004-1A","TAATATTATCTGGCTCTGTAACCATGTCCGAACATATGTTAACAGGAGAATCTGTTCCTATACATAAAGAGCAGTTACCTTTTGAAGGAAATGCTATTATAAATAAAAATAATAAATATGAGAGTAACGATGAAAAGGATGATTACCTTCGTATTTATAATAATCATGCTAGTATTAATATGATCAACCG","Pf3D7_05_v3-668763-669004-1A.5","188C",309,0.968652037617555,3
"IM-23-122-GLML","8039832113","Maziba","Pf3D7_01_v3-528859-529104-1A","TTTGATTCTTTTTAATGAAAAAGAAGCTAAAGATATGTCAGACCATATAATTTCCCAACAAAAACGTTATTGCTCTACCAATATTCATAGTATTTATAATAATAAAATATGTATATGTAAAAATAAGCGACATCATAACAAAAGAGGGAAAGGAATAAAGCATCATGACATACACCAAAAGG","Pf3D7_01_v3-528859-529104-1A.5","93T165A175C",8,0.0126182965299685,2
"IM-23-122-GLML","8039832113","Maziba","Pf3D7_06_v3-1140900-1141174-1A","CTTCCATGTGAGCTTCAAAATCGTCTGAAGGTCGACTAGACATGAAAAATTCAGATTGAGGTAAATCATCAAATGGATGATTTCTATATGATATTCTAGGTATTAATCCTAAGATATTATTTATGCTATTACATTGAGAATTTCCTTCATTGGTTGTGGTACTTATATCCACATTTTGGTGATCATCAGGATATAATGTATTTTCTTTAGAACTT","Pf3D7_06_v3-1140900-1141174-1A.2",".",173,1,1
"IM-23-122-GLML","8039832113","Maziba","Pf3D7_05_v3-641131-641404-1A","GGAATTTTTTTTTTGGTGTTTTATTTTTTCGAAGGATACAGTATAATCTAAGACATTAAAATTATTGGGTTTGAAAAAGAGTTTCCTTTTTATGATGTGCAATAGAGGTATATTTATATAGGAAATATAAACATATAAAAGGAATATGATAAAAAGGAAATATTGACTTAATAAAATATTAATATTTCTTTTTTTAAAATATATTTCGT","Pf3D7_05_v3-641131-641404-1A.3","4+12N23+8N42T188+9N",86,1,1
"IM-23-122-GLML","8039832113","Maziba","Pf3D7_13_v3-1406713-1406975-1A","TTTCATGTCTTCTTAAATATGTTTTAAATTCATTATTTAATTTTTCATCATATTTAGGTACATTTTTTTTTGGAAATCTAGATGTTTCATTATTATCGTGATTTGATGAATATATATAATGAGTTTGTTTAAAATGTGGTTCATTCAAATTATCTTTTTTCTTATCTTCGTGTATATTTTTATTATAATTTGAATACTTC","Pf3D7_13_v3-1406713-1406975-1A.1","6T62+11N154+8N",218,1,1
"IM-23-122-GLML","8039832113","Maziba","Pf3D7_11_v3-1376058-1376305-1A","TTTCTGGCTCGATATAATCCATTTCAATATTTATATTAGATATGAAACATCTATCTTCAATAGGTGAATTTGCTGCAAATTGAGCCATAGAAAAATGATTCTCATTCCTTTGAAAATATGAACTATTCAACTCATCAAGGTTTTCATATGTTATTTCATAACTGCCATCATCTGAATCCTCTTCATCA","Pf3D7_11_v3-1376058-1376305-1A.1","140G",269,1,1
"IM-23-122-GLML","8039832113","Maziba","Pf3D7_05_v3-796518-796759-1A","TGGTTCTTCAATTATTCATATAAGTTCTTTATTAGTAGGTGTATATTTATGTAGTAGTAGTGCAAATGCATTTAATCAAATTATTGAAAGAAATATAGATAAGTTAATGAAAAGAACCCAAAAAAGACCCTTAGCAAATAATAATCCAAATATGTCAGTTAAGCATGCTGAAATAT","Pf3D7_05_v3-796518-796759-1A.3","14A119+8N163G",221,1,1
"IM-23-122-GLML","8039832113","Maziba","Pf3D7_11_v3-1902041-1902278-2","ATGAAACAAAATGTCCACCTAGATACCCTTTAAAATCAAAAGTTTTTGGAACCTTTGACCAAAAAACAGGAAAATGTAAAAGTCTCATGGACAAAGCATATGAAGTTGGAATTAATAAATTTTCAGTCTGTTTAGAATATTTATTTTTAGTATCACCTAAGGATTTATATAATAGCGGAAG","Pf3D7_11_v3-1902041-1902278-2.1","60+8N",760,1,1
"IM-23-122-GLML","8039832113","Maziba","Pf3D7_05_v3-958372-958608-1B","ATTTATAACAATTTTTACATATGCCAGTTCCTTTTTAGGTTTATTTATTTGGTCATTAATAAAAAATGCACGTTTGACTTTATGTATTACTTGCGTTTTTCCGTTAATTTATGTTTGTGGTGTCATATGTAATAAGAAAGTAAAATTAAATAAAAAAACATCTTTGTTATATAATAACAATACC","Pf3D7_05_v3-958372-958608-1B.1","45T60+8N151+9N",286,1,1
"IM-23-122-GLML","8039832113","Maziba","Pf3D7_11_v3-1950431-1950680-2","AGATATATTTCAAGGAAAGGATATGTGGAATGATGGGAAATATGGTGAAGCGAAAAATCATATTAAGAATGCTTTTGGTGATATGAACAATAGAAAAGCTATGTTAAATGAAATTGAGAAAGGAATTAAAGATGAAACGTTTAGTCGTGAAAATGGTTTAGACGTTTGTAAATCTCAATGTGAGGAAAG","Pf3D7_11_v3-1950431-1950680-2.1","98G",329,1,1
"IM-23-122-GLML","8039832113","Maziba","Pf3D7_11_v3-119432-119705-1A","CTCCTTTATATTCATCAAGAAATTTCATCCAAGAGTAATTATGTTTTTCTTGTTGATATTTTGCTTTATACAAACGAGCAAGATACTTTTTATACGATTCATGCTCTTTAATTTTCTTTTCAAAAGTTTTGGTTATAATGTGTTGAAGTGATTGTAAAGTATTTTTCTTTAATTTTCTCCATATTAATCTACATGCGATTATAAGAA","Pf3D7_11_v3-119432-119705-1A.3","145G",11,0.0569948186528497,2
"IM-23-122-GLML","8039832113","Maziba","Pf3D7_14_v3-293575-293829-1B","TTTTGTAGTGTAATGTGTGGTTTATTTTATTATGTGTATGAAAATGTATGGCTTCAAAGAGATAATGAAATGAATGAAATTTTAAAAAATTCCGAACATTTAACTATTGGATTTAAAGTTGAAAATGCACATGATAGAATTTTGAAAACTATAAAAACACATAAATTAAAAAATTACATTAAAGAAT","Pf3D7_14_v3-293575-293829-1B.1","83+8N167+8N",108,1,1
"IM-23-122-GLML","8039832113","Maziba","Pf3D7_06_v3-1115900-1116168-1A","ATTTTTTAATAAAGCAGTACCATCTATATCTCTTCCTTTTTTTAAAACACATAAAGTTTCATCAAAATTGCTTGTGCTATTTTTATCAGGTTCAGGAAAATATTGTTTATTTGGAGAATATCCATTCTGATTACAAGTTATAATATTATTAATATTTATAAATTTTTTGTTTGTTTTTAAATCACCAAATTGATTATCGTTAT","Pf3D7_06_v3-1115900-1116168-1A.2","1+8N36+9N114G162+12N",2,0.0161290322580645,3
"IM-23-122-GLML","8039832113","Maziba","Pf3D7_06_v3-1135605-1135855-1A","TATAAAGAATTTATACCACCTAAATTGTTAACATTAGAAGTATTATTTGTTTCTGTATTTTCTTGTAACGTATTTGTATTATTAATATTGTTAGATGAAATATTATGACTATTTCTTCTATTTGTTATATTTAAATTGTAAATAGTTTCATTACTAACACTACTGATACCATTGAAATGATTATTTAG","Pf3D7_06_v3-1135605-1135855-1A.1","172T",4,0.0185185185185185,2
"IM-23-122-GLML","8039832113","Maziba","Pf3D7_14_v3-297583-297856-1B","AGGAGGTTTTTCTTATTATATTTTTGAAAATTTCGTTTTTCAAAAGAACCGTAAAATTAATCACATAATTAAGACTTCAAAATATTCGACAGTAGGATTTAATATTGAAAATTCTTATGATAGACTTATGAAAACAATTAAAGAGCATAAATTAAAAAATTATATAAAAGAATCAGTAAAACTTTTTAATAAAGGTTTAACCAAAAA","Pf3D7_14_v3-297583-297856-1B.1","153+8N",113,1,1
"IM-23-122-GLML","8039832113","Maziba","Pf3D7_04_v3-133581-133830-1A","CTCTCGATTATCATTACCTACTTCAGTCTTTACAATTGTAGGAGGTGTTTTAACATGATTATCCCCTCCATGAGGAGTAACCCTTAAAGGTTCTTCTTGAATATTTGGTGTCGCTTCGCCTGTTTCTGTAGAAAGGATATTTATTCTATCAACATATTCATCACCTTCTTCAACTGTACTATTTAAA","Pf3D7_04_v3-133581-133830-1A.1",".",74,1,1
"IM-23-122-GLML","8039832113","Maziba","Pf3D7_04_v3-133928-134154-1A","TTTTGAAATATCTAATTTATCCATTTGCCTTTTTATTTCATAGTCCCAACTACTTACCCAGGTATTAAAATTAATACAATCCTGTTCTGCATATTTTATGGCTTTTAAATCCCTCAATTTAGTAGCCCTATCTTCACAATAATCTTCTAATATTTTAAT","Pf3D7_04_v3-133928-134154-1A.1","21C",327,1,1
"IM-23-122-GLML","8039832113","Maziba","Pf3D7_04_v3-140317-140548-1A","TCGGGACAATATTATAAGGATTTTATCACATCAAGGAAAAATATTTATAATATAAGGGAAAATATATCCAAAAATGTAGATATGATAAAAAATGAAGAAAAGAAGAAAATACAGAATTGTGTAGATAAATATAATTCTATAAAACAATATGTAAAAATGCTTAAA","Pf3D7_04_v3-140317-140548-1A.1","86+8N",12,0.0188679245283019,2
"IM-23-122-GLML","8039832113","Maziba","Pf3D7_04_v3-140317-140548-1A","TCGGGACAATATTATAAGGATTTTATCACATCAAGGAAAAATATTTATAATATAAGGGAAAATATATCCAAAAATGTAGATATGATAAAAAATGAAGAAAAGAAGAAAATACAGAATTGTGTAGATAAATATAATTCTATAAAACAATATGTAAAAATGTTTAAA","Pf3D7_04_v3-140317-140548-1A.2","86+8N160T",624,0.981132075471698,2
"IM-23-122-GLML","8039832113","Maziba","Pf3D7_09_v3-270915-271160-1A","CTTTGTATGTATTATCTGTTGTTTTATCTTCACCTTGATTTCCTGTACTTGTAGATTCAGTAGATGGACCTTCAGAACCTGCTAATTCATCACTAGTAGATGCAGCACTTGTACTTTTAGATTGTTCTTTTAATGGTCCCATATATTTGTATAATTCTATTTCTAAATCTTGATCCTTGGTTTTTTCTTCTAA","Pf3D7_09_v3-270915-271160-1A.1","82C85A180+8N",340,1,1
"IM-23-122-GLML","8039832113","Maziba","Pf3D7_02_v3-470437-470709-1A","AATATTGACATGAAACATTATAATACACATAAGAAAAAAAAAATTTATTTATTCTTACAAAAAGAATATAAAAACAAAATTTTGGGATTTATAAATTTTTATAAACATATAACACACAAAATAAAAAAGAAACAAGAAAATGTTCATGATAAAATCACTTTTTTAAAATGTCTAAAGGAACTCTTTTTTGTCACACATACAAATA","Pf3D7_02_v3-470437-470709-1A.2","33+12N122+8N158+8N183+8N",214,1,1
"IM-23-122-GLML","8039832113","Maziba","Pf3D7_14_v3-2355614-2355853-1A","ACTTTTCTCGATTCACATTATCCAAACCCATTTAACGAGTATGAAAAATATGACAAACATTATTATGAACTTGAAAATATTTTAAAAAACAAACTTAATGAACAATCCTTAAATTATCAATCTTTGTTAAAAATGAAAAGATTTATAAGTATGAACGATATGGAAAATAATAA","Pf3D7_14_v3-2355614-2355853-1A.2","83+8N105A",5,0.0185185185185185,2
"IM-23-122-GLML","8039832113","Maziba","Pf3D7_07_v3-896613-896849-1B","ACAATGAAAAAATGTATTAATGATGAATTATATAAAATAAAAATAAATGTAGGTTTATATAAAAAGGATAGAAAAAAATTATCCTTTTTTATATTGTTGCATAAATTTTATTTAGATAATTATAATATTGTTATTAATAAATTAAAAAATATGAATAATTTAATAGAAA","Pf3D7_07_v3-896613-896849-1B.1","6+8N71+9N84+8N143+8N",225,1,1
"IM-23-122-GLML","8039832113","Maziba","Pf3D7_08_v3-102277-102527-1A","TACCTTCATCTATTGAATTAATTTTCTCAAGTAACATATTTTTGTCTTGACTACTTTCATCTGTAAATGGAACCAATACTCTTTGCTTACCTGCAAAAAGGACAACTGACATATGAGCCTTATCCTTACTTACATTCGAATTAAAGACCATAGATTCTAAAAATGGTATAGTTCCTTTTAACCAATAATC","Pf3D7_08_v3-102277-102527-1A.3","74C76A",7,0.0189189189189189,2
"IM-23-122-GLML","8039832113","Maziba","Pf3D7_14_v3-2481033-2481276-1B","CCATGTGGATAAAGACAGTAGAGAGCAATTCGAAATAAAACAGTACTCTTGCAAATTAGATATTTTTTTGAACTCATCTGTTCCTATAAAAAATTCTGAATGTAAGCAGAATAAATTATACACAAAAGAATATATATTCATTTTTATTTATTCACTTTATATATGTTTGTA","Pf3D7_14_v3-2481033-2481276-1B.1","62+9N87+8N172D=TGTATGTA",241,1,1
"IM-23-122-GLML","8039832113","Maziba","Pf3D7_14_v3-2858894-2859160-1A","ATAGATTTTAATGACATAAAAAACACAACAAATGAGTATAATAATTTTGAGGAACATAATTATCAAGATGATAAATTTATATTTAATAAAGATATACATAATATTCTTTTAGAATTAAAGGAATCATTAAATGACATATCACGTGGAAGACTAAATACATTGATAAGAGATAATAAAATAAGTAGTTGTATAATATATCA","Pf3D7_14_v3-2858894-2859160-1A.1","15C17+8N28A",162,0.970059880239521,2
"IM-23-122-GLML","8039832113","Maziba","Pf3D7_04_v3-115455-115684-1A","TATTAATGTCATTTTGTTTTTCTTTATTATTATTATTTTTATTTTTTCCCTGGTTATCTTCCTTATTACCTAGCTTTTTTTTGTTGTCATTATTTTCTGTCTGATTATTATTTTTGACTTTTTTCATCTTTGAATTATCCGTTCTGTTTGTATGTCTCAAGCAAGGT","Pf3D7_04_v3-115455-115684-1A.3","24+25N74+10N122T",530,0.981481481481482,3
"IM-23-122-GLML","8039832113","Maziba","Pf3D7_11_v3-1295371-1295597-1A","AAGTAACATCAAATAATGAAGTTGTAGTTAAAGAAGAATATAAAGATGAATATGCAGATATTCCTGAACATAAACCAACTTATGATAAAATGAAAATTATAATTGCATCATCAGCTGCTGTCGCTGTATTAGCAACTATTTTAATGGTTTATCTTTATAAAAGAA","Pf3D7_11_v3-1295371-1295597-1A.1",".",282,1,1
"IM-23-122-GLML","8039832113","Maziba","Pf3D7_06_v3-1136091-1136364-1A","CATTATTTTTGTATCCAACGTCGTTATTATTAAAACTTATTATTTGATTAATAACTGACGAACCACATATATTTACACAATGGAATACATAACTTAAGAAAGAGTAGTAATTGCATTTTACTTTTTGCATTTTCCCTCTGGTGGAGAAATAATTATTATGCTGCTTATTACTTTTTGTATTATGATAATTTTTGGTAATCATTTTTTTT","Pf3D7_06_v3-1136091-1136364-1A.2","201+9N",256,1,1
"IM-23-122-GLML","8039832113","Maziba","Pf3D7_14_v3-294506-294753-1B","AATTTAGATGTTATCAAAGTCCCATTCTTACCTTTCTATGTAACTCTTTGTAACAACAGCAAATTACCAACTTTTGAATTTACCTCAGAAAATGGTAAATACACATTAGAACCTGAATACTACCTTCAACACATAGAAGATGTTGGTCCAGGATTATGTATGCTTAATATCATAGGATTAGATTTTCCAGT","Pf3D7_14_v3-294506-294753-1B.1",".",367,1,1
"IM-23-122-GLML","8039832113","Maziba","Pf3D7_02_v3-630641-630907-1A","CTAAGTTATCTAAAATTATTAATTTTTTCAAATATGGTAATTTATGTCTATGAAGTAATAAGCCATCAACTAAATCTAAATCTAAACATAACCATTCTAATTTCGTTTCATTTAATATGTTTACAATTACATCTATACTAAAGTTAGAATGTAAAATCAAGGTTGTTACACCACTCATCATAGCTGCCATATCAACAAT","Pf3D7_02_v3-630641-630907-1A.1","22+8N43T",192,1,1
"IM-23-122-GLML","8039832113","Maziba","Pf3D7_08_v3-1314717-1314986-1A","ATAAAAAAGAAAAAATTATTGTCAAAAGTTTTCATAGATATATATATGATGGTATTAGAAGATTTTAAAGAAGAAGAATGTAAAAAAAATAAAGAAATATTTCTTGATACTTATATAGATGAACTAAAAAAAGATTCACAAAGTGAAAAAAATAAAAGCATGTTAAATATATTAGATGAAATAAAAAGTGATATTCATATAGGATATC","Pf3D7_08_v3-1314717-1314986-1A.1","2+15N87A125+9N138A145+9N",91,1,1
"IM-23-122-GLML","8039832113","Maziba","Pf3D7_08_v3-1344618-1344845-1A","TATCTTTTCCATATATAATAACGCATGAATTCTTTAAATATATCTTTTACTTTATCTGTAAGTTTCATGGAATCTATTATTTCATGTGCATATTTTATTTTTGCCTCGTTTATATATTTACCTGCTTCTAATTTACATAAACATTTTTCTATTAAGTTTTG","Pf3D7_08_v3-1344618-1344845-1A.1","128C",264,0.99622641509434,2
"IM-23-122-GLML","8039832113","Maziba","Pf3D7_13_v3-2780346-2780575-1B","GTTGGATAGAATGCCCGACTACGGATCGGGAGGTCGTGGGTTCGACTCCTGCCCGGCCTAATTTTTTTCGTTTTCGTTTTTAAAGTAAAAAAGGATAATATTTTTAAAAAACATTTAGTATATATATTTTTTTTAAATAATAAATCTATTATATTATTAAATATTATGAGAAGA","Pf3D7_13_v3-2780346-2780575-1B.1","61+9N86+8N105+8N126+10N",198,1,1
"IM-23-122-GLML","8039832113","Maziba","Pf3D7_08_v3-1366575-1366822-2","TTTAGCTTTTTCACATTGTGTTCTTAATCTTCTTAATGATTTTGAATTTTTGGAAACATCTTTACCTCCATTTTTTTTTTTAAAATCTTGTACACAGAAGTTTACTAATTTATTATCAAAATCTTCTCCTCCTAAATGTGTATCTCCTGAGGTAGCTTTAACTTCAAAAATTCCATCTTCAAGTGTTAATAAGG","Pf3D7_08_v3-1366575-1366822-2.1","70+13N",290,1,1
"IM-23-122-GLML","8039832113","Maziba","Pf3D7_08_v3-1366626-1366856-1B","CTTTACCTCCATTTTTTTTTTTAAAATCTTGTACACAGAAGTTTACTAATTTATTATCAAAATCTTCTCCTCCTAAATGTGTATCTCCTGAGGTAGCTTTAACTTCAAAAATTCCATCTTCAAGTGTTAATAAGGAAACATCAAATGTTCCTCCTCCTAAATC","Pf3D7_08_v3-1366626-1366856-1B.1","11+13N",86,1,1
"IM-23-122-GLML","8039832113","Maziba","Pf3D7_13_v3-748254-748510-1B","ATACCAAAAAAAATAAAATAAAATAAAATGAAATAATAAATAAATAAATATACATATATTTACATATATATATATATAATTACACATATTTTTGATTGAGGACAAATTACATGTAGTGTAGTTCGTCTTCCTTGTGCGTTTCAATCACACAATCCGATTTAGGATAACATGTACACAAAAGAATATATTTTTTCTT","Pf3D7_13_v3-748254-748510-1B.2","5+10N25I=AAAAT39+33N108A180+8N",123,0.968503937007874,2
"IM-23-122-GLML","8039832113","Maziba","Pf3D7_13_v3-748254-748510-1B","ATACCAAAAAAAATAAAATAAAATGAAATAATAAATAAATAAATATACATATATTTACATATATATATATATAATTACACATATTTTTGATTGAGGACAAATTACATGTCGTGTAGTTCGTCTTCCTTGTGCGTTTCAATCACACAATCCGATTTAGGATAACATGTACACAAAAGAATATATTTTTTCTT","Pf3D7_13_v3-748254-748510-1B.1","5+10N39+33N180+8N",4,0.031496062992126,2
"IM-23-122-GLML","8039832113","Maziba","Pf3D7_05_v3-350808-351052-1A","TAATATAATTTGAGTTGATAATATTATAATTATTTTTTATATGTTGCTCATTTATATTATTATGATAAATATGAGTTGTATTTTTATTAGAGTTGTAGGACATTTTCCCATACATTAGTTGTTTTACATTTTTAACATTTTTATAATTATGTATTAAACATAAGATTATTAGATAAA","Pf3D7_05_v3-350808-351052-1A.1","32+8N116T",5,0.0175438596491228,4
"IM-23-122-GLML","8039832113","Maziba","Pf3D7_14_v3-2858894-2859160-1A","ATAGATTTTAATGACATAAAAAACACAACAAATGAGTATAATAATTTTGAGGAACATAATTATCAAGATGATAAATTTATATTTAATAAAGATATACATAATATTCTTTTAGAATTAAAGGAATCATTAAATGACATATCACGTGGAAGACTAAATACATTGATAAGAGATAATAAAATAAGTAGTTATATAATATATCA","Pf3D7_14_v3-2858894-2859160-1A.2","15C17+8N28A188A",5,0.029940119760479,2
"IM-23-122-GLML","8039832113","Maziba","Pf3D7_11_v3-408543-408771-1A","AGAGTGTTAATAATACTACAGCTAGTAATATTTCCAAATCCAAAAATGAACTTGAAAAAAAGTCATCAGTTAATAATAATGCTTATATTAAAATTATCGAAAATTATGATTTATTATGGTTAAAATTAATAGAAATTGAATTATGTTGTAATAATAAAAATTTAAATCCTATA","Pf3D7_11_v3-408543-408771-1A.1","54+9N",560,1,1
"IM-23-122-GLML","8039832113","Maziba","Pf3D7_11_v3-1295103-1295335-1A","ACTACTGCTTTGTCCCATCCCAACGAAGTTGAACACAATTTTCCATGTTCATTATATAAAGATGAAATAAAGAAAGAAATCGAAAGAGAATCAAAACGAATTAAATTAAATGATAATGATGATGAAGGGAATAAAAAAATTATAGCTCCAAGAATTTTTATTTCAGATGATAAA","Pf3D7_11_v3-1295103-1295335-1A.4","23A34C71A132+9N",2,0.00498753117206983,2
"IM-23-122-GLML","8039832113","Maziba","Pf3D7_11_v3-1374917-1375148-1A","TTTTTAAATGAAAATCTCCAAAGCTTCTGGTTGGTTGTAATCTACCTTTAACATAACAATTATCATAATGATGTGATAAGAGATGAAAAGGTGTTTTACATAATTCATATGTATTATTATTATTAACAGTTTTATAATCTCGAGTACATATTTTACATACTAATATA","Pf3D7_11_v3-1374917-1375148-1A.1","112+14N",266,1,1
"IM-23-122-GLML","8039832113","Maziba","Pf3D7_11_v3-1294664-1294910-1A","AAAAGATGAATCATTTCAAAACTATACATATTTAAGTAAAAATGTAGTTCATAACTGGGAAAAAGTTTGCCCTAGAAAGAATTTACAGAATGCAAAATTCGGATTATGGGTCGATGGAAATTGTGAAGATATACCACATGTAAATGAATTTTCAGCAAATGATCTTTTTGAATGTAATAAATTAGTTTTTGAATTG","Pf3D7_11_v3-1294664-1294910-1A.20","8G9A40A50C152T159A",3,0.0045662100456621,3
"IM-23-122-GLML","8039832113","Maziba","Pf3D7_01_v3-145388-145662-1A","GATATGTTTAAATATATGATTCTCGAAAAAACTTTTTTTATTTTTTTTGTCAATAGATAAATGATCAATATTTTCTATATTTAATCTATCAAGAATTTTTATATATCTATTATTTCTTTCTTCGATGGATAAATTATATGAATCAATATCCTTTCTTTCATCAACAAACTTTTTTATTGTTAACTCCATTTTTTTATTTAAGATACCA","Pf3D7_01_v3-145388-145662-1A.3","25+25N94A139T169+8N188+9N",82,1,1
"IM-23-122-GLML","8039832113","Maziba","Pf3D7_13_v3-1419363-1419626-1A","TTTTGAAATCTGTATATTCTTTACCATATTTATCGATATTTATTTTGTTCTTTTTGTTTGAAATATCAACTACATGATTAAAAACATCTCCTAAATTATATAATTTCTTATCTAGGTCTTTTTGAAATGTCGATTCTCCTCCTTGTGCTGGTTTTTGTACTTCTTGTCCTTGTGTTGATATCTCTTGTTCATTTTTAGATTGAG","Pf3D7_13_v3-1419363-1419626-1A.15","16+8N31T37T",121,0.968,2
"IM-23-122-GLML","8039832113","Maziba","Pf3D7_11_v3-1816152-1816378-1A","TTGGGTAGATATCGTTATAAGGGCTATAATGTATTGACTTCTCCGGGTTGGTTACATTATCATTACAACCAATATTATTAAGGTTAATATTATTTTTATCATTATTATTGTTGTTTTCATTTGTGTGGTTATATAATAACAATGATGTGTCGTCTATTGGATCATT","Pf3D7_11_v3-1816152-1816378-1A.2","90T",476,1,1
"IM-23-122-GLML","8039832113","Maziba","Pf3D7_01_v3-181512-181761-1A","TTCATTATTGTTTTCATTCTTTTTTTAACTAAAACTATTCATCTCAAAAATATAAGATATTTTATATGACGAATGCCATTGTATTTTTTGTTACGTAAAACCTGACTTCTTCAGGGAAAACACATGCGCATTTTCACCAATTTTTGCCTAAGCTTATTATAAAAAGTATATTAAATGTATGAC","Pf3D7_01_v3-181512-181761-1A.4","19+9N30T83+8N114G",392,0.987405541561713,2
"IM-23-122-GLML","8039832113","Maziba","Pf3D7_11_v3-1934962-1935236-1A","TGATGTGCCAATATTAAGGATACATTTTCTAAAGCTTCTATCAGATAATGAAAATTTTTTCTGCGATTTTCATTTAAATCATTAAATATATTGGTTAGTTCTTGTATTGACGTTTTTGGATCTAAGGATGTAATTTGTTCATTTAATTCTTCTGTATATTCTAGATTAAAGTTTAAATTATTAAAATAACCTTCAGCATTATTTTCATTTTT","Pf3D7_11_v3-1934962-1935236-1A.1","54+10N98G",57,1,1
"IM-23-122-GLML","8039832113","Maziba","Pf3D7_13_v3-1465901-1466157-1A","CATAAAGGGTCCGATAACATTTTTTACATTTTCCCATGCAGAATCAGCATACAAGTTACATATACCATCTGATGGATGACAACCTACAAGAAATCTGTTGAAAGCTACATTAATACCTTGTCCAATACCAAAAACAGCTATTTTAACACCACGATCATTTAATTTTCTTGATTCTTTTAATGAATCTTGAATACTAT","Pf3D7_13_v3-1465901-1466157-1A.13","19+8N62A158T",323,0.993846153846154,2
"IM-23-122-GLML","8039832113","Maziba","Pf3D7_05_v3-961511-961758-1B","CTGCAGAAGATTATACTGTATTTAATAATAATGGAGAAATATTATTAGATGATATTAATATATGTGATTATAACTTAAGAGATCTTAGAAACTTATTTTCAATAGTTAGTCAAGAACCCATGTTATTTAATATGTCCATATATGAAAATATCAAATTTGGAAGAGAAGATGCAACATTGGAAGAT","Pf3D7_05_v3-961511-961758-1B.1",".",213,1,1
"IM-23-122-GLML","8039832113","Maziba","Pf3D7_11_v3-408285-408534-1A","TATGAAGAAGGTTTAAAATATTGTGCGTCATCAATTAATTTATGGATATGTGCTATCGATTTACAAATAGAAAAAAAGAATTATACAGGTGCTAGAGCTTTGACGGAGAAAGCAAAAATCAAAATCAAGTATTTAAATTCTTTTAATAATAATAGTCATATTTTAAAAAGTAAAGAAATTATTGAA","Pf3D7_11_v3-408285-408534-1A.1","70+9N",194,1,1
"IM-23-122-GLML","8039832113","Maziba","Pf3D7_11_v3-2001725-2001999-2","AGATGTAAGAACTAAGAATGTAAATACAAGTAAGAGAAATGAAGGACTTAATGATATAAATGAATCAGAAAAAACAAGAACAAGAAGGGCATCAACAAAATCAAATAATAATAATAATAATGTATCATACGAGAATGAATTAGAGAGTGTATCTGAATGGTTTGATAACTTTTTGGAGGATCATATGAAGGAAGGTGTTTTTTTAGATGGGGAAAA","Pf3D7_11_v3-2001725-2001999-2.5","68+8N89G116I=AATAAT153G191+9N",133,1,1
"IM-23-122-GLML","8039832113","Maziba","Pf3D7_14_v3-279563-279833-1A","CATTTTTCTTTTAAATGAGAGCAATATATTTCTTAGGTTTATTCCGGATAAATGTTTAGTTATTAGCCAGGTGAGTTATAGTGATTCATATAAGGTAAATTGTATTAATTTCTCTGAAGGATTTTGTTGCTGTCATCCAATAAATAATTTAGCACTATTATATGGAGAGTATCAACAAAATCAAGAATCAAAAATTATGAAATTACCG","Pf3D7_14_v3-279563-279833-1A.2","77T",131,0.977611940298508,2
"IM-23-122-GLML","8039832113","Maziba","Pf3D7_01_v3-535965-536239-1A","GCTCATTTGATATTTTCCAGTTGTTTGATTTTAAAAATGATGTATATTTTTTAGATGATAATTTGTTCGACAAGGATATGGTATATTGTACAAGTACCAACAATTATGGCGTTATGGGAAATGATAATGATGATGATAAAATAATAAAAATACAAAATTTAAATGAGAAATTAAAAAATGGAAAAGCTGAATTTAAAGATATATTATTAT","Pf3D7_01_v3-535965-536239-1A.1","46+8N121+17N172+8N",127,1,1
"IM-23-122-GLML","8039832113","Maziba","Pf3D7_01_v3-455794-456054-1A","AGAAAAAAAATTTATTAAGAGGTATTTCGATTTTAAAAATTTAAGAATTAATTTTTAATTATGTCTATAAAAACTTAATAGAAAATAAATATTATTTTGTTTTTCAAAAAAATGTTTAAGAATAATATTTCTTTATTCTTTTACAATTTAGAACATATAATGCTATTTCTTTTAATTTTAATTTAATTTCAAA","Pf3D7_01_v3-455794-456054-1A.1","2+10N105+9N",91,1,1
"IM-23-122-GLML","8039832113","Maziba","Pf3D7_01_v3-528859-529104-1A","TTTGATTCTTTTTAATGAAAAAGAAGCTAAAGATATGTCAGACCATATAATTTCCCAACAAAAACGTTATTGCTCTACCAATATTCATAGTAATTATAATAATAAAATATGTATATGTAAAAATAAGCGACATCATAACAAAAGAGGGAAAGGAATAAAGCATCCTGACATACATCAAAAGG","Pf3D7_01_v3-528859-529104-1A.2",".",626,0.987381703470032,2
"IM-23-122-GLML","8039832113","Maziba","Pf3D7_13_v3-1725124-1725365-2","TGGAAATTGTTCCCATTTATTCATTTTTTCTTCATATACTTCAATAGAATTTAATCTCTCACCATTAGTTCCACCAATGACATAAATTTTATTATCAAAAGCAACACACATAGCTGATGATCTAGGGGTATTCAAAGGTGCCACCTCTACCCATGCTTTCATACGATGATCATATGCTTCTAC","Pf3D7_13_v3-1725124-1725365-2.1","23+8N",614,1,1
"IM-23-122-GLML","8039832113","Maziba","Pf3D7_13_v3-1725208-1725471-1B","CATAAATTTTATTATCAAAAGCAACACACATAGCTGATGATCTAGGGGTATTCAAAGGTGCCACCTCTACCCATGCTTTCATACGATGATCATATGCTTCTACATTCGGTATAATAGAAGAGCCATCATATCCCCCAATACAATAAATTCTACCATTTGACGTAACACCACAATTATTTCTTCTAGGTATATTTAAATTACTTGAAAC","Pf3D7_13_v3-1725208-1725471-1B.1",".",195,1,1
"IM-23-122-GLML","8039832113","Maziba","Pf3D7_04_v3-141741-141990-1A","TGAATACCATATAGCCCTTTCAAATTATATAAAGACAGAACTAAGAAATATAAACCTGCAAGAAATAAAAAACAATATAATAAAAATATTTAAAGAATTCAAATCTGCACACAAAGAAATTAAAAAAGAATCAAAACAAATTAATAAAGAATTTACCAAAATGGATGTCGTCATAAATCAATTAAGAGATATAG","Pf3D7_04_v3-141741-141990-1A.3","66+8N121+8N134A",418,0.978922716627635,2
"IM-23-122-GLML","8039832113","Maziba","Pf3D7_14_v3-2260533-2260765-1A","AATAACCATCAAATACAAACTCAACCAACAAATACAGTACAATATATTCAACCAAATTATGAACAAGTCATAACACAAGTAGATCAAAATGGTAATCTATTCAATCAACAGCTTGTAGGAAGTACAGTAATGCAAAATATGACACCACAAGGTGTAAACACGTTAAATTATCCTGCAACG","Pf3D7_14_v3-2260533-2260765-1A.1","91G",7,0.0205882352941176,2
"IM-23-122-GLML","8039832113","Maziba","Pf3D7_07_v3-729480-729750-1A","TGAATGTTCAGAAATTTTATATCACTTAAATCGTTTGAGTGCGTTAGATCAAATATTGTTGAAAGATAAAATAAGTATATATGAGTATCAGCTAAAGGACACGTTTTTAACAACGTATGATATAGGTTGTTTATTAAAAATAGCTCAAGTGTTGAATGAACAAAATTATTATGATAACATTCCATTTTTGCATATATTTTTATATAACATACATAA","Pf3D7_07_v3-729480-729750-1A.2",".",161,1,1
"IM-23-122-GLML","8039832113","Maziba","Pf3D7_07_v3-717260-717493-1A","GAGCTTGCTTTTTTGTTGCGTTACTTGCTGGGCTGATCAAAAAAAAAGTTGAATGTATTGAACTTAGTGCCAGCGAAATTTCCCCTCATGAAAACAAATCGACGAGTTCATCAATATTCCAAGAGGAATTAAAATTTGATGAGTCTCTGAAAAAATTTTTCAAACAA","Pf3D7_07_v3-717260-717493-1A.3","8+8N38+11N141G154+8N",378,0.997361477572559,2
"IM-23-122-GLML","8039832113","Maziba","Pf3D7_07_v3-717260-717493-1A","GAGCTTGCTTTTTTGTTGCGTTACTTGCTGGGCTGATCAAAAAAAAAGTTGAATGTATTGAACTTAGTGCCAGCGAAATTTCCCCTCATGAAAACAAATCGACGAGTTCATCAATATTCCAAGAGGAATTAAAATTTGATAAGTCTCTGAAAAATTTTTTCAAACAA","Pf3D7_07_v3-717260-717493-1A.1","8+8N38+11N154+8N",1,0.00263852242744063,2
"IM-23-122-GLML","8039832113","Maziba","Pf3D7_14_v3-2355614-2355853-1A","ACTTTTCTCGATTCACATTATCCAAACCCATTTAACGAGTATGAAAAATATGACAAACATTATTATGAACTTGAAAATATTTTAAAAAACAAACTTAATGAACATTCCTTAAATTATCAATCTTTGTTAAAAATGAAAAGATTTATAAGTATGAACGATATGGAAAATAATAA","Pf3D7_14_v3-2355614-2355853-1A.1","83+8N",265,0.981481481481482,2
"IM-23-122-GLML","8039832113","Maziba","Pf3D7_14_v3-2695837-2696082-1A","CGTTTTGTATCATATTATTAGATATAGTTATTTTATTATTATTTTCTACATTGTTATTCAATATATTACATCCTGTTATGGAATTATTGTTAAAATATAAATTATTCGAATTGTTATTATTAAATTCTAATCCACTAACTGCTGTTGTATATAATGATGATGAGTTATTATTATAGAAATC","Pf3D7_14_v3-2695837-2696082-1A.1","28+16N",182,1,1
"IM-23-122-GLML","8039832113","Maziba","Pf3D7_07_v3-403801-404052-1B","TATATATATATATATATATGTATGTATGTTGATTAATTTGTTTATATATTTATATTTATTTCTTATGACCTTTTTAGGAACGACACCGAAGCTTTAATTTACAATTTTTTGCTATATCCATGTTAGATGCCTGTTCAGTCATTTTGGCCTTCATAGGTCT","Pf3D7_07_v3-403801-404052-1B.14","1+45N130+8N",127,1,1
"IM-23-122-GLML","8039832113","Maziba","Pf3D7_02_v3-628941-629172-1A","ACTTTTTTTAGATTTTTCTTGATCGTTTTCATCATTTTTTATTTCCTGTTCATCTGAGGTTTTCTTTTGTAAACGCTTAGTGCGTCCCTTTTGACCTTTTAATTTTTTTTTAAATATATTTTTAACTTGATCAATGAAGAAAGCATAATCTTGTATGACAGAAAATCT","Pf3D7_02_v3-628941-629172-1A.4","2+9N34+8N86C102+11N",4,0.0115606936416185,2
"IM-23-122-GLML","8039832113","Maziba","Pf3D7_12_v3-529495-529767-1A","GCTCCCCAAAAGTTAACTGCTTCATTATTTTTTGGATCCCAAAAACTAACATTCGTTACCCATCCAACATAATCGGTAGATATCCTATATTCATAACTACTACAGAAATATTTATACTCATGGTATACATTTGCATCATTTACATCTACCAAATTAACAGTTTTACACAAATTGTGAATGCCATTCAAGTTATAAAAACCTGTACAT","Pf3D7_12_v3-529495-529767-1A.1","32T",173,1,1
"IM-23-122-GLML","8039832113","Maziba","Pf3D7_12_v3-63081-63314-1A","TTTCCGTCATAATAGTTGCATACATTCTATTAAAAACTTTGGGTACTCCTAATATAATTTCACCTTTTGAATTACATATGTCTGTATTCAAAAATTTTATATCTCTACTCCATATATTTATCTTTACACCCAAAAACAAAGCAATGAAAAAAACAACCCTTTCATA","Pf3D7_12_v3-63081-63314-1A.1","146+9N",296,1,1
"IM-23-122-GLML","8039832113","Maziba","Pf3D7_13_v3-2545065-2545291-1A","ATGATTCCTCAAAAGTTTAACATTCCACATAGTATCTGTTAAATTGATAGTTTGCAAACAATTATACGTTTGGTTATTTTTATTTTTAAAAAAGGATATATGATCATCTAAAGATTTATTTTTGAGAAAGATTTCCATATATTCATATATATCTTGAATACACCA","Pf3D7_13_v3-2545065-2545291-1A.5","87+8N",362,0.965333333333333,2
"IM-23-122-GLML","8039832113","Maziba","Pf3D7_13_v3-2770591-2770863-2","ACACATCGATTTTATCAAAAGGAAATATTCCAAGAAATATTTTTAAAAAAAAATAGTGAGTTAGATGATCACGTATGGAATATAGAAAGTATTACTACGAATATATTAGAGAGGAATAAATTAAGTGATCAAAATAATGAAGATAACCATGATGTTAATAATAATAATGAAGACCCATCTGGGGGTAATTTAAAAACCAATCTAAT","Pf3D7_13_v3-2770591-2770863-2.1","44+11N156+13N",445,1,1
"IM-23-122-GLML","8039832113","Maziba","Pf3D7_08_v3-1176313-1176549-1A","TACATCCAATGAATATTTTACACTTAAAAGAAATAAACAAATTATTCATAATAAAATACATATACTTTCTATGCAAAAAAATAAACAAAATACAAACGAGCTAAACAAATTATGTAATATTAACGCCATCATATTCAATATTAATTCTGATGATTTTGAGGTAGGCGATGAAATTGT","Pf3D7_08_v3-1176313-1176549-1A.1","74+9N111T136C",448,0.986784140969163,2
"IM-23-122-GLML","8039832113","Maziba","Pf3D7_13_v3-2770621-2770854-1B","ATTCCAAGAAATATTTTTAAAAAAAAATAGTGAGTTAGATGATCACGTATGGAATATAGAAAGTATTACTACGAATATATTAGAGAGGAATAAATTAAGTGATCAAAATAATGAAGATAACCATGATGTTAATAATAATAATGAAGACCCATCTGGGGGTAATTTAAAAAC","Pf3D7_13_v3-2770621-2770854-1B.1","18+11N130+13N",166,1,1
"IM-23-122-GLML","8039832113","Maziba","Pf3D7_08_v3-1344618-1344845-1A","TATCTTTTCCATATATAATAACGCATGAATTCTTTAAATATATCTTTTACTTTATCTGTAAGTTTCATGGAATCTATTATTTCTTCTGCATATTTTATTTTTGCCTCGTTTATATATTTACCTGCTTCTAATTTACATAAACATTTTTCTATTAAGTTTTG","Pf3D7_08_v3-1344618-1344845-1A.7","84T86C128C",1,0.00377358490566038,2
"IM-23-122-GLML","8039832113","Maziba","Pf3D7_13_v3-2814606-2814855-1B","TAGCGATAATGATCCTGCAGTAGTAAGTGGTAGAGAATCTAAAGATGTAAATCTTCATACTTCTGAAAGGATTAAAGAAAATGAAGAAGGTGTGATTAAAACAGATGATAGTTCAAAAAGTATTGAAATTTCTAAAATACCATCTGACCAAAATAATCATAGTGATTTATCACAGAATGCAAATGAGGACTCTA","Pf3D7_13_v3-2814606-2814855-1B.1","109T",323,1,1
"IM-23-122-GLML","8039832113","Maziba","Pf3D7_13_v3-2840462-2840736-1B","AATAAACACATATGTTTATTAATAAAATTGTTAGTTATTTTTATGTATACATAATAAATTAAAGATACTAAAACAATATTTTTAAATGTAAATAAATGAATAATGATATTATTTATATGATTCATCATTCTATATTTACATGGAAGATTAAAAAATTATATATATATATATATGGTAATTTCTGTGTTTATGTTTTTATTTTTATAATA","Pf3D7_13_v3-2840462-2840736-1B.4","149+23N",6,1,1
"IM-23-122-GLML","8039832113","Maziba","Pf3D7_13_v3-388138-388408-1A","ATATATCTTTATTCATATGTTCTATATATTGTCTTTGTCTCTTTTCCTTTCTCATATCAGATATTATTGAATAATTTCCTTTATCACATACATATCTAGGATTATGTGATAATTCATAAGCTGCTCTTTTTAAAACTCTATTCTTTTCTTTAAAACTATTAAATTTTATATTATTGTTCATATTAGATGTGTTCCTTTTAATAATA","Pf3D7_13_v3-388138-388408-1A.1","194C",292,1,1
"IM-23-122-GLML","8039832113","Maziba","Pf3D7_13_v3-479569-479811-1A","CTAGAGACGAATTTGATGATAAAAGAAAATTAAAAGAAGAGAAAATTAAACAATGCCAACTATTAAATGAAAAACAACTAGAAGAAAAAGAAAAAGAAAAAAGAATTCTGAGAGAAAAAGCTGTTGAATATACCATACAAAATGAAGAAGAATATAAACAACTAAAAGGAAAATT","Pf3D7_13_v3-479569-479811-1A.6","96+8N135A168G",237,0.995798319327731,2
"IM-23-122-GLML","8039832113","Maziba","Pf3D7_14_v3-279563-279833-1A","CATTTTTCTTTTAAATGAGAGCAATATATTTCTTAGGTTTATTCCGGATAAATGTTTAGTTATTAGCCAGGTGAGTAATAGTGATTCATATAAGGTAAATTGTATTAATTTCTCTGAAGGATTTTGTTGCTGTCATCCAATAAATAATTTAGCACTATTATATGGAGAGTATCAACAAAATCAAGAATCAAAAATTATGAAATTACCG","Pf3D7_14_v3-279563-279833-1A.1",".",3,0.0223880597014925,2
"IM-23-122-GLML","8039832113","Maziba","Pf3D7_05_v3-395887-396136-1A","TCTAAGGATTGTTGGTTTTTTAGGATGCTCATCTTTTTAAGATAATCCTCTTTACTGTCGTTATTATTTAAATCGTTTTGTATAATATTATATTGTGAATTCCTTGTGTTTTTCATAATACTATTAGTCCTATTGGTGTTCTTCTTATTATTATTATTATTATTGTTCTTCTTCTTAATAAA","Pf3D7_05_v3-395887-396136-1A.2","15+8N145+20N",1,0.00581395348837209,2
"IM-23-122-GLML","8039832113","Maziba","Pf3D7_05_v3-395887-396136-1A","TCTAAGGATTGTTGGTTTTTTAGGATGCTCATCTTTTTAAGATAATCCTCTTTACTGTCGTTATTATTTAAATCGTTTTGTATAATATTATATTGTGAATTCCTTGTGTTTTTCATAACACTATTAGTCCTATTGGTGTTCTTCTTCTTATTATTATTATTATTGTTCTTCTTCTTAATAAA","Pf3D7_05_v3-395887-396136-1A.1","15+8N119C145+20N",171,0.994186046511628,2
"IM-23-122-GLML","8039832113","Maziba","Pf3D7_05_v3-550803-551072-1A","ATATACACCTTTCTTATTTATATTAATCTTTTCATTTTTACAAGAAATCACCTCCCTACTTATTCGGTTGTCCTCATTTTCATATTTCATAACACCATCATTTATTTTTTCTATTTCTTTAATATTATTTTCTCCTTGGACGTAATTATGCTTTCCTATCATCTCCTTTGCTCTACTTCCTATATATACTAATTTCTCTCTGAA","Pf3D7_05_v3-550803-551072-1A.4","6D=ATA107+8N",131,1,1
"IM-23-122-GLML","8039832113","Maziba","Pf3D7_01_v3-162867-163115-1A","ATATACCAATAATACTTTTTTTTTTAAATAATGTAAAAAATGATTTATATAATTGTTATAAACAAATGATCACATATCATAATAATAATAATAATATGCTAAATCATAACTCTAATATTTTATCAAAAGAAAATGAAAAAAAACAACCTTTTTCAACATATAATATATCAAATCTTTGTTCTCCTGATCAAATGGTAATAAATAAAAA","Pf3D7_01_v3-162867-163115-1A.5","15+12N34+8N91I=ATAATA92G129+10N182T191A",376,1,1
"IM-23-122-GLML","8039832113","Maziba","Pf3D7_04_v3-1005938-1006187-1A","GTCTTAACATTAATTCTAGTTACAAAGTTACATGGATTTATTGAAAAGATATTTTCGTCATTATATTTCTTTTTTTCCATATCTGTTTGATCATTTTGATATGTTTTCATATTATCCATATGTTCATTATTTTGATCAATATAATTTTTTTTTATAATAAATTTAGAATTATTTTTAAAGAAA","Pf3D7_04_v3-1005938-1006187-1A.2","15T16C61T69+9N144+11N",227,0.978448275862069,2
"IM-23-122-GLML","8039832113","Maziba","Pf3D7_06_v3-851492-851765-1A","ACAATAGTACATTCTGCATTTACATCACAACCTCCATTATTTTTTGAACAGTTCATATCTTTCATAGGTATACATTTAAAATAATTTACACTCATATCAACTATATAATTAGGTCGGCATCTACATTGTTCTTTATCTTTTTCGACAATATAACAACGTGAATTGGGTCCACATTTGGAATATTCACAAATATTATTTACTTTAAATATAACAAAATTTTTCA","Pf3D7_06_v3-851492-851765-1A.2","39+8N194T220T",2,0.00699300699300699,2
"IM-23-122-GLML","8039832113","Maziba","Pf3D7_13_v3-1419363-1419626-1A","TTTTGAAATCTGTATATTTTTTATCATGTTCATCGAGATTTATTTTGTTCTTTTTGTTTGAAATATCAACTACATGATTAAAAACATCTCCTAAATTATATAATTTCTTATCTAGGTCTTTTTGAAATGTCGATTCTCCTCCTTGTGCTGGTTTTTGTACTTCTTGTCCTTGTGTTGATATCTCTTGTTCATTTTTAGATTGAG","Pf3D7_13_v3-1419363-1419626-1A.2","16+8N24T28G",4,0.032,2
"IM-23-122-GLML","8039832113","Maziba","Pf3D7_07_v3-1028330-1028603-1A","TAAAGAATATTTTTATTTCTAATATTATGGCTAAAAGGAAAATTATTTAATTTCATTTTTTGTGGGTTACTTGTATCATTACAACTCATCATCATGACCATATTATTATTATTATTATTGTTGTTGTTGTTGTTGTGGTGGTTCATTACCAATAAATTTGTGTTATTATGTTCATCCTTTTTTATATTAACAATTTCATTTCTATAA","Pf3D7_07_v3-1028330-1028603-1A.2","55+8N101+36N177+8N202C",119,1,1
"IM-23-122-GLML","8039832113","Maziba","Pf3D7_13_v3-1465616-1465890-1A","TCTTGTGGATTATTATCTATTATATTTTCTTCTGGTTTTTGGACAGAAGAATTATCTCCTCTTGGTCTAGGTTGATCATCTTCGGGTTCATCTGGAACATCTAATGGTTCCCATTTTGGAGGACATCTTTCTTCTTCACATTGTTCTTGTATTTCACTTGTACATCCTTCGTGTAAGATTTCTCTTTTTCTTGACCTGGTACCTTTACCACAAGTTACACTACATGGAGA","Pf3D7_13_v3-1465616-1465890-1A.8","30T32C41G47A49G113A121G152T",280,1,1
"IM-23-122-GLML","8039832113","Maziba","Pf3D7_04_v3-109939-110184-1A","CAACATCTGAATTATATAAATCTTTAGAAAAACAACTAATATCCTTACTCGATATATTTATTTTTATACCAAGAATAACAGCCATATAAACCAAAACTCTCTCAAATGCATGTGATACAGGTAAATAAGAAAAATGGGTTTTCGGTTTCATGTTTTTTATTACATTATGATCACATAATGGTGCTACT","Pf3D7_04_v3-109939-110184-1A.6","108G152+8N",1,0.003125,2
"IM-23-122-GLML","8039832113","Maziba","Pf3D7_05_v3-958920-959168-1B","AATAATAAATCGAAAACCATTAGTTGAAAATAATGATGATGGAGAAACATTACCAAATATTAAAAAAATTGAATTTAAAAATGTAAGATTTCATTATGATACTAGAAAAGATGTTGAAATTTATAAAGATTTAAGTTTTACTCTAAAAGAAGGGAAAACATATGCATTTGTGGGAGAATCA","Pf3D7_05_v3-958920-959168-1B.1","61+9N",192,1,1
"IM-23-122-GLML","8039832113","Maziba","Pf3D7_05_v3-960810-961048-1B","TAATACAGGAAGCATTTTATAATATGCATACTGTTATTAATTATGGTTTAGAAGATTATTTCTGTAATTTGATAGAAAAAGCTATTGATTATAAAAATAAAGGACAAAAAAGAAGAATTATTGTAAATGCAGCTTTATGGGGATTCAGTCAAAGCGCTCAATTATTTATTAATAGTTT","Pf3D7_05_v3-960810-961048-1B.1","105+8N",227,1,1
"IM-23-122-GLML","8039832113","Maziba","Pf3D7_01_v3-194742-194973-1B","TACCTATAAAAATGAAAAAAATAAAGAAGAAGATAAATATGGAAAAAATGAAAAAAACGAAAAATATGACAAATATGACAAATATGAAAAATATGATAAATACAAAAAAGATAATAAAAATCAACATGATGATCCACTTTATGATAATATTAATAAAAATTACGATAA","Pf3D7_01_v3-194742-194973-1B.1","14+9N42+17N97D=AAAATATGA112+8N",489,0.981927710843373,2
"IM-23-122-GLML","8039832113","Maziba","Pf3D7_01_v3-194742-194973-1B","TACCTATAAAAATGAAAAAAATAAAGAAGAAGATAAATATGGAAAAAATGAAAAAAACGAAAAATATGACAAATATGACAAATATGAAAAATATGAAAAATATGATAAATACAAAAAAGATAATAAAAATCAACATGATGATCCACTTTATGATAATATTAATAAAAATTACGATAA","Pf3D7_01_v3-194742-194973-1B.2","14+9N42+17N112+8N",9,0.0180722891566265,2
"IM-23-122-GLML","8039832113","Maziba","Pf3D7_14_v3-1992121-1992370-1A","ATTAAAACATTCCAACAATTTTATTTCCTTCTTTATAAAATTATATAAATTAATTATTTTCTTTTTATCACATTCAAAGACGGCATAAGGTGCACCCCATGAACATTTTTTACTTTTGCTACCATCAGGCATAATATAAACACCAGTACCATTTTTTTCTGATAAATTAATATTTTTTTGTATAACATCATA","Pf3D7_14_v3-1992121-1992370-1A.1","105+8N151+9N172+9N",88,1,1
"IM-23-122-GLML","8039832113","Maziba","Pf3D7_09_v3-1015103-1015350-1A","ATTATTTAATTTTTCATCTTTTATATTTTTCAGATTTTTTATATGAAGATATAGGAATACAACTAAATTAACAGCTGAAAATAATCTTACTAACAAAAATAATTTGAGGAATTCTTCATCATATAAATCTTTTGGAATATTATTTGTGTATTCATAAATTTCTATTAAGGATATAATAGTTATGA","Pf3D7_09_v3-1015103-1015350-1A.1","34+8N",154,1,1
"IM-23-122-GLML","8039832113","Maziba","Pf3D7_09_v3-1406342-1406614-1A","TCTCAGATTATCATAGTGTTGTGGATGAAGATTTAATTAATTTTAATGATGATGTTACTTTAGAAACACAATCCATGATAGCACACGGAGGGTCTTTGTCAGAAATAGAAGAAACTGGAGATTTATCTTCAGATGTTGATAGATTACTTTCATCAATCGAAACTACTCCAAGAGATGATGTTGTATATATACGAGGTGATATTATATT","Pf3D7_09_v3-1406342-1406614-1A.1","148T204A",288,1,1
"IM-23-122-GLML","8039832113","Maziba","Pf3D7_09_v3-163813-164052-1A","GTAATAATAATAATAATAATGTATTTCTTTCATCAAGTGATCCAAATAAATTAAACACAACACCATCACCATTTGGTTTATCATCTATTGGAAATCTAAATACAAACAATAAATTAAATAGCTTTCCAGATTTTAGTCAAGCTAATAAAACATTTCTACAAAATGATAGCTTAT","Pf3D7_09_v3-163813-164052-1A.1","2+19N28T131T",237,1,1
"IM-23-122-GLML","8039832113","Maziba","Pf3D7_09_v3-164045-164311-1A","ATCAACTGGTGTTGCAAAACCATTAGTTACCAATTTTAATTCTCCATTTAGTGCTTTTGGTAAAACAAATACCAGTGATATATTTAAAACTAATACTACTGCATCAACTACAAATGCAACTGCAACTGCAACTCCTGCTCCCTTTGGATCAGCATTTGGAGCGCAAAAAAATAATGATAGCTTGTTTGGAAATAATGCATTCAAGCTTTCG","Pf3D7_09_v3-164045-164311-1A.3","169A",314,1,1
"IM-23-122-GLML","8039832113","Maziba","Pf3D7_07_v3-475313-475545-1A","AGCTTTATTATCTACAAAAAATCCACGTGGATATATGAAACAAATGAAATTGTATTTTATATTCCAAATTAAAGAAATTGCATTAAGAAAACATGGCTCTTTACTTACAGTCAAAAATTTATATAATAATAAACTTTTAAATATAAATTCATCATCTTCTACAAATA","Pf3D7_07_v3-475313-475545-1A.1","15+8N",6,0.0413793103448276,2
"IM-23-122-GLML","8039832113","Maziba","Pf3D7_14_v3-2260533-2260765-1A","AATAACCATCAAATACAAACTCAACCAACAAATACAGTACAATATATTCAACCAAATTATGAACAAGTCATAACACAAGTAGATCAAAATCGTAATCTATTCAATCAACAGCTTGTAGGAAGTACAGTAATGCAAAATATGACACCACAAGGTGTAAACACGTTAAATTATCCTGCAACG","Pf3D7_14_v3-2260533-2260765-1A.2",".",333,0.979411764705882,2
"IM-23-122-GLML","8039832113","Maziba","Pf3D7_02_v3-291770-292017-1A","TAATATCATAAGGTTTGAATATTTTCCTCTCAGGTATTATACCAACAGAAGGTTTATCATCATCTTTAAAACCTGCTCTATCTTTAACCCATTGATTAGGATTTTTTAAACATAAAGCTGGATTCTTTAATAAATCTTTCATATGTTCCATATTATTTTCTTCATTTATATATGATGCTAC","Pf3D7_02_v3-291770-292017-1A.1","101+8N177G",7,0.0281124497991968,2
"IM-23-122-GLML","8039832113","Maziba","Pf3D7_13_v3-1725887-1726123-2","AAATAGCTCCACCAACATTAATATCAATCATAGTTTCAGTAGCAATATTTGCATCAACAATTTTTTTTTTATCATTCTCAAAATTTTTATATTCTTGATAATATTTTTCTTTTTCTAAATATAATACTAATTTAATTTTATCGATTTCTTGTAAAAATCTTAATCTTTCTTCATCAA","Pf3D7_13_v3-1725887-1726123-2.1","60+12N",253,1,1
"IM-23-122-GLML","8039832113","Maziba","Pf3D7_07_v3-475313-475545-1A","AGCTTTATTATCTACAAAAAATCCACGTGGATATATGAAACAAATGAAATTGTATTTTATATTCCAAATTAAAGAAATTGCATTAAGAAAACATGGCTCTTTACTTACAGTCAAAAATTTATATGATAATAAACTTTTAAATATAAATTCATCATCTTCTACAAATA","Pf3D7_07_v3-475313-475545-1A.2","15+8N125G",139,0.958620689655172,2
"IM-23-122-GLML","8039832113","Maziba","Pf3D7_13_v3-2114242-2114482-1A","CTTCCATTAACTCAATATATAATTTATTAATAATTTTTAATTTGTTTATTTCAAAAAGGCATAGTTGTAACAAGGTTCTTAAGGTTCTATTACCCCCTAAGAGGTTAAAATGAATATTTCCTTTTTCTCGTATATGCAAAAAATCCCTTAACAATAAATCATATTCATCAGTATGAAATGT","Pf3D7_13_v3-2114242-2114482-1A.1","67G76T137+8N",5,0.0196078431372549,2
"IM-23-122-GLML","8039832113","Maziba","Pf3D7_13_v3-2114829-2115090-1A","ATTCAATATATATAAAAATATAGCTAATAAACATTTCAAATCTCCATTAAGAACTTTATTCATCTTAACAAAAGCTCTATGAACTTCTGTATCTATAGTCGATTTTGTTATTCTAAGCATATCATTAAGTAAAAAATTTACGGTATCGACATTAACAGTGTAATAATTTCTTCCTAAATTTAAATGTTCTAAATAATTCAA","Pf3D7_13_v3-2114829-2115090-1A.1","130+8N192A",262,1,1
"IM-23-122-GLML","8039832113","Maziba","Pf3D7_08_v3-102277-102527-1A","TACCTTCATCTATTGAATTAATTTTCTCAAGTAACATATTTTTGTCTTGACTACTTTCATCTGTAAATGGAACGAATACTCTTTGCTTACCTGCAAAAAGGACAACTGACATATGAGCCTTATCCTTACTTACATTCGAATTAAAGACCATAGATTCTAAAAATGGTATAGTTCCTTTTAACCAATAATC","Pf3D7_08_v3-102277-102527-1A.5","76A",363,0.981081081081081,2
"IM-23-122-GLML","8039832113","Maziba","Pf3D7_13_v3-2504481-2504734-1B","TAAAATGTGTTGATGATTTTAACAATATGGTTATAACGATAAAAGAGGAAGTAAACAATCATTGGGAAAATAATATATACAATAAAAAGGATATGGTTAATTATACAAATGAAAATTATAATGATAATATATTAACATATGAATATATTAATGAAACACTTAGAAAAGAAAAAAAAAGATATTATA","Pf3D7_13_v3-2504481-2504734-1B.1","168+11N",148,1,1
"IM-23-122-GLML","8039832113","Maziba","Pf3D7_14_v3-2733345-2733593-1A","TCGATGTACATGCAGAAAAAATATTGGAACGTTTATTTGTAATTTATTTATGTGTATTAAAAGAATATGAAAAACATCCTCCTAAAATATTAAAATATTCATTACGTGCTATATCTAGATACTCGATGTATATAAATAAATTTATCATGGATGATATATTATTTGAAATTAAAAACCTTGCTGCA","Pf3D7_14_v3-2733345-2733593-1A.1","15+8N",378,1,1
"IM-23-122-GLML","8039832113","Maziba","Pf3D7_02_v3-628941-629172-1A","ACTTTTTTTAGATTTTTCTTGATCGTTTTCATCATTTTTTATTTCCTGTTCATCTGAGGTTTTCTTTTGTAAACGCTTAGTGCGTTTCTTTTGACCTTTTAATTTTTTTTTAAATATATTTTTAACTTGATCAATGAAGAAAGCATAATCTTGTATGACAGAAAATCT","Pf3D7_02_v3-628941-629172-1A.1","2+9N34+8N87T102+11N",342,0.988439306358382,2
"IM-23-122-GLML","8039832113","Maziba","Pf3D7_04_v3-1005938-1006187-1A","GTCTTAACATTAATCTTAGTTACAAAGTTACATGGATTTATTGAAAAGATATTTTCGTCATTATATTTCTTTTTTTCCATATCTGTTTGATCATTTTGATATGTTTTCATATTATCCATATGTTCATTATTTTGATCAATATAATTTTTTTTTATAATAAATTTAGAATTATTTTTAAAGAAA","Pf3D7_04_v3-1005938-1006187-1A.5","61T69+9N144+11N",5,0.021551724137931,2
"IM-23-122-GLML","8039832113","Maziba","Pf3D7_06_v3-532166-532407-1A","AGAACAATTGCTAAACACCAAATTGGGTGAAACAAAAAACCACCTGAACAGAACCCCATTTATACCTGAATCGGTCATACGAGAAAGGAAATTACGCCAAGAAAAAGCGCAATCCACAAACAACATGTTCGATTCAACAAACGCAGATAGTATTACTTCCCCATGTGATCCAACGAATGCCACG","Pf3D7_06_v3-532166-532407-1A.1","33+8N109G157T",15,0.0232198142414861,2
"IM-23-122-GLML","8039832113","Maziba","Pf3D7_08_v3-1056678-1056903-1A","GTGTTAACGATAATTATAATGCAATAAGCACAACTAATTTTTCAGATGACATGGATGAATTGATAAAGAATCTTTCTATTATGGGTTTGTGTAAAGAGAAAATAGTGTTAACAGAAAAGGCAACACTATTTAATAACATTGAATTGTTGTATTCATATTATCTTATAGTTCAGA","Pf3D7_08_v3-1056678-1056903-1A.1",".",7,0.0111111111111111,2
"IM-23-122-GLML","8039832113","Maziba","Pf3D7_08_v3-1313088-1313338-1A","TGAGAGACATAGATATATGATAGAAAAATGGAAAAAAGAAGATTGGTTTTGTGATTTAAAAGAAACGTTGAAAAATGAATTTGAAGAACAGATGGATATAGGAAAAGTATCTTTTTTATATGAAAATAATAGAGAGTATGGAAAAAATTTTTATTTGGAAAAGCAAAAAATTATATGGAAAAGATGG","Pf3D7_08_v3-1313088-1313338-1A.1","31+8N111+8N141+8N164+8N",209,1,1
"IM-23-122-GLML","8039832113","Maziba","Pf3D7_08_v3-1176313-1176549-1A","TACATCCAATGAATATTTTACACTTAAAAGAAATAAACAAATTATTCATAATAAAATACATATACTCTCTATGCAAAAAAATAAACAAAATACAAACGAGCTAAACAAATCATGTAATATTAACGCCATCATATTCAATATTAATTCTGATGATTTTGAGGTAGGCGATGAAATTGT","Pf3D7_08_v3-1176313-1176549-1A.7","67C74+9N136C",6,0.013215859030837,2
"IM-23-122-GLML","8039832113","Maziba","Pf3D7_13_v3-2814583-2814832-2","TCAGTCTTCTAATTCTAGCGATAATGATCCTGCAGTAGTAAGTGGTAGAGAATCTAAAGATGTAAATCTTCATACTTCTGAAAGGATTAAAGAAAATGAAGAAGGTGTGATTAAAACAGATGATAGTTCAAAAAGTATTGAAATTTCTAAAATACCATCTGACCAAAATAATCATAGTGATTTATCACAG","Pf3D7_13_v3-2814583-2814832-2.1","124T",489,1,1
"IM-23-122-GLML","8039832113","Maziba","Pf3D7_13_v3-2816310-2816554-1B","CAAATACTTTTCAATATAGGTCTAGTGAAAGTGTGGAAGTAATAACTAATAAACCTGATGAAATGGAAATGACAACTAAACCACCATCACAATATATTGAAAAGGAAATTGGAGAAATTGATTCTACAAAAAATCAAGATAATGATGAACAAAGCAATTCTATAATTCCTTTAATTAATAAAAATAATGAA","Pf3D7_13_v3-2816310-2816554-1B.2","95T127+8N",248,1,1
"IM-23-122-GLML","8039832113","Maziba","Pf3D7_07_v3-1043981-1044225-1A","ATAATGATATGTTATTTCATCATCAGCATCGACTTCTTTTTTATTATGTTCAAACAAATTCTTATATTTTATATTATTGCATTTTTGTCTTTCCATATTTATAAAAGATTCTATTTTCTTTTTATAATCATTCCTTTTTATATAATTACACATTCCTTCATTTTGGTTGTCATAACTCTTCT","Pf3D7_07_v3-1043981-1044225-1A.1","36+8N",11,0.0357142857142857,2
"IM-23-122-GLML","8039832113","Maziba","Pf3D7_06_v3-1282656-1282930-1A","AAGATATGGAAGAAATATGATAAAGAAAACAATAAATATATATTGTCTCATTTTATTCCCCAATTTATTGAAGACTTAAATTTGAAGGATGAATTCCGAAATTTATTTGATGGATTTGTAAATGATTTGGATATTCTATTATATTCAGAATTTAAAGCATTTTATTTACAAATGAAGCAAAAAGATATAAATGAACTGAAAAATTCTGA","Pf3D7_06_v3-1282656-1282930-1A.4",".",1,0.00531914893617021,2
"IM-23-122-GLML","8039832113","Maziba","Pf3D7_11_v3-1293919-1294168-1A","TCCATATCAAAATAGTAATGTGTATCATCCAATCAACGAACATAGGGAACATCCAAAAGAATACGAATATCCATTACACCAGGAACATACATACCAACAAGAAGATTCAGGAGAAGACGAAAATACATTACAACACGCATATCCAATAGACCACGAAGGTGCCGAACCCGCACCACAAGAACAAAATTTAT","Pf3D7_11_v3-1293919-1294168-1A.6","17A27A",275,1,1
"IM-23-122-GLML","8039832113","Maziba","Pf3D7_05_v3-369676-369949-1A","TGTAATATTATATATCCTGTTATAAATAAATCACTGGATATGGATGTGAAAAAAGAAGATATAAAAAAAAATGTAGAAGAAAATAAATATATAGAACATACACAGAATTTGAAAAATTATTTAGAAAATGATGAAAATGAGAAAAAAAAAAGAAGAAAAAGATCAAATAATAATGACAATTATAATTCTCATGATAATAATATTTTTCA","Pf3D7_05_v3-369676-369949-1A.2","34C48+8N62+11N141+12N",87,1,1
"IM-23-122-GLML","8039832113","Maziba","Pf3D7_03_v3-980853-981120-2","TAAGATTCTTTTGAGTTATTTATTTTCCAAATAATTTGGTTATATATATATGAAAATTCGATCATACCACATGCTCCAAGAATAATAGATGCATCGTCATTATATTGGAATGTAAAACTTTCATCATACTCATTTGTATTAGGTACACAAGAATCATCTTTATTTTTATAATTTTCTTTACATGTACAATTAATTTTACTATATT","Pf3D7_03_v3-980853-981120-2.1",".",153,1,1
"IM-23-122-GLML","8039832113","Maziba","Pf3D7_11_v3-1294664-1294910-1A","AAAAGATAAATTATTTGAAAACTATACATATTTAAGTAAAAATGTAGTTGATAACTGGGAAAAAGTTTGCCCTAGAAAGAATTTAGAGAATGCAAAATTCGGATTATGGGTCGATGGAAATTGTGAAGATATACCACATGTAAATGAATTTTCAGCAAATGATCTTTTTGAATGTAATAAATTAGTTTTTGAATTG","Pf3D7_11_v3-1294664-1294910-1A.13","9A12T17G40A86G152T159A",7,0.0106544901065449,3
"IM-23-122-GLML","8039832113","Maziba","Pf3D7_07_v3-405517-405773-2","TTTTCTACCATGACATATACTATTGTTAGTTGTATACAAGGTCCAGCAATAGCAATTGCTTATTACTTTAAATTCTTAGCCGTAAGAATTAAAAAGATATAAATATATAAATATATATGTGAAATATATGATATATATGATATATATTTTTTATATGTAATGTTTTTTTTTTTTTTTCACAATATACATTTAA","Pf3D7_07_v3-405517-405773-2.3","97+57N162+16N",102,1,1
"IM-23-122-GLML","8039832113","Maziba","Pf3D7_07_v3-405570-405844-1B","ATAGCAATTGCTTATTACTTTAAATTCTTAGCCGTAAGAATTAAAAAGATATAAATATATAAATATATATGTGAAATATATGATATATATGATATATATTTTTTATATGTAATGTTTTTTTTTTTTTTTCACAATATACATTTAAATGTTTATGATGGTACAACGTATCATATTTTATAATAATTTTATGCATTCATGTATATTATTTTTACTTTTT","Pf3D7_07_v3-405570-405844-1B.3","49+57N114+16N",89,1,1
"IM-23-122-GLML","8039832113","Maziba","Pf3D7_06_v3-532166-532407-1A","AGAACAATTGCTAAACACCAAATTGGGTGAAACAAAAAACCACCTGAACAGAACCCCATTTATACCTGAATCGGTCATACGAGAAAGGAAATTACGCCAAGAAAAAGCTCAATCCACAAACAACATGTTCGATTCAACAAACGCAGATAGTATTACTTCCCCATGTGATCCAACGAATGCCACG","Pf3D7_06_v3-532166-532407-1A.5","33+8N157T",631,0.976780185758514,2
"IM-23-122-GLML","8039832113","Maziba","Pf3D7_06_v3-851492-851765-1A","ACAATAGTACATTGTGCATTTACATCACAACCTCCATTATTTTTTGAACAGTTCATATCTTTCATAGGTATACATTTAAAATAATTTACACTCATATCAACTATATAATTAGGTCGGCATCTACATTGTTCTTTATCTTTTTCGACAATATAACAACGTGAATTGGGTCCACATTTGGAATATTCACAAATATAATTTACTTTAAATATAACAAAATTTCTCA","Pf3D7_06_v3-851492-851765-1A.3","14G39+8N",284,0.993006993006993,2
"IM-23-122-GLML","8039832113","Maziba","Pf3D7_04_v3-1037644-1037891-1A","GAAAGAGATTTAACAGATGATGCTGTGATTTTTGCACACTCACTTTATTTACCATTTGAAAAAGAAGAAATGTGGTGGATCGTTATCGGAATTAAAAAAATGAACTTACTTTTATCTATCAAAAAATTATCTTTATTGAAAAGTGTCAATAATATAAAAATTAATTTCGAATTGCCTGACA","Pf3D7_04_v3-1037644-1037891-1A.1","93+9N120+8N",270,0.989010989010989,2
"IM-23-122-GLML","8039832113","Maziba","Pf3D7_04_v3-1083299-1083563-2","ATACACTTTCCATATGTAGAGGACTTATGATATATAGAATTATAAGATAAATGTTTATAATAATCTAAAAAAGTATAATGAGGTATTATAACAAAATCCAAATGTCCTTCTTTTTCTTGTAAAATATCAATAGAATTTGCAATGTTATAATTTGATAACTCTTTAAAATGATATTGTAAAAAATTAACATTTTTATA","Pf3D7_04_v3-1083299-1083563-2.1","66+8N177+8N",264,1,1
"IM-23-122-GLML","8039832113","Maziba","Pf3D7_07_v3-1043981-1044225-1A","ATAATGATATGTTATTTCATCATCAGCATCGACTTCTTTCTTATTATGTTCAAACAAATTCTTATATTTTATATTATTGCATTTTTGTCTTTCCATATTTATAAAAGATTCTATTTTCTTTTTATAATCATTCCTTTTTATATAATTACACATTCCTTCATTTTGGTTGTCATAACTCTTCT","Pf3D7_07_v3-1043981-1044225-1A.2","36+8N",297,0.964285714285714,2
"IM-23-122-GLML","8039832113","Maziba","Pf3D7_13_v3-1725464-1725719-1B","ATCATAGTTATTACCACCAAAAACGTATAAGAAATTATTCAATACAGCACTTCCAAAATAAGCTTTTTTGGTAGACATAGGTGTACACATACGCCAGTATTGTTGACTAATATCTAATAATTCCATCGAATTTAAATATTCTACACCATCAAATCCACCTATACAAAATACTAATGGGAATGGTAAAAATTTAATACCA","Pf3D7_13_v3-1725464-1725719-1B.2","63+8N98T",173,1,1
"IM-23-122-GLML","8039832113","Maziba","Pf3D7_11_v3-1968050-1968296-2","TCATTACACTAGTCATGATTGGTTTAGATTATTACGCCAAGGGAATAAAGCTCAAAATTCCATTTCTCAGGAAGTAGACATATTAACGGAAAAGTATAAAAAATTAATTTCAGAGGAAGACAATAAAAAAGAAAATAACAATAATAATGATGATGAAGTAAAACCAGAACTAAAAGACAATATA","Pf3D7_11_v3-1968050-1968296-2.2","97+8N124+8N",450,1,1
"IM-23-122-GLML","8039832113","Maziba","Pf3D7_13_v3-146695-146934-1A","AAAGTATTTGTAATAGATTAAACGATGAACTAAATGAAGAAATATGTGGTTATCAAATTAGGTTTGAAAAATCGTATTTTTTAAAACATAGTAAAATTAAAGTTATGACAGAAGGAATTTTATTGAAAGAAATTATGAGTGATTTTATTTTATCAAAATATAGTGTTATCATTCTTGA","Pf3D7_13_v3-146695-146934-1A.2","76+8N170C",3,0.00497512437810945,2
"IM-23-122-GLML","8039832113","Maziba","Pf3D7_04_v3-1113397-1113639-1A","GATTCTGCATGCAGTAATGAATCTATTGAAATCATCTAAGAATAAACTTTTTTGTTTAAACCATTTATTGAACATTTCACTTAAATGTGATTCAATTTTTTTTTCTGAGCTTTCCATAATTTGATTACATCTATTCAATTTGTTTGTATAAGTTTTAGGTGTTATTATTCTTTTACGTTTTAAATCATC","Pf3D7_04_v3-1113397-1113639-1A.1","47+8N95+11N130T161G",5,0.012853470437018,2
"IM-23-122-GLML","8039832113","Maziba","Pf3D7_07_v3-404325-404590-1B","GAAACACAAGAAGAAAATTCTATCATATTTAATCTTGTCTTAATTAGTGCCTTAATTGTAAGAAAACAAAATATATAAATAAATAAATATATATATATATATATATATATTGTAATATTTAATATATATTAACACTTAAACTTTGTTTTTATTATATTAATTTATATTCTTTATCATTTTTTTTTTTTTTTTTCCTTCTTTTTTT","Pf3D7_07_v3-404325-404590-1B.16","71+40N176+19N198+8N",16,1,1
"IM-23-122-GLML","8039832113","Maziba","Pf3D7_13_v3-156713-156986-1A","TCCTTTTATGTGAACAAATTAAATATTGTAAATGATTTCTTTTTTGAAACACACCATAAAGATACACATCAAGACAGTCAAAATGAACACAAAACGGATGAACCTAAAATACATAATGTTTTCAAAAAAAAAAATAACGATATCTTTGTTAATATTCCTCTACCAAAAATATTTAAAAATTTCTTACATTCCATATATTTTAGAACTCC","Pf3D7_13_v3-156713-156986-1A.2","39+8N50C123+13N",2,0.0120481927710843,2
"IM-23-122-GLML","8039832113","Maziba","Pf3D7_13_v3-2545065-2545291-1A","ATGATTCCTCAAAAGTTTAACATTCCACATAGTATCTGTTAAATTGATAGTTTGCAAACAATTATACGTTTGGTTATTTTTATTTTTAAAAAAGGATATATCATCATCTAAAGATTTATTTTTGAGAAAGATTTCCATATATTCATATATATCATGAATACACCA","Pf3D7_13_v3-2545065-2545291-1A.18","87+8N102C154A",13,0.0346666666666667,2
"IM-23-122-GLML","8039832113","Maziba","Pf3D7_06_v3-176108-176338-1A","ATTATTATTATTATTATTATGCTGATGATGATGATGATCTGTGTTAAGATCATCTTCTATACCATTAGTTAAACATTTTATATTTTTATTCATATAAACATTAATCTTCACAACAGATTTATCAGATCTAGAAAATCTTGTACCTGTTGCTTTATGTAACAATAT","Pf3D7_06_v3-176108-176338-1A.2","1+38N",228,0.991304347826087,2
"IM-23-122-GLML","8039832113","Maziba","Pf3D7_08_v3-585331-585590-1A","TGAAAACTTTTCATGTACGGTTAATAAACAAAATAATTCTGAATTATATATAAGTAAAACTTCTTCTACATCTCTAAATTTATGCATTGTAGCTCTTTTAATATAATAAGGCAAATATTTTACAATATATTTTTGTTTAAAAAAACCTTGATGACCAACATTAATATCTTCCATTTTGGAAAAGGTTCCACTTAACG","Pf3D7_08_v3-585331-585590-1A.2","102T138+9N",324,1,1
"IM-23-122-GLML","8039832113","Maziba","Pf3D7_09_v3-202854-203106-1A","AATATACAAAGAATGCATATGATAAAATATTCTTTGTCCTTTAAAATTTTTTGTTCTTGTACTTTGTTTTTTATAATCTATTAAATTCATATCTGATGAAATATCATATTTATATTCCCCTTTATGAGCATTTACAAAAGTTTCGTTATTTCTTTTATTAATATATGTATTTGAGCACATATATTTAT","Pf3D7_09_v3-202854-203106-1A.7","16C46+8N66+8N146T",8,0.0271186440677966,2
"IM-23-122-GLML","8039832113","Maziba","Pf3D7_09_v3-202854-203106-1A","AATATACAAAGAATGTATATGATAAAATATTCTTTGTCCTTTAAAATTTTTTGTTCTTGTACTTTGTTTTTTATAATCTATTAAATTCATATCTGATGAAATATCATATTTATATTCCCCTTTATGAGCATTTACAAAAGTTTCGTTATTTCTTTTATTAATATATGTATTTGAGCACATATATTTAT","Pf3D7_09_v3-202854-203106-1A.2","46+8N66+8N146T",287,0.972881355932203,2
"IM-23-122-GLML","8039832113","Maziba","Pf3D7_02_v3-291770-292017-1A","TAATATCATAAGGTTTGAATATTTTCCTCTCAGGTATTATACCAACAGAAGGTTTATCATCATCTTTAAAACCTGCTCTATCTTTAACCCAATGATTAGGATTTTTTAAACATAAAGCTGGATTCTTTAATAAATCTTTCATATGTTCCATATTATTTTCTTCATTTATATATGATTCTAC","Pf3D7_02_v3-291770-292017-1A.3","92A101+8N",242,0.971887550200803,2
"IM-23-122-GLML","8039832113","Maziba","Pf3D7_04_v3-1037644-1037891-1A","GAAAGAGATTTAACAGATGATGCTGTGATTTTTGCACACTCACTTTATTTACCATTTGAAAAAGAAGAAATGTGGTGGATCGTTATCGGAATTAAAAAAATGAACTTACTTTTATCTATCAAAAAATTATCTTTATTGAAAAGTATCAATAATATAAAAATTAATTTCGAATTGCCTGACA","Pf3D7_04_v3-1037644-1037891-1A.2","93+9N120+8N145A",3,0.010989010989011,2
"IM-23-122-GLML","8039832113","Maziba","Pf3D7_04_v3-109939-110184-1A","CAACATCTGAATTATATAAATCTTTAGAAAAACAACTAATATCCTTACTCCATATATTTATTTTTATACCAAGAATAACAGCCATATAAACCAAAACTCTCTCAAATGCATGTGATACAGGTAAATAAGAAAAATGGGTTTTCGGTTTCATGTTTTTTATTACATTATGATCACATAATGGTGCTACT","Pf3D7_04_v3-109939-110184-1A.2","51C108G152+8N",319,0.996875,2
"IM-23-122-GLML","8039832113","Maziba","Pf3D7_07_v3-627351-627625-1A","TCACTAAGATAATTATTATTACCATTTTCAGCATAATAAAACTTCTGATGTTTTATAAGAGGAGTTTGGTTAGAAGCAAAATTATCAGCAGTTGTCGAATAATTATTATGTTCTTGATAAAAGAGATTATTCATATAGTTATTATTATTTTTCATATCATCCATAGTATTATTGTTAATATAAAATTCCTCATATGAATTATATATATA","Pf3D7_07_v3-627351-627625-1A.5","23C42C",146,1,1
"IM-23-122-GLML","8039832113","Maziba","Pf3D7_13_v3-1876391-1876664-1A","AACTATCTGTAAAAGTATGTTTAGAACTAACATTTGAAGAGAAGTTACATCCGTGTATGACTTTTTTTTCATATTTTGGTTTTAAAACTATTTTATAATTATTATTTTTAAATTTGCATGTACATTCTGTATTAACATCTTTTGATGTAACATAAAATGGAGCTTTAAAGATAGTTAAGTTTTTATGATAAATTATTTTATTACTTTTATATA","Pf3D7_13_v3-1876391-1876664-1A.1","61+10N",220,1,1
"IM-23-122-GLML","8039832113","Maziba","Pf3D7_13_v3-2114242-2114482-1A","CTTCCATTAACTCAATATATAATTTATTAATAATTTTTAATTTGTTTATTTCAAAAAGGCATAGTTTTAACAAGGTTCTTAAGGTTCTATTACCCCCTAAGAGGTTAAAATGAATATTTCCTTTTTCTCGTATATGCAAAAAATCCCTTAACAATAAATCATATTCATCAGTATGAAATGT","Pf3D7_13_v3-2114242-2114482-1A.11","76T137+8N",250,0.980392156862745,2
"IM-23-122-GLML","8039832113","Maziba","Pf3D7_03_v3-891553-891827-1A","CAAGAGCTAAGAAAACATATAGAATTATCATAAGGATGTTGATAATATAAATGTGTTTTTATTTGTGTATTTATGTCAGAATATTGTTCCTTCGATTTATCTTTAAAATAATCAATATTATTTATGTTGGTGGCTTTATTATTATTAAAATAATTTTGATTTGTTACATGATGACTATGGGTATATTTGTATTTTACGTTTTTATTA","Pf3D7_03_v3-891553-891827-1A.16","26T93C178T",1,0.0099009900990099,2
"IM-23-122-GLML","8039832113","Maziba","Pf3D7_08_v3-1056678-1056903-1A","GTGTTAACGATAATTATAATGCAATAAGCACAACTAATTTTTCAGATGACATGGATGAATTGATAAAGAATCTTTCTATTATGGGTTTGTGTAAAGAGAAAATAGTGTTAACAGAAAAGGCAACAATATTTAATAACATTGAATTGTTGTATTCATATTATCTTATAGTTCAGA","Pf3D7_08_v3-1056678-1056903-1A.2","126A",623,0.988888888888889,2
"IM-23-122-GLML","8039832113","Maziba","Pf3D7_11_v3-1294664-1294910-1A","AAAAGATAAATCATTTCAAAACTATACATATTTAAGTAAAAATGTAGTTGATAACTGGGAAAAAGTTTGCCCTAGAAAGAATTTAGAGAATGCAAAATTCGGATTATGGGTCGATGGAAATTGTGAAGATATACCACATGTAAATGAATTTTCAGCAAATGATCTTTTTGAATGTAATAAATTAGTTTTTGAATTG","Pf3D7_11_v3-1294664-1294910-1A.10","9A40A86G152T159A",647,0.984779299847793,3
"IM-23-122-GLML","8039832113","Maziba","Pf3D7_08_v3-585993-586266-1A","TGTAAATATAAATCATACGTATGACATGTATCATCATTTAATGCATTCTTAATTGTTAATGCTAATCTACTTACAATAATATAAGCAAAGTTTATATGAGAATGAATACCTTCTTTTCCTAAAAAGTTATAAAGACTAACAAATGGAGCATATATTATAAATTTATCATACTTTTTTTTGTGCATAACTTCATTTAATAAAATATTT","Pf3D7_08_v3-585993-586266-1A.2","29T171+10N",311,0.96583850931677,2
"IM-23-122-GLML","8039832113","Maziba","Pf3D7_13_v3-911757-912005-1A","GAGCCAACAATTTGATTTTCCACAACTTACTGAATCTTTAAAACATTGTGAACAGGTATCTGACATTTTTTTATTATCTTTGGCTAGTTCCTTTTGAACACATTCCATAGTACTATCACCTGAACCTAAGTTATCAACAGAACATTTTAATAATATACTAAAAAATTTATTGCTAGGAGAAAGTTGTAAA","Pf3D7_13_v3-911757-912005-1A.1","65+9N159+8N",17,0.0412621359223301,2
"IM-23-122-GLML","8039832113","Maziba","Pf3D7_08_v3-1375205-1375450-2","ACAAAAGTACGGAGGCAAAAACGGCAGCGGATAATACTTTATTTTTTGAGAAGGAAACCATTTTTATTAAATAACTATATAAATAGAAAAAGAAATAATAACAAAAATGTATAAATATAATTGTATAATATATGATATATATAAAATATAGAATACTAATTTTTTGCATATACAAAAAA","Pf3D7_08_v3-1375205-1375450-2.1","41+8N159+8N173+7N",97,1,1
"IM-23-122-GLML","8039832113","Maziba","Pf3D7_08_v3-1099719-1099977-1A","AAAAAATAAAAAATCAAACAAGATAAATAATAATGTATATAATACTAGTGGTATAAAAAATAATGATCAAAATATGGATAATATGAATCAAAAAGGAAAAAGTAACAAAAATTCAAATAAATATAATTTTGATGAAGAGGATTTATGGTTTTTATGTGATTTATGTAATAATCCTATAAGTCCGTTATGTTA","Pf3D7_08_v3-1099719-1099977-1A.4","1+14N54+8N97A",156,1,1
"IM-23-122-GLML","8039832113","Maziba","Pf3D7_13_v3-1350855-1351093-1A","TCTTTTATATTAGTTGTTTCGTTATTTTCATTATGTTCCATATTTTGGTTATTTGTATATTTTATATTTTTTAAAAATTGGTAAATATATTCAGAGATGAAAGGTGTAAAAGGGGCCATAATTATTGTAAACAAATATAATGTTCTACATAAAACATTTAATGATTGGTGAGT","Pf3D7_13_v3-1350855-1351093-1A.2","66+8N93A",6,0.019047619047619,2
"IM-23-122-GLML","8039832113","Maziba","Pf3D7_14_v3-2020604-2020849-1A","CAAGAACATGAATATTTCTGTAAATACATAGACAAGTCCTCATTATGTCTTATCACAGGGTGCTCTTTTTTAATATGACAATATAATTTTATATGTTTTATTATTTCTTGATGAATTTCACATAATAAAAATAATGTGTGATTCATATGTTGACTACTCAATATAGAAAAGCCACTAACTAATTG","Pf3D7_14_v3-2020604-2020849-1A.5","65+8N158T",287,0.996527777777778,2
"IM-23-122-GLML","8039832113","Maziba","Pf3D7_13_v3-1233093-1233332-1A","TCTATATGATCCTTATTTTTATCTTCATCACATTTATAATTTACATAATTTTCGACGTCATCATTTTCATTATTACTCATAATTGAATTATCCACAATGTTTGCCTCTTTTACAGCTTTACAAAGTTGGTAAAAAATATGATAATTCCTTTCACCTTCTTGTTGATCACACACCCGAACC","Pf3D7_13_v3-1233093-1233332-1A.1","130+8N",284,0.965986394557823,2
"IM-23-122-GLML","8039832113","Maziba","Pf3D7_14_v3-120101-120365-1A","TTTTACAACATTATTTTTTTCTTCCTCCTCAGATAAAATAGGTACACATATCGCGTCCTTATCACATCCTCCATTGTTTACCTTACAATGTTCTTCGCATTCGAAATTTTTTTCAGGATTACTTGAAAAGCCTTCTGGACAATTACAATATTCATATCCATGAGCATTCTTACAAACACCTTTTCCACAATTTAAAA","Pf3D7_14_v3-120101-120365-1A.1","13+9N106+9N165C",4,0.027027027027027,2
"IM-23-122-GLML","8039832113","Maziba","Pf3D7_13_v3-1465901-1466157-1A","CATAAAGGGTCCGATAACATTTTTTACATTTTCCCATGCAGAATCAGCATACAAGTTACATTTACCATCTGATGGATGACAACCTACAAGAAATCTGTTGAAAGCTACATTAATACCTTGTCCAATACCAAAAACAGCTATTTTAACACCACGATCATTTAATTTTCTTGATTCTTTTAATGAATCTTGAATACTAT","Pf3D7_13_v3-1465901-1466157-1A.1","19+8N158T",2,0.00615384615384615,2
"IM-23-122-GLML","8039832113","Maziba","Pf3D7_03_v3-891553-891827-1A","CAAGAGCTAAGAAAACATATAGAATTATCATAAGGATGTTGATAATATAAATGTGTTTTTATTTGTGTATTTATGTCAGAATATTGTTCCTTCGATTTATCTTTAAAATAATCAAGATTATTTATGTTGGTGGCTTTATTATTATTAAAATAATTTTGATTTGTTACATGATGACTATGGGTATATTTGTATTTTACGTTTTTATTA","Pf3D7_03_v3-891553-891827-1A.3","26T93C116G178T",100,0.99009900990099,2
"IM-23-122-GLML","8039832113","Maziba","Pf3D7_07_v3-1066661-1066903-1A","TATAGTTTTGTAATTTATTGGTATGTGTTGTTAAAGGAGAATTTTTTTAATATCCCTTGTCATGGGCAAAATGAGAAAAAAGAAATAAAAAACTTTTATGTTCAACATGAAGATATTTGTGAACACACTATTGGTAATCATATGTTAGGTGATAAATTAAAAATGTGTACATCTAATATTAATG","Pf3D7_07_v3-1066661-1066903-1A.1","4A41+9N75+8N86+8N",472,0.979253112033195,2
"IM-23-122-GLML","8039832113","Maziba","Pf3D7_06_v3-416462-416720-1A","AAGAGAAAATGGACATTGTGGAGAATATAAAAAATAGAGGAAAGGAAAAAACAGAATTAACATATAAAGAAGTATATAAAACACAACAGAATCAAAATGATGCAAGTTTAAATTCATTTTGGGGTGATGAAAAAAAAAATAATAATTATGATATAGATATAGTAAAAGAGAAATATAGTGAGTTAATGAAAAAAAAAGAA","Pf3D7_06_v3-416462-416720-1A.2","3+8N28+8N45+8N129+12N188+11N",246,1,1
"IM-23-122-GLML","8039832113","Maziba","Pf3D7_04_v3-115455-115684-1A","TATTAATGTCATTTTGTTTTTCTTTATTATTATTATTTTTATTTTTTCCCTGGTTATCTTCCTTATTACCTAGCTTTTTTTTGTTGTCATTATTTTCTGTCTGATTATTATTTTTGACTTTGTTCATCTTTGAATTATCCGTTCTGTTTGTATGTCTCAAGCAAGGT","Pf3D7_04_v3-115455-115684-1A.1","24+25N74+10N",1,0.00185185185185185,3
"IM-23-122-GLML","8039832113","Maziba","Pf3D7_08_v3-1375025-1375284-1B","CAAGTTATTGTTAAATTCGGAGTTATTCTATAAAAATGAAAAATCATTTAAAAATGTAAAAATGTACATATATATATATATATATATAATATTATTATATGTATTTTTATAAGTAAGTGTTATATTTATTTATATTTGCAATTAAAATACTTACGTTATCTAACAAAAGTACGGAAGCAAAA","Pf3D7_08_v3-1375025-1375284-1B.10","10G17T22G33D=TA39+8N58+8N66G67+53N132G134A136G139T151A168A195A",3,0.142857142857143,3
"IM-23-122-GLML","8039832113","Maziba","Pf3D7_08_v3-585703-585949-1A","AAACACATCATCAAAAGTTTCTGATATTGGCTTGTTTGATTCTTTATATTTAAAATCTTTATATAAATAAAATCTATCTTTCTTAAAATATGGATCTTTACGTACTTCAATCGAATCACTATCAGTTACAATATTTATATCTTTTAATGTTAAGTGGAAATTAGAATCAATAATAGCTA","Pf3D7_08_v3-585703-585949-1A.1",".",7,0.0235690235690236,2
"IM-23-122-GLML","8039832113","Maziba","Pf3D7_13_v3-1724895-1725166-1B","CGCCATTTTCTCCTCCTGTAATTATATAAGAATCTGACAATGTGGCAGCTCCAAAATTCATTTTTTTCTCTGGTACACCATTTAGAAATTGCCATCTTTTATTAAATGGTTGATATTGTTCAACGGAATCTAATATGTTATGTTCATTATCAATACCTCCAACAACATATATTTGATTAAGGTAATTAAAAGCTGCTCCTGAACTTCTAG","Pf3D7_13_v3-1724895-1725166-1B.1","60+9N",116,1,1
"IM-23-122-GLML","8039832113","Maziba","Pf3D7_13_v3-1350855-1351093-1A","TCTTTTATATTAGTTGTTTCGTTATTTTCATTATGTTCCATATTTTGGTTATTTGTATATTTTATATTTTTTAAAAATTGGTAAATATATTCCGAGATGAAAGGTGTAAAAGGGGCCATAATTATTGTAAACAAATATAATGTTCTACATAAAACATTTAATGATTGGTGAGT","Pf3D7_13_v3-1350855-1351093-1A.1","66+8N",309,0.980952380952381,2
"IM-23-122-GLML","8039832113","Maziba","Pf3D7_13_v3-1725379-1725652-2","ATTATTTCTTCTAGGTATATTTAAATTACTTGAAACATACCATACATCTCTTAAACGATCATACACCTCAGTTTCAAATAAAGCCTTATAATCATAGTTATTACCACCAAAAACGTATAAGAAATTATTCAATACAGCACTTCCAAAATAAGCTTTTTTGGTAGACATAGGTGTACACATACGCCAGTATTGTTGACTAATATCTAATAATTCCA","Pf3D7_13_v3-1725379-1725652-2.2","153+8N188T",166,1,1
"IM-23-122-GLML","8039832113","Maziba","Pf3D7_13_v3-935613-935884-1A","CAAAATAATATGAATAGTAATAGTAATAGTTATAATAATTTTAATATAACAGATAGAAGTAAAGAAATAAAAAAAGATTATAAAAGAAACAAAATTTTAATAGTTATTAATAATATTAATACAAATCATATTTTATTATTAAATGAAAGTGTTATAAAAAAAAAAATACTTACATTTTATCTAGATCTTTTTTTTGATGATAATGAACAAAT","Pf3D7_13_v3-935613-935884-1A.2","68+11N155+13N187+10N",292,1,1
"IM-23-122-GLML","8039832113","Maziba","Pf3D7_13_v3-1146764-1147010-1A","AAATTTTCTCCTAAAGTTATGCCTTTGTTAATGAAGGAGAAGAACGTGAAACATAAAGCACCTCCTAAAGGTACTATAAAGCATACGCTAGAATATTTAAAAAGAGCAGGAGAATCAAGAATGAAAGAAAATGAATTATACAAATCAAAAAAAGATAGCACACTTAGTTCAATTGCAATTAGAAAAAATTCC","Pf3D7_13_v3-1146764-1147010-1A.1","64C110G146+9N182+8N",9,0.023936170212766,2
"IM-23-122-GLML","8039832113","Maziba","Pf3D7_14_v3-1038300-1038538-1A","ATTAATGATTTATACACTTCAACTACACTTTTTAATTTAGCCCATACAATTAATAAAGCTCTACGATAAATTTCTTTTTTATTTGATTTAGAAAAAGGAGAAAACCATTGAAACTTTTTGGCTAGATATTTATGGTCTTTATCAAAAATATATTCTGAAACTTCATCTTCTAGAAGT","Pf3D7_14_v3-1038300-1038538-1A.1","74+8N",240,1,1
"IM-23-122-GLML","8039832113","Maziba","Pf3D7_13_v3-1726174-1726408-2","TTTCTAATTCTTTGTACAATCGTACTCTTTCCATTTCTAGTTCTTTCTTATCTTTAAATAATTTATCTTTTTCTCGAATAAAATTCATTTGTGTCTTTTTTAACCAATTAATAAATGTAATTCTTAAATCACCTACCATATTTTCAAAATCACTAGCATCACTTAAT","Pf3D7_13_v3-1726174-1726408-2.1","95+8N",581,1,1
"IM-23-122-GLML","8039832113","Maziba","Pf3D7_04_v3-1113397-1113639-1A","GATTCTGCATGCAGTAATGAATCTATTGAAATCATCTAAGAATAAACTTTTTTGTTTAAACCATTTATTGAACATTTCACTTAAATGTGATTCAATTTTTTTTTCTGAGCTTTCCATAATTTGATTACAACTATTCAATTTGTTTGTATAAGTTTTAGGTCTTATTATTCTTTTACGTTTTAAATCATC","Pf3D7_04_v3-1113397-1113639-1A.2","47+8N95+11N",384,0.987146529562982,2
"IM-23-122-GLML","8039832113","Maziba","Pf3D7_12_v3-857050-857323-1A","ATATAATTTTAAGATGTCCTATCAAGACGTTCAGGAAAAAAAAAATGAAGATATAAATTATGATGAAATAGCTAGCAGCATGCTAGAGAAGATGGACAAACATATAAATGGAGAAAAACAACCAACGATACATTATGAAAATTTAAATGTACAAGAGCAAGAGGGAGCACATGCTTATTACTCAAATCAAGATATAAATAACATAAATA","Pf3D7_12_v3-857050-857323-1A.1","35+12N",5,0.0268817204301075,2
"IM-23-122-GLML","8039832113","Maziba","Pf3D7_07_v3-403487-403750-2","AGGTTCTTGTCTTGGTAAATGTGCTCATGTGTTTAAACTTATTTTTAAAGAGATTAAGGATAATATTTTTATTTATATTTTAAGTATTATTTATTTAAGTGTATGTGTAATGAATAAAATTTTTGCTAAAAGAACTTTAAACAAAATTGGTAACTATAGTTTTGTAACATCCGAAACTCACAACTTTATTTGTATGATTATGTTCTTT","Pf3D7_07_v3-403487-403750-2.1",".",207,1,1
"IM-23-122-GLML","8039832113","Maziba","Pf3D7_08_v3-1375025-1375284-1B","CAAGTTATTATTAAATGCGGAATTATTCTATATAAAAATAAAAAAGCATTTAAAAATGAAAAAATTTATATATATACAATATATAAATATATATATATATATATATATATATTATTATTATATGTATTTTTATAATTGAATGATATATTTATTTCTATTTGCAATTAAAATGCTTACGTTATCTAACAAAAGTACGGAGGCAAAA","Pf3D7_08_v3-1375025-1375284-1B.21","39+8N58+8N67+53N",7,0.333333333333333,3
"IM-23-122-GLML","8039832113","Maziba","Pf3D7_13_v3-156456-156685-1A","ATTATATGATATTTATATAAAATTAGAAAATCTAATTTTAGAAAAAATAACTGAAAGTATATACAATAGTACACCTCCATATAGAGTTATTATGTTCGAATTAATGACCAGATTGTTTCGATTTTATACAAAACCAATAGACCTTATTATTACTATGAATACAC","Pf3D7_13_v3-156456-156685-1A.2","41+8N115G",125,1,1
"IM-23-122-GLML","8039832113","Maziba","Pf3D7_13_v3-852647-852921-1A","TACGAAATGATGAATTAAAAGAATTAACATTTATGAAAAATAAAGAAAATAGGAATGCAGATACATATGTTTTTCATTATCCTAAAAAAGAGAAATATGACCAATTAGTTTTTGAATTACGTAAACATAATTTTAATATAACAAGCATTAATACATATAAAAAACTAACAAATGAAACATCATCACAAAAAGAAGAAAATGCTTCTATAATAAGTT","Pf3D7_13_v3-852647-852921-1A.3","75C83+8N149T158+8N",167,1,1
"IM-23-122-GLML","8039832113","Maziba","Pf3D7_13_v3-1146764-1147010-1A","AAATTTTCTCCTAAAGTTATGCCTTTGTTAATGAAGGAGAAGAACGTGAAACATAAAGCACCTCCTAAAGGTACTATAAAGCATACGCTAGAATATTTAAAAAGAGCAGCAGAATCAAGAATGAAAGAAAATGAATTATACAAATCAAAAAAAGATAGCACACTTAGTTCAATTGCAATTAGAAAAAATTCC","Pf3D7_13_v3-1146764-1147010-1A.2","64C146+9N182+8N",367,0.976063829787234,2
"IM-23-122-GLML","8039832113","Maziba","Pf3D7_14_v3-2004362-2004606-1A","TATTTCCATATTATTGTAATAGGGCTTTTTCTTGCTCTTCTAATTTTTGTATATCTTGCTTATCCTTATCTAATTGTCCAAGAGCATCTAATTCATCATCTACATTTATTTTATTTTCTTGAGAATATTCTTCAATTTTGTCTTCGAAACTGTTATATAATCTATTTATAATTGGTTG","Pf3D7_14_v3-2004362-2004606-1A.4","88C98A",167,1,1
"IM-23-122-GLML","8039832113","Maziba","Pf3D7_13_v3-1265494-1265726-1A","TGTCATATACAGATTATAAAAATGATCATAGAATAAGCGAAATCTTAAATCGTTGTATTTTACGATTAAACGAGTTTGATCTAATTCATTTATCTTCTTTGGTCATATCTTTAAGTAAAATGAATTTTAGGAGTGTGTATTTTCAGGAACAAGTACAAAAGAAATT","Pf3D7_13_v3-1265494-1265726-1A.3","145A",569,1,1
"IM-23-122-GLML","8039832113","Maziba","Pf3D7_14_v3-2020604-2020849-1A","CAAGAACATGAATATTTCTGTAAATACATAGACAAGTCCTCATTATGTCTTATCACAGGGTGCTCTTTTTTAATATGACAATATAATTTTATATGTTTTATTATTTCTTGATGAATTTCACATAATAAAAATAATGTGTGATTCATATGTTGACTACCCAATATAGAAAAGCCACTAACTAATTG","Pf3D7_14_v3-2020604-2020849-1A.6","65+8N",1,0.00347222222222222,2
"IM-23-122-GLML","8039832113","Maziba","Pf3D7_08_v3-399693-399961-1A","CTTTTCTTCACCTTGGTTTATTACATTATTATTTTCATCATTGTGTTGAATGTCCTTATAAATATGTTCATTAATAATATCTTTGGAAGTATCTTCCATATTTTCTTCTTTATCAATTTTAAATACTTTTTCATAACTTTCATTTTCTTTTTTCTCCTTGGATGTTTCTAATTTATTCTCGTCATTTTTATCAAAATTATTTTTATAACTTTCA","Pf3D7_08_v3-399693-399961-1A.1","147+8N",249,1,1
"IM-23-122-GLML","8039832113","Maziba","Pf3D7_06_v3-145285-145531-1A","TCAACAAAAGCTGATGAATCATCATAATTTGAATAAAATTTATCATTCACAATATTATATTTTTGTTTCTTCTTTTTTCCCATAATATTATTATTTTGTTCACAATATATGTTCATGTGTCCCCTCTTTTTCTGTAAAATATTAAAATGTTTCTTACTATGCTTTTCTTCATTTTTAATAACA","Pf3D7_06_v3-145285-145531-1A.1","72+8N165T",525,0.98314606741573,2
"IM-23-122-GLML","8039832113","Maziba","Pf3D7_14_v3-1166107-1166371-1A","TTTTTGAATTATTAAATATATCTTCTATAAAAAAAGAATATCAAGCTATACATAACAATAAGTATTTTTTATGGAATATGGATGCAGATTTTTTTACTATAAAAAATCATCATAAGGATAATAAGGATAACAATGATGAAAATGTGAATGTAATAATACAACAAAATAATTTAGTTCTAGAAAAATATGATCATTTAATAGA","Pf3D7_14_v3-1166107-1166371-1A.2","28+9N64+8N88+9N100+8N179A",183,0.994565217391304,2
"IM-23-122-GLML","8039832113","Maziba","Pf3D7_14_v3-120101-120365-1A","TTTTACAACATTATTTTTTTCTTCCTCCTCAGATAAAATAGGTACACATATCGCGTCCTTATCACATCCTCCATTGTTTACCTTACAATGTTCTTCGCATTCGAAATTTTTTTCAGGATTACTTGAAAAGCCTTCTGGACAATTACAATATTCATATCCATGAGTATTCTTACAAACACCTTTTCCACAATTTAAAA","Pf3D7_14_v3-120101-120365-1A.2","13+9N106+9N",144,0.972972972972973,2
"IM-23-122-GLML","8039832113","Maziba","Pf3D7_07_v3-403479-403716-1B","TTAGGTGGAGGTTCTTGTCTTGGTAAATGTGCTCATGTGTTTAAACTTATTTTTAAAGAGATTAAGGATAATATTTTTATTTATATTTTAAGTATTATTTATTTAAGTGTATGTGTAATGAATAAAATTTTTGCTAAAAGAACTTTAAACAAAATTGGTAACTATAGTTTTGTAACATCCGA","Pf3D7_07_v3-403479-403716-1B.1",".",224,1,1
"IM-23-122-GLML","8039832113","Maziba","Pf3D7_13_v3-156713-156986-1A","TCCTTTTATGTGAACAAATTAAATATTGTAAATGATTTCTTTTTTGGAACACACCATAAAGATACACCTCAAGACAGTCAAAATGAACACAAAACGGATGAACCTAAAATACATAATGTTTTCAAAAAAAAAAATAACGATATCTTTGTTAATATTCCTCTACCAAAAATATTTAAAAATTTCTTACATTCCATATATTTTAGAACTCC","Pf3D7_13_v3-156713-156986-1A.1","39+8N47G50C68C123+13N",164,0.987951807228916,2
"IM-23-122-GLML","8039832113","Maziba","Pf3D7_13_v3-146695-146934-1A","AAAGTATTTGTAATAGATTGAACGATGAACTAAATGAAGAAATATGTGGTTATCAAATTAGGTTTGAAAAATCGTATTTTTTAAAACATAGTAAAATTAAAGTTATGACAGAAGGAATTTTATTGAAAGAAATTATGAGTGATTTTATTTTATCAAAATATAGTGTTATCATTCTTGA","Pf3D7_13_v3-146695-146934-1A.1","20G76+8N170C",600,0.995024875621891,2
"IM-23-122-GLML","8039832113","Maziba","Pf3D7_06_v3-145285-145531-1A","TCAACAAAAGCTGATGAATCATCATAATTTGAATAAAATTTATCATTCACAATATTATATTTTTGTTTCTTCTTTTTTCCCATAATATTATTATTTTGTTCACAATATATGTTCATGTGTCCCCTCTTTTTCTGTAAAATATTAAAATGTTTCTTAGTATGCTTCTCTTCATTTTTAATAACA","Pf3D7_06_v3-145285-145531-1A.2","72+8N157G",9,0.0168539325842697,2
"IM-23-122-GLML","8039832113","Maziba","Pf3D7_13_v3-911757-912005-1A","GAGCCAACAATTTGATTTTCCACAACTTACTGAATCTTTAAAACATTGTGAACAGGTATTTGACATTTTTTTATTATCTTTGGCTAGTTCCTTTTGAACACATTCCATAGTACTATCACCTGAACCTAAGTTATCAACAGAACATTTTAATAATATACTAAAAAATTTATTGCTAGGAGAAAGTTGTAAA","Pf3D7_13_v3-911757-912005-1A.3","60T65+9N159+8N",395,0.95873786407767,2
"IM-23-122-GLML","8039832113","Maziba","Pf3D7_14_v3-1166107-1166371-1A","TTTTTGAATTATTAAATATATCTTCTATAAAAAAAGAATATCAAGCTATACATAACAATAAGTATTTTTTATGGAATATGGATGCAGATTTTTTTACTATAAAAAATCATCATAAGGATAATAAGGATAACAATGATGAAAATGTGAATGTAATAATACAACAAAATAATTTAGTTCTCGAAAAATATGATCATTTAATAGA","Pf3D7_14_v3-1166107-1166371-1A.1","28+9N64+8N88+9N100+8N",1,0.00543478260869565,2
"IM-23-122-GLML","8039832113","Maziba","Pf3D7_13_v3-1233093-1233332-1A","TCTATATGATCCTTATTTTTATCTTCATCACATTTATAATTTACATAATTTTCGACGTCATCATTTTCATTATTACTCATAATTGAATTATCCACAATGCTTGCCTCTTTTACAGCTTTACAAAGTTGGTAAAAAATATGATAATTCCTTTCACCTTCTTGTTGATCACACACCCGAACC","Pf3D7_13_v3-1233093-1233332-1A.2","100C130+8N",10,0.0340136054421769,2
"IM-23-122-GLML","8039832113","Maziba","Pf3D7_08_v3-550057-550318-2","ACTATTTGATATTGGATTAGGATTTGCGAAGAAACATGATCAATCTATTAAACTCTTACAAAATATACATGTATATGATGAGTATCCACTTTTTATTGGATATTCAAGAAAAAGATTTATTGCCCATTGCATGAATGATCAAAATGTTGTAATAAATACACAACAAAAATTACATGATGAACAACAAAATGAAAATAAAAATA","Pf3D7_08_v3-550057-550318-2.1",".",267,1,1
"IM-23-122-GLML","8039832113","Maziba","Pf3D7_08_v3-1386795-1387043-1B","TCCTTTGTCGCAGCATGCCTTTCATTAGCTGCTATAGCTTGTGTTATCTTAACTTCATTATAAAAAAAATATACTTCGATAAAAGGTACATATACCATGCTGGTCAATGATATTAGCATGCGACATTCTAATATATCCATTATGAACAAGGTGAACAAGAATATTGGGATTATTGAAATTGTCTGCATTA","Pf3D7_08_v3-1386795-1387043-1B.1","61+10N",108,1,1
"IM-23-122-GLML","8039832113","Maziba","Pf3D7_06_v3-176108-176338-1A","ATTATTATTATTATTATTATGATGATGATGATGATGATGATCTGTGTTAAGATCATCTTCTATACCATTAGTTAAACATTTTATATTTTTATTCATATAAACATTAATCTTCACAACAGATTTATCAGATCTAGAAAATCTTGTACCTGTTGCTTTATGTAACAATAT","Pf3D7_06_v3-176108-176338-1A.5","1+38N",2,0.00869565217391304,2
"IM-23-122-GLML","8039832113","Maziba","Pf3D7_14_v3-137398-137668-1A","ACCATTCATATTTTCTAGGTTTGTTTAACCAATTACATATATATAATATATTACAAAATAATTGTTTTAATAATATATGTTTAGTTAATATTAATTCAATACTACTTAATTTATTTCTTATATTTTTTAAAAGATCTTCATAAACAAAATCAAAATTATCTATTAATAATAAATAACCAAATCTTTTATGCACATTTTTTATTC","Pf3D7_14_v3-137398-137668-1A.1","122+8N191C194+8N",60,1,1
"IM-23-122-GLML","8039832113","Maziba","Pf3D7_13_v3-958247-958510-1B","TTTATATTATCTGTAATATGCACATTTTGTATAATATTATCAATATTTGTAGCATTTTGACCGTATGTTTCATTTTCATCGTATGTTCCATTTATATTGTATGTTTCATTTTCATCGTATGTTCCATTTATATTGTATGTTCCATTTTCATCGTATGTTCCATTTATATTGTATGTTCCATTTTTATCATATGTTATGTCCACAT","Pf3D7_13_v3-958247-958510-1B.2",".",168,1,1
"IM-23-122-GLML","8039832113","Maziba","Pf3D7_14_v3-1392837-1393086-1A","ACATGTATTGTCCCCAGCATGAATCGGGTGATAAATATTATCAAGCGTATCAAAAAATGGATTGTAATTATTACTACTATTCATATCATTATTTTTTGTGGTGGTGGACTGTGAAATGTTTTCCTTATGATTTTGACTTGTGTGTATATCCCTACCAACAATATATTCAACATTATTATTATCAAAAA","Pf3D7_14_v3-1392837-1393086-1A.3","51+8N91+8N162T",326,1,1
"IM-23-122-GLML","8039832113","Maziba","Pf3D7_08_v3-549583-549807-1B","ACGTGCTGTTCAAAGAATGTTTGAAATGATAAATGAAGGTGCTAGTGTTATAGATATAGGTGGAGAATCCTCTGGTCCTTTTGTTATACCTAATCCAAAAATTAGTGAAAGAGATTTAGTAGTACCTGTATTACAATTATTTCAAAAAGAATGGAATGATATAAA","Pf3D7_08_v3-549583-549807-1B.1",".",296,1,1
"IM-23-122-GLML","8039832113","Maziba","Pf3D7_13_v3-1041593-1041860-1AB","CAAGATTGAAGTATTACATATCTCAGAAATTAAATGTATGCCCAAGAGATGTAAATGCACACATTGTAGGTGCTCATGGAAATAAAATGGTTCTTTTAAAAAGATACATTACTGTAGGTGGTATCCCTTTACAAGAATTTATTAATAACAAGTTAATTTCTGATGCTGAATTAGAAGCTATATTTGATAGAACTGTTAATACT","Pf3D7_13_v3-1041593-1041860-1AB.1",".",249,1,1
"IM-23-122-GLML","8039832113","Maziba","Pf3D7_08_v3-585703-585949-1A","AAACACATCATCAAAAGTTTCTGATATTGGCTTGTTTGATTCTTTATATTTAAAATCTTTATATAAATAAAATCTATCTTTCTTAAAATATGGATCTTTACGTAGTTCAATCGAATCACTATCAGTTACAATATTTATATCTTTTAATGTTAAGTGGAAATTAGAATCAATAATAGCTA","Pf3D7_08_v3-585703-585949-1A.4","105G",290,0.976430976430976,2
"IM-23-122-GLML","8039832113","Maziba","Pf3D7_08_v3-549960-550215-1B","GATGAACTAACAAATTATGATAATCTAGTTTATGATATAAAAAATTATTTAGAACAAAGATTAAATTTTCTTGTATTAAATGGAATACCTCGTTATAGGATACTATTTGATATTGGATTAGGATTTGCGAAGAAACATGATCAATCTATTAAACTCTTACAAAATATACATGTATATGATGAGTATCCACTT","Pf3D7_08_v3-549960-550215-1B.1","4G38+8N",177,1,1
"IM-23-122-GLML","8039832113","Maziba","Pf3D7_14_v3-1956056-1956330-1B","CTAATTTTTTTTCTCCACTTTGTAATTTTTATTGTTGAATATATATATAAAGTTAAACCTATAAATAATACACTACCTAATAAACTATTCTTATATTTAAAAATAAATATAACACATGTTATTAATCCTTCTATTGTTGCCGGAATAATATACATTAAAACAGAACTCATCAAATTATTAGCACTCTCGGTACCTCTATCAACTATTCTCA","Pf3D7_14_v3-1956056-1956330-1B.1","4+10N113C",155,0.95679012345679,2
"IM-23-122-GLML","8039832113","Maziba","Pf3D7_08_v3-1386786-1387035-2","TTGTCTCCTTTGTCGCAGCATGCCTTTCATTAGCTGCTATAGCTTGTGTTATCTTAACTTCATTATAAAAAAAATATACTTCGATAAAAGGTACATATACCATGCTGGTCAATGATATTAGCATGCGACATTCTAATATATCCATTATGAACAAGGTGAACAAGAATATTGGGATTATTGAAATTGT","Pf3D7_08_v3-1386786-1387035-2.1","66+10N",245,1,1
"IM-23-122-GLML","8039832113","Maziba","Pf3D7_08_v3-336421-336651-1A","TAACAACGAACCCATAAATTTACAGAAAAATTTAGATTTAATCATATGGCTAAAAAAGAATATAAAAGAAGGAGAAGCTTTAATTTCTGATATACCTACATCAAGTTTTTTAAGGTGTACTACAAATTATAAATTTGTATTGCATCCCCAATATGAAGATAGT","Pf3D7_08_v3-336421-336651-1A.3","51+8N97T105+8N148C",379,1,1
"IM-23-122-GLML","8039832113","Maziba","Pf3D7_08_v3-585993-586266-1A","TGTAAATATAAATCATACGTATGACATGAATCATCATTTAATGCATTCTTAATTGTTAATGCTAATCTACTTACAATAATATAAGCAAAGTTTATATGAGAATGAATACCTTCTTTTCCTAAAAAGTTATAAAGACTAACAAATGGAGCATATATTATAAATTTATCATACTTTTTTTTGTGCATAACTTCATTTAATAAAATATTT","Pf3D7_08_v3-585993-586266-1A.1","171+10N",11,0.0341614906832298,2
"IM-23-122-GLML","8039832113","Maziba","Pf3D7_07_v3-1149367-1149613-1A","TATTTGACTAGTCGAATAATATTTAATATTTTTGTTTAGGAAGTTTTCAAAATTGATGACATTGATAACCGTTTTTATTAAATCGCTTGGGTTGTTTGTGTGTTCTATAGTAGAAGACATAATTTTAAGAATGTGTTTTTGTGTTATTAAACAAAACTTTGTTACTATATGGAATCGTATGTTAT","Pf3D7_07_v3-1149367-1149613-1A.1","106T109A",548,1,1
"IM-23-122-GLML","8039832113","Maziba","Pf3D7_04_v3-115455-115684-1A","TATTAATGTCATTTTGTTTTTCTTTATTATTATTATTTTTATTTTTTCCCTGGTTATCTTCCTTATTACCTAGCTTTTTTTTGTTGTCATTATTTTCTGTCTGATTATTATTTTTGACTCTGTTCATCTTTGAATTATCCGTTCTGTTTGTATGTCTCAAGCAAGGT","Pf3D7_04_v3-115455-115684-1A.2","24+25N74+10N120C",9,0.0166666666666667,3
"IM-23-122-GLML","8039832113","Maziba","Pf3D7_14_v3-1956056-1956330-1B","CTAATTTTTTTTCTCCACTTTGTAATTTTTATTGTTGAATATATATATAAAGTTAAACCTATAAATAATACACTACCTAATAAACTATTCTTATATTTAAAAATAAATATAATACATGTTATTAATCCTTCTATTGTTGCCGGAATAATATACATTAAAACAGAACTCATCAAATTATTAGCACTCTCGGTACCTCTATCAACTATTCTCA","Pf3D7_14_v3-1956056-1956330-1B.2","4+10N",7,0.0432098765432099,2
"IM-23-122-GLML","8039832113","Maziba","Pf3D7_14_v3-106867-107115-1A","AATGACATGAACAAGTCAGGCGAAAAAGAGGAACATGTTATAAATAGTAAATGGAAAAATAAATTTTTCCATGAAGTAATACAAAATATGTTATATGATGATAATATAAATGATCATAAGGAAGAAATTAAGGAAGATAATTCTAATGAATATAATATCAATAATAAAAATGATAATTTATATGATATA","Pf3D7_14_v3-106867-107115-1A.1","78A",194,1,1
"IM-23-122-GLML","8039832113","Maziba","Pf3D7_07_v3-1066661-1066903-1A","TATGGTTTTGTAATTTATTGGTATGTGTTGTTAAAGGAGAATTTTTTTAATATCCCTTGTCATGGGCAAAATGAGAAAAAAGAAATAAAAAACTTTTATGTTCAACATGAAGATATTTGTGAACACACTATTGGTAATCATATGTTAGGTGATAAATTAAAAATGTGTACATCTAATATTAATG","Pf3D7_07_v3-1066661-1066903-1A.2","41+9N75+8N86+8N",10,0.020746887966805,2
"IM-23-122-GLML","8039832113","Maziba","Pf3D7_07_v3-105172-105442-1A","GACTACTAACAGAGTGACTACCTACGCTATGTTGAGATGAATTGCTTCCATTTGAATTACTTCCAGATAGGTGATTTTCTGTTCTTCCATCTGAATTGTTTTTATATAATTGACTTTCCTTTTGTCCATCTAAATTATGCACTGCACTATGAGTTCCTTCACCCAAATTATTACTGTTTGTTGTATCATCATTTAAATCAAATCCATTTCTT","Pf3D7_07_v3-105172-105442-1A.9","44G52T83T",4,0.0347826086956522,3
"IM-23-122-GLML","8039832113","Maziba","Pf3D7_12_v3-857050-857323-1A","ATATAATTTTAAGATGTCCTATCAAGACGTTCAGGAAAAAAAAAATGAAGATATAAATTATGATGAAATAGCTAGCAGCATGCTAGAGAAGATGGACAAACATATAAATGGAGAAAAACAACCAACGATACATTATGAAAATTTAAATGTACAAGAGCAAGGGGGAGCACATGCTTATTACTCAAATCAAGATATAAATAACATAAATA","Pf3D7_12_v3-857050-857323-1A.2","35+12N162G",181,0.973118279569892,2
"IM-23-122-GLML","8039832113","Maziba","Pf3D7_13_v3-815862-816091-1A","ATGATGTAGATGCTAACACAACATCCTGGTCAGTATCTTGTGATAAATAATTTAATTTGTCCGCTAAAAAATAAAGTATAATTTCACAGCTTTTTTTATTTGTATCTGTGTTTTTCATGTTATCATAAAAAGACAAAGATGAAGTAGCACATGAGTTAATTA","Pf3D7_13_v3-815862-816091-1A.1","17C19C20A65+8N90+9N",172,1,1
"IM-23-122-GLML","8039832113","Maziba","Pf3D7_08_v3-476232-476475-1A","CAAACACATGATAAACAAAAGTGTAAGGAAAATTTTTCAAATTCATTTGTTAATGAAATATATGAAAAAGAAGAAAAAGAAACGCAAAAAATGAAAGAATATTTAGAACAACATGAAGAACATTTTTCAACGTTTAGAAATTCAATTTTATGTAAATTAAGAATAGCTGAAGAATT","Pf3D7_08_v3-476232-476475-1A.1","85+8N",274,1,1
"IM-23-122-GLML","8039832113","Maziba","Pf3D7_07_v3-105172-105442-1A","GACTACTAACAGAGTGACTACCTACGCTATGTTGAGATGAATTGCTTCCATTTGAATTACTTCCAGATAGGTGATTTTCTGTACTTCCATCTGAATTGTTTTTATATAATTGACTTTCCTTTTGTCCATCTAAATTATGCACTGCACTATGAGTTCCTTCACCCAAATTATTACTGTTTGTTGTATCATCATTTAAATCAAATCCATTTCTT","Pf3D7_07_v3-105172-105442-1A.2","44G52T",110,0.956521739130435,3
"IM-23-122-GLML","8039832113","Maziba","Pf3D7_07_v3-105172-105442-1A","GACTACTAACAGAGTGACTACCTACGCTATGTTGAGATGAATTCCTTCCATCTGAATTACTTCCAGATAGGTGATTTTCTGTACTTCCATCTGAATTGTTTTTATATAATTGACTTTCCTTTTGTCCATCTAAATTATGCACTGCACTATGAGTTCCTTCACCCAAATTATTACTGTTTGTTGTATCATCATTTAAATCAAATCCATTTCTT","Pf3D7_07_v3-105172-105442-1A.1",".",1,0.00869565217391304,3
"IM-23-122-GLML","8039832113","Maziba","Pf3D7_13_v3-1004740-1005002-1A","TTACATCGTAAAAATAATTTAAAATATTATATATATTATCTTTTCCTTTTGGGGGGTCTCTTTTCTTTATATATATATTTACATTTCTCTTCATTTTATTACATGATAAATTAATATTTAATGTACTAATATATATATTATTAATTTTTATTTTCTTCTTCTTTTTTATATTAAAACAAAATGAAGATTCTTTAA","Pf3D7_13_v3-1004740-1005002-1A.1","50+8N161+8N",24,1,1
"IM-23-122-GLML","8039832113","Maziba","Pf3D7_08_v3-412801-413062-1A","ATGAAGAAATATACGAATATATACTTATAAACGATATTTTTAATTTAAAAAAAGAAATAAAAAATTTCAATATATTAAATAAATATGATGTATTTGAATATATTATTATTATTTTAAAATTGTATGATAAAATATATCCTGATGCAGAGTACATCGAATGTGTACGAGAAACATCACAGAATGGTGACCTTTTA","Pf3D7_08_v3-412801-413062-1A.4","46+9N58+8N101+13N147G188C190T",45,0.957446808510638,2
"IM-23-122-GLML","8039832113","Maziba","Pf3D7_08_v3-412801-413062-1A","ATGAAGAAATATACGAATATATACTTATAAACGATATTTTTAATTTAAAAAAAGAAATAAAAAATTTCAATATATTAAATAAATATGATGTATTTGAATATATTATTATTATTTTAAAATTGTATGATAAAATATATCCTGATGCAAAGTACATCGAATGTGTACGAGAAACATCACAGAATGGTGATCCTTTA","Pf3D7_08_v3-412801-413062-1A.2","46+9N58+8N101+13N",2,0.0425531914893617,2
"IM-23-122-GUJH","8039832191","Maziba","Pf3D7_05_v3-796518-796759-1A","TGGTTCTTCAATTGTTCATATAAGTTCTTTATTAGTAGGTGTATATTTATGTAGTAGTAGTGCAAATGCATTTAATCAAATTATTGAAAGAAATATAGATAAGTTAATGAAAAGAACCCAAAAAAGACCCTTAGCAAATAATAATCCAAATATGTCAGTTAAACATGCTGAAATAT","Pf3D7_05_v3-796518-796759-1A.4","119+8N",68,0.265625,2
"IM-23-122-GUJH","8039832191","Maziba","Pf3D7_04_v3-133928-134154-1A","TTTTGAAATATCTAATTTATTCATTTGCCTTTTTATTTCATAGTCCCAACTACTTACCCAGGTATTAAAATTAATACAATCCTGTTCTGCATATTTTATGGCTTTTAAATCCCTCAATTTAGTAGCCCTATCTTCACAATAATCTTCTAATATTTTAAT","Pf3D7_04_v3-133928-134154-1A.2",".",113,0.348765432098765,2
"IM-23-122-GUJH","8039832191","Maziba","Pf3D7_03_v3-891553-891827-1A","CAAGAGCTAAGAAAACATATAGAATTATCATAAGGATGTTGATAATATAAATGTGTTTTTATTTGTGTATTTATGTCAGAATATTGTTCCTTTGATTTATCTTTAAAATAATCAATATTATTTATGTTGGTGGCTTTATTATTATTAAAATAATTTTGATTTGTTACATGATGACTAGGGGTATATTTGTATTTTACGTTTTTATTA","Pf3D7_03_v3-891553-891827-1A.6","26T",96,0.568047337278107,2
"IM-23-122-GUJH","8039832191","Maziba","Pf3D7_08_v3-1344618-1344845-1A","TATCTTTTCCATATATAATAACGCATGAATTCTTTAAATATATCTTTTACTTTATCTGTAAGTTTCATGGAATCTATTATTTCATCTGCATATTTTATTTTTGCCTCGTTTATATATTTACCTGCTTCTAATTTACATAAACATTTTTCTATTAAGTTTTG","Pf3D7_08_v3-1344618-1344845-1A.4","86C128C",336,1,1
"IM-23-122-GUJH","8039832191","Maziba","Pf3D7_11_v3-2001725-2001999-2","AGATGTAAGAACTAAGAATGTAAATACAAGTAAGAGAAATGAAGGACTTAATGATATAAATGAATCAGAAAAAACAAGAACAAGAAGGCCATCAACAAAATCAAATAATAATAATGTATCATACGAGAATGAATTAGAGAGTGTATCTGAATCGTTTGATAACTTTTTGGAGGATCATATGAAGGAAGGTGTTTTTTTAGATGGGGAAAA","Pf3D7_11_v3-2001725-2001999-2.2","68+8N191+9N",71,0.586776859504132,2
"IM-23-122-GUJH","8039832191","Maziba","Pf3D7_06_v3-416462-416720-1A","AAGAAAAAATGGACATTGTGGAGAATATAAAAAATAGAGGAAAGGAAAAAACAGAATTAACATATAAAGAAGTATATAAAACACAACAGAATCAAAATGATGCAAGTTTAAATTCATTTTGGGGTGATGAAAAAAAAAATAATAATTATGATATAGATATAGTAAAAGAGAAATATAGTGAGTTAATGAAAAAAAAAGAA","Pf3D7_06_v3-416462-416720-1A.1","3+8N28+8N45+8N129+12N188+11N",100,0.308641975308642,2
"IM-23-122-GUJH","8039832191","Maziba","Pf3D7_03_v3-653961-654206-1A","CTCGTACAATATTTTTATAATTTCCTTTCATCTTATTTTTTTCTTTATATTTTTTTTTTTCATATGTAAGATTTATATAATCACTTTCGCTTTTTCTAACGCTTTTGAACTTTTTAAATGTACTTCGTTCATTATTTCTAATTCTCGTAAACACAAGAATAAATATTTTGATATATCTTATA","Pf3D7_03_v3-653961-654206-1A.1","35+9N49+13N101G",64,0.182336182336182,2
"IM-23-122-GUJH","8039832191","Maziba","Pf3D7_07_v3-1043981-1044225-1A","ATAATGATATGTTATTTCATCATCAGCATCGACTTCTTTCTTATTATGTTCAAACAAATTCTTATATTTTATATTATTGCATTTTTGTCTTTCCATATTTATAAAAGATTCTATTTTCTTTTTATAATCATTCCTTTTTATATAATTACACATTCCTTCATTTTGGTTGTCATAACTCTTCT","Pf3D7_07_v3-1043981-1044225-1A.2","36+8N",402,1,1
"IM-23-122-GUJH","8039832191","Maziba","Pf3D7_05_v3-796518-796759-1A","TGGTTCTTCAATTGTTCATATAAGTTCTTTATTAGTAGGTGTATATTTATGTAGTAGTAGTGCAAATGCATTTAATCAAATTATTGAAAGAAATATAGATAAGTTAATGAAAAGAACCCAAAAAAGACCCTTAGCAAATAATAATCCAAATATGTCAGTTAAGCATGCTGAAATAT","Pf3D7_05_v3-796518-796759-1A.2","119+8N163G",188,0.734375,2
"IM-23-122-GUJH","8039832191","Maziba","Pf3D7_08_v3-1365709-1365954-1B","ATTTTCATCTTGTAATGTGTTTTTAACATTATAGCAGTAATTTTCTAGGTTGTTTCTTGCTTCAATTCTATTTTTATTTTGTTCATCCTCTTCTTTATATTTTTCTGCATCATTTACCATACGATCGATATCATCTTTTGATAATCTTCCTTTATCATTTGTAATAGTAATTTGGTTTTGT","Pf3D7_08_v3-1365709-1365954-1B.1",".",124,1,1
"IM-23-122-GUJH","8039832191","Maziba","Pf3D7_11_v3-1968050-1968296-2","TCATTACACTAGTCATGATTGGTTTAGATTATTACGCCAAGGGAATAAAGCTCAAAATTCCATTTCTCAGGAAGTAGACATATTAACGGAAAAGTATAAAAAATTAATTTCAGAGGAAGACAATAAAAAAGAAAATAACAATAATAATGATGATGAAGTAAAACCAGAACTAAAAGACAATATA","Pf3D7_11_v3-1968050-1968296-2.2","97+8N124+8N",198,0.480582524271845,2
"IM-23-122-GUJH","8039832191","Maziba","Pf3D7_04_v3-133928-134154-1A","TTTTGAAATATCTAATTTATCCATTTGCCTTTTTATTTCATAGTCCCAACTACTTACCCAGGTATTAAAATTAATACAATCCTGTTCTGCATATTTTATGGCTTTTAAATCCCTCAATTTAGTAGCCCTATCTTCACAATAATCTTCTAATATTTTAAT","Pf3D7_04_v3-133928-134154-1A.1","21C",211,0.651234567901235,2
"IM-23-122-GUJH","8039832191","Maziba","Pf3D7_06_v3-176108-176338-1A","ATTATTATTATTATTATTATGATGATGATGATGATGATCTGTGTTAAGATCATCTTCTATACCATTAGTTAAACATTTTATATTTTTATTCATATAAACATTAATCTTCACAACAGATTTATCAGATCTAGAAAATCTTGTACCTGTTGCTTTATGTAACAATAT","Pf3D7_06_v3-176108-176338-1A.1","1+38N",271,1,1
"IM-23-122-GUJH","8039832191","Maziba","Pf3D7_08_v3-1314717-1314986-1A","ATAAAAAAGAAAAAATTATTGTCAAAAGTTTTCATAGATATATATATGATGGTATTAGAAGATTTTAAAGAAGAAGAATGTAAAAAGAATAAAGAAATATTTCTTGATACTTATATAGATGAACTAAAAAAAGATTCGCAAAGTGAAAAAAATAAAAGCATGTTAAATATATTAGATGAAATAAAAAGTGATATTCATATAGGATATC","Pf3D7_08_v3-1314717-1314986-1A.3","2+15N125+9N145+9N",66,0.785714285714286,3
"IM-23-122-GUJH","8039832191","Maziba","Pf3D7_11_v3-1295103-1295335-1A","ACTACTGCTTTGTCCCATCCCAACGAAGTTGAACACAATTTTCCATGTTCATTATATAAAGATGAAATAAAGAAAGAAATCGAAAGAGAATCAAAACGAATTAAATTAAATGATAATGATGATGAAGGGAATAAAAAAATTATAGCTCCAAGAATTTTTATTTCAGATGATATA","Pf3D7_11_v3-1295103-1295335-1A.2","23A34C71A132+9N173T",240,0.597014925373134,2
"IM-23-122-GUJH","8039832191","Maziba","Pf3D7_04_v3-133581-133830-1A","CTCTCGATTATCATTACCTACTTCAGTCTTTACAATTGTAGGAGGTGTTTTAACATGATTATCCCCTCCATGAGGAGTAACCCTTAAAGGTTCTTCTTGAATATTTGGTGTCGCTTCGCCTGTTTCTGTAGAAAGGATATTTATTCTATCAACATATTCATCACCTTCTTCAACTGTACTATTTAAA","Pf3D7_04_v3-133581-133830-1A.1",".",65,1,1
"IM-23-122-GUJH","8039832191","Maziba","Pf3D7_06_v3-532166-532407-1A","AGAACAATTGCTAAACACCAAATTGGGTGAAACAAAAAACCACCTGAACAGAACCCCATTTATACCTGAATCGGTCATACGAGAAAGGAAATTACGCCAAGAAAAAGCGCAATCCACAAACAACATGTTCGATTCAACAAACGCAGATAGTATTACTTCCCCATGTGATCCAACGAATGCCACG","Pf3D7_06_v3-532166-532407-1A.1","33+8N109G157T",578,1,1
"IM-23-122-GUJH","8039832191","Maziba","Pf3D7_04_v3-1037644-1037891-1A","GAAAGAGATTTAACAGATGATGCTGTGATTTTTGCACACTCACTTTATTTACCATTTGAAAAAGAAGAAATGTGGTGGATCGTTATCGGAATTAAAAAAATGAACTTACTTTTATCTATCAAAAAATTATCTTTATTGAAAAGTATCAATAATATAAAAATTAATTTCGAATTGCCTGACA","Pf3D7_04_v3-1037644-1037891-1A.2","93+9N120+8N145A",211,0.519704433497537,2
"IM-23-122-GUJH","8039832191","Maziba","Pf3D7_07_v3-1028330-1028603-1A","TAAAGAATATTTTTATTTCTAATATTATGGCTAAAAGGAAAATTATTTAATTTCATTTTTTGTGGGTTACTTGTATCATTACAACTCATCATCATGACCATATTATTATTATTATTATTGTTGTTGTTGTTGTTGTGGTGGTTCATTACCAATAAATTTGTGTTATTATGTTCATCCTTTTTTATATTAACAATTTCATTTCTATAA","Pf3D7_07_v3-1028330-1028603-1A.2","55+8N101+36N177+8N202C",190,1,1
"IM-23-122-GUJH","8039832191","Maziba","Pf3D7_08_v3-1365750-1365999-2","TTTCTAGGTTGTTTCTTGCTTCAATTCTATTTTTATTTTGTTCATCCTCTTCTTTATATTTTTCTGCATCATTTACCATACGATCGATATCATCTTTTGATAATCTTCCTTTATCATTTGTAATAGTAATTTGGTTTTGTTTACCAGTACCTTTATCTAATGCTGTTACATTTAGGATACCATT","Pf3D7_08_v3-1365750-1365999-2.1",".",239,1,1
"IM-23-122-GUJH","8039832191","Maziba","Pf3D7_03_v3-891553-891827-1A","CAAGAGCTAAGAAAACATATAGAATCATCATAAGGATGTTGATAATATAAATGTGTTTTTATTTGTGTATTTATGTCAGAATATTGTTCCTTCGATTTATCTTTAAAATAATCAAGATTATTTATGTTGGTGGCTTTATTATTATTAAAATAATTTTGATTTGTTACATGATGACTATGGGTATATTTGTATTTTACGTTTTTATTA","Pf3D7_03_v3-891553-891827-1A.1","93C116G178T",73,0.431952662721893,2
"IM-23-122-GUJH","8039832191","Maziba","Pf3D7_04_v3-1113397-1113639-1A","GATTCTGCATGCAGTAATGAATCTATTGAAATCATCTAAGAATAAACTTTTTTGTTTAAACCATTTATTGAACATTTCACTTAAATGTGATTCAATTTTTTTTTCTGAGCTTTCCATAATTTGATTACATCTATTCAATTTGTTTGTATAAGTTTTAGGTGTTATTATTCTTTTACGTTTTAAATCATC","Pf3D7_04_v3-1113397-1113639-1A.1","47+8N95+11N130T161G",178,0.475935828877005,2
"IM-23-122-GUJH","8039832191","Maziba","Pf3D7_02_v3-503040-503288-1A","ATTATGATTAATAATAATATTTCTCATAATTTCGTTAAATACATCTAAACTATTTATAGAACCATCTATATCATCTTCATTCCTATTTTGGTGAACCGATTCGGTGTTTATAACATCTAAGGTGTCTTTTTCTTCTCCTCTGTAACTTTTTATAATTTTTTGATAAATGTTGTTATAAGAATTATCA","Pf3D7_02_v3-503040-503288-1A.2","97C155+8N",133,0.343669250645995,2
"IM-23-122-GUJH","8039832191","Maziba","Pf3D7_11_v3-1968050-1968296-2","TCATTACACTAGTCATGATTGGTTTAGATTATTACGCCAAGGGAATAAAGCTCAAAATTCCATTTCTCAGGAAGTAGACATATTAAAGGAAAAGTATAAAAAATTAATTTCAGAGGAAGACAATAAAAAAGAAAATAACAATAATAATGATGATGAAGTAAAACCAGAACTAAAAGACAATATA","Pf3D7_11_v3-1968050-1968296-2.1","87A97+8N124+8N",214,0.519417475728155,2
"IM-23-122-GUJH","8039832191","Maziba","Pf3D7_11_v3-1950431-1950680-2","AGATATATTTCAAGGAAAGGATATGTGGAATGATGGGAAATATGGTGAAGCGAAAAATCATATTAAGAATGCTTTTGGTGATATGAACAATAGAAAAGCTATGTTAAATGAAATTGAGAAAGGAATTAAAGATGAAACGTTTAGTCGTGAAAATGGTTTAGACGTTTGTAAATCTCAATGTGAGGAAAG","Pf3D7_11_v3-1950431-1950680-2.1","98G",197,0.595166163141994,2
"IM-23-122-GUJH","8039832191","Maziba","Pf3D7_06_v3-416462-416720-1A","AAGAGAAAATGGACATTGTGGAGAATATAAAAAATAGAGGAAAGGAAAAAACAGAATTAACATATAAAGAAGTATATAAAACACAACAGAATCAAAATGATGCAAGTTTAAATTCATTTTGGGGTGATGAAAAAAAAAATAATAATTATGATATAGATATAGTAAAAGAGAAATATAGTGAGTTAATGAAAAAAAAAGAA","Pf3D7_06_v3-416462-416720-1A.2","3+8N28+8N45+8N129+12N188+11N",224,0.691358024691358,2
"IM-23-122-GUJH","8039832191","Maziba","Pf3D7_07_v3-403801-404052-1B","TATATATATATATATATATATATATATATATATGTATGTATGTTGATTAATTTGTTTATATATTTATATTTATTTCTTATGACCTTTTTAGGAACGACACCGAAGCTTTAATTTACAATTTTTTGCTATATCCATGTTAGATGCCTGTTCAGTCATTTTGGCCTTCATAGGTCT","Pf3D7_07_v3-403801-404052-1B.3","1+45N130+8N",1,0.00869565217391304,2
"IM-23-122-GUJH","8039832191","Maziba","Pf3D7_05_v3-641131-641404-1A","GGAATTTTTTTTTTGGTGTTTTATTTTTTCGAAGGATACAGGATAATCTAAGACATTAAAATTATTGGGTTTGAAAAAGAGTTTCCTTTTTATGATGTGCAATAGAGGTATATTTATATAGGAAATATAAACATATAAAAGGAATATGATAAAAAGGAAATATTGACTTAATAAAATATTAATATTTCTTTTTTTCAAATATATTTCGT","Pf3D7_05_v3-641131-641404-1A.1","4+12N23+8N188+9N",88,1,1
"IM-23-122-GUJH","8039832191","Maziba","Pf3D7_05_v3-668763-669004-1A","TAATATTATCTGGCTCTGTAACCATGTCCGAACATATGTTAACAGGAGAATCTGTTCCTATACATAAAGAGCAGTTACCTTTTGAAGGAAATGCTATTATAAATAAAAATAATAAATATGAGAGTAACGATGAAAAGGATGATTACCTTCGTATTTATAATAATCATGCTAGTATTAATATGATCAAGCG","Pf3D7_05_v3-668763-669004-1A.7",".",116,0.345238095238095,2
"IM-23-122-GUJH","8039832191","Maziba","Pf3D7_02_v3-290580-290821-1A","TTATTATAAGGATTATAATTATTATCATTCTTATTATATGGATTAATATAATTTCGATCATTATCATTACTGTTTTTATCATATTGTGGATAATTATTTCTATTTCTATTTTGATTAAAATCCGATTGTCTATATCTAACTCTAATATCTGTAGATGCTAAATCATTAGGTAATGGG","Pf3D7_02_v3-290580-290821-1A.1","12+26N",226,0.801418439716312,2
"IM-23-122-GUJH","8039832191","Maziba","Pf3D7_02_v3-470437-470709-1A","AATATTGACATGAAACATTATAATACACATAAGAAAAAAAAAATTTATTTATTCTTACAAAAAGAATATAAAAACAAAATTTTGGGATTTATAAATTTTTATAAACATATAACACACAAAATAAAAAAGAAACAAGAAAATGTTCATGATAAAATCACTTTTTTAAAATGTCTAAAGGAACTCTTTTTTGTCACACATACAAATA","Pf3D7_02_v3-470437-470709-1A.2","33+12N122+8N158+8N183+8N",211,1,1
"IM-23-122-GUJH","8039832191","Maziba","Pf3D7_04_v3-1037644-1037891-1A","GAAAGAGATTTAACAGATGATGCTGTGATTTTTGCACACTCACTTTATTTACCATTTGAAAAAGAAGAAATGTGGTGGATCGTTATCGGAATTAAAAAAATGAACTTACTTTTATCTATCAAAAAATTATCTTTATTGAAAAGTGTCAATAATATAAAAATTAATTTCGAATTGCCTGACA","Pf3D7_04_v3-1037644-1037891-1A.1","93+9N120+8N",195,0.480295566502463,2
"IM-23-122-GUJH","8039832191","Maziba","Pf3D7_07_v3-403479-403716-1B","TTAGGTGGAGGTTCTTGTCTTGGTAAATGTGCTCATGTGTTTAAACTTATTTTTAAAGAGATTAAGGATAATATTTTTATTTATATTTTAAGTATTATTTATTTAAGTGTATGTGTAATGAATAAAATTTTTGCTAAAAGAACTTTAAACAAAATTGGTAACTATAGTTTTGTAACATCCGA","Pf3D7_07_v3-403479-403716-1B.1",".",232,1,1
"IM-23-122-GUJH","8039832191","Maziba","Pf3D7_03_v3-653961-654206-1A","CTCGTACAATATTTTTATAATTTCCTTTCATCTTATTTTTTTCTTTATATTTTTTTTTTTCATATGTAAGATTTATATAATCACTTTCGCTTTTTCTAACCCTTTTGAACTTTTTAAATGTACTTCGTTCATTATTTCTAATTCTCGTAAACACAAGAATAAATATTTTGATATATCTTATA","Pf3D7_03_v3-653961-654206-1A.2","35+9N49+13N",287,0.817663817663818,2
"IM-23-122-GUJH","8039832191","Maziba","Pf3D7_05_v3-668763-669004-1A","TAATATTATCTGGCTCTGTAACCATGTCCGAACATATGTTAACAGGAGAATCTGTTCCTATACATAAAGAGCGGTTACCTTTTGAAGGAAATGCTATTATAAATAAAAATAATAAATATGACAGTAACGATGAAAAGGATGATTACCTTCGTATTTATAATAATAATGCTAGTATTAATATGATCAAGCG","Pf3D7_05_v3-668763-669004-1A.8","73G122C165A",220,0.654761904761905,2
"IM-23-122-GUJH","8039832191","Maziba","Pf3D7_03_v3-85507-85756-1A","TATCATTTAAATTCTCTTTTTCCACAGCTCCAGCATTTTTATTTATATCATCTACAACTACATCTTCCTTCACATAATTATTTATATAAAAATTATTATCATCTAAAGCATCTGAAAATTCTTCATTTAATACTTCTTCATCTTCTACATTAAATGTTTTCGTTCTTTCATCATCTAATAAA","Pf3D7_03_v3-85507-85756-1A.3",".",142,1,1
"IM-23-122-GUJH","8039832191","Maziba","Pf3D7_03_v3-515418-515657-1A","TTTCTTTAATTTCTATATGTTTGAATTCCCTTATAGACATATTTGAATCATTATTACTTTTATATGAAGTGTTATTATCGAAATTATTATTAATACATTTTATTTTAATGATTTTGTTAAAATTTTTATTATTTACTATAATGGAAGTCAGATATGTACTTATCGTATGGAAAGCTAATCATCAACA","Pf3D7_03_v3-515418-515657-1A.1",".",617,1,1
"IM-23-122-GUJH","8039832191","Maziba","Pf3D7_02_v3-290580-290821-1A","TTATTATAAGGATTATAATTATTATCATTCTTATTATATGGATTAATATAATTTCGATCATAATCATTACTGTTTTTATCATATTGTGGATAATTATTTCTATTTCTATTTTGATTAAAATCCGATTGTCTATATCTAACTCTAATATCTGTAGATGCTAAATCATTAGGTAATGGG","Pf3D7_02_v3-290580-290821-1A.6","12+26N62A",56,0.198581560283688,2
"IM-23-122-GUJH","8039832191","Maziba","Pf3D7_04_v3-115455-115684-1A","TATTAATGTCATTTTGTTTTTCTTTATTATTATTATTTTTATTTTTTCCCTGGTTATCTTCCTTATTACCTAGCTTTTTTTTGTTGTCATTATTTTCTGTCTGATTATTATTTTTGACTTTGTTCATCTTTGAATTATCCGTTCTGTTTGTATGTCTCAAGCAAGGT","Pf3D7_04_v3-115455-115684-1A.1","24+25N74+10N",190,0.340501792114695,2
"IM-23-122-GUJH","8039832191","Maziba","Pf3D7_11_v3-1374917-1375148-1A","TTTTTAAATGAAAATCTCCAAAGCTTCTGGTTGGTTGTAATCTACCTTTAACATAACAATTATCATAATGATGTGATAAGAGATGAAAAGGTGTTTTACATAATTCATATGTATTATTATTATTAACAGTTTTATAATCTCGAGTACATATTTTACATACTAATATA","Pf3D7_11_v3-1374917-1375148-1A.1","112+14N",167,0.551155115511551,2
"IM-23-122-GUJH","8039832191","Maziba","Pf3D7_07_v3-403801-404052-1B","TATATATATATATATGTATGTATGTTGATTAATTTGTTTATATATTTATATTTATTTCTTATGACCTTTTTAGGAACGACACCGAAGCTTTAATTTACAATTTTTTGCTATATCCATGTTAGATGCCTGTTCAGTCATTTTGGCCTTCATAGGTCT","Pf3D7_07_v3-403801-404052-1B.4","1+45N130+8N",114,0.991304347826087,2
"IM-23-122-GUJH","8039832191","Maziba","Pf3D7_08_v3-1314717-1314986-1A","ATAAAAAAGAAAAAATTATTGTCAAAAGTTTTCATAGATATATATATGATGGTATTAGAAGATTTTAAAGAAGAAGAATGTAAAAAGAATAAAGAAATATTTCTTGATACTTATATAGATGAACTAAAAAAAGATTCACAAAGTGAAAAAAATAAAAGCATGTTAAATATATTAGATGAAATAAAAAGTGATATTCATATAGGATATC","Pf3D7_08_v3-1314717-1314986-1A.2","2+15N125+9N138A145+9N",1,0.0119047619047619,3
"IM-23-122-GUJH","8039832191","Maziba","Pf3D7_13_v3-1265494-1265726-1A","TGTCATATACAGATTATAAAAATGATCATAGAATAAGCGAAATTTTAAATCGTTGTATTTTACGATTAAACGAGTTTGATCTAATTCATTTATCTTCTTTGGTCATATCTTTAAGTAAAATGAATTTTAGGAGTGTGTATTTTATGGAACAAGTACAAAAGAAATT","Pf3D7_13_v3-1265494-1265726-1A.4","44T144A",212,0.42914979757085,2
"IM-23-122-GUJH","8039832191","Maziba","Pf3D7_11_v3-1934962-1935236-1A","TGATGTGCCAATATTAAGGATACATTTTCTAAAGCTTCTATCAGATAATGAAAATTTTTTCTGCGATTTTCATTTAAATCATTAAATATATTGGTTAGTTCTTGTATTGACGTTTTTGGATCTAAGGATGTAATTTGTTCATTTAATTCTTCTGTATATTCTAGATTAAAGTTTAAATTATTAAAATAACCTTCAGCATTATTTTCATTTTT","Pf3D7_11_v3-1934962-1935236-1A.1","54+10N98G",50,1,1
"IM-23-122-GUJH","8039832191","Maziba","Pf3D7_05_v3-550803-551072-1A","ATATAATACACCTTTCTTATTTATATTAATCTTTTCATTTTTACAAGAAATCACCTCCCTACTTATTCGGTTGTCCTCATTTTCATATTTCATAACACCATCATTTATTTTTTCTATTTCTTTAATATTATTTTCTCCTTCGACGTAATTATGCTTTCCTATCATCTCCTTTGCTCTACTTCCTATATATACTAATTTCTCTCTGAA","Pf3D7_05_v3-550803-551072-1A.2","107+8N141C",37,0.342592592592593,2
"IM-23-122-GUJH","8039832191","Maziba","Pf3D7_11_v3-1295371-1295597-1A","AAGTAACATCAAATAATGAAGTTGTAGTTAAAGAAGAATATAAAGATGAATATGCAGATATTCCTGAACATAAACCAACTTATGATAAAATGAAAATTATAATTGCATCATCAGCTGCTGTCGCTGTATTAGCAACTATTTTAATGGTTTATCTTTATAAAAGAA","Pf3D7_11_v3-1295371-1295597-1A.1",".",297,1,1
"IM-23-122-GUJH","8039832191","Maziba","Pf3D7_06_v3-851492-851765-1A","ACAATAGTACATTGTGCATTTACATCACAACCTCCATTATTTTTTGAACAGTTCATATCTTTCATAGGTATACATTTAAAATAATTTACACTCATATCAACTATATAATTAGGTCGGCATCTACATTGTTCTTTATCTTTTTCGACAATATAACAACGTGAATTGGGTCCACATTTGGAATATTCACAAATATAATTTACTTTAAATATAACAAAATTTCTCA","Pf3D7_06_v3-851492-851765-1A.3","14G39+8N",224,1,1
"IM-23-122-GUJH","8039832191","Maziba","Pf3D7_11_v3-1295103-1295335-1A","ACTACTGCTTTGTCCCATCCCATCGAAGTTGAAAACAATTTTCCATGTTCATTATATAAAAATGAAATAATGAAAGAAATCGAAAGAGAATCAAAACGAATTAAATTAAATGATAATGATGATGAAGGGAATAAAAAAATTATAGCTCCAAGAATTTTTATTTCAGATGATATA","Pf3D7_11_v3-1295103-1295335-1A.9","61A132+9N173T",162,0.402985074626866,2
"IM-23-122-GUJH","8039832191","Maziba","Pf3D7_13_v3-1350855-1351093-1A","TCTTTTATATTAGTTGTTTCGTTATTTTCATTATGTTCCATATTTTGGTTATTTGTATATTTTATATTTTTTAAAAATTGGTAAATATATTCCGAGATGAAAGGTGTAAAAGGGGCCATAATTATTGTAAACAAATATAATGTTCTACATAAAACATTTAATGATTGGTGAGT","Pf3D7_13_v3-1350855-1351093-1A.1","66+8N",363,1,1
"IM-23-122-GUJH","8039832191","Maziba","Pf3D7_07_v3-403487-403750-2","AGGTTCTTGTCTTGGTAAATGTGCTCATGTGTTTAAACTTATTTTTAAAGAGATTAAGGATAATATTTTTATTTATATTTTAAGTATTATTTATTTAAGTGTATGTGTAATGAATAAAATTTTTGCTAAAAGAACTTTAAACAAAATTGGTAACTATAGTTTTGTAACATCCGAAACTCACAACTTTATTTGTATGATTATGTTCTTT","Pf3D7_07_v3-403487-403750-2.1",".",156,1,1
"IM-23-122-GUJH","8039832191","Maziba","Pf3D7_11_v3-1902041-1902278-2","ATGAAACAAAATGTCCACCTAGATACCCTTTAAAATCAAAAGTTTTTGGAACCTTTGACCAAAAAACAGGAAAATGTAAAAGTCTCATGGACAAAGCATATGAAGTTGGAATTAATAAATTTTCAGTCTGTTTAGAATATTTATTTTTAGTATCACCTAAGGATTTATATAATAGCGGAAG","Pf3D7_11_v3-1902041-1902278-2.1","60+8N",614,1,1
"IM-23-122-GUJH","8039832191","Maziba","Pf3D7_07_v3-432832-433091-1A","TTGAAAAAGTCATCATCAGAATGGGGATGATTATTATTGTTATTATGAGTTTGGTTCGTATTAATATTATGCTCCTTTTCGTTATTTAATTTATGTTCATTTATATTTTTATAAATAAATAATTTTCCAAGAAGTATACCATTAATAAACTTACTAGTTAACATATTAGACTGCTCAATATTTGTACATTTTTTTAATGTATGTATT","Pf3D7_07_v3-432832-433091-1A.1","30+17N188+9N",486,1,1
"IM-23-122-GUJH","8039832191","Maziba","Pf3D7_01_v3-162867-163115-1A","ATATACCAATAATACTTTTTTTTTTAAATAATGTAAAAAATGATTTATATAATTGTTATAAACAAATGATCACATATCATAATAATAATATCCTAAATCATAACTCTAATATTTTATCAAAAGAAAATGAAAAAAAACAACCTTTTTCAACATATAATATATCAAATCTTTGTTCTCCTGATCAAATGGTAATAAATAAAAA","Pf3D7_01_v3-162867-163115-1A.3","15+12N34+8N129+10N182T191A",395,0.630990415335463,3
"IM-23-122-GUJH","8039832191","Maziba","Pf3D7_01_v3-535965-536239-1A","GCTCATTTGATATTTTCCAGTTGTTTGATTTTAAAAATGATGTATATTTTTTAGATGATAATTTGTTCGACAAGGATATGGTATATTGTACAAGTACCAATTATGGCGTTATGGAAAATGATAATGATGATGATAAAATAATAAAAATACAAAATTTAAATGAGAAATTAAAAAATGGAAAAGCTGAATTTAAAGATATATTATTAT","Pf3D7_01_v3-535965-536239-1A.19","46+8N101D=CAA118A121+17N172+8N",162,0.993865030674847,2
"IM-23-122-GUJH","8039832191","Maziba","Pf3D7_12_v3-233418-233671-1A","CAAAAATATGATTCCCCAAATTTGTACTACTAATTGTTCCAATAGTTCCTATAGTTGTGGTAATTTGCTCATATGTATTTTTTCCTAAAGATTTATTAGACACATTTGAAGGATCATTATTTTGTTCCAAATTCTTGGGCACAGTATTATTACATGAGAATAATGAAAAGTTATTATCATAATTCTTTTGTT","Pf3D7_12_v3-233418-233671-1A.9","10G77+8N",126,0.525,2
"IM-23-122-GUJH","8039832191","Maziba","Pf3D7_02_v3-503040-503288-1A","ATTATGATTAATAATAATATTTCTCATAATTTCGTTAAATACATCTAAACTATTTATAGAACCATCTATATCATCTTCATTCCTATTTTGGTGAACTGATTCGGTGTTTATAACATCTAAGGTGTCTTTTTCTTCTCCTCTGTAACTTTTTATAATTTTTTGATAAATGTTGTTATAAGAATTATCA","Pf3D7_02_v3-503040-503288-1A.1","155+8N",254,0.656330749354005,2
"IM-23-122-GUJH","8039832191","Maziba","Pf3D7_13_v3-1265494-1265726-1A","TGTCATATACAGATTATAAAAATGATCATAGAATAAGCGAAATTTTAAATCGTTGTATTTTACGATTAAACGAGTTTGATCTAATTCATTTATCTTCTTTGGTCATATCTTTAAGTAAAATGAATTTTAGGAGTGTGTATTTTTTGGAACAAGTACAAAAGAAATT","Pf3D7_13_v3-1265494-1265726-1A.9","44T144T",282,0.57085020242915,2
"IM-23-122-GUJH","8039832191","Maziba","Pf3D7_02_v3-628941-629172-1A","ACTTTTTTTAGATTTTTCTTGATCGTTTTCATCATTTTTTATTTCCTGTTCATCTGAGGTTTTCTTTTGTAAACGCTTAGTGCGTTTCTTTTGACCTTTTAATTTTTTTTTAAATATATTTTTAACTTGATCAATGAAGAAAGCATAATCTTGTATGACAGAAAATCT","Pf3D7_02_v3-628941-629172-1A.1","2+9N34+8N87T102+11N",130,0.345744680851064,2
"IM-23-122-GUJH","8039832191","Maziba","Pf3D7_09_v3-516735-517007-1A","ATAGAAGGATATATAAAAAATTATCAAGAATCATATAATATAAATGACCATTGTAAATTAGTTCCATTAAATTTTTATAAAGATTCTATTTCTAATGATTTAGGTACTCCATGCCCTGTGAATAGTATTACCTTAAATGTGGGCGCAAAAACTATAAATGAATGTTTGTGTAATAAAGGATATTTCTATAATGTCAAGAAACAACAATGTGA","Pf3D7_09_v3-516735-517007-1A.1","14+8N",120,0.652173913043478,2
"IM-23-122-GUJH","8039832191","Maziba","Pf3D7_11_v3-1374917-1375148-1A","TTTTTAAATGAAAATCTCCAAAGCTTCTGGTTGGTTGTAATCTACCTTTAACATAACAATTATCATAATGATGTGATAAGAGATGAAAAGGTGTTTTACATAATTTATATGTATTATTATTATTAACAGTTTTATAATCTCGAGTACATATTTTACATACTAATATA","Pf3D7_11_v3-1374917-1375148-1A.4","106T112+14N",136,0.448844884488449,2
"IM-23-122-GUJH","8039832191","Maziba","Pf3D7_07_v3-105172-105442-1A","GACTACTAACAGAGTGACTACCTACGCTATGTTGAGATGAATTGCTTCCATTTGAATTACTTCCAGATAGGTGATTTTCTGTTCTTCCATCTGAATTGTTTTCATATAATTGACTTTCCTTTTGTCCATCTAAATTATGCACTGCACTATGAGTTCCTTCACCCAAATTATTACTGTTTGTTGTATCATCATTTAAATCAAATCCATTTCTT","Pf3D7_07_v3-105172-105442-1A.4","44G52T83T103C",117,1,1
"IM-23-122-GUJH","8039832191","Maziba","Pf3D7_07_v3-1149367-1149613-1A","TATTTGACTAGTCGAATAATATTTAATATTTTTGTTTAGGAAGTTTTCAAAATTGATGACATTGATAACCGTTTTTATTAAATCGCTTGGGTTGTTTGTGTGTTCTATAGTAGAAGACATAATTTTAAGAATGTGTTTTTGTGTTATTAAACAAAACTTTGTTACTATATGGAATCGTATGTTAT","Pf3D7_07_v3-1149367-1149613-1A.1","106T109A",513,1,1
"IM-23-122-GUJH","8039832191","Maziba","Pf3D7_07_v3-1066661-1066903-1A","TATGGTTTTGTAATTTATTGGTATGTGTTGTTAAAGGAGAATTTTTTTAATATCCCTTGTCATGGGCAAAATGAGAAAAAAGAAATAAAAAACTTTTATGTTCAACATGAAGATATTTGTGAACACACTATTGGTAATCATATGTTAGGTGATAAATTAAAAATGTGTACATCTAATATTAATG","Pf3D7_07_v3-1066661-1066903-1A.2","41+9N75+8N86+8N",164,0.331983805668016,2
"IM-23-122-GUJH","8039832191","Maziba","Pf3D7_02_v3-291770-292017-1A","TAATATCATAAGGTTTGAATATTTTCCTCTCAGGTATTATACCAACAGAAGGTTTATCATCATCTTTAAAACCTGCTCTATCTTTAACCCAATGATTAGGATTTTTTAAACATAAAGCTGGATTCTTTAATAAATCTTTCATATGTTCCATATTATTTTCTTCATTTATATATGATTCTAC","Pf3D7_02_v3-291770-292017-1A.3","92A101+8N",74,0.404371584699454,2
"IM-23-122-GUJH","8039832191","Maziba","Pf3D7_08_v3-102277-102527-1A","TACCTTCATCTATTGAATTAATTTTCTCAAGTAACATATTTTTGTCTTGACTACTTTCATCTGTAAATGGAACGACTACTCTTTGCTTACCTGCAAAAAGGACAACTGACATATGAGCCTTATCCTTACTTACATTCGAATTAAAGACCATAGATTCTAAAAATGGTATAGTTCCTTTTAACCAATAATC","Pf3D7_08_v3-102277-102527-1A.4",".",204,0.507462686567164,2
"IM-23-122-GUJH","8039832191","Maziba","Pf3D7_08_v3-1056678-1056903-1A","GTGTTAACGATAATTATAATGCAATAAGCACAACTAATTTTTCAGATGACATGGATGAATTGATAAAGAATCTTTCTATTATGGGTTTGTGTAAAGAGAAAATAGTGTTAACAGAAAAGGCAACACTATTTAATAACATTGAATTGTTGTATTCATATTATCTTATAGTTCAGA","Pf3D7_08_v3-1056678-1056903-1A.1",".",691,1,1
"IM-23-122-GUJH","8039832191","Maziba","Pf3D7_03_v3-855426-855697-1A","GTTATTTCAGTATGAGTTTCAACAGTTAATACTACTTCAGGATATGGATTGATACTTAACGTATGTACTCTCAATAATCTAGTATCAAATATATATGAAAATGTATACTCAGGAAAACATATAGTAGATAATCCATTATTATTCTCTATACATATTTTACTTATAGCTATATAATCGTAATTATCTTCTATTACTATTGGTTCTGTG","Pf3D7_03_v3-855426-855697-1A.1","32C",131,1,1
"IM-23-122-GUJH","8039832191","Maziba","Pf3D7_06_v3-145285-145531-1A","TCAACAAAAGCTGATGAATCATCATAATTTGAATAAAATTTATCATTCACAATATTATATTTTTGTTTCTTCTTTTTTCCCATAATATTATTATTTTGTTCACAATATATGTTCATGTGTCCCCTCTTTTTCTGTAAAATATTAAAATGTTTCTTAGTATGCTTCTCTTCATTTTTAATAACA","Pf3D7_06_v3-145285-145531-1A.2","72+8N157G",166,0.299099099099099,2
"IM-23-122-GUJH","8039832191","Maziba","Pf3D7_06_v3-1282656-1282930-1A","AAGATATGGAAGAAATATGATAAAGAAAACAATAAATATATATTGTCTCATTTTATTCCTCAATTTATTGAAGACTTAAATTTGAAGGATGAATTCCGAAATTTATTTGATGGATTTGTAAATGATTTGGATATTCTATTATATTCAGAATTTAAAGCATTTTATTTACAAATGAAGCAAAAAGATATAAATGAACTGAAAAATTCTGA","Pf3D7_06_v3-1282656-1282930-1A.5","60T",78,0.40625,2
"IM-23-122-GUJH","8039832191","Maziba","Pf3D7_06_v3-1282656-1282930-1A","AAGATATGGAAGAAATATGATAAAGAAAACAATAAATATATATTGTCTCATTTTATTCCCCAATTTATTGAAGACTTAAATTTGAAGGATGAATTCCGAAATTTATTTGATGGATTTGTAAATGATTTGGATATTCTATTATATTCAGAATTTAAAGCATTTTATTTACAAATGAAGCAAAAAGATATAAATGAACTGAAAAATTCTGA","Pf3D7_06_v3-1282656-1282930-1A.4",".",114,0.59375,2
"IM-23-122-GUJH","8039832191","Maziba","Pf3D7_08_v3-1099719-1099977-1A","AAAAAATAAAAAATCAAACAAGATAAATAATAATGTATATAATACTAGTGGTATAAAAAATAATGATCAAAATATGGATAATATGAATCAAAAAGGAAAAAGTAACAAAAATTCAAATAAATATAATTTTGATGAAGAGGACTTATGGTTTTTATGTGATTTATGTAATAATCCTATAAGTCCGTTATGTTA","Pf3D7_08_v3-1099719-1099977-1A.1","1+14N54+8N97A142C",73,0.464968152866242,2
"IM-23-122-GUJH","8039832191","Maziba","Pf3D7_03_v3-980853-981120-2","TAAGATTCTTTTGAGTTATTTATTTTCCAAATAATTTGGTTATATATATATGAAAATTCGATCATACCACATGCTCCAAGAATAATAGATGCATCGTCATTATATTGGAATGTAAAACTTTCATCATACTCATTTGTATTAGGTACACAAGAATCATCTTTATTTTTATAATTTTCTTTACATGTACAATTAATTTTACTATATT","Pf3D7_03_v3-980853-981120-2.1",".",148,1,1
"IM-23-122-GUJH","8039832191","Maziba","Pf3D7_11_v3-2001725-2001999-2","AGATGTAAGAACTAAGAATGTAAATACAAGTAAGAGAAATGAAGGACTTAATGATATAAATGAATCAGAAAAAACAAGAACAAGAAGGCCATCAACAAAATCAAATAATAATAATGTGTCATACGAGAATGAATTAGAGAGTGTATCTGAATCGTTTGATAACTTTTTGGAGGATCATATGAAGGAAGGTGTTTTTTTAGATGGGGAAAA","Pf3D7_11_v3-2001725-2001999-2.36","68+8N118G191+9N",50,0.413223140495868,2
"IM-23-122-GUJH","8039832191","Maziba","Pf3D7_04_v3-1083299-1083563-2","ATACACTTTCCATATGTAGAGGACTTATGATATATAGAATTATAAGATAAATGTTTATAATAATCTAAAAAAGTATAATGAGGTATTATAACAAAATCCAAATGTCCTTCTTTTTCTTGTAAAATATCAATAGAATTTGCAATGTTATAATTTGATAACTCTTTAAAATGATATTGTAAAAAATTAACATTTTTATA","Pf3D7_04_v3-1083299-1083563-2.1","66+8N177+8N",94,0.465346534653465,2
"IM-23-122-GUJH","8039832191","Maziba","Pf3D7_11_v3-1816152-1816378-1A","TTGGGTAGATATCGTTATAAGGGCTATAATGTATTGACTTCTCCGGGTTTGTTACATTATCATTACAACCAATATTATTAAGGTTAATATTATTTTTATCATTATTATTGTTGTTTTCATTTGTGTGGTTATATAATAACAATGATGTGTCGTCTATTGGATCATT","Pf3D7_11_v3-1816152-1816378-1A.1","50T90T",309,0.609467455621302,2
"IM-23-122-GUJH","8039832191","Maziba","Pf3D7_02_v3-291770-292017-1A","TAATATCATAAGGTTTGAATATTTTCCTCTCAGGTATTATACCAACAGAAGGTTTATCATCATCTTTAAAACCTGCTCTATCTTTAACCCATTGATTAGGATTTTTTAAACATAAAGCTGGATTCTTTAATAAATCTTTCATATGTTCCATATTATTTTCTTCATTTATATATGATTCTAC","Pf3D7_02_v3-291770-292017-1A.2","101+8N",109,0.595628415300546,2
"IM-23-122-GUJH","8039832191","Maziba","Pf3D7_07_v3-1066661-1066903-1A","TATAGTTTTGTAATTTATTGGTATGTGTTGTTAAAGGAGAATTTTTTTAATATCCCTTGTCATGGGCAAAATGAGAAAAAAGAAATAAAAAACTTTTATGTTCAACATGAAGATATTTGTGAACACACTATTGGTAATCATATGTTAGGTGATAAATTAAAAATGTGTACATCTAATATTAATG","Pf3D7_07_v3-1066661-1066903-1A.1","4A41+9N75+8N86+8N",330,0.668016194331984,2
"IM-23-122-GUJH","8039832191","Maziba","Pf3D7_14_v3-921176-921432-1A","ACAATATTAATTTTATAAGTTCATTATTTCAATTTTATATTTAGGAGGATCTATATCCATATATTATTCATTTTAAAAATATTAAAATAAATACATATATAAATATATAAACATATAAATACAGTCTTTTAAAAATTAATAAGATTTATATAAAATATGGTTATAAATCCTATTTTGTATTATATTAAA","Pf3D7_14_v3-921176-921432-1A.8","120T186T",186,1,1
"IM-23-122-GUJH","8039832191","Maziba","Pf3D7_04_v3-109939-110184-1A","CAACATCTGAATTATATAAATCTTTAGAAAAACAACTAATATCCTTACTCCATATATTTATTTTTATACCAAGAATAACAGCCATATAAACCAAAACTCTCTCAAATGCATGTGATACAGGTAAATAAGAAAAATGGGTTTTCGGTTTCATGTTTTTTATTACATTATGATCACATAATGGTGCTACT","Pf3D7_04_v3-109939-110184-1A.2","51C108G152+8N",212,0.660436137071651,2
"IM-23-122-GUJH","8039832191","Maziba","Pf3D7_04_v3-115455-115684-1A","TATTAATGTCATTTTGTTTTTCTTTATTATTATTATTTTTATTTTTTCCCTGGTTATCTTCCTTATTACCTAGCTTTTTTTTGTTGTCATTATTTTCTGTCTGATTATTATTTTTGACTTTTTTCATCTTTGAATTATCCGTTCTGTTTGTATGTCTCAAGCAAGGT","Pf3D7_04_v3-115455-115684-1A.3","24+25N74+10N122T",368,0.659498207885305,2
"IM-23-122-GUJH","8039832191","Maziba","Pf3D7_08_v3-1314717-1314986-1A","ATAAAAAAGAAAAAATTATTGTCAAAAGTTTTCATAGATATATATATGATGGTATTAGAAGATTTTAAAGAAGAAGAATGTAAAAAAAATAAAGAAATATTTCTTGATACTTATATAGATGAACTAAAAAAAGATTCACAAAGTGAAAAAAATAAAAGCATGTTAAATATATTAGATGAAATAAAAAGTGATATTCATATAGGATATC","Pf3D7_08_v3-1314717-1314986-1A.1","2+15N87A125+9N138A145+9N",17,0.202380952380952,3
"IM-23-122-GUJH","8039832191","Maziba","Pf3D7_05_v3-395887-396136-1A","TCTAAGGATTGTTGGTTTTTTAGGATGCTCATCTTTTTAAGATAATCCTCTTTACTGTCGTTATTATTTAAATCGTTTTGTATAATATTATATTGTGAATTCCTTGTGTTTTTCATAACACTATTAGTCCTATTGGTGTTCTTCTTATTATTATTATTATTATTGTTCTTCTTCTTAATAAA","Pf3D7_05_v3-395887-396136-1A.5","15+8N119C145+20N",40,0.216216216216216,2
"IM-23-122-GUJH","8039832191","Maziba","Pf3D7_05_v3-550803-551072-1A","ATATAATACACCTTTCTTATTTATATTAATCTTTTCATTTTTACAAGAAATCACCTCCCTACTTATTCGGTTGTCCTCATTTTCATATTTCATAACACCATCATTTATTTTTTCTATTTCTTTAATATTATTTTCTCCTTGGACGTAATTATGCTTTCCTATCATCTCCTTTGCTCTACTTCCTATATATACTAATTTCTCTCTGAA","Pf3D7_05_v3-550803-551072-1A.1","107+8N",71,0.657407407407407,2
"IM-23-122-GUJH","8039832191","Maziba","Pf3D7_09_v3-202854-203106-1A","AATATACAAAGAATGTATATGATAAAATATTCTTTGTCCTTTAAAATTTTTTGTTCTTGTACTTTGTTTTTTATAATCTATTAAATTCATATCTGATGAAATATCATATTTATATTCCCCTTTATGAGCATTTACAAAAGTTTCGTTATTTCTTTTATTAATATATGTATTTGAGCACATATATTTAT","Pf3D7_09_v3-202854-203106-1A.2","46+8N66+8N146T",251,0.680216802168022,2
"IM-23-122-GUJH","8039832191","Maziba","Pf3D7_09_v3-270915-271160-1A","CTTTGTATGTATTATCTGTTGTTTTATCTTCACCTTGATTTCCTGTACTTGTAGATTCAGTAGATGGACCTTCAGAACCTGCTAATTCATCACTAGTAGATGCAGCACTTGTACTTTTAGATTGTTCTTTTAATGGTCCCATATATTTGTATAATTCTATTTCTAAATCTTGATCCTTGGTTTTTTCTTCTAA","Pf3D7_09_v3-270915-271160-1A.1","82C85A180+8N",280,1,1
"IM-23-122-GUJH","8039832191","Maziba","Pf3D7_12_v3-857050-857323-1A","ATATAATTTTAAGATGTCCTATCAAGACGTTCAGGAAAAAAAAAATGAAGATATAAATTATGATGAAATAGCTAGCAGCATGCTAGAGAAGATGGACAAACATATAAATGGAGAAAAACAACCAACGATACATTATGAAAATTTAAATGTACAAGAGCAAGGGGGAGCACATGCTTATTACTCAAATCAAGATATAAATAACATAAATA","Pf3D7_12_v3-857050-857323-1A.2","35+12N162G",84,0.51219512195122,2
"IM-23-122-GUJH","8039832191","Maziba","Pf3D7_04_v3-1005938-1006187-1A","GTCTTAACATTAATCTTAGTTACAAAGTTACATGGATTTATTGAAAAGATATTTTCGTCATTATATTTCTTTTTTTCCATATCTGTTTGATCATTTTGATATGTTTTCATATTATCCATATGTTCATTATTTTGATCAATATAATTTTTTTTTATAATAAATTTAGAATTATTTTTAAAGAAA","Pf3D7_04_v3-1005938-1006187-1A.5","61T69+9N144+11N",194,1,1
"IM-23-122-GUJH","8039832191","Maziba","Pf3D7_11_v3-1375807-1376056-1A","TCGTTATGTACCCTAATAAATTTTTTTTCATTATTTGAATCTATATTATTTACATTAGTATTTTGAGTTGTACCATAAATTTCAGTGTTATTATTATTTCTATTCATATAATTATGTCCGCTTATATAATTATGACCATTAAAAAAACGTCTTTCATGTATATCATCTCTTCTAATGTATTTA","Pf3D7_11_v3-1375807-1376056-1A.4","20+10N140+9N154T",60,0.495867768595041,2
"IM-23-122-GUJH","8039832191","Maziba","Pf3D7_11_v3-1950431-1950680-2","AGATATATTTCAAGGAAAGGATATGTGGAATGATGGGAAATATGGTGAAGCGAAAAATCATATTAAGAATGCTTTTGGTGATATGAACAATAGAAAAACTATGTTAAATGAAATTGAGAAAGGAATTAAAGATGAAACGTTTAGTCGTGAAAATGGTTTAGACGTTTGTAAATCTCAATGTGAGGAAAG","Pf3D7_11_v3-1950431-1950680-2.2",".",134,0.404833836858006,2
"IM-23-122-GUJH","8039832191","Maziba","Pf3D7_07_v3-405570-405844-1B","ATAGCAATTGCTTATTACTTTAAATTCTTAGCCGTAAGAATTAAAAAGATATAAATATATAAATATATATGTGAAATATATGATATATATGATATATATTTTTTATATGTAATGTTTTTTTTTTTTTTCACAATATACATTTAAATGTTTATGATGGTACAACGTATCATATTTTATAATAATTTTATGCATTCATGTATATTATTTTTACTTTTT","Pf3D7_07_v3-405570-405844-1B.2","49+57N114+16N",55,0.662650602409639,2
"IM-23-122-GUJH","8039832191","Maziba","Pf3D7_13_v3-1876391-1876664-1A","AACTATCTGTAAAAGTATGTTTAGAACTAACATTTGAAGAGAAGTTACATCCGTGTATGACTTTTTTTTCATATTTTGGTTTTAAAACTATTTTATAATTATTATTTTTAAATTTGCATGTACATTCTGTATTAACATCTTTTGATGTAACATAAAATGGAGCTTTAAAGATAGTTAAGTTTTTATGATAAATTATTTTATTACTTTTATATA","Pf3D7_13_v3-1876391-1876664-1A.1","61+10N",154,0.773869346733668,2
"IM-23-122-GUJH","8039832191","Maziba","Pf3D7_01_v3-162867-163115-1A","ATATACCAATAATACTTTTTTTTTTAAATAATGTAAAAAATGATTTATATAATTGTTATAAACAAATGATCACATATCATAATAATAATAATAATATGCTAAATCATAACTCTAATATTTTATCAAAAGAAAATGAAAAAAAACAACCTTTTTCAACATATAATATATCAAATCTTTGTTCTCCTGACCAAATGGTGATAAATAAAAA","Pf3D7_01_v3-162867-163115-1A.4","15+12N34+8N91I=ATAATA92G129+10N",230,0.36741214057508,3
"IM-23-122-GUJH","8039832191","Maziba","Pf3D7_01_v3-162867-163115-1A","ATATACCAATAATACTTTTTTTTTTAAATAATGTAAAAAATGATTTATATAATTGTTATAAACAAATGATCACATATCATAATAATAATATCCTAAATCATAACTCTAATATTTTATCAAAAGAAAATGAAAAAAAACAACCTTTTTCAACATATAATATATCAAATCTTTGTTCTCCTGACCAAATGGTGATAAATAAAAA","Pf3D7_01_v3-162867-163115-1A.1","15+12N34+8N129+10N",1,0.00159744408945687,3
"IM-23-122-GUJH","8039832191","Maziba","Pf3D7_01_v3-535965-536239-1A","GCTCATTTGATATTTTCCAGTTGTTCGATTTTAAAAATGATGTATATTTTTTAGATGATAATTTGTTCGACAAGGATATGGTATATTGTACAAGTACCAACAATTATGGCGTTATGGAAAATGATAATGATGATGATAAAATAATAAAAATACAAAATTTAAATGAGAAATTAAAAAATGGAAAAGCTGAATTTAAAGATATATTATTAT","Pf3D7_01_v3-535965-536239-1A.13","26C46+8N118A121+17N172+8N",1,0.00613496932515337,2
"IM-23-122-GUJH","8039832191","Maziba","Pf3D7_01_v3-528859-529104-1A","TTTGATTCTTTTTAATGAAAAAGAAGCTAAAGATATGTCAGACGATATAATTTCCCAACAAAAACGTTATTGCTCTACCAATATTCATAGTAATTATAATAATAAAATATGTATATGTAAAAATAAGCGACATCATAACAAAAGAGGGAAAGGAATAAAGCATCATGACATACATCAAAAGG","Pf3D7_01_v3-528859-529104-1A.11","44G165A",654,0.858267716535433,2
"IM-23-122-GUJH","8039832191","Maziba","Pf3D7_07_v3-475313-475545-1A","AGCTTTATTATCTACAAAAAATCCACGTGGATATATGAAACAAATGAAATTGTATTTTATATTCCAAATTAAAGAAATTGCATTAAGAAAACATGGCTCTTTACTTACAGTCAAAAATTTATATAATAATAAACTTTTAAATATAAATTCATCATCTTCTACAAATA","Pf3D7_07_v3-475313-475545-1A.1","15+8N",131,0.428104575163399,2
"IM-23-122-GUJH","8039832191","Maziba","Pf3D7_02_v3-628941-629172-1A","ACTTTTTTTAGATTTTTCTTGATCGTTTTCATCATTTTTTATTTCCTGTTCATCTGAGGTTTTCTTTTGTAAACGCTTAGTGCGTTGCTTTTGACCTTTTAATTTTTTTTTAAATATATTTTTAACTTGATCAATGAAGAAAGCATAATCTTGTATGACAGAAAATCT","Pf3D7_02_v3-628941-629172-1A.2","2+9N34+8N87G102+11N",246,0.654255319148936,2
"IM-23-122-GUJH","8039832191","Maziba","Pf3D7_07_v3-627351-627625-1A","TCACTAAGATAATTATTATTACCATTTTCAGCATAATAAAACTTCTGATGTTTTATAAGAGGAGTTTGGTTAGAAGCAAAATTATCAGCAGTTGTTGAATAATTATTATGTTCTTGATAAAAGAGATTATTCATATAGTTATTATTATTTTTCATATCATCCATAGTATTATTGTTAATATAAAATTCCTCATATGAATTATATATATA","Pf3D7_07_v3-627351-627625-1A.2","23C42C96T",131,1,1
"IM-23-122-GUJH","8039832191","Maziba","Pf3D7_13_v3-1406713-1406975-1A","TTTCAGGTCTTCTTAAATATGTTTTAAATTCATTATTTAATTTTTCATCATATTTAGGTACATTTTTTTTTGGAAATCTAGATGTTTCATTATTATCGTGATTTGATGAATATATATAATGAGTTTGTTTAAAATGTGGTTCATTCAAATTATCTTTTTTCTTATCTTCGTGTATATTTTTATTATAATTTGAATACTTC","Pf3D7_13_v3-1406713-1406975-1A.2","62+11N154+8N",109,0.582887700534759,2
"IM-23-122-GUJH","8039832191","Maziba","Pf3D7_09_v3-595828-596094-1A","ATAATTTTTTCATCGTTCTTATACATGAATGATAAAGTCTTTTTGCAAAATTTTTTGAAGAGATCAGATTTGAGATAAAGACGTTTGGCTAATCTATAGGAGAATTCTAGAGCATCTAATTTTATATTTAAACATTTTTTCGTATCCAATATATTATAATTTTGTTCATAAGTCTGTTCGTTTATATTATTTAATACTTTT","Pf3D7_09_v3-595828-596094-1A.4","4+8N27G50+8N94C99G108T134+8N180G",158,0.734883720930233,2
"IM-23-122-GUJH","8039832191","Maziba","Pf3D7_01_v3-145388-145662-1A","GATATGTTTAAATATATGATTCTCGAAAAAACTTTTTTTATTTTTTTTGTCAATAGATAAATGATCAATATTTTCTATATTTAATCTATCAAGAATTTTTATATATCTATTATTTCTTTCTTCGATGGATAAATTATAAGAATCAATATCCTTTCTTTCATCAACAAACTTTTTTATTGTTAACTCCATTTTTTTATTTAAGATACCA","Pf3D7_01_v3-145388-145662-1A.4","25+25N94A169+8N188+9N",57,0.678571428571429,2
"IM-23-122-GUJH","8039832191","Maziba","Pf3D7_11_v3-1816152-1816378-1A","TTGGGTAGATATCGTTATAAGGGCTATAATGTATTGACTTCTCCGGGTTTGTTACATTATCATTACAACCAATATTATTAAGGTTCATATTATTTTTATCATTATTATTGTTGTTTTCATTTGTGTGGTTATATAATAACAATGATGTGTCGTCTATTGGATCATT","Pf3D7_11_v3-1816152-1816378-1A.4","50T86C90T",198,0.390532544378698,2
"IM-23-122-GUJH","8039832191","Maziba","Pf3D7_14_v3-771407-771633-1A","ACCCACGGGACATTTTAATTTATACCTATTGGAACATTTTTTATTAGGTCTTTCTTTATGATTCTTCTTTAAAATAGGTTCATCATTATTTGAGTAAACTAACAGATCATTATCGTTCTCAAATTTATTATAACCATCAATATTTTTATTTCCATATACATCTATAA","Pf3D7_14_v3-771407-771633-1A.2","36+8N108C124T",56,0.12962962962963,2
"IM-23-122-GUJH","8039832191","Maziba","Pf3D7_03_v3-221295-221532-2","AAGGAACAAGAAGGATAATACCATTATTAATCCTATTGAACTATTTACGACATTAAACACACTGGAACATTTTTCCATTTTACAAATTTTTTTTTCAATATCATTTATATAATCTAATTGGTCTTTAGGTTTATCAGCAGAGCCAGGCTTTATTCTAACTTGAATACCATTTCCACAAGTTA","Pf3D7_03_v3-221295-221532-2.8","86+11N107A108T120G135C",83,0.345833333333333,2
"IM-23-122-GUJH","8039832191","Maziba","Pf3D7_06_v3-1140900-1141174-1A","CTTCCATGTGAGCTTCAAAATCGTCTGAAGGTCGACTAGACATGAAAAATTCAGATTGAGGTAAATCATCAAATGGATGATTTCTATATGATATTCTAGGTATTAATCCTAAGATATTATTTATGCTATTACATTGAGAATTTCCTTCATTGGTTGTGGTACTTATATCCACATTTTGGTGATCATCAAGATATAATGTATTTTCTTTAGAACTT","Pf3D7_06_v3-1140900-1141174-1A.1","189A",98,0.507772020725389,2
"IM-23-122-GUJH","8039832191","Maziba","Pf3D7_12_v3-684011-684240-1A","ACCTAATGTTGGTAAGTCTACCATTTTTAATCGACTAACTCGAAAATATCAAGATGGTAGTATTGTTTTAGAGGTTAGTAGTACGAGAGATAAACTTTATGGAGAAGTTGAGTGGGAAGGATATAAATTTGAACTTGTGGATACAGGAGGTTTAGTTTTTGA","Pf3D7_12_v3-684011-684240-1A.4","73G",144,0.549618320610687,2
"IM-23-122-GUJH","8039832191","Maziba","Pf3D7_08_v3-412801-413062-1A","ATGAAGAAATATACGAATATATACTTATAAACGATATTTTTAATTTAAAAAAAGAAATAAAAAATTTCAATATATTAAATAAATATGATGTATTTGAATATATTATTATTATTTTAAAATTGTATGATAAAATATATCCTGATGCAGAGTACATCGAATGTGTACGAGAAACATCACAGAATGGTGACCTTTTA","Pf3D7_08_v3-412801-413062-1A.4","46+9N58+8N101+13N147G188C190T",58,1,1
"IM-23-122-GUJH","8039832191","Maziba","Pf3D7_03_v3-221463-221712-1B","ACTTGAATACCATTTCCACAAGTTACACTACATGGGGACCATTCAGTTGAAATAGAATTTTGTATTTTGTTTAAATATTCTTTTATGTGCTTATCACTTGGTTCTTCGTTATTATTATTTTTTACAGCATTGTTGGCATTAGCATTTTCATCTACATTTCGGTTTGGGTCATTTGGCATATTGTGACCTTGTC","Pf3D7_03_v3-221463-221712-1B.7","53T117+8N130T",57,0.37012987012987,2
"IM-23-122-GUJH","8039832191","Maziba","Pf3D7_06_v3-145285-145531-1A","TCAACAAAAGCTGATGAATCATCATAATTTGAATAAAATTTATCATTCACAATATTATATTTTTGTTTCTTCTTTTTTCCCATAATATTATTATTTTGTTCACAATATATGTTCATGTGTCCCCTCTTTTTCTGTAAAATATTAAAATGTTTCTTACTATGCTTTTCTTCATTTTTAATAACA","Pf3D7_06_v3-145285-145531-1A.1","72+8N165T",389,0.700900900900901,2
"IM-23-122-GUJH","8039832191","Maziba","Pf3D7_12_v3-684011-684240-1A","ACCTAATGTTGGTAAGTCTACCATTTTTAATCGACTAACTCGAAAATATCAAGATGGTAGTATTGTTTTAGATGATAGTAGTACGAGAGATAAACTTTATGGAGAAGTTGAGTGGGAAGGATATAAATTTGAACTTGTGGATACAGGAGGTTTAGTTTTTGA","Pf3D7_12_v3-684011-684240-1A.6","75A",118,0.450381679389313,2
"IM-23-122-GUJH","8039832191","Maziba","Pf3D7_11_v3-1294664-1294910-1A","AAAAGATAAATCATTTCAAAACTATACATATTTAAGTAAAAATGTAGTTGATAACTGGGAAAAAGTTTGCCCTAGAAAGAATTTAGAGAATGCAAAATTCGGATTATGGGTCGATGGAAATTGTGAAGATATACCACATGTAAATGAATTTTCAGCAAATGATCTTTTTGAATGTAATAAATTAGTTTTTGAATTG","Pf3D7_11_v3-1294664-1294910-1A.10","9A40A86G152T159A",340,0.578231292517007,2
"IM-23-122-GUJH","8039832191","Maziba","Pf3D7_11_v3-1294664-1294910-1A","AAAAGATAAATTATTTGAAAACTATACATATTTAAGTAAAAATGTAGTTCATAACTGGGAAGAAGTTTGCCCTAGAAAGAATTTACAGAATGCAAAATTCGGATTATGGGTCGATGGAAATTGTGAAGATATACCACATGTAAATGAATTTTCAGCAAATGATCTTTTTGAATGTAATAAATTAGTTTTTGAATTG","Pf3D7_11_v3-1294664-1294910-1A.18","9A12T17G40A50C62G152T159A",248,0.421768707482993,2
"IM-23-122-GUJH","8039832191","Maziba","Pf3D7_08_v3-585703-585949-1A","AAACACATCATCAAAAGTTTCTGATATTGGCTTGTTTGATTCTTTATATTTAAAATCTTTATATAAATAAAATCTATCTTTCTTAAAATATGGATCTTTACGTACTTCAATCGAATCCCTATCAGTTACAATATTTATATCTTTTAATGTTAAGTGGAAATTAGAATCAATAATAGCTA","Pf3D7_08_v3-585703-585949-1A.2","118C",118,0.378205128205128,2
"IM-23-122-GUJH","8039832191","Maziba","Pf3D7_05_v3-1322099-1322341-1A","TTCCAATAGAAACTATATTACGATTTCCTTCATGAGGTAAATTGACATTCATCTTATATGTATAATTAAGGATGAGTAATAAATTGTATAAAAATATTTTTATTTAATAATTTATATGTATTATTAATAATTCTGAATTTATCAATTGATATATTATTTTTGTTTTTCTTTATGCCATTC","Pf3D7_05_v3-1322099-1322341-1A.1",".",118,1,1
"IM-23-122-GUJH","8039832191","Maziba","Pf3D7_11_v3-1376058-1376305-1A","TTTCTGGCTCGATATAATCCATTTCAATATTTATATTAGATATGAAACATCTATCTTCAATAGGTGAATTTGCTGCAAATTGAGCCATAGAAAAATGATTCTCATTCCTTTGAAAATATGAACTATTCAACTCATCAAGGTTTTCATATGTTATTTCATAACTGCCATCATCTGAATCCTCTTCATCA","Pf3D7_11_v3-1376058-1376305-1A.1","140G",286,1,1
"IM-23-122-GUJH","8039832191","Maziba","Pf3D7_04_v3-284121-284364-1A","ATATTGTATATTATCATAAGATTTATATGGAGGACCACATTGAAATCCGACAATTTCATTTGATGCATGTAGTACACATTCCGTATTTCTGTTTGAATTATTTAAAATAATTTTATTACTTAGAAATGATTCTTTTTCACTATAATCTTTATATAACAAAGGTTCTTCATCAATTTGA","Pf3D7_04_v3-284121-284364-1A.4","163T",174,0.769911504424779,2
"IM-23-122-GUJH","8039832191","Maziba","Pf3D7_14_v3-771407-771633-1A","ACCCACGGGACATTTTAATTTATACCTATTGGAACATTTTTTATTAGGTCTTTCTTTATGATTCTTCTTTAAAATAGGTTCATCATTATTTGAGTAAACTAACAGATCATTATCGTTCTCAAAATTATTATAACCATCAATATTTTTATTTCCATATACATCTATAA","Pf3D7_14_v3-771407-771633-1A.6","36+8N108C",376,0.87037037037037,2
"IM-23-122-GUJH","8039832191","Maziba","Pf3D7_14_v3-421322-421547-1A","TAAGAAAGATGAAGTAATAGAAAAAACTGAAGTATCAAAGAAAACATTTTCAGGTATAGGTTTTAATCTTACTGAGAAAGAAGCTAAAGTATTAGGTGTAGGTGTAACCTATCAAGAATATCCAGAAACCATGTTATATAACTGTCCAAACAATTCTA","Pf3D7_14_v3-421322-421547-1A.1","20+8N",32,0.209150326797386,2
"IM-23-122-GUJH","8039832191","Maziba","Pf3D7_08_v3-1176313-1176549-1A","TACATCCAATGAATATTTTACACTTAAAAGAAATAAACAAATTATTCATAATAAAATACATATACTTTCTATGCAAAAAAATAAACAAAATACAAACGAGCTAAACAAATTATGTAATATTAACGCCATCATATTCAATATTAATTCTGATGATTTTGAGGTAGGCGATGAAATTGT","Pf3D7_08_v3-1176313-1176549-1A.1","74+9N111T136C",247,0.583924349881797,2
"IM-23-122-GUJH","8039832191","Maziba","Pf3D7_04_v3-1113397-1113639-1A","GATTCTGCATGCAGTAATGAATCTATTGAAATCATCTAAGAATAAACTTTTTTGTTTAAACCATTTATTGAACATTTCACTTAAATGTGATTCAATTTTTTTTTCTGAGATTTCCATAATTTGATTACATCTATTCAATTTGTTTGTATAATTATTAGGTCTTATTATTCTTTTACGTTTTAAATCATC","Pf3D7_04_v3-1113397-1113639-1A.4","47+8N95+11N110A130T152T154A",196,0.524064171122995,2
"IM-23-122-GUJH","8039832191","Maziba","Pf3D7_05_v3-395887-396136-1A","TCTAAGGATTGTTGGTTTTTTAGGATGCTCATCTTTTTAAGATAATCCTCTTTACTGTCGTTATTATTTAAATCGTTTTGTATAATATTATATTGTGAATTCCTTGTGTTTTTCATAACACTATTAGTCCTATTGGTGTTCTTCTTCTTATTATTATTATTATTGTTCTTCTTCTTAATAAA","Pf3D7_05_v3-395887-396136-1A.1","15+8N119C145+20N",145,0.783783783783784,2
"IM-23-122-GUJH","8039832191","Maziba","Pf3D7_13_v3-1146764-1147010-1A","AAATTTTCTCCTAAAGTTATGCCTTTGTTAATGAAGGAGAAGAACGTGAAACATAAAGCACCTCCTAAAGGTACTATAAAGCATACGCTAGAATATTTAAAAAGAGCAGGAGAATCAAGAATGAAAGAAAATGAATTATACAAATCAAAAAAAGATAGCACACTTAGTTCAATTGCAATTAGAAAAAATTCC","Pf3D7_13_v3-1146764-1147010-1A.1","64C110G146+9N182+8N",257,0.648989898989899,2
"IM-23-122-GUJH","8039832191","Maziba","Pf3D7_13_v3-1233093-1233332-1A","TCTATATGATCCTTATTTTTATCTTCATCACATTTATAATTTACATAATTTTCGACGTCATCATTTTCATTATTACTCATAATTGAATTATCCACAATGTTTGCCTCTTTTACAGCTTTACAAAGTTGGTAAAAAATATGATAATTCCTTTCACCTTCTTGTTGATCACACACCCGAACC","Pf3D7_13_v3-1233093-1233332-1A.1","130+8N",346,1,1
"IM-23-122-GUJH","8039832191","Maziba","Pf3D7_14_v3-1038300-1038538-1A","ATTAATGATTTATACACTTCAACTACACTTTTTAATTTAGCCCATACAACTAATAAAGCTCTACGATAAATTTCTTTTTTATTTGATTTAGAAAAAGGAGAAAACCATTGAAACTTTTTGGCTAGATATTTATGGTCTTTATCAAAAATATATTCTGAAACTTCATCTTCTAGAAGT","Pf3D7_14_v3-1038300-1038538-1A.3","50C74+8N",103,0.380073800738007,2
"IM-23-122-GUJH","8039832191","Maziba","Pf3D7_09_v3-202854-203106-1A","AATATACAAAGAATGCATATGATAAAATATTCTTTGTCCTTTAAAATTTTTTGTTCTTGTACTTTGTTTTTTATAATCTATTAAATTCATATCTGATGAAATATCATATTTATATTCCCCTTTATGAGCATTTACAAAAGTTTCGCTATTTCTTTTATTAATATATGTATTTGAGCACATATTTTTAT","Pf3D7_09_v3-202854-203106-1A.1","16C46+8N66+8N183T",118,0.319783197831978,2
"IM-23-122-GUJH","8039832191","Maziba","Pf3D7_09_v3-516735-517007-1A","ATAGAAGGATATATAAAAAATTATCAAGAATCATATAATATAAATGACCATTGTAAATTAGTTCCATTAAATTTTTATAAAGATTCTATTTCTAATGATTTAGGTACTCCATGCCCTGTGAATAGTATTACCTTAAATGTGGGCGCAAAAACTATAAATGAATGTTTGTGTAATAAAGGATATTTCTATAATGTCAAGAAACAACAATGTAA","Pf3D7_09_v3-516735-517007-1A.2","14+8N211A",64,0.347826086956522,2
"IM-23-122-GUJH","8039832191","Maziba","Pf3D7_08_v3-1366575-1366822-2","TTTAGCTTTTTCACATTGTGTTCTTAATCTTCTTAATGATTTTGAATTTTTGGAAACATCTTTACCTCCATTTTTTTTTTTAAAATCTTGTACACAGAAGTTTACTAATTTATTATCAAAATCTTCTCCTCCTAAATGTGTATCTCCTGAGGTAGCTTTAACTTCAAAAATTCCATCTTCAAGTGTTAATAAGG","Pf3D7_08_v3-1366575-1366822-2.1","70+13N",194,0.596923076923077,2
"IM-23-122-GUJH","8039832191","Maziba","Pf3D7_14_v3-377765-378020-1A","AAAGATATATCAACTGAAAAGATTTTATCAAATAATTGCTTTAATAATAAGTTAAAAAATTGATTTCCAATATCTATCATATTCATATAATCTAATGATTTAAAAATATATAATATACTCTTTGGACTAAATTTTAATTCATCATTTATTATTTTCTCTTTTACTATTGCTTTAATTTGATTAAAATATATAA","Pf3D7_14_v3-377765-378020-1A.2","21G53+8N71T",169,1,1
"IM-23-122-GUJH","8039832191","Maziba","Pf3D7_11_v3-1375807-1376056-1A","TCGTTATGTACCCTAATAAATTTTTTTTCATTATTTGAATCTATATTATTTACATTAGTATTTTGAGTTGTACCATAAATTTCAGTGTTATTATTATTTCTATTCATATAATTATGTCCGCTTATATAATTATGACCATTAAAAAAATGTCTTCCATGTATATCATCTCTTCTAATGTATTTA","Pf3D7_11_v3-1375807-1376056-1A.2","20+10N140+9N",61,0.504132231404959,2
"IM-23-122-GUJH","8039832191","Maziba","Pf3D7_07_v3-405570-405844-1B","ATAGCAATTGCTTATTACTTTAAATTCTTAGCCGTAAGAATTAAAAAGATATAAATATATAAATATATATGTGAAATATATGATATATATGATATATATGATATATATTTTTTATATGTAATGTTTTTTTTTTTTTTCACAATATACATTTAAATGTTTATGATGGTACAACGTATCATATTTTATAATAATTTTATGCATTCATGTATATTATTTTTACTTTTT","Pf3D7_07_v3-405570-405844-1B.6","49+57N114+16N",28,0.337349397590361,2
"IM-23-122-GUJH","8039832191","Maziba","Pf3D7_11_v3-408543-408771-1A","AGAGTGTTAATAATACTACAGCTAGTCATATTTCCAAATCCAAAAATGAACTTGAAAAAAAGTCATCAGCTAATAATAATGCTTATATTAAAATAATCGAAAATTATGATTTATTATGGTTAAAATTAATAGAAATTGAATTATGTTGTAATAATAAAAATTTAAATCCTATA","Pf3D7_11_v3-408543-408771-1A.2","27C54+9N70C95A",16,0.0547945205479452,2
"IM-23-122-GUJH","8039832191","Maziba","Pf3D7_13_v3-1725208-1725471-1B","CATAAATTTTATTATCAAAAGCAACACACATAGCTGATGATCTAGGGGTATTCAAAGGTGCCACCTCTACCCATGCTTTCATACGATGATCATATGCTTCTACATTCGGTATAATAGAAGAGCCATCATATCCCCCAATACAATAAATTCTACCATTTGACGTAACACCACAATTATTTCTTCTAGGTATATTTAAATTACTTGAAAC","Pf3D7_13_v3-1725208-1725471-1B.1",".",224,1,1
"IM-23-122-GUJH","8039832191","Maziba","Pf3D7_08_v3-1370814-1371045-2","TGTTGCAATATATTACTAAAAAATAGAATTATTATGTTATTTTGATCATATGGGAATACATTTAAATATTTATATTCTGATGAATATTCTTATAAAAAAAAAAGGGGGGGGGAAATAATACGTTCATGATTTATTTATATTTCAATATATTTTCTATTTTGCGA","Pf3D7_08_v3-1370814-1371045-2.3","17+8N93+21N",142,1,1
"IM-23-122-GUJH","8039832191","Maziba","Pf3D7_01_v3-528859-529104-1A","TTTGATTCTTTTTAATGAAAAAGAAGCTAAAGATATGTCAGACGATATAATTTCCCAACAAAAACGTTATTGCTCTACCAATATTCATAGTAATTATAATAATAAAATATGTATATGTAAAAATAAGCGACATCATAACAAAAGAGGGAAAGGAATAAAGCATCCTGACATACATCAAAAGG","Pf3D7_01_v3-528859-529104-1A.8","44G",108,0.141732283464567,2
"IM-23-122-GUJH","8039832191","Maziba","Pf3D7_01_v3-455794-456054-1A","AGAAAAAAAATTTATTAAGAGGTATTTCGATTTTAAAAATTTAAGAATTAATTTTTAATTATGTCTATAAAAACTTAATAGAAAATAAATATTATTTTGTTTTTCAAAAAAATGTTTAAGAATAATATTTCTTTATTCTTTTACAATTTAGAACATATAATGCTATTTCTTTTAATTTTAATTTAATTTCAAA","Pf3D7_01_v3-455794-456054-1A.1","2+10N105+9N",150,1,1
"IM-23-122-GUJH","8039832191","Maziba","Pf3D7_01_v3-194742-194973-1B","TACCTATAAAAATGAAAAAAATAAAGAAGAAGATAAATATGGAAAAAATGAAAAAAACGAAAAATATGACAAATATGACAAATATGAAAAATATGAAAAATATGATAAATACAAAAAAGATAATAAAAATCAACATGATGATCCACTTTATGATAATATTAATAAAAATTACGATAA","Pf3D7_01_v3-194742-194973-1B.2","14+9N42+17N112+8N",456,1,1
"IM-23-122-GUJH","8039832191","Maziba","Pf3D7_07_v3-475313-475545-1A","AGCTTTATTATCTACAAAAAATCCACGTGGATATATGAAACAAATGAAATTGTATTTTATATTCCAAATTAAAGAAATTGCATTAAGAAAACATGGCTCTTTACTTACAGTCAAAAATTTATATGATAATAAACTTTTAAATATAAATTCATCATCTTCTACAAATA","Pf3D7_07_v3-475313-475545-1A.2","15+8N125G",175,0.571895424836601,2
"IM-23-122-GUJH","8039832191","Maziba","Pf3D7_12_v3-529495-529767-1A","GCTCCCCAAAAGTTAACTGCTTCATTATTTTTTGGATCCCAAAAACTAACATTCGTTACCCATCCAACATAATCGGTAGATATCCTATATTCATAACTACTACAGAAATATTTATACTCATGGTATACATTTGCATCATTTACATCTACCAAATTAACAGTTTTACACAAATTGTGAATTCCATTCAAGTTATAAAAACCTGTACAT","Pf3D7_12_v3-529495-529767-1A.7","32T180T",121,0.510548523206751,2
"IM-23-122-GUJH","8039832191","Maziba","Pf3D7_07_v3-717260-717493-1A","GAGCTTGCTTTTTTGTTGCGTTACTTGCTGGGCTGATCAAAAAAAAAGTTGAATGTATTGAACTTAGTGCCAGCGAAATTTCCCCTCATGAAAACAAATCGACGAGTTCATCAATATTCCAAGAGGAATTAAAATTTGATGAGTCTCTGAAAAATTTTTTCAAACAA","Pf3D7_07_v3-717260-717493-1A.2","8+8N38+11N141G154+8N",488,1,1
"IM-23-122-GUJH","8039832191","Maziba","Pf3D7_07_v3-729480-729750-1A","TGAATGTTCAGAAATTTTATATCACTTAAATCGTTTGAGTGAGTTAGATCAAATATTGTTGAAAGATAAAATAAGTATATATGAGTATCAGCTAAAGGACACGTTTTTAACAACGTATGATATAGGTTGTTTATTAAAAATAGCTCAAGTGTTGAATGAACAAAATTATTATGATAACATTCCATTTTTGCATATATTTTTATATAACATACATAA","Pf3D7_07_v3-729480-729750-1A.1","42A",74,0.347417840375587,2
"IM-23-122-GUJH","8039832191","Maziba","Pf3D7_05_v3-958079-958350-1B","TTTTTATATCTGTGTTTGGTGTAATATTAAAGAACATGAATTTAGGTGATGATATTAATCCTATAATATTATCATTAGTATCTATAGGTTTAGTACAATTTATATTATCAATGATATCAAGTTATTGTATGGATGTAATTACATCAAAAATATTAAAAACTTTAAAGCTTGAATATTTAAGAAGTGTTTTTTATCAAGATGGACAATTTC","Pf3D7_05_v3-958079-958350-1B.1","186+8N",91,1,1
"IM-23-122-GUJH","8039832191","Maziba","Pf3D7_07_v3-405517-405773-2","TTTTCTACCATGACATATACTATTGTTAGTTGTATACAAGGTCCAGCAATAGCAATTGCTTATTACTTTAAATTCTTAGCCGTAAGAATTAAAAAGATATAAATATATAAATATATATGTGAAATATATGATATATATGATATATATTTTTTATATGTAATGTTTTTTTTTTTTTCACAATATACATTTAA","Pf3D7_07_v3-405517-405773-2.8","97+57N162+16N",98,1,1
"IM-23-122-GUJH","8039832191","Maziba","Pf3D7_03_v3-221463-221712-1B","ACTTGAATACCATTTCCACAAGTTACACTACATGGGGACCATTCAGTTGAAAGAGAATTTTTTATTGTCTTTAAATATTGTTCTATGTGCTTATCACTTGGTTCTTCGTTATTATTATTTTTTACAGCATTGTTGGCATTAGCATTTTCATCTACATTTCGGTTTGGGTCATTTGGCATATTGTGACCTTGTC","Pf3D7_03_v3-221463-221712-1B.1","62T67G69C80G83C117+8N130T",97,0.62987012987013,2
"IM-23-122-GUJH","8039832191","Maziba","Pf3D7_08_v3-102277-102527-1A","TACCTTCATCTATTGAATTAATTTTCTCAAGTAACATATTTTTGTCTTGACTACTTTCATCTGTAAATGGAACGAATACTCTTTGCTTACCTGCAAAAAGGACAATTGACATATGAGCCTTATCCTTACTTACATTCGAATTAAAGACCATAGATTCTAAAAATGGTATAGTTCCTTTTAACCAATAATC","Pf3D7_08_v3-102277-102527-1A.6","76A106T",198,0.492537313432836,2
"IM-23-122-GUJH","8039832191","Maziba","Pf3D7_04_v3-748374-748611-1B","AAACTGGGAAAGCATTCCAAAAAAATTTAAACCTTTAAGCAATAGGATAAATGTTATATTGTCTAGAACCTTAAAAAAAGAAGATTTTGATGAAGATGTTTATATCATTAACAAAGTTGAAGATCTAATAGTTTTACTTGGGAAATTAAATTACTATAAATGTTTTATATTAG","Pf3D7_04_v3-748374-748611-1B.3","3A18+9N72+9N169A170T",283,0.779614325068871,2
"IM-23-122-GUJH","8039832191","Maziba","Pf3D7_04_v3-748105-748359-1B","TGTGCATGTTGTAAGGTTGAAAGCAAAAATGAGGGGAAAAAAAATGAGGTTTTTAATAACTACACATTTAGAGGTCTAGGAAATAAAGGAGTATTACCATGGAAATGTATTTCCCTAGATATGAAATATTTTCGTGCAGTTACAACATATGTGAATGAATCAAAATATGAAAAATTGAAATATAAGAGATGTAAAT","Pf3D7_04_v3-748105-748359-1B.1","36+10N110T133C",209,1,1
"IM-23-122-GUJH","8039832191","Maziba","Pf3D7_06_v3-1140900-1141174-1A","CTTCCATGTGAGCTTCAAAATCGTCTGAAGGTCGACTAGACATGAAAAATTCAGATTGAGGTAAATCATCAAATGGATGATTTCTATATGATATTCTAGGTATTAATCCTAAGATATTATTTATGCTATTACATTGAGAATTTCCTTCATTGGTTGTGGTACTTATATCCACATTTTGGTGATCATCAGGATATAATGTATTTTCTTTAGAACTT","Pf3D7_06_v3-1140900-1141174-1A.2",".",95,0.492227979274611,2
"IM-23-122-GUJH","8039832191","Maziba","Pf3D7_04_v3-748585-748822-2","TTAATAAAAAAAATATATTTTACTAGAATAAATAGTACATATGAATGTGATGTATTTTTTCCAGAAATAAATGAAAATGAGTATCAAATTATTTCTGTTAGCGATGTATATACTAGTAACAATACAACATTGGATTTTATCATTTATAAGAAAACGAATAATAAAATGTT","Pf3D7_04_v3-748585-748822-2.1","5+10N54+8N",135,1,1
"IM-23-122-GUJH","8039832191","Maziba","Pf3D7_04_v3-900526-900759-1A","TTAACAACTTATCATCATTTATTAGATTCTTTTCATGGAACAGATTATTAACAGTATCCATAATTTTATGATCATCCGTGTTATATGTATCTATACAAGTATTTAACTTGCTTATATAATTTACATATTTCAACGGATCATTTTGAAGTATGCAATCATCGAATGAATA","Pf3D7_04_v3-900526-900759-1A.2",".",198,0.50126582278481,2
"IM-23-122-GUJH","8039832191","Maziba","Pf3D7_06_v3-1235395-1235658-1A","GAATATGATAAAATATATATACCAAACAATAAAAATAAAATTAATAATATAAATAATTTTTTAATAAAAAACAATTTGTTGTTGAAATCCAAATTTATGAGAATAACTCCTAATACCTATTTATGTCGTAATTGTGTCCTGTTATATCAAAATGATTTTTCGTATAATACATATGAAGAAGAAATTAATAAAATGG","Pf3D7_06_v3-1235395-1235658-1A.2","56+8N65+8N79T",51,0.485714285714286,2
"IM-23-122-GUJH","8039832191","Maziba","Pf3D7_12_v3-857050-857323-1A","ATATAATTTTAAGATGTCCTATCAAGACGTTCAGGAAAAAAAAAATGAAGATATAAATTATGATGAAATAGCTAGCAGCATGCTAGAGAAGATGGACAAACATATAAATGGAGAAAAACAACCAACGATACATTATGAAAATTTAAATGTACAAGAGCAAGAGGGAGCACATGCTTATTACTCAAATCAAGATATAAATAACATAAATA","Pf3D7_12_v3-857050-857323-1A.1","35+12N",80,0.48780487804878,2
"IM-23-122-GUJH","8039832191","Maziba","Pf3D7_08_v3-585331-585590-1A","TGAAAACTTTTCATGTACGGTTAATAAACAAAATAATTCTGAATTATATATAAGTAAAACTTCTTCTACATCTCTAAATTTATGCATTGTAGCTCTTTTAATATAATAAGGCAAATATTTTACAATATATTTTTGTTTAAAAAAACCTTGATGACCAACATTAATATCTTCCATTTTGGAAAAGGTTCCACTTAACG","Pf3D7_08_v3-585331-585590-1A.2","102T138+9N",210,0.798479087452472,2
"IM-23-122-GUJH","8039832191","Maziba","Pf3D7_14_v3-3214249-3214516-1A","TAAATAAAAAAGGATTAGATGATTTAATAAAAGATTTGTTAAAATATTTTCCAAAGAATTCAATTAGCGATCGTTTTGAATTGTTAGAATTTAAAATGACGGAGGATTGTTATACAAAAATGTGGTTTGATTTTATGATTGATTTTGGAATAGCTACAATGAATGAAAACGAACATACTAGATCTTTTTATGGCTTAATCGAA","Pf3D7_14_v3-3214249-3214516-1A.3","5+8N139T169A194C",252,0.541935483870968,2
"IM-23-122-GUJH","8039832191","Maziba","Pf3D7_13_v3-815862-816091-1A","ATGATGTAGATGCTAACACAACATCCTGGTCAGTATCTTGTGATAAATAATTTAATTTGTCCGCTAAAAAATAAAGTATAATTTCACAGCTTTTTTTATTTGTATCTGTGTTTTTCATGTTATCATAAAAAGACAAAGATGAAGTAGCACATGAGTTAATTA","Pf3D7_13_v3-815862-816091-1A.1","17C19C20A65+8N90+9N",161,1,1
"IM-23-122-GUJH","8039832191","Maziba","Pf3D7_03_v3-221295-221532-2","AAGGAACAAGAAGGATAATACCATTATTAATCCTATTGAACTATTTACGACATTAAACACACTGGAACATTTTTCCATTTTACAAATTTTTTTTTCAATATCATTTTCATAATCTAATTGGTCTTTAGGTTTATTAGCAGAGCCAGGCTTTATTCTAACTTGAATACCATTTCCACAAGTTA","Pf3D7_03_v3-221295-221532-2.2","86+11N107T120G",157,0.654166666666667,2
"IM-23-122-GUJH","8039832191","Maziba","Pf3D7_08_v3-1176313-1176549-1A","TACATCCAATGAATATTTTACACTTAAAAGAAATAAACAAATTATTCATAATAAAATACATATACTTTCTATGCAAAAAAATAAACAAAATACAAACGAGCTAAACAAATCATGTAATATTAACGCCATCATATTTAATATTAATTCTGATGATTTTGAGGTAGGCGATGAAATTGT","Pf3D7_08_v3-1176313-1176549-1A.3","74+9N",176,0.416075650118203,2
"IM-23-122-GUJH","8039832191","Maziba","Pf3D7_04_v3-1083299-1083563-2","ATATACTTTCCATATGTAGAGGACTTATGATATATAGAATTATAAGATAAATGTTTATAATAATCTAAAAAAGTATAATGAGGTATTATAACAAAATCCAAATGTCCTTCTTTTTCTTGTAAAATATCAATAGAATTTGCAATGTTATAATTTGATAACTCTTTAAAATGATATTGTAAAAAATTAACATTTTTATA","Pf3D7_04_v3-1083299-1083563-2.2","4T66+8N177+8N",108,0.534653465346535,2
"IM-23-122-GUJH","8039832191","Maziba","Pf3D7_04_v3-109939-110184-1A","CAACATCTGAATTATATAAATCTTTAGAAAAACAACTAATATCCTTACTCCATATATTTATTTTTATACCAAGAATAACAGCCATATAAACCAAAACTCTCTCAAATACATGTGATACAGGTAAATAAGAAAAATGGGTTTTCGGTTTCATGTTTTTTATTACATTATGATCACATAATGGTGCTACT","Pf3D7_04_v3-109939-110184-1A.1","51C152+8N",109,0.339563862928349,2
"IM-23-122-GUJH","8039832191","Maziba","Pf3D7_05_v3-350808-351052-1A","TAATATAATTTGAGTTGATAATATTATAATTATTTTTTATATGTTGCTCATTTATATTATTATGATAAATATGAGTTGTATTTTTATTAGAGTTGTAGGACATTTTCCCATACATGAGTTGTTTTACATTTTTAACATTTTTATAATTATGTATTAAACATAAGATTATTAGATAAA","Pf3D7_05_v3-350808-351052-1A.2","32+8N",102,0.26984126984127,3
"IM-23-122-GUJH","8039832191","Maziba","Pf3D7_08_v3-1313088-1313338-1A","TGAGAGACATAGATATATGATAGAAAAATGGAAAAAAGAAGATTGGTTTTGTGATTTAAAAGAAACGTTGAAAAATGAATTTGAAGAACAGATGGATATAGGAAAAGTATCTTTTTTATATGAAAATAATAGAGAGTATGGAAAAAATTTTTATTTGGAAAAGCAAAAAATTATATGGAAAAGATGG","Pf3D7_08_v3-1313088-1313338-1A.1","31+8N111+8N141+8N164+8N",198,1,1
"IM-23-122-GUJH","8039832191","Maziba","Pf3D7_13_v3-1146764-1147010-1A","AAATTTTCTCCTAAAGTTATGCCTTTGTTAATGAAGGAGAAGAACGTGAAACATAAAGCACCTCCTAAAGGTACTATAAAGCATACGCTAGAATATTTAAAAAGAGCAGCAGAATCAAGAATGAAAGAAAATGAATTATACAAATCAAAAAAAGATAGCACACTTAGTTCAATTGCAATTAGAAAAAATTCC","Pf3D7_13_v3-1146764-1147010-1A.2","64C146+9N182+8N",139,0.351010101010101,2
"IM-23-122-GUJH","8039832191","Maziba","Pf3D7_05_v3-369676-369949-1A","TGTAATATTATATATCCTGTTATAAATAAATCACTGGATATGGATGTGAAAAAAGAAGATATAAAAAAAAATGTAGAAGAAAATAAATATATAGAACATACACAGAATTTGAAAAATCATTTAGAAAATGATGAAAATGAGAAAAAAAAAAGAAGAAAAAGATCAAATAATAATGACAATTATAATTCTCATGATAATAATATTTTTCA","Pf3D7_05_v3-369676-369949-1A.4","34C48+8N62+11N118C141+12N",99,0.702127659574468,2
"IM-23-122-GUJH","8039832191","Maziba","Pf3D7_05_v3-369676-369949-1A","TGTAATATTATATATCCTGTTATAAATAAATCATTGGATATGGATGTGAAAAAAGAAGATATAAAAAAAAATGTAGAAGAAAATAAATATATAGAACATACACAGAATTTGAAAAATTATTTAGAAAATGATGAAAATGAGAAAAAAAAAAGAAGAAAAAGATCAAATAATAATGACAATTATAATTCTCATGATAATAATATTTTTCA","Pf3D7_05_v3-369676-369949-1A.1","48+8N62+11N141+12N",42,0.297872340425532,2
"IM-23-122-GUJH","8039832191","Maziba","Pf3D7_09_v3-164045-164311-1A","ATCAACTGGTGTTGCAAAACCATTAGTTACCAATTTTAATTCTCCATTTAGTGCTTTTGGTAAAACAAATACCAGTGATATATTTAAAACTAATACTACTGCATCAACTACAAATGCAACTGCAACTGCAACTCCTGCTCCCTTTGGATCAGCATTTGGAGCGCAAAAGAATAATGATAGCTTGTTTGGAAATAATGCATTCAAGCTTTCG","Pf3D7_09_v3-164045-164311-1A.1",".",325,1,1
"IM-23-122-GUJH","8039832191","Maziba","Pf3D7_13_v3-958247-958510-1B","TTTATATTATCTGTAATATGCACGTTTTGTATAATATTATCAATATTTGTAGCATTTTGACCGTATGTTTCATTTTCATCGTATGTTCCATTTATATTGTATGTTCCATTTTCATCGTATGTTCCATTTATATTGTATGTTCCATTTTCATCGTATGTTCCATTTATATTGTATGTTCCATTTTTATCATATGTTATGTCCACAT","Pf3D7_13_v3-958247-958510-1B.86","24G106C",122,0.66304347826087,2
"IM-23-122-GUJH","8039832191","Maziba","Pf3D7_14_v3-106867-107115-1A","AATGACATGAACAAGTCAGGCGAAAAAGAGGAACATGTTATAAATAGTAAATGGAAAAATAAATTTTTCCATGAAGTAATACAAAATATGTTATATGATGATAATATAAATGATCATAAGGAAGAAATTAAGGAAGATAATTCTAATGAATATAATATCAATAATAAAAATGATAATTTATATGATATA","Pf3D7_14_v3-106867-107115-1A.1","78A",184,0.876190476190476,2
"IM-23-122-GUJH","8039832191","Maziba","Pf3D7_14_v3-1166107-1166371-1A","TTTTTGAATTATTAAATATATCTTCTATAAAAAAAGAATATCAAGCTATACATAACAATAAGTATTTTTTATGGAATATGGATGCAGATTTTTTTACTATAAAAAATCATCATAAGGATAATAAGGATAACAATGATGAAAATGTGAATGTAATAATACAACAAAATAATTTAGTTCTAGAAAAATATGATCATTTAATAGA","Pf3D7_14_v3-1166107-1166371-1A.2","28+9N64+8N88+9N100+8N179A",186,1,1
"IM-23-122-GUJH","8039832191","Maziba","Pf3D7_08_v3-1099719-1099977-1A","AAAAAATAAAAAATCAAACAAGATAAATAATAATGTATATAATACTAGTGGTATAAAAAATAATGATCAAAATATGGATAATATGAATCAAAAAGGAAAAAGTAACAAAAATTCAAATAAATATAATTTTGATGAAGAGGATTTATGGTTTTTATGTGATTTATGTAATAATCCTATAAGTCCGTTATGTTA","Pf3D7_08_v3-1099719-1099977-1A.4","1+14N54+8N97A",84,0.535031847133758,2
"IM-23-122-GUJH","8039832191","Maziba","Pf3D7_11_v3-408285-408534-1A","TATGAAGAAGGTTTAAAATATTGTGCGTCATCAATTAATTTATGGATATGTGCTATCGATTTACAAATAGAAAAAAAGAATTATACAGGTGCTAGAGCTTTGACGGAGAAAGCAAAAATCAAAATCAAGTATTTAAATTCTTTTAATAATAATAGTCATATTTTAAAAAGTAAAGAAATTATTGAA","Pf3D7_11_v3-408285-408534-1A.1","70+9N",238,1,1
"IM-23-122-GUJH","8039832191","Maziba","Pf3D7_04_v3-141741-141990-1A","TGAATACCATATAGCCCTTTCAAATTATATAAAGACAGAACTAAGAAATATAAACCTGCAAGAAATAAAAAACAATATAATAAAAATATTTAAAGAATTCGAATCTGCACACAAAGAAATTAAAAAAGAATCAAAACAAATTAATAAAGAATTTACCAAAATGGATGTCGTCATAAATCAATTAAGAGATATAG","Pf3D7_04_v3-141741-141990-1A.2","66+8N101G121+8N134A",187,0.377016129032258,2
"IM-23-122-GUJH","8039832191","Maziba","Pf3D7_13_v3-1876391-1876664-1A","AACTATCTGTAAAAGTATGTTTAGAACTAACATTTGAAGAGAAGTTACATCCGTGTATGACTTTTTTTTCATATTTTGGTTTTAAAACTATTTTATAATTATTATTTTTAAATTTGCATGTACATTCTGTATTAACATCTTTTGATGTAACATAAAATGGAGCTTTAAAGATAGTTAACTTTTCATGATAAATTATTTTATTACTTTTATATA","Pf3D7_13_v3-1876391-1876664-1A.2","61+10N179C184C",45,0.226130653266332,2
"IM-23-122-GUJH","8039832191","Maziba","Pf3D7_13_v3-1726174-1726408-2","TTTCTAATTCTTTGTACAATCGTACTCTTTCCATTTCTAGTTCTTTCTTATCTTTAAATAATTTATCTTTTTCTCGAATAAAATTCATTTGTGTCTTTTTTAACCAATTAATAAATGTAATTCTTAAATCACCTACCATATTTTCAAAATCACTAGCATCACTTAAT","Pf3D7_13_v3-1726174-1726408-2.1","95+8N",451,1,1
"IM-23-122-GUJH","8039832191","Maziba","Pf3D7_01_v3-145388-145662-1A","GATATGTTTAAATATATGATTCTCGAAAAAACTTTTTTTATTTTTTTTGTCAATAGATAAATGATCAATATTTTCTATATTTAATCTATCAAGTATTTTTATATATCTATTATTTCTTTCTTCGATGGATAAATTATAAGAATCAATATCCTTTCTTTCATCAACAAACTTTTTTATTGTTAACTCCATTTTTTTATTTAAGATACCA","Pf3D7_01_v3-145388-145662-1A.1","25+25N169+8N188+9N",27,0.321428571428571,2
"IM-23-122-GUJH","8039832191","Maziba","Pf3D7_12_v3-2092529-2092798-1B","AGTTGAAGGGGGAGGAATGATCGGAGTTATCAGATTAGAAAATCAAGTGAGAAATCCCCCTGTAATAAAATTGAAGAGTCATACATCTCCCATCCTTGATTTGTCATTTAACCCGTGTTATAGTGAGATATTAGCTTCATGTTCAGAAGATATGTCTATAAGAATATGGGAGATACGTCATGAGGATGAGAATGTGAATGAGGTA","Pf3D7_12_v3-2092529-2092798-1B.1",".",257,1,1
"IM-23-122-GUJH","8039832191","Maziba","Pf3D7_01_v3-181512-181761-1A","TTCACTATTGTTTTCATTCTTTTTTTAACTAAAACTATTCATCTCAAAAATATAAGATATTTTATATGACGAATGCCATTGTATTTTTTGTTACGTAAAACCTGACTTCTTCAGGGAAAACACATGCGCATTTTCACCAATTTTTGCCTAAGCTTATTATAAAAAGTATATTAAATGTATGAC","Pf3D7_01_v3-181512-181761-1A.37","5C19+9N30T83+8N114G",119,0.316489361702128,2
"IM-23-122-GUJH","8039832191","Maziba","Pf3D7_01_v3-181512-181761-1A","TTCATTATTGTTTTCATTCTTTTTTTAACGAAAACTATTCATCTCAAAAATATAAGATATTTTATATGACGAATGCCAATGTATTTTTTGTTACGTAAAACCTGACTTCTTCAGGGAAAACACATGCGCATTTTCACCAATTTTTGCCTAAGCTTATTATAAAAAGTATATTAAATGTATGAC","Pf3D7_01_v3-181512-181761-1A.40","19+9N79A83+8N114G",257,0.683510638297872,2
"IM-23-122-GUJH","8039832191","Maziba","Pf3D7_12_v3-529495-529767-1A","GCTCCCCAAAAGTTAACTGCTTCATTATTTTTTGGATCCCAAAAACTAACATTCGTTACCCATCCAACATAATCGGTAGATATCCTATATTCATAACTACTACAGAAATATTTATACTCATGGTATACATTTGCATCATTTACATCTACCAAATTAACAGTTTTACACAAATTGTGAATGCCATTCAAGTTATAAAAACCTGTACAT","Pf3D7_12_v3-529495-529767-1A.1","32T",116,0.489451476793249,2
"IM-23-122-GUJH","8039832191","Maziba","Pf3D7_04_v3-284121-284364-1A","ATATTGTATATTATCATAAGATTTATATGGAGGACCACATTGAAATCCGACAATTTCATTTGATGCATGTAGTACACATTCCGTATTTCTGTTTGAATTATTTAAAATAATTTTATTACTTAGAAATGATTCTTTTTCACTATAATCTTTATATAAGAAAGGGTCTTCATCAATTTGA","Pf3D7_04_v3-284121-284364-1A.1","157G",52,0.230088495575221,2
"IM-23-122-GUJH","8039832191","Maziba","Pf3D7_12_v3-63081-63314-1A","TTTCCGTCATAATAGTTGCATACATTCTATTAAAAACTTTGGGTACTCCTAATATAATTTCACCTTTTGAATTACATATGTCTGTATTCAAAAATTTTATATCTCTACTCCATATATTTATCTTTACACCCAAAAACAAAGCAATGAAAAAAACAACCCTTTCATA","Pf3D7_12_v3-63081-63314-1A.1","146+9N",167,0.439473684210526,2
"IM-23-122-GUJH","8039832191","Maziba","Pf3D7_12_v3-63081-63314-1A","TTTCCGTCATAATAGTTGCATACATTCTATTAAAAACTTTGGGTACTCCTAATATAATTTCACCTTTTGAATTACATATGTCTGTATTCAAAAATTTTATATCTCTACTCCATATATTTATCTTTACATCCAAAAACAAAGCAATGAAAAAAACAACCCTTTCATA","Pf3D7_12_v3-63081-63314-1A.6","129T146+9N",213,0.560526315789474,2
"IM-23-122-GUJH","8039832191","Maziba","Pf3D7_14_v3-120101-120365-1A","TTTTACAACATTATTTTTTTCTTCCTCCTCAGATAAAATAGGTACACATATCGCGTCCTTATCACATCCTCCATTGTTTACCTTACAATGTTCTTCGCATTCGAAATTTTTTTCAGGATTACTTGAAAAGCCTTCTGGACAATTACAATATTCATATCCATGAACATTCTTACAAACACCTTTTCCACAATTTAAAA","Pf3D7_14_v3-120101-120365-1A.3","13+9N106+9N164A165C",165,1,1
"IM-23-122-GUJH","8039832191","Maziba","Pf3D7_02_v3-630641-630907-1A","CTAAGTTATCTAAAATTATTAATTTTTTCAAATATGGTAATTTATGTCTATGAAGTAATAAGCCATCAACTAAATCTAAATCTAAACATAACCATTCTAATTTCGTTTCATTTAATATGTTTACAATTACATCTATACTAAAGTTAGAATGTAAAATCAAGGTTGTTACACCACTCATCATAGCTGCCATATCAACAAT","Pf3D7_02_v3-630641-630907-1A.1","22+8N43T",231,1,1
"IM-23-122-GUJH","8039832191","Maziba","Pf3D7_03_v3-221185-221419-1B","AAATAAATTAAATAGGAAAATATAAAGAAAAATGAAAATTAAGAAAAAAAGTAGTATATATTTTTATAAATATTGTACAACTCAAACTAAGATGTGTTCTTTATCTAATTAAGGAACAAGAAGGATAATACCATTATTAATCCTATTGAACTATTTACGACATTAAACA","Pf3D7_03_v3-221185-221419-1B.1","43+9N",217,1,1
"IM-23-122-GUJH","8039832191","Maziba","Pf3D7_04_v3-748374-748611-1B","AAACTGGGAAAGCATTCCAAAAAAATTTAAACCTTTAAGCAATAGGATAAATGTTATATTGTCTAGAACCTTAAAAAAAGAAGATTTTGATGAAGATGTTTATATCATTAACAAAGTTGAAGATCTAATAGTTTTACTTGGGAAATTAAATTACTATAAATGTTTTATTATAG","Pf3D7_04_v3-748374-748611-1B.1","3A18+9N72+9N",80,0.220385674931129,2
"IM-23-122-GUJH","8039832191","Maziba","Pf3D7_14_v3-294506-294753-1B","AATTTAGATGTTATCAAAGTCCCATTCTTACCTTTCTATGTAACTCTTTGTAACAACAGCAAATTACCAACTTTTGAATTTACCTCAGAAAATGGTAAATACACATTAGAACCTGAATACTACCTTCAACACATAGAAGATGTTGGTCCAGGATTATGTATGCTTAATATCATAGGATTAGATTTTCCAGT","Pf3D7_14_v3-294506-294753-1B.1",".",289,1,1
"IM-23-122-GUJH","8039832191","Maziba","Pf3D7_14_v3-297583-297856-1B","AGGAGGTTTTTCTTATTATATTTTTGAAAATTTCGTTTTTCAAAAGAACCGTAAAATTAATCACATAATTAAGACTTCAAAATATTCGACAGTAGGATTTAATATTGAAAATTCTTATGATAGACTTATGAAAACAATTAAAGAGCATAAATTAAAAAATTATATAAAAGAATCAGTAAAACTTTTTAATAAAGGTTTAACCAAAAA","Pf3D7_14_v3-297583-297856-1B.1","153+8N",130,1,1
"IM-23-122-GUJH","8039832191","Maziba","Pf3D7_04_v3-648065-648332-1A","TATGACTTCTGATTCAGTTTTGTTAAGATATATACCAAGAGATCTTAACAAATATAATAATTTTTCACCACTAACTCCATCTTTATTAGTATCGTATTCTTTAAATATTGATTCAATCTCAGCTCTCTTAAAGAAAACAAATATATATACATATATATATGTATTTATATGAATTTGTATCAATAAATAATAACATTCTTA","Pf3D7_04_v3-648065-648332-1A.1","141+30N",114,1,1
"IM-23-122-GUJH","8039832191","Maziba","Pf3D7_06_v3-1192628-1192867-1A","GATTATATATTTCTATATTTTAATAAGAATGCGTTACACAAACATGATGCCTCTAATGAAATGTGTTTTGTGAAAAACGAAGATTCTACACGCACAAAAGGACATATGAATGATGAACAAAATGATTTATATAAAATAAATAATAATACAACATATTTTTTTAACAAAAACCACT","Pf3D7_06_v3-1192628-1192867-1A.1","30T155+9N",272,1,1
"IM-23-122-GUJH","8039832191","Maziba","Pf3D7_06_v3-1197245-1197515-1A","CATTAGGAAAAACAACAGAGCCTTCTTCCATACCATAAATACATAAATCATTTCCACTAATCTTTTCTAAATATTGCACAAAAGAATCAATATCATTATAAGATGACATCTTCTTTCTTATAAAATCTAATTGAGCTTTGGTAAATCGAAAACAATTAATATATTTTATTACTTCATATACACCAGCTAATATAGCAAATTGAC","Pf3D7_06_v3-1197245-1197515-1A.1","20G",283,1,1
"IM-23-122-GUJH","8039832191","Maziba","Pf3D7_04_v3-900526-900759-1A","TTAACAACTTATCATCATTTATTAGATTCTTTTCATTGAACAGATTATTAACAGTATCCATAATTTTATGATCATCCGTGTTATATGTATCTATACAAGTATTTAGCTTGCTTATATAATTTACATATTTCAACGGATCATTTTGAAGTATGCAATCATCGAATGAATA","Pf3D7_04_v3-900526-900759-1A.3","37T106G",197,0.49873417721519,2
"IM-23-122-GUJH","8039832191","Maziba","Pf3D7_11_v3-1293919-1294168-1A","TCCATATCAAAAAAGTGATGTGTATCATCCAATCAACGAACATAGGGAACATCCAAAAGAATACCAATATCCATTACACCAGGAACATACATACCAACAAGAAGATTCAGGAGAAGACGAAAATACATTACAACACGCATATCCAATAGACCACGAAGGTGCTGAACCCGCACCACAAGAACAAAATTTAT","Pf3D7_11_v3-1293919-1294168-1A.4","13A27A65C163T",134,0.540322580645161,2
"IM-23-122-GUJH","8039832191","Maziba","Pf3D7_14_v3-3214249-3214516-1A","TAAATAAAAAAGGATTAGATGATTTAATAAAAGATTTGTTAAAATATTTTCCAAAGAATTCAATTAGCGATCGTTTTGAATTGTTAGAATTTAAAATGACGGAGGATTGTTATACAAAAATGTGGTTTGATTTTATGAGTGATTTTGGAATAGCTACAATGAATGAAAGCGAACATACTAGATCTTTTTATGGCTTAATCGAA","Pf3D7_14_v3-3214249-3214516-1A.2","5+8N169G194C",213,0.458064516129032,2
"IM-23-122-GUJH","8039832191","Maziba","Pf3D7_08_v3-585331-585590-1A","TGAAAACTTTTCATGTACGGTTAATAAACAAAATAATTCTGAATTATATATAAGTAAAACTTCTTCTACATCTCTAAATTTATGCATTGTAGCTCTTTTAAGATAATAAGGCAAATATTTTACAATATATTTTTGTTTAAAAAAACCTTGATGACCAACATTAATATCTTCCATTTTGGAAAAGGTTCCACTTAACG","Pf3D7_08_v3-585331-585590-1A.1","138+9N",53,0.201520912547529,2
"IM-23-122-GUJH","8039832191","Maziba","Pf3D7_13_v3-748254-748510-1B","ATACCAAAAAAAATAAAATAAAATAAAATGAAATAATAAATAAATAAATATACATATATTTACATATATATATATATAATTACACATATTTTTGATTGAGGACAAATTACATGTAGTGTAGTTCGTCTTCCTTGTGCGTTTCAATCACACAATCCGATTTAGGATAACATGTACACAAAAGAATATATTTTTTCTT","Pf3D7_13_v3-748254-748510-1B.2","5+10N25I=AAAAT39+33N108A180+8N",118,1,1
"IM-23-122-GUJH","8039832191","Maziba","Pf3D7_08_v3-585703-585949-1A","AAACACATCATCAAAAGTTTCTGATATTGGCTTGTTTGATTCTTTATATTTAAAATCTTTATATAAATAAAATCTATCTTTCTTAAAATATGGATCTTTACGTAGTTCAATCGAATCCCTATCAGTTACAATATTTATATCTTTTAATGTTAAGTGGAAATTAGAATCAATAATAGCTA","Pf3D7_08_v3-585703-585949-1A.3","105G118C",194,0.621794871794872,2
"IM-23-122-GUJH","8039832191","Maziba","Pf3D7_14_v3-407306-407542-1A","CTTTCTTTCGTCTTTCTGTTCATTATCCATATAATCTTTTTCTACTACCTTTTCATTCTTTACTTTATTTCTATTAATACACAACTCTCCTTGAGTTAAGAGATTTACGATATTATCAATATTGTTTTCTTTCATATACTTCAACTTTTTACTATTCATTTTTAAAAGA","Pf3D7_14_v3-407306-407542-1A.5","44A47A",76,0.262068965517241,2
"IM-23-122-GUJH","8039832191","Maziba","Pf3D7_14_v3-407306-407542-1A","CTTTCTTTCGTCTTTCTGTTCATTATCCATATAATCTTTTTCTACTACCTTTTCATTCTTTACTTTATTTCTATTAATACACAATTCTCCTTGAGTTAAGAGATTTACGATATTATCAATATTGTTTTCTTTCATATACTTCAACTTTTTACTATTCATTTTTAAAAGA","Pf3D7_14_v3-407306-407542-1A.4","44A47A85T",214,0.737931034482759,2
"IM-23-122-GUJH","8039832191","Maziba","Pf3D7_14_v3-421322-421547-1A","TAAGAAAGATGAAGTAATAGAAAAAACTGAAGTATCAAAGAAAACATTTTCAGGTATAGGTTTTAATCTTACTGAAAAAGAAGCTAAAGTATTAGGTGTAGGTGTAACCTATCAAGAATATCCAGAAACCATGTTATATAACTGTCCAAACAATTCTA","Pf3D7_14_v3-421322-421547-1A.2","20+8N76A",121,0.790849673202614,2
"IM-23-122-GUJH","8039832191","Maziba","Pf3D7_08_v3-585993-586266-1A","TGTAAATATAAATCATACGTATGACATGAATCATCATTTAATGCATTCTTAATTGTTAATGCTAATCTACTTACAATAATATAAGCAAAGTTTATATGAGAATGAATACCTTCTTTTCCTAAAAAGTTATAAAGACTAACAAATGGAGCATATATTATAAATTTATCATACTTTTTTTTGTGCATAACTTCATTTAATAAAATATTT","Pf3D7_08_v3-585993-586266-1A.1","171+10N",146,0.429411764705882,2
"IM-23-122-GUJH","8039832191","Maziba","Pf3D7_13_v3-1041593-1041860-1AB","CAAGATTGAAGTATTACATATCTCAGAAATTAAATGTATGCCCAAGAGATGTAAATGCACACATTGTAGGTGCTCATGGAAATAAAATGGTTCTTTTAAAAAGATACATTACTGTAGGTGGTATCCCTTTACAAGAATTTATTAATAACAAGTTAATTTCTGATGCTGAATTAGAAGCTATATTTGATAGAACTGTTAATACT","Pf3D7_13_v3-1041593-1041860-1AB.1",".",231,1,1
"IM-23-122-GUJH","8039832191","Maziba","Pf3D7_05_v3-350808-351052-1A","TAATATAATTTGAGTTGATAATATTATAATTATTTTTTATATGTTGCTCATTTATATTATTATGATAAATATGAGTTGTATTTTTATTAGAGTTGTAGGACATTTTCCCATACATTAGTTGTTTTACATTTTTAACATTTTTATAATTATGTATTAAACATAAAATTATTAGATAAA","Pf3D7_05_v3-350808-351052-1A.5","32+8N116T164A",256,0.677248677248677,3
"IM-23-122-GUJH","8039832191","Maziba","Pf3D7_05_v3-350808-351052-1A","TAATATAATTTGAGTTGATAATATTATAATTATTTTTTATATGTTGCTCATTTATATTATTATGATAAATATGAGTTGTATTTTTATTAGAGTTGTAGGACATTTTCCCATACATTAGTTGTTTTACATTTTTAACATTTTTATAATTATGTATTAAACATAAGATTATTAGATAAA","Pf3D7_05_v3-350808-351052-1A.1","32+8N116T",20,0.0529100529100529,3
"IM-23-122-GUJH","8039832191","Maziba","Pf3D7_09_v3-163813-164052-1A","GTAATAATAATAATAATAATGTATTTCTTTCATCAAGTGATCCAAATAAATTAAACACAACACCATCACCATTTGGTTTATCATCTATTGGAAATCTAAATACAAACAATAAATTAAATAGCTTTCCAGACTTTAGTCAAGCTAATAAAACATTTCTACAAAATGATAGCTTAT","Pf3D7_09_v3-163813-164052-1A.2","2+19N28T",243,1,1
"IM-23-122-GUJH","8039832191","Maziba","Pf3D7_09_v3-1406342-1406614-1A","TCTCAGATTATCATAGTGTTGTGGATGAAGATTTAATTAATTTTAATGATGATGTTACTTTAGAAACACAATCCATGATAGCACACGGAGGGTCTTTGTCAGAAATAGAAGAAACTGAAGATTTATCTTCAGATGTTGATAGATTACTTTCATCAATCGAAACTACTCCAAGAGATGATGTTGTATATATACGAGGTGATATTATATT","Pf3D7_09_v3-1406342-1406614-1A.3","118A148T204A",433,1,1
"IM-23-122-GUJH","8039832191","Maziba","Pf3D7_09_v3-1015103-1015350-1A","ATTATTTAATTTTTCATCTTTTATATTTTTCAGATTTTTTATATGAAGATGTAGGAATACAACTAAATTAACAGCTGAAAATAATCTTACTAACAAAAATAATTTGAGGAATTCTTCATCATATAAATCTTTTGGAATATTATTTGTGTATTCATAAATTTCTATTAAGGATATAATAGTTATGA","Pf3D7_09_v3-1015103-1015350-1A.3","34+8N51G",61,0.564814814814815,2
"IM-23-122-GUJH","8039832191","Maziba","Pf3D7_14_v3-1038300-1038538-1A","ATTAATGATTTATACACTTCAACTACACTTTTTAATTTAGCCCATACAATTAATAAAGCTCTACGATAAATTTCTTTTTTATTTGATTTAGAAAAAGGAGAAAACCATTGAAACTTTTTGGCTAGATATTTATGGTCTTTATCAAAAATATATTCTGAAACTTCATCTTCTAGAAGT","Pf3D7_14_v3-1038300-1038538-1A.1","74+8N",168,0.619926199261993,2
"IM-23-122-GUJH","8039832191","Maziba","Pf3D7_14_v3-106867-107115-1A","AATGACATGAACAAGTCAGGCGAAAAAGAGGAACATGTTATAAATAGTAAATGGAAAAATAAATTTTTCCATGAAGTTATACAAAATATGTTATATGATGATAATATAAATGATCATAAAGAAGAAATTAAGGAAGATAATTCTAATGAATATAATATCAATAATAAAAATGATAATTTATATGATATA","Pf3D7_14_v3-106867-107115-1A.2","120A",26,0.123809523809524,2
"IM-23-122-GUJH","8039832191","Maziba","Pf3D7_13_v3-1406713-1406975-1A","TTTCATGTCTTCTTAAATATGTTTTAAATTCATTATTTAATTTTTCATCATATTTAGGTACATTTTTTTTTGGAAATCTAGATGTTTCATTATTATCGTGATTTGATGAATATATATAATGAGTTTGTTTAAAATGTGGTTCATTCAAATTATCTTTTTTCTTATCTTCGTGTATATTTTTATTATAATTTGAATACTTC","Pf3D7_13_v3-1406713-1406975-1A.1","6T62+11N154+8N",78,0.417112299465241,2
"IM-23-122-GUJH","8039832191","Maziba","Pf3D7_05_v3-958372-958608-1B","ATTTATAACAATTTTTACATATGCCAGTTCCTTTTTAGGTTTATATATTTGGTCATTAATAAAAAATGCACGTTTGACTTTATGTATTACTTGCGTTTTTCCGTTAATTTATGTTTGTGGTGTCATATGTAATAAGAAAGTAAAATTAAATAAAAAAACATCTTTGTTATATAATAACAATACC","Pf3D7_05_v3-958372-958608-1B.2","60+8N151+9N",156,0.528813559322034,2
"IM-23-122-GUJH","8039832191","Maziba","Pf3D7_11_v3-408543-408771-1A","AGAGTGTTAATAATACTACAGCTAGTAATATTTCCAAATCCAAAAATGAACTTGAAAAAAAGTCATCAGTTAATAATAATGCTTATATTAAAATTATCGAAAATTATGATTTATTATGGTTAAAATTAATAGAAATTGAATTATGTTGTAATAATAAAAATTTAAATCCTATA","Pf3D7_11_v3-408543-408771-1A.1","54+9N",276,0.945205479452055,2
"IM-23-122-GUJH","8039832191","Maziba","Pf3D7_05_v3-958372-958608-1B","ATTTATAACAATTTTTACATATGCCAGTTCCTTTTTAGGTTTATTTATTTGGTCATTAATAAAAAATGCACGTTTGACTTTATGTATTACTTGCGTTTTTCCGTTAATTTATGTTTGTGGTGTCATATGTAATAAGAAAGTAAAATTAAATAAAAAAACATCTTTGTTATATAATAACAATACC","Pf3D7_05_v3-958372-958608-1B.1","45T60+8N151+9N",139,0.471186440677966,2
"IM-23-122-GUJH","8039832191","Maziba","Pf3D7_05_v3-958920-959168-1B","AATAATAAATCGAAAACCATTAGTTGAAAATAATGATGATGGAGAAACATTACCAAATATTAAAAAAATTGAATTTAAAAATGTAAGATTTCATTATGATACTAGAAAAGATGTTGAAATTTATAAAGATTTAAGTTTTACTCTAAAAGAAGGGAAAACATATGCATTTGTGGGAGAATCA","Pf3D7_05_v3-958920-959168-1B.1","61+9N",159,1,1
"IM-23-122-GUJH","8039832191","Maziba","Pf3D7_08_v3-1370603-1370853-1B","AAAAGTAATTAAAAAAAAAAAAAATGAAAATAAAAAAAAACATTACATATTTTTTTATGTATAAAATATTTTAAAGCACTGAGATTATTTATGTTATAAATTAATTGAATGTTTAAAAGATTATAAAATTTTATTTATGAAAATATATGAATATATATAATATAAGCAGGTATTAAATAACCAAATAATAT","Pf3D7_08_v3-1370603-1370853-1B.2","10+32N49+9N",75,1,1
"IM-23-122-GUJH","8039832191","Maziba","Pf3D7_11_v3-497277-497548-1A","TTTTAGATTTAATTGAATATTCATTTTTAAATTATACTAGTTCTAATTTAAATACAATAAATAATAATAATGACAAAAAAAAACAAAATCAAAAAAATAAAAATCGCAAATATAGTAAAAATAATATTTTAGATCTCTATGAACACGTAAGTACGATCAGTTTATTTTATCACACGTTTAATTTACCTAAGGAGTATAATGAAAAATTGTT","Pf3D7_11_v3-497277-497548-1A.2","74+11N90+9N148T",114,1,1
"IM-23-122-GUJH","8039832191","Maziba","Pf3D7_12_v3-1959644-1959891-1A","ATGGGAAGACGATAAGAGAAGAGAAATTAATTTCTGAGGGAGCGTATTCATTTGTTTATATGGCGAAGGATTTAAACACGAATCGAGCTTATACTATAAAGAAGACCATATGTCAAGATAAAGAGAAAATAGATATGGCGAATAAAGAAATCAACATTCTTAAAAGTTTACCTCCACATAAAAATATA","Pf3D7_12_v3-1959644-1959891-1A.2",".",250,1,1
"IM-23-122-GUJH","8039832191","Maziba","Pf3D7_13_v3-2114242-2114482-1A","CTTCCATTAACTCAATATATAATTTATTAATAATTTTTAATTTGTTTATTTCAAAAAGGCATAGTTGTAACAAGGTTCTTAAGGTTCTATTACCCCCTAAGAGGTTAAAATGAATATTTCCTTTTTCTCGTATATGCAAAAAATCCCTTAACAATAAATCATATTCATCAGTATGAAATGT","Pf3D7_13_v3-2114242-2114482-1A.1","67G76T137+8N",323,1,1
"IM-23-122-GUJH","8039832191","Maziba","Pf3D7_12_v3-233418-233671-1A","CAAAAATATCATTCCCCAAATTTGTACTACTAATTGTTCCAATAGTTCCTATAGTTGTGGTAATTTGCTCATATGTATTTTTTCCTAAAGATTTATTAGACACATTTGAAGGATCATTATTTTGTTCCAAATTCTTGGGCACAGTATTATTACATGAGAATAATGAAAAGTTATTATCATAATTCTTTTGTT","Pf3D7_12_v3-233418-233671-1A.3","77+8N",114,0.475,2
"IM-23-122-GUJH","8039832191","Maziba","Pf3D7_06_v3-1128558-1128797-1A","ATTGAATCGTTGGTGTTTATTTTATTATTCCTCTTTTGTTTTTCAATGAATACAAATGTTTCATCGACACTATCTTTATGATCTATTGGTATGGCATGATTTTCTAAATTGCTATTTCTTTCATTAGAATTGTATTTTTCACTATTATAGGTTGAGATTTTACTACATTTTATATTTTT","Pf3D7_06_v3-1128558-1128797-1A.2","157A",187,0.582554517133956,2
"IM-23-122-GUJH","8039832191","Maziba","Pf3D7_04_v3-316593-316858-1A","TTATTCATTTTTTCTATATTATCCTTTTCTACATCATCAAAATTTGTTAATGATTCACACGTTATATTTGGTGATATTATATTTCTACCTGTACATACACCAATATTTGTTGTACCTATTATTTTATACCCTTCTTGACATTTAAATTCTATTTTTTCACCAAGTAAATAATATTTTTTATCAGGGATAAGGGAAACATA","Pf3D7_04_v3-316593-316858-1A.2","7+8N151+8N173+8N",86,0.27831715210356,2
"IM-23-122-GUJH","8039832191","Maziba","Pf3D7_04_v3-316593-316858-1A","TTATTCATTTTTTGTATATTATCCTTTTCTACATCATCAAAATTTGTTAATGATTCACACGTTATATTTGGTGATATTATATTTCTACCTGTACATACACCAATATTTGTTGTACCTATTATTTTATACCCTTCTTGACATTTAAATTCTATTTTTTCACCAAGTAAATAATATTTTTTATCAGGGATAAGGGAAACATA","Pf3D7_04_v3-316593-316858-1A.1","7+8N151+8N173+8N",223,0.72168284789644,2
"IM-23-122-GUJH","8039832191","Maziba","Pf3D7_07_v3-729480-729750-1A","TGAATGTTCAGAAATTTTATATCACTTAAATCGTTTGAGTGCGTTAGATCAAATATTGTTGAAAGATAAAATAAGTATATATGAGTATCAGCTAAAGGACACGTTTTTAACAACGTATGATATAGGTTGTTTATTAAAAATAGCTCAAGTGTTGAATGAACAAAATTATTATGATAACATTCCATTTTTGCATATATTTTTATATAACATACATAA","Pf3D7_07_v3-729480-729750-1A.2",".",139,0.652582159624413,2
"IM-23-122-GUJH","8039832191","Maziba","Pf3D7_12_v3-659881-660127-1A","GGTGGTTTAACATTTTGAGCTACGAGATTTTCGACTGATGGCAATCCTAATTTGATTAATTCCTTTAACATAATTTTTGCGTGTTTTTTTACTTCTGATTTGATATCAAAGCTTGATTCTAAAAAGGTTGGTGAATTTTTTTGTAAAACACTGACAAGTTCATTTGATATGGTCTCTGCTAAATCATCACCA","Pf3D7_12_v3-659881-660127-1A.24","17G35C50A73A74T83+9N135+9N",219,0.657657657657658,2
"IM-23-122-GUJH","8039832191","Maziba","Pf3D7_07_v3-896613-896849-1B","ACAATGAAAAAATGTATTAATGATGAATTATATAAAATAAAAATAAATGTAGGTTTATATAAAAAGGATAGAAAAAAATTATCCTTTTTTATATTGTTGCATAAATTTTATTTAGATAATTATAATATTGTTATTAATAAATTAAAAAATATGAATAATTTAATAGAAA","Pf3D7_07_v3-896613-896849-1B.1","6+8N71+9N84+8N143+8N",206,1,1
"IM-23-122-GUJH","8039832191","Maziba","Pf3D7_06_v3-1136091-1136364-1A","CATTATTTTTGTATCCAACGTCGTTATTATTAAAACTTATTATTTGATTAATAACTGACGAACCACATATATTTACACAATGGAATACATAACTTAAGAAAGAGTAGTAATTGCATTTTACTTTTTGCATTTTCCCTCTGGTGGAGAAATAATTATTATGCTGCTTATTACTTTTTGTATTATGATAATTTTTGGTAATCATTTTTTTT","Pf3D7_06_v3-1136091-1136364-1A.2","201+9N",110,0.454545454545455,2
"IM-23-122-GUJH","8039832191","Maziba","Pf3D7_04_v3-544454-544718-1A","ACAAAATATAATACTTTATATACAAATGCTTATAAAAAATTTTAACTCGAACGTACTTCAAAATAATATAAATGAACAAGAAGTAATACATAATAACATCAACATTAATAATATAAAAGAAGAACAAATTATACCAAATAATATCAAGAATATCCATAATAATGACAATATTAATCATTGTGATGGTAATAAAATAA","Pf3D7_04_v3-544454-544718-1A.1","33+8N186G",115,0.373376623376623,2
"IM-23-122-GUJH","8039832191","Maziba","Pf3D7_04_v3-544454-544718-1A","ACAAAATATAATACTTTATATACAAATGCTTATAAAAAATTTTAACTCGAACGTACTTCAAAATAATATAAATGAACAAGAAGTAATACATAATAACATCAACATTAATAATATAAAAGAAGAACAACTTATACCAAATAATATCAAGAATATCCATAATAATGACAATATTAATCATTGTGATGGTAATAAAATAA","Pf3D7_04_v3-544454-544718-1A.12","33+8N128C186G",193,0.626623376623377,2
"IM-23-122-GUJH","8039832191","Maziba","Pf3D7_11_v3-115913-116184-1A","ACCTCCAGATGTTATAAATATTATATTATCATCATCATTTGGAAGGAAATTCTCCTCTAATGTTTTTAATATTTCATCTATATTTTTAGGTCTCAATTTACTATTGAAAAATTTTGAATACTTCAAAAAATAATCATCATCTTTTACATTACATATATTATCATTATTTTCATTTTGTTTTAGTAGTTCATCTTTTATATTATC","Pf3D7_11_v3-115913-116184-1A.4","7A124+8N",53,0.5,3
"IM-23-122-GUJH","8039832191","Maziba","Pf3D7_13_v3-2814606-2814855-1B","TAGCGATAATGATCCTGCAGTAGTAAGTGGTAGAGAATCTAAAGATGTAAATCTTCATACTTCTGAAAGGATTAAAGAAAATGAAGAAGGTGTGATTAAAACAGATGAAAGTTCAAAAAGTATTGAAATTTCTAAAATACCATCTGACCAAAATAATCATAGTGATTTATCACAGAATGCAAATGAGGACTCTA","Pf3D7_13_v3-2814606-2814855-1B.2",".",144,0.553846153846154,2
"IM-23-122-GUJH","8039832191","Maziba","Pf3D7_08_v3-476232-476475-1A","CAAACACATGATAAACAAAAGTGTAAGGAAAATTTTTCAAATTCATTTGTTAATGAAATATATGAAAAAGAAGAAAAAGAAACGCAAAAAATGAAAGAATATTTAGAACAACATGAAGAACATTTTTCAACGTTTAGAAATTCAATTTTATGTAAATTAAGAATAGCTGAAGAATT","Pf3D7_08_v3-476232-476475-1A.1","85+8N",112,0.407272727272727,2
"IM-23-122-GUJH","8039832191","Maziba","Pf3D7_06_v3-1235395-1235658-1A","GAATATGATAAAATATATATACCAAACAATAAAAATAAAATTAATAATATAAATAATTTTTTAATAAAAAACAATTTGCTGTTGAAATCCAAATTTATGAGAATAACTCCTAATACCTATTTATGTCGTAATTGTGTCCTGTTATATCAAAATGATTTTTCGTATAATACATATGAAGAAGAAATTAATAAAATGG","Pf3D7_06_v3-1235395-1235658-1A.1","56+8N65+8N",54,0.514285714285714,2
"IM-23-122-GUJH","8039832191","Maziba","Pf3D7_11_v3-1293919-1294168-1A","ACCATATCAAAATAGTGATGTGTATCATCCAATCAACGAACATAGGGAACATTCAAAAGAATACGAATATCCATTACACCAGGAACATACATACCAACAAGAAGATTCAGGAGAAGACGAAAATACATTACAACACGCATATCCAATAGACCACGAAGGTGCCGAACCCGCACCACAAGAACAAAATTTAT","Pf3D7_11_v3-1293919-1294168-1A.7","1A27A53T",114,0.459677419354839,2
"IM-23-122-GUJH","8039832191","Maziba","Pf3D7_14_v3-3125801-3126073-1A","ATTCTTATAATATTTAAGAATGAAGGGATTAAATATTTACATTTTAGCGAGGATACTCTGAAATATGTTAATTTTAATTATCCTGATTTTAACTTATATAAATGTATGAATTTATATAAGAAAAATTATGTTGATAGGGATGAGAAAGATATCTGTGATTTTTCAAATGAAGATATTCCGTTAATAAAAGAAAATAACAAGAGAATCAG","Pf3D7_14_v3-3125801-3126073-1A.3","175A",48,0.436363636363636,2
"IM-23-122-GUJH","8039832191","Maziba","Pf3D7_05_v3-1188456-1188706-1A","CGAAATTTAAATCAATAGCGGTTACGTTCATAATTTTGCCTTCAAAACTAACTTCTGTATGATATATAAATTTATTTTCCTTTACACTAAATACATATATAAAAATGGTACTTAATAATTTATCTTTATCATATTTAAATAATATTAAATCTGTTTTTACATCTGAGTTGTAATCACCGAAAT","Pf3D7_05_v3-1188456-1188706-1A.4","2G",246,0.608910891089109,2
"IM-23-122-GUJH","8039832191","Maziba","Pf3D7_08_v3-549960-550215-1B","GATGAACTAACAAATTATGATAATCTAGTTTATGATATAAAAAATTATTTAGAACAAAGATTAAATTTTCTTGTATTAAATGGAATACCTCGTTATAGGATACTATTTGATATTGGATTAGGATTTGGGAAGAAACATGATCAATCTATTAAACTCTTACAAAATATACATGTATATGATGAGTATCCACTT","Pf3D7_08_v3-549960-550215-1B.3","4G38+8N128G",157,1,1
"IM-23-122-GUJH","8039832191","Maziba","Pf3D7_13_v3-479569-479811-1A","CTAGAGACGAATTTGATGATAAAAGAAAATTAAAAGAAGAGAAAATTAAACAATGCCAACTATTAAATGAAAAACAACTAGAAGAAAAAGAAAAAGAAAAAAGAATTCTGAGAGAAAAAGCTGTTGAATATACCTTACAAAATGAAGAAGAATATAAACAACTAAAACGAAAATT","Pf3D7_13_v3-479569-479811-1A.1","96+8N",126,0.377245508982036,2
"IM-23-122-GUJH","8039832191","Maziba","Pf3D7_13_v3-852647-852921-1A","TACGAAATGATGAATTAAAAGAATTAACATTTATGAAAAATAAAGAAAATAGGAATGCAGATACATATGTTTTTCATTATCCTAAAAAAGAGAAATATGACCAATTAGTTTTTGAATTACGTAAACATAATTTTAATATAACAAGCATGAATACATATAAAAAACTAACAAATGAAACATCATCACAAAAAGAAGAAAATGCTTCTATAATAAGTT","Pf3D7_13_v3-852647-852921-1A.1","75C83+8N158+8N",69,0.450980392156863,2
"IM-23-122-GUJH","8039832191","Maziba","Pf3D7_13_v3-1004740-1005002-1A","TTACATCGTAAAAATAATTTAAAATATTATATATATTATCTTTTCCTTTTCGGGGGTCTCTTTTCTTTATATATATATTTACATTTCTCTTCATTTTATTACATGATAAATTAATATTTAATGTACTAATATATATATTATTAATTTTTATTTTCTTCTTCTTTTTTATATTAAAACAAAATGAAGATTCCTTAA","Pf3D7_13_v3-1004740-1005002-1A.11","50+8N161+8N191C",27,0.72972972972973,2
"IM-23-122-GUJH","8039832191","Maziba","Pf3D7_13_v3-1004740-1005002-1A","TTACATCGTAAAAATAATTTAAAATATTATATATATTATCTTTTCCTTTTCGGGGGTCTCTTTTCTTTATATATATATTTACATTTCTCTTCATTTTATTACATGATAAATTAATATTTAATGTACTAATATATATATTATTAATTTTTATTTTCTTCTTCTTTTTTATATTAAAACAAAATGAAGATTCTTTAA","Pf3D7_13_v3-1004740-1005002-1A.2","50+8N161+8N",10,0.27027027027027,2
"IM-23-122-GUJH","8039832191","Maziba","Pf3D7_04_v3-141741-141990-1A","TGAATACCATATAGCCCTTTCAAATTATATAAAGACAGAACTAAGAAATATAAACCTGCAAGAAATAAAAAACAATATAATAAAAATATTTAAAGAATTCAAATCTGCACACAAAGAAATTAAAAAAGAATCAGAACAAATTAATAAAGAATTTACCAAAATGGATGTCGTCATAAATCAATTAAGAGATATAG","Pf3D7_04_v3-141741-141990-1A.1","66+8N121+8N",309,0.622983870967742,2
"IM-23-122-GUJH","8039832191","Maziba","Pf3D7_08_v3-585993-586266-1A","TGTAAATATAAATCATACGTATGACATGTATCATCATTTAATGCATTCTTAATTGTTAATGCTAATCTACTTACAATAATATAAGCAAAGTTTATATGAGAATGAATACCTTCTTTTCCTAAAAAGTTATAAAGACTAACAAATGGAGCATATATTATAAATTTATCATACTTTTTTTTTTGCATAACTTCATTTAATAAAATATTT","Pf3D7_08_v3-585993-586266-1A.6","29T171+10N",194,0.570588235294118,2
"IM-23-122-GUJH","8039832191","Maziba","Pf3D7_13_v3-911757-912005-1A","GAGCCAACAATTTGATTTTCCACAACTTACTGAATCTTTAAAACATTGTGAACAGGTATTTGACATTTTTTTATTATCTTTGGCTAGTTCCTTTTGAACACATTCCATAGTACTATCACCTGAACCTAAGTTATCAACAGAACATTTTAATAATATACTAAAAAATTTATTGCTAGGAGAAAGTTGTAAA","Pf3D7_13_v3-911757-912005-1A.3","60T65+9N159+8N",108,0.356435643564356,2
"IM-23-122-GUJH","8039832191","Maziba","Pf3D7_13_v3-935613-935884-1A","CAAAATAATATGAATAGTAATAGTAATAGTTATAATAATTTTAATATAACAGATAGAAGTAAAGAAATAAAAAAAGATTATAAAAGAAACAAAATTTTAATAGTTATTAATAATATTAATACAAATCATATTTTATTATTAAATGAAAGTGTTATAAAAAAAAAAATACTTACATTTTATCTAGATCTTTTTTTTGATGATAATGAACAAAT","Pf3D7_13_v3-935613-935884-1A.2","68+11N155+13N187+10N",287,1,1
"IM-23-122-GUJH","8039832191","Maziba","Pf3D7_13_v3-958247-958510-1B","TTTATATTATCTGTAATATGCACATTTTGTATAATATTATCAATATTTGTAGCATTTTGACCGTATGTTTCATTTTCATCGTATGTTCCATTTATATTGTATGTTCCATTTTCATCGTATGTTCCATTTATATTGTATGTTTCATTTTCATCGTATGTTCCATTTATATTGTATGTTCCATTTTTATCATATGTTATGTCCACAT","Pf3D7_13_v3-958247-958510-1B.15","106C142T",62,0.33695652173913,2
"IM-23-122-GUJH","8039832191","Maziba","Pf3D7_09_v3-1015103-1015350-1A","ATTATTTAATTTTTCATCTTTTATATTTTTCAGATTTTTTATATGAAGATATAGGAATACAACTAAATTAACAGCTGAAAATAATCTTACTAACAAAAATAATTTGAGGAATTCTTCATCATATAAATCTTTTGGAATATTATTTGTGTATTCATAAATTTCTATTAAGGATATAATAGTTATGA","Pf3D7_09_v3-1015103-1015350-1A.1","34+8N",47,0.435185185185185,2
"IM-23-122-GUJH","8039832191","Maziba","Pf3D7_14_v3-2355614-2355853-1A","ACTTTTCTCGATTCACATTATCCAAACCCATTTAACGAGTATGAAAAATATGACAAACATTATTATGAACTTGAAAATATTTTAAAAAACAAACTTAATGAACATTCCTTAAATTATCAATCTTTGTTAAAAATGAAAAGATTTATAAGTATGAACGATATGGAAAATAATAA","Pf3D7_14_v3-2355614-2355853-1A.1","83+8N",248,1,1
"IM-23-122-GUJH","8039832191","Maziba","Pf3D7_13_v3-2114829-2115090-1A","ATTCAATATATATAAAAATATAGCTAATAAACATTTCAAATCTCCATTAAGAACTTTATTCATCTTAACAAAAGCTCTATGAACTTCTGTATCTATAGTCGATTTTGTTATTCTAAGCATATCATTAAGTAAAAAATTTACGGTATCGACATTAACAGTGTAATAATTTCTTCCTAAATTTAAATGTTCTATATAATTCAA","Pf3D7_13_v3-2114829-2115090-1A.5","130+8N",230,0.628415300546448,2
"IM-23-122-GUJH","8039832191","Maziba","Pf3D7_13_v3-2504481-2504734-1B","TAAAATGTGTTGATGATTTTAACAATATGGTTATAACGATAAAAGAGGAAGTAAACAATCATTGGGAAAATAATATATACAATAAAAAGGATATGGTTAATTATACAAATGAAAATTATAATGATAATATATTAACATATGAATATATTAATGAAACACTTAGAAAAGAAAAAAAAAGATATTATA","Pf3D7_13_v3-2504481-2504734-1B.1","168+11N",166,1,1
"IM-23-122-GUJH","8039832191","Maziba","Pf3D7_12_v3-659881-660127-1A","GGTGGTTTAACATTTTCAGCTACGACTTTTTCGACTGATGGCAATCCTACTTTGATTAATTCCTTTAACATAGATTTTGCGTGTTTTTTTACTTCTGATTTGATATCAAAGCTTGATTCTAAAAAGGTTGGTGAATTTTTTTGTAAAACACTGACAAGTTCATTTGATATGGTCTCTGCTAAATCATCACCA","Pf3D7_12_v3-659881-660127-1A.1","26C27T35C83+9N135+9N",114,0.342342342342342,2
"IM-23-122-GUJH","8039832191","Maziba","Pf3D7_09_v3-595828-596094-1A","ATAATTTTTTCATCGTTCTTATACATGAATGATAAAGTCTTTTTGCAAAATTTTTTGAAGAGATCAGATTTGAGATAAAGACGTTTGGCTAATTTATACGAGAATTCGAGAGCATCTAATTTTATATTTAAACATTTTTTCGTATCCAATATATTATAATTTTGTTCATAAGTCTGTTCGTTTATATTATTTAATACTTTT","Pf3D7_09_v3-595828-596094-1A.5","4+8N27G50+8N134+8N180G",57,0.265116279069767,2
"IM-23-122-GUJH","8039832191","Maziba","Pf3D7_09_v3-685560-685825-1A","GAACCAAACAACGACAAAGGAACAAGATAATTTTTTCCATTTTTATAAAAGTAATATATATGATATGGAAAATAGAACATGTAATAATAATATATTACAATATTGTGTTATGAATAATAAATCATATTTATTTCATAATATATCATCCAAAAAAAATATATATATAAAAAAAAAGAATCATCAGTTTTCTTTATTCATATATT","Pf3D7_09_v3-685560-685825-1A.1","30+8N79A148+10N165+11N",7,1,1
"IM-23-122-GUJH","8039832191","Maziba","Pf3D7_04_v3-140317-140548-1A","TCGGGACAATATTATAAGGATTTTATCACATCAAGGAAAAATATTTATAATATAAGGGAAAATATATCCAAAAATGTAGATATGATAAAAAATGAAGAAAAGAAGAAAATACAGAATTGTGTAGATAAATATAATTCTATAAAACAATATGTAAAAATGCTTAAA","Pf3D7_04_v3-140317-140548-1A.1","86+8N",542,1,1
"IM-23-122-GUJH","8039832191","Maziba","Pf3D7_06_v3-1136091-1136364-1A","CATTATTTTTGTATCCAACGTCGTTATTATTAAAACTTATTATTTGATTAATAACTGACGAACCACATATATTTACACAATGGAATACATAACTTAAGAAAGAGTAGTAATTGCATTTTACTTTTTGCATTTTCCCTCTGGTGGAGAAATAATTATTATGCTGCTTATTACTCTTTGTATTATGATAATTTTTGGTAATCATTTTTTTT","Pf3D7_06_v3-1136091-1136364-1A.1","173C201+9N",132,0.545454545454545,2
"IM-23-122-GUJH","8039832191","Maziba","Pf3D7_05_v3-960810-961048-1B","TAATACAGGAAGCATTTTATAATATGCATACTGTTATTAATTATGGTTTAGAAGATTATTTCTGTAATTTGATAGAAAAAGCTATTGATTATAAAAATAAAGGACAAAAAAGAAGAATTATTGTAAATGCAGCTTTATGGGGATTCAGTCAAAGCGCTCAATTATTTATTAATAGTTT","Pf3D7_05_v3-960810-961048-1B.1","105+8N",222,1,1
"IM-23-122-GUJH","8039832191","Maziba","Pf3D7_13_v3-1725124-1725365-2","TGGAAATTGTTCCCATTTATTCATTTTTTCTTCATATACTTCAATAGAATTTAATCTCTCACCATTAGTTCCACCAATGACATAAATTTTATTATCAAAAGCAACACACATAGCTGATGATCTAGGGGTATTCAAAGGTGCCACCTCTACCCATGCTTTCATACGATGATCATATGCTTCTAC","Pf3D7_13_v3-1725124-1725365-2.1","23+8N",541,1,1
"IM-23-122-GUJH","8039832191","Maziba","Pf3D7_06_v3-1115900-1116168-1A","ATTTTTTAATAAAGCAGTACCATCTATATCTCTTCCTTTTTTTAAAACACATAAAGTTTCATCAAAATTGCTTGTGCTATTTTTATCAGGTTCAGGAAAATATTGTTTATTTGGAGAATATCCATTCTGATTACAAGTTATAATATTATTAATATTTATAAATTTTTTGTTTGTTTTTAAATCACCAAATTGATTATCGTTAT","Pf3D7_06_v3-1115900-1116168-1A.2","1+8N36+9N114G162+12N",148,0.594377510040161,2
"IM-23-122-GUJH","8039832191","Maziba","Pf3D7_14_v3-2260533-2260765-1A","AATAACCATCAAATACAAACTCAACCAACAAATACAGTACAATATATTCAACCAAATTATGAACAAGTCATAACACAAGTAGATCAAAATGGTAATCTATTCAATCAACAGCTTGTAGGAAGTACAGTAATGCAAAATATGACACCACAAGGTGTAAACACGTTAAATTATCCTGCAACG","Pf3D7_14_v3-2260533-2260765-1A.1","91G",235,1,1
"IM-23-122-GUJH","8039832191","Maziba","Pf3D7_12_v3-2092654-2092884-2","GAGATATTAGCTTCATGTTCAGAAGATATGTCTATAAGAATATGGGAGATACGTCATGAGGATGAGAATGTGAATGAGGTAAAGGATCCTTTATGTATATTAAATGGTCATAAGAAAAAAGTAAATATATTATCATGGAATCCTATGAATTATTTTATATTATCATCT","Pf3D7_12_v3-2092654-2092884-2.1","114+8N",653,1,1
"IM-23-122-GUJH","8039832191","Maziba","Pf3D7_08_v3-549583-549807-1B","ACGTGCTGTTCAAAGAATGTTTGAAATGATAAATGAAGGTGCTAGTGTTATAGATATAGGTGGAGAATCCTCTGGTCCTTTTGTTATACCTAATCCAAAAATTAGTGAAAGAGATTTAGTAGTACCTGTATTACAATTATTTCAAAAAGAATGGAATGATATAAA","Pf3D7_08_v3-549583-549807-1B.1",".",287,1,1
"IM-23-122-GUJH","8039832191","Maziba","Pf3D7_14_v3-3125801-3126073-1A","ATTCTTATAATATTTAAGAATGAAGGGATTAAATATTTACATTTTAGCGACGATACTCTGAAATATGTTAATTTTAATTATCCTGATTTTAACTTATATAAATGTATGAATTTATATAAGAAAAATTATGTTGATAGGGATGAGAAAGATATCTGTGATTTTTCAAATGAAGATTTTCCGTTAATAAAAGAAAATAACAAGAGAATCAG","Pf3D7_14_v3-3125801-3126073-1A.1","51C",62,0.563636363636364,2
"IM-23-122-GUJH","8039832191","Maziba","Pf3D7_05_v3-1188456-1188706-1A","CAAAATTTAAATCAATAGCGGTTACGTTCATAATTTTGCCTTCAAAACTAACCTCTGTATGATATATAAATTTATTTTCCTTTACACTAAATACATATATAAAAATGGTACTTAATAATTTATCTTTATCATATTTAAATAATATTAAATCTGTTTTTACATCTGAGTTGTAATCACCGAAAT","Pf3D7_05_v3-1188456-1188706-1A.2","53C",158,0.391089108910891,2
"IM-23-122-GUJH","8039832191","Maziba","Pf3D7_14_v3-2695837-2696082-1A","CGTTCTGTATCATATTATTAGATATAGTTATTTTATTATTATTTTCTACATTGTTATTCAATATATTACATCCTGTTATGGAATTATTGTTAAAATATAAATTATTCGAATTGTTATTATTAAATTCTAATCCACTAACTGCTGTTGTATATAATGATGATGAGTTATTATTATAGAAATC","Pf3D7_14_v3-2695837-2696082-1A.10","5C28+16N",75,0.416666666666667,2
"IM-23-122-GUJH","8039832191","Maziba","Pf3D7_13_v3-2545065-2545291-1A","ATGATTCCTCAAAAGTTTAACATTCCACATAGTATCTGTTAAATTGATAGTTTGCAAACAATTATACGTTTGGTTATTTTTATTTTTAAAAAAGGATATATGATCATCTAAAGATTTATTTTTGAGAAAGATTTCCATATATTCATATATATCTTGAATACACCA","Pf3D7_13_v3-2545065-2545291-1A.5","87+8N",151,0.417127071823204,2
"IM-23-122-GUJH","8039832191","Maziba","Pf3D7_06_v3-1135605-1135855-1A","TATAAAGAATTTATACCACCTAAATTGTTAACATTAGAAGTATTATTTGTTTCTGTATTTTCTTGTAACGTATTTGTATTATTAATATTGTTAGATGAAATATTATGACTATTTCTTCTATTTGTTATATTTAAATTGTAAATAGTTTCATTACTAACACTACTGATACCACTGAAATGATTATTTAG","Pf3D7_06_v3-1135605-1135855-1A.2",".",83,0.425641025641026,2
"IM-23-122-GUJH","8039832191","Maziba","Pf3D7_13_v3-2770621-2770854-1B","ATTCCAAGAAATATTTTTAAAAAAAAATAGTGAGTTAGATGATCACGTATGGAATATAGAAAGTATTACTACGAATATATTAGAGAGGAATAAATTAAGTGATCAAAATAATGAAGATAACCATGATGTTAATAATAATAATGAAGACCCATCTGGGGGTAATTTAAAAAC","Pf3D7_13_v3-2770621-2770854-1B.1","18+11N130+13N",195,1,1
"IM-23-122-GUJH","8039832191","Maziba","Pf3D7_05_v3-213027-213251-1A","ATGTACTTATCCCCTGATATGATTTTTCCAATATCATCAAAATCAGTAATCTCTAAATCATTTATATGATTTATATGTATAAATTCTTTTATCTTGTTCAAATAATTTCTGTAATAAAATATATTCTCTTTATCATCATCAATTATTTTCATATAATC","Pf3D7_05_v3-213027-213251-1A.4","25T26T",448,1,1
"IM-23-122-GUJH","8039832191","Maziba","Pf3D7_11_v3-1127074-1127316-1A","AACATTTTAATAGTCCTAATTTCGAAAATATGATGAAAGGAGTTTTTGGAATTATTCAAAATCCTTTTGAAAATGGCCAACCCACTTTCCCATTCTTTAAAAATATTAATTCGATCTCTGGAATCGGTAATGTTGATATCCCCAAAAATTTTATGAATGATTTTTTGAATAATGGAAATGATCAAAACA","Pf3D7_11_v3-1127074-1127316-1A.2","160+8N",510,1,1
"IM-23-122-GUJH","8039832191","Maziba","Pf3D7_08_v3-399693-399961-1A","CTTTTCTTCACCTTGGTTTATTACATTATTATTTTCATCATTGTGTTGAATGTCCTTATAAATATGTTCATTAATAATATCTTTGGAAGTATCTTCCATATTTTCTTCTTTATCAATTTTAAATACTTTTTCATAACTTTCATTTTCTTTTTTCTCCTTGGATGTTTCTAATTTATTCTCGTCATTTTTATCAAAATTATTTTTATAACTTTCA","Pf3D7_08_v3-399693-399961-1A.1","147+8N",129,0.381656804733728,2
"IM-23-122-GUJH","8039832191","Maziba","Pf3D7_11_v3-115913-116184-1A","ACCTCCAGATGTTATAAATATTATATTATCATCATCATTTGGAAGGAAATTCTCCTCTAATGTTTTTAATATTTCATCTATATTTTTAGGTCTCAATTTACTATTGAAAAATTTTGAATACTTCAAAAAATAATCATCATCTTTTACATTACATATATTATCATTATTTTCATTTTGTTTTAGTAGTTCATCTTTTTTATTATC","Pf3D7_11_v3-115913-116184-1A.1","7A124+8N197T",1,0.00943396226415094,3
"IM-23-122-GUJH","8039832191","Maziba","Pf3D7_11_v3-115913-116184-1A","ACCTCCCGATGTTATAAATATTATATTATCATCATCATTTGGAAGGAAATTCTCCTCTAATGTTTTTAATATTTCATCTATATTTTTAGGTCTCAATTTACTATTGAAAAATTTTGAATACTTCAAAAAATAATCATCATCTTTTACATTACATATATTATCATTATTTTCATTTTGTTTTAGTAGTTCATCTTTTTTATTATC","Pf3D7_11_v3-115913-116184-1A.2","124+8N197T",52,0.490566037735849,3
"IM-23-122-GUJH","8039832191","Maziba","Pf3D7_08_v3-476232-476475-1A","CAAACACATGATAAACAAAAGTGTAAGGAAAATTTTTCAAATTCTTTTGTTAATGAAATATATGAAAAAGAAGAAAAAGAAACGCAAAAAATGAAAGAATATTTAGAACAACATGAAGAACATTTTTCAACGTTTAGAAATTCAATTTTATGTAAATTAAGAATAGCTGAAGAATT","Pf3D7_08_v3-476232-476475-1A.2","45T85+8N",163,0.592727272727273,2
"IM-23-122-GUJH","8039832191","Maziba","Pf3D7_13_v3-2114829-2115090-1A","ATTCAATATATATAAAAATATAGCTAATAAACATTTCAAATCTCCATTAAGAACTTTATTCATCTTAACAAAAGCTCTATGAACTTCTGTATCTATAGTCGATTTTGTTATTCTAAGCATATCATTAAGTAAAAAATTTACGGTATCGACATTAACAGTGTAATAATTTCTTCCTAAATTTAAATGTTCTAAATAATTCAA","Pf3D7_13_v3-2114829-2115090-1A.1","130+8N192A",136,0.371584699453552,2
"IM-23-122-GUJH","8039832191","Maziba","Pf3D7_14_v3-1992121-1992370-1A","ATTAAAACATTCCAACAATTTTATTTCCTTCTTTATAAAATTATATAAATTAATTATTTTCTTTTTATCACATTCAAAGACGGCATAAGGTGCACCCCATGAACATTTTTTACTTTTGCTACCATCAGGCATAATATAAACACCAGTACCATTTTTTTCTGATAAATTAATATTTTTTTGTATAACATCATA","Pf3D7_14_v3-1992121-1992370-1A.1","105+8N151+9N172+9N",119,1,1
"IM-23-122-GUJH","8039832191","Maziba","Pf3D7_06_v3-1115900-1116168-1A","ATTTTTTAATAAAGCAGTACCATCTATATCTCTTCCTTTTTTTAAAACACATAAAGTTTCATCAAAATTGCTTGTGCTATTTTTATCAGGTTCAGGAAAATATTGTTTATTTGTAGAATATCCATTCTGATTACAAGTTATAATATTATTAATATTTATAAATTTTTTTTTTGTTTTTAAATCACCAAATTGATTATCGTTAT","Pf3D7_06_v3-1115900-1116168-1A.1","1+8N36+9N162+12N",101,0.405622489959839,2
"IM-23-122-GUJH","8039832191","Maziba","Pf3D7_14_v3-2004362-2004606-1A","TATTTCCATATTATTGTAATAGGGCTTTTTCTTGCTCTTCTAATTTTTGTATATCTTGCTTATCCTTATCTAATTGTCCAAGAGCATTTAATTCATCTTCTACATTTATTTTATTTTCTTGAGAATATTCTTCAATTTTGTCTTCGAAACTGTTATATAATCTATTTATAATTGGTTG","Pf3D7_14_v3-2004362-2004606-1A.1",".",128,1,1
"IM-23-122-GUJH","8039832191","Maziba","Pf3D7_08_v3-550057-550318-2","ACTATTTGATATTGGATTAGGATTTGGGAAGAAACATGATCAATCTATTAAACTCTTACAAAATATACATGTATATGATGAGTATCCACTTTTTATTGGATATTCAAGAAAAAGATTTATTGCCCATTGCATGAATGATCAAAATGTTGTAATAAATACACAACAAAAATTACATGATGAACAACAAAATGAAAATAAAAATA","Pf3D7_08_v3-550057-550318-2.2","27G",301,1,1
"IM-23-122-GUJH","8039832191","Maziba","Pf3D7_13_v3-479569-479811-1A","CTAGAGACGAATTTGATGATAAAAGAAAATTAAAAGAAGAGAAAATTAAACAATGCCAACTATTAAATGAAAAACAACTAGAAGAAAAAGAAAAAGAAAAAAGAATTCTGAGAGAAAAAGCTGTTGAATATACCATACAAAATGAAGAAGAATATAAACAACTAAAAGGAAAATT","Pf3D7_13_v3-479569-479811-1A.6","96+8N135A168G",208,0.622754491017964,2
"IM-23-122-GUJH","8039832191","Maziba","Pf3D7_13_v3-852647-852921-1A","TACGAAATGATGAATTAAAAGAATTAACATTTATGAAAAATAAAGAAAATAGGAATGCAGATACATATGTTTTTGATTATCCTAAAAAAGAGAAATATGACCAATTAGTTTTTGAATTACGTAAACATAATTTTAATATAACAAGCATTAATACATATAAAAAACTAAAAAATGAAACATCATCACAAAAAGAAGAAAATGCTTCTATAATAAGTT","Pf3D7_13_v3-852647-852921-1A.8","83+8N149T158+8N169A",84,0.549019607843137,2
"IM-23-122-GUJH","8039832191","Maziba","Pf3D7_08_v3-1366575-1366822-2","TTTAGCTTTTTCACATTGTGTTCTTAATCTTCTTAATGATTTTGAATTTTTGGAAACATCTTTACCTCCATTTTTTTTTTTAAAATCTTGTACACAGAAGTTTACTAATTTATTATCAAAATCTTCTCCTCCTAAATGTGTATCTCCTGAGGTAGCTTTAACTTCAAAAATTCCATCTTCAATTGTTAATAAGG","Pf3D7_08_v3-1366575-1366822-2.2","70+13N183T",131,0.403076923076923,2
"IM-23-122-GUJH","8039832191","Maziba","Pf3D7_14_v3-137398-137668-1A","ACCATTCATATTTTCTAGGTTTGTTTAACCAATTACATATATATAATATATTACAAAATAATTGTTTTAATAATATATGTTTAGTTAATATTAATTCAATACTACTTAATTTATTTCTTATATTTTTTAAAAGATCTTCATAAACAAAATCAAAATTATCTATTAATAATAAATAACCAAATCTTTTATGCACATTTTTTATTC","Pf3D7_14_v3-137398-137668-1A.1","122+8N191C194+8N",56,0.788732394366197,2
"IM-23-122-GUJH","8039832191","Maziba","Pf3D7_13_v3-911757-912005-1A","GAGCCAACAATTTGATTTTCCACAACTTACTGAATCTTTAAAACATTGTGAACAGGTATCTGACATTTTTTTATTATCTTTGGCTAGTTCCTTTTGAACACATTCCATAGTACTATTACCTGAACCTAAGTTATCAACAGAACATTTTAATAATATACTAAAAAATTTATTGCTAGGAGAAAGTTGTAAA","Pf3D7_13_v3-911757-912005-1A.2","65+9N117T159+8N",195,0.643564356435644,2
"IM-23-122-GUJH","8039832191","Maziba","Pf3D7_13_v3-1725887-1726123-2","AAATAGCTCCACCAACATTAATATCAATCATAGTTTCAGTAGCAATATTTGCATCAACAATTTTTTTTTTATCATTCTCAAAATTTTTATATTCTTGATAATATTTTTCTTTTTCTAAATATAATACTAATTTAATTTTATCGATTTCTTGTAAAAATCTTAATCTTTCTTCATCAA","Pf3D7_13_v3-1725887-1726123-2.1","60+12N",281,1,1
"IM-23-122-GUJH","8039832191","Maziba","Pf3D7_13_v3-156713-156986-1A","TCCTTTTATGTGAACAAATTAAATATTGTAAATGATTTCTTTTTTGAAACACACCATAAAGATACACATCAAGACAGTCAAAATGAACACAAAACGGATGAACCTAAAATACATAATGTTTTCAAAAAAAAAAATAACGATATCTTTGTTAATATTCCTCTACCAAAAATATTTAAAAATTTCTTACATTCCATATATTTTAGAACTCC","Pf3D7_13_v3-156713-156986-1A.2","39+8N50C123+13N",166,1,1
"IM-23-122-GUJH","8039832191","Maziba","Pf3D7_14_v3-1956056-1956330-1B","CTAATTTTTTTTCTCCACTTTGTAATTTTTATTGTTGAATATATATATAAAGTTAAACCTATAAATAATACACTACCTAATAAACTATTCTTATATTTAAAAATAAATATAATACATGTTATTAATCCTTCTATTGTTGCCGGAATAATATACATTAAAACAGAACTCATCAAATTATTAGCACTCTCGGTACCTCTATCAACTATTCTCA","Pf3D7_14_v3-1956056-1956330-1B.2","4+10N",172,1,1
"IM-23-122-GUJH","8039832191","Maziba","Pf3D7_11_v3-119432-119705-1A","CTCCTTTATATTCATCAAGAAATTTCATCCAAAAGTAATTATGTTTTTCTTGTTGATATTTTGCTTTATACAAACGAGCAAGATACTTATTATACGATTCATGCTCTTTAATTTTCTTTTCAAAAGTTTTGGTTATAATGTGTTCAAGTGATTGTAAAGTATTTTTCTTTAATTTTCTCCATATTAATCTACATGCGATTATAAGAA","Pf3D7_11_v3-119432-119705-1A.2","33A89A",134,0.673366834170854,2
"IM-23-122-GUJH","8039832191","Maziba","Pf3D7_11_v3-119432-119705-1A","CTCCTTTATATTCATCAAGAAATTTCATCCAAGAGTAATTATGTTTTTCTTGTTGATATTTTGCTTTATACAAACGAGCAAGATACTTTTTATACGATTCATGCTCTTTAATTTTCTTTTCAAAAGTTTTGGTTATAATGTGTTCAAGTGATTGTAAAGTATTTTTCTTTAATTTTCTCCATATTAATCTACATGCGATTATAAGAA","Pf3D7_11_v3-119432-119705-1A.1",".",65,0.326633165829146,2
"IM-23-122-GUJH","8039832191","Maziba","Pf3D7_13_v3-2840462-2840736-1B","AATAAACACATATGTTTATTAATAAAATTGTTAGTTATTTTTATGTATACATAATAAATTAAAGATACTAAAACAATATTTTTAAATATAAATAAATGAATAATGATATTATTTATATGATTCATCATTCTATATTTACATGGAAGATTAAAAAATTATATATATATATATATGGTAATTTCTGTGTTTATGTTTTTATTTTTATAATA","Pf3D7_13_v3-2840462-2840736-1B.8","88A149+23N",3,0.3,2
"IM-23-122-GUJH","8039832191","Maziba","Pf3D7_14_v3-3124416-3124655-1A","TAATTGATCTTCTAGAGGAATTAGATATTTTGTCTATATCGAATAAAGATGAAGTAGAAAAACGAAGAAAGGAAACAACTCAAGAGACGCGGTTGTTAGGAAATATTGATTTAGGATATGGAAAATTAGGAGAGGGAATAAAGCATGAAAATTTACAGGAAGAATTAGGAAACAGATTATTTG","Pf3D7_14_v3-3124416-3124655-1A.1",".",289,0.598343685300207,2
"IM-23-122-GUJH","8039832191","Maziba","Pf3D7_13_v3-2545065-2545291-1A","ATGATTCCTCAAAAGTTTAACATTCCACATAGTATCTGTTAAATTGATAGTTTGCAAACAATTATACGTTTCGTTATTTTTATTTTTAAAAAAGGATATATGATCATCTAAAGATTTATTTTTGAGAAAGATTTCCATATATTCATATATATCTTGAATACACCA","Pf3D7_13_v3-2545065-2545291-1A.8","72C87+8N",211,0.582872928176796,2
"IM-23-122-GUJH","8039832191","Maziba","Pf3D7_14_v3-279563-279833-1A","CATTTTTCTTTTAAATGAGAGCAATATATTTCTTAGGTTTATTCCGGATAAATGTTTAGTTATTAGCCAGGTGAGTAATAGTGATTCATATAAGGTAAATTGTATTAATTTCTCTGAAGGATTTTGTTGCTGTCATCCAATAAATAATTTAGCACTATTATATGGAGAGTATCAACAAAATCAAGAATCAAAAATTATGAAATTACCG","Pf3D7_14_v3-279563-279833-1A.1",".",141,0.792134831460674,2
"IM-23-122-GUJH","8039832191","Maziba","Pf3D7_06_v3-1128558-1128797-1A","ATTGAATCGTTGGTGTTTATTTTATTATTCCTCTTTTGTTTTTCAATGAATACAAATGTTTCATCGACACTATCTTTATGATCTATTGGTATGGCATGATTTTCTAAATTGCTATTTCTTTCATTAGAATTGTATTTTTCACTATTATAGGTTGAGGTTTTACTACATTTTATATTTTT","Pf3D7_06_v3-1128558-1128797-1A.1",".",134,0.417445482866044,2
"IM-23-122-GUJH","8039832191","Maziba","Pf3D7_14_v3-293575-293829-1B","TTTTGTAGTGTAATGTGTGGTTTATTTTATTATGTGTATGAAAATGTATGGCTTCAAAGAGATAATGAAATGAATGAAATTTTAAAAAATTCCGAACATTTAACTATTGGATTTAAAGTTGAAAATGCACATGATAGAATTTTGAAAACTATAAAAACACATAAATTAAAAAATTACATTAAAGAAT","Pf3D7_14_v3-293575-293829-1B.1","83+8N167+8N",118,1,1
"IM-23-122-GUJH","8039832191","Maziba","Pf3D7_06_v3-1135605-1135855-1A","TATAAAGAATTTATACCACCTAAATTGTTAACATTAGAAGTATTATTTGTTTCTGTATTTTCTTGTAACGTATTTGTATTATTAATATTGTTAGATGAAATATTATGACTATTTCTTCTATTTGTTATATTTAAATTGTAAATAGTTTCATTACTAACACTACTGATACCATTGAAATGATTATTTAG","Pf3D7_06_v3-1135605-1135855-1A.1","172T",112,0.574358974358974,2
"IM-23-122-GUJH","8039832191","Maziba","Pf3D7_13_v3-1725464-1725719-1B","ATCATAGTTATTACCACCAAAAACGTATAAGAAATTATTCAATACAGCACTTCCAAAATAAGCTTTTTTGGTAGACATAGGTGTACACATACGCCAGCATTGTTGACTAATATCTAATAATTCCATCGAATTTAAATATTCTACACCATCAAATCCACCTATACAAAATACTAATGGGAATGGTAAAAATTTAATACCA","Pf3D7_13_v3-1725464-1725719-1B.1","63+8N",152,1,1
"IM-23-122-GUJH","8039832191","Maziba","Pf3D7_11_v3-1019050-1019319-1A","TCAAAACTTATTGCTACCGTAATACCTAAAGGAGGCATTTTACATAATCTTTTTACACTCGTAAGAATATTATTATAAAAGATTTCTTGATATCTATCATACATATGAATATTATTTAGAGATTTATATATATTATTATTTTGTTCATATAATAATATATTATTTAAAGACTTATCCATAATTTTTGTACATTTTATATTTTCTATA","Pf3D7_11_v3-1019050-1019319-1A.1",".",102,1,1
"IM-23-122-GUJH","8039832191","Maziba","Pf3D7_08_v3-399693-399961-1A","CTTTTCTTCACCTTGGTTTATTACATTATTATTTTCATCATTGTGTTGAATGTCTTTATAAATATGTTCATTAATAATATCTTTGGAAGTATCTTCCATATTTTCTTCTTTATCAATTTTAAATACTTTTTCATAACTTTCATTTTCTTTTTTCTCCTTGGATGTTTCTAATTTATTCTCGTCATTTTTATCAAAATTATTTTTATAACTTTCA","Pf3D7_08_v3-399693-399961-1A.2","55T147+8N",209,0.618343195266272,2
"IM-23-122-GUJH","8039832191","Maziba","Pf3D7_13_v3-2814583-2814832-2","TCAGTCTTCTAATTCTAGCGATAATGATCCTGCAGTAGTAAGTGGTAGAGAATCTAAAGATGTAAATCTTCATACTTCTGAAAGGATTAAAGAAAATGAAGAAGGTGTGATTAAAACAGATGATAGTTCAAAAAGTATTGAAATTTCTAAAATACCATCTGACCAAAATAATCATAGTGATTTATCACAG","Pf3D7_13_v3-2814583-2814832-2.1","124T",216,0.530712530712531,2
"IM-23-122-GUJH","8039832191","Maziba","Pf3D7_13_v3-156456-156685-1A","ATTATATGATATTTATATAAAATTAGAAAATCTAATTTTAGAAAAAATAACTGAAAGTATATACAATAGTACACCTCCATATAGAGTTATTATGTTCGAATTAATGACCAGATTGTTTCGATTTTATACAAAACCAATAGACCTTATTATTACTATGAATACAC","Pf3D7_13_v3-156456-156685-1A.2","41+8N115G",36,0.288,2
"IM-23-122-GUJH","8039832191","Maziba","Pf3D7_10_v3-1386657-1386909-1A","CGATTTTGGTAGAGAACAGGTTAAATATATTGAAGACGTGGTTTGATAATCAGGTATTTCTTTAATTAAATATTCATGATATTGTTCGTTAGATACATAAATTAATTCATCCTCCACATTTTGCTGTTCTGTTATAATTTGTGAAGAAGCTTGGTTTGTTTTATTTGGTAATTGCTCTTTTATGA","Pf3D7_10_v3-1386657-1386909-1A.2","13A109A160T",87,0.227154046997389,2
"IM-23-122-GUJH","8039832191","Maziba","Pf3D7_13_v3-2816310-2816554-1B","CAAATACTTTTCAATATAGGTCTAGTGAAAGTGTGGAAGTAATAACTAATAAACCTGATGAAATGGAAATGACAACTAAACCACCATCACAATATATTGAAAAGGAAATTGGAGAAATTGATTCTACAAAAAATCAAGATAATGATGAACAAAGCAATTCTATAATTCCTTTAATTAATAAAAATAATGAA","Pf3D7_13_v3-2816310-2816554-1B.2","95T127+8N",241,1,1
"IM-23-122-GUJH","8039832191","Maziba","Pf3D7_14_v3-3124416-3124655-1A","TAATTGATCTTCTAGAGGAATTAGATATTTTGTCTATATCGAATAAAGATGAAGTAGAAAAACAAAGAAAGGAAACAACTCAAGAGACGCGGTTGTTAGGAAATATTGATTTAGGATATGGAAAATTAGGAGAGGGAATAAAGCATGAAAATTTACAGGAAGAATTAGGAAACAGATTATTTG","Pf3D7_14_v3-3124416-3124655-1A.49","64A",194,0.401656314699793,2
"IM-23-122-GUJH","8039832191","Maziba","Pf3D7_08_v3-1375025-1375284-1B","CAAGTTATTATTAAATGCGGAATTATTCTATATAAAAATAAAAAAGCATTTAAAAATGAAAAAATTTATATATATACAATATATAAATATATATATATATATATATATATATATATATTATTATTATATGTATTTTTATAATTGAATGATATATTTATTTCTATTTGCAATTAAAATGCTTACGTTATCTAACAAAAGTACGGAGGCAAAA","Pf3D7_08_v3-1375025-1375284-1B.6","39+8N58+8N67+53N",2,0.2,3
"IM-23-122-GUJH","8039832191","Maziba","Pf3D7_13_v3-388138-388408-1A","ATATATCTTTATTCATATGTTCTATATATTGTCTTTGTCTCTTTTCCTTTCTCATATCAGATATTATTGAATAATTTCCTTTATCACATACATATCTAGGATTATGTGATAATTCATAAGCTGCTCTTTTTAAAACTCTATTCTTTTCTTTAAAACTATTAAATTTTATATTATTGTTCATATTAGATGTGTTCCTTTTAATAATA","Pf3D7_13_v3-388138-388408-1A.1","194C",305,1,1
"IM-23-122-GUJH","8039832191","Maziba","Pf3D7_13_v3-2840462-2840736-1B","AATAAACACATATGTTTATTAATAAAATTGTTAGTTATTTTTATGTATACATAATAAATTAAAGATACTAAAACAATATTTTTAAATGTAAATAAATGAATAATGATATTATTTATATGATTCATCATTCTATATTTACATGGAAGATTAAAAAATTATATATATATATATATGGTAATTTCTGTGTTTATGTTTTTATTTTTATAATA","Pf3D7_13_v3-2840462-2840736-1B.4","149+23N",7,0.7,2
"IM-23-122-GUJH","8039832191","Maziba","Pf3D7_08_v3-1375205-1375450-2","ACAAAAGTACGGAGGCAAAAACGGCAGCGGATAATACTTTATTTTTTGAGAAGGAAACCATTTTTATTAAATAACTATATAAATAGAAAAAGAAATAATAACAAAAATGTATAAATATAATTGTATAATATATGATATATATAAAATATAGAATACTAATTTTTTGCATATACAAAAAA","Pf3D7_08_v3-1375205-1375450-2.1","41+8N159+8N173+7N",83,1,1
"IM-23-122-GUJH","8039832191","Maziba","Pf3D7_13_v3-2770591-2770863-2","ACACATCGATTTTATCAAAAGGAAATATTCCAAGAAATATTTTTAAAAAAAAATAGTGAGTTAGATGATCACGTATGGAATATAGAAAGTATTACTACGAATATATTAGAGAGGAATAAATTAAGTGATCAAAATAATGAAGATAACCATGATGTTAATAATAATAATGAAGACCCATCTGGGGGTAATTTAAAAACCAATCTAAT","Pf3D7_13_v3-2770591-2770863-2.1","44+11N156+13N",308,1,1
"IM-23-122-GUJH","8039832191","Maziba","Pf3D7_08_v3-336421-336651-1A","TAACAACGAACCCATAAATTTACAGAAAAATTTAGATTTAATCATATGGCTAAAAAAGAATATAAAAGAAGGAGAAGCTTTAATTTCTGATATACCCACATCAAGTTTTTTAAGGTGTACTACAAATTATAAATTTGTATTGCATCCCCAATATGAAGATAGT","Pf3D7_08_v3-336421-336651-1A.4","51+8N105+8N148C",1,0.00241545893719807,3
"IM-23-122-GUJH","8039832191","Maziba","Pf3D7_09_v3-82006-82236-1A","TTTATCATCTTTAGGCCATAACCAGAGTACAAGCAATCCAACTATAACAATTGTAATTAACATTATAAATACTGTAATACCATAAACACTACCAGAAGCGATCAGAAATGCACTAAAAGTATAAGAACATTCACTTGGAATAAGAGTAGCGATAAAACTAAAAATAGC","Pf3D7_09_v3-82006-82236-1A.4","95G125G137G",157,0.360919540229885,2
"IM-23-122-GUJH","8039832191","Maziba","Pf3D7_09_v3-82006-82236-1A","TTTATCATCTTTAGGCCATAACCAGAGTACAAGCAATCCAACTATAACAATTGTAATTAACATTATAAATACTGTAATACCATAAACACTACCATAAGCGATCAGAAATGCACTAAAAGTATAACAATATTCACATGGAATAAGAGTAGCGATAAAACTAAAAATAGC","Pf3D7_09_v3-82006-82236-1A.8","95T128T135A137G",278,0.639080459770115,2
"IM-23-122-GUJH","8039832191","Maziba","Pf3D7_05_v3-961511-961758-1B","CTGCAGAAGATTATACTGTATTTAATAATAATGGAGAAATATTATTAGATGATATTAATATATGTGATTATAACTTAAGAGATCTTAGAAACTTATTTTCAATAGTTAGTCAAGAACCCATGTTATTTAATATGTCCATATATGAAAATATCAAATTTGGAAGAGAAGATGCAACATTGGAAGAT","Pf3D7_05_v3-961511-961758-1B.1",".",228,1,1
"IM-23-122-GUJH","8039832191","Maziba","Pf3D7_10_v3-992596-992869-1A","GAAAATAATAAAATGCACAGTATCAATTCTGATAGAAATAAAAATGATTATATTCCATCTTCCTATTTACATACAATATATAAAACATTTAGCGAACATATAAACCGAGATAATGGAAATATTTATGATGATGAAAAAAAAAATTTATATGATGGAACTGTTTTTTATATAGAAACATTAAACGAATTAAGAATTATAAATATATTATTTTCA","Pf3D7_10_v3-992596-992869-1A.1","133+12N160+8N",44,1,1
"IM-23-122-GUJH","8039832191","Maziba","Pf3D7_13_v3-2814606-2814855-1B","TAGCGATAATGATCCTGCAGTAGTAAGTGGTAGAGAATCTAAAGATGTAAATCTTCATACTTCTGAAAGGATTAAAGAAAATGAAGAAGGTGTGATTAAAACAGATGATAGTTCAAAAAGTATTGAAATTTCTAAAATACCATCTGACCAAAATAATCATAGTGATTTATCACAGAATGCAAATGAGGACTCTA","Pf3D7_13_v3-2814606-2814855-1B.1","109T",116,0.446153846153846,2
"IM-23-122-GUJH","8039832191","Maziba","Pf3D7_13_v3-1465901-1466157-1A","CATAAAGGGTCCGATAACATTTTTTACATTTTCCCATGCAGAATCAGCATACAAGTTACATTTACCATCTGATGGATGACAACCTACAAGAAATCTGTTGAAAGCTACATTAATACCTTGTCCAATACCAAAAACAGCTATTTTAACACCACGATCATTTAATTTTCTTGATTCTTTTAATGAATCTTGAATACTAT","Pf3D7_13_v3-1465901-1466157-1A.1","19+8N158T",311,1,1
"IM-23-122-GUJH","8039832191","Maziba","Pf3D7_13_v3-1465616-1465890-1A","TCTTGTGGATTATTATCTATTATATTTTCTTTTGGTTTTTCGACAGCAAAATTATCTCCTCTTGGTCTAGGTTGATCATCTTCGGGTTCATCTGGAACATCTAATGGTTCCCGTTTTGGAGGACATCTTTCTTCTTCACATTGTTCTTGTAATTCACTTGTACATCCTTCGTGTAAGATTTCTCTTTTTCTTGACCTGGTACCTTTACCACAAGTTACACTACATGGAGA","Pf3D7_13_v3-1465616-1465890-1A.51","30T121G",84,0.308823529411765,2
"IM-23-122-GUJH","8039832191","Maziba","Pf3D7_14_v3-2733345-2733593-1A","TCGATGTACATGCAGAAAAAATATTGGAACGTTTATTTGTAATTTATTTATGTGTATTAAAAGAATATGAAAAACATCCTCCTAAAATATTAAAATATTCATTACGTGCTATATCTAGATACTCGATGTATATAAATAAATTTATCATGGATGATATATTATTTGAAATTAAAAACCTTGCTGCA","Pf3D7_14_v3-2733345-2733593-1A.1","15+8N",407,1,1
"IM-23-122-GUJH","8039832191","Maziba","Pf3D7_08_v3-1375025-1375284-1B","CAAGTTATTATTAAATGCGGAATTATTCTATATAAAAATAAAAAAGCATTTAAAAATGAAAAAATTTATATATATACAATATATAATATATATATATATATATATATATATATATATTATTATTATATGTATTTTTATAATTGAATGATATATTTATTTCTATTTGCAATTAAAATGCTTACGTTATCTAACAAAAGTACGGAGGCAAAA","Pf3D7_08_v3-1375025-1375284-1B.8","39+8N58+8N67+53N",3,0.3,3
"IM-23-122-GUJH","8039832191","Maziba","Pf3D7_08_v3-1375025-1375284-1B","CAAGTTATTGTTAAATTCGGAGTTATTCTATAAAAATGAAAAATCATTTAAAAATGTAAAAATGTACATATATATATATATATATATAATATTATTATATGTATTTTTATAAGTAAGTGTTATATTTATTTATATTTGCAATTAAAATACTTACGTTATCTAACAAAAGTACGGAAGCAAAA","Pf3D7_08_v3-1375025-1375284-1B.10","10G17T22G33D=TA39+8N58+8N66G67+53N132G134A136G139T151A168A195A",5,0.5,3
"IM-23-122-GUJH","8039832191","Maziba","Pf3D7_14_v3-2695837-2696082-1A","CGTTTTGTATCATATTATTAGATATAGTTATTTTATTATTATTTTCTACATTATTATTCAATATATTACATCCTGTTATGGAATTATTGTTAAAATATAAATTATTCGAATTGTTATTATTAAATTCTAATCCACTAACTGCTGTTGTATATAATGATGATGAGTTATTATTATAGAAATC","Pf3D7_14_v3-2695837-2696082-1A.2","28+16N53A",105,0.583333333333333,2
"IM-23-122-GUJH","8039832191","Maziba","Pf3D7_13_v3-2814583-2814832-2","TCAGTCTTCTAATTCTAGCGATAATGATCCTGCAGTAGTAAGTGGTAGAGAATCTAAAGATGTAAATCTTCATACTTCTGAAAGGATTAAAGAAAATGAAGAAGGTGTGATTAAAACAGATGAAAGTTCAAAAAGTATTGAAATTTCTAAAATACCATCTGACCAAAATAATCATAGTGATTTATCACAG","Pf3D7_13_v3-2814583-2814832-2.2",".",191,0.469287469287469,2
"IM-23-122-GUJH","8039832191","Maziba","Pf3D7_08_v3-1366626-1366856-1B","CTTTACCTCCATTTTTTTTTTTAAAATCTTGTACACAGAAGTTTACTAATTTATTATCAAAATCTTCTCCTCCTAAATGTGTATCTCCTGAGGTAGCTTTAACTTCAAAAATTCCATCTTCAAGTGTTAATAAGGAAACATCAAATGTTCCTCCTCCTAAATC","Pf3D7_08_v3-1366626-1366856-1B.1","11+13N",54,0.650602409638554,2
"IM-23-122-GUJH","8039832191","Maziba","Pf3D7_14_v3-294503-294768-2","CAGAATTTAGATGTTATCAAAGTCCCATTCTTACCTTTCTATGTAACTCTTTGTAACAACAGCAAATTACCAACTTTTGAATTTACCTCAGAAAATGGTAAATACACATTAGAACCTGAATACTACCTTCAACACATAGAAGATGTTGGTCCAGGATTATGTATGCTTAATATCATAGGATTAGATTTTCCAGTACCAACCTTTA","Pf3D7_14_v3-294503-294768-2.1",".",261,1,1
"IM-23-122-GUJH","8039832191","Maziba","Pf3D7_08_v3-336421-336651-1A","TAACAACGAACCCATAAATTTACAGAAAAATTTAGATTTAATCATATGGCTAAAAAAGAATATAAAAGAAGGAGAAGCTTTAATTTCTGATATACCCACATCAAGTTTTTTAAGGTGTACTACAAATTATAAATTTGTATTGCATCCACAATATGAAGATAGT","Pf3D7_08_v3-336421-336651-1A.1","51+8N105+8N",239,0.577294685990338,3
"IM-23-122-GUJH","8039832191","Maziba","Pf3D7_14_v3-2020604-2020849-1A","CAAGAACATGAATATTTCTGTAAATACATAGACAAGTCCTCATTATGTCTTATCACAGGGTGCTCTTTTTTAATATGACAATATAATTTTATATGTTTTATTATTTCTTGATGAATTTCACATAATAAAAATAATGTGTGATTCATATGTTGACTACTCAATATAGAAAAGCCACTAACTAATTG","Pf3D7_14_v3-2020604-2020849-1A.5","65+8N158T",139,0.637614678899083,2
"IM-23-122-GUJH","8039832191","Maziba","Pf3D7_13_v3-1724895-1725166-1B","CGCCATTTTCTCCTCCTGTAATTATATAAGAATCTGACAATGTGGCAGCTCCAAAATTCATTTTTTTCTCTGGTACACCATTTAGAAATTGCCATCTTTTATTAAATGGTTGATATTGTTCAACGGAATCTAATATGTTATGTTCATTATCAATACCTCCAACAACATATATTTGATTAAGGTAATTAAAAGCTGCTCCTGAACTTCTAG","Pf3D7_13_v3-1724895-1725166-1B.1","60+9N",134,1,1
"IM-23-122-GUJH","8039832191","Maziba","Pf3D7_13_v3-1465616-1465890-1A","TCTTGTGGATTATTATCTATTATATTTTCTTTTGGTTTTTCGACAGCAAAATTATCTCCTCTTGGTCTAGGTTGATCATCTTCGGGTTCTTGTGGAACATCTAATGGTTCCCATTTTGGAGGACATCTTTCTTCTTCACATTGTTCTTGTAATTCACTTGTACATCCTTCGTGTAAGATTTCTCTTTTTCTTGACCTGGTACCTTTACCACAAGTTACACTACATGGAGA","Pf3D7_13_v3-1465616-1465890-1A.195","30T90T92G113A121G",188,0.691176470588235,2
"IM-23-122-GUJH","8039832191","Maziba","Pf3D7_14_v3-298368-298636-1B","ACGATTTAATGTGGCAAGTTGATTTAGATGTACATTTTGGTAATGTATCTTCCAAAAAAGCAAACGTTATTTTAGATAGTGCCACCAGTGTCATAACTGTACCAACAGAATTTTTTAATCAATTCGTAGAATCTGCAAGTGTTTTCAAAGTTCCATTCTTATCTTTGTATGTAACCACTTGTGGTAACACGAAATTACCAA","Pf3D7_14_v3-298368-298636-1B.1","53+8N110+8N",174,1,1
"IM-23-122-GUJH","8039832191","Maziba","Pf3D7_08_v3-1366626-1366856-1B","CTTTACCTCCATTTTTTTTTTTAAAATCTTGTACACAGAAGTTTACTAATTTATTATCAAAATCTTCTCCTCCTAAATGTGTATCTCCTGAGGTAGCTTTAACTTCAAAAATTCCATCTTCAATTGTTAATAAGGAAACATCAAATGTTCCTCCTCCTAAATC","Pf3D7_08_v3-1366626-1366856-1B.2","11+13N124T",29,0.349397590361446,2
"IM-23-122-GUJH","8039832191","Maziba","Pf3D7_10_v3-1392371-1392620-1A","TGATGAAAATGATGATTCCCTTATTTCTAATTCTTTAGTACCCGAAACAAGTTACAATCAAGATTACTCTTTATACACTATTAATATTTTGAATGGACTTCCTGATAAAAAAAGTAATATGAAAAATATTGATTTAGAAAAATTTAAAGATACTTCAATACATACAAAGGAAGAGGGACCCATTGTA","Pf3D7_10_v3-1392371-1392620-1A.1","106+9N",233,0.761437908496732,2
"IM-23-122-GUJH","8039832191","Maziba","Pf3D7_14_v3-2481033-2481276-1B","CCATGTGGATAAAGACAGTAGAGAGCAATTCGAAATAAAACAGTACTCTTGCAAATTAGATATTTTTTTGAACTCATCTGTTCCTATAAAAAATTCTGAATGTAAGCAGAATAAATTATACACAAAAGAATATATATTCATTTTTATTTATTCACTTTATATATGTTTGTATGTATGTA","Pf3D7_14_v3-2481033-2481276-1B.3","62+9N87+8N",193,1,1
"IM-23-122-GUJH","8039832191","Maziba","Pf3D7_14_v3-2020604-2020849-1A","CAAGAACATGAATATTTCTGTATATACATAGACAAGTCCTCATTATGTCTTATCACAGGGTGCTCTTCTTTAATATGACAATATAATTTTATATGTTTTATTATTTCTTGATGAATTTCACATAATAAAAATAATGTGTGATTCATATGTTGACTACCCAATATAGAAAAGCCACTAACTAATTG","Pf3D7_14_v3-2020604-2020849-1A.4","23T65+8N",79,0.362385321100917,2
"IM-23-122-GUJH","8039832191","Maziba","Pf3D7_13_v3-156456-156685-1A","ATTATATGATATTTATATAAAATTAGAAAATCTAATTTTAGAAAAAATAACTGAAAGTATATACAATAGTACACCTCCATATAGAGTTATTATGTTCGAATTAATGACCAGATTATTTCGATTTTATACAAAACCAATAGACCTTATTATTACTATGAATACAC","Pf3D7_13_v3-156456-156685-1A.1","41+8N",89,0.712,2
"IM-23-122-GUJH","8039832191","Maziba","Pf3D7_13_v3-1725379-1725652-2","ATTATTTCTTCTAGGTATATTTAAATTACTTGAAACATACCATACATCTCTTAAACGATCATACACCTCAGTTTCAAATAAAGCCTTATAATCATAGTTATTACCACCAAAAACGTATAAGAAATTATTCAATACAGCACTTCCAAAATAAGCTTTTTTGGTAGACATAGGTGTACACATACGCCAGCATTGTTGACTAATATCTAATAATTCCA","Pf3D7_13_v3-1725379-1725652-2.1","153+8N",148,1,1
"IM-23-122-GUJH","8039832191","Maziba","Pf3D7_08_v3-1386795-1387043-1B","TCCTTTGTCGCAGCATGCCTTTCATTAGCTGCTATAGCTTGTGTTATCTTAACTTCATTATAAAAAAAATATACTTCGATAAAAGGTACATATACCATGCTGGTCAATGATATTAGCATGCGACATTCTAATATATCCATTATGAACAAGGTGAACAAGAATATTGGGATTATTGAAATTGTCTGCATTA","Pf3D7_08_v3-1386795-1387043-1B.1","61+10N",47,0.338129496402878,2
"IM-23-122-GUJH","8039832191","Maziba","Pf3D7_13_v3-1419363-1419626-1A","TTTTGAAATCTGTATATTCTTTACCATATTTATCGATATTTATTTTGTTCTTTTTGTTTGAAATATCAACTACATGATTAAAAACATCTCCTAAATTATATAATTTCTTATCTAGGTCTTTTTGAAATGTCGATTCTCCTCCTTGTGCTGGTTTTTGTACTTCTTGTCCTTGTGTTGATATCTCTTGTTCATTTTTAGATTGAG","Pf3D7_13_v3-1419363-1419626-1A.15","16+8N31T37T",43,0.352459016393443,2
"IM-23-122-GUJH","8039832191","Maziba","Pf3D7_14_v3-2858894-2859160-1A","ATAGATTTTAATGACATAAAAAACACAACAAATGAGTATAATAATTTTGAGGAACATAATTATCAAGATGATAAATTTATATTTAATAAAGATATACATAATATTCTTTTAGAATTAAAGGAATCATTAAATGACATATCACGTGGAAGACTAAATACATTGATAAGAGATAATAAAATAAGTAGTTATATAATATATCA","Pf3D7_14_v3-2858894-2859160-1A.2","15C17+8N28A188A",78,0.423913043478261,2
"IM-23-122-GUJH","8039832191","Maziba","Pf3D7_13_v3-2780346-2780575-1B","GTTGGATAGAATGCCCGACTACGGATCGGGAGGTCGTGGGTTCGACTCCTGCCCGGCCTAATTTTTTTCGTTTTCCTTTTTAAAGTAAAAAAGGATAATATTTTTAAAAAACATTTAGTATATATATTTTTTTTAAATAATAAATCTATTATATTATTAAATATTATGAGAAGA","Pf3D7_13_v3-2780346-2780575-1B.2","61+9N76C86+8N105+8N126+10N",127,0.574660633484163,2
"IM-23-122-GUJH","8039832191","Maziba","Pf3D7_11_v3-1018781-1019053-1A","TTTTTGATTCATATCATTATCATAATTATATATATATTGATCTCTGTCTATATGGGGAGCAAAAAAATATAAAGGATGTTGTGTTAAGGCTAATAATAATTCTGTAGCTATACTACTACTTATGTTACTTATACCACATCTAGTGACTGTACATTTTTCATCTAATGTTCTATAGGATAAAGAATCTGAAGGACAATGCATATCAT","Pf3D7_11_v3-1018781-1019053-1A.2","60+9N",81,1,1
"IM-23-122-GUJH","8039832191","Maziba","Pf3D7_08_v3-336421-336651-1A","TAACAACGAACCCATAAATTTACAAAAAAATTTAGATTTAATCATATGGCTAAAAAAGAATATAAAAGAAGGAGAAGCTTTAATTTCTGATATACCTACATCAAGTTTTTTAAGGTGTACTACAAATTATAAATTTGTATTGCATCCCCAATATGAAGATAGT","Pf3D7_08_v3-336421-336651-1A.2","25A51+8N97T105+8N148C",174,0.420289855072464,3
"IM-23-122-GUJH","8039832191","Maziba","Pf3D7_14_v3-1392837-1393086-1A","ACATGTATTGTCCCCAGCATGAATCGGGTGATAAATATTATCAAGCGTATCAAAAAATGGATTGTAATTATTACTACTATTCATATCATTATTTTTTGTGGTGGTGGACTGTGAAATGTTTTCCTTATGATTTTGACTTGTGTGTATATCCCTACCAACAACATATTCAACATTATTATTATCAAAAA","Pf3D7_14_v3-1392837-1393086-1A.2","51+8N91+8N",307,1,1
"IM-23-122-GUJH","8039832191","Maziba","Pf3D7_10_v3-992331-992603-1A","TCATTATATTTTTAAAAAAAAAAATTATGATATAAAATCTTCAATTAATAAAAGATCTATCCAGTTCTTTAAAGACACTAATATAGATCATTATATAGCATATGAATATTATAAGGAGGACCGTACGGAATTTATATTAACTATTATGAATGAAAAAAATATTACTCATCAAGAAACTCAAAGTCTTGAAATGAAAAAGTTGAAAG","Pf3D7_10_v3-992331-992603-1A.2","13+13N152+9N",209,1,1
"IM-23-122-GUJH","8039832191","Maziba","Pf3D7_11_v3-1006693-1006917-1A","GTGGGGGAGAGAATTTTACCTTGATACGCTCCCATGTTTTATCCTTTATACAATACACATAAGTGTCATTGGTAATATATGACCCTCTTTTACCTCCGTAAAGAAATAAACAATCTTCTTTTTTTTCAGTGGAGTAAATTAAATTTAATTTTGCAAAATAGCGTGG","Pf3D7_11_v3-1006693-1006917-1A.3","27C58C118+10N",100,1,1
"IM-23-122-GUJH","8039832191","Maziba","Pf3D7_14_v3-279563-279833-1A","CATTTTTCTTTTAAATGAGAGCAATATATTTCTTAGGTTTATTCCGGATAAATGTTTAGTTATTAGCCAGGTGAGTTATAGTGATTCATATAAGGTAAATTGTATTAATTTCTCTGAAGGATTTTGTTGCTGTCATCCAATAAATAATTTAGCACTATTATATGGAGAGTATCAACAAAATCAAGAATCAAACATTATGAAATTACCG","Pf3D7_14_v3-279563-279833-1A.4","77T193C",37,0.207865168539326,2
"IM-23-122-GUJH","8039832191","Maziba","Pf3D7_10_v3-1386657-1386909-1A","CGATTTTGGTAGAGAACAGGTTAAATATATTGAAGACGTGGTTTGATAATCAGGTATTTCTTTAATTAAATATTCATGATATTGTTCGTTAGATACATAAATTAATTCGTCCTCCACATTTTGCTGTTCTGTTATAATTTGTGAAGAAGCTTGGTTTGTCTTATTTGGTAATTGCTCTTTTATGA","Pf3D7_10_v3-1386657-1386909-1A.3","13A",296,0.772845953002611,2
"IM-23-122-GUJH","8039832191","Maziba","Pf3D7_10_v3-1392371-1392620-1A","TGATGAAAATGATGATTCCCTTATTTCTAATTCTTTAGTACCCGAAACAAGTTACAATCAAGATTACTCTTTATACACTATTAATATTTTGAATGGACTTCCTGATAAAGAAAGTAATATGAAAAATATTGATTTAGAAAAATTTAAAGATACTTCAATACATACAAAGGAAGAGGGACCCATTGTA","Pf3D7_10_v3-1392371-1392620-1A.2","106+9N",73,0.238562091503268,2
"IM-23-122-GUJH","8039832191","Maziba","Pf3D7_08_v3-1386786-1387035-2","TTGTCTCCTTTGTCGCAGCATGCCTTTCATTAGCTGCTATAGCTTGTGTTATCTTAACTTCATTATAAAAAAAATATACTTCGATAAAAGGTACATATACCATGCTGGTCAATGATATTAGCATGCGACATTCTAATATATCCATTATGAACAAGGTGAACAAGAATATTGGGATTATTGAAATTGT","Pf3D7_08_v3-1386786-1387035-2.1","66+10N",90,0.376569037656904,2
"IM-23-122-GUJH","8039832191","Maziba","Pf3D7_14_v3-137398-137668-1A","ACCATTCATATTTTCTAGGTTTGTTTAACCAATTACATATATATAATATATTACAAAATAATTGTTTTAATAATATATGTTTAGTTAATATTAATTCAATACTACTTAATTTATTTCTTATATTTTTTAAAAGATCTTCATAAACAAAATCAAAATTATCTATTAATAATAAATAACCAAATCTTTTATGTACATTTTTTATTC","Pf3D7_14_v3-137398-137668-1A.2","122+8N194+8N",15,0.211267605633803,2
"IM-23-122-GUJH","8039832191","Maziba","Pf3D7_08_v3-1386795-1387043-1B","TCCTTTGTCGCAGCATGCCTTTCATTAGCTGCTATAGCTTGTGTTATCTTAACTTCATTATAAAAAAAATATACTTCGATAAAAGGTACATATACCATGCTGGTCAATGATATTAGCATGCGACATTCTAATATATCCATTATGAACTAGGTGAACAAGAATATTGGGATTATTGAAATTGTCTGCATTA","Pf3D7_08_v3-1386795-1387043-1B.27","61+10N148T",92,0.661870503597122,2
"IM-23-122-GUJH","8039832191","Maziba","Pf3D7_13_v3-2780346-2780575-1B","GTTGGATAGAATGCCCGACTACGGATCGGGAGGTCGTGGGTTCGACTCCTGCCCGGCCTAATTTTTTTCGTTTTCGTTTTTAAAGTAAAAAAGGATAATATTTTTAAAAAACATTTAGTATATATATTTTTTTTAAATAATAAATCTATTATATTATTAAATATTATGAGAAGA","Pf3D7_13_v3-2780346-2780575-1B.1","61+9N86+8N105+8N126+10N",94,0.425339366515837,2
"IM-23-122-GUJH","8039832191","Maziba","Pf3D7_13_v3-1419363-1419626-1A","TTTTGAAATCTGTATATTTTTTATCATGTTCATCGAGATTTATTTTGTTCTCTTTGTTTGAAATATCAACTACATGATTAAAAACATCTCCTAAATTATATAATTTCTTATCTAGGTCTTTTCGAAATGTCGATTCTCCTCCTTGTGCTGGTTTTTGTACTTCTTTTCCTTGTGTTGATATCTCTTGTTCATTTTTAGATTGAG","Pf3D7_13_v3-1419363-1419626-1A.5","16+8N24T28G52C123C166T",79,0.647540983606557,2
"IM-23-122-GUJH","8039832191","Maziba","Pf3D7_13_v3-146695-146934-1A","AAAGTATTTGTAATAGATTAAACGATGAACTAAATGAAGAAATATGTGGTTATCAAATTAGGTTTGAAAAATCGTATTTTTTAAAACATAGTAAAATTAAAGTTATGACAGAAGGAATTTTATTGAAAGAAATTATGAGTGATTTTATTTTATCAAAATATAGTGTTATCATTCTTGA","Pf3D7_13_v3-146695-146934-1A.2","76+8N170C",221,0.435897435897436,2
"IM-23-122-GUJH","8039832191","Maziba","Pf3D7_14_v3-2858894-2859160-1A","ATAGATTTTAATGACATAAAAAACACAACAAATGAGTATAATAATTTTGAGGAACATAATTATCAAGATGATAAATTTATATTTAATAAAGATATACATAATATTCTTTTAGAATTAAAGGAATCATTAAATGACATATCACGTGGAAGACTAAATACATTGATAAGAGATAATAAAATAAGTAGTTGTATAATATATCA","Pf3D7_14_v3-2858894-2859160-1A.1","15C17+8N28A",106,0.576086956521739,2
"IM-23-122-GUJH","8039832191","Maziba","Pf3D7_08_v3-1386786-1387035-2","TTGTCTCCTTTGTCGCAGCATGCCTTTCATTAGCTGCTATAGCTTGTGTTATCTTAACTTCATTATAAAAAAAATATACTTCGATAAAAGGTACATATACCATGCTGGTCAATGATATTAGCATGCGACATTCTAATATATCCATTATGAACTAGGTGAACAAGAATATTGGGATTATTGAAATTGT","Pf3D7_08_v3-1386786-1387035-2.26","66+10N153T",149,0.623430962343096,2
"IM-23-122-GUJH","8039832191","Maziba","Pf3D7_13_v3-146695-146934-1A","AAAGTATTTGTAATAGATTGAACGATGAACTAAATGAAGAAATATGTGGTTATCAAATTAGGTTTGAAAAATCGTATTTTTTAAAACATAGTAAAATTAAAGTTATGACAGAAGGAATTTTATTGAAAGAAATTATGAGTGATTTTATTTTATCAAAATATAGTGTTATCATTCTTGA","Pf3D7_13_v3-146695-146934-1A.1","20G76+8N170C",286,0.564102564102564,2
"IM-23-122-GUJH","8039832191","Maziba","Pf3D7_10_v3-1414599-1414832-1A","ATCTAGATCAACGAGGGAATATAACAACATCTCAAGGAAATTCACACCGTGCAACTGTTGTGCAACAAGCTGATCAAACCAACAGATTAGATAATGTAAACTCTGTAACGCAAAGAGGAAATAATAACTACAACAATAATTTAGAGCGTGGATTGGGTTCTGGTGCT","Pf3D7_10_v3-1414599-1414832-1A.1","70C",447,1,1
"IM-23-122-GUJH","8039832191","Maziba","Pf3D7_10_v3-1414337-1414596-1A","GACCTGAATGGAAAGGTCAATGTGATAAATTTGAAAAAGAAAAAAGTAAATATGAAGATACTAAAAGTAGAACTGCTGAAATATATTTAAAAGAAATATGTTCTGAATGTGATTGTAAATATAAAGATTTGGATAATACATTTAAAGAATTTAATGATAACGTTACGCTTCTTAAAGCAGTAATTGATAACAAA","Pf3D7_10_v3-1414337-1414596-1A.5","17T39+8N70G82T155T167G",71,0.232786885245902,2
"IM-23-122-GUJH","8039832191","Maziba","Pf3D7_10_v3-1414337-1414596-1A","GACCTGAATGGAAAGGCCAATGTGATAAATTTGAAAAAGAAAAAAGTAAATATGAAGATACTAAAAGTATAACTGCTGAAAAATATTTAAAAGAAATATGTTCTGAATGTGATTGTAAATATAAAGATTTGGATAATACATTTAAAGAATTTAAAGATAACGTTACACTTCTTAAAGCAGTAATTGATAACAAA","Pf3D7_10_v3-1414337-1414596-1A.2","39+8N",234,0.767213114754098,2
"IM-23-122-HJWU","8070934100","Maziba","Pf3D7_04_v3-748585-748822-2","TTAATAAAAAAAATATATTTTACTAGAATAAATAGTACATATGAATGTGATGTATTTTTTCCAGAAATAAATGAAAATGAGTATCAAATTATTTCTGTTAGCGATGTATATACTAGTAACAATACAACATTGGATTTTATCATTTATAAGAAAACGAATAATAAAATGTT","Pf3D7_04_v3-748585-748822-2.1","5+10N54+8N",495,1,1
"IM-23-122-HJWU","8070934100","Maziba","Pf3D7_07_v3-1066661-1066903-1A","TATAGTTTTGTAATTTATTGGTATGTGTTGTTAAAGGAGAATTTTTTTAATATCCCTTGTCATGGGCAAAATGAGAAAAAAGAAATAAAAAACTTTTATGTTCAACATGAAGATATTTGTGAACACACTATTGGTAATCATATGTTAGGTGATAAATTAAAAATGTGTACATCTAATATTAATG","Pf3D7_07_v3-1066661-1066903-1A.1","4A41+9N75+8N86+8N",20,0.00663790242283438,2
"IM-23-122-HJWU","8070934100","Maziba","Pf3D7_08_v3-1375205-1375450-2","ACAAAAGTACGGAGGCAAAAACGGCAGCGGATAATACTTTATTTTTTGAGAAGGAAACCATTTTTATTAAATAACTATATAAATAGAAAAAGAAATAATAACAAAAATGTATAAATATAATTGTATAATATATGATATATATAAAATATAGAATACTAATTTTTTGCATATACAAAAAA","Pf3D7_08_v3-1375205-1375450-2.1","41+8N159+8N173+7N",234,1,1
"IM-23-122-HJWU","8070934100","Maziba","Pf3D7_07_v3-1028330-1028603-1A","TAAAGAATATTTTTATTTCTAATATTATGGCTAAAAGGAAAATTATTTAATTTCATTTTTTGTGGGTTACTTGTATCATTACAACTCATCATCATGACCATATTATTATTATTATTATTATTGTTGTTGTTGTTGTTGTTGTGGTGGTTCATTACCAATAAATTTGTGTTATTATGTTCATCCTTTTTTATATTAACAATTTCATTTCTATAA","Pf3D7_07_v3-1028330-1028603-1A.14","55+8N101+36N177+8N202C",293,0.996598639455782,2
"IM-23-122-HJWU","8070934100","Maziba","Pf3D7_06_v3-851492-851765-1A","ACAATAGTACATTCTGCATTTACATCACAACCTCCATTATTTTTTGAACAGTTCATATCTTTCATAGGTATACATTTAAAATAATTTACACTCATATCAACTATATAATTAGGTCGGCATCTACATTGTTCTTTATCTTTTTCGACAATATAACAACGTGAATTGGGTCCACATTTGGAATATTCACAAATATAATTTACTTTAAATATAACAAAATTTCTCA","Pf3D7_06_v3-851492-851765-1A.1","39+8N",818,1,1
"IM-23-122-HJWU","8070934100","Maziba","Pf3D7_02_v3-290580-290821-1A","TTATTATAAGGATTATAATTATTATCATTCTTATTATATGGATTAATATAATTTCGATCATTATCATTACTGTTTTTATCATATTGTGGATAATTATTTCTATTTCTATTTTGATTAAAATCCGATTGTCTATATCTAACTCTAATATCTGTAGATGCTAAATCATTAGGTAATGGG","Pf3D7_02_v3-290580-290821-1A.1","12+26N",577,0.981292517006803,2
"IM-23-122-HJWU","8070934100","Maziba","Pf3D7_07_v3-1028330-1028603-1A","TAAAGAATATTTTTATTTCTAATATTATGGCTAAAAGGAAAATTATTTAATTTCATTTTTTGTGGGTTACTTGTATCATTACAACTCATCATCATGACCATATTATTATTATTATTATTGTTGTTGTTGTTGTTGTGGTGGTTCATTACCAATAAATTTGTGTTATTATGTTCATCCTTTTTTATATTAACAATTTCATTTCTATAA","Pf3D7_07_v3-1028330-1028603-1A.2","55+8N101+36N177+8N202C",1,0.00340136054421769,2
"IM-23-122-HJWU","8070934100","Maziba","Pf3D7_04_v3-900526-900759-1A","TTAACAACTTATCATCATTTATTAGATTCTTTTCATGGAACAGATTATTAACAGTATCCATAATTTTATGATCATCCGTGTTATATGTATCTATACAAGTATTTAACTTGCTTATATAATTTACATATTTCAACGGATCATTTTGAAGTATGCAATCATCGAATGAATA","Pf3D7_04_v3-900526-900759-1A.2",".",2344,0.995329087048832,2
"IM-23-122-HJWU","8070934100","Maziba","Pf3D7_04_v3-748105-748359-1B","TGTGCATGTTGTAAGGTTGAAAGCAAAAATGAGGGGAAAAAAAATGAGGTTTTTAATAACTACACATTTAGAGGTCTAGGAAATAAAGGAGTATTACCATGGAAATGTATTTCCCTAGATATGAAATATTTTCGTGCAGTTACAACATATGTGAATGAATCAAAATATGAAAAATTGAAATATAAGAGATGTAAAT","Pf3D7_04_v3-748105-748359-1B.1","36+10N110T133C",762,1,1
"IM-23-122-HJWU","8070934100","Maziba","Pf3D7_11_v3-497277-497548-1A","TTTTAGATTTAATTGAATATTCATTTTTAAATTATACTAGTTCTAATTTAAATACAATAAATAATAATAATGACAAAAAAAAACAAAATCAAAAAAATAAAAATCGCAAATATAGTAAAAATAATATTTTAGATCTCTATGAACACGTACGTACGATCAGTTTATTTTATCACACGTTTAATTTACCTAAGGAGTATAATGAAAAATTGTT","Pf3D7_11_v3-497277-497548-1A.1","74+11N90+9N148T150C",277,0.992831541218638,2
"IM-23-122-HJWU","8070934100","Maziba","Pf3D7_08_v3-1375025-1375284-1B","CAAGTTATTGTTAAATTCGGAGTTATTCTATAAAAATGAAAAATCATTTAAAAATGTAAAAATGTACATATATATATATATATATATAATATTATTATATGTATTTTTATAAGTAAGTGTTATATTTATTTATATTTGCAATTAAAATACTTACGTTATCTAACAAAAGTACGGAAGCAAAA","Pf3D7_08_v3-1375025-1375284-1B.10","10G17T22G33D=TA39+8N58+8N66G67+53N132G134A136G139T151A168A195A",4,0.125,3
"IM-23-122-HJWU","8070934100","Maziba","Pf3D7_08_v3-1375025-1375284-1B","CAAGTTATTATTAAATGCGGAATTATTCTATATAAAAATAAAAAAGCATTTAAAAATGAAAAAATTTATATATATACAATATATAAATATATATATATATATATATATATTATTATTATATGTATTTTTATAATTGAATGATATATTTATTTCTATTTGCAATTAAAATGCTTACGTTATCTAACAAAAGTACGGAGGCAAAA","Pf3D7_08_v3-1375025-1375284-1B.2","39+8N58+8N67+53N",27,0.84375,3
"IM-23-122-HJWU","8070934100","Maziba","Pf3D7_05_v3-213027-213251-1A","ATGTACTTATCCCCTGATATGATTTTTCCAATATCATCAAAATCAGTAATCTCTAAATCATTTATATGATTTATATGTATAAATTCTTTTATCTTGTTCAAATAATTTCTGTAATAAAATATATTCTCTTTATCATCATCAATTATTTTCATATAATC","Pf3D7_05_v3-213027-213251-1A.4","25T26T",5,0.00195924764890282,3
"IM-23-122-HJWU","8070934100","Maziba","Pf3D7_08_v3-1344618-1344845-1A","TATCTTTTCCATATATAATAACGCATGAATTCTTTAAATATATCTTTTACTTTATCTGTAAGTTTCATGGAATCTATTATTTCATGTGCATATTTTATTTTTGCCTCGTTTATATATTTACCTGCTTCTAATTTACATAAACATTTTTCTATTAAGTTTTG","Pf3D7_08_v3-1344618-1344845-1A.1","128C",2034,0.995594713656388,2
"IM-23-122-HJWU","8070934100","Maziba","Pf3D7_05_v3-1322099-1322341-1A","TTCCAATAGAAACTATATTACGATTTTCTTCATGAGGTAAATTGACATTCATCTTATATGTATAATTAAGGATGAGTAATAAATTGTATAAAAATATTTTTATTTAATAATTTATATGTATTATTAATAATTCTGAATTTATCAATTGATATATTATTTTTGTTTTTCTTTATGCCATTC","Pf3D7_05_v3-1322099-1322341-1A.4","27T",4,0.012779552715655,2
"IM-23-122-HJWU","8070934100","Maziba","Pf3D7_02_v3-291770-292017-1A","TAATATCATAAGGTTTGAATATTTTCCTCTCAGGTATTATACCAACAGAAGGTTTATCATCATCTTTAAAACCTGCTCTATCTTTAACCCAATGATTAGGATTTTTTAAACATAAAGCTGGATTCTTTAATAAATCTTTCATATGTTCCATATTATTTTCTTCATTTATATATGATTCTAC","Pf3D7_02_v3-291770-292017-1A.3","92A101+8N",7,0.00646352723915051,2
"IM-23-122-HJWU","8070934100","Maziba","Pf3D7_08_v3-1314717-1314986-1A","ATAAAAAAGAAAAAATTATTGTCAAAAGTTTTCATAGATATATATATGATGGTATTAGAAGATTTTAAAGAAGAAGAATGTAAAAAAAATAAAGAAATATTTCTTGATACTTATATAGATGAACTAAAAAAAGATTCACAAAGTGAAAAAAATAAAAGCATGTTAAATATATTAGATGAAATAAAAAGTGATATTCATATAGGATATC","Pf3D7_08_v3-1314717-1314986-1A.1","2+15N87A125+9N138A145+9N",241,1,1
"IM-23-122-HJWU","8070934100","Maziba","Pf3D7_05_v3-350808-351052-1A","TAATATAATTTGAGTTGATAATATTATAATTATTTTTTATATGTTGCTCATTTATATTATTATGATAAATATGAGTTGTATTTTTATTAGAGTTGTAGGACATTTTCCCATACATGAGTTGTTTTACATTTTTAACATTTTTATAATTATGTATTAAACATAAGATTATTAGATAAA","Pf3D7_05_v3-350808-351052-1A.2","32+8N",1332,0.997752808988764,2
"IM-23-122-HJWU","8070934100","Maziba","Pf3D7_08_v3-1375025-1375284-1B","CAAGTTATTATTAAATGCGGAATTATTCTATATAAAAATAAAAAAGCATTTAAAAATGAAAAAATTTATATATATACAATATATAAATATATATATATATATATATATATTATTATTATTATATGTATTTTTATAATTGAATGATATATTTATTTCTATTTGCAATTAAAATGCTTACGTTATCTAACAAAAGTACGGAGGCAAAA","Pf3D7_08_v3-1375025-1375284-1B.35","39+8N58+8N67+53N",1,0.03125,3
"IM-23-122-HJWU","8070934100","Maziba","Pf3D7_06_v3-532166-532407-1A","AGAACAATTGTTAAACACCAAATTGGGTGAAACAAAAAACCACCTGAACAGAACCCCATTTATACCTGAATCGGTCATACGAGAAAGGAAATTACGCCAAGAAAAAGCGCAATCCACAAACAACATGTTCGATTCAACAAACGCAGATAGTATTACTTCCCCATGTGATCCAACGAATGCCACG","Pf3D7_06_v3-532166-532407-1A.3","11T33+8N109G157T",2279,0.51819008640291,3
"IM-23-122-HJWU","8070934100","Maziba","Pf3D7_05_v3-1188456-1188706-1A","CAAAATTTAAATCAATAGTGGTTACGTTCATAATTTTGCCTTCAAAACTAACCTCTGTATGATATATAAATTTATTTTCCTTTACACTAAATACATATATAAAAATGGTACTTAATAATTTATCTTTATCATATTTAAATAATATTAAATCTGTTTTTACATCTGAGTTGTAATCACCGAAAT","Pf3D7_05_v3-1188456-1188706-1A.28","19T53C",2,0.000930665425779432,2
"IM-23-122-HJWU","8070934100","Maziba","Pf3D7_05_v3-550803-551072-1A","ATATAATACACCTTTCTTATTTATATTAATCTTTTCATTTTTACAAGAAATCACCTCCCTACTTATTCGGTTGTCCTCATTTTCATATTTCATAACACCATCATTTATTTTTTCTATTTCTTTAATATTATTTTCTCCTTCGACGTAATTATGCTTTCCTATCATCTCCTTTGCTCTACTTCCTATATATACTAATTTCTCTCTGAA","Pf3D7_05_v3-550803-551072-1A.2","107+8N141C",416,1,1
"IM-23-122-HJWU","8070934100","Maziba","Pf3D7_02_v3-291770-292017-1A","TAATATCATAAGGTTTGAATATTTTCCTCTCAGGTATTATACCAACAGAAGGTTTATCATCATCTTTAAAACCTGCTCTATCTTTAACCCATTGATTAGGATTTTTTAAACATAAAGCTGGATTCTTTAATAAATCTTTCATATGTTCCATATTATTTTCTTCATTTATATATGATTCTAC","Pf3D7_02_v3-291770-292017-1A.2","101+8N",1076,0.993536472760849,2
"IM-23-122-HJWU","8070934100","Maziba","Pf3D7_04_v3-900526-900759-1A","TTAACAACTTATCATCATTTATTAGATTCTTTTCATGGAACAGATTATTAACAGTATCCATAATTTTATGATCATCCGTGTTATATGTATCTATACAAGTATTTAGCTTGCTTATATAATTTACATATTTCAACGGATCATTTTGAAGTATGCAATCATCGAATGAATA","Pf3D7_04_v3-900526-900759-1A.1","106G",11,0.00467091295116773,2
"IM-23-122-HJWU","8070934100","Maziba","Pf3D7_08_v3-1370814-1371045-2","TGTTGCAATATATTACTAAAAAATAGAATTATTATGTTATTTTGATCATATGGGAATACATTTAAATATTTATATTCTGATGAATATTCTTATAAAAAAAAAAGGGGGGGGGGAAATAATACGTTCATGATTTATTTATATTTCAATATATTTTCTATTTTGCGA","Pf3D7_08_v3-1370814-1371045-2.2","17+8N93+21N",369,1,1
"IM-23-122-HJWU","8070934100","Maziba","Pf3D7_05_v3-213027-213251-1A","ATGTACTTATCCCCTGATATGATTTCTCCAATATCATCAAAATCAGTAATCTCTAAATCATTTATATGATTTATATGTATAAATTCTTTTATCTTGTTCAAATAATTTCTGTAATAAAATATATTCTCTTTATCATCATCAATTATTTTCATATAATC","Pf3D7_05_v3-213027-213251-1A.7","25T",7,0.00274294670846395,3
"IM-23-122-HJWU","8070934100","Maziba","Pf3D7_06_v3-416462-416720-1A","AAGAGAAAATGGACATTGTGGAGAATATAAAAAATAGAGGAAAGGAAAAAACAGAATTAACATATAAAGAAGTATATAAAACACAACAGAATCAAAATGATGCAAGTTTAAATTCATTTTGGGGTGATGAAAAAAAAAATAATAATTATGATATAGATATAGTAAAAGAGAAATATAGTGAGTTAATGAAAAAAAAAGAA","Pf3D7_06_v3-416462-416720-1A.2","3+8N28+8N45+8N129+12N188+11N",811,1,1
"IM-23-122-HJWU","8070934100","Maziba","Pf3D7_05_v3-350808-351052-1A","TAATATAATTTGAGTTGATAATATTATAATTATTTTTTATATGTTGCTCATTTATATTATTATGATAAATATGAGTTGTATTTTTATTAGAGTTGTAGGACATTTTCCCATACATTAGTTGTTTTACATTTTTAACATTTTTATAATTATGTATTAAACATAAGATTATTAGATAAA","Pf3D7_05_v3-350808-351052-1A.1","32+8N116T",3,0.00224719101123596,2
"IM-23-122-HJWU","8070934100","Maziba","Pf3D7_09_v3-164045-164311-1A","ATCAACTGGTGTTGCAAAACCATTAGTTACCAATTTTAATTCTCCATTTAGTGCTTTTGGTAAAACAAATACCAGTGATATATTTAAAACTAATACTACTGCATCAACTACAAATGCAACTGCAACTGCAACTCCTGCTCCCTTTGGATCAGCATTTGGAGCGCAAAAGAATAATGATAGCTTGTTTGGAAATAATGCATTCAAGCTTTCG","Pf3D7_09_v3-164045-164311-1A.1",".",569,0.562252964426877,2
"IM-23-122-HJWU","8070934100","Maziba","Pf3D7_05_v3-395887-396136-1A","TCTAAGGATTGTTGGTTTTTTAGGATGCTCATCTTTTTAAGATAATCCTCTTTACTGTCGTTATTATTTAAATCGTTTTGTATAATATTATATTGTGAATTCCTTGTGTTTTTCATAATACTATTAGTCCTATTGGTGTTCTTCTTATTATTATTATTATTATTGTTCTTCTTCTTAATAAA","Pf3D7_05_v3-395887-396136-1A.2","15+8N145+20N",539,1,1
"IM-23-122-HJWU","8070934100","Maziba","Pf3D7_09_v3-164045-164311-1A","ATCAACTGGTGTTGCAAAACCATTAGTTACCAATTTTAATTCTCCATTTAGTGCTTTTGGTAAAACAAATACCAGTGATATATTTAAAACTAATACTACTGCATCAACTACAAATGCAACTGCAAATGCAACTCCTGCTCCCTTTGGATCAGCATTTGGAGCGCAAAAAAATAATGATAGCTTGTTTGGAAATAATGCATTCAAGCTTTCG","Pf3D7_09_v3-164045-164311-1A.2","126A169A",443,0.437747035573123,2
"IM-23-122-HJWU","8070934100","Maziba","Pf3D7_13_v3-2814583-2814832-2","TCAGTCTTCTAATTCTAGCGATAATGATCCTGCAGTAGTAAGTGGTAGAGAATCTAAAGATGTAAATCTTCATACTTCTGAAAGGATTAAAGAAAATGAAGAAGGTGTGATTAAAACAGATGATAGTTCAAAAAGTATTGAAATTTCTAAAATACCATCTGACCAAAATAATCATAGTGATTTATCACAG","Pf3D7_13_v3-2814583-2814832-2.1","124T",12,0.00487408610885459,2
"IM-23-122-HJWU","8070934100","Maziba","Pf3D7_08_v3-1386786-1387035-2","TTGTCTCCTTTGTCGCAGCATGCCTTTCATTAGCTGCTATAGCTTGTGTTATCTTAACTTCATTATAAAAAAAATATACTTCGATAAAAGGTACATATACCATGCTGGTCAATGATATTAGCATGCGACATTCTAATATATCCATTATGAACAAGGTGAACAAGAATATTGGGATTATTGAAATTGT","Pf3D7_08_v3-1386786-1387035-2.1","66+10N",1016,1,1
"IM-23-122-HJWU","8070934100","Maziba","Pf3D7_05_v3-1188456-1188706-1A","CAAAATTTAAATCAATAGCGGTTACGTTCATAATTTTGCCTTCAAAACTAACTTCTGTATGATATATAAATTTATTTTCCTTTACACTAAATACATATATAAAAATGGTACTTAATAATTTATCTTTATCATATTTAAATAATATTAAATCTGTTTTTACATCTGAGTTGTAATCACCGAAAT","Pf3D7_05_v3-1188456-1188706-1A.1",".",2147,0.999069334574221,2
"IM-23-122-HJWU","8070934100","Maziba","Pf3D7_08_v3-1365750-1365999-2","TTTCTAGGTTGTTTCTTGCTTCAATTCTATTTTTATTTTGTTCATCCTCTTCTTTATATTTTTCTGCATCATTTACCATACGATCGATATCATCTTTTGATAATCTTCCTTTATCATTTGTAATAGTAATTTGGTTTTGTTTACCAGTACCTTTATCTAATGCTGTTACATTTAGGATACCATT","Pf3D7_08_v3-1365750-1365999-2.1",".",926,1,1
"IM-23-122-HJWU","8070934100","Maziba","Pf3D7_09_v3-270915-271160-1A","CTTTGTATGTATTATCTGTTGTTTTATCTTCACCTTGATTTCCTGTACTTGTAGATTCAGTAGATGGACCTTCAGAACCTGATAATTCATCACTAGTAGATGCAGCACTTGTACTTTTAGATTGTTCTTTTAATGGTCCCATATATTTGTATAATTCTATTTCTAAATCTTGATCCTTGGTTTTTTCTTCTAA","Pf3D7_09_v3-270915-271160-1A.3","85A180+8N",1893,1,1
"IM-23-122-HJWU","8070934100","Maziba","Pf3D7_06_v3-532166-532407-1A","AGAACAATTGCTAAACACCAAATTGGGTGAAACAAAAAACCACCTGAACAGAACCCCATTTATACCTGAATCGGTCATACGAGAAAGGAAATTACGCCAAGAAAAAGCTCAATCCACAAACAACATGTTCGATTCAACAAACGCAGATAGTATTACTTCCCCATGTGATCCAACGAATGCCACG","Pf3D7_06_v3-532166-532407-1A.5","33+8N157T",16,0.00363801728058208,3
"IM-23-122-HJWU","8070934100","Maziba","Pf3D7_05_v3-213027-213251-1A","ATGTACTTATCCCCTGATATGATTTCCCCAATATCATCAAAATCAGTAATCTCTAAATCATTTATATGATTTATATGTATAAATTCTTTTATCTTGTTCAAATAATTTCTGTAATAAAATATATTCTCTTTATCATCATCAATTATTTTCATATAATC","Pf3D7_05_v3-213027-213251-1A.1","25T27C",2540,0.995297805642633,3
"IM-23-122-HJWU","8070934100","Maziba","Pf3D7_09_v3-1015103-1015350-1A","ATTATTTAATTTTTCATCTTTTATATTTTTCAGATTTTTTATATGAAGATGTAGGAATACAACTAAATTAACAGCTGAAAATAATCTTACTAACAAAAATAATTTGAGGAATTCTTCATCATATAAATCTTTTGGAATATTATTTGTGTATTCATAAATTTCTATTAAGGATATAATAGTTATGA","Pf3D7_09_v3-1015103-1015350-1A.3","34+8N51G",245,0.987903225806452,2
"IM-23-122-HJWU","8070934100","Maziba","Pf3D7_04_v3-284121-284364-1A","ATATTGTATATTATCATAAGATTTATATGGAGGACCACATTGAAATCCGACAATTTCATTTGATGCATGTAGTACACATTCCGTATTTCTGTTTGAATTATTTAAAATAATTTTATTACTTAGAAATGATTCTTTTTCACTATAATCTTTATATAAGAAAGGGTCTTCATCAATTTGA","Pf3D7_04_v3-284121-284364-1A.1","157G",1091,0.997257769652651,2
"IM-23-122-HJWU","8070934100","Maziba","Pf3D7_06_v3-532166-532407-1A","AGAACAATTGCTAAACACCAAATTGGGTGAAACAAAAAACCACCTGAACAGAACCCCATTTATACCTGAATCGGTCATACGAGAAAGGAAATTACGCCAAGAAAAAGCGCAATCCACAAACAACATGTTCGATTCAACAAACGCAGATAGTATTACTTCCCCATGTGATCCAACGAATGCCACG","Pf3D7_06_v3-532166-532407-1A.1","33+8N109G157T",2103,0.478171896316508,3
"IM-23-122-HJWU","8070934100","Maziba","Pf3D7_13_v3-1724895-1725166-1B","CGCCATTTTCTCCTCCTGTAATTATATAAGAATCTGACAATGTGGCAGCTCCAAAATTCATTTTTTTCTCTGGTACACCATTTAGAAATTGCCATCTTTTATTAAATGGTTGATATTGTTCAACGGAATCTAATATGTTATGTTCATTATCAATACCTCCAACAACATATATTTGATTAAGGTAATTAAAAGCTGCTCCTGAACTTCTAG","Pf3D7_13_v3-1724895-1725166-1B.1","60+9N",399,1,1
"IM-23-122-HJWU","8070934100","Maziba","Pf3D7_04_v3-648065-648332-1A","TATGACTTCTGATTCAGTTTTGTTAAGATATATACCAAGAGATCTTAACAAATATAATAATTTTTCACCACTAACTCCATCTTTATTAGTATCGTATTCTTTAAATATTGATTCAATCTCAGCTCTCTTAAAGAAAACAAATATATATACATATATATATGTATTTATATGAATTTGTATCAATAAATAATAACATTCTTA","Pf3D7_04_v3-648065-648332-1A.1","141+30N",362,1,1
"IM-23-122-HJWU","8070934100","Maziba","Pf3D7_11_v3-497277-497548-1A","TTTTAGATTTAATTGAATATTCATTTTTAAATTATACTAGTTCTAATTTAAATACAATAAATAATAATAATGACAAAAAAAAACAAAATCAAAAAAATAAAAATCGCAAATATAGTAAAAATAATATTTTAGATCTCTATGAACACGTAAGGACGATCAGTTTATTTTATCACACGTTTAATTTACCTAAGGAGTATAATGAAAAATTGTT","Pf3D7_11_v3-497277-497548-1A.3","74+11N90+9N148T152G",2,0.00716845878136201,2
"IM-23-122-HJWU","8070934100","Maziba","Pf3D7_14_v3-771407-771633-1A","ACCCACGGGACATTTTAATTTATACCTATTGGAACATTTTTTATTAGGTCTTTCTTTATGATTCTTCTTTAAAATAGGTTCATCATTATTTGAGTAAACTAACAGATCATTATCGTTCTCAAATTTATTATAACCATCAATATTTTTATTTCCATATACATCTATAA","Pf3D7_14_v3-771407-771633-1A.2","36+8N108C124T",4156,0.996403740110285,2
"IM-23-122-HJWU","8070934100","Maziba","Pf3D7_09_v3-202854-203106-1A","AATATACAAAGAATGCATATGATAAAATATTCTTTGTCCTTTAAAATTTTTTGTTCTTGTACTTTGTTTTTTATAATCTATTAAATTCATATCTGATGAAATATCATATTTATATTCCCCTTTATGAGCATTTACAAAAGTTTCGTTATTTCTTTTATTAATATATGTATTTGAGCACATATATTTAT","Pf3D7_09_v3-202854-203106-1A.7","16C46+8N66+8N146T",5,0.00341296928327645,4
"IM-23-122-HJWU","8070934100","Maziba","Pf3D7_08_v3-1344618-1344845-1A","TATCTTTTCCATATATAATAACGCATGAATTCTTTAAATATATCTTTTACTTTATCTGTAAGTTTCATGGAATCTATTATTTCATGTGCATATTTTATTTTTGCCTCGTTTATATATTTACCTGCTTTTAATTTACATAAACATTTTTCTATTAAGTTTTG","Pf3D7_08_v3-1344618-1344845-1A.6",".",9,0.00440528634361234,2
"IM-23-122-HJWU","8070934100","Maziba","Pf3D7_08_v3-336421-336651-1A","TAACAACGAACCCATAAATTTACAGAAAAATTTAGATTTAATCATATGGCTAAAAAAGAATATAAAAGAAGGAGAAGCTTTAATTTCTGATATACCTACATCAAGTTTTTTAAGGTGTACTACAAATTATAAATTTGTATTGCATCCCCAATATGAAGATAGT","Pf3D7_08_v3-336421-336651-1A.3","51+8N97T105+8N148C",6,1,1
"IM-23-122-HJWU","8070934100","Maziba","Pf3D7_09_v3-202854-203106-1A","AATATACAAAGAATGTATATGATAAAATATTCTTTGTCCTTTAAAATTTTTTGTTCTTGTACTTTGTTTTTTATAATCTATTAAATTCATATCTGATGAAATATCATATTTATATTCCCCTTTATGAGCATTTACAAAAGTTTCGTTATTTCTTTTATTAATATATGTATTTGAGCACATATATTTAT","Pf3D7_09_v3-202854-203106-1A.2","46+8N66+8N146T",677,0.462116040955631,4
"IM-23-122-HJWU","8070934100","Maziba","Pf3D7_06_v3-176108-176338-1A","ATTATTATTATTATTATTATGATGATGATGATGATGATGATCTGTGTTAAGATCATCTTCTATACCATTAGTTAAACATTTTATATTTTTATTCATATAAACATTAATCTTCACAACAGATTTATCAGATCTAGAAAATCTTGTACCTGTTGCTTTATGTAACAATAT","Pf3D7_06_v3-176108-176338-1A.5","1+38N",4,0.00248138957816377,4
"IM-23-122-HJWU","8070934100","Maziba","Pf3D7_13_v3-1406713-1406975-1A","TTTCATGTCTTCTTAAATATGTTTTAAATTCATTATTTAATTTTTCATCATATTTAGGTACATTTTTTTTTGGAAATCTAGATGTTTCATTATTATCGTGATTTGATGAATATATATAATGAGTTTGTTTAAAATGTGGTTCATTCAAATTATCTTTTTTCTTATCTTCGTGTATATTTTTATTATAATTTGAATACTTC","Pf3D7_13_v3-1406713-1406975-1A.1","6T62+11N154+8N",6,0.00914634146341463,2
"IM-23-122-HJWU","8070934100","Maziba","Pf3D7_08_v3-1366575-1366822-2","TTTAGCTTTTTCACATTGTGTTCTTAATCTTCTTAATGATTTTGAATTTTTGGAAACATCTTTACCTCCATTTTTTTTTTTAAAATCTTGTACACAGAAGTTTACTAATTTATTATCAAAATCTTCTCCTCCTAAATGTGTATCTCCTGAGGTAGCTTTAACTTCAAAAATTCCATCTTCAAGTGTTAATAAGG","Pf3D7_08_v3-1366575-1366822-2.1","70+13N",1255,1,1
"IM-23-122-HJWU","8070934100","Maziba","Pf3D7_08_v3-1366626-1366856-1B","CTTTACCTCCATTTTTTTTTTTAAAATCTTGTACACAGAAGTTTACTAATTTATTATCAAAATCTTCTCCTCCTAAATGTGTATCTCCTGAGGTAGCTTTAACTTCAAAAATTCCATCTTCAAGTGTTAATAAGGAAACATCAAATGTTCCTCCTCCTAAATC","Pf3D7_08_v3-1366626-1366856-1B.1","11+13N",397,1,1
"IM-23-122-HJWU","8070934100","Maziba","Pf3D7_08_v3-1370603-1370853-1B","AAAAGTAATTAAAAAAAAAAAAAATGAAAATAAAAAAAAACATTACATATTTTTTTATGTATAAAATATTTTAAAGCACTGAGATTATTTATGTTATAAATTAATTGAATGTTTAAAAGATTATAAAATTTTATTTATGAAAATATATGAATATATATAATATAAGCAGGTATTAAATAACCAAATAATAT","Pf3D7_08_v3-1370603-1370853-1B.2","10+32N49+9N",170,1,1
"IM-23-122-HJWU","8070934100","Maziba","Pf3D7_05_v3-369676-369949-1A","TGTAATATTATATATCCTGTTATAAATAAATCATTGGATATGGATGTGAAAAAAGAAGATATAAAAAAAAATGTAGAAGAAAATAAATATATAGAACATACACAGAATTTGAAAAATTATTTAGAAAATGATGAAAATGAGAAAAAAAAAAGAAGAAAAAGATCAAATAATAATGACAATTATAATTCTCATGATAATAATATTTTTCA","Pf3D7_05_v3-369676-369949-1A.1","48+8N62+11N141+12N",236,1,1
"IM-23-122-HJWU","8070934100","Maziba","Pf3D7_11_v3-408543-408771-1A","AGAGTGTTAATAATACTACAGCTAGTAATATTTCCAAATCCAAAAATGAACTTGAAAAAAAGTCATCAGTTAATAATAATGCTTATATTAAAATTATCGAAAATTATGATTTATTATGGTTAAAATTAATAGAAATTGAATTATGTTGTAATAATAAAAATTTAAATCCTATA","Pf3D7_11_v3-408543-408771-1A.1","54+9N",4154,1,1
"IM-23-122-HJWU","8070934100","Maziba","Pf3D7_09_v3-202854-203106-1A","AATATACAAAGAATGCATATGATAAAATATTCTTTGTCCTTTAAAATTTTTTGTTCTTGTACTTTGTTTTTTATAATCTATTAAATTCATATCTGATGAAATATCATATTTATATTCCCCTTTATGAGCATTTACAAAAGTTTCGCTATTTCTTTTATTAATATATGTATTTGAGCACATATTTTTAT","Pf3D7_09_v3-202854-203106-1A.1","16C46+8N66+8N183T",779,0.531740614334471,4
"IM-23-122-HJWU","8070934100","Maziba","Pf3D7_08_v3-1099719-1099977-1A","AAAAAATAAAAAATCAAACAAGATAAATAATAATGTATATAATACTAGTGGTATAAAAAATAATGATCAAAATATGGATAATATGAATCAAAAAGGAAAAAGTAACAAAAATTCAAATAAATATAATTTTGATGAAGAGGATTTATGGTTTTTATGTGATTTATGTAATAATCCTATAAGTCCGTTATGTTA","Pf3D7_08_v3-1099719-1099977-1A.4","1+14N54+8N97A",301,0.501666666666667,2
"IM-23-122-HJWU","8070934100","Maziba","Pf3D7_07_v3-1043981-1044225-1A","ATAATGATATGTTATTTCATCATCAGCATCGACTTCTTTTTTATTATGTTCAAACAAATTCTTATATTTTATATTATTGCATTTTTGTCTTTCCATATTTATAAAAGATTCTATTTTCTTTTTATAATCATTCCTTTTTATATAATTACACATTCCTTCATTTTGGTTGTCATAACTCTTCT","Pf3D7_07_v3-1043981-1044225-1A.1","36+8N",1813,1,1
"IM-23-122-HJWU","8070934100","Maziba","Pf3D7_07_v3-105172-105442-1A","GACTACTAACAGAGTGACTACCTACGCTATGTTGAGATGAATTCCTTCCATCTGAATTACTTCCAGATAGGTGATTTTCTGTACTTCCATCTGAATTGTTTTTATATAATTGACTTTCCTTTTGTCCATCTAAATTATGCACTGCACTATGAGTTCCTTCACCCAAATTATTACTGTTTGTTGTATCATCATTTAAATCAAATCCATTTCTT","Pf3D7_07_v3-105172-105442-1A.1",".",715,1,1
"IM-23-122-HJWU","8070934100","Maziba","Pf3D7_09_v3-202854-203106-1A","AATATACAAAGAATGTATATGATAAAATATTCTTTGTCCTTTAAAATTTTTTGTTCTTGTACTTTGTTTTTTATAATCTATTAAATTCATATCTGATGAAATATCATATTTATATTCCCCTTTATGAGCATTTACAAAAGTTTCGCTATTTCTTTTATTAATATATGTATTTGAGCACATATTTTTAT","Pf3D7_09_v3-202854-203106-1A.3","46+8N66+8N183T",4,0.00273037542662116,4
"IM-23-122-HJWU","8070934100","Maziba","Pf3D7_07_v3-1066661-1066903-1A","TATGGTTTTGTAATTTATTGGTATGTGTTGTTAAAGGAGAATTTTTTTAATATCCCTTGTCATGGGCAAAATGAGAAAAAAGAAATAAAAAACTTTTATGTTCAACATGAAGATATTTGTGAACACACTATTGGTAATCATATGTTAGGTGATAAATTAAAAATGTGTACATCTAATATTAATG","Pf3D7_07_v3-1066661-1066903-1A.2","41+9N75+8N86+8N",2993,0.993362097577166,2
"IM-23-122-HJWU","8070934100","Maziba","Pf3D7_08_v3-1365709-1365954-1B","ATTTTCATCTTGTAATGTGTTTTTAACATTATAGCAGTAATTTTCTAGGTTGTTTCTTGCTTCAATTCTATTTTTATTTTGTTCATCCTCTTCTTTATATTTTTCTGCATCATTTACCATACGATCGATATCATCTTTTGATAATCTTCCTTTATCATTTGTAATAGTAATTTGGTTTTGT","Pf3D7_08_v3-1365709-1365954-1B.1",".",668,1,1
"IM-23-122-HJWU","8070934100","Maziba","Pf3D7_08_v3-399693-399961-1A","CTTTTCTTCACCTTGGTTTATTACATTATTATTTTCATCATTGTGTTGAATGTCCTTATAAATATGTTCATTAATAATATCTTTGGAAGTATCTTCCATATTTTCTTCTTTATCAATTTTAAATACTTTTTCATAACTTTCATTTTCTTTTTTCTCCTTGGATGTTTCTAATTTATTCTCGTCATTTTTATCAAAATTATTTTTATAACTTTCA","Pf3D7_08_v3-399693-399961-1A.1","147+8N",848,1,1
"IM-23-122-HJWU","8070934100","Maziba","Pf3D7_04_v3-284121-284364-1A","ATATTGTATATTATCATAAGATTTATATGGAGGACCACATTGAAATCCGACAATTTCATTTGATGCATGTAGTACACATTCCGTATTTCTGTTTGAATTATTTAAAATAATTTTATTACTTAGAAATGATTCTTTTTCACTATAATCTTTATATAACAAAGGGTCTTCATCAATTTGA","Pf3D7_04_v3-284121-284364-1A.5",".",3,0.00274223034734918,2
"IM-23-122-HJWU","8070934100","Maziba","Pf3D7_04_v3-1037644-1037891-1A","GAAAGAGATTTAACAGATGATGCTGTGATTTTTGCACACTCACTTTATTTACCATTTGAAAAAGAAGAAATGTGGTGGATCGTTATCGGAATTAAAAAAATGAACTTACTTTTATCTATCAAAAAATTATCTTTATTGAAAAGTGTCAATAATATAAAAATTAATTTCGAATTGCCTGACA","Pf3D7_04_v3-1037644-1037891-1A.1","93+9N120+8N",902,0.590314136125654,2
"IM-23-122-HJWU","8070934100","Maziba","Pf3D7_13_v3-2770621-2770854-1B","ATTCCAAGAAATATTTTTAAAAAAAAATAGTGAGTTAGATGATCACGTATGGAATATAGAAAGTATTACTACGAATATATTAGAGAGGAATAAATTAAGTGATCAAAATAATGAAGATAACCATGATGTTAATAATAATAATGAAGACCCATCTGGGGGTAATTTAAAAAC","Pf3D7_13_v3-2770621-2770854-1B.1","18+11N130+13N",881,1,1
"IM-23-122-HJWU","8070934100","Maziba","Pf3D7_11_v3-408285-408534-1A","TATGAAGAAGGTTTAAAATATTGTGCGTCATCAATTAATTTATGGATATGTGCTATCGATTTACAAATAGAAAAAAAGAATTATACAGGTGCTAGAGCTTTGACGGAGAAAGCAAAAATCAAAATCAAGTATTTAAATTCTTTTAATAATAATAGTCATATTTTAAAAAGTAAAGAAATTATTGAA","Pf3D7_11_v3-408285-408534-1A.1","70+9N",1217,1,1
"IM-23-122-HJWU","8070934100","Maziba","Pf3D7_13_v3-146695-146934-1A","AAAGTATTTGTAATAGATTAAACGATGAACTAAATGAAGAAATATGTGGTTATCAAATTAGGTTTGAAAAATCGTATTTTTTAAAACATAGTAAAATTAAAGTTATGACAGAAGGAATTTTATTGAAAGAAATTATGAGTGATTTTATTTTATCAAAATATAGTGTTATTATTCTTGA","Pf3D7_13_v3-146695-146934-1A.4","76+8N",3204,1,1
"IM-23-122-HJWU","8070934100","Maziba","Pf3D7_13_v3-156456-156685-1A","ATTATATGATATTTATATAAAATTAGAAAATCTAATTTTAGAAAAAATAACTGAAAGTATATACAATAGTACACCTCCATATAGAGTTATTATGTTCGAATTAATGACCAGATTATTTCGATTTTATACAAAACCAATAGACCTTATTATTACTATGAATACAC","Pf3D7_13_v3-156456-156685-1A.1","41+8N",793,1,1
"IM-23-122-HJWU","8070934100","Maziba","Pf3D7_13_v3-156713-156986-1A","TCCTTTTATGTGAACAAATTAAATATTGTAAATGATTTCTTTTTTGAAACACACCATAAAGATACACATCAAGACAGTCAAAATGAACACAAAACGGATGAACCTAAAATACATAATGTTTTCAAAAAAAAAAATAACGATATCTTTGTTAATATTCCTCTACCAAAAATATTTAAAAATTTCTTACATTCCATATATTTTAGAACTCC","Pf3D7_13_v3-156713-156986-1A.2","39+8N50C123+13N",479,1,1
"IM-23-122-HJWU","8070934100","Maziba","Pf3D7_08_v3-1176313-1176549-1A","TACATCCAATGAATATTTTACACTTAAAAGAAATAAACAAATTATTCATAATAAAATACATATACTCTCTATGCAAAAAAATAAACAAAATACAAACGAGCTAAACAAATCATGTAATATTAACGCCATCATATTTAATATTAATTCTGATGATTTTGAGGTAGGCGATGAAATTGT","Pf3D7_08_v3-1176313-1176549-1A.4","67C74+9N",2342,1,1
"IM-23-122-HJWU","8070934100","Maziba","Pf3D7_13_v3-1265494-1265726-1A","TGTCATATACAGATTATAAAAATGATCATAGAATAAGCGAAATTTTAAATCGTTGTATTTTACGATTAAACGAGTTTGATCTAATTCATTTATCTTCTTTGGTCATATCTTTAAGTAAAATGAATTTTAGGAGTGTGTATTTTATGGAACAAGTACAAAAGAAATT","Pf3D7_13_v3-1265494-1265726-1A.4","44T144A",17,0.00456989247311828,2
"IM-23-122-HJWU","8070934100","Maziba","Pf3D7_08_v3-1386795-1387043-1B","TCCTTTGTCGCAGCATGCCTTTCATTAGCTGCTATAGCTTGTGTTATCTTAACTTCATTATAAAAAAAATATACTTCGATAAAAGGTACATATACCATGCTGGTCAATGATATTAGCATGCGACATTCTAATATATCCATTATGAACAAGGTGAACAAGAATATTGGGATTATTGAAATTGTCTGCATTA","Pf3D7_08_v3-1386795-1387043-1B.1","61+10N",846,1,1
"IM-23-122-HJWU","8070934100","Maziba","Pf3D7_13_v3-1350855-1351093-1A","TCTTTTATATTAGTTGTTTCGTTATTTTCATTATGTTCCATATTTTGGTTATTTGTATATTTTATATTTTTTAAAAATTGGTAAATATATTCCGAGATGAAAGGTGTAAAAGGGGCCATAATTATTGTAAACAAATATAATGTTCTACATAAAACATTTAATGATTGGTGAGT","Pf3D7_13_v3-1350855-1351093-1A.1","66+8N",2054,1,1
"IM-23-122-HJWU","8070934100","Maziba","Pf3D7_02_v3-503040-503288-1A","ATTATGATTAATAATAATATTTCTCATAATTTCGTTAAATACATCTAAACTATTTATAGAACCATCTATATCATCTTCATTCCTATTTTGGTGAACTGATTCGGTGTTTATAACATCTAAGGTGTCTTTTTCTTCTCCTCTGTAACTTTTTATAATTTTTTGATAAATGTTGTTATAAGAATTATCA","Pf3D7_02_v3-503040-503288-1A.1","155+8N",1969,0.992939989914271,2
"IM-23-122-HJWU","8070934100","Maziba","Pf3D7_13_v3-2814606-2814855-1B","TAGCGATAATGATCCTGCAGTAGTAAGTGGTAGAGAATCTAAAGATGTAAATCTTCATACTTCTGAAAGGATTAAAGAAAATGAAGAAGGTGTGATTAAAACAGATGATAGTTCAAAAAGTATTGAAATTTCTAAAATACCATCTGACCAAAATAATCATAGTGATTTATCACAGAATGCAAATGAGGACTCTA","Pf3D7_13_v3-2814606-2814855-1B.1","109T",7,0.0043424317617866,2
"IM-23-122-HJWU","8070934100","Maziba","Pf3D7_13_v3-2816310-2816554-1B","CAAATACTTTTCAATATAGGTCTAGTGAAAGTGTGGAAGTAATAACTAATAAACCTGATGAAATGGAAATGACAACTAAACCACCATCACAATACATTGAAAAGGAAATTGGAGAAATTGATTCTACAAAAAATCAAGATAATGATGAACAAAGCAATTCTATAATTCCTTTAATTAATAAAAATAATGAA","Pf3D7_13_v3-2816310-2816554-1B.1","127+8N",1342,1,1
"IM-23-122-HJWU","8070934100","Maziba","Pf3D7_13_v3-2770591-2770863-2","ACACATCGATTTTATCAAAAGGAAATATTCCAAGAAATATTTTTAAAAAAAAATAGTGAGTTAGATGATCACGTATGGAATATAGAAAGTATTACTACGAATATATTAGAGAGGAATAAATTAAGTGATCAAAATAATGAAGATAACCATGATGTTAATAATAATAATGAAGACCCATCTGGGGGTAATTTAAAAACCAATCTAAT","Pf3D7_13_v3-2770591-2770863-2.1","44+11N156+13N",968,1,1
"IM-23-122-HJWU","8070934100","Maziba","Pf3D7_05_v3-1322099-1322341-1A","TTCCAATAGAAACTATATTACGATTTCCTTCATGAGGTAAATTGACATTCATCTTATATGTATAATTAAGGATGAGTAATAAATTGTATAAAAATATTTTTATTTAATAATTTATATGTATTATTAATAATTCTGAATTTATCAATTGATATATTATTTTTGTTTTTCTTTATGCCATTC","Pf3D7_05_v3-1322099-1322341-1A.1",".",309,0.987220447284345,2
"IM-23-122-HJWU","8070934100","Maziba","Pf3D7_13_v3-1465901-1466157-1A","CATAAAGGGTCCGATAACATTTTTTACATTTTCCCATGCAGAATCAGCATACAAGTTACATTTACCATCTGATGGATGACAACCTACAAGAAATCTGTTGAAAGCTACATTAATACCTTGTCCAATACCAAAAACAGCTATTTTAACACCACGATCATTTAATTTTCTTGATTCTTTTAATGAATCTTGAATACTAT","Pf3D7_13_v3-1465901-1466157-1A.1","19+8N158T",1320,1,1
"IM-23-122-HJWU","8070934100","Maziba","Pf3D7_09_v3-595828-596094-1A","ATAATTTTTTCATCGTTCTTATACATGAATGATAAAGTCTTTTTGCAAAATTTTTTGAAGAGATCAGATTTGAGATAAAGACGTTTGGCTAATTTATACGAGAATTCGAGAGCATCTAATTTTATATTTAAACATTTTTTCGTATCCAATATATTATAATTTTGTTCATAAGTCTGTTCATTTATATTATTTAATACTTTT","Pf3D7_09_v3-595828-596094-1A.6","4+8N27G50+8N134+8N",612,0.996742671009772,2
"IM-23-122-HJWU","8070934100","Maziba","Pf3D7_04_v3-316593-316858-1A","TTATTCATTTTTTGTATATTATCCTTTTCTACATCATCAAAATTTGTTAATGATTCACACGTTATATTTGGTGATATTATATTTCTACCTGTACATACACCAATATTTGTTGTACCTATTATTTTATACCCTTCTTGACATTTAAATTCTATTTTTTCACCAAGTAAATAATATTTTTTATCAGGGATAAGGGAAACATA","Pf3D7_04_v3-316593-316858-1A.1","7+8N151+8N173+8N",882,1,1
"IM-23-122-HJWU","8070934100","Maziba","Pf3D7_08_v3-1313088-1313338-1A","TGAGAGACATAGATATATGATAGAAAAATGGAAAAAAGAAGATTGGTTTTGTGATTTAAAAGAAACGTTGAAAAATGAATTCGAAGAACAGATGGATATAGGAAAAGTATCTTTTTTATATGAAAATAATAGAGAGTATGGAAAAAATTTTTATTTGGAAAAGCAAAAAATTATATGGAAAAGATGG","Pf3D7_08_v3-1313088-1313338-1A.2","31+8N82C111+8N141+8N164+8N",845,1,1
"IM-23-122-HJWU","8070934100","Maziba","Pf3D7_01_v3-528859-529104-1A","TTTGATTCTTTTTAATGAAAAAGAAGCTAAAGATATGTCAGACCATATAATTTCCCAACAAAAACGTTATTGCTCTACCAATATTCATAGTATTTATAATAATAAAATATGTATATGTAAAAATAAGCGACATCATAACAAAAGAGGGAAAGGAATAAAGCATCATGACATACATCAAAAGG","Pf3D7_01_v3-528859-529104-1A.4","93T165A",21,0.00473399458972047,2
"IM-23-122-HJWU","8070934100","Maziba","Pf3D7_01_v3-535965-536239-1A","GCTCATTCGATATTTTCCAGTTGTTTGATTTTAAAAATGATGTATATTTTTTAGATGATAATTTGTTCGACAAGGATATGGTATATTGTACAAGTACCAACAATTATGGCATTATGGAAAATGATAATGATGATGATAAAATAATAAAAATACAGAATTTAAATGAGAAATTAAAAAATGGAAAAGCTGAATTTAAAGATATATTATTAT","Pf3D7_01_v3-535965-536239-1A.4","8C46+8N111A118A121+17N155G172+8N",374,1,1
"IM-23-122-HJWU","8070934100","Maziba","Pf3D7_04_v3-748374-748611-1B","AAACTGGGAAAGCATTCCAAAAAAATTTAAACCTTTAAGCAATAGGATAAATGTTATATTGTCTAGAACCTTAAAAAAAGAAGATTTTGATGAAGATGTTTATATCATTAACAAAGTTGAAGATCTAATAGTTTTACTTGGGAAATTAAATTACTATAAATGTTTTATTTTAG","Pf3D7_04_v3-748374-748611-1B.2","3A18+9N72+9N170T",1757,1,1
"IM-23-122-HJWU","8070934100","Maziba","Pf3D7_02_v3-503040-503288-1A","ATTATGATTAATAATAATATTTCTCATAATTTCGTTAAATACATCTAAACTATTTATAGAACCATCTATATCATCTTCATTCCTATTTTGGTGAACCGATTCGGTGTTTATAACATCTAAGGTGTCTTTTTCTTCTCCTCTGTAACTTTTTATAATTTTTTGATAAATGTTGTTATAAGAATTATCA","Pf3D7_02_v3-503040-503288-1A.2","97C155+8N",14,0.00706001008572869,2
"IM-23-122-HJWU","8070934100","Maziba","Pf3D7_13_v3-2814606-2814855-1B","TAGCGATAATGATCCTGCAGTAGTAAGTGGTAGAGAATCTAAAGATGTAAATCTTCATACTTCTGAAAGGATTAAAGAAAATGAAGAAGGTGTGATTAAAACAGATGAAAGTTCAAAAAGTATTGAAATTTCTAAAATACCATCTGACCAAAATAATCATAGTGATTTATCACAGAATGCAAATGAGGACTCTA","Pf3D7_13_v3-2814606-2814855-1B.2",".",1605,0.995657568238213,2
"IM-23-122-HJWU","8070934100","Maziba","Pf3D7_05_v3-668763-669004-1A","TAATATTATCTGGCTCTGTAACCATGTCCGAACATATGTTAACAGGAGAATCTGTTCCTATACATAAAGAGCAGTTACCTTTTGAAGGAAATGCTATTATAAATAAAAATAATAAATATGAGAGTAACGATGAAAAGGATGATTACCTTCGTATTTATAATAATCATGCTAGTATTAATATGATCAAGCG","Pf3D7_05_v3-668763-669004-1A.7",".",4,0.00176600441501104,3
"IM-23-122-HJWU","8070934100","Maziba","Pf3D7_02_v3-628941-629172-1A","ACTTTTTTTAGATTTTTCTTGATCGTTTTCATCATTTTTTATTTCCTGTTCATCTGAGGTTTTCTTTTGTAAACGCTTAGTGCGTTTCTTTTGACCTTTTAATTTTTTTTTAAATATATTTTTAACTTGATCAATGAAGAAAGCATAATCTTGTATGACAGAAAATCT","Pf3D7_02_v3-628941-629172-1A.1","2+9N34+8N87T102+11N",1454,1,1
"IM-23-122-HJWU","8070934100","Maziba","Pf3D7_13_v3-2840462-2840736-1B","AATAAACACATATGTTTATTAATAAAATTGTTAGTTATTTTTATGTATACATAATAAATTAAAGATACTAAAACAATATTTTTAAATGTAAATAAATGAATAATGATATTATTTATATGATTCATCATTCTATATTTACATGGAAGATTAAAAAATTATATATATATATATATATGGTAATTTCTGTGTTTATGTTTTTATTTTTATAATA","Pf3D7_13_v3-2840462-2840736-1B.5","149+23N",11,1,1
"IM-23-122-HJWU","8070934100","Maziba","Pf3D7_08_v3-476232-476475-1A","CAAACACATGATAAACAAAAGTGTAAGGAAAATTTTTCAAATTCATTTGTTAATGAAATATATGAAAAAGAAGAAAAAGAAACGCAAAAAATGAAAGAATATTTAGAACAACATGAAGAACATTTTTCAACGTTTAGAAATTCAATTTTATGTAAATTAAGAATAGCTGAAGAATT","Pf3D7_08_v3-476232-476475-1A.1","85+8N",1220,1,1
"IM-23-122-HJWU","8070934100","Maziba","Pf3D7_09_v3-516735-517007-1A","ATAGAAGGATATATAAAAAATTATCAAGAATCATATAATATAAATGACCATTGTAAATTAGTTCCATTAAATTTTTATAAAGATTCTATTTCTAATGATTTAGGTACTCCATGCCCTGTGAATAGTATTACCTTAAATGTGGGCGCAAAAACTATAAATGAATGTTTGTGTAATAAAGGATATTTCTATAATGTCAAGAAACAACAATGTGA","Pf3D7_09_v3-516735-517007-1A.1","14+8N",414,1,1
"IM-23-122-HJWU","8070934100","Maziba","Pf3D7_04_v3-1083299-1083563-2","ATACACTTTCCATATGTAGAGGACTTATGATATATAGAATTATAAGATAAATGTTTATAATAATCTAAAAAAGTATAATGAGGTATTATAACAAAATCCAAATGTCCTTCTTTTTCTTGTAAAATATCAATAGAATTTGCAATGTTATAATTTGATAACTCTTTAAAATGATATTGTAAAAAATTAACATTTTTATA","Pf3D7_04_v3-1083299-1083563-2.1","66+8N177+8N",513,1,1
"IM-23-122-HJWU","8070934100","Maziba","Pf3D7_09_v3-595828-596094-1A","ATAATTTTTTCATCGTTCTTATACATTAATGATAAAGTCTTTTTGCAAAATTTTTTGAAGAGATCAGATTTGAGATAAAGACGTTTGGCTAATTTATACGAGAATTCGAGAGCATCTAATTTTATATTTAAACATTTTTTCGTATCCAATATATTATAATTTTGTTCATAAGTCTGTTCATTTATATTATTTAATACTTTT","Pf3D7_09_v3-595828-596094-1A.1","4+8N50+8N134+8N",2,0.00325732899022801,2
"IM-23-122-HJWU","8070934100","Maziba","Pf3D7_09_v3-685560-685825-1A","GAACCAAACAACGACAAAGGAACAAGATAATTTTTTCCATTTTTATAAAAGTAATATATATGATATGGAAAATAGAACATGTAATAATAATATATTACAATATTGTGTTATGAATAATAAATCATATTTATTTCATAATATATCATCCAAAAAAAATATATATATAAAAAAAAAGAATCATCAGTTTTCTTTATTCATATATT","Pf3D7_09_v3-685560-685825-1A.1","30+8N79A148+10N165+11N",42,1,1
"IM-23-122-HJWU","8070934100","Maziba","Pf3D7_11_v3-1375807-1376056-1A","TCGTTATGTACCCTAATAAATTTTTTTTCATTATTTGAATCTATATTATTTACATTAGTATTTTGAGTTGTACCATAAATTTCAGTGTTATTATTATTTCTATTCATATAATTATGTCCGCTTATATAATTATGACCATTAAAAAAACGTCTTCCATGTATATCATCTCTTCTAATGTATTTA","Pf3D7_11_v3-1375807-1376056-1A.1","20+10N140+9N",450,1,1
"IM-23-122-HJWU","8070934100","Maziba","Pf3D7_13_v3-2814583-2814832-2","TCAGTCTTCTAATTCTAGCGATAATGATCCTGCAGTAGTAAGTGGTAGAGAATCTAAAGATGTAAATCTTCATACTTCTGAAAGGATTAAAGAAAATGAAGAAGGTGTGATTAAAACAGATGAAAGTTCAAAAAGTATTGAAATTTCTAAAATACCATCTGACCAAAATAATCATAGTGATTTATCACAG","Pf3D7_13_v3-2814583-2814832-2.2",".",2450,0.995125913891145,2
"IM-23-122-HJWU","8070934100","Maziba","Pf3D7_02_v3-290580-290821-1A","TTATTATAAGGATTATAATTATTATCATTCTCATTATATGGATTAATATAATTTCGATCATAATCATTACTGTTTTTATCATATTGTGGATAATTATTTCTATTTCTATTTTGATTAAAATCCGATTGTCTATATCTAACTCTAATATCTGTAGATGCTAAATCATTAGGTAATGGG","Pf3D7_02_v3-290580-290821-1A.4","12+26N62A",11,0.0187074829931973,2
"IM-23-122-HJWU","8070934100","Maziba","Pf3D7_13_v3-1265494-1265726-1A","TGTCATATACAGATTATAAAAATGATCATAGAATAAGCGAAATTTTAAATCGTTGTATTTTACGATTAAACGAGTTTGATCTAATTCATTTATCTTCTTTGGTCATATCTTTAAGTAAAATGAATTTTAGGAGTGTGTATTTTCAGGAACAAGTACAAAAGAAATT","Pf3D7_13_v3-1265494-1265726-1A.2","44T145A",3703,0.995430107526882,2
"IM-23-122-HJWU","8070934100","Maziba","Pf3D7_14_v3-921176-921432-1A","ACAATATTAATTTTATAAGTTCATTATTTCAATTTTATATTTAGGAGGATCTATATCCATATATTATTCATTTTAAAAATATTAAAATAAATACATATATAAATATATAAACATATAAAAACAGTCTTTTAAAAATTAATAAGATTTATATAAAATATGGTTATAAATCCTATTTTGTATTATATCAAA","Pf3D7_14_v3-921176-921432-1A.1",".",333,1,1
"IM-23-122-HJWU","8070934100","Maziba","Pf3D7_04_v3-141741-141990-1A","TGAATACCATATAGCCCTTTCAAATTATATAAAGACAGAACTAAGAAATATAAACCTGCAAGAAATAAAAAACAATATAATAAAAATATTTAAAGAATTCAAATCTGCACACAAAGAAATTAAAAAAGAATCAAAACAAATTAATAAAGAATTTACCAAAATGGATGTCGTCATAAATCAATTAAGAGATATAG","Pf3D7_04_v3-141741-141990-1A.3","66+8N121+8N134A",3,0.00162866449511401,2
"IM-23-122-HJWU","8070934100","Maziba","Pf3D7_04_v3-141741-141990-1A","TGAATACCATATAGCCCTTTCAAATTATATAAAGACAGAACTAAGAAATATAAACCTGCAAGAAATAAAAAACAATATAATAAAAATATTTAAAGAATTCAAATCTGCACACAAAGAAATTAAAAAAGAATCAGAACAAATTAATAAAGAATTTACCAAAATGGATGTCGTCATAAATCAATTAAGAGATATAG","Pf3D7_04_v3-141741-141990-1A.1","66+8N121+8N",1839,0.998371335504886,2
"IM-23-122-HJWU","8070934100","Maziba","Pf3D7_09_v3-1015103-1015350-1A","ATTATTTAATTTTTCATCTTTTATATTTTTCAGATTTTTTATATGAAGATATAGGAATACAACTAAATTAACAGCTGAAAATAATCTTACTAACAAAAATAATTTGAGGAATTCTTCATCATATAAATCTTTTGGAATATTATTTGTGTATTCATAAATTTCTATTAAGGATATAATAGTTATGA","Pf3D7_09_v3-1015103-1015350-1A.1","34+8N",3,0.0120967741935484,2
"IM-23-122-HJWU","8070934100","Maziba","Pf3D7_13_v3-2545065-2545291-1A","ATGATTCCTCAAAAGTTTAACATTCCACATAGTATCTGTTAAATTGATAGTTTGCAAACAATTATACGTTTGGTTATTTTTATTTTTAAAAAAGGATATATGATCATCTAAAGATTTATTTTTGAGAAAGATTTCCATATATTCATATATATCTTGAATACACCA","Pf3D7_13_v3-2545065-2545291-1A.5","87+8N",3399,1,1
"IM-23-122-HJWU","8070934100","Maziba","Pf3D7_06_v3-1115900-1116168-1A","ATTTTTTAATAAAGCAGTACCATCTATATCTCTTCCTTTTTTTAAAACACATAAAGTTTCATCAAAATTGCTTGTGCTATTTTTATCAGGTTCAGGAAAATATTGTTTATTTGGAGAATATCCATTCTGATTACAAGTTATAATATTATTAATATTTATAAATTTTTTGTTTGTTTTTAAATCACCAAATTGATTATCGTTAT","Pf3D7_06_v3-1115900-1116168-1A.2","1+8N36+9N114G162+12N",604,1,1
"IM-23-122-HJWU","8070934100","Maziba","Pf3D7_09_v3-1406342-1406614-1A","TCTCAGATTATCATAGTGTTGTGGATGAAGATTTAATTAATTTTAATGATGATGTTACTTTAGAAACACAATCCATGATAGCACACGGAGGGTCTTTGTCAGAAATAGAAGAAACTGGAGATTTATCTTCAGATGTTGATAGATTACATTCATCAATCGAAACTACTCCAAGAGATGATGTTGTATATATACGAGGTGATATTGTATT","Pf3D7_09_v3-1406342-1406614-1A.2",".",7,0.00443599493029151,2
"IM-23-122-HJWU","8070934100","Maziba","Pf3D7_04_v3-544454-544718-1A","ACAAAATATAATACTTTATATACAAATGCTTATAAAAAATTTTAACTCGAACGTACTTCAAAATAATATAAATGAACAAGAAGTAATACATAATAACATCAACATTAATAATATAAAAGAAGAACAAATTATACCAAATAATATCAAGAATATCCATAATAATGACAATATTAATCATTGTGATGGTAATAAAATAA","Pf3D7_04_v3-544454-544718-1A.1","33+8N186G",330,0.5,2
"IM-23-122-HJWU","8070934100","Maziba","Pf3D7_04_v3-544454-544718-1A","ACAAAATATAATACTTTATATACAAATGCTTATAAAAAATTTTAACTCGAACGTACTTCAAAATAATATAAATGAACAAGAAGTAATACATAATAACATCAACATTAATAATATAAAAGAAGAACAAATTATACCAAATAATATCAAGAATATCCATAATAATGACAATATTAATCATTGTGATGATAATAAAATAA","Pf3D7_04_v3-544454-544718-1A.3","33+8N",330,0.5,2
"IM-23-122-HJWU","8070934100","Maziba","Pf3D7_09_v3-82006-82236-1A","TTTATCATCTTTAGGCCATAACCAGAGTACAAGCAATCCAACTATAACAATTGTAATTAACATTATAAATACTGTAATACCATAAACACTACCAGAAGCGATCAGAAATGCACTAAAAGTACAACAACATTCACTTGGAATAAGAGTAGCGATAAAACTAAAAATAGC","Pf3D7_09_v3-82006-82236-1A.3","95G122C137G",3697,0.994084431298736,3
"IM-23-122-HJWU","8070934100","Maziba","Pf3D7_09_v3-82006-82236-1A","TTTATCATCTTTAGGCCATAACCAGAGTACAAGCAATCCAACTATAACAATTGTAATTAACATTATAAATACTGTAATACCATAAACACTACCAGAAGCGATCAGAAATGCACTAAAAGTATAACAATATTCACATGAAATAAGAGTAGCGATAAAACTAAAAATAGC","Pf3D7_09_v3-82006-82236-1A.6","95G128T135A137G138A",20,0.00537778972842162,3
"IM-23-122-HJWU","8070934100","Maziba","Pf3D7_06_v3-1197245-1197515-1A","CATTAGGAAAAACAACAGAGCCTTCTTCCATACCATAAATACATAAATCATTTCCACTAATCTTTTCTAAATATTGCACAAAAGAATCAATATCATTATAAGATGACATCTTCTTTCTTATAAAATCTAATTGAGCTTTGGTAAATCGAAAACAATTAATATATTTTATTACTTCATATACACCAGCTAATATAGCAAATTGAC","Pf3D7_06_v3-1197245-1197515-1A.1","20G",969,1,1
"IM-23-122-HJWU","8070934100","Maziba","Pf3D7_05_v3-641131-641404-1A","GGAATTTTTTTTTTGGTGTTTTATTTTTTCGAAGGATACAGGATAATCTAAGACATTAAAATTATTGGGTTTGAAAAAGAGTTTCCTTTTTATGATGTGCAATAGAGGTATATTTATATAGGAAATATAAACATATAAAAGGAATATGATAAAAAGGAAATATTGACTTAATAAAATATTAATATTTCTTTTTTTCAAATATATTTCGT","Pf3D7_05_v3-641131-641404-1A.1","4+12N23+8N188+9N",170,1,1
"IM-23-122-HJWU","8070934100","Maziba","Pf3D7_04_v3-140317-140548-1A","TCGGGACAATATTATAAGGATTTTATCACATCAAGGAAAAATATTTATAATATAAGGGAAAATATATCCAAAAATGTAGATATGATAAAAAATGAAGAAAAGAAGAAAATACAGAATTGTGTAGATAAATATAATTCTATAAAACAATATGTAAAAATGCTTAAA","Pf3D7_04_v3-140317-140548-1A.1","86+8N",2915,1,1
"IM-23-122-HJWU","8070934100","Maziba","Pf3D7_06_v3-1235395-1235658-1A","GAATATGATAAAATATATATACCAAACAATAAAAATAAAATTAATAATATAAATAATTTTTTAATAAAAAACAATTTGCTGTTGAAATCCAAATTTATGAGAATAACTCCTAATACCTATTTATGTCGTAATTGTGTCCTGTTATATCAAAATGATTTTTCGTATAATACATATGAAGAAGAAATTAATAAAATGG","Pf3D7_06_v3-1235395-1235658-1A.1","56+8N65+8N",270,1,1
"IM-23-122-HJWU","8070934100","Maziba","Pf3D7_06_v3-1282656-1282930-1A","AAGATATGGAAGAAATATGATAAAGAAAACAATAAATATATATTGTCTCATTTTATTCCCCAATTTATTGAAGACTTAAATTTGAAGGATGAATTCCGAAATTTATTTGATGGATTTGTAAATGATTTGGATATTCTATTATATTCAGAATTTAAAGCATTTTATTTACAAATGAAGCAAAAAGATATAAATGAACTGAAAAATTCTGA","Pf3D7_06_v3-1282656-1282930-1A.4",".",402,1,1
"IM-23-122-HJWU","8070934100","Maziba","Pf3D7_06_v3-145285-145531-1A","TCAACAAAAGCTGATGAATCATCATAATTTGAATAAAATTTATCATTCACAATATTATATTTTTGTTTCTTCTTTTTTCCCATAATATTATTATTTTGTTCACAATATATGTTCATGTGTCCCCTCTTTTTCTGTAAAATATTAAAATGTTTCTTACTATGCTTTTCTTCATTTTTAATAACA","Pf3D7_06_v3-145285-145531-1A.1","72+8N165T",2532,1,1
"IM-23-122-HJWU","8070934100","Maziba","Pf3D7_11_v3-1934962-1935236-1A","TGATGTGCCAATATTAAGGATACATTTTCTAAAGCTTCTATCAGATAATGAAAATTTTTTCTGCGATTTTCATTTAAATCATTAAATATATTGGTTAGTTCTTGTATTGACGTTTTTGGATCTAAGGATGTAATTTGTTCATTTAATTCTTCTGTATATTCTAGATTAAAGTTTAAATTATTAAAATAACCTTCAGCATTATTTTCATTTTT","Pf3D7_11_v3-1934962-1935236-1A.1","54+10N98G",107,1,1
"IM-23-122-HJWU","8070934100","Maziba","Pf3D7_06_v3-176108-176338-1A","ATTATTATTATTATTATTATGCTGATGATGATGATGATCTGTGTTAAGATCATCTTCTATACCATTAGTTAAACATTTTATATTTTTATTCATATAAACATTAATCTTCACAACAGATTTATCAGATCTAGAAAATCTTGTACCTGTTGCTTTATGTAACAATAT","Pf3D7_06_v3-176108-176338-1A.2","1+38N",822,0.509925558312655,4
"IM-23-122-HJWU","8070934100","Maziba","Pf3D7_06_v3-176108-176338-1A","ATTATTATTATTATTATTATTATGATGATGATGATGATCTGTGTTAAGATCATCTTCTATACCATTAGTTAAACATTTTATATTTTTATTCATATAAACATTAATCTTCACAACAGATTTATCAGATCTAGAAAATCTTGTACCTGTTGCTTTATGTAACAATAT","Pf3D7_06_v3-176108-176338-1A.12","1+38N",22,0.0136476426799007,4
"IM-23-122-HJWU","8070934100","Maziba","Pf3D7_06_v3-176108-176338-1A","ATTATTATTATTATTATTATTATGATGATGATGATGATGATCTGTGTTAAGATCATCTTCTATACCATTAGTTAAACATTTTATATTTTTATTCATATAAACATTAATCTTCACAACAGATTTATCAGATCTAGAAAATCTTGTACCTGTTGCTTTATGTAACAATAT","Pf3D7_06_v3-176108-176338-1A.6","1+38N",764,0.47394540942928,4
"IM-23-122-HJWU","8070934100","Maziba","Pf3D7_11_v3-2001725-2001999-2","GGATGTAAGAACTAAGAATGTAAATACAAGTAAGAGAAATGAAGGACTTAATGATATAAATGAATCAGAAAAAACAAGAACAAGAAGGGCATCAACAAAATCAAATAATAATAATGTATCATACGAGAATGAATTAGAGAGTGTATCTGAATGGTTTGATAACTTTTTGGAGGATCATATGAAGGAAGGTGTTTTTTTAGATGGGGAAAA","Pf3D7_11_v3-2001725-2001999-2.6","1G68+8N89G153G191+9N",184,0.468193384223919,2
"IM-23-122-HJWU","8070934100","Maziba","Pf3D7_09_v3-163813-164052-1A","GTAATAATAATAATAATAATGTATTTCTTTCATCAAGTGATCCAAATAAATTAAACACAACACCATCACCATTTGGTTTATCATCTATTGGAAATCTAAATACAAACAATAAATTAAATAGCTTTCCAGATTTTAGTCAAGCTAATAAAACATTTCTACAAAATGATAGCTTAT","Pf3D7_09_v3-163813-164052-1A.1","2+19N28T131T",1559,1,1
"IM-23-122-HJWU","8070934100","Maziba","Pf3D7_08_v3-1099719-1099977-1A","AAAAAATAAAAAATCAAACAAGATAAATAATAATGTATATAATACTAGTGGTATAAAAAATAATGATCAAAATATGGATAATATGAATCAAAAAGGAAAAAGTAACAAAAATTCAAATAAATATAATTTTGATGAAGAGGACTTATGGTTTTTATGTGATTTATGTAATAATCCTATAAGTCCGTTATGTTA","Pf3D7_08_v3-1099719-1099977-1A.1","1+14N54+8N97A142C",299,0.498333333333333,2
"IM-23-122-HJWU","8070934100","Maziba","Pf3D7_09_v3-82006-82236-1A","TTTATCATCTTTAGGCCATAACCAGAGTACAAGCAATCCAACTATAACAATTGTAATTAACATTATAAATACTGTAATACCATAAACACTACCAGAAGCGATCAGAAATGCACTAAAAGTATCAACAACATTCACTTGGAATAAGAGTAGCGATAAAACTAAAAATAGC","Pf3D7_09_v3-82006-82236-1A.7","95G123I=C137G",2,0.000537778972842162,3
"IM-23-122-HJWU","8070934100","Maziba","Pf3D7_13_v3-1233093-1233332-1A","TCTATATGATCCTTATTTTTATCTTCATCACATTTATAATTTACATAATTTTCGACGTCATCATTTTCATTATTACTCATAATTGAATTATCCACAATGTTTGCCTCTTTTACAGCTTTACAAAGTTGGTAAAAAATATGATAATTCCTTTCACCTTCTTGTTGATCACACACCCGAACC","Pf3D7_13_v3-1233093-1233332-1A.1","130+8N",2007,1,1
"IM-23-122-HJWU","8070934100","Maziba","Pf3D7_11_v3-1376058-1376305-1A","TTTCTGGCTCGATATAATCCATTTCAATATTTATATTAGATATGAAACATCTATCTTCAATAGGTGAATTTGCTGCAAATTGAGCCATAGAAAAATGATTCTCATTCCTTTGAAAATATGAACTATTCAACTCATCAAGGTTTTCATATTTTATTTCATAACTGCCATCATCTGAATCCTCTTCATCA","Pf3D7_11_v3-1376058-1376305-1A.5","140G150T",1423,0.993021632937893,3
"IM-23-122-HJWU","8070934100","Maziba","Pf3D7_01_v3-528859-529104-1A","TTTGATTCTTTTTAATGAAAAAGAAGCTAAAGATATGTCAGACCATATAATTTCCCAACAAAAACGTTATTGCTCTACCAATATTCATAGTAATTATAATAATAAAATATGTATATGTAAAAATAAGCGACATCATAACAAAAGAGGGAAAGGAATAAAGCATCATGACATACATCAAAAGG","Pf3D7_01_v3-528859-529104-1A.1","165A",4415,0.99526600541028,2
"IM-23-122-HJWU","8070934100","Maziba","Pf3D7_13_v3-935613-935884-1A","CAAAATAATATGAATAGTAATAGTAATAGTTATAATAATTTTAATATAACAGATAGAAGTAAAGAAATAAAAAAAAATTATAAAAGAAACAAAATTTTAATAGTTATTAATAATATTAATACAAATCATATTTTATTATTAAATGAAAGTGTTATAAAAAAAAAAATACTTACATTTTATCTAGATCTTTTTTTTGATGATAATGAACAAAT","Pf3D7_13_v3-935613-935884-1A.1","68+11N155+13N187+10N",155,0.378973105134474,2
"IM-23-122-HJWU","8070934100","Maziba","Pf3D7_02_v3-470437-470709-1A","AATATTGACATGAAACATTATAATACACATAAGAAAAAAAAAATTTATTTATTCTTACAAAAAGAATATAAAAACAAAATTTTGGGATTTATAAATTTTTATAAACGTATAACACACAAAATAAAAAAGAAACAAGAAAATGTTCATGATAAAATCACTTTTTTAAAATGTCTAAAGGAACTCTTTTTTGTCACACATACAAATA","Pf3D7_02_v3-470437-470709-1A.3","33+12N107G122+8N158+8N183+8N",446,1,1
"IM-23-122-HJWU","8070934100","Maziba","Pf3D7_13_v3-1725464-1725719-1B","ATCATAGTTATTACCACCAAAAACGTATAAGAAATTATTCAATACAGCACTTCCAAAATAAGCTTTTTTGGTAGACATAGGTGTACACATACGCCAGCATTGTTGACTAATATCTAATAATTCCATCGAATTTAAATATTCTACACCATCAAATCCACCTATACAAAATACTAATGGGAATGGTAAAAATTTAATACCA","Pf3D7_13_v3-1725464-1725719-1B.1","63+8N",772,1,1
"IM-23-122-HJWU","8070934100","Maziba","Pf3D7_08_v3-412801-413062-1A","ATGAAGAAATATACGAATATATACTTATAAACGATATTTTTAATTTAAAAAAAGAAATAAAAAATTTCAATATATTAAATAAATATGATGTATTTGAATATATTATTATTATTTTAAAATTGTATGATAAAATATATCCTGATGCAGAGTACATCGAATGTGTACGAGAAACATCACAGAATGGTGACCTTTTA","Pf3D7_08_v3-412801-413062-1A.4","46+9N58+8N101+13N147G188C190T",174,1,1
"IM-23-122-HJWU","8070934100","Maziba","Pf3D7_04_v3-1037644-1037891-1A","GAAAGAGATTTAACAGATGATGCTGTGATTTTTGCACACTCACTTTATTTACCATTTGAAAAAGAAGAAATGTGGTGGATCGTTATCGGAATTAAAAAAATGAACTTACTTTTATCTATCAAAAAATTATCTTTATTGAAAAGTATCAATAATATAAAAATTAATTTCGAATTGCCTGACA","Pf3D7_04_v3-1037644-1037891-1A.2","93+9N120+8N145A",626,0.409685863874346,2
"IM-23-122-HJWU","8070934100","Maziba","Pf3D7_03_v3-855426-855697-1A","GTTATTTCAGTATGAGTTTCAACAGTTAATACTACTTCAGGATATGGATTGATACTTAACGTATGTACTCTCAATAATCTAGTATCAAATATATATGAAAATGTATACTCAGGAAAACATATAGTAGATAATCCATTATTATTCTCTATACATATTTTACTTATAGCTATATAATCGTAATTATCTTCTATTACTATTGGTTCTGTG","Pf3D7_03_v3-855426-855697-1A.1","32C",399,1,1
"IM-23-122-HJWU","8070934100","Maziba","Pf3D7_03_v3-980853-981120-2","TAAGATTCTTTTGAGTTATTTATTTTCCAAATAATTTGGTTATATATATATGAAAATTCGATCATACCACATGCTCCAAGAATAATAGATGCATCGTCATTATATTGGAATGTAAAACTTTCATCATACTCATTTGTATTAGGTACACAAGAATCATCTTTATTTTTATAATTTTCTTTACATGTACAATTAATTTTACTATATT","Pf3D7_03_v3-980853-981120-2.1",".",303,1,1
"IM-23-122-HJWU","8070934100","Maziba","Pf3D7_14_v3-407306-407542-1A","CTTTCTTTCGTCTTTCTGTTCATTATCCATATAATCTTTTTCTCCTTCCTTTTCATTCTTTACTTTATTTCTATTAATACACAACTCTCCTTGAGTTAAGAGATTTACGATATTATCAATATTGTTTTCTTTCATATACTTCAACTTTTTACTATTCATTTTTAAAAGA","Pf3D7_14_v3-407306-407542-1A.1",".",1885,0.997354497354497,3
"IM-23-122-HJWU","8070934100","Maziba","Pf3D7_14_v3-407306-407542-1A","CTTTCTTTCGTCTTTGTTTTCATTATCCATATAATCTTTTTCTCCTTCCTTTTCATTCTTTACTTTATTTCTATTAATACACAACTCTCCTTGAGTTAAGAGATTTACGATATTATCAATATTGTTTTCTTTCATATACTTCAACTTTTTACTATTCATTTTTAAAAGA","Pf3D7_14_v3-407306-407542-1A.7","16G18T",2,0.00105820105820106,3
"IM-23-122-HJWU","8070934100","Maziba","Pf3D7_06_v3-1192628-1192867-1A","GATTATATATTTCTATATTTTAATAAGAATGCGTTACACAAACATGATGCCTCTAATGAAATGTGTTTTGTGAAAAACGAAGATTCTACACGCACAAAAGGACATATGAATGATGAACAAAATGATTTATATAAAATAAATAATAATACAACATATTTTTTTAACAAAAACCACT","Pf3D7_06_v3-1192628-1192867-1A.1","30T155+9N",1702,0.997655334114889,2
"IM-23-122-HJWU","8070934100","Maziba","Pf3D7_01_v3-194742-194973-1B","TACCTATAAAAATGAAAAAAATAAAGAAGAAGATAAATATGGAAAAAATGAAAAAAACGAAAAATATGACAAATATGACAAATATGAAAAATATGAAAAATATGATAAATACAAAAAAGATAATAAAAATCAACATGATGATCCACTTTATGATAATATTAATAAAAATTACGATAA","Pf3D7_01_v3-194742-194973-1B.2","14+9N42+17N112+8N",2143,0.999067599067599,2
"IM-23-122-HJWU","8070934100","Maziba","Pf3D7_14_v3-771407-771633-1A","ACCCACGGGACATTTTAATTTATACCTATTGGAACATTTTTTATTAGGTCTTTCTTTATGATTCTTCTTTAAAATAGGTTCATCATTATTTGAGTAAACTAACAGATTATTATCGTTCTCAAAATTATTATAACCATCAATATTTTTATTTCCATATACATCTATAA","Pf3D7_14_v3-771407-771633-1A.1","36+8N",15,0.0035962598897147,2
"IM-23-122-HJWU","8070934100","Maziba","Pf3D7_04_v3-133581-133830-1A","CTCTCGATTATCATTACCTACTTCAGTCTTTACAATTGTAGGAGGTGTTTTAACATGATTATCCCCTCCATGAGGAGTAACCCTTAAAGGTTCTTCTTGAATATTTGGTGTCGCTTCGCCTGTTTCTGTAGAAAGGATATTTATTCTATCAACATATTCATCACCTTCTTCAACTGTACTATTTAAA","Pf3D7_04_v3-133581-133830-1A.1",".",387,1,1
"IM-23-122-HJWU","8070934100","Maziba","Pf3D7_04_v3-133928-134154-1A","TTTTGAAATATCTAATTTATCCATTTGCCTTTTTATTTCATAGTCCCAACTACTTACCCAGGTATTAAAATTAATACAATCCTGTTCTGCATATTTTATGGCTTTTAAATCCCTCAATTTAGTAGCCCTATCTTCACAATAATCTTCTAATATTTTAAT","Pf3D7_04_v3-133928-134154-1A.1","21C",12,0.00472999605833662,2
"IM-23-122-HJWU","8070934100","Maziba","Pf3D7_04_v3-133928-134154-1A","TTTTGAAATATCTAATTTATTCATTTGCCTTTTTATTTCATAGTCCCAACTACTTACCCAGGTATTAAAATTAATACAATCCTGTTCTGCATATTTTATGGCTTTTAAATCCCTCAATTTAGTAGCCCTATCTTCACAATAATCTTCTAATATTTTAAT","Pf3D7_04_v3-133928-134154-1A.2",".",2525,0.995270003941663,2
"IM-23-122-HJWU","8070934100","Maziba","Pf3D7_08_v3-585993-586266-1A","TGTAAATATAAATCATACGTATGACATGTATCATCATTTAATGCATTCTTAATTGTTAATGCTAATCTACTTACAATAATATAAGCAAAGTTTATATGAGAATGAATACCTTCTTTTCCTAAAAAGTTATAAAGACTAACAAATGGAGCATATATTATAAATTTATCATACTTTTTTTTGTGCATAACTTCATTTAATAAAATATTT","Pf3D7_08_v3-585993-586266-1A.2","29T171+10N",11,0.0111675126903553,2
"IM-23-122-HJWU","8070934100","Maziba","Pf3D7_05_v3-961511-961758-1B","CTGCAGAAGATTATACTGTATTTAATAATAATGGAGAAATATTATTAGATGATATTAATATATGTGATTATAACTTAAGAGATCTTAGAAACTTATTTTCAATAGTTAGTCAAGAACCCATGTTATTTAATATGTCCATATATGAAAATATCAAATTTGGAAGAGAAGATGCAACATTGGAAGAT","Pf3D7_05_v3-961511-961758-1B.1",".",1215,1,1
"IM-23-122-HJWU","8070934100","Maziba","Pf3D7_07_v3-729480-729750-1A","TGAATGTTCAGAAATTTTATATCACTTAAATCGTTTGAGTGAGTTAGATCAAATATTGTTGAAAGATAAAATAAGTATATATGAGTATCAGCTAAAGGACACGTTTTTAACAACGTATGATATAGGTTGTTTATTAAAAATAGCTCAAGTGTTGAATGAACAAAATTATTATGATAACATTCCATTTTTGCATATATTTTTATATAACATACATAA","Pf3D7_07_v3-729480-729750-1A.1","42A",433,0.990846681922197,2
"IM-23-122-HJWU","8070934100","Maziba","Pf3D7_07_v3-729480-729750-1A","TGAATGTTCAGAAATTTTATATCACTTAAATCGTTTGAGTGCGTTAGATCAAATATTGTTGAAAGATAAAATAAGTATATATGAGTATCAGCTAAAGGACACGTTTTTAACAACGTATGATATAGGTTGTTTATTAAAAATAGCTCAAGTGTTGAATGAACAAAATTATTATGATAACATTCCATTTTTGCATATATTTTTATATAACATACATAA","Pf3D7_07_v3-729480-729750-1A.2",".",4,0.0091533180778032,2
"IM-23-122-HJWU","8070934100","Maziba","Pf3D7_09_v3-1406342-1406614-1A","TCTCAGATTATCATAGTGTTGTGGATGAAGATTTAATTAATTTTAATGATGATGTTACTTTAGAAACACAATCCATGATAGCACACGGAGGGTCTTTGTCAGAAATAGAAGAAACTGGAGATTTATCTTCAGATGTTGATAGATTACTTTCATCAATCGAAACTACTCCAAGAGATGATGTTGTATATATACGAGGTGATATTATATT","Pf3D7_09_v3-1406342-1406614-1A.1","148T204A",1571,0.995564005069709,2
"IM-23-122-HJWU","8070934100","Maziba","Pf3D7_13_v3-2780346-2780575-1B","GTTGGATAGAATGCCCGACTACGGATCGGGAGGTCGTGGGTTCGACTCCTGCCCGGCCTAATTTTTTTCGTTTTCGTTTTTAAAGTAAAAAAGGATAATATTTTTAAAAAACATTTAGTATATATATTTTTTTTAAATAATAAATCTATTATATTATTAAATATTATGAGAAGA","Pf3D7_13_v3-2780346-2780575-1B.1","61+9N86+8N105+8N126+10N",1055,1,1
"IM-23-122-HJWU","8070934100","Maziba","Pf3D7_06_v3-1192628-1192867-1A","GATTATATATTTCTATATTTTAATAAGAAGGCGTTACACAAACATGATGCCTCTAATGAAATGTGTTTTGTGAAAAACGAAGATTCTACACGCACAAAAGGACATATGAATGATGAACAAAATGATTTATATAAAATAAATAATAATACAACATATTTTTTTAACAAAAACCACT","Pf3D7_06_v3-1192628-1192867-1A.2","155+9N",4,0.00234466588511137,2
"IM-23-122-HJWU","8070934100","Maziba","Pf3D7_14_v3-421322-421547-1A","TAAGAAAGATGAAGTAATAGAAAAAACTGAAGTATCAAAGAAAACATTTTCAGGTATAGGTTTTAATCTTACTGAAAAAGAAGCTAAAGTATTAGGTGTAGGTGTAACCTATCAAGAATATCCAGAAACCATGTTATATAACTGTCCAAACAATTCTA","Pf3D7_14_v3-421322-421547-1A.2","20+8N76A",1246,1,1
"IM-23-122-HJWU","8070934100","Maziba","Pf3D7_04_v3-115455-115684-1A","TATTAATGTCATTTTGTTTTTCTTTATTATTATTATTTTTATTTTTTCCCTGGTTATCTTCCTTATTACCTAGCTTTTTTTTGTTGTCATTATTTTCTGTCTGATTATTATTTTTGACTTTGTTCATCTTTGAATTATTCGTTCTGTTTGTATGTCTCAAGCAAGGT","Pf3D7_04_v3-115455-115684-1A.5","24+25N74+10N139T",1,0.000352236703064459,2
"IM-23-122-HJWU","8070934100","Maziba","Pf3D7_11_v3-1376058-1376305-1A","TTTCTGGCTCGATATAATCCATTTCAATATTTATATTAGATATGAAACATCTATCTTCAATAGGTGAATTTGCTGCAAATTGAGCCATAGAAAAATGATTCTCATTCCTTTGAAAATATGAACTATTCAACTCATCAAGGTTTTCATATGTTATTTCATAACTGCCATCATCTGAATCCTCTTCATCA","Pf3D7_11_v3-1376058-1376305-1A.1","140G",6,0.00418702023726448,3
"IM-23-122-HJWU","8070934100","Maziba","Pf3D7_14_v3-294506-294753-1B","AATTTAGATGTTATCAAAGTCCCATTCTTACCTTTCTATGTAACTCTTTGTAACAACAGCAAATTACCAACTTTTGAATTTACCTCAGAAAATGGTAAATACACATTAGAACCTGAATACTACCTTCAACACATAGAAGATGTTGGTCCAGGATTATGTATGCTTAATATCATAGGATTAGATTTTCCAGT","Pf3D7_14_v3-294506-294753-1B.1",".",2534,1,1
"IM-23-122-HJWU","8070934100","Maziba","Pf3D7_11_v3-1376058-1376305-1A","TTTCTGGCTCGATATAATCCATTTCAATATTTATATTAGATATGAAACATCTATCTTCAATAGGTGAATTTGCTGCAAATTGAGCCATAGAAAAATGATTCTCATTCCTTTGAAAATATGAACTATTCAACTCATCAAGTTTTTCATATGTTATTTCATAACTGCCATCATCTGAATCCTCTTCATCA","Pf3D7_11_v3-1376058-1376305-1A.6",".",4,0.00279134682484299,3
"IM-23-122-HJWU","8070934100","Maziba","Pf3D7_14_v3-3125801-3126073-1A","ATTCTTATAATATTTAAGAATGAAGGGATTAAATATTTACATTTTAGCGAGGATACTCTGAAATATGTTAATTTTAATTATCCTGATTTTAACTTATATAAATGTATGAATTTATATAAGAAAAATTATGTTGATAGGGATGAGAAAGATATCTGTGATTTTTCAAATGAAGATTTTCCGTTAATAAAAGAAAATAACAAGAGAATCAG","Pf3D7_14_v3-3125801-3126073-1A.5",".",220,1,1
"IM-23-122-HJWU","8070934100","Maziba","Pf3D7_13_v3-1406713-1406975-1A","TTTCAGGTCTTCTTAAATATGTTTTAAATTCATTATTTAATTTTTCATCATATTTAGGTACATTTTTTTTTGGAAATCTAGATGTTTCATTATTATCGTGATTTGATGAATATATATAATGAGTTTGTTTAAAATGTGGTTCATTCAAATTATCTTTTTTCTTATCTTCGTGTATATTTTTATTATAATTTGAATACTTC","Pf3D7_13_v3-1406713-1406975-1A.2","62+11N154+8N",650,0.990853658536585,2
"IM-23-122-HJWU","8070934100","Maziba","Pf3D7_11_v3-1816152-1816378-1A","TTGGGTAGATATCGTTATAAGGGCTATAATGTATTGACTTCTCCGGGTTTGTTACATTATCATTACAACCAATATTATTAAGGTTCATATTATTTTTATCATTATTATTGTTGTTTTCATTTGTGTGGTTATATAATAACAATGATGTGTCGTCTATTGGATCATT","Pf3D7_11_v3-1816152-1816378-1A.4","50T86C90T",1991,0.463670237540755,2
"IM-23-122-HJWU","8070934100","Maziba","Pf3D7_13_v3-1419363-1419626-1A","TTTTGAAATCTGTATATTTTTTATCATGTTCATCGAGATTTATTTTGTTCTCTTTGTTTGAAATATCAACTACATGATTAAAAACATCTCCTAAATTATATAATTTCTTATCTAGGTCTTTTCGAAATGTCGATTCTCCTCCTTGTGCTGGTTTTTGTACTTCTTTTCCTTGTGTTGATATCTCTTGTTCATTTTTAGATTGAG","Pf3D7_13_v3-1419363-1419626-1A.5","16+8N24T28G52C123C166T",315,1,1
"IM-23-122-HJWU","8070934100","Maziba","Pf3D7_13_v3-1465616-1465890-1A","TCTTGTGGATTATTATCTATTATATTTTCTTCTGGTTTTTCGACAGCAAAATTATCTCCTCTTGGTCTAGGTTGATCATCTTCGGGTTCATCTGGAACATCTAATGGTTCCCATTTTGGAGGACATCTTTCTTCTTCACATTGTTCTTGTAATTCACTTGTACATCCTTCGTGTAAGATTTCTCTTTTTCTTGACCTGGTACCTTTACCACAAGTTACACTACATGGAGA","Pf3D7_13_v3-1465616-1465890-1A.81","30T32C113A121G",1180,0.996621621621622,2
"IM-23-122-HJWU","8070934100","Maziba","Pf3D7_13_v3-1465616-1465890-1A","TCTTGTGGATTATTATCTATTATATTTTCTTTTGGTTCTTCGACAGCAAAATTATCTCCTCTTGGTCTAGGTTCATCATCTTCGGGTTCATGTGGAACATCTAATGGTTCCCGTTTTGGAGGACATCTTTCTTCTTCACATTGTTCTTGTATTTCACTTGTACATCCTTCGTGTAAGATTTCTCTTTTTCTTGACCTGGTACCTTTACCACAAGTTACACTACATGGAGA","Pf3D7_13_v3-1465616-1465890-1A.16","30T38C74C92G121G152T",4,0.00337837837837838,2
"IM-23-122-HJWU","8070934100","Maziba","Pf3D7_13_v3-388138-388408-1A","ATATATCTTTATTCATATGTTCTATATATTGTCTTTGTCTCTTTTCCTTTCTCATATCAGATATTATTGAATAATTTCCTTTATCACATACATATCTAGGATTATGTGATAATTCATAAGCTGCTCTTTTTAAAACTCTATTCTTTTCTTTAAAACTATTAAATTTTATATTATTGTTCATATTAGATGTGTTCCTTTTAATAATA","Pf3D7_13_v3-388138-388408-1A.1","194C",981,0.992914979757085,2
"IM-23-122-HJWU","8070934100","Maziba","Pf3D7_01_v3-145388-145662-1A","GATATGTTTAAATATATGATTCTCGAAAAAACTTTTTTTATTTTTTTTGTCAATAGATAAATGATCAATATTTTCTATATTTAATCTATCAAGTATTTTTATATATCTATTATTTCTTTCTTCGATGGATAAATTATAAGAATCAATATCCTTTCTTTCATCAACAAACTTTTTTATTGTTAACTCCATTTTTTTATTTAAGATACCA","Pf3D7_01_v3-145388-145662-1A.1","25+25N169+8N188+9N",157,1,1
"IM-23-122-HJWU","8070934100","Maziba","Pf3D7_06_v3-1140900-1141174-1A","CTTCCATGTGAGCTTCAAAATCGTCTGAAGGTCGACTAGACATGAAAAATTCAGATTGAGGTAAATCATCAAATGGATGATTTCTATATGATATTCTAGGTATTAATCCTAAGATATTATTTATGCTATTACATTGAGAATTTCCTTCATTGGTTGTGGTACTTATATCCACATTTTGGTGATCATCAAGATATAATGTATTTTCTTTAGAACTT","Pf3D7_06_v3-1140900-1141174-1A.1","189A",583,1,1
"IM-23-122-HJWU","8070934100","Maziba","Pf3D7_13_v3-1146764-1147010-1A","AAATTTTCTCCTAAAGTTATGCCTTTGTTAATGAAGGAGAAGAACGTGAAACATAAAGCACCTCCTAAAGGTACTATAAAGCATACGCTAGAATATTTAAAAAGAGCAGGAGAATCAAGAATGAAAGAAAATGAATTATACAAATCAAAAAAAGATAGCACACTTAGTTCAATTGCAATTAGAAAAAATTCC","Pf3D7_13_v3-1146764-1147010-1A.1","64C110G146+9N182+8N",1833,0.99727965179543,2
"IM-23-122-HJWU","8070934100","Maziba","Pf3D7_13_v3-852647-852921-1A","TACGAAATGATGAATTAAAAGAATTAACATTTATGAAAAATAAAGAAAATAGGAATGCAGATACATATGTTTTTCATTATCCTAAAAAAGAGAAATATGACCAATTAGTTTTTGAATTACGTAAACATAATTTTAATATAACAAGCATTAATACATATAAAAAACTAACAAATGAAACATCATCACAAAAAGAAGAAAATGCTTCTATAATAAGTT","Pf3D7_13_v3-852647-852921-1A.3","75C83+8N149T158+8N",349,1,1
"IM-23-122-HJWU","8070934100","Maziba","Pf3D7_01_v3-455794-456054-1A","AGAAAAAAAATTTATTAAGAGGTATTTCGATTTTAAAAATTTAAGAATTAATTTTTAATTATGTCTATAAAAACTTAATAGAAAATAAATATTATTTTGTTTTTCAAAAAAATGTTTAAGAATAATATTTCTTTATTCTTTTACAATTTAGAACATATAATGCTATTTCTTTTAATTTTAATTTAATTTCAAA","Pf3D7_01_v3-455794-456054-1A.1","2+10N105+9N",306,1,1
"IM-23-122-HJWU","8070934100","Maziba","Pf3D7_13_v3-911757-912005-1A","GAGCCAACAATTTGATTTTCCACAACTTACTGAATCTTTAAAACATTGTGAACAGGTATTTGACATTTTTTTATTATCTTTGGCTAGTTCCTTTTGAACACATTCCATAGTACTATCACCTGAACCTAAGTTATCAACAGAACATTTTAATAATATACTAAAAAATTTATTGCTAGGAGAAAGTTGTAAA","Pf3D7_13_v3-911757-912005-1A.3","60T65+9N159+8N",997,0.47340930674264,2
"IM-23-122-HJWU","8070934100","Maziba","Pf3D7_08_v3-585703-585949-1A","AAACACATCATCAAAAGTTTCTGATATTGGCTTGTTTGATTCTTTATATTTAAAATCTTTATATAAATAAAATCTATCTTTCTTAAAATATGGATCTTTACGTAGTTCAATCGAATCCCTATCAGTTACAATATTTATATCTTTTAATGTTAAGTGGAAATTAGAATCAATAATAGCTA","Pf3D7_08_v3-585703-585949-1A.3","105G118C",4,0.00211976682564918,3
"IM-23-122-HJWU","8070934100","Maziba","Pf3D7_10_v3-1392371-1392620-1A","TGATGAAAATGATGATTCCCTTATTTCTAATTCTTTAGTACCCGAAACAAGTTACAATCAAGATTACTCTTTATACACTATTAATATTTTGAATGGACTTCCTGATAAAGAAAGTAATATGAAAAATATTGATTTAGAAAAATTTAAAGATACTTCAATACATACAAAGGAAGAGGGACCCATTGTA","Pf3D7_10_v3-1392371-1392620-1A.2","106+9N",994,1,1
"IM-23-122-HJWU","8070934100","Maziba","Pf3D7_07_v3-1149367-1149613-1A","TATTTGACTAGTCGAATAATATTTAATATTTTTGTTTAGGAAGTTTTCAAAATTGATGACATTGATAACCGTTTTTATTAAATCGCTTGGGTTGTTTGTGTGTTCCATTGTAGAAGACATAATTTTAAGAATGTGTTTTTGTGTTATTAAACAAAACTTTGTTACTATATGGAATCGTATGTTAT","Pf3D7_07_v3-1149367-1149613-1A.2",".",3,0.00100233879051119,2
"IM-23-122-HJWU","8070934100","Maziba","Pf3D7_07_v3-1149367-1149613-1A","TATTTGACTAGTCGAATAATATTTAATATTTTTGTTTAGGAAGTTTTCAAAATTGATGACATTGATAACCGTTTTTATTAAATCGCTTGGGTTGTTTGTGTGTTCTATAGTAGAAGACATAATTTTAAGAATGTGTTTTTGTGTTATTAAACAAAACTTTGTTACTATATGGAATCGTATGTTAT","Pf3D7_07_v3-1149367-1149613-1A.1","106T109A",2990,0.998997661209489,2
"IM-23-122-HJWU","8070934100","Maziba","Pf3D7_08_v3-549583-549807-1B","ACGTGCTGTTCAAAGAATGTTTGAAATGATAAATGAAGGTGCTAGTGTTATAGATATAGGTGGAGAATCCTCTGGTCCTTTTGTTATACCTAATCCAAAAATTAGTGAAAGAGATTTAGTAGTACCTGTATTACAATTATTTCAAAAAGAATGGAATGATATAAA","Pf3D7_08_v3-549583-549807-1B.1",".",2334,1,1
"IM-23-122-HJWU","8070934100","Maziba","Pf3D7_03_v3-85507-85756-1A","TATCATTTAAATTCTCTTTTTCCACAGCTCCAGCATTTTTATTTATATCATCTACAACTACATCTTCCTTCACATAATTATTTATATAAAAATTATTATCATCTAAAGCATCTGAAAATTCTTCATTTAATACTTCTTCATCTACATTAAATGTTTTCGTTCTTTCATCATCTAATAAA","Pf3D7_03_v3-85507-85756-1A.1","144D=TCT",605,1,1
"IM-23-122-HJWU","8070934100","Maziba","Pf3D7_08_v3-585331-585590-1A","TGAAAACTTTTCATGTACGGTTAATAAACAAAATAATTCTGAATTATATATAAGTAAAACTTCTTCTACATCTCTAAATTTATGCATTGTAGCTCTTTTAAGATAATAAGGCAAATATTTTACAATATATTTTTGTTTAAAAAAACCTTGATGACCAACATTAATATCTTCCATTTTGGAAAAGGTTCCACTTAACG","Pf3D7_08_v3-585331-585590-1A.1","138+9N",9,0.00735294117647059,2
"IM-23-122-HJWU","8070934100","Maziba","Pf3D7_04_v3-109939-110184-1A","CAACATCTGAATTATATAAATCTTTAGAAAAACAACTAATATCCTTACTCCATATATTTATTTTTATACCAAGAATAACAGCCATATAAACCAAAACTCTCTCAAATGCATGTGATACAGGTAAATAAGAAAAATGGGTTTTCGGTTTCATGTTTTTTATTACATTATGATCACATAATGGTGCTACT","Pf3D7_04_v3-109939-110184-1A.2","51C108G152+8N",970,1,1
"IM-23-122-HJWU","8070934100","Maziba","Pf3D7_01_v3-162867-163115-1A","ATATACCAATAATACTTTTTTTTTTAAATAATGTAAAAAATGATTTATATAATTGTTATAAACAAATGATCACATATCATAATAATAATAATAATATGCTAAATCATAACTCTAATATTTTATCAAAAGAAAATGAAAAAAAACAACCTTTTTCAACATATAATATATCAAATCTTTGTTCTCCTGACCAAATGGTGATAAATAAAAA","Pf3D7_01_v3-162867-163115-1A.4","15+12N34+8N91I=ATAATA92G129+10N",1277,1,1
"IM-23-122-HJWU","8070934100","Maziba","Pf3D7_01_v3-194742-194973-1B","TACCTATAAAAATGAAAAAAATAAAGAAGAAGATAAATATGGAAAAAATGAAAAAAACGAAAAATATGACAAATATGAAAAATATGAAAAATATGATAAATACAAAAAAGATAATAAAAATCAACATGATGATCCACTTTATGATAATATTAATAAAAATTACGATAA","Pf3D7_01_v3-194742-194973-1B.4","14+9N42+17N79D=CAAATATGA112+8N",2,0.000932400932400932,2
"IM-23-122-HJWU","8070934100","Maziba","Pf3D7_08_v3-585331-585590-1A","TGAAAACTTTTCATGTACGGTTAATAAACAAAATAATTCTGAATTATATATAAGTAAAACTTCTTCTACATCTCTAAATTTATGCATTGTAGCTCTTTTAATATAATAAGGCAAATATTTTACAATATATTTTTGTTTAAAAAAACCTTGATGACCAACATTAATATCTTCCATTTTGGAAAAGGTTCCACTTAACG","Pf3D7_08_v3-585331-585590-1A.2","102T138+9N",1215,0.992647058823529,2
"IM-23-122-HJWU","8070934100","Maziba","Pf3D7_04_v3-115455-115684-1A","TATTAATGTCATTTTGTTTTTCTTTATTATTATTATTTTTATTTTTTCCCTGGTTATCTTCCTTATTACCTAGCTTTTTTTTGTTGTCATTATTTTCTGTCTGATTATTATTTTTGACTTTTTTCATCTTTGAATTATCCGTTCTGTTTGTATGTCTCAAGCAAGGT","Pf3D7_04_v3-115455-115684-1A.3","24+25N74+10N122T",2838,0.999647763296935,2
"IM-23-122-HJWU","8070934100","Maziba","Pf3D7_08_v3-585703-585949-1A","AAACACATCATCAAAAGTTTCTGATATTGGCTTGTTTGATTCTTTATATTTAAAATCTTTATATAAATAAAATCTATCTTTCTTAAAATATGGATCTTTACGTAGTTCAATCGAATCACTATCAGTTACAATATTTATATCTTTTAATGTTAAGTGGAAATTAGAATCAATAATAGCTA","Pf3D7_08_v3-585703-585949-1A.4","105G",5,0.00264970853206147,3
"IM-23-122-HJWU","8070934100","Maziba","Pf3D7_14_v3-294503-294768-2","CAGAATTTAGATGTTATCAAAGTCCCATTCTTACCTTTCTATGTAACTCTTTGTAACAACAGCAAATTACCAACTTTTGAATTTACCTCAGAAAATGGTAAATACACATTAGAACCTGAATACTACCTTCAACACATAGAAGATGTTGGTCCAGGATTATGTATGCTTAATATCATAGGATTAGATTTTCCAGTACCAACCTTTA","Pf3D7_14_v3-294503-294768-2.1",".",1154,1,1
"IM-23-122-HJWU","8070934100","Maziba","Pf3D7_08_v3-585993-586266-1A","TGTAAATATAAATCATACGTATGACATGAATCATCATTTAATGCATTCTTAATTGTTAATGCTAATCTACTTACAATAATATAAGCAAAGTTTATATGAGAATGAATACCTTCTTTTCCTAAAAAGTTATAAAGACTAACAAATGGAGCATATATTATAAATTTATCATACTTTTTTTTGTGCATAACTTCATTTAATAAAATATTT","Pf3D7_08_v3-585993-586266-1A.1","171+10N",974,0.988832487309645,2
"IM-23-122-HJWU","8070934100","Maziba","Pf3D7_13_v3-2504481-2504734-1B","TAAAATGTGTTGATGATTTTAACAATATGGTTATAACGATAAAAGAGGAAGTAAACAATCATTGGGAAAATAATATATACAATAAAAAGGATATGGTTAATTATACAAATGAAAATTATAATGATAATATATTAACATATGAATATATTAATGAAACACTTAGAAAAGAAAAAAAAAGATATTATA","Pf3D7_13_v3-2504481-2504734-1B.1","168+11N",379,1,1
"IM-23-122-HJWU","8070934100","Maziba","Pf3D7_07_v3-717260-717493-1A","GAGCTTGCTTTTTTGTTGCGTTACTTGCTGGGCTGATCAAAAAAAAAGTTGAATGTATTGAACTTAGTGCCAGCGAAATTTCCCCTCATGAAAACAAATCGACGAGTTCATCAATATTCCAAGAGGAATTAAAATTTGATAAGTCTCTGAAAAATTTTTTCAAACAA","Pf3D7_07_v3-717260-717493-1A.1","8+8N38+11N154+8N",2229,1,1
"IM-23-122-HJWU","8070934100","Maziba","Pf3D7_11_v3-1294664-1294910-1A","AAAAGATATATCATTTCAAAACTATACATATTTAAGTAAAAATGTAGTTGATAACTGGGAAAAAGTTTGCCCTAGAAAGAATTTAGAGAATGCAAAATTCGGATTATGGGTCGATGGAAATTGTGAAGATATACCACATGTAAATGAATTTTCAGCAAATGATCTTTTTGAATGTAATAAATTAGTTTTTGAATTG","Pf3D7_11_v3-1294664-1294910-1A.8","40A86G152T159A",3150,0.994318181818182,3
"IM-23-122-HJWU","8070934100","Maziba","Pf3D7_11_v3-1295103-1295335-1A","ACTACTGCTTTGTCCCATCCCAACGAAGTTGAACACAATTTTCCATGTTCATTATATAAAAATGAAATAATGAAAGAAATCGAAAGAGAATCAAAACGAATTAAATTAAATGATAATGATGATGAAGGGAATAAAAAAATTATAGCTCCAAGAATTTTTATTTCAGATGATAAA","Pf3D7_11_v3-1295103-1295335-1A.17","23A34C61A132+9N",3369,0.99263406010607,2
"IM-23-122-HJWU","8070934100","Maziba","Pf3D7_06_v3-1128558-1128797-1A","ATTGAATCGTTGGTGTTTATTTTATTATTCCTCTTTTGTTTTTCAATGAATACAAATGTTTCATCGACACTATCTTTATGATCTATTGGTATGGCATGATTTTCTAAATTGCTATTTCTTTCATTAGAATTGTATTTTTCACTATTATAGGTTGAGATTTTACTACATTTTATATTTTT","Pf3D7_06_v3-1128558-1128797-1A.2","157A",1303,1,1
"IM-23-122-HJWU","8070934100","Maziba","Pf3D7_08_v3-102277-102527-1A","TACCTTCATCTATTGAATTAATTTTCTCAAGTAACATATTTTTGTCTTGACTACTTTCATCTGTAAATGGAACGACTACTCTTTGCTTACCTGCAAAAAGGACAACTGACATATGAGCCTTATCCTTACTTACATTCGAATTAAAGACCATAGATTCTAAAAATGGTATAGTTCCTTTTAACCAATAATC","Pf3D7_08_v3-102277-102527-1A.4",".",5,0.0022202486678508,2
"IM-23-122-HJWU","8070934100","Maziba","Pf3D7_08_v3-1056678-1056903-1A","GTGTTAACGATAATTATAATGCAATAAGCACAACTAATTTTTCAGATGACATGGATGAATTGATAAAGAATCTTTCTATTATGGGTTTGTGTAAAGAGAAAATAGTGTTAACAGAAAAGGCAACACTATTTAATAACATTGAATTGTTGTATTCATATTATCTTATAGTTCAGA","Pf3D7_08_v3-1056678-1056903-1A.1",".",2846,0.451030110935024,2
"IM-23-122-HJWU","8070934100","Maziba","Pf3D7_08_v3-1056678-1056903-1A","GTGTTAACGATAATTATAATGCAATAAGCACAACTAATTTTTCAGATGACATGGATGAATTGATAAAGAATCTTTCTATTATGGGTTTGTGTAAAGAGAAAATAGTGTTAACAGAAAAGGCAACAATATTTAATAACATTGAATTGTTGTATTCATATTATCTTATAGTTCAGA","Pf3D7_08_v3-1056678-1056903-1A.2","126A",3464,0.548969889064976,2
"IM-23-122-HJWU","8070934100","Maziba","Pf3D7_14_v3-298368-298636-1B","ACGATTTAATGTGGCAAGTTGATTTAGATGTACATTTTGGTAATGTATCTTCCAAAAAAGCAAACGTTATTTTAGATAGTGCCACCAGTGTCATAACTGTACCAACAGAATTTTTTAATCAATTCGTAGAATCTGCAAGTGTTTTCAAAGTTCCATTCTTATCTTTGTATGTAACCACTTGTGGTAACACGAAATTACCAA","Pf3D7_14_v3-298368-298636-1B.1","53+8N110+8N",573,1,1
"IM-23-122-HJWU","8070934100","Maziba","Pf3D7_13_v3-1146764-1147010-1A","AAATTTTCTCCTAAAGTTATGCCTTTGTTAATGAAGGAGAAGAACGTGAAACATAAAGCACCTCCTAAAGGTACTATAAAGCATACGCTAGAATATTTAAAAAGAGCAGCAGAATCAAGAATGAAAGAAAATGAATTATACAAATCAAAAAAAGATAGCACACTTAGTTCAATTGCAATTAGAAAAAATTCC","Pf3D7_13_v3-1146764-1147010-1A.2","64C146+9N182+8N",5,0.00272034820457019,2
"IM-23-122-HJWU","8070934100","Maziba","Pf3D7_14_v3-293575-293829-1B","TTTTGTAGTGTAATGTGTGGTTTATTTTATTATGTGTATGAAAATGTATGGCTTCAAAGAGATAATGAAATGAATGAAATTTTAAAAAATTCCGAACATTTAACTATTGGATTTAAAGTTGAAAATGCACATGATAGAATTTTGAAAACTATAAAAACACATAAATTAAAAAATTACATTAAAGAAT","Pf3D7_14_v3-293575-293829-1B.1","83+8N167+8N",421,1,1
"IM-23-122-HJWU","8070934100","Maziba","Pf3D7_13_v3-2114242-2114482-1A","CTTCCATTAACTCAATATATAATTTATTAATAATTTTTAATTTGTTTATTTCAAAAAGGCATAGTTGTAACAAGGTTCTTAAGGTTCTATTACCCCCTAAGAGGTTAAAATGAATATTTCCTTTTTCTCGTATATGCAAAAAATCCCTTAACAATAAATCATATTCATCAGTATGAAATGT","Pf3D7_13_v3-2114242-2114482-1A.1","67G76T137+8N",814,0.528228423101882,3
"IM-23-122-HJWU","8070934100","Maziba","Pf3D7_14_v3-3124416-3124655-1A","TAATTGATCTTCTAGAGGAATTAGATATTTTGTCTATATCGAATAAAGATGAAGTAGAAAAACGAAGAGAGAAAACAACTCAAGAGACGCGGTTGTTAGGAAATATTGATTTAGGATATGGAAAATTAGGAGAGGGAATAAAGTATGAAAATTTACAGGAAGAATTAGGAAACAGATTATTTG","Pf3D7_14_v3-3124416-3124655-1A.22","69G72A144T",4059,0.997542393708528,2
"IM-23-122-HJWU","8070934100","Maziba","Pf3D7_11_v3-1816152-1816378-1A","TTGGGTAGATATCGTTATAAGGGCTATAATGTATTGACTTCTCCGGGTTGGTTACATTATCATTACAACCAATATTATTAAGGTTCATATTATTTTTATCATTATTATTGTTGTTTTCATTTGTGTGGTTATATAATAACAATGATGTGTCGTCTATTGGATCATT","Pf3D7_11_v3-1816152-1816378-1A.3","86C90T",2303,0.536329762459245,2
"IM-23-122-HJWU","8070934100","Maziba","Pf3D7_14_v3-3214249-3214516-1A","TAAATAAAAAAGGATTAGATGATTTAATAAAAGATTTGTTAAAATATTTTCCAAAGAATTCAATTAGCGATCGTTTTGAATTGTCAGAATTTAAAATGACGGAGGATTGTTATACAAAAATGTGGTTTGATTTTATGAATGATTTTGGAATAGCTACAATGAATGAAAACGAACATACTAGATCTTTTTATGGCTTAATCGAA","Pf3D7_14_v3-3214249-3214516-1A.5","5+8N85C139A169A194C",1640,0.996960486322188,2
"IM-23-122-HJWU","8070934100","Maziba","Pf3D7_11_v3-1902041-1902278-2","ATGAAACAAAATGTCCACCTAGATACCCTTTAAAATCAAAAGTTTTTGGAACCTTTGACCAAAAAACAGGAAAATGTAAAAGTCTCATGGACAAAGCATATGAAGTTGGAATTAATAAATTTTCAGTCTGTTTAGAATATTTATTTTTAGTATCACCTAAGGATTTATATAATAGCGGAAG","Pf3D7_11_v3-1902041-1902278-2.1","60+8N",3674,1,1
"IM-23-122-HJWU","8070934100","Maziba","Pf3D7_11_v3-1950431-1950680-2","AGATATATTTCAAGGAAAGGATATGTGGAATGATGGGAAATATGGTGAAGCGAAAAATCATATTAAGAATGCTTTTGGTGATATGAACAATAGAAAAGCTATGTTAAATGAAATTGAGAAAGGAATTAAAGATGAAACGTTTAGTCGTGAAAATGGTTTAGACGTTTGTAAATCTCAATGTGAGGAAAG","Pf3D7_11_v3-1950431-1950680-2.1","98G",2168,1,1
"IM-23-122-HJWU","8070934100","Maziba","Pf3D7_13_v3-388138-388408-1A","ATATATCTTTATTCATATGTTCTATATATTGTCTTTGTCTCTTTTCCTTTCTCATATCAGATATTATTGAATAATTTCCTTTATCACATACATATCTAGGATTATGTGATAATTCATAAGCTGCTCTTTTTAAAACTCTATTCTTTTCTTTAAAACTATTAAATTTTATATTATTGTTCATATTAGATGTGTTACTTTTAATAATA","Pf3D7_13_v3-388138-388408-1A.2",".",7,0.00708502024291498,2
"IM-23-122-HJWU","8070934100","Maziba","Pf3D7_11_v3-2001725-2001999-2","GGATGTAAGAACTAAGAATGTAAATACAAGTAAGAGAAATGAAGGACTTAATGATATAAATGAATCAGAAAAAACAAGAACAAGAAGGCCATCAACAAAATCAAATAATAATAATGTATCATACGAGAATGAATTAGAGAGTGTATCTGAATCGTTTGATAACTTTTTGGAGGATCATATGAAGGAAGGTGTTTTTTTAGATGGGGAAAA","Pf3D7_11_v3-2001725-2001999-2.10","1G68+8N191+9N",209,0.531806615776081,2
"IM-23-122-HJWU","8070934100","Maziba","Pf3D7_13_v3-479569-479811-1A","CTAGAGACGAATTTGATGATAAAAGAAAATTAAAAGAAGAGAAAATTAAACAATGCCAACTATTAAATGAAAAACAACTAGAAGAAAAAGAAAAAGAAAAAAGAATTCTGAGAGAAAAAGCTGTTGAATATACCTTACAAAATGAAGAAGAATATAAACAACTAAAACGAAAATT","Pf3D7_13_v3-479569-479811-1A.1","96+8N",1672,1,1
"IM-23-122-HJWU","8070934100","Maziba","Pf3D7_13_v3-748254-748510-1B","ATACCAAAAAAAATAAAATAAAATGAAATAATAAATAAATAAATATACATATATTTACATATATATATATATAATTACACATATTTTTGATTGAGGACAAATTACATGTCGTGTAGTTCGTCTTCCTTGTGCGTTTCAATCACACAATCCGATTTAGGATAACATGTACACAAAAGAATATATTTTTTCTT","Pf3D7_13_v3-748254-748510-1B.1","5+10N39+33N180+8N",443,1,1
"IM-23-122-HJWU","8070934100","Maziba","Pf3D7_13_v3-815862-816091-1A","ATGATGTAGATGCTAATAGCACATCCTGGTCAGTATCTTGTGATAAATAATTTAATTTATCCGCTAAAAAATAAAGTATAATTTCACAGCTTTTTTTATTTGTATCTGTGTTTTTCATGTTATCATAAAAAGACAAAGATGAAGTAGCACATGAGTTAATTA","Pf3D7_13_v3-815862-816091-1A.2","59A65+8N90+9N",1028,1,1
"IM-23-122-HJWU","8070934100","Maziba","Pf3D7_01_v3-181512-181761-1A","TTCATTATTGTTTTCATTCTTTTTTTAACTAAAACTATTCATCTCAAAAATATAAGATATTTTATATGACGAATGCCATTGTATTTTTTGTTACGTAAAACCTGACTTCTTCAAGGAAAACACATGCGCATTTTCACCAATTTTTGCCTAAGCTTATTATAAAAAGTATATTAAATGTATGAC","Pf3D7_01_v3-181512-181761-1A.1","19+9N30T83+8N",1649,1,1
"IM-23-122-HJWU","8070934100","Maziba","Pf3D7_13_v3-911757-912005-1A","GAGCCAACAATTTGATTTTCCACAACTTACTGAATCTTTAAAACATTGTGAACAGGTATCTGACATTTTTTTATTATCTTTGGCTAGTTCCTTTTGAACACATTCCATAGTACTATCACCTGAACCTAAGTTATCAACAGAACATTTTAATAATATACTAAAAAATTTATTGCTAGGAGAAAGTTGTAAA","Pf3D7_13_v3-911757-912005-1A.1","65+9N159+8N",1109,0.52659069325736,2
"IM-23-122-HJWU","8070934100","Maziba","Pf3D7_14_v3-2858894-2859160-1A","ATAGATTTTAATGACATAAAAAACACAACAAATGAGTATAATAATTTTGAGGAACATAATTATCAAGATGATAAATTTATATTTAATAAAGATATACATAATATTCTTTTAGAATTAAAGGAATCATTAAATGACATATCACGTGGAAGACTAAATACATTGATAAGAGATAATAAAATAAGTAGTTGTATAATATATCA","Pf3D7_14_v3-2858894-2859160-1A.1","15C17+8N28A",719,1,1
"IM-23-122-HJWU","8070934100","Maziba","Pf3D7_13_v3-2114242-2114482-1A","CTTCCATTAACTCAATATATAATTTATTAATAATTTTTAATTTGTTTATTTCAAAAAGGCATAGTTTTAACAAGGCTCTTAAGGTTCTATTACCCCCTAAGAGGTTAAAATGAATATTTCCTTTTTCTCGTATATGCAAAAAATCCCTTAACAATAAATCATATTCATCAGTATGAAATGT","Pf3D7_13_v3-2114242-2114482-1A.2","137+8N",3,0.00194678780012979,3
"IM-23-122-HJWU","8070934100","Maziba","Pf3D7_13_v3-2114829-2115090-1A","ATTCAATATATATAAAAATATAGCTAATAAACATTTCAAATCTCCATTAAGAACTTTATTCATCTTAACAAAAGCTCTATGAACTTCTGTATCTATAGTCGATTTTGTTATTCTAAGCATATCATTAAGTAAAAAATTTACGGTATCGACATTAACAGTGTAATAATTTCTTCCTAAATTTAAATGTTCTAAATAATTCAA","Pf3D7_13_v3-2114829-2115090-1A.1","130+8N192A",1054,1,1
"IM-23-122-HJWU","8070934100","Maziba","Pf3D7_13_v3-1725208-1725471-1B","CATAAATTTTATTATCAAAAGCAACACACATAGCTGATGATCTAGGGGTATTCAAAGGTGCCACCTCTACCCATGCTTTCATACGATGATCATATGCTTCTACATTCGGTATAATAGAAGAGCCATCATATCCCCCAATACAATAAATTCTACCATTTGACGTAACACCACAATTATTTCTTCTAGGTATATTTAAATTACTTGAAAC","Pf3D7_13_v3-1725208-1725471-1B.1",".",952,1,1
"IM-23-122-HJWU","8070934100","Maziba","Pf3D7_13_v3-1725379-1725652-2","ATTATTTCTTCTAGGTATATTTAAATTACTTGAAACATACCATACATCTCTTAAACGATCATACACCTCAGTTTCAAATAAAGCCTTATAATCATAGTTATTACCACCAAAAACGTATAAGAAATTATTCAATACAGCACTTCCAAAATAAGCTTTTTTGGTAGACATAGGTGTACACATACGCCAGCATTGTTGACTAATATCTAATAATTCCA","Pf3D7_13_v3-1725379-1725652-2.1","153+8N",571,1,1
"IM-23-122-HJWU","8070934100","Maziba","Pf3D7_03_v3-221295-221532-2","AAGGAACAAGAAGGATAATACCATTATTAATCCTATTGAACTATTTACGACATTAAACACACTGGAACATTTTTCCATTTTACAAATTTTTTTTTCAATATCATTTTCATAATCTAATTCGTTTTTAGGTTTACCAGCAGAGCCAGGCTTTATTCTAACTTGAATACCATTTCCACAAGTTA","Pf3D7_03_v3-221295-221532-2.4","86+11N107T123T134C135C",4,0.00253324889170361,3
"IM-23-122-HJWU","8070934100","Maziba","Pf3D7_08_v3-549960-550215-1B","GATGAACTAACAAATTATGATAATCTAGTTTATGATATAAAAAATTATTTAGAACAAAGATTAAATTTTCTTGTATTAAATGGAATACCTCGTTATAGGATACTATTTGATATTGGATTAGGATTTGCGAAGAAACATGATCAATCTATTAAACTCTTACAAAATATACATGTATATGATGAGTATCCACTT","Pf3D7_08_v3-549960-550215-1B.1","4G38+8N",786,1,1
"IM-23-122-HJWU","8070934100","Maziba","Pf3D7_08_v3-550057-550318-2","ACTATTTGATATTGGATTAGGATTTGCGAAGAAACATGATCAATCTATTAAACTCTTACAAAATATACATGTATATGATGAGTATCCACTTTTTATTGGATATTCAAGAAAAAGATTTATTGCCCATTGCATGAATGATCAAAATGTTGTAATAAATACACAACAAAAATTACATGATGAACAACAAAATGAAAATAAAAATA","Pf3D7_08_v3-550057-550318-2.1",".",1155,1,1
"IM-23-122-HJWU","8070934100","Maziba","Pf3D7_03_v3-891553-891827-1A","CAAGAGCTAAGAAAACATATAGAATTATCATAAGGATGTTGATAATATAAATGTGTTTTTATTTGTGTATTTATGTCAGAATATTGTTCCTTCGATTTATCTTTAAAATAATCAAGATTATTTATGTTGGTGGCTTTATTATTATTAAAATAATTTTGATTTGTTACATGATGACTATGGGTATATTTGTATTTTACGTTTTTATTA","Pf3D7_03_v3-891553-891827-1A.3","26T93C116G178T",157,0.474320241691843,2
"IM-23-122-HJWU","8070934100","Maziba","Pf3D7_04_v3-1113397-1113639-1A","GATTCTGCATGCAGTAATGAATCTATTGAAATCATCTAAGAATAAACTTTTTTGTTTAAACCATTTATTGAACATTTCACTTAAATGTGATTCAATTTTTTTTTCTGAGCTTTCCATAATTTGATTACAACTATTCAATTTGTTTGTATAAGTTTTAGGTGTTATTATTCTTTTACGTTTTAAATCATC","Pf3D7_04_v3-1113397-1113639-1A.6","47+8N95+11N161G",12,0.00443951165371809,2
"IM-23-122-HJWU","8070934100","Maziba","Pf3D7_04_v3-1113397-1113639-1A","GATTCTGCATGCAGTAATGAATCTATTGAAATCATCTAAGAATAAACTTTTTTGTTTAAACCATTTATTGAACATTTCACTTAAATGTGATTCAATTTTTTTTTCTGAGCTTTCCATAATTTGATTACATCTATTCAATTTGTTTGTATAAGTTTTAGGTGTTATTATTCTTTTACGTTTTAAATCATC","Pf3D7_04_v3-1113397-1113639-1A.1","47+8N95+11N130T161G",2691,0.995560488346282,2
"IM-23-122-HJWU","8070934100","Maziba","Pf3D7_13_v3-1876391-1876664-1A","AACTATCTGTAAAAGTATGTTTAGAACTAACATTTGAAGAGAAGTTACATCCGTGTATGACTTTTTTTTCATATTTTGGTTTTAAAACTATTTTATAATTATTATTTTTAAATTTGCATGTACATTCTGTATTAACATCTTTTGATGTAACATAAAATGGAGCTTTAAAGATAGTTAAGTTTTTATGATAAATTATTTTATTACTTTTATATA","Pf3D7_13_v3-1876391-1876664-1A.1","61+10N",268,0.554865424430642,2
"IM-23-122-HJWU","8070934100","Maziba","Pf3D7_08_v3-585703-585949-1A","AAACACATCATCAAAAGTTTCTGATATTGGCTTGTTTGATTCTTTATATTTAAAATCTTTATATAAATAAAATCTATCTTTCTTAAAATATGGATCTTTACGTACTTCAATCGAATCACTATCAGTTACAATATTTATATCTTTTAATGTTAAGTGGAAATTAGAATCAATAATAGCTA","Pf3D7_08_v3-585703-585949-1A.1",".",1878,0.995230524642289,3
"IM-23-122-HJWU","8070934100","Maziba","Pf3D7_13_v3-2114242-2114482-1A","CTTCCATTAACTCAATATATAATTTATTAATAATTTTTAATTTGTTTATTTCAAAAAGGCATAGTTGTAACAAGGTTCTTAAGGTTCTATTACCCCCTAAGAGGTTAAAATGAATATTTCCTTTTTCTCGTATATGCAAAAAATCCCTTAACAATAAACCATATTCATCAGTATGAAATGT","Pf3D7_13_v3-2114242-2114482-1A.40","67G76T137+8N159C",724,0.469824789097988,3
"IM-23-122-HJWU","8070934100","Maziba","Pf3D7_07_v3-475313-475545-1A","AGCTTTATTATCTACAAAAAATCCACGTGGATATATGAAACAAATGAAATTGTATTTTATATTCCAAATTAAAGAAATTGCATTAAGAAAACATGGCTCTTTACTTACAGTCAAAAATTTATATAATAATAAACTTTTAAATATAAATTCATCATCTTCTACAAATA","Pf3D7_07_v3-475313-475545-1A.1","15+8N",735,0.989232839838493,2
"IM-23-122-HJWU","8070934100","Maziba","Pf3D7_11_v3-119432-119705-1A","CTCCTTTATATTCATCAAGAAATTTCATCCAAGAGTAATTATGTTTTTCTTGTTGATATTTTGCTTTATACAAACGAGCAAGATACTTTTTATACGATTCATGCTCTTTAATTTTCTTTTCAAAAGTTTTGGTTATAATGTGTTCAAGTGATTGTAAAGTATTTTTCTTTAATTTTCTCCATATTAATCTACATGCGATTATAAGAA","Pf3D7_11_v3-119432-119705-1A.1",".",579,1,1
"IM-23-122-HJWU","8070934100","Maziba","Pf3D7_05_v3-960810-961048-1B","TAATACAGGAAGCATTTTATAATATGCATACTGTTATTAATTATGGTTTAGAAGATTATTTCTGTAATTTGATAGAAAAAGCTATTGATTATAAAAATAAAGGACAAAAAAGAAGAATTATTGTAAATGCAGCTTTATGGGGATTCAGTCAAAGCGCTCAATTATTTATTAATAGTTT","Pf3D7_05_v3-960810-961048-1B.1","105+8N",1484,1,1
"IM-23-122-HJWU","8070934100","Maziba","Pf3D7_11_v3-1294664-1294910-1A","AAAAGATAAATCATTTCAAAACTATACATATTTAAGTAAAAATGTAGTTGATAACTGGGAAGAAGTTTGCCCTAGAAAGAATTTAGAGAATGCAAAATTCGGATTATGGGTCGATGGAAATTGTGAAGATATACCACATGTAAATGAATTTTCAGCAAATGATCTTTTTGAATGTAATAAATTAGTTTTTGAATTG","Pf3D7_11_v3-1294664-1294910-1A.26","9A40A62G86G152T159A",5,0.00157828282828283,3
"IM-23-122-HJWU","8070934100","Maziba","Pf3D7_12_v3-63081-63314-1A","TTTCCGTCATAATAGTTGCATACATTCTATTAAAAACTTTGGGTACTCCTAATATAATTTCACCTTTTGAATTACATATGTCTGTATTCAAAAATTTTATATCTCTACTCCATATATTTATCTTTACATCCAAAAACAAAGCAATGAAAAAAACAACCCTTTCATA","Pf3D7_12_v3-63081-63314-1A.6","129T146+9N",989,0.573333333333333,2
"IM-23-122-HJWU","8070934100","Maziba","Pf3D7_12_v3-659881-660127-1A","GGTGGTTTAACATTTTCAGCTACGACTTTTTCGACTGATGGCAATCCTACTTTGATTAATTCCTTTAACATAGATTTTGCGTGTTTTTTTACTTCTGATTTGATATCAAAGCTTGATTCTAAAAAGGTTGGTGAATTTTTTTGTAAAACACTGACAAGTTCATTTGATATGGTCTCTGCTAAATCATCACCA","Pf3D7_12_v3-659881-660127-1A.1","26C27T35C83+9N135+9N",1466,1,1
"IM-23-122-HJWU","8070934100","Maziba","Pf3D7_12_v3-684011-684240-1A","ACCTAATGTTGGTAAGTCTACCATTTTTAATCGACTAACTCGAAAATATCAAGATGGTAGTATTGTTTTAAATGTTAGTAGTACGAGAGATAAACTTTATGGAGAAGTTGAGTGGGAAGGATATAAATTTGAACTTGTGGATACAGGAGGTTTAGTTTTTGA","Pf3D7_12_v3-684011-684240-1A.5","71A",2071,0.998553519768563,2
"IM-23-122-HJWU","8070934100","Maziba","Pf3D7_06_v3-1135605-1135855-1A","TATAAAGAATTTATACCACCTAAATTGTTAACATTAGAAGTATTATTTGTTTCTGTATTTTCTTGTAACGTATTTGTATTATTAATATTGTTAGATGAAATATTATGACTATTTCTTCTATTTGTTATATTTAAATTGTAAATAGTTTCATTACTAACACTACTGATACCATTGAAATGATTATTTAG","Pf3D7_06_v3-1135605-1135855-1A.1","172T",971,1,1
"IM-23-122-HJWU","8070934100","Maziba","Pf3D7_08_v3-102277-102527-1A","TACCTTCATCTATTGAATTAATTTTCTCAAGTAACATATTTTTGTCTTGACTACTTTCATCTGTAAATGGAACGAGTACTCTTTGCTTACCTGCAAAAAGGACAACTGACATATGAGCCTTATCCTTACTTACATTCGAATTAAAGACCATAGATTCTAAAAATGGTATAGTTCCTTTTAACCAATAATC","Pf3D7_08_v3-102277-102527-1A.1","76G",2247,0.997779751332149,2
"IM-23-122-HJWU","8070934100","Maziba","Pf3D7_06_v3-1136091-1136364-1A","CATTATTTTTGTATCCAACGTCGTTATTATTAAAACTTATTATTTGATTAATAACTGACGAACCACATATATTTACACAATGGAATACATAACTTAAGAAAGAGTAGTAATTGCATTTTACTTTTTGCATTTTCCCTCTGGTGGAGAAATAATTATTATGCTGCTTATTACTCTTTGTATTATGATAATTTTTGGTAATCATTTTTTTT","Pf3D7_06_v3-1136091-1136364-1A.1","173C201+9N",739,1,1
"IM-23-122-HJWU","8070934100","Maziba","Pf3D7_13_v3-1041593-1041860-1AB","CAAGATTGAAGTATTACATATCTCAGAAATTAAATGTATGCCCAAGAGATGTAAATGCACACATTGTAGGTGCTCATGGAAATAAAATGGTTCTTTTAAAAAGATACATTACTGTAGGTGGTATCCCTTTACAAGAATTTATTAATAACAAGTTAATTTCTGATGCTGAATTAGAAGCTATATTTGATAGAACTGTTAATACT","Pf3D7_13_v3-1041593-1041860-1AB.1",".",973,1,1
"IM-23-122-HJWU","8070934100","Maziba","Pf3D7_14_v3-297583-297856-1B","AGGAGGTTTTTCTTATTATATTTTTGAAAATTTCGTTTTTCAAAAGAACCGTAAAATTAATCACATAATTAAGACTTCAAAATATTCGACAGTAGGATTTAATATTGAAAATTCTTATGATAGACTTATGAAAACAATTAAAGAGCATAAATTAAAAAATTATATAAAAGAATCAGTAAAACTTTTTAATAAAGGTTTAACCAAAAA","Pf3D7_14_v3-297583-297856-1B.1","153+8N",263,1,1
"IM-23-122-HJWU","8070934100","Maziba","Pf3D7_11_v3-1374917-1375148-1A","TTTTTAAATGAAAATCTCCAAAGCTTCTGGTTGGTTGTAATCTACCTTTAACATAACAATTATCATAATGATGTGATAAGAGATGAAAAGGTGTTTTACATAATTCATATTTATTATTATTATTAACAGTTTTATAATCTCGAGTACATATTTTACATACTAATATA","Pf3D7_11_v3-1374917-1375148-1A.2","111T112+14N",3,0.0015748031496063,3
"IM-23-122-HJWU","8070934100","Maziba","Pf3D7_14_v3-279563-279833-1A","CATTTTTCTTTTAAATGAGAGCAATATATTTCTTAGGTTTATTCCGGATAAATGTTTAGTTATTAGCCAGGTGAGTAATAGTGATTCATATAAGGTAAATTGTATTAATTTCTCTGAAGGATTTTGTTGCTGTCATCCAATAAATAATTTAGCACTATTATATGGAGAGTATCAACAAAATCAAGAATCAAAAATTATGAAATTACCG","Pf3D7_14_v3-279563-279833-1A.1",".",408,1,1
"IM-23-122-HJWU","8070934100","Maziba","Pf3D7_05_v3-958372-958608-1B","ATTTATAACAATTTTTACATATGCCAGTTCCTTTTTAGGTTTATATATTTGGTCATTAATAAAAAATGCACGTTTGACTTTATGTATTACTTGCGTTTTTCCGTTAATTTATGTTTGTGGTGTCATATGTAATAAGAAAGTAAAATTAAATAAAAAAACATCTTTGTTATATAATAACAATACC","Pf3D7_05_v3-958372-958608-1B.2","60+8N151+9N",16,0.00867678958785249,2
"IM-23-122-HJWU","8070934100","Maziba","Pf3D7_14_v3-3124416-3124655-1A","TAATTGATCTTCTAGAGGATTTAGATATTTTGTCTATATCGAATAAAGATGAAGTAGAAAAACGAAGAAAGAAAACAACTCAAGAGACGCGGTTGTTAGGAAATATTGATTTAGGATATGGAAAATTAGGAGAGGGAATAAAGTATGAAAATTTACAGGAAGAATTAGGAAACAGATTATTTG","Pf3D7_14_v3-3124416-3124655-1A.6","20T72A144T",10,0.00245760629147211,2
"IM-23-122-HJWU","8070934100","Maziba","Pf3D7_13_v3-1725124-1725365-2","TGGAAATTGTTCCCATTTATTCATTTTTTCTTCATATACTTCAATAGAATTTAATCTCTCACCATTAGTTCCACCAATGACATAAATTTTATTATCAAAAGCAACACACATAGCTGATGATCTAGGGGTATTCAAAGGTGCCACCTCTACCCATGCTTTCATACGATGATCATATGCTTCTAC","Pf3D7_13_v3-1725124-1725365-2.1","23+8N",4175,1,1
"IM-23-122-HJWU","8070934100","Maziba","Pf3D7_14_v3-3214249-3214516-1A","TAAATAAAAAAGGATTAGATGATTTAATAAAAGATTTGTTAAAATATTTTCCAAAGAATTCAATTAGCGATCGTTTTGAATTGTCAGAATTTAAAATGACGGAGGATTGTTATACAAAAATGTGGTTTGATTTTATGAGTGATTTTGGAATAGCTACAATGAATGAAAGCGAACATACTAGATCTTTTTATGGCTTAATCGAA","Pf3D7_14_v3-3214249-3214516-1A.30","5+8N85C169G194C",5,0.00303951367781155,2
"IM-23-122-HJWU","8070934100","Maziba","Pf3D7_14_v3-377765-378020-1A","AAAGATATATCAACTGAAAAGATTTTATCAAATAATTGCTTTAATAATAAGTTAAAAAATTGATTTCCAACATCTATCATATTCATATAATCTAATGATTTAAAAATATATAATATACTCTTTGGACTAAATTTTAATTCATCATTTATTATTTTCTCTTTTACTATTGCTTTAATTTGATTAAAATATATAA","Pf3D7_14_v3-377765-378020-1A.3","21G53+8N",319,0.984567901234568,3
"IM-23-122-HJWU","8070934100","Maziba","Pf3D7_11_v3-1968050-1968296-2","TCATTACACTAGTCATGATTGGTTTAGATTATTACGCCAAGGGAATAAAGCTCAAAATTCCATTTCTCAGGAAGTAGACATATTAAAGGAAAAGTATAAAAAATTAATTTCAGAGGAAGACAATAAAAAAGAAAATAACAATAATAATGATGATGAAGTAAAACCAGAACTAAAAGACAATATA","Pf3D7_11_v3-1968050-1968296-2.1","87A97+8N124+8N",2375,1,1
"IM-23-122-HJWU","8070934100","Maziba","Pf3D7_14_v3-377765-378020-1A","AAAGATATATCAACTGAAAAGATTTTATCAAATAATTGCTTTAATAATAAGTTAAAAAATTGATTTCCAATATCTATCATATTCATATAATCTAATGATTTAAAAATATATAATATACTCTTTGGACTAAATTTTAATTCATCATTTATTATTCTCTCTTTTACTATTGTTTTAATTTGATTAAAATATATAA","Pf3D7_14_v3-377765-378020-1A.1","21G53+8N71T154C170T",4,0.0123456790123457,3
"IM-23-122-HJWU","8070934100","Maziba","Pf3D7_14_v3-407306-407542-1A","CTTTCTTTCGTCTTTCTGTTCATTATCCATATAATCTTTTTCTACTACCTTTTCATTCTTTACTTTATTTCTATTAATACACAACTCTCCTTGAGTTAAGAGATTTACGATATTATCAATATTGTTTTCTTTCATATACTTCAACTTTTTACTATTCATTTTTAAAAGA","Pf3D7_14_v3-407306-407542-1A.5","44A47A",3,0.00158730158730159,3
"IM-23-122-HJWU","8070934100","Maziba","Pf3D7_04_v3-1005938-1006187-1A","GTCTTAACATTAATTCTAGTTACAAAGTTACATGGATTTATTGAAAAGATATTTTCGTCATTATATTTCTTTTTTTCCATATCTGTTTGATCATTTTGATATGTTTTCATATTATCCATATGTTCATTATTTTGATCAATATAATTTTTTTTTATAATAAATTTAGAATTATTTTTAAAGAAA","Pf3D7_04_v3-1005938-1006187-1A.2","15T16C61T69+9N144+11N",683,1,1
"IM-23-122-HJWU","8070934100","Maziba","Pf3D7_13_v3-1876391-1876664-1A","TACTATCTGTAAAAGTATGTTTAGAACTAACATTTGAAGAGAAGTTACATCCGTGTATGACTTTTTTTTCATATTTTGGTTTTAAAACTATTTTATAATTATTATTTTTAAATTTGCATGTACATTCTGTATTAACATCTTTTGATGTAACATAAAATGGAGCTTTAAAGATAGTTAACTTTTCATGATAAATTATTTTATTACTTTTATATA","Pf3D7_13_v3-1876391-1876664-1A.4","1T61+10N179C184C",215,0.445134575569358,2
"IM-23-122-HJWU","8070934100","Maziba","Pf3D7_05_v3-958079-958350-1B","TTTTTATATCTGTGTTTGGTGTAATATTAAAGAACATGAATTTAGGTGATGATATTAATCCTATAATATTATCATTAGTATCTATAGGTTTAGTACAATTTATATTATCAATGATATCAAGTTATTGTATGGATGTAATTACATCAAAAATATTAAAAACTTTAAAGCTTGAATATTTAAGAAGTGTTTTTTATCAAGATGGACAATTTC","Pf3D7_05_v3-958079-958350-1B.1","186+8N",227,1,1
"IM-23-122-HJWU","8070934100","Maziba","Pf3D7_11_v3-1006693-1006917-1A","GTGGGGGAGAGAATTTTACCTTGATATGCTCCCATGTTTTATCCTTTATACAATACATATAAGTGTCATTGGTAATATATGACCCTCTTTTACCTCCGTAAAGAAATAAACAATCTTCTTTTTTTTCAGTGGAGTAAATTAAATTTAATTTTGCAAAATAGCGTGG","Pf3D7_11_v3-1006693-1006917-1A.1","118+10N",3221,0.999379460130313,2
"IM-23-122-HJWU","8070934100","Maziba","Pf3D7_11_v3-1018781-1019053-1A","TTTTTGATTCATATCATTATCATAATTATATATATATTGATCTCTGTCTATATGGGGAGCAAAAAAATATAAAGGATGTTGTGTCAAGGCTAATAATAATTCTGTAGCTATACTACTACTTATGTTACTTATACCACATCTAGTGACTGTACATTTTTCATCTAATGTTCTATAGGATAAAGAATCTGAAGGACAATGCATATCAT","Pf3D7_11_v3-1018781-1019053-1A.3","60+9N85C",159,1,1
"IM-23-122-HJWU","8070934100","Maziba","Pf3D7_07_v3-403801-404052-1B","TATATATATATATGTATGTATGTTGATTAATTTGTTTATATATTTATATTTATTTCTTATGACCTTTTTAGGAACGCCACCGAAGCTTTAATTTACAATTTTTTGCTATATCCATGTTAGATGCCTGTTCAGTCATTTTGGCCTTCATAGGTCT","Pf3D7_07_v3-403801-404052-1B.103","1+45N109C130+8N",1651,1,1
"IM-23-122-HJWU","8070934100","Maziba","Pf3D7_05_v3-958372-958608-1B","ATTTATAACAATTTTTACATATGCCAGTTCCTTTTTAGGTTTATTTATTTGGTCATTAATAAAAAATGCACGTTTGACTTTATGTATTACTTGCGTTTTTCCGTTAATTTATGTTTGTGGTGTCATATGTAATAAGAAAGTAAAATTAAATAAAAAAACATCTTTGTTATATAATAACAATACC","Pf3D7_05_v3-958372-958608-1B.1","45T60+8N151+9N",1828,0.991323210412148,2
"IM-23-122-HJWU","8070934100","Maziba","Pf3D7_05_v3-958920-959168-1B","AATAATAAATCGAAAACCATTAGTTGAAAATAATGATGATGGAGAAACATTACCAAATATTAAAAAAATTGAATTTAAAAATGTAAGATTTCATTATGATACTAGAAAAGATGTTGAAATTTATAAAGATTTAAGTTTTACTCTAAAAGAAGGGAAAACATATGCATTTGTGGGAGAATCA","Pf3D7_05_v3-958920-959168-1B.1","61+9N",913,1,1
"IM-23-122-HJWU","8070934100","Maziba","Pf3D7_05_v3-668763-669004-1A","TAATATTATCTGGCTCTGTAACCATGTCCGAACATATGTTAACAGGAGAATCTGTTCCTATACATAAAGAGCGGTTACCTTTTGAAGGAAATGCTATTATAAATAAAAATAATAAATATGACAGTAACGATGAAAAGGATGATTACCTTCGTATTTATAATAATCATGCTAGTATTAATATGATCAACCG","Pf3D7_05_v3-668763-669004-1A.1","73G122C188C",2252,0.994260485651214,3
"IM-23-122-HJWU","8070934100","Maziba","Pf3D7_02_v3-630641-630907-1A","CTAAGTTATCTAAAATTATTAATTTTTTCAAATATGGTAATTTATGTCTATGAAGTAATAAGCCATCAACTAAATCTAAATCTAAACATAACCATTCTAATTTCGTTTCATTTAATATGTTTACAATTACATCTATACTAAAGTTAGAATGTAAAATCAAGGTTGTTACACCACTCATCATAGCTGCCATATCAACAAT","Pf3D7_02_v3-630641-630907-1A.1","22+8N43T",787,1,1
"IM-23-122-HJWU","8070934100","Maziba","Pf3D7_03_v3-221295-221532-2","AAGGAACAAGAAGGATAATACCATTATTAATCCTATTGAACTATTTACGACATTAAACACACTGGAACATTTTTCCATTTTACAAATTTTTTTTTCAATATCATTTTCATAATTTAATTGGTCTTTAGGTTTATTAGCAGAGCCAGGCTTTATTCTAACTTGAATACCATTTCCACAAGTTA","Pf3D7_03_v3-221295-221532-2.13","86+11N107T114T120G",7,0.00443318556048132,3
"IM-23-122-HJWU","8070934100","Maziba","Pf3D7_03_v3-221463-221712-1B","ACTTGAATACCATTTCCACAAGTTACACTACATGGGGACCATTCAGTTGAAAGAGAATTTTGTATTTTGTTTAAATATTCTTTTATGTGCTTATCACTTGGTTCTTCGTTATTATTATTTTTTACAGCATTGTTGGCATTAGCATTTTCATCTACATTTCGGTTTGGGTCATTTGGCATATTGTGACCTTGTC","Pf3D7_03_v3-221463-221712-1B.63","117+8N130T",838,0.996432818073722,2
"IM-23-122-HJWU","8070934100","Maziba","Pf3D7_03_v3-653961-654206-1A","CTCGTACAATATTTTTATAATTTCCTTTCATCTTATTTTTTTCTTTATATTTTTTTTTTTCATATGTAAGATTTATATAATCACTTTCGCTTTTTCTAACCCTTTTGAACTTTTTAAATGTACTTCGTTCATTATTTCTAATTCTCGTAAACACAAGAATAAATATTTTGATATATCTTATA","Pf3D7_03_v3-653961-654206-1A.2","35+9N49+13N",869,1,1
"IM-23-122-HJWU","8070934100","Maziba","Pf3D7_12_v3-857050-857323-1A","ATATAATTTTAAGATGTCCTATCAAGACGTTCAGGAAAAAAAAAATGAAGATATAAATTATGATGAAATAGCTAGCAGCATGCTAGAGAAGATGGACAAACATATAAATGGAGAAAAACAACCAACGATACATTATGAAAATTTAAATGTACAAGAGCAAGGGGGAGCACATGCTTATTACTCAAATCAAGATATAAATAACATAAATA","Pf3D7_12_v3-857050-857323-1A.2","35+12N162G",380,1,1
"IM-23-122-HJWU","8070934100","Maziba","Pf3D7_13_v3-1004740-1005002-1A","TTACATCGTAAAAATAATTTAAAATATTATATATATTATCTTTTCCTTTTCGGGGGTCTCTTTTCTTTATATATATATTTACATTTCTCTTCATTTTATTACATGATAAATTAATATTTAATGTACTAATATATATATTATTAATTTTTATTTTCTTCTTCTTTTTTATATTAAAACAAAATGAAGATTCGTTAA","Pf3D7_13_v3-1004740-1005002-1A.13","50+8N161+8N191G",22,0.488888888888889,2
"IM-23-122-HJWU","8070934100","Maziba","Pf3D7_11_v3-1374917-1375148-1A","TTTTTAAATGAAAATCTCCAAAGCTTCTGGTTGGTTGTAATCTACCTTTAACATAACAATTATCATAATGATGTGATAAGAGATGAAAAGGTGTTTTACATAATTTATATGTATTATTATTATTAACAGTTTTATAATCTCGAGTACATATTTTACATACTAATATA","Pf3D7_11_v3-1374917-1375148-1A.4","106T112+14N",1890,0.992125984251969,3
"IM-23-122-HJWU","8070934100","Maziba","Pf3D7_13_v3-1004740-1005002-1A","TTACATCGTAAAAATAATTTAAAATATTATATATATTATCTTTTCCTTTTGGGGGGTCTCTTTTCTTTATATATATATTTACATTTCTCTTCATTTTATTACATGATAAATTAATATTTAATGTACTAATATATATATTATTAATTTTTATTTTCTTCTTCTTTTTTATATTAAAACAAAATGAAGATTCTTTAA","Pf3D7_13_v3-1004740-1005002-1A.1","50+8N161+8N",23,0.511111111111111,2
"IM-23-122-HJWU","8070934100","Maziba","Pf3D7_11_v3-1295371-1295597-1A","AAGTAACATCAAATAATGAAGTTGTAGTTAAAGAAGAATATAAAGATGAATATGCAGATATTCCTGAACATAAACCAACTTATGATAACATGAAAATTATAATTGCATCATCAGCTGCTGTCGCTGTATTAGCAACTATTTTAATGGTTTATCTTTATAAAAGAA","Pf3D7_11_v3-1295371-1295597-1A.2","89C",22,0.00339087546239211,2
"IM-23-122-HJWU","8070934100","Maziba","Pf3D7_11_v3-1006693-1006917-1A","GTGGGGGAGAGAATTTTACCTTGATACGCTCCCATGTTTTATCCTTTATACAATACATATAAGTGTCATTGGTAATATATGACCCTCTTTTACCTCCGTAAAGAAATAAACAATCTTCTTTTTTTTCAGTGGAGTAAATTAAATTTAATTTTGCAAAATAGCGTGG","Pf3D7_11_v3-1006693-1006917-1A.5","27C118+10N",2,0.000620539869686627,2
"IM-23-122-HJWU","8070934100","Maziba","Pf3D7_11_v3-115913-116184-1A","ACCTCCCGATGTTATAAATATTATATTATCATCATCATTTGGAAGGAAATTCTCCTCTAATGTTTTTAATATTTCATCTATATTTTTAGGTCTCAATTTACTATTGAAAAATTTTGAATACTTCAAAAAATAATCATCATCTTTTACATTACATATATTATCATTATTTTCATTTTGTTTTAGTAGTTCATCTTTTATATTATC","Pf3D7_11_v3-115913-116184-1A.3","124+8N",242,1,1
"IM-23-122-HJWU","8070934100","Maziba","Pf3D7_11_v3-1127074-1127316-1A","AACATTTTAATAGTCCTAATTTCGAAAATATGATGAAAGGAGTTTTTGGAATTATTCAAAATCCTTTTGAAAATGGCCAACCCACTTTCCCATTCTTTAAAAATATTAATTCGATCTCTGGAATCGGTAATGTTGATATCCCCAAAAATTTTATGAATGATTTTTTGAATAATGGAAATGATCAAAACA","Pf3D7_11_v3-1127074-1127316-1A.2","160+8N",1862,1,1
"IM-23-122-HJWU","8070934100","Maziba","Pf3D7_07_v3-627351-627625-1A","TCACTAAGATAATTATTATTACTATTTTCAGCATAATAAAATTTCTGATGTTTTATAAGAGGAGTTTGGTTAGAAGCAAAATTATCAGCAGTTGTCGAATAATTATTATGTTCTTGATAAAAGAGATTATTCATATAGTTATTATTATTTTTCATATCATCCATAGTATTATTGTTAATATAAAATTCCTCATATGAATTATATATATA","Pf3D7_07_v3-627351-627625-1A.1",".",148,0.490066225165563,2
"IM-23-122-HJWU","8070934100","Maziba","Pf3D7_11_v3-1293919-1294168-1A","TCCATATCAAAATAGTGGTGTGTATCATCCAATCAACGAACATAGGGAACATCCAAAAAAATACGAATATCCATTACACCAGGAACATACATACCAACAAGAAGATTCAGGAGAAGACGAAAATACATTACAACACGCATATCCAATAGACCACGAAGGTGCCGAACCCGCACCACAAGAACAAAATTTAT","Pf3D7_11_v3-1293919-1294168-1A.29","18G27A59A",1180,0.993265993265993,3
"IM-23-122-HJWU","8070934100","Maziba","Pf3D7_11_v3-1294664-1294910-1A","AAAAGATAAATCATTTCAAAACTATACATATTTAAGTAAAAATGTAGTTCATAACTGGGAAAAAGTTTGCCCTAGAAAGAATTTAGAGAATGCAAAATTCGGATTATGGGTCGATGGAAATTGTGAAGATATACCACATGTAAATGAATTTTCAGCAAATGATCTTTTTGAATGTAATAAATTAGTTTTTGAATTG","Pf3D7_11_v3-1294664-1294910-1A.7","9A40A50C86G152T159A",13,0.00410353535353535,3
"IM-23-122-HJWU","8070934100","Maziba","Pf3D7_14_v3-2355614-2355853-1A","ACTTTTCTCGATTCACATTATCCAAACCCATTTAACGAGTATGAAAAATATGACAAACATTATTATGAACTTGAAAATATTTTAAAAAACAAACTTAATGAACAATCCTTAAATTATCAATCTTTGTTAAAAATGAAAAGATTTATAAGTATGAACGATATGGAAAATAATAA","Pf3D7_14_v3-2355614-2355853-1A.2","83+8N105A",8,0.00523560209424084,2
"IM-23-122-HJWU","8070934100","Maziba","Pf3D7_07_v3-896613-896849-1B","ACAATGAAAAAATGTATTAATGATGAATTATATAAAATAAAAATAAATGTAGGTTTATATAAAAAGGATAGAAAAAAATTATCCTTTTTTATATTGTTGCATAAATTTTATTTAGATAATTATAATATTGTTATTAATAAATTAAAAAATATGAATAATTTAATAGAAA","Pf3D7_07_v3-896613-896849-1B.1","6+8N71+9N84+8N143+8N",669,1,1
"IM-23-122-HJWU","8070934100","Maziba","Pf3D7_14_v3-377765-378020-1A","AAAGATATATCAACTGAAAAGATTTTATCAAATAATTGCTTTAATAATAAGTTAAAAAATTGATTTCCAATATCTATCATATTCATATAATCTAATGATTTAAAAATATATAATATACTCTTTGGACTAAATTTTAATTCATCATTTATTATTTTCTCTTTTACTATTGCTTTAATTTGATTAAAATATATAA","Pf3D7_14_v3-377765-378020-1A.2","21G53+8N71T",1,0.00308641975308642,3
"IM-23-122-HJWU","8070934100","Maziba","Pf3D7_13_v3-1726174-1726408-2","TTTCTAATTCTTTGTACAATCGTACTCTTTCCATTTCTAGTTCTTTCTTATCTTTAAATAATTTATCTTTTTCTCGAATAAAATTCATTTGTGTCTTTTTTAACCAATTAATAAATGTAATTCTTAAATCACCTACCATATTTTCAAAATCACTAGCATCACTTAAT","Pf3D7_13_v3-1726174-1726408-2.1","95+8N",2575,1,1
"IM-23-122-HJWU","8070934100","Maziba","Pf3D7_03_v3-891553-891827-1A","CAAGAGCTAAGAAAACATATAGAATTATCATAAGGATGTTGATAATATAAATGTGTTTTTATTTGTGTATTTATGTCAGAATATTGTTCCTTTGATTTATCTTTAAAATAATCAATATTATTTATGTTGGTGGCTTTATTATTATTAAAATAATTTTGATTTGTTACATGATGACTAGGGGTATATTTGTATTTTACGTTTTTATTA","Pf3D7_03_v3-891553-891827-1A.6","26T",174,0.525679758308157,2
"IM-23-122-HJWU","8070934100","Maziba","Pf3D7_07_v3-403479-403716-1B","TTAGGTGGAGGTTCTTGTCTTGGTAAATGTGCTCATGTGTTTAAACTTATTTTTAAAGAGATTAAGGATAATATTTTTATTTATATTTTAAGTATTATTTATTTAAGTGTATGTGTAATGAATAAAATTTTTGCTAAAAGAACTTTAAACAAAATTGGTAACTATAGTTTTGTAACATCCGA","Pf3D7_07_v3-403479-403716-1B.1",".",1643,1,1
"IM-23-122-HJWU","8070934100","Maziba","Pf3D7_07_v3-403487-403750-2","AGGTTCTTGTCTTGGTAAATGTGCTCATGTGTTTAAACTTATTTTTAAAGAGATTAAGGATAATATTTTTATTTATATTTTAAGTATTATTTATTTAAGTGTATGTGTAATGAATAAAATTTTTGCTAAAAGAACTTTAAACAAAATTGGTAACTATAGTTTTGTAACATCCGAAACTCACAACTTTATTTGTATGATTATGTTCTTT","Pf3D7_07_v3-403487-403750-2.1",".",639,1,1
"IM-23-122-HJWU","8070934100","Maziba","Pf3D7_14_v3-2733345-2733593-1A","TCGATGTACATGCAGAAAAAATATTGGAACGTTTATTTGTAATTTATTTATGTGTATTAAAAGAATATGAAAAACATCCTCCTAAAATATTAAAATATTCATTACGTGCTATATCTAGATACTCGATGTATATAAATAAATTTATCATGGATGATATATTATTTGAAATTAAAAACCTTGCTGCA","Pf3D7_14_v3-2733345-2733593-1A.1","15+8N",1818,1,1
"IM-23-122-HJWU","8070934100","Maziba","Pf3D7_07_v3-432832-433091-1A","TTGAAAAAGTCATCATCAGAATGGGGATGATTATTATTGTTATTATGAGTTTGGTTCGTATTAATATTATGCTCCTTTTCGTTATTTAATTTATGTTCATTTATATTTTTATAAATAAATAATTTTCCAAGAAGTATACCATTAATAAACTTACTAGTTAACATATTAGACTGCTCAATATTTGTACATTTTTTTAATGTATGTATT","Pf3D7_07_v3-432832-433091-1A.1","30+17N188+9N",1376,1,1
"IM-23-122-HJWU","8070934100","Maziba","Pf3D7_07_v3-405517-405773-2","TTTTCTACCATGACATATACTATTGTTAGTTGTATACAAGGTCCAGCAATAGCAATTGCTTATTACTTTAAATTCTTAGCCGTAAGAATTAAAAAGATATAAATATATAAATATATATGTGAAATATATGATATATATGATATATATGATATATATTTTTTATATGTAATGTTTTTTTTTTTTTTCACAATATACATTTAA","Pf3D7_07_v3-405517-405773-2.7","97+57N162+16N",140,1,1
"IM-23-122-HJWU","8070934100","Maziba","Pf3D7_10_v3-1386657-1386909-1A","CGATTTTGGTAGGGAACAGGTTAAATATATTGAAGACGTGGTTTGATAATCAGGTATTTCTTTAATTAAATATTCATGATATTGTTCGTTAGATACATAAATTAATTCGTCCTCCACATTTTGCTGTTCTGTTATAATTTGTGAAGAAGCTTGGTTTGTCTTATTTGGTAATTGCTCTTTTATGA","Pf3D7_10_v3-1386657-1386909-1A.1",".",1751,1,1
"IM-23-122-HJWU","8070934100","Maziba","Pf3D7_13_v3-935613-935884-1A","CAAAATAATATGAATAGTAATAGTAATAGTTATAATAATTTTAATATAACAGATAGAAGTAAAGAAATAAAAAAAGATTATAAAAGAAACAAAATTTTAATAGTTATTAATAATATTAATACAAATCATATTTTATTATTAAATGAAAGTGTTATAAAAAAAAAAATACTTACATTTTATCTAGATCTTTTTTTTGATGATAATGAACAAAT","Pf3D7_13_v3-935613-935884-1A.2","68+11N155+13N187+10N",254,0.621026894865526,2
"IM-23-122-HJWU","8070934100","Maziba","Pf3D7_12_v3-63081-63314-1A","TTTCCGTCATAATAGTTGCATACATTCTATTAAAAACTTTGGGTACTCCTAATATAATTTCACCTTTTGAATTACATATGTCTGTATTCAAAAATTTTATATCTCTACTCCATATATTTATCTTTACACCCAAAAACAAAGCAATGAAAAAAACAACCCTTTCATA","Pf3D7_12_v3-63081-63314-1A.1","146+9N",736,0.426666666666667,2
"IM-23-122-HJWU","8070934100","Maziba","Pf3D7_03_v3-221185-221419-1B","AAATAAATTAAATAGGAAAATATAAAGAAAAATGAAAATTAAGAAAAAAAGTAGTATATATTTTTATAAATATTGTACAACTCAAACTAAGATGTGTTCTTTATCTAATTAAGGAACAAGAAGGATAATACCATTATTAATCCTATTGAACTATTTACGACATTAAACA","Pf3D7_03_v3-221185-221419-1B.1","43+9N",883,1,1
"IM-23-122-HJWU","8070934100","Maziba","Pf3D7_03_v3-221295-221532-2","AAGGAACAAGAAGGATAATACCATTATTAATCCTATTGAACTATTTACGACATTAAACACACTGGAACATTTTTCCATTTTACAAATTTTTTTTTCAATATCATTTGCATAATCTAATTCGTCTTTAGGTTTATTAGCAGAGCCAGGCTTTATTCTAACTTGAATACCATTTCCACAAGTTA","Pf3D7_03_v3-221295-221532-2.7","86+11N",1568,0.993033565547815,3
"IM-23-122-HJWU","8070934100","Maziba","Pf3D7_03_v3-515418-515657-1A","TTTCTTTAATTTCTATATGTTTGAATTCCCTTATAGACATATTTGAATCATTATTACTTTTATATGAAGTGTTATTATCGAAATTATTATTAATACATTTTATTTTAATGATTTTGTTAAAATTTTTATTATTTACTATAATGGAAGTCAGATATGTACTTATCGTATGGAAAGCTAATCATCAACA","Pf3D7_03_v3-515418-515657-1A.1",".",3388,1,1
"IM-23-122-HJWU","8070934100","Maziba","Pf3D7_11_v3-1295103-1295335-1A","ACTACTGCTTTGTCCCATCCCATCGAAGTTGAACACAATTTTCCATGTTCATTATATAAAGATGAAATAAAGAAAGAAATCGAAAGAGAATCAAAACGAATTAAATTAAATGATAATGATGATGAAGGGAATAAAAAAATTATAGCTCCAAGAATTTTTATTTCAGATGATATA","Pf3D7_11_v3-1295103-1295335-1A.6","34C71A132+9N173T",25,0.00736593989393047,2
"IM-23-122-HJWU","8070934100","Maziba","Pf3D7_11_v3-1295371-1295597-1A","AAGTAACATCAAATAATGAAGTTGTAGTTAAAGAAGAATATAAAGATGAATATGCAGATATTCCTGAACATAAACCAACTTATGATAAAATGAAAATTATAATTGCATCATCAGCTGCTGTCGCTGTATTAGCAACTATTTTAATGGTTTATCTTTATAAAAGAA","Pf3D7_11_v3-1295371-1295597-1A.1",".",6466,0.996609124537608,2
"IM-23-122-HJWU","8070934100","Maziba","Pf3D7_14_v3-2695837-2696082-1A","CGTTTTGTATCATATTATTAGATATAGTTATTTTATTATTATTTTCTACATTATTATTCAATATATTACATCCTGTTATGGAATTATTGTTAAAATATAAATTATTCGAATTGTTATTATTAAATTCTAATCCACTAACTGCTGTTGTATATAATGATGATGAGTTATTATTATAGAAATC","Pf3D7_14_v3-2695837-2696082-1A.2","28+16N53A",893,1,1
"IM-23-122-HJWU","8070934100","Maziba","Pf3D7_11_v3-1374917-1375148-1A","TTTTTAAATGAAAATCTCCAAAGCTTCTGGTTGGTTGTAATCTACCTTTAACATAACAATTATCATAATGATGTGATAAGAGATGAAAAGGTGTTTTACATAATTCATATGTATTATTATTATTAACAGTTTTATAATCTCGAGTACATATTTTACATACTAATATA","Pf3D7_11_v3-1374917-1375148-1A.1","112+14N",12,0.0062992125984252,3
"IM-23-122-HJWU","8070934100","Maziba","Pf3D7_13_v3-958247-958510-1B","TTTATATTATCTGTAATATGCACATTTTGTATAATATTATCAATATTTGTAGCATTTTGACCGTATGTTTCATTTTCATCGTATGTTCCATTTATATTGTATGTTTCATTTTCATCGTATGTTCCATTTATATTGTATGTTCCATTTTCATCGTATGTTCCATTTATATTGTATGTTCCATTTTTATCATATGTTATGTCCACAT","Pf3D7_13_v3-958247-958510-1B.2",".",3,0.0810810810810811,2
"IM-23-122-HJWU","8070934100","Maziba","Pf3D7_14_v3-1956056-1956330-1B","CTAATTTTTTTTCTCCACTTTGTAATTTTTATTGTTGAATATATATATAAAGTTAAACCTATAAATAATACACTACCTAATAAACTATTCTTATATTTAAAAATAAATATAATACATGTTATTAATCCTTCTATTGTTGCCGGAATAATATACATTAAAACAGAACTCATCAAATTATTAGCACTCTCGGTACCTCTATCAACTATTCTCA","Pf3D7_14_v3-1956056-1956330-1B.2","4+10N",423,1,1
"IM-23-122-HJWU","8070934100","Maziba","Pf3D7_14_v3-1392837-1393086-1A","ACATGTATTGTCCCCAGCATGAATCGGGTGATAAATATTATCAAGCGTATCAAAAAATGGATTGTAATTATTACTACTATTCATATCATTATTTTTTGTGGTGGTGGTGGACTGTGAAATGTTTTCCTTATGATTTTGACTTGTGTGTATATCCCTACCAACAACATATTCAACATTATTATTATCAAAAA","Pf3D7_14_v3-1392837-1393086-1A.4","51+8N91+8N108I=TGG",1085,1,1
"IM-23-122-HJWU","8070934100","Maziba","Pf3D7_11_v3-1293919-1294168-1A","TCCATATCAAAAAAGTGATGTGTATCATCCAATCAACGAACATAGGGAACATCCAAAAGAATACGAATATCCATTACACCAGGAACATACATACCAACAAGAAGATTCAGGAGAAGACGAAAATACATTACAACACGCATATCCAATAGACCACGAAGGTGCCGAACCCGCACCACAAGAACAAAATTTAT","Pf3D7_11_v3-1293919-1294168-1A.17","13A27A",5,0.00420875420875421,3
"IM-23-122-HJWU","8070934100","Maziba","Pf3D7_11_v3-1293919-1294168-1A","TCCATATCAAAATAGTAATGTGTATCATCCAATCAACGAACATAGGGAACATCCAAAAGAATACCAATATCCATTACACCAGGAACATACATACCAACAAGAAGATTCAGGAGAAGACGAAAATACATTACAACACGCATATCCAATAGACCACGAAGGTGCCGAACCCGCACCACAAGAACAAAATTTAT","Pf3D7_11_v3-1293919-1294168-1A.2","17A27A65C",3,0.00252525252525253,3
"IM-23-122-HJWU","8070934100","Maziba","Pf3D7_07_v3-627351-627625-1A","TCACTAAGATAATTATTATTACCATTTTCAGCATAATAAAACTTCTGATGTTTTATAAGAGGAGTTTGGTTAGAAGCAAAATTATCAGCAGTTGTCGAATAATTATTATGTTCTTGATAAAAGAGATTATTCATATAGTTATTATTATTTTTCATATCATCCATAGTATTATTGTTAATATAAAATTCCTCATATGAATTATATATATA","Pf3D7_07_v3-627351-627625-1A.5","23C42C",154,0.509933774834437,2
"IM-23-122-HJWU","8070934100","Maziba","Pf3D7_12_v3-529495-529767-1A","GCTCCCCAAAAGTTAACTGCTTCATTATTTTTTGGATCCCAAAAACTAACATTCGTTACCCATCCAACATAATCGGTAGATATCCTATATTCATAACTACTACAGAAATATTTATACTCATGGTATACATTTGCATCATTTACATCTACCAAATTAACAGTTTTACACAAATTGTGAATGCCATTCAAGTTATAAAAACCTGTACAT","Pf3D7_12_v3-529495-529767-1A.1","32T",828,1,1
"IM-23-122-HJWU","8070934100","Maziba","Pf3D7_14_v3-2355614-2355853-1A","ACTTTTCTCGATTCACATTATCCAAACCCATTTAACGAGTATGAAAAATATGACAAACATTATTATGAACTTGAAAATATTTTAAAAAACAAACTTAATGAACAATCCTTAAATTATCAATCTTTGTTAAAAATGAAAAGATTTATAAGTATGAACCATATGGAAAATAATAA","Pf3D7_14_v3-2355614-2355853-1A.4","83+8N105A157C",1520,0.994764397905759,2
"IM-23-122-HJWU","8070934100","Maziba","Pf3D7_14_v3-2481033-2481276-1B","CCATGTGGATAAAGACAGTAGAGAGCAATTCGAAATAAAACAGTACTCTTGCAAATTAGATATTTTTTTGAACTCATCTGTTCCTATAAAAAATTCTGAATGTAAGCAGAATAAATTATACACAAAAGAATATATATTCATTTTTATTTATTCACTTTATATATGTTTGTATGTATGTA","Pf3D7_14_v3-2481033-2481276-1B.3","62+9N87+8N",1139,1,1
"IM-23-122-HJWU","8070934100","Maziba","Pf3D7_03_v3-221463-221712-1B","ACTTGAATACCATTTCCACAAGTTACACTACATGGGGACCATTCAGTTGAAAGAGAATTTTGTATTTTCTGTAAATATTTTTCTATGTGCTGATCACTTGGTTCTTCGTTATTATTATTTTTTACAGCATTGTTGGCATTAGCATTTTCATCTACATTTCGGTTTGGGTCATTTGGCATATTGTGACCTTGTC","Pf3D7_03_v3-221463-221712-1B.6","69C71G80T83C92G117+8N130T",3,0.00356718192627824,2
"IM-23-122-HJWU","8070934100","Maziba","Pf3D7_13_v3-1725887-1726123-2","AAATAGCTCCACCAACATTAATATCAATCATAGTTTCAGTAGCAATATTTGCATCAACAATTTTTTTTTTATCATTCTCAAAATTTTTATATTCTTGATAATATTTTTCTTTTTCTAAATATAATACTAATTTAATTTTATCGATTTCTTGTAAAAATCTTAATCTTTCTTCATCAA","Pf3D7_13_v3-1725887-1726123-2.1","60+12N",1071,1,1
"IM-23-122-HJWU","8070934100","Maziba","Pf3D7_10_v3-992331-992603-1A","TCATTATATTTTTAAAAAAAAAAATTATGATATAAAATCTTCAATTAATAAAAGATCTATCCAGTTCTTTAAAGACACTAATATAGATCATTATATAGCATATGAATATTATAAGGAGGACCGTACGGAATTTATATTAACTATTATGAATGAAAAAAATATTACTCATCAAGAAACTCAAAGTCTTGAAATGAAAAAGTTGAAAG","Pf3D7_10_v3-992331-992603-1A.2","13+13N152+9N",510,1,1
"IM-23-122-HJWU","8070934100","Maziba","Pf3D7_10_v3-992596-992869-1A","GAAAATAATAAAATGCACAGTATCAATTCTGATAGAAATAAAAATGATTATATTCCATCTTCCTATTTACATACAATATATAAAACATTTAGCGAACATATAAACCGAGATAATGGAAATATTTATGATGATGAAAAAAAAAATTTATATGATGGAACTGTTTTTTATATAGAAACATTAAACGAATTAAGAATTATAAATATATTATTTTCA","Pf3D7_10_v3-992596-992869-1A.1","133+12N160+8N",133,1,1
"IM-23-122-HJWU","8070934100","Maziba","Pf3D7_07_v3-475313-475545-1A","AGCTTTATTATCTACAAAAAATCCACGTGGATATATGAAACAAATGAAATTGTATTTTATATTCCAAATTAAAGAAATTGCATTAAGAAAACATGGCTCTTTACTTACAGTCAAAAATTTATATGATAATAAACTTTTAAATATAAATTCATCATCTTCTACAAATA","Pf3D7_07_v3-475313-475545-1A.2","15+8N125G",8,0.0107671601615074,2
"IM-23-122-HJWU","8070934100","Maziba","Pf3D7_14_v3-1038300-1038538-1A","ATTAATGATTTATACACTTCAACTACACTTTTTAATTTAGCCCATACAATTAATAAAGCTCTACGATAAATTTCTTTTTTATTTGATTTAGAAAAAGGAGAAAACCATTGAAACTTTTTGGCTAGATATTTATGGTCTTTATCAAAAATATATTCTGAAACTTCATCTTCTAGAAGT","Pf3D7_14_v3-1038300-1038538-1A.1","74+8N",1505,1,1
"IM-23-122-HJWU","8070934100","Maziba","Pf3D7_12_v3-1959644-1959891-1A","ATGGGAAGACGATAAGAGAAGAGAAATTAATTTCTGAGGGAGCGTATTCATTTGTTTATATGGCGAAGGATTTAAACACGAATCGAGCTTATACTATAAAGAAGACCATATGTCAAGATAAAGAGAAAATAGATATGGCGAAAAAAGAAATCAACATTCTTAAAAGTTTACCTCCACATAAAAATATA","Pf3D7_12_v3-1959644-1959891-1A.1","143A",550,0.500910746812386,2
"IM-23-122-HJWU","8070934100","Maziba","Pf3D7_07_v3-405570-405844-1B","ATAGCAATTGCTTATTACTTTAAATTCTTAGCCGTAAGAATTAAAAAGATATAAATATATAAATATATATGTGAAATATATGATATATATGATATATATGATATATATTTTTTATATGTAATGTTTTTTTTTTTTTTCACAATATACATTTAAATGTTTATGATGGTACAACGTATCATATTTTATAATAATTTTATGCATTCATGTATATTATTTTTACTTTTT","Pf3D7_07_v3-405570-405844-1B.6","49+57N114+16N",86,1,1
"IM-23-122-HJWU","8070934100","Maziba","Pf3D7_05_v3-668763-669004-1A","TAATATTATCTGGCTCTGTAACCATGTCCGAACATATGTTAACAGGAGAATCTGTTCCTATACATAAAGAGCGGTTACCTTTTGAAGGAAATGCTATTATAAATAAAAATAATAAATATGACAGTAACGATGAAAAGGATGATTACCTTCGTATTTATAATAATCATGCTAGTATTAATATGATCAAGCG","Pf3D7_05_v3-668763-669004-1A.2","73G122C",9,0.00397350993377483,3
"IM-23-122-HJWU","8070934100","Maziba","Pf3D7_14_v3-2004362-2004606-1A","TATTTCCATATTATTGTAATAGGGCTTTTTCTTGCTCTTCTAATTTTTGTATATCTTGCTTATCCTTATCTAATTGTCCAAGAGCATTTAATTCATCTTCTACATTTATTTTATTTTCTTGAGAATATTCTTCAATTTTGTCTTCGAAACTGTTATATAATCTATTTATAATTGGTTG","Pf3D7_14_v3-2004362-2004606-1A.1",".",706,1,1
"IM-23-122-HJWU","8070934100","Maziba","Pf3D7_14_v3-2260533-2260765-1A","AATAACCATCAAATACAAACTCAACCAACAAATACAGTACAATATATTCAACCAAATTATGAACAAGTCATAACACAAGTAGATCAAAATCGTAATCTATTCAATCAACAGCTTGTAGGAAGTACAGTAATGCAAAATATGACACCACAAGGTGTAAACACGTTAAATTATCCTGCAACG","Pf3D7_14_v3-2260533-2260765-1A.2",".",10,0.00411692054343351,2
"IM-23-122-HJWU","8070934100","Maziba","Pf3D7_10_v3-1414337-1414596-1A","GACCTGAATGGAAAGGTCAATGTGATAAATTTGAAAAAGAAAAAAGTAAATATGAAGATACTAAAAGTAGAACTGCTGAAATATATTTAAAAGAAATATGTTCTGAATGTGATTGTAAATATAAAGATTTGGATAATACATTCAAAGAATTTAAAGATAACGTTACGCTTCTTAAAGCAGTAATTGATAACAAA","Pf3D7_10_v3-1414337-1414596-1A.15","17T39+8N70G82T143C167G",1015,1,1
"IM-23-122-HJWU","8070934100","Maziba","Pf3D7_13_v3-958247-958510-1B","TTTATATTATCTGTAATATGCACATTTTGTATAATATTATCAATATTTGTAGCATTTTGACCGTATGTTTCATTTTCATCGTATGTTCCATTTATATTGTATGTTCCATTTTCATCGTATGTTCCATTTATATTGTATGTTCCATTTTCATCGTATGTTCCATTTATATTGTATGTTCCATTTTTATCATATGTTATGTCCACAT","Pf3D7_13_v3-958247-958510-1B.1","106C",34,0.918918918918919,2
"IM-23-122-HJWU","8070934100","Maziba","Pf3D7_11_v3-1019050-1019319-1A","TCAAAACTTATTGCTACCGTAATACCTAAAGGAGGCATTTTACATAATCTTTTTACACTCGTAAGAATATTATTATAAAAGATTTCTTGATATCTATCATACATATGAATATTATTTAGAGATTTATATATATTATTATTTTGTTCATATAATAATATATTATTTAAAGACTTATCCATAATTTTTGTACATTTTATATTTTCTATA","Pf3D7_11_v3-1019050-1019319-1A.1",".",1,1,1
"IM-23-122-HJWU","8070934100","Maziba","Pf3D7_12_v3-684011-684240-1A","ACCTAATGTTGGTAAGTCTACCATTTTTAATCGACTAACTCGAAAATATCAAGATGGTAGTATTGTTTTAGAGGTTAGTAGTACGAGAGATAAACTTTATGGAGAAGTTGAGTGGGAAGGATATAAATTTGAACTTGTGGATACAGGAGGTTTAGTTTTTGA","Pf3D7_12_v3-684011-684240-1A.4","73G",3,0.00144648023143684,2
"IM-23-122-HJWU","8070934100","Maziba","Pf3D7_10_v3-1414599-1414832-1A","ATCTAGATCAACGAGGGAATATAACAACATCTCAAGGAAATTCACACCGTGCAACTGTTGTGCAACAAGCTGATCAAACCAACAGATTAGATAATGTAAACTCTGTAACGCAAAGAGGAAATAATAACTACAACAATAATTTAGAGCGTGGATTGGGTTCTGGTGCT","Pf3D7_10_v3-1414599-1414832-1A.1","70C",3582,1,1
"IM-23-122-HJWU","8070934100","Maziba","Pf3D7_14_v3-120101-120365-1A","TTTTACAACATTATTTTTTTCTTCCTCCTCAGATAAAATAGGTACACATATCGCGTCCTTATCACATCCTCCATTGTTTACCTTACAATGTTCTTCGCATTCGAAATTTTTTTCAGGATTACTTGAAAAGCCTTCTGGACAATTACAATATTCATATCCATGAGTATTCTTACAAACACCTTTTCCACAATTTAAAA","Pf3D7_14_v3-120101-120365-1A.2","13+9N106+9N",2,0.00351493848857645,2
"IM-23-122-HJWU","8070934100","Maziba","Pf3D7_12_v3-233418-233671-1A","CAAAAATATCATTCCCCAAATTTGTACTACTAATTGTTCCAATAGTTCCTATAGTTGTGGTAATTTGCTCATATGTCTTTTTTCCTAAAGATTTATTAGACACATTTGAAGGATCATTATTTTGTTCCAAATTCTTGGGCACAGTATTATTACATGAGAATAATGAAAAGTTATTATCATAATTCTTTTGTT","Pf3D7_12_v3-233418-233671-1A.1","77+8N",1429,0.995125348189415,2
"IM-23-122-HJWU","8070934100","Maziba","Pf3D7_14_v3-1166107-1166371-1A","TTTTTGAATTATTAAATATATCTTCTATAAAAAAAGAATATCAAGCTATACATAACAATAAGTATTTTTTATGGAATATGGATGCAAATTTTTTTACTATAAAAAATCATCATAAGGATAATAAGGATAACAATGATGAAAATGTGAATGTAATAATACAACAAAATAATTTAGTTCTCGAAAAATATGATCATTTAATAGA","Pf3D7_14_v3-1166107-1166371-1A.6","28+9N64+8N87A88+9N100+8N",361,1,1
"IM-23-122-HJWU","8070934100","Maziba","Pf3D7_14_v3-2020604-2020849-1A","CAAGAACATGAATATTTCTGTAAATACATAGACAAGTCCTCATTATGTCTTATCACAGGGTGCTCTTCTTTAATATGACAATATAATTTTATATGTTTTATTATTTCTTGATGAATTTCACATAATAAAAATAATGTGTGATTCATATGTTGACTACCCAATATAGAAAAGCCACTAACTAATTG","Pf3D7_14_v3-2020604-2020849-1A.1","65+8N",1580,1,1
"IM-23-122-HJWU","8070934100","Maziba","Pf3D7_14_v3-2260533-2260765-1A","AATAACCATCAAATACAAACTCAACCAACAAATACAGTACAATATATTCAACCAAATTATGAACAAGTCATAACACAAGTAGATCAAAATGGTAATCTATTCAATCAACAGCTTGTAGGAAGTACAGTAATGCAAAATATGACACCACAAGGTGTAAACACGTTAAATTATCCTGCAACG","Pf3D7_14_v3-2260533-2260765-1A.1","91G",2419,0.995883079456567,2
"IM-23-122-HJWU","8070934100","Maziba","Pf3D7_12_v3-1959644-1959891-1A","ATGGGAAGACGATAAGAGAAGAGAAATTAATTTCTGAGGGAGCGTATTCATTTGTTTATATGGCGAAGGATTTAAACACGAATCGAGCTTATACTATAAAGAAGACCATATGTCAAGATAAAGAGAAAATAGATATGGCGAATAAAGAAATCAACATTCTTAAAAGTTTACCTCCACATAAAAATATA","Pf3D7_12_v3-1959644-1959891-1A.2",".",548,0.499089253187614,2
"IM-23-122-HJWU","8070934100","Maziba","Pf3D7_07_v3-404325-404590-1B","GAAACACAAGAAGAAAATTCTATCATATTTAATCTTGTCTTAATTAGTGCCTTAATTGTAAGAAAACAAAATATATAAATAAATAAATATATATATATATATATATATATATATATATTGTAATATTTAATATATATTAACACTTAAACTTTGTTTTTATTATATTAATTTATATTCTTTATCATTTTTTTTTTTTTTTTTCCTTCTTTTTTT","Pf3D7_07_v3-404325-404590-1B.83","71+40N176+19N198+8N",2,1,1
"IM-23-122-HJWU","8070934100","Maziba","Pf3D7_05_v3-796518-796759-1A","TGGTTCTTCAATTATTCATATAAGTTCTTTATTAGTAGGTGTATATTTATGTAGTAGTAGTGCAAATGCATTTAATCAAATTATTGAAAGAAATATAGATAAGTTAATGAAAAGAACCCAAAAAAGACCCTTAGCAAATAATAATCCAAATATGTCAGTTAAGCATGCTGAAATAT","Pf3D7_05_v3-796518-796759-1A.3","14A119+8N163G",1537,1,1
"IM-23-122-HJWU","8070934100","Maziba","Pf3D7_12_v3-2092529-2092798-1B","AGTTGAAGGGGGAGGAATGATCGGAGTTATCAGATTAGAAAATCAAGTGAGAAATCCCCCTGTAATAAAATTGAAGAGTCATACATCTCCCATCCTTGATTTGTCATTTAACCCGTGTTATAGTGAGATATTAGCTTCATGTTCAGAAGATATGTCTATAAGAATATGGGAGATACGTCATGAGGATGAGAATGTGAATGAGGTA","Pf3D7_12_v3-2092529-2092798-1B.1",".",905,1,1
"IM-23-122-HJWU","8070934100","Maziba","Pf3D7_12_v3-233418-233671-1A","CAAAAATATCATTCCCCAAATTTGTACTACTAATTGTTCCAATAGTTCCTATAGTTGTGGTAATTTGCTCATATGTATTTTTTCCTAAAGATTTATTAGACACATTTGAAGGATCATTATTTTGTTCCAAATTCTTGGGCACAGTATTATTACATGAGAATAATGAAAAGTTATTATCATAATTCTTTTGTT","Pf3D7_12_v3-233418-233671-1A.3","77+8N",7,0.00487465181058496,2
"IM-23-122-HJWU","8070934100","Maziba","Pf3D7_12_v3-2092654-2092884-2","GAGATATTAGCTTCATGTTCAGAAGATATGTCTATAAGAATATGGGAGATACGTCATGAGGATGAGAATGTGAATGAGGTAAAGGATCCTTTATGTATATTAAATGGTCATAAGAAAAAAGTAAATATATTATCATGGAATCCTATGAATTATTTTATATTATCATCT","Pf3D7_12_v3-2092654-2092884-2.1","114+8N",3568,1,1
"IM-23-122-HJWU","8070934100","Maziba","Pf3D7_14_v3-137398-137668-1A","ACCATTCATATTTTCTAGGTTTGTTTAACCAATTACATATATATAATATATTACAAAATAATTGTTTTAATAATATATGTTTAGTTAATATTAATTCAATACTACTTAATTTATTTCTTATATTTTTTAAAAGATCTTCATAAACAAAATCAAAATTATCTATTAATAATAAATAACCAAATCTTTTATGTACATTTTTTATTC","Pf3D7_14_v3-137398-137668-1A.2","122+8N194+8N",92,1,1
"IM-23-122-HJWU","8070934100","Maziba","Pf3D7_14_v3-106867-107115-1A","AATGACATGAACAAGTCAGGCGAAAAAGAGGAACATGTTATAAATAGTAAATGGAAAAATAAATTTTTCCATGAAGTTATACAAAATATGTTATATGATGATAATATAAATGATCATAAAGAAGAAATTAAGGAAGATAATTCTAATGAATATAATATCAATAATAAAAATGATAATTTATATGATATA","Pf3D7_14_v3-106867-107115-1A.2","120A",371,1,1
"IM-23-122-HJWU","8070934100","Maziba","Pf3D7_14_v3-120101-120365-1A","TTTTACAACATTATTTTTTTCTTCCTCCTGAGATAAAATAGGTACACATATCGCGTCCTTATCACATCCTCCATTGTTTACCTTACAATGTTCTTCGCATTCGAAATTTTTTTCAGGATTACTTGAAAAGCCTTCTGGACAATTACAATATTCATATCCATGAGTATTCTTACAAACACCTTTTCCACAATTTAAAA","Pf3D7_14_v3-120101-120365-1A.22","13+9N30G106+9N",567,0.996485061511424,2
"IM-23-122-HJWU","8070934100","Maziba","Pf3D7_14_v3-1992121-1992370-1A","ATTAAAACATTCCAACAATTTTATTTCCTTCTTTATAAAATTATATAAATTAATTATTTTCTTTTTATCACATTCAAAGACGGCATAAGGTGCACCCCATGAACATTTTTTACTTTTGCTACCATCAGGCATAATATAAACACCAGTACCATTTTTTTCTGATAAATTAATATTTTTTTGTATAACATCATA","Pf3D7_14_v3-1992121-1992370-1A.1","105+8N151+9N172+9N",277,1,1
"IM-23-122-HMID","8073805116","Maziba","Pf3D7_08_v3-1375025-1375284-1B","CAAGTTATTATTAAATGCGGAATTATTCTATATAAAAATAAAAAAGCATTTAAAAATGAAAAAATTTATATATATACAATATATAAATATATATATATATATATATATATATTATTATTATATGTATTTTTATAATTGAATGATATATTTATTTCTATTTGCAATTAAAATGCTTACGTTATCTAACAAAAGTACGGAGGCAAAA","Pf3D7_08_v3-1375025-1375284-1B.21","39+8N58+8N67+53N",1,0.142857142857143,2
"IM-23-122-HMID","8073805116","Maziba","Pf3D7_08_v3-1386786-1387035-2","TTGTCTCCTTTGTCGCAGCATGCCTTTCATTAGCTGCTATAGCTTGTGTTATCTTAACTTCATTATAAAAAAAATATACTTCGATAAAAGGTACATATACCATGCTGGTCAATGATATTAGCATGCGACATTCTAATATATCCATTATGAACAAGGTGAACAAGAATATTGGGATTATTGAAATTGT","Pf3D7_08_v3-1386786-1387035-2.1","66+10N",1147,1,1
"IM-23-122-HMID","8073805116","Maziba","Pf3D7_08_v3-1375025-1375284-1B","CAAGTTATTATTAAATGCGGAATTATTCTATATAAAAATAAAAAAGCATTTAAAAATGAAAAAATTTATATATATACAATATATAAATATATATATATATATATATATATATATTATTATTATATGTATTTTTATAATTGAATGATATATTTATTTCTATTTGCAATTAAAATGCTTACGTTATCTAACAAAAGTACGGAGGCAAAA","Pf3D7_08_v3-1375025-1375284-1B.4","39+8N58+8N67+53N",6,0.857142857142857,2
"IM-23-122-HMID","8073805116","Maziba","Pf3D7_08_v3-1375205-1375450-2","ACAAAAGTACGGAGGCAAAAACGGCAGCGGATAATACTTTATTTTTTGAGAAGGAAACCATTTTTATTAAATAACTATATAAATAGAAAAAGAAATAATAACAAAAATGTATAAATATAATTGTATAATATATGATATATATAAAATATAGAATACTAATTTTTTGCATATACAAAAAA","Pf3D7_08_v3-1375205-1375450-2.1","41+8N159+8N173+7N",309,1,1
"IM-23-122-HMID","8073805116","Maziba","Pf3D7_08_v3-585703-585949-1A","AAACACATCATCAAAAGTTTCTGATATTGGCTTGTTTGATTCTTTATATTTAAAATCTTTATATAAATAAAATCTATCTTTCTTAAAATATGGATCTTTACGTAGTTCAATCGAATCCCTATCAGTTACAATATTTATATCTTTTAATGTTAAGTGGAAATTAGAATCAATAATAGCTA","Pf3D7_08_v3-585703-585949-1A.3","105G118C",1499,0.998002663115846,2
"IM-23-122-HMID","8073805116","Maziba","Pf3D7_08_v3-1386795-1387043-1B","TCCTTTGTCGCAGCATGCCTTTCATTAGCTGCTATAGCTTGTGTTATCTTAACTTCATTATAAAAAAAATATACTTCGATAAAAGGTACATATACCATGCTGGTCAATGATATTAGCATGCGACATTCTAATATATCCATTATGAACAAGGTGAACAAGAATATTGGGATTATTGAAATTGTCTGCATTA","Pf3D7_08_v3-1386795-1387043-1B.1","61+10N",1083,1,1
"IM-23-122-HMID","8073805116","Maziba","Pf3D7_08_v3-585703-585949-1A","AAACACATCATCAAAAGTTTCTGATATTGGCTTGTTTGATTCTTTATATTTAAAATCTTTATATAAATAAAATCTATCTTTCTTAAAATATGGATCTTTACGTAGTTCAATCGAATCACTATCAGTTACAATATTTATATCTTTTAATGTTAAGTGGAAATTAGAATCAATAATAGCTA","Pf3D7_08_v3-585703-585949-1A.4","105G",3,0.00199733688415446,2
"IM-23-122-HMID","8073805116","Maziba","Pf3D7_08_v3-550057-550318-2","ACTATTTGATATTGGATTAGGATTTGCGAAGAAACATGATCAATCTATTAAACTCTTACAAAATATACATGTATATGATGAGTATCCACTTTTTATTGGATATTCAAGAAAAAGATTTATTGCCCATTGCATGAATGATCAAAATGTTGTAATAAATACACAACAAAAATTACATGATGAACAACAAAATGAAAATAAAAATA","Pf3D7_08_v3-550057-550318-2.1",".",1078,1,1
"IM-23-122-HMID","8073805116","Maziba","Pf3D7_08_v3-585993-586266-1A","TGTAAATATAAATCATACGTATGACATGTATCATCATTTAATGCATTCTTAATTGTTAATGCTAATCTACTTACAATAATATAAGCAAAGTTTATATGAGAATGAATACCTTCTTTTCCTAAAAAGTTATAAAGACTAACAAATGGAGCATATATTATAAATTTATCATACTTTTTTTTGTGCATAACTTCATTTAATAAAATATTT","Pf3D7_08_v3-585993-586266-1A.2","29T171+10N",497,1,1
"IM-23-122-HMID","8073805116","Maziba","Pf3D7_08_v3-476232-476475-1A","CAAACACATGATAAACAAAAGTGTAAGGAAAATTTTTCAAATTCATTTGTTAATGAAATATATGAAAAAGAAGAAAAAGAAACGCAAAAAATGAAAGAATATTTAGAACAACATGAAGAACATTTTTCAACGTTTAGAAATTCAATTTTATGTAAATTAAGAATAGCTGAAGAATT","Pf3D7_08_v3-476232-476475-1A.1","85+8N",1174,1,1
"IM-23-122-HMID","8073805116","Maziba","Pf3D7_08_v3-585331-585590-1A","TGAAAACTTTTCATGTACGGTTAATAAACAAAATAATTCTGAATTATATATAAGTAAAACTTCTTCTACATCTCTAAATTTATGCATTGTAGCTCTTTTAATATAATAAGGCAAATATTTTACAATATATTTTTGTTTAAAAAAACCTTGATGACCAACATTAATATCTTCCATTTTGGAAAAGGTTCCACTTAACG","Pf3D7_08_v3-585331-585590-1A.2","102T138+9N",701,1,1
"IM-23-122-HMID","8073805116","Maziba","Pf3D7_09_v3-685560-685825-1A","GAACCAAACAACGACAAAGGAACAAGATAATTTTTTCAATTTTTATAAAAGTAATATATATGATATGGAAAATAGAACCTGTAATAATAATATATTACAATATTGTGTTATGAATAATAAATCATATTTATTTCATAATATATCATCCAAAAAAAATATATATATAAAAAAAAAGAATCATCAGTTTTCTTTATTCATATATT","Pf3D7_09_v3-685560-685825-1A.4","30+8N38A148+10N165+11N",20,1,1
"IM-23-122-HMID","8073805116","Maziba","Pf3D7_09_v3-82006-82236-1A","TTTATCATCTTTAGGCCATAACCAGAGTACAAGCAATCCAACTATAACAATTGTAATTAACATTATAAATACTGTAATACCATAAACACTACCAGAAGCGATCAGAAATGCACTAAAAGTATAACAACATTCACTTAGAATAAGAGTAGCGATAAAACTAAAAATAGC","Pf3D7_09_v3-82006-82236-1A.10","95G",5580,0.999641705481906,2
"IM-23-122-HMID","8073805116","Maziba","Pf3D7_09_v3-82006-82236-1A","TTTATCATCTTTAGGCCATAACCAGAGTACAAGCAATCCAACTATAACAATTGTAATTAACATTATAAATACTGTAATACCATAAACACTACCAGAAGCGATCAGAAATGCACTAAAAGTATAAGAACATTCACTTGGAATAAGAGTAGCGATAAAACTAAAAATAGC","Pf3D7_09_v3-82006-82236-1A.4","95G125G137G",2,0.000358294518093873,2
"IM-23-122-HMID","8073805116","Maziba","Pf3D7_10_v3-1386657-1386909-1A","CGATTTTGGTAGAGAACAGGTTAAATATATTGAAGACGTGGTTTGATAATCAGGTATTTCTTTAATTAAATATTCATGATATTGTTCGTTAGATACATAAATTAATTCATCCTCCACATTTTGCTGTTCTGTTATAATTTGTGAAGAAGCTTGGTTTGTTTTATTTGGTAATTGCTCTTTTATGA","Pf3D7_10_v3-1386657-1386909-1A.2","13A109A160T",1584,0.997481108312343,2
"IM-23-122-HMID","8073805116","Maziba","Pf3D7_08_v3-336421-336651-1A","TAACAACGAACCCATAAATTTACAGAAAAATTTAGATTTAATCATATGGCTAAAAAAGAATATAAAAGAAGGAGAAGCTTTAATTTCTGATATACCCACATCAAGTTTTTTAAGGTGTACTACAAATTATAAATTTGTATTGCATCCACAATATGAAGATAGT","Pf3D7_08_v3-336421-336651-1A.1","51+8N105+8N",2872,0.999651931778629,2
"IM-23-122-HMID","8073805116","Maziba","Pf3D7_08_v3-336421-336651-1A","TAACAACGAACCCATAAATTTACAGAAAAATTTAGATTTAATCATATGGCTAAAAAAGAATATAAAAGAAGGAGAAGCTTTAATTTCTGATATACCCACATCAAGTTTTTTAAGGTGTACTACAAATTATAAATTTGTATTGCATCCCCAATATGAAGATAGT","Pf3D7_08_v3-336421-336651-1A.4","51+8N105+8N148C",1,0.000348068221371389,2
"IM-23-122-HMID","8073805116","Maziba","Pf3D7_08_v3-399693-399961-1A","CTTTTCTTCACCTTGGTTTATTACATTATTATTTTCATCATTGTGTTGAATGTCCTTATAAATATGTTCATTAATAATATCTTTGGAAGTATCTTCCATATTTTCTTCTTTATCAATTTTAAATACTTTTTCATAACTTTCATTTTCTTTTTTCTCCTTGGATGTTTCTAATTTATTCTCGTCATTTTTATCAAAATTATTTTTATAACTTTCA","Pf3D7_08_v3-399693-399961-1A.1","147+8N",491,1,1
"IM-23-122-HMID","8073805116","Maziba","Pf3D7_08_v3-412801-413062-1A","ATGAAGAAATATACGAATATATACTTATAAACGATATTTTTAATTTAAAAAAAGAAATAAAAAATTTCAATATATTAAATAAATATGATGTATTTGAATATATTATTATTATTTTAAAATTGTATGATAAAATATATCCTGATGCAAAGTACATCGAATGTGTACGAGAAACATCACAGAATGGTGACCTTTTA","Pf3D7_08_v3-412801-413062-1A.1","46+9N58+8N101+13N188C190T",94,1,1
"IM-23-122-HMID","8073805116","Maziba","Pf3D7_11_v3-1295103-1295335-1A","ACTACTGCTTTGTCCCATCCCAACGAAGTTGAACACAATTTTCCATGTTCATTATATAAAGATGAAATAAAGAAAGAAATCGAAAGAGAATCAAAACGAATTAAATTAAATGATAATGATGATGAAGGGAATAAAAAAATTATAGCTCCAAGAATTTTTATTTCAGATGATATA","Pf3D7_11_v3-1295103-1295335-1A.2","23A34C71A132+9N173T",5778,1,1
"IM-23-122-HMID","8073805116","Maziba","Pf3D7_08_v3-549583-549807-1B","ACGTGCTGTTCAAAGAATGTTTGAAATGATAAATGAAGGTGCTAGTGTTATAGATATAGGTGGAGAATCCTCTGGTCCTTTTGTTATACCTAATCCAAAAATTAGTGAAAGAGATTTAGTAGTACCTGTATTACAATTATTTCAAAAAGAATGGAATGATATAAA","Pf3D7_08_v3-549583-549807-1B.1",".",4144,1,1
"IM-23-122-HMID","8073805116","Maziba","Pf3D7_08_v3-549960-550215-1B","GATGAACTAACAAATTATGATAATCTAGTTTATGATATAAAAAATTATTTAGAACAAAGATTAAATTTTCTTGTATTAAATGGAATACCTCGTTATAGGATACTATTTGATATTGGATTAGGATTTGCGAAGAAACATGATCAATCTATTAAACTCTTACAAAATATACATGTATATGATGAGTATCCACTT","Pf3D7_08_v3-549960-550215-1B.1","4G38+8N",577,1,1
"IM-23-122-HMID","8073805116","Maziba","Pf3D7_14_v3-2004362-2004606-1A","TATTTCCATATTATTGTAATAGGGCTTTTTCTTGCTCTTCTAATTTTTGTATATCTTGCTTATCCTTATCTAATTGTCCAAGAGCATCTAATTCATCATCTACATTTATTTTATTTTCTTGAGAATATTCTTCAATTTTGTCTTCGAAACTGTTATATAATCTATTTATAATTGGTTG","Pf3D7_14_v3-2004362-2004606-1A.4","88C98A",625,1,1
"IM-23-122-HMID","8073805116","Maziba","Pf3D7_11_v3-1018781-1019053-1A","TTTTTGATTCATATCATTATCATAATTATATATATATTGATCTCTGTCTATATGGGGAGCAAAAAAATATAAAGGATGTTGTGTTAAGGCTAATAATAATTCTGTAGCTATACTACTACTTATGTTACTTATACCACATCTAGTGACTGTACATTTTTCATCTAATGTTCTATAGGATAAAGAATCTGAAGGACAATGCATATCAT","Pf3D7_11_v3-1018781-1019053-1A.2","60+9N",99,1,1
"IM-23-122-HMID","8073805116","Maziba","Pf3D7_11_v3-1019050-1019319-1A","TCAAAACTTATTGCTACCGTAATACCTAAAGGAGGCATTTTACATAATCTTTTTACACTCGTAAGAATATTATTATAAAAGATTTCTTGATATCTATCATACATATGAATATTATTTAGAGATTTATATATATTATTATTTTGTTCATATAATAATATATTATTTAAAGACTTATCCATAATTTTTGTACATTTTATATTTTCTATA","Pf3D7_11_v3-1019050-1019319-1A.1",".",81,1,1
"IM-23-122-HMID","8073805116","Maziba","Pf3D7_11_v3-1127074-1127316-1A","AACATTTTAATAGTCCTAATTTCGAAAATATGATGAAAGGAGTTTTTGGAATTATTCAAAATCCTTTTGAAAATGGCCAACCCACTTTCCCATTCTTTAAAAATATTAATTCGATCTCTGGAATCGGTAATGTTGATATCCCCAAAAATTTTATGAATGATTTTTTGAATAATGGAAATGATCAAAACA","Pf3D7_11_v3-1127074-1127316-1A.2","160+8N",1754,0.996590909090909,2
"IM-23-122-HMID","8073805116","Maziba","Pf3D7_11_v3-1127074-1127316-1A","AACATTTTAATATTCCTAATTTCGAAAATATGATGAAAGGAGTTTTTGGAATTATTCAAAATCCTTTTGAAAATGGCCAACCCACTTTCCCATTCTTTAAAAATATTAATTCGATCTCTGGAATCGGTAATGTTGATATCCCCAAAAATTTTATGAATGATTTTTTGAATAATGGAAATGATCAAAACA","Pf3D7_11_v3-1127074-1127316-1A.1","13T160+8N",6,0.00340909090909091,2
"IM-23-122-HMID","8073805116","Maziba","Pf3D7_11_v3-115913-116184-1A","ACCTCCAGATGTTATAAATATTATATTATCATCATCATTTGGAAGGAAATTCTCCTCTAATGTTTTTAATATTTCATCTATATTTTTAGGTCTCAATTTACTATTGAAAAATTTTGAATACTTCAAAAAATAATCATCATCTTTTACATTACATATATTATCATTATTTTCATTTTGTTTTAGTAGTTCATCTTTTTTATTATC","Pf3D7_11_v3-115913-116184-1A.1","7A124+8N197T",138,1,1
"IM-23-122-HMID","8073805116","Maziba","Pf3D7_10_v3-1386657-1386909-1A","CGATTTTGGTAGGGAACAGGTTAAATATATTGAAGACGTGGTTTGATAATCAGGTATTTCTTTAATTAAATATTCATGATATTGTTCGTTAGATACATAAATTAATTCGTCCTCCACATTTTGCTGTTCTGTTATAATTTGTGAAGAAGCTTGGTTTGTCTTATTTGGTAATTGCTCTTTTATGA","Pf3D7_10_v3-1386657-1386909-1A.1",".",4,0.00251889168765743,2
"IM-23-122-HMID","8073805116","Maziba","Pf3D7_10_v3-1392371-1392620-1A","TGATGAAAATGATGATTCCCTTATTTCTAATTCTTTAGTACCCGAAACAAGTTACAATCAAGATTACTCTTTATACACTATTAATATTTTGAATGGACTTCCTGATAAAGAAAGTAATATGAAAAATATTGATTTAGAAAAATTTAAAGATACTTCAATACATACAAAGGAAGAGGGACCCATTGTA","Pf3D7_10_v3-1392371-1392620-1A.2","106+9N",880,1,1
"IM-23-122-HMID","8073805116","Maziba","Pf3D7_10_v3-1414337-1414596-1A","GACCTGAATGGAAAGGCCAATGTGATAAATTTGAAAAAGAAAAAAGTAAATATGAAGATACTAAAAGTATAACTGCTGAAAAATATTTAAAAGAAATATGTTCTGAATGTGATTGTAAATATAAAGATTTGGATAATACATTTAAAGAATTTAAAGATAACGTTACACTTCTTAAAGCAGTAATTGATAACAAA","Pf3D7_10_v3-1414337-1414596-1A.2","39+8N",1124,0.999111111111111,2
"IM-23-122-HMID","8073805116","Maziba","Pf3D7_10_v3-1414337-1414596-1A","GACCTGAATGGAAAGGTCAATGTGATAAATTTGAAAAAGAAAAAAGTAAATATGAAGATACTAAAAGTAGAACTGCTGAAATATATTTAAAAGAAATATGTTCTGAATGTGATTGTAAATATAAAGATTTGGATAATACATTTAAAGAATTTAATGATAACGTTACGCTTCTTAAAGCAGTAATTGATAACAAA","Pf3D7_10_v3-1414337-1414596-1A.5","17T39+8N70G82T155T167G",1,0.000888888888888889,2
"IM-23-122-HMID","8073805116","Maziba","Pf3D7_10_v3-1414599-1414832-1A","ATCTAGATCAACGAGGGAATATAACAACATCTCAAGGAAATTCACACCGTGCAACTGTTGTGCAACAAGCTGATCAAACCAACAGATTAGATAATGTAAACTCTGTAACGCAAAGAGGAAATAATAACTACAACAATAATTTAGAGCGTGGATTGGGTTCTGGTGCT","Pf3D7_10_v3-1414599-1414832-1A.1","70C",8787,1,1
"IM-23-122-HMID","8073805116","Maziba","Pf3D7_10_v3-992331-992603-1A","TCATTATATTTTTAAAAAAAAAAATTATGATATAAAATCTTCAATTAATAAAAGATCTATCCAGTTCTTTAAAGACACTAATATAGATCATTATATAGCATATGAATATTATAAGGAGGACCGTACAGAATTTATATTAACTATTATGAATGAAAAAAATATTACTCATCAAGAAACTCAAAGTCTTGAAATGAAAAAGTTGAAAG","Pf3D7_10_v3-992331-992603-1A.3","13+13N127A152+9N",286,1,1
"IM-23-122-HMID","8073805116","Maziba","Pf3D7_10_v3-992596-992869-1A","GAAAATAATAAAATGCACAGTATCAATTCTGATAGAAATAAAAATGATTATATTCCATCTTCCTATTTACATACAATATATAAAACATTTAGCGAACATATAAACCGAGATAATGGAAATATTTATGATGATGAAAAAAAAAATTTATATGATGGAACTGTTTTTTATATAGAAACATTAAACGAATTAAGAATTATAAATATATTATTTTCA","Pf3D7_10_v3-992596-992869-1A.1","133+12N160+8N",43,1,1
"IM-23-122-HMID","8073805116","Maziba","Pf3D7_11_v3-1006693-1006917-1A","GTGGGGGAGAGAATTTTACCTTGATATGCTCCCATGTTTTATCCTTTATACAATACATATAAGTGTCATTGGTAATATATGACCCTCTTTTACCTCCGTAAAGAAATAAACAATCTTCTTTTTTTTCAGTGGAGTAAATTAAATTTAATTTTGCAAAATAGCGTGG","Pf3D7_11_v3-1006693-1006917-1A.1","118+10N",3835,1,1
"IM-23-122-HMID","8073805116","Maziba","Pf3D7_14_v3-1992121-1992370-1A","ATTAAAACATTCCAACAATTTTATTTCCTTCTTTATAAAATTATATAAATTAATTATTTTCTTTTTATCACATTCAAAGACGGCATAAGGTGCACCCCATGAACATTTTTTACTTTTGCTACCATCAGGCATAATATAAACACCAGTACCATTTTTTTCTGATAAATTAATATTTTTTTGTATAACATCATA","Pf3D7_14_v3-1992121-1992370-1A.1","105+8N151+9N172+9N",201,1,1
"IM-23-122-HMID","8073805116","Maziba","Pf3D7_01_v3-145388-145662-1A","GATATGTTTAAATATATGATTCTCGAAAAAACTTTTTTTATTTTTTTTGTCAATAGATAAATGATCAATATTTTCTATATTTAATCTATCAAGAATTTTTATATATCTATTATTTCTTTCTTCGATGGATAAATTATAAGAATCAATATCCTTTCTTTCATCAACAAACTTTTTTATTGTTAACTCCATTTTTTTATTTAAGATACCA","Pf3D7_01_v3-145388-145662-1A.4","25+25N94A169+8N188+9N",88,1,1
"IM-23-122-HMID","8073805116","Maziba","Pf3D7_01_v3-162867-163115-1A","ATATACCAATAATACTTTTTTTTTTAAATAATGTAAAAAATGATTTATATAATTGTTATAAACAAATGATCACATATCATAATAATAATAATAATATGCTAAATCATAACTCTAATATTTTATCAAAAGAAAATGAAAAAAAACAACCTTTTTCAACATATAATATATCAAATCTTTGTTCTCCTGACCAAATGGTGATAAATAAAAA","Pf3D7_01_v3-162867-163115-1A.4","15+12N34+8N91I=ATAATA92G129+10N",861,1,1
"IM-23-122-HMID","8073805116","Maziba","Pf3D7_14_v3-2020604-2020849-1A","CAAGAACATGAATATTTCTGTAAATACATAGACAAGTCCTCATTATGTCTTATCACAGGGTGCTCTTCTTTAATATGACAATATAATTTTATATGTTTTATTATTTCTTGATGAATTTCACATAATAAAAATAATGTGTGATTCATATGTTGACTACCCAATATAGAAAAGCCACTAACTAATTG","Pf3D7_14_v3-2020604-2020849-1A.1","65+8N",6,0.00370141887723627,3
"IM-23-122-HMID","8073805116","Maziba","Pf3D7_14_v3-2020604-2020849-1A","CAAGAACATGAATATTTCTGTATATACATAGACAAGTCCTCATTATGTCTTATCACAGGGTGCTCTTCTTTAATATGACAATATAATTTTATATGTTTTATTATTTCTTGATGAATTTCACATAATAAAAATAATGTGTGATTCATATGTTGACTACCCAATATAGAAAAGCCACTAACTAATTG","Pf3D7_14_v3-2020604-2020849-1A.4","23T65+8N",2,0.00123380629241209,3
"IM-23-122-HMID","8073805116","Maziba","Pf3D7_11_v3-119432-119705-1A","CTCCTTTATATTCATCAAGAAATTTCATCCAAGAGTAATTATGTTTTTCTTGTTGATATTTTGCTTTATACAAACGAGCAAGATACTTATTATACGATTCATGCTCTTTAATTTTCTTTTCAAAAGTTTTGGTTATAATGTGTTGAAGTGATTGTAAAGTATTTTTCTTTAATTTTCTCCATATTAATCTACATGCGATTATAAGAA","Pf3D7_11_v3-119432-119705-1A.5","89A145G",357,1,1
"IM-23-122-HMID","8073805116","Maziba","Pf3D7_11_v3-1293919-1294168-1A","TCCATATCAAAAAAGTGATGTGTATCATCCAATCAACGAACATAGGGAACATCCAAAAGAATACCAATATCCATTACACCAGGAACATACATACCAACAAGAAGATTCAGGAGAAGACGAAAATACATTACAACACGCATATCCAATAGACCACGAAGGTGCTGAACCCGCACCACAAGAACAAAATTTAT","Pf3D7_11_v3-1293919-1294168-1A.4","13A27A65C163T",1406,0.997163120567376,2
"IM-23-122-HMID","8073805116","Maziba","Pf3D7_11_v3-1293919-1294168-1A","TCCATATCAAAATAGTGATGTGTATCGTCCAATCAACGAACATAGGGAACATCCAAAAGAATACGAATATCCATTACACCAGGAACATACATACCAACAAGAAGATTCAGGAGAAGACGAAAATACATTACAACACGCATATCCAATAGACCACGAAGGTGCTGAACCCGCACCACAAGAACAAAATTTAT","Pf3D7_11_v3-1293919-1294168-1A.19","163T",4,0.00283687943262411,2
"IM-23-122-HMID","8073805116","Maziba","Pf3D7_11_v3-1294664-1294910-1A","AAAAGATAAATCATTTCAAAACTATACATATTTAAGTAAAAATGTAGTTGATAACTGGGAAAAAGTTTGCCCTAGAAAGAATTTAGAGAATGCAAAATTCGGATTATGGGTCGATGGAAATTGTGAAGATATACCACATGTAAATGAATTTTCAGCAAATGATCTTTTTGAATGTAATAAATTAGTTTTTGAATTG","Pf3D7_11_v3-1294664-1294910-1A.10","9A40A86G152T159A",3289,0.998179059180577,2
"IM-23-122-HMID","8073805116","Maziba","Pf3D7_11_v3-1294664-1294910-1A","AAAAGATAAATTATTTGAAAACTATACATATTTAAGTAAAAATGTAGTTGATAACTGGGAAGAAGTTTGCCCTAGAAAGAATTTAGAGAATGCAAAATTCGGATTATGGGTCGATGGAAATTGTGAAGATATACCACATGTAAATGAATTTTCAGCAAATGATCTTTTTGAATGTAATAAATTAGTTTTTGAATTG","Pf3D7_11_v3-1294664-1294910-1A.12","9A12T17G40A62G86G152T159A",6,0.00182094081942337,2
"IM-23-122-HMID","8073805116","Maziba","Pf3D7_14_v3-137398-137668-1A","ACCATTCATATTTTCTAGGTTTGTTTAACCAATTACATATATATAATATATTACAAAATAATTGTTTTAATAATATATGTTTAGTTAATATTAATTCAATACTACTTAATTTATTTCTTATATTTTTTAAAAGATCTTCATAAACAAAATCAAAATTATCTATTAATAATAAATAACCAAATCTTTTATGCACATTTTTTATTC","Pf3D7_14_v3-137398-137668-1A.1","122+8N191C194+8N",47,1,1
"IM-23-122-HMID","8073805116","Maziba","Pf3D7_14_v3-1392837-1393086-1A","ACATGTATTGTCCCCAGCATGAATCGGGTGATAAATATTATCAAGCGTATCAAAAAATGGATTGTAATTATTACTACTATTCATATCATTATTTTTTGTGGTGGTGGACTGTGAAATGTTTTCCTTATGATTTTGACTTGTGTGTATATCCCTACCAACAACATATTCAACATTATTATTATCAAAAA","Pf3D7_14_v3-1392837-1393086-1A.2","51+8N91+8N",1402,1,1
"IM-23-122-HMID","8073805116","Maziba","Pf3D7_14_v3-1956056-1956330-1B","CTAATTTTTTTTCTCCACTTTGTAATTTTTATTGTTGAATATATATATAAAGTTAAACCTATAAATAATACACTACCTAATAAACTATTCTTATATTTAAAAATAAATATAATACATGTTATTAATCCTTCTATTGTTGCCGGAATAATATACATTAAAACAGAACTCATCAAATTATTAGCACTCTCGGTACCTCTATCAACTATTCTCA","Pf3D7_14_v3-1956056-1956330-1B.2","4+10N",235,1,1
"IM-23-122-HMID","8073805116","Maziba","Pf3D7_09_v3-270915-271160-1A","CTTTGTATGTATTATCTGTTGTTTTATCTTCACCTTGATTTCCTGTACTTGTAGATTCAGTAGATGGACCTTCAGAACCTGCTAATTCATCACTAGTAGATGCAGCACTTGTACTTTTAGATTGTTCTTTTAATGGTCCCATATATTTGTATAATTCTATTTCTAAATCTTGATCCTTGGTTTTTTCTTCTAA","Pf3D7_09_v3-270915-271160-1A.1","82C85A180+8N",2158,0.999074074074074,2
"IM-23-122-HMID","8073805116","Maziba","Pf3D7_09_v3-516735-517007-1A","ATAGAAGGATATATAAAAAATTATCAAGAATCATATAATATAAATGACCATTGTAAATTAGTTCCATTAAATTTTTATAAAGATTCTATTTCTAATGATTTAGGTACTCCATGCCCTGTGAATAGTATTACCTTAAATGTGGGCGCAAAAACTATAAATGAATGTTTGTGTAATAAAGGATATTTCTATAATGTCAAGAAACAACAATGTAA","Pf3D7_09_v3-516735-517007-1A.2","14+8N211A",186,1,1
"IM-23-122-HMID","8073805116","Maziba","Pf3D7_09_v3-595828-596094-1A","ATAATTTTTTCATCGTTCTTATACATTAATGATAAAGTCTTTTTGCAAAATTTTTTGAAGAGATCAGATTTGAGATAAAGACGTTTGGCTAATTTATAGGAGAATTCTAGAGCATCTAATTTTATATTTAAACATTTTTTCGTATCCAATATATTATAATTTTGTTCATAAGTCTGTTCGTTTATATTATTTAATACTTTT","Pf3D7_09_v3-595828-596094-1A.12","4+8N50+8N99G108T134+8N180G",312,1,1
"IM-23-122-HMID","8073805116","Maziba","Pf3D7_14_v3-294506-294753-1B","AATTTAGATGTTATCAAAGTCCCATTCTTACCTTTCTATGTAACTCTTTGTAACAACAGCAAATTACCAACTTTTGAATTTACCTCAGAAAATGGTAAATACACATTAGAACCTGAATACTACCTTCAACACATAGAAGATGTTGGTCCAGGATTATGTATGCTTAATATCATAGGATTAGATTTTCCAGT","Pf3D7_14_v3-294506-294753-1B.1",".",2788,1,1
"IM-23-122-HMID","8073805116","Maziba","Pf3D7_14_v3-297583-297856-1B","AGGAGGTTTTTCTTATTATATTTTTGAAAATTTCGTTTTTCAAAAGAACCGTAAAATTAATCACATAATTAAGACTTCAAAATATTCGACAGTAGGATTTAATATTGAAAATTCTTATGATAGACTTATGAAAACAATTAAAGAGCATAAATTAAAAAATTATATAAAAGAATCAGTAAAACTTTTTAATAAAGGTTTAACCAAAAA","Pf3D7_14_v3-297583-297856-1B.1","153+8N",161,1,1
"IM-23-122-HMID","8073805116","Maziba","Pf3D7_14_v3-298368-298636-1B","ACGATTTAATGTGGCAAGTTGATTTAGATGTACATTTTGGTAATGTATCTTCCAAAAAAGCAAACGTTATTTTAGATAGTGCCACCAGTGTCATAACTGTACCAACAGAATTTTTTAATCAATTCGTAGAATCTGCAAGTGTTTTCAAAGTTCCATTCTTATCTTTGTATGTAACCACTTGTGGTAACACGAAATTACCAA","Pf3D7_14_v3-298368-298636-1B.1","53+8N110+8N",471,1,1
"IM-23-122-HMID","8073805116","Maziba","Pf3D7_14_v3-3124416-3124655-1A","TAATTGATCTTCTAGAGGATTTAGATATTTTGTCTATATCGAATAAAGATGAAGTAGAAAAACGAAGAAAGAAAACAACTCAAGAGACGCGGTTGTTAGGAAATATTGATTTAGGATATGGAAAATTAGGAGAGGGAATAAAGCATGAAAATTTACAGGAAGAATTAGGAAACAGATTATTTG","Pf3D7_14_v3-3124416-3124655-1A.3","20T72A",4963,1,1
"IM-23-122-HMID","8073805116","Maziba","Pf3D7_14_v3-3125801-3126073-1A","ATTCTTATAATATTTAAGAATGAAGGGATTAAATATTTACATTTTAGCGACGATACTCTGAAATATGTTAATTTTAATTATCCTGATTTTAACTTATATAAATGTATGAATTTATATAAGAAAAATTATGTTGATAGGGATGAGAAAGATATCTGTGATTTTTCAAATGAAGATATTCCGTTAATAAAAGAAAATAACAAGAGAATCAG","Pf3D7_14_v3-3125801-3126073-1A.7","51C175A",125,1,1
"IM-23-122-HMID","8073805116","Maziba","Pf3D7_14_v3-3214249-3214516-1A","TAAATAAAAAAGGATTAGATGATTTAATAAAAGATTTGTTAAAATATTTTCCAAAGAATTCAATTAGCGATCGTTTTGAATTGTTAGAATTTAAAATGACGGAGGATTGTTATACAAAAATGTGGTTTGATTTTATGAGTGATTTTGGAATAGCTACAATGAATGAAACCGAACATACTAGATCTTTTTATGGCTTAATCGAA","Pf3D7_14_v3-3214249-3214516-1A.1","5+8N194C",1067,1,1
"IM-23-122-HMID","8073805116","Maziba","Pf3D7_08_v3-1344618-1344845-1A","TATCTTTTCCATATATAATAACGCATGAATTCTTTAAATATATCTTTTACTTTATCTGTAAGTTTCATGGAATCTATTATTTCATGTGCATATTTTATTTTTGCCTCGTTTATATATTTACCTGCTTCTAATTTACATAAACATTTTTCTATTAAGTTTTG","Pf3D7_08_v3-1344618-1344845-1A.1","128C",6,0.00189393939393939,2
"IM-23-122-HMID","8073805116","Maziba","Pf3D7_08_v3-1344618-1344845-1A","TATCTTTTCCATATATAATAACGCATGAATTCTTTAAATATATCTTTTACTTTATCTGTAAGTTTCATGGAATCTATTATTTCTTCTGCATATTTTATTTTTGCCTCGTTTATATATTTACCTGCTTCTAATTTACATAAACATTTTTCTATTAAGTTTTG","Pf3D7_08_v3-1344618-1344845-1A.7","84T86C128C",3162,0.998106060606061,2
"IM-23-122-HMID","8073805116","Maziba","Pf3D7_08_v3-1365709-1365954-1B","ATTTTCATCTTGTAATGTGTTTTTAACATTATAGCAGTAATTTTCTAGGTTGTTTCTTGCTTCAATTCTATTTTTATTTTGTTCATCCTCTTCTTTATATTTTTCTGCATCATTTACCATACGATCGATATCATCTTTTGATAATCTTCCTTTATCATTTGTAATAGTAATTTGGTTTTGT","Pf3D7_08_v3-1365709-1365954-1B.1",".",929,1,1
"IM-23-122-HMID","8073805116","Maziba","Pf3D7_08_v3-1365750-1365999-2","TTTCTAGGTTGTTTCTTGCTTCAATTCTATTTTTATTTTGTTCATCCTCTTCTTTATATTTTTCTGCATCATTTACCATACGATCGATATCATCTTTTGATAATCTTCCTTTATCATTTGTAATAGTAATTTGGTTTTGTTTACCAGTACCTTTATCTAATGCTGTTACATTTAGGATACCATT","Pf3D7_08_v3-1365750-1365999-2.1",".",1435,1,1
"IM-23-122-HMID","8073805116","Maziba","Pf3D7_08_v3-1366575-1366822-2","TTTAGCTTTTTCACATTGTGTTCTTAATCTTCTTAATGATTTTGAATTTTTGGAAACATCTTTACCTCCATTTTTTTTTTTAAAATCTTGTACACAGAAGTTTACTAATTTATTATCAAAATCTTCTCCTCCTAAATGTGTATCTCCTGAGGTAGCTTTAACTTCAAAAATTCCATCTTCAAGTGTTAATAAGG","Pf3D7_08_v3-1366575-1366822-2.1","70+13N",1830,1,1
"IM-23-122-HMID","8073805116","Maziba","Pf3D7_08_v3-1366626-1366856-1B","CTTTACCTCCATTTTTTTTTTTAAAATCTTGTACACAGAAGTTTACTAATTTATTATCAAAATCTTCTCCTCCTAAATGTGTATCTCCTGAGGTAGCTTTAACTTCAAAAATTCCATCTTCAAGTGTTAATAAGGAAACATCAAATGTTCCTCCTCCTAAATC","Pf3D7_08_v3-1366626-1366856-1B.1","11+13N",669,1,1
"IM-23-122-HMID","8073805116","Maziba","Pf3D7_08_v3-1370603-1370853-1B","AAAAGTAATTAAAAAAAAAAAAAATGAAAATAAAAAAAAACATTACATATTTTTTTATGTATAAAATATTTTAAAGCACTGAGATTATTTATGTTATAAATTAATTGAATGTTTAAAAGATTATAAAATTTTATTTATGAAAATATATGAATATATATAATATAAGCAGGTATTAAATAACCAAATAATAT","Pf3D7_08_v3-1370603-1370853-1B.2","10+32N49+9N",119,1,1
"IM-23-122-HMID","8073805116","Maziba","Pf3D7_08_v3-1370814-1371045-2","TGTTGCAATATATTACTAAAAAATAGAATTATTATGTTATTTTGATCATATGGGAATACATTTAAATATTTATATTCTGATGAATATTCTTATAAAAAAAAAAGGGGGGGGGGAAATAATACGTTCATGATTTATTTATATTTCAATATATTTTCTATTTTGCGA","Pf3D7_08_v3-1370814-1371045-2.2","17+8N93+21N",399,1,1
"IM-23-122-HMID","8073805116","Maziba","Pf3D7_13_v3-935613-935884-1A","CAAAATAATATGAATAGTAATAGTAATAGTTATAATAATTTTAATATAACAGATAGAAGTAAAGAAATAAAAAAAGATTATAAAAGAAACAAAATTTTAATAGTTATTAATAATATTAATACAAATCATATTTTATTATTAAATGAAAGTGTTATAAAAAAAAAAATACTTACATTTTATCTAGATCTTTTTTTTGATGATAATGAACAAAT","Pf3D7_13_v3-935613-935884-1A.2","68+11N155+13N187+10N",251,1,1
"IM-23-122-HMID","8073805116","Maziba","Pf3D7_13_v3-958247-958510-1B","TTTATATTATCTGTAATATGCACATTTTGTATAATATTATCAATATTTGTAGCATTTTGACCGTATGTTTCATTTTCATCGTATGTTCCATTTATATTGTATGTTCCATTTTCATCGTATGTTCCATTTATATTGTATGTTCCATTTTTATCATATGTTATGTCCACAT","Pf3D7_13_v3-958247-958510-1B.3","106D=TCATTTTCATCGTATGTTCCATTTATATTGTATGTT",2,0.0135135135135135,2
"IM-23-122-HMID","8073805116","Maziba","Pf3D7_13_v3-958247-958510-1B","TTTATATTATCTGTAATATGCACATTTTGTATAATATTATCAATATTTGTAGCATTTTGACCGTATGTTTCATTTTCATCGTATGTTCCATTTATATTGTATGTTCCATTTTCATCGTATGTTCCATTTTCATCGTATGTTCCATTTATATTGTATGTTCCATTTTTATCATATGTTATGTCCACAT","Pf3D7_13_v3-958247-958510-1B.16","106C130D=ATATTGTATGTTCCATTT",146,0.986486486486487,2
"IM-23-122-HMID","8073805116","Maziba","Pf3D7_14_v3-1038300-1038538-1A","ATTAATGATTTATACACTTCAACTACACTTTTTAATTTAGCCCATACAACTAATAAAGCTCTACGATAAATTTCTTTTTTATTTGATTTAGAAAAAGGAGAAAACCATTGAAACTTTTTGGCTAGATATTTATGGTCTTTATCAAAAATATATTCTGAAACTTCATCTTCTAGAAGT","Pf3D7_14_v3-1038300-1038538-1A.3","50C74+8N",1908,1,1
"IM-23-122-HMID","8073805116","Maziba","Pf3D7_14_v3-106867-107115-1A","AATGACATGAACAAGTCAGGCGAAAAAGAGGAACATGTTATAAATAGTAAATGGAAAAATAAATTTTTCCATGAAGTTATACAAAATATGTTATATGATGATAATATAAATGATCATAAGGAAGAAATTAAGGAAGATAATTCTAATGAATATAATATCAATAATAAAAATGATAATTTATATGATATA","Pf3D7_14_v3-106867-107115-1A.3",".",610,1,1
"IM-23-122-HMID","8073805116","Maziba","Pf3D7_14_v3-1166107-1166371-1A","TTTTTGAATTATTAAATATATCTTCTATAAAAAAAGAATATCAAGCTATACATAACAATAAGTATTTTTTATGGAATATGGATGCAAATTTTTTTACTATAAAAAATCATCATAAGGATAATAAGGATAACAATGATGAAAATGTGAATGTAATAATACAACAAAATAATTTAGTTCTAGAAAAATATGATCATTTAATAGA","Pf3D7_14_v3-1166107-1166371-1A.3","28+9N64+8N87A88+9N100+8N179A",163,1,1
"IM-23-122-HMID","8073805116","Maziba","Pf3D7_14_v3-120101-120365-1A","TTTTACAACATTATTTTTTTCTTCCTCCTCAGATAAAATAGGTACACATATCGCGTCCTTATCACATCCTCCATTGTTTACCTTACAATGTTCTTCGCATTCGAAATTTTTTTCAGGATTACTTGAAAAGCCTTCTGGACAATTACAATATTCATATCCATGAACATTCTTACAAACACCTTTTCCACAATTTAAAA","Pf3D7_14_v3-120101-120365-1A.3","13+9N106+9N164A165C",382,1,1
"IM-23-122-HMID","8073805116","Maziba","Pf3D7_04_v3-284121-284364-1A","ATATTGTATATTATCATAAGATTTATATGGAGGACCACATTGAAATCCGACAATTTCATTTGATGCATGTAGTACACATTCCGTATTTCTGTTTGAATTATTTAAAATAATTTTATTACTTAGAAATGATTCTTTTTCACTATAATCTTTATATAAGAAAGGGTCTTCATCAATTTGA","Pf3D7_04_v3-284121-284364-1A.1","157G",1012,0.999012833168806,2
"IM-23-122-HMID","8073805116","Maziba","Pf3D7_04_v3-316593-316858-1A","TTATTCATTTTTTGTATATTATCCTTTTCTACATCATCAAAATTTGTTAATGATTCACACGTTATATTTGGTGATATTATATTTCTACCTGTACATACACCAATATTTGTTGTACCTATTATTTTATACCCTTCTTGACATTTAAATTCTATTTTTTCACCAAGTAAATAATATTTTTTATCAGGGATAAGGGAAACATA","Pf3D7_04_v3-316593-316858-1A.1","7+8N151+8N173+8N",565,1,1
"IM-23-122-HMID","8073805116","Maziba","Pf3D7_04_v3-544454-544718-1A","ACAAAATATAATACTTTATATACAAATGCTTATAAAAAATTTTAACGCGGACGTACTTCAAAATAATATAAATGAAGAAGAAGTAATACATAATAACATCAACATTAATAATATAAAAGAAGAACAAATTATACCAAATAATATCAAGAATATCCATAATAATGACAATATTAATCATTGTGATGATAATAAAATAA","Pf3D7_04_v3-544454-544718-1A.4","33+8N47G50G77G",67,0.985294117647059,2
"IM-23-122-HMID","8073805116","Maziba","Pf3D7_11_v3-1295371-1295597-1A","AAGTAACATCAAATAATGAAGTTGTAGTTAAAGAAGAATATAAAGATGAATATGCAGATATTCCTGAACATAAACCAACTTATGATAAAATGAAAATTATAATTGCATCATCAGCTGCTGTCGCTGTATTAGCAACTATTTTAATGGTTTATCTTTATAAAAGAA","Pf3D7_11_v3-1295371-1295597-1A.1",".",2419,1,1
"IM-23-122-HMID","8073805116","Maziba","Pf3D7_11_v3-1374917-1375148-1A","TTTTTAAATGAAAATCTCCAAAGCTTCTGGTTGGTTGTAATCTACCTTTAACATAACAATTATCATAATGATGTGATAAGAGATGAAAAGGTGTTTTACATAATTTATATGTATTATTATTATTAACAGTTTTATAATCTCGAGTACATATTTTACATACTAATATA","Pf3D7_11_v3-1374917-1375148-1A.4","106T112+14N",2171,1,1
"IM-23-122-HMID","8073805116","Maziba","Pf3D7_11_v3-1375807-1376056-1A","TCGTTATGTACCCTAATAAATTTTTTTTCATTATTTGAATCTATATTATTTACATTAGTATTTTGAGTTGTACCATAAATTTCAGTGTTATTATTATTTCTATTCATATAATTATGTCCGCTTATATAATTATGACCATTAAAAAAATGTCTTCCATGTATATCATCTCTTCTAATGTATTTA","Pf3D7_11_v3-1375807-1376056-1A.2","20+10N140+9N",293,1,1
"IM-23-122-HMID","8073805116","Maziba","Pf3D7_11_v3-1376058-1376305-1A","TTTCTGGCTCGATATAATCCATTTCAATATTTATATTAGATATGAAACATCTATCTTCAATAGGTGAATTTGCTGCAAATTGAGCCATAGAAAAATGATTCTCATTCCTTTGAAAATATGAACTATTCAACTCATCAAGGTTTTCATATGTTATTTCATAACTGCCATCATCTGAATCCTCTTCATCA","Pf3D7_11_v3-1376058-1376305-1A.1","140G",1755,1,1
"IM-23-122-HMID","8073805116","Maziba","Pf3D7_11_v3-1816152-1816378-1A","TTGGGTAGATATCGTTATAAGGGCTATAATGTATTGACTTCTCCGGGTTGGTTACATTATCATTACAACCAATATTATTAAGGTTAATATTATTTTTATCATTATTATTGTTGTTTTCATTTGTGTGGTTATATAATAACAATGATGTGTCGTCTATTGGATCATT","Pf3D7_11_v3-1816152-1816378-1A.2","90T",6682,0.998505678421996,2
"IM-23-122-HMID","8073805116","Maziba","Pf3D7_14_v3-2020604-2020849-1A","CAAGAACATGAATATTTCTGTATATACATAGACAAGTCCTCATTATGTCTTATCACAGGGTGCTCTTCTTTAATATGACAATATAATTTTATATGTTTTATTATTTCTTGATGAATTTCACATAATAAAAATAATGTGTGATTCATATGTTGACTACTCAATATAGAAAAGCCACTAACTAATTG","Pf3D7_14_v3-2020604-2020849-1A.3","23T65+8N158T",1613,0.995064774830352,3
"IM-23-122-HMID","8073805116","Maziba","Pf3D7_09_v3-1015103-1015350-1A","ATTATTTAATTTTTCATCTTTTATATTTTTCAGATTTTTTATATGAAGATATAGGAATACAACTAAATTAACAGCTGAAAATAATCTTACTAACAAAAATAATTTGAGGAATTCTTCATCATATAAATCTTTTGGAATATTATTTGTGTATTCATAAATTTCTATTAAGGATATAATAGTTATGA","Pf3D7_09_v3-1015103-1015350-1A.1","34+8N",116,1,1
"IM-23-122-HMID","8073805116","Maziba","Pf3D7_09_v3-1406342-1406614-1A","TCTCAGATTATCATAGTGTTGTGGATGAAGATTTAATTAATTTTAATGATGATGTTACTTTAGAAACACAATCCATGATAGCACACGGAGGGTCTTTGTCAGAAATAGAAGAAACTGGAGATTTATCTTCAGATGTTGATAGATTACTTTCATCAATCGAAACTACTCCAAGAGATGATGTTGTATATATACGAGGTGATATTATATT","Pf3D7_09_v3-1406342-1406614-1A.1","148T204A",1176,1,1
"IM-23-122-HMID","8073805116","Maziba","Pf3D7_09_v3-163813-164052-1A","GTAATAATAATAATAATAATGTATTTCTTTCATCAAGTGATCCAAATAAATTAAACACAACACCATCACCATTTGGTTTATCATCTATTGGAAATCTAAATACAAACAATAAATTAAATAGCTTTCCAGATTTTAGTCAAGCTAATAAAACATTTCTACAAAATGATAGCTTAT","Pf3D7_09_v3-163813-164052-1A.1","2+19N28T131T",1723,1,1
"IM-23-122-HMID","8073805116","Maziba","Pf3D7_09_v3-164045-164311-1A","ATCAACTGGTGTTGCAAAACCATTAGTTACCAATTTTAATTCTCCATTTAGTGCTTTTGGTAAAACAAATACCAGTGATATATTTAAAACTAATACTACTGCATCAACTACAAATGCAACTGCAACTGCAACTCCTGCTCCCTTTGGATCAGCATTTGGAGCGCAAAAGAATAATGATAGCTTGTTTGGAAATAATGCATTCAAGCTTTCG","Pf3D7_09_v3-164045-164311-1A.1",".",1238,1,1
"IM-23-122-HMID","8073805116","Maziba","Pf3D7_09_v3-202854-203106-1A","AATATACAAAGAATGTATATGATAAAATATTCTTTGTCCTTTAAAATTTTTTGTTCTTGTACTTTGTTTTTTATAATCTATTAAATTCATATCTGATGAAATATCATATTTATATTCCCCTTTATGAGCATTTACAAAAGTTTCGCTATTTCTTTTATTAATATATGTATTTGAGCACATATTTTTAT","Pf3D7_09_v3-202854-203106-1A.3","46+8N66+8N183T",1,0.000925925925925926,2
"IM-23-122-HMID","8073805116","Maziba","Pf3D7_09_v3-202854-203106-1A","AATATACAAAGAATGTATATGATAAAATATTCTTTGTCCTTTAAAATTTTTTGTTCTTGTACTTTGTTTTTTATAATCTATTAAATTCATATCTGATGAAATATCATATTTATATTCCCCTTTATGAGCATTTACAAAAGTTTCGTTATTTCTTTTATTAATATATGTATTTGAGCACATATATTTAT","Pf3D7_09_v3-202854-203106-1A.2","46+8N66+8N146T",1079,0.999074074074074,2
"IM-23-122-HMID","8073805116","Maziba","Pf3D7_09_v3-270915-271160-1A","CTTTGTATGTATTATCTGTTGTTTTATCTTCACCTTGATTTCCTGTACTTGTAGATTCAGTAGATGGACCTTCAGAACCTGATATTTCATCACTAGTAGATGCAGCACTTGTACTTTTAGATTGTTCTTTTAATGGTCCCATATATTTGTATAATTCTATTTCTAAATCTTGATCCTTGGTTTTTTCTTCTAA","Pf3D7_09_v3-270915-271160-1A.8","180+8N",2,0.000925925925925926,2
"IM-23-122-HMID","8073805116","Maziba","Pf3D7_11_v3-408543-408771-1A","AGAGTGTTAATAATACTACAGCTAGTAATATTTCCAAATCCAAAAATGAACTTGAAAAAAAGTCATCAGTTAATAATAATGCTTATATTAAAATTATCGAAAATTATGATTTATTATGGTTAAAATTAATAGAAATTGAATTATGTTGTAATAATAAAAATTTAAATCCTATA","Pf3D7_11_v3-408543-408771-1A.1","54+9N",4,0.0396039603960396,2
"IM-23-122-HMID","8073805116","Maziba","Pf3D7_11_v3-408543-408771-1A","AGAGTGTTAATAATACTACAGCTAGTCATATTTCCAAATCCAAAAATGAACTTGAAAAAAAGTCATCAGCTAATAATAATGCTTATATTAAAATAATCGAAAATTATGATTTATTATGGTTAAAATTAATAGAAATTGAATTATGTTGTAATAATAAAAATTTAAATCCTATA","Pf3D7_11_v3-408543-408771-1A.2","27C54+9N70C95A",97,0.96039603960396,2
"IM-23-122-HMID","8073805116","Maziba","Pf3D7_11_v3-497277-497548-1A","TTTTAGATTTAATTGAATATTCATTTTTAAATTATACTAGTTCTAATTTAAATACAATAAATAATAATAATGACAAAAAAAAACAAAATCAAAAAAATAAAAATCGCAAATATAGTAAAAATAATATTTTAGATCTCTATGAACACGCAAGTACGATCAGTTTATTTTATCACACGTTTAATTTACCTAAGGAGTATAATGAAAAATTGTT","Pf3D7_11_v3-497277-497548-1A.4","74+11N90+9N",158,1,1
"IM-23-122-HMID","8073805116","Maziba","Pf3D7_12_v3-1959644-1959891-1A","ATGGGAAGACGATAAGAGAAGAGAAATTAATTTCTGAGGGAGCGTATTCATTTGTTTATATGGCGAAGGATTTAAACACGAATCGAGCTTATACTATAAAGAAGACCATATGTCAAGATAAAGAGAAAATAGATATGGCGAAAAAAGAAATCAACATTCTTAAAAGTTTACCTCCACATAAAAATATA","Pf3D7_12_v3-1959644-1959891-1A.1","143A",1061,1,1
"IM-23-122-HMID","8073805116","Maziba","Pf3D7_12_v3-2092529-2092798-1B","AGTTGAAGGGGGAGGAATGATCGGAGTTATCAGATTAGAAAATCAAGTGAGAAATCCCCCTGTAATAAAATTGAAGAGTCATACATCTCCCATCCTTGATTTGTCATTTAACCCGTGTTATAGTGAGATATTAGCTTCATGTTCAGAAGATATGTCTATAAGAATATGGGAGATACGTCATGAGGATGAGAATGTGAATGAGGTA","Pf3D7_12_v3-2092529-2092798-1B.1",".",652,1,1
"IM-23-122-HMID","8073805116","Maziba","Pf3D7_12_v3-2092654-2092884-2","GAGATATTAGCTTCATGTTCAGAAGATATGTCTATAAGAATATGGGAGATACGTCATGAGGATGAGAATGTGAATGAGGTAAAGGATCCTTTATGTATATTAAATGGTCATAAGAAAAAAGTAAATATATTATCATGGAATCCTATGAATTATTTTATATTATCATCT","Pf3D7_12_v3-2092654-2092884-2.1","114+8N",5435,1,1
"IM-23-122-HMID","8073805116","Maziba","Pf3D7_12_v3-233418-233671-1A","CAAAAATATCATTCCCCAAATTTGTACTACTAATTGTTCCAATAGTTCCTATAGTTGTGGTAATTTGCTCATATGTATTTTTTCCTAAAGATTTATTAGACACATTTGAAGGATCATTATTTTGTTCCAAATTCTTGGGCACAGTATTATTACATGAGAATAATGAAAAGTTATTATCATAATTCTTTTGTT","Pf3D7_12_v3-233418-233671-1A.3","77+8N",1143,1,1
"IM-23-122-HMID","8073805116","Maziba","Pf3D7_12_v3-529495-529767-1A","GCTCCCCAAAAGTTAACTGCTTCATTATTTTGTGGATCCCAAAAACTAACATTCGTTACCCATCCAACATAATCGGTAGATATCCTATATTCATAACTACTACAGAAATATTTATACTCATGGTATACATTTGCATCATTTACATCTACCAAATTAACAGTTTTACACAAATTGTGAATGCCATTCAAGTTATAAAAACCTGTACAT","Pf3D7_12_v3-529495-529767-1A.2",".",2,0.00323101777059774,2
"IM-23-122-HMID","8073805116","Maziba","Pf3D7_12_v3-529495-529767-1A","GCTCCCCAAAAGTTAACTGCTTCATTATTTTTTGGATCCCAAAAACTAACATTCGTTACCCATCCAACATAATCGGTAGATATCCTATATTCATAACTACTACAGAAATATTTATACTCATGGTATACATTTGCATCATTTACATCTACCAAATTAACAGTTTTACACAAATTGTGAATGCCATTCAAGTTATAAAAACCTGTACAT","Pf3D7_12_v3-529495-529767-1A.1","32T",617,0.996768982229402,2
"IM-23-122-HMID","8073805116","Maziba","Pf3D7_14_v3-377765-378020-1A","AAAGATATATCAACTGAAAAGATTTTATCAAATAATTGCTTTAATAATAAGTTAAAAAATTGATTTCCAATATCTATCATATTCATATAATCTAATGATTTAAAAATATATAATATACTCTTTGGACTAAATTTTAATTCATCATTTATTATTCTCTCTTTTACTATTGCTTTAATTTGATTAAAATATATAA","Pf3D7_14_v3-377765-378020-1A.12","21G53+8N71T154C",205,1,1
"IM-23-122-HMID","8073805116","Maziba","Pf3D7_14_v3-407306-407542-1A","CTTTCTTTCGTCTTTCTGTTCATTATCCATATAATCTTTTTCTCCTTCCTTTTCATTCTTTACTTTATTTCTATTAATACACAACTCTCCTTGAGTTAAGAGATTTACGATATTATCAATATTGTTTTCTTTCATATACTTCAACTTTTTACTATTCATTTTTAAAAGA","Pf3D7_14_v3-407306-407542-1A.1",".",2110,1,1
"IM-23-122-HMID","8073805116","Maziba","Pf3D7_14_v3-421322-421547-1A","TAAGAAAGATGAAGTAATAGAAAAAACTGAAGTATCAAAGAAAACATTTTCAGGTATAGGTTTTAATCTTACTGAAAAAGAAGCTAAAGTATTAGGTGTAGGTGTAACCTATCAAGAATATCCAGAAACCATGTTATATAACTGTCCAAACAATTCTA","Pf3D7_14_v3-421322-421547-1A.2","20+8N76A",3,0.00170842824601367,2
"IM-23-122-HMID","8073805116","Maziba","Pf3D7_14_v3-421322-421547-1A","TAAGAAAGATGAAGTAATAGAAAAAACTGAAGTATCAAAGAAAACATTTTCAGGTATAGGTTTTAATCTTACTGACAAAGAAGCTAAAGTATTAGGTGTAGGTGTAACCTATCAAGAATATCCAGAAACCATGTTATATAACTGTCCAAACAATTCTA","Pf3D7_14_v3-421322-421547-1A.3","20+8N76C",1753,0.998291571753986,2
"IM-23-122-HMID","8073805116","Maziba","Pf3D7_14_v3-771407-771633-1A","ACCCACGGGACATTTTAATTTATACCTATTGGAACATTTTTTATTAGGTCTTTCTTTATGATTCTTCTTTAAAATAGGTTCATCATTATTTGAGTAAACTAACAGATTATTATCGTTCTCAAAATTATTATAACCATCAATATTTTTATTTCCATATACATCTATAA","Pf3D7_14_v3-771407-771633-1A.1","36+8N",4534,1,1
"IM-23-122-HMID","8073805116","Maziba","Pf3D7_14_v3-921176-921432-1A","ACAATATTAATTTTATAAGTTCATTATTTCAATTTTATATTTAGGAGGATCTATATCCATATATTATTCATTTTAAAAATATTAAAATAAATACATATATAAATATATAAACATATAAAAACAGTCTTTTAAAAATTAATAAGATTTATATAAAATATGGTTATAAATCCTATTTTGTATTATATCAAA","Pf3D7_14_v3-921176-921432-1A.1",".",131,1,1
"IM-23-122-HMID","8073805116","Maziba","Pf3D7_04_v3-1113397-1113639-1A","GATTCTGCATGCAGTAATGAATCTATTGAAATCATCTAAGAATAAACTTTTTTGTTTAAACCATTTATTGAACATTTCACTTAAATGTGATTCAATTTTTTTTTCTGAGCTTTCCATAATTTGATTACATCTATTCAATTTGTTTGTATAAGTTTTAGGTGTTATTATTCTTTTACGTTTTAAATCATC","Pf3D7_04_v3-1113397-1113639-1A.1","47+8N95+11N130T161G",2623,1,1
"IM-23-122-HMID","8073805116","Maziba","Pf3D7_04_v3-115455-115684-1A","TATTAATGTCATTTTGTTTTTCTTTATTATTATTATTTTTATTTTTTCCCTGGTTATCTTCCTTATTACCTAGCTTTTTTTTGTTGTCATTATTTTCTGTCTGATTATTATTTTTGACTTTGTTCATCTTTGAATTATCCGTTCTGTTTGTATGTCTCAAGCAAGGT","Pf3D7_04_v3-115455-115684-1A.1","24+25N74+10N",1,0.000277932184546971,2
"IM-23-122-HMID","8073805116","Maziba","Pf3D7_04_v3-115455-115684-1A","TATTAATGTCATTTTGTTTTTCTTTATTATTATTATTTTTATTTTTTCCCTGGTTATCTTCCTTATTACCTAGCTTTTTTTTGTTGTCATTATTTTCTGTCTGATTATTATTTTTGACTTTTTTCATCTTTGAATTATCCGTTCTGTTTGTATGTCTCAAGCAAGGT","Pf3D7_04_v3-115455-115684-1A.3","24+25N74+10N122T",3597,0.999722067815453,2
"IM-23-122-HMID","8073805116","Maziba","Pf3D7_04_v3-133581-133830-1A","CTCTCGATTATCATTACCTACTTCAGTCTTTACAATTGTAGGAGGTGTTTTAACATGATTATCCCCTCCATGAGGAGTAACCCTTAAAGGTTCTTCTTGAATATTTGGTGTCGCTTCGCCTGTTTCTGTAGAAAGGATATTTATTCTATCAACATATTCATCACCTTCTTCAACTGTACTATTTAAA","Pf3D7_04_v3-133581-133830-1A.1",".",473,1,1
"IM-23-122-HMID","8073805116","Maziba","Pf3D7_04_v3-133928-134154-1A","TTTTGAAATATCTAATTTATCCATTTGCCTTTTTATTTCATAGTCCCAACTACTTACCCAGGTATTAAAATTAATACAATCCTGTTCTGCATATTTTATGGCTTTTAAATCCCTCAATTTAGTAGCCCTATCTTCACAATAATCTTCTAATATTTTAAT","Pf3D7_04_v3-133928-134154-1A.1","21C",3601,1,1
"IM-23-122-HMID","8073805116","Maziba","Pf3D7_04_v3-140317-140548-1A","TCGGGACAATATTATAAGGATTTTATCACATCAAGGAAAAATATTTATAATATAAGGGAAAATATATCCAAAAATGTAGATATGATAAAAAATGAAGAAAAGAAGAAAATACAGAATTGTGTAGATAAATATAATTCTATAAAACAATATGTAAAAATGCTTAAA","Pf3D7_04_v3-140317-140548-1A.1","86+8N",4147,1,1
"IM-23-122-HMID","8073805116","Maziba","Pf3D7_04_v3-141741-141990-1A","TGAATACCATATAGCCCTTTCAAATTATATAAAGACAGAACTAAGAAATATAAACCTGCAAGAAATAAAAAACAATATAATAAAAATATTTAAAGAATTCGAATCTGCACACAAAGAAATTAAAAAAGAATCAAAACAAATTAATAAAGAATTTACCAAAATGGATGTCGTCATAAATCAATTAAGAGATATAG","Pf3D7_04_v3-141741-141990-1A.2","66+8N101G121+8N134A",2234,0.999105545617174,2
"IM-23-122-HMID","8073805116","Maziba","Pf3D7_04_v3-141741-141990-1A","TGAATACCATATAGCCCTTTCAAATTATATAAAGACAGAACTAAGAAATATAAACCTGCAAGAAATAAAAAACAATATAATAAAAATATTTAAAGAATTCGAATCTGCACACAAAGAAATTAAAAAAGAATCAGAACAAATTAATAAAGAATTTACCAAAATGGATGTCGTCATAAATCAATTAAGAGATATAG","Pf3D7_04_v3-141741-141990-1A.8","66+8N101G121+8N",2,0.000894454382826476,2
"IM-23-122-HMID","8073805116","Maziba","Pf3D7_04_v3-284121-284364-1A","ATATTGTATATTATCATAAGATTTATATGGAGGACCACATTGAAATCCGACAATTTCATTTGATGCATGTAGTACACATTCCGTATTTCTGTTTGAATTATTTAAAATAATTTTATTACTTAGAAATGATTCTTTTTCACTATAATCTTTATATAACAAAGCGTCTTCATCAATTTGA","Pf3D7_04_v3-284121-284364-1A.2","162C",1,0.000987166831194472,2
"IM-23-122-HMID","8073805116","Maziba","Pf3D7_13_v3-1419363-1419626-1A","TTTTGAAATCTGTATATTCTTTACCATATTTATCGATATTTATTTTGTTCTTTTTGTTTGAAATATCAACTACATGATTAAAAACATCTCCTAAATTATATAATTTCTTATCTAGGTCTTTTTGAAATGTCGATTCTCCTCCTTGTGCTGGTTTTTGTACTTCTTGTCCTTGTGTTGATATCTCTTGTTCATTTTTAGATTGAG","Pf3D7_13_v3-1419363-1419626-1A.15","16+8N31T37T",290,1,1
"IM-23-122-HMID","8073805116","Maziba","Pf3D7_13_v3-1465616-1465890-1A","TCTTGTGGATTATTATCTATTATATTTTCGTTTGGTTTTTCGACAGCAAAATTATCTCCTCTTGGTCTAGGTTGATCATCTTCGGGTTCATGTGGAACATCTAATGGTTCCCGTTTTGGAGGACATCTTTCTTCTTCACATTGTTCTTGTATTTCACTTGTACATCCTCCGTGTAAGATTTCTCTTTTTCTTGACCTGGTACCTTTACCACAAGTTACACTACATGGAGA","Pf3D7_13_v3-1465616-1465890-1A.240","92G121G152T169C",4,0.0035056967572305,2
"IM-23-122-HMID","8073805116","Maziba","Pf3D7_13_v3-1465616-1465890-1A","TCTTGTGGATTATTATCTATTATATTTTCTTTTGGTTTTTCGAAAGCAAAATTATCTCCTCTTGGTCTAGGTTCATCATCTTCGGGTTCATCTGGAACATCTAATGGTTCCCGTTTTGGAGGACATCTTTCTTCTTCACATTGTTCTTGTAATTCACTTGTACATCCTTCGTGTAAGATTTCTCTTTTTCTTGACCTGGTACCTTTACCACAAGTTACACTACATGGAGA","Pf3D7_13_v3-1465616-1465890-1A.59","30T44A74C121G",1137,0.99649430324277,2
"IM-23-122-HMID","8073805116","Maziba","Pf3D7_13_v3-1465901-1466157-1A","CATAAAGGGTCCGATAACATTTTTTACATTTTCCCATGCAGAATCAGCATACAAGTTACATTTACCATCTGATGGATGACAACCTACAAGAAATCTGTTGAAAGCTACATTAATACCTTGTCCAATACCAAAAACAGCTATTTTAACACCACGATCATTTAATTTTCTTGATTCTTTTAATGAATCTTGAATACTAT","Pf3D7_13_v3-1465901-1466157-1A.1","19+8N158T",1441,1,1
"IM-23-122-HMID","8073805116","Maziba","Pf3D7_13_v3-146695-146934-1A","AAAGTATTTGTAATAGATTGAACGATGAACTAAATGAAGAAATATGTGGTTATCAAATTAGGTTTGAAAAATCGTATTTTTTAAAACATAGTAAAATTAAAGTTATGACAGAAGGAATTTTATTGAAAGAAATTATGAGTGATTTTATTTTATCAAAATATAGTGTTATCATTCTTGA","Pf3D7_13_v3-146695-146934-1A.1","20G76+8N170C",3097,1,1
"IM-23-122-HMID","8073805116","Maziba","Pf3D7_13_v3-156456-156685-1A","ATTATATGATATTTATATAAAATTAGAAAATCTAATTTTAGAAAAAATAACTGAAAGTATATACAATAGTACACCTCCATATAGAGTTATTATGTTCGAATTAATGACCAGATTGTTTCGATTTTATACAAAACCAATAGACCTTATTATTACTATGAATACAC","Pf3D7_13_v3-156456-156685-1A.2","41+8N115G",789,1,1
"IM-23-122-HMID","8073805116","Maziba","Pf3D7_13_v3-156713-156986-1A","TCCTTTTATGTGAACAAATTAAATATTGTAAATGATTTCTTTTTTGGAACACACCATAAAGATACACCTCAAGACAGTCAAAATGAACACAAAACGGATGAACCTAAAATACATAATGTTTTCAAAAAAAAAAATAACGATATCTTTGTTAATATTCCTCTACCAAAAATATTTAAAAATTTCTTACATTCCATATATTTTAGAACTCC","Pf3D7_13_v3-156713-156986-1A.1","39+8N47G50C68C123+13N",268,1,1
"IM-23-122-HMID","8073805116","Maziba","Pf3D7_13_v3-1724895-1725166-1B","CGCCATTTTCTCCTCCTGTAATTATATAAGAATCTGACAATGTGGCAGCTCCAAAATTCATTTTTTTCTCTGGTACACCATTTAGAAATTGCCATCTTTTATTAAATGGTTGATATTGTTCAACGGAATCTAATATGTTATGTTCATTATCAATACCTCCAACAACATATATTTGATTAAGGTAATTAAAAGCTGCTCCTGAACTTCTAG","Pf3D7_13_v3-1724895-1725166-1B.1","60+9N",248,1,1
"IM-23-122-HMID","8073805116","Maziba","Pf3D7_11_v3-1816152-1816378-1A","TTGGGTAGATATCGTTATAAGGGCTATAATGTATTGACTTCTCCGGGTTTGTTACATTATCATTACAATCAATATTATTAAGGTTCATATTATTTTTATCATTATTATTGTTGTTTTCATTTGTGTGGTTATATAATAACAATGATGTGTCGTCTATTGGATCATT","Pf3D7_11_v3-1816152-1816378-1A.77","50T69T86C90T",10,0.00149432157800359,2
"IM-23-122-HMID","8073805116","Maziba","Pf3D7_11_v3-1902041-1902278-2","ATGAAACAAAATGTCCACCTAGATACCCTTTAAAATCAAAAGTTTTTGGAACCTTTGACCAAAAAACAGGAAAATGTAAAAGTCTCATGGACAAAGCATATGAAGTTGGAATTAATAAATTTTCAGTCTGTTTAGAATATTTATTTTTAGTATCACCTAAGGATTTATATAATAGCGGAAG","Pf3D7_11_v3-1902041-1902278-2.1","60+8N",3647,1,1
"IM-23-122-HMID","8073805116","Maziba","Pf3D7_11_v3-1934962-1935236-1A","TGATGTGCCAATATTAAGGATACATTTTCTAAAGCTTCTATCAGATAATGAAAATTTTTTCTGCGATTTTCATTTAAATCATTAAATATATTGGTTAGTTCTTGTATTGACGTTTTTGGATCTAAGGATGTAATTTGTTCATTTAATTCTTCTGTATATTCTAGATTAAAGTTTAAATTATTAAAATAACCTTCAGCATTATTTTCATTTTT","Pf3D7_11_v3-1934962-1935236-1A.1","54+10N98G",52,1,1
"IM-23-122-HMID","8073805116","Maziba","Pf3D7_11_v3-1950431-1950680-2","AGATATATTTCAAGGAAAGGATATGTGGAATGATGGGAAATATGGTGAAGCGAAAAATCATATTAAGAATGCTTTTGGTGATATGAACAATAGAAAAGCTATGTTAAATGAAATTGAGAAAGGAATTAAAGATGAAACGTTTAGTCGTGAAAATGGTTTAGACGTTTGTAAATCTCAATGTGAGGAAAG","Pf3D7_11_v3-1950431-1950680-2.1","98G",2349,1,1
"IM-23-122-HMID","8073805116","Maziba","Pf3D7_11_v3-1968050-1968296-2","TCATTACACTAGTCATGATTGGTTTAGATTATTACGCCAAGGGAATAAAGCTCAAAATTCCATTTCTCAGGAAGTAGACATATTAAAGGAAAAGTATAAAAAATTAATTTCAGAGGAAGACAATAAAAAAGAAAATAACAATAATAATGATGATGAAGTAAAACCAGAACTAAAAGACAATATA","Pf3D7_11_v3-1968050-1968296-2.1","87A97+8N124+8N",2585,0.998455001931248,2
"IM-23-122-HMID","8073805116","Maziba","Pf3D7_11_v3-1968050-1968296-2","TCATTACACTAGTCATGATTGGTTTAGATTATTACGCCAAGGGAATAAAGCTCAAAATTCCATTTCTCAGGAAGTAGACATATTAACGGAAAAGTATAAAAAATTAATTTCAGAGGAAGACAATAAAAAAGAAAATAACAATAATAATGATGATGAAGTAAAACCAGAACTAAAAGACAATATA","Pf3D7_11_v3-1968050-1968296-2.2","97+8N124+8N",4,0.00154499806875241,2
"IM-23-122-HMID","8073805116","Maziba","Pf3D7_11_v3-2001725-2001999-2","GGATGTAAGAACTAAGAATGTAAATACAAGTAAGAGAAATGAAGGACTTAATGATATAAATGAATCAGAAAAAACAAGAACAAGAAGGGCATCAACAAAATCAAATAATAATAATAATAATGTATCATACGAGAATGAATTAGAGAGTGTATCTGAATGGTTTGATAACTTTTTGGAGGATCATATGAAGGAAGGTGTTTTTTTAGATGGGGAAAA","Pf3D7_11_v3-2001725-2001999-2.1","1G68+8N89G116I=AATAAT153G191+9N",266,1,1
"IM-23-122-HMID","8073805116","Maziba","Pf3D7_11_v3-408285-408534-1A","TATGAAGAAGGTTTAAAATATTGTGCGTCATCAATTAATTTATGGATATGTGCTATCGATTTACAAATAGAAAAAAAGAATTATACAGGTGCTAGAGCTTTGACGGAGAAAGCAAAAATCAAAATCAAGTATTTAAATTCTTTTAATAATAATAGTCATATTTTAAAAAGTAAAGAAATTATTGAA","Pf3D7_11_v3-408285-408534-1A.1","70+9N",948,1,1
"IM-23-122-HMID","8073805116","Maziba","Pf3D7_07_v3-729480-729750-1A","TGAATGTTCAGAAATTTTATATCACTTAAATCGTTTGAGTGAGTTAGATCAAATATTGTTGAAAGATAAAATAAGTATATATGAGTATCAGCTAAAGGACACGTTTTTAACAACGTATGATATAGGTTGTTTATTAAAAATAGCTCAAGTGTTGAATGAACAAAATTATTATGATAACATTCCATTTTTGCATATATTTTTATATAACATACATAA","Pf3D7_07_v3-729480-729750-1A.1","42A",219,1,1
"IM-23-122-HMID","8073805116","Maziba","Pf3D7_07_v3-896613-896849-1B","ACAATGAAAAAATGTATTAATGATGAATTATATAAAATAAAAATAAATGTAGGTTTATATAAAAAGGATAGAAAAAAATTATCCTTTTTTATATTGTTGCATAAATTTTATTTAGATAATTATAATATTGTTATTAATAAATTAAAAAATATGAATAATTTAATAGAAA","Pf3D7_07_v3-896613-896849-1B.1","6+8N71+9N84+8N143+8N",561,1,1
"IM-23-122-HMID","8073805116","Maziba","Pf3D7_08_v3-102277-102527-1A","TACCTTCATCTATTGAATTAATTTTCTCAAGTAACATATTTTTGTCTTGACTACTTTCATCTGTAAATGGAACGACTACTCTTTGCTTACCTGCAAAAAGGACAACTGACATATGAGCCTTATCCTTACTTACATTCGAATTAAAGACCATAGATTCTAAAAATGGTATAGTTCCTTTTAACCAATAATC","Pf3D7_08_v3-102277-102527-1A.4",".",2700,0.998520710059172,2
"IM-23-122-HMID","8073805116","Maziba","Pf3D7_08_v3-102277-102527-1A","TACCTTCATCTATTGAATTAATTTTCTCAAGTAACATATTTTTGTCTTGACTACTTTCATCTGTAAATGGAACGAGTACTCTTTGCTTACCTGCAAAAAGGACAACTGACATATGAGCCTTATCCTTACTTACATTCGAATTAAAGACCATAGATTCTAAAAATGGTATAGTTCCTTTTAACCAATAATC","Pf3D7_08_v3-102277-102527-1A.1","76G",4,0.0014792899408284,2
"IM-23-122-HMID","8073805116","Maziba","Pf3D7_08_v3-1056678-1056903-1A","GTGTTAACGATAATTATAATGCAATAAGCACAACTAATTTTTCAGATGACATGGATGAATTGATAAAGAATCTTTCTATTATGGGTTTGTGTAAAGAGAAAATAGTGTTAACAGAAAAGGCAACACTATTTAATAACATTGAATTGTTGTATTCATATTATCTTATAGTTCAGA","Pf3D7_08_v3-1056678-1056903-1A.1",".",11717,1,1
"IM-23-122-HMID","8073805116","Maziba","Pf3D7_08_v3-1099719-1099977-1A","AAAAAATAAAAAATCAAACAAGATAAATAATAATGTATATAATACTAGTGGTATAAAAAATAATGATCAAAATATGGATAATATGAATCAAAAAGGAAAAAGTAACAAAAATTCAAATAAATATAATTTTGATGAAGAGGATTTATGGTTTTTATGTGATTTATGTAATAATCCTATAAGTCCGTTATGTTA","Pf3D7_08_v3-1099719-1099977-1A.4","1+14N54+8N97A",303,1,1
"IM-23-122-HMID","8073805116","Maziba","Pf3D7_08_v3-1176313-1176549-1A","TACATCCAATGAATATTTTACACTTAAAAGAAATAAACAAATTATTCATAATAAAATACATATACTCTCTATGCAAAAAAATAAACAAAATACAAACGAGCTAAACAAATCATGTAATATTAACGCCATCATATTTAATATTAATTCTGATGATTTTGAGGTAGGCGATGAAATTGT","Pf3D7_08_v3-1176313-1176549-1A.4","67C74+9N",2745,0.998908296943231,2
"IM-23-122-HMID","8073805116","Maziba","Pf3D7_08_v3-1176313-1176549-1A","TACATCCAATGAATATTTTACACTTAAAAGAAATAAACAAATTATTCATAATAAAATACATATACTTTCTATGCAAAAAAATAAACAAAATACAAACGAGCTAAACAAATTATGTAATATTAACGCCATCATATTCAATATTAATTCTGATGATTTTGAGGTAGGCGATGAAATTGT","Pf3D7_08_v3-1176313-1176549-1A.1","74+9N111T136C",3,0.00109170305676856,2
"IM-23-122-HMID","8073805116","Maziba","Pf3D7_08_v3-1313088-1313338-1A","TGAGAGACATAGATATATGATAGAAAAATGGAAAAAAGAAGATTGGTTTTGTGATTTAAAAGAAACGTTGAAAAATGAATTTGAAGAACAGATGGATATAGGAAAAGTATCTTTTTTATATGAAAATAATAGAGAGTATGGAAAAAATTTTTATTTGGAAAAGCAAAAAATTATATGGAAAAGATGG","Pf3D7_08_v3-1313088-1313338-1A.1","31+8N111+8N141+8N164+8N",561,1,1
"IM-23-122-HMID","8073805116","Maziba","Pf3D7_08_v3-1314717-1314986-1A","ATAAAAAAGAAAAAATTATTGTCAAAAGTTTTCATAGATATATATATGATGGTATTAGAAGATTTTAAAGAAGAAGAATGTAAAAAAAATAAAGAAATATTTCTTGATACTTATATAGATGAACTAAAAAAAGATTCACAAAGTGAAAAAAATAAAAGCATGTTAAATATATTAGATGAAATAAAAAGTGATATTCATATAGGATATC","Pf3D7_08_v3-1314717-1314986-1A.1","2+15N87A125+9N138A145+9N",150,1,1
"IM-23-122-HMID","8073805116","Maziba","Pf3D7_13_v3-2816310-2816554-1B","CAAATACTTTTCAATATAGGTCTAGTGAAAGTGTGGAAGTAATAACTAATAAACCTGATGAAATGGAAATTACAACTAAACCACCATCACAATACATTGAAAAGGAAATTGGAGAAATTGATTCTACAAAAAATCAAGATAATGATGAACAAAGCAATTCTATAATTCCTTTAATTAATAAAAATAATGAA","Pf3D7_13_v3-2816310-2816554-1B.3","71T127+8N",1914,1,1
"IM-23-122-HMID","8073805116","Maziba","Pf3D7_13_v3-2840462-2840736-1B","AATAAACACATATGTTTATTAATAAAATTGTTAGTTATTTTTATGTATACATAATAAATTAAAGATACTAAAACAATATTTTTAAATGTAAATAAATGAATAATGATATTATTTATATGATTCATCATTCTATATTTACATGGAAGATTAAAAAATTATATATATATATATGGTAATTTCTGTGTTTATGTTTTTATTTTTATAATA","Pf3D7_13_v3-2840462-2840736-1B.2","149+23N",12,1,1
"IM-23-122-HMID","8073805116","Maziba","Pf3D7_13_v3-388138-388408-1A","ATATATCTTTATTCATATGTTCTATATATTGTCTTTGTCTCTTTTCCTTTCTCATATCAGATATTATTGAATAATTTCCTTTATCACATACATATCTAGGATTATGTGATAATTCATAAGCTGCTCTTTTTAAAACTCTATTCTTTTCTTTAAAACTATTAAATTTTATATTATTGTTCATATTAGATGTGTTCCTTTTAATAATA","Pf3D7_13_v3-388138-388408-1A.1","194C",538,1,1
"IM-23-122-HMID","8073805116","Maziba","Pf3D7_13_v3-479569-479811-1A","CTAGAGACGAATTTGATGATAAAAGAAAATTAAAAGAAGAGAAAATTAAACAATGCCAACTATTAAATGAAAAACAACTAGAAGAAAAAGAAAAAGAAAAAAGAATTCTGAGAGAAAAAGCTGTTGAATATACCTTACAAAATGAAGAAGAATATAAACAACTAAAACGAAAATT","Pf3D7_13_v3-479569-479811-1A.1","96+8N",1914,1,1
"IM-23-122-HMID","8073805116","Maziba","Pf3D7_13_v3-748254-748510-1B","ATACCAAAAAAAATAAAATAAAATAAAATGAAATAATAAATAAATAAATATACATATATTTACATATATATATATATAATTACACATATTTTTGATTGAGGACAAATTACATGTAGTGTAGTTCGTCTTCCTTGTGCGTTTCAATCACACAATCCGATTTAGGATAACATGTACACAAAAGAATATATTTTTTCTT","Pf3D7_13_v3-748254-748510-1B.2","5+10N25I=AAAAT39+33N108A180+8N",238,1,1
"IM-23-122-HMID","8073805116","Maziba","Pf3D7_13_v3-815862-816091-1A","ATGATGTAGATGCTAACACAACATCCTGGTCAGTATCTTGTGATAAATAATTTAATTTGTCCGCTAAAAAATAAAGTATAATTTCACAGCTTTTTTTATTTGTATCTGTGTTTTTCATGTTATCATAAAAAGACAAAGATGAAGTAGCACATGAGTTAATTA","Pf3D7_13_v3-815862-816091-1A.1","17C19C20A65+8N90+9N",1511,1,1
"IM-23-122-HMID","8073805116","Maziba","Pf3D7_13_v3-852647-852921-1A","TACGAAATGATGAATTAAAAGAATTAACATTTATGAAAAATAAAGAAAATAGGAATGCAGATACATATGTTTTTCATTATCCTAAAAAAGAGAAATATGACCAATTAGTTTTTGAATTACGTAAACATAATTTTAATATAACAAGCATGAATACATATAAAAAACTAACAAATGAAACATCATCACAAAAAGAAGAAAATGCTTCTATAATAAGTT","Pf3D7_13_v3-852647-852921-1A.1","75C83+8N158+8N",186,1,1
"IM-23-122-HMID","8073805116","Maziba","Pf3D7_13_v3-911757-912005-1A","GAGCCAACAATTTGATTTTCCACAACTTACTGAATCTTTAAAACATTGTGAACAGGTATCTGACATTTTTTTATTATCTTTGGCTAGTTCCTTTTGAACACATTCCATAGTACTATCACCTGAACCTAAGTTATCAACAGAACATTTTAATAATATACTAAAAAATTTATTGCTAGGAGAAAGTTGTAAA","Pf3D7_13_v3-911757-912005-1A.1","65+9N159+8N",2091,1,1
"IM-23-122-HMID","8073805116","Maziba","Pf3D7_13_v3-1041593-1041860-1AB","CAAGATTGAAGTATTACATATCTCAGAAATTAAATGTATGCCCAAGAGATGTAAATGCACACATTGTAGGTGCTCATGGAAATAAAATGGTTCTTTTAAAAAGATACATTACTGTAGGTGGTATCCCTTTACAAGAATTTATTAATAACAAGTTAATTTCTGATGCTGAATTAGAAGCTATATTTGATAGAACTGTTAATACT","Pf3D7_13_v3-1041593-1041860-1AB.1",".",720,1,1
"IM-23-122-HMID","8073805116","Maziba","Pf3D7_13_v3-1146764-1147010-1A","AAATTTTCTCCTAAAGTTATGCCTTTGTTAATGAAGGAGAAGAACGTGAAAAATAAAGCACCTCCTAAAGGTACTATAAAGCATACGCTAGAATATTTAAAAAGAGCAGCAGAATCAAGAATGAAAGAAAATGAATTATACAAATCAAAAAAAGATAGCACACTTAGTTCAATTGCAATTAGAAAAAATTCC","Pf3D7_13_v3-1146764-1147010-1A.3","52A64C146+9N182+8N",5,0.0024740227610094,2
"IM-23-122-HMID","8073805116","Maziba","Pf3D7_13_v3-1146764-1147010-1A","AAATTTTCTCCTAAAGTTATGCCTTTGTTAATGAAGGAGAAGAACGTGAAACATAAAGCACCTCCTAAAGGTACTATAAAGCATACGCTAGAATATTTAAAAAGAGCAGCAGAATCAAGAATGAAAGAAAATGAATTATACAAATCAAAAAAAGATAGCACACTTAGTTCAATTGCAATTAGAAAAAATTCC","Pf3D7_13_v3-1146764-1147010-1A.2","64C146+9N182+8N",2016,0.997525977238991,2
"IM-23-122-HMID","8073805116","Maziba","Pf3D7_13_v3-1233093-1233332-1A","TCTATATGATCCTTATTTTTATCTTCATCACATTTATAATTTACATAATTTTCGACGTCATCATTTTCATTATTACTCATAATTGAATTATCCACAATGCTTGCCTCTTTTACAGCTTTACAAAGTTGGTAAAAAATATGATAATTCCTTTCACCTTCTTGTTGATCACACACCCGAACC","Pf3D7_13_v3-1233093-1233332-1A.2","100C130+8N",2434,1,1
"IM-23-122-HMID","8073805116","Maziba","Pf3D7_13_v3-1265494-1265726-1A","TGTCATATACAGATTATAAAAATGATCATAGAATAAGCGAAATTTTAAATCGTTGTATTTTACGATTAAACGAGTTTGATCTAATTCATTTATCTTCTTTGGTCATATCTTTAAGTAAAATGAATTTTAGGAGTGTGTATTTTCAGGAACAAGTACAAAAGAAATT","Pf3D7_13_v3-1265494-1265726-1A.2","44T145A",3957,1,1
"IM-23-122-HMID","8073805116","Maziba","Pf3D7_13_v3-1350855-1351093-1A","TCTTTTATATTAGTTGTTTCGTTATTTTCATTATGTTCCATATTTTGGTTATTTGTATATTTTATATTTTTTAAAAATTGGTAAATATATTCAGAGATGAAAGGTGTAAAAGGGGCCATAATTATTGTAAACAAATATAATGTTCTACATAAAACATTTAATGATTGGTGAGT","Pf3D7_13_v3-1350855-1351093-1A.2","66+8N93A",2038,1,1
"IM-23-122-HMID","8073805116","Maziba","Pf3D7_13_v3-1406713-1406975-1A","TTTCATGTCTTCTTAAATATGTTTTAAATTCATTATTTAATTTTTCATCATATTTAGGTACATTTTTTTTTGGAAATCTAGATGTTTCATTATTATCGTGATTTGATGAATATATATAATGAGTTTGTTTAAAATGTGGTTCATTCAAATTATCTTTTTTCTTATCTTCGTGTATATTTTTATTATAATTTGAATACTTC","Pf3D7_13_v3-1406713-1406975-1A.1","6T62+11N154+8N",399,1,1
"IM-23-122-HMID","8073805116","Maziba","Pf3D7_06_v3-532166-532407-1A","AGAACAATTGCTAAACACCAAATTGGGTGAAACAAAAAACCACCTGAACAGAACTCCATTTATACCTGAATCGGTCATACGAGAAAGGAAATTACGCCAAGAAAAAGCGCAATCCACAAACAACATGTTCGATTCAACAAACGCAGATAGTATTACTTCCCCATGTGATCCAACGAATGCCACG","Pf3D7_06_v3-532166-532407-1A.4","33+8N55T109G157T",1,0.000148148148148148,3
"IM-23-122-HMID","8073805116","Maziba","Pf3D7_06_v3-532166-532407-1A","AGAACAATTGCTAAACACCAAATTGGGTGAAACAAAAAACCACCTGAACAGAACTCCATTTATACCTGAATCGGTCATACGAGAAAGGAAATTACGCCAAGAAAAAGCTCAATCCACAAACAACATGTTCGATTCAACAAACGCAGATAGTATTACTTCCCCATGTGATCCAACGAATGCCACG","Pf3D7_06_v3-532166-532407-1A.2","33+8N55T157T",18,0.00266666666666667,3
"IM-23-122-HMID","8073805116","Maziba","Pf3D7_06_v3-851492-851765-1A","ACAATAGTACATTCTGCATTTACATCACAACCTCCATTATTTTTTGAACAGTTCATATCTTTCATAGGTATACATTTAAAATAATTTACACTCATATCAACTATATAATTAGGTCGGCATCTACATTGTTCTTTATCTTTTTCGACAATATAACAACGTGAATTGGGTCCACATTTGGAATATTCACAAATATAATTTACTTTAAATATAACAAAATTTCTCA","Pf3D7_06_v3-851492-851765-1A.1","39+8N",463,1,1
"IM-23-122-HMID","8073805116","Maziba","Pf3D7_04_v3-544454-544718-1A","ACAAAATATAATACTTTATATACAAATGCTTATAAAAAATTTTAACTCGAACGTACTTCAAAATAATATAAATGAACAAGAAGTAATACATAATAACATCAACATTAATAATATAAAAGAAGAACAAATTATACCAAATAATATCAAGAATATCCATAATAATGACAATATTAATCATTGTGATGATAATAAAATAA","Pf3D7_04_v3-544454-544718-1A.3","33+8N",1,0.0147058823529412,2
"IM-23-122-HMID","8073805116","Maziba","Pf3D7_04_v3-648065-648332-1A","TATGACTTCTGATTCAGTTTTGTTAAGATATATACCAAGAGATCTTAACAAATATAATAATTTTTCACCACTAACTCCATCTTTATTAGTATCGTATTCTTTAAATATTGATTCAATCTCAGCTCTCTTAAAGAAAACAAATATATATACATATATATATGTATTTATATGAATTTGTATCAATAAATAATAACATTCTTA","Pf3D7_04_v3-648065-648332-1A.1","141+30N",156,1,1
"IM-23-122-HMID","8073805116","Maziba","Pf3D7_04_v3-748105-748359-1B","TGTGCATGTTGTAAGGTTGAAAGCAAAAATGAGGGGAAAAAAAATGAGGTTTTTAATAACTACACATTTAGAGGTCTAGGAAATAAAGGAGTATTACCATGGAAATGTATTTCCCTAGATATGAAATATTTTCGTGCAGTTACAACATATGTGAATGAATCAAAATATGAAAAATTGAAATATAAGAGATGTAAAT","Pf3D7_04_v3-748105-748359-1B.1","36+10N110T133C",624,1,1
"IM-23-122-HMID","8073805116","Maziba","Pf3D7_01_v3-181512-181761-1A","TTCATTATTGTTTTCATTCTTTTTTTAACGAAAACTATTCATCTCAAAAATATAAGATATTTTATATGACGAATGCCATTGTATTTTTTGTTACGTAAAACCTGACTTCTTCAAGGAAAACACATGCGCATTTTCACCAATTTTTGCCTAAGCTTATTATAAAAAGTATATTAAATGTATGAC","Pf3D7_01_v3-181512-181761-1A.2","19+9N83+8N",1417,1,1
"IM-23-122-HMID","8073805116","Maziba","Pf3D7_01_v3-194742-194973-1B","TACCTATAAAAATGAAAAAAATAAAGAAGAAGATAAATATGGAAAAAATGAAAAAAACGAAAAATATGACAAATATGACAAATATGACAAATATGAAAAATATGAAAAATATGATAAATACAAAAAAGATAATAAAAATCAACATGATGATCCACTTTATGATAATATTAATAAAAATTACGATAA","Pf3D7_01_v3-194742-194973-1B.8","14+9N42+17N88I=CAAATATGA112+8N",2,0.00257731958762887,2
"IM-23-122-HMID","8073805116","Maziba","Pf3D7_01_v3-194742-194973-1B","TACCTATAAAAATGAAAAAAATAAAGAAGAAGATAAATATGGAAAAAATGAAAAAAACGAAAAATATGACAAATATGACAAATATGACAAATATGACAAATATGAAAAATATGAAAAATATGATAAATACAAAAAAGATAATAAAAATCAACATGATGATCCACTTTATGATAATATTAATAAAAATTACGATAA","Pf3D7_01_v3-194742-194973-1B.19","14+9N42+17N88I=CAAATATGACAAATATGA112+8N",774,0.997422680412371,2
"IM-23-122-HMID","8073805116","Maziba","Pf3D7_14_v3-2260533-2260765-1A","AATAACCATCAAATACAAACTCAACCAACAAATACAGTACAATATATTCAACCAAATTATCAACAAGTCATAACACAAGTAGATCAAAATCGTAATCTATTCAATCAACAGCTTGTAGGAAGTACAGTAATGCAAAATATGACACCACAAGGTGTAAACACGTTAAATTATCCTGCAACG","Pf3D7_14_v3-2260533-2260765-1A.5","61C",4929,0.998581847649919,2
"IM-23-122-HMID","8073805116","Maziba","Pf3D7_14_v3-2260533-2260765-1A","AATAACCATCAAATACAAACTCAACCAACAAATACAGTACAATATATTCAACCAAATTATGAACAAGTCATAACACAAGTAGATCAAAATGGTAATCTATTCAATCAACAGCTTGTAGGAAGTACAGTAATGCAAAATATGACACCACAAGGTGTAAACACGTTAAATTATCCTGCAACG","Pf3D7_14_v3-2260533-2260765-1A.1","91G",7,0.00141815235008104,2
"IM-23-122-HMID","8073805116","Maziba","Pf3D7_14_v3-2355614-2355853-1A","ACTTTTCTCGATTCACATTATCCAAACCCATTTAACGAGTATGAAAAATATGACAAACATTATTATGAACTTGAAAATATTTTAAAAAACAAACTTAATGAACATTCCTTAAATTATCAATCTTTGTTAAAAATGAAAAGATTTATAAGTATGAACGATATGGAAAATAATAA","Pf3D7_14_v3-2355614-2355853-1A.1","83+8N",1806,1,1
"IM-23-122-HMID","8073805116","Maziba","Pf3D7_14_v3-2481033-2481276-1B","CCATGTGGATAAAGACAGTAGAGAGCAATTCGAAATAAAACAGTACTCTTGCAAATTAGATATTTTTTTGAACTCATCTGTTCCTATAAAAAATTCTGAATGTAAGCAGAATAAATTATACACAAAAGAATATATATTCATTTTTATTTATTCACTTTATATATGTTTGTATGTATGTA","Pf3D7_14_v3-2481033-2481276-1B.3","62+9N87+8N",1167,1,1
"IM-23-122-HMID","8073805116","Maziba","Pf3D7_14_v3-2695837-2696082-1A","CGTTTTGTATCATATTATTAGATATAGTTATTTTATTATTATTTTCTACATTATTATTCAATATATTACATCCTGTTATGGAATTATTGTTAAAATATAAATTATTCGAATTGTTATTATTAAATTCTAATCCACTAACTGCTGTTGTATATAATGATGATGAGTTATTATTATAGAAATC","Pf3D7_14_v3-2695837-2696082-1A.2","28+16N53A",692,1,1
"IM-23-122-HMID","8073805116","Maziba","Pf3D7_14_v3-2733345-2733593-1A","TCGATGTACATGCAGAAAAAATATTGGAACGTTTATTTGTAATTTATTTATGTGTATTAAAAGAATATGAAAAACATCCTCCTAAAATATTAAAATATTCATTACGTGCTATATCTAGATACTCGATGTATATAAATAAATTTATCATGGATGATATATTATTTGAAATTAAAAACCTTGCTGCA","Pf3D7_14_v3-2733345-2733593-1A.1","15+8N",1521,1,1
"IM-23-122-HMID","8073805116","Maziba","Pf3D7_14_v3-279563-279833-1A","CATTTTTCTTTTAAATGAGAGCAATATATTTCTTAGGTTTATTCCGGATAAATGTTTAGTTATTAGCCAGGTGAGTTATAGTGATTCATATAAGGTAAATTGTATTAATTTCTCTGAAGGATTTTGTTGCTGTCATCCAATAAATAATTTAGCACTATTATATGGAGAGTATCAACAAAATCAAGAATCAAAAATTATGAAATTACCG","Pf3D7_14_v3-279563-279833-1A.2","77T",265,1,1
"IM-23-122-HMID","8073805116","Maziba","Pf3D7_14_v3-2858894-2859160-1A","ATAGATTTTAATGACATAAAAAACACAACAAATGAGTATAATAATTTTGAGGAACATAATTATCAAGATGATAAATTTATATTTAATAAAGATATACATAATATTCTTTTAGAATTAAAGGAATCATTAAATGACATATCACGTGGAAGACTAAATACATTGATAAGAGATAATAAAATAAGTAGTTATATAATATATCA","Pf3D7_14_v3-2858894-2859160-1A.2","15C17+8N28A188A",318,1,1
"IM-23-122-HMID","8073805116","Maziba","Pf3D7_14_v3-293575-293829-1B","TTTTGTAGTGTAATGTGTGGTTTATTTTATTATGTGTATGAAAATGTATGGCTTCAAAGAGATAATGAAATGAATGAAATTTTAAAAAATTCCGAACATTTAACTATTGGATTTAAAGTTGAAAATGCACATGATAGAATTTTGAAAACTATAAAAACACATAAATTAAAAAATTACATTAAAGAAT","Pf3D7_14_v3-293575-293829-1B.1","83+8N167+8N",288,1,1
"IM-23-122-HMID","8073805116","Maziba","Pf3D7_14_v3-294503-294768-2","CAGAATTTAGATGTTATCAAAGTCCCATTCTTACCTTTCTATGTAACTCTTTGTAACAACAGCAAATTACCAACTTTTGAATTTACCTCAGAAAATGGTAAATACACATTAGAACCTGAATACTACCTTCAACACATAGAAGATGTTGGTCCAGGATTATGTATGCTTAATATCATAGGATTAGATTTTCCAGTACCAACCTTTA","Pf3D7_14_v3-294503-294768-2.1",".",960,1,1
"IM-23-122-HMID","8073805116","Maziba","Pf3D7_03_v3-221295-221532-2","AAGGAACAAGAAGGATAATACCATTATTAATCCTATTGAACTATTTACGACATTAAACACACTGGAACATTTTTCCATTTTACAAATTTTTTTTTCAATATCATTTTCATAATCTAATTGGTCTTTAGGTTTATTAGCAGAGCCAGGCTTTATTCTAACTTGAATACCATTTCCACAAGTTA","Pf3D7_03_v3-221295-221532-2.2","86+11N107T120G",2281,1,1
"IM-23-122-HMID","8073805116","Maziba","Pf3D7_03_v3-221463-221712-1B","ACTTGAATACCATTTCCACAAGTTACACTACATGGGGACCATTCAGTTGAAAGAGAATTTTGTATTGTCTTTAAATATTGTTCTATGTGCTTATCACTTGGTTCTTCGTTATTATTATTTTTTACAGCATTGTTGGCTTTAGCATTTTCATCTACATTTCGGTTTGGGTCATTTGGCATATTGTGACCTTGTC","Pf3D7_03_v3-221463-221712-1B.12","67G69C80G83C117+8N130T138T",1165,1,1
"IM-23-122-HMID","8073805116","Maziba","Pf3D7_03_v3-515418-515657-1A","TTTCCTTAATTTCTATATGTTTGAATTCCCTTATAGACATATTTGAATCATTATTACTTTTATATGAAGTGTTATTATCGAAATTATTATTAATACATTTTATTTTAATGATTTTGTTAAAATTTTTATTATTTACTATAATGGAAGTCAGATATGTACTTATCGTATGGAAAGCTAATCATCAACA","Pf3D7_03_v3-515418-515657-1A.2","5C",3892,1,1
"IM-23-122-HMID","8073805116","Maziba","Pf3D7_03_v3-653961-654206-1A","CTCGTACAATATTTTTATAATTTCCTTTCATCTTATTTTTTTCTTTATATTTTTTTTTTTCATATGTAAGATTTATATAATCACTTTCGCTTTTTCTAACGCTTTTGAACTTTTTAAATGTACTTCGTTCATTATTTCTAATTCTCGTAAACACAAGAATAAATATTTTGATATATCTTATA","Pf3D7_03_v3-653961-654206-1A.1","35+9N49+13N101G",782,1,1
"IM-23-122-HMID","8073805116","Maziba","Pf3D7_03_v3-85507-85756-1A","TATCATTTAAATTCTCTTTTTCCACAGCTCCAGCATTTTTATTTATATCATCTACAACTACATCTTCCTTCACATAATTATTTATATAAAAATTATTATCATCTAAAGCATCTGAAAATTCTTCATTTAATACTTCTTCATCTACATTAAATGTTTTCGTTCTTTCATCATCTAATAAA","Pf3D7_03_v3-85507-85756-1A.1","144D=TCT",479,1,1
"IM-23-122-HMID","8073805116","Maziba","Pf3D7_03_v3-855426-855697-1A","GTTATTTCAGTATGAGTTTCAACAGTTAATACTACTTCAGGATATGGATTGATACTTAACGTATGTACTCTCAATAATCTAGTATCAAATATATATGAAAATGTATACTCAGGAAAACATATAGTAGATAATCCATTATTATTCTCTATACATATTTTACTTATAGCTATATAATCGTAATTATCTTCTATTACTATTGGTTCTGTG","Pf3D7_03_v3-855426-855697-1A.1","32C",218,1,1
"IM-23-122-HMID","8073805116","Maziba","Pf3D7_03_v3-891553-891827-1A","CAAGAGCTAAGAAAACATATAGAATCATCATAAGGATGTTGATAATATAAATGTGTTTTTATTTGTGTATTTATGTCAGAATATTGTTCCTTCGATTTATCTTTAAAATAATCAAGATTATTTATGTTGGTGGCTTTATTATTATTAAAATAATTTTGATTTGTTACATGATGACTATGGGTATATTTGTATTTTACATTTTTATTA","Pf3D7_03_v3-891553-891827-1A.28","93C116G178T198A",218,1,1
"IM-23-122-HMID","8073805116","Maziba","Pf3D7_03_v3-980853-981120-2","TAAGATTCTTTTGAGTTATTTATTTTCCAAATAATTTGGTTATATATATATGAAAATTCGATCATACCACATGCTCCAAGAATAATAGATGCATCGTCATTATATTGGAATGTAAAACTTTCATCATACTCATTTGTATTAGGTACACAAGAATCATCTTTATTTTTATAATTTTCTTTACATGTACAATTAATTTTACTATATT","Pf3D7_03_v3-980853-981120-2.1",".",215,1,1
"IM-23-122-HMID","8073805116","Maziba","Pf3D7_04_v3-1005938-1006187-1A","GTCTTAACATTAATTCTAGTTACAAAGTTACATGGATTTATTGAAAAGATATTTTCGTCATTATATTTCTTTTTTTCCATATCTGTTTGATCATTTTGATATGTTTTCATATTATCCATATGTTCATTATTTTGATCAATATAATTTTTTTTTATAATAAATTTAGAATTATTTTTAAAGAAA","Pf3D7_04_v3-1005938-1006187-1A.2","15T16C61T69+9N144+11N",570,1,1
"IM-23-122-HMID","8073805116","Maziba","Pf3D7_04_v3-1037644-1037891-1A","GAAAGAGATTTAACAGATGATGCTGTGATTTTTGCACACTCACTTTATTTACCATTTGAAAAAGAAGAAATGTGGTGGATCGTTATCGGAATTAAAAAAATGAACTTACTTTTATCTATCAAAAAATTATCTTTATTGAAAAGTATCAATAATATAAAAATTAATTTCGAATTGCCTGACA","Pf3D7_04_v3-1037644-1037891-1A.2","93+9N120+8N145A",1078,1,1
"IM-23-122-HMID","8073805116","Maziba","Pf3D7_04_v3-1083299-1083563-2","ATACACTTTCCATATGTAGAGGACTTATGATATATAGAATTATAAGATAAATGTTTATAATAATCTAAAAAAGTATAATGAGGTATTATAACAAAATCCAAATGTCCTTCTTTTTCTTGTAAAATATCAATAGAATTTGCAATGTTATAATTTGATAACTCTTTAAAATGATATTGTAAAAAATTAACATTTTTATA","Pf3D7_04_v3-1083299-1083563-2.1","66+8N177+8N",361,1,1
"IM-23-122-HMID","8073805116","Maziba","Pf3D7_04_v3-109939-110184-1A","CAACATCTGAATTATATAAATCTTTAGAAAAACAACTAATATCCTTACTCCATATATTTATTTTTATACCAAGAATAACAGCCATATAAACCAAAACTCTCTCAAATACATGTGATACAGGTAAATAAGAAAAATGGGTTTTCGGTTTCATGTTTTTTATTACATTATGATCACATAATGGTGCTACT","Pf3D7_04_v3-109939-110184-1A.1","51C152+8N",1003,1,1
"IM-23-122-HMID","8073805116","Maziba","Pf3D7_12_v3-857050-857323-1A","ATATAATTTTAAGATGTCCTATCAAGACGTTCAGGAAAAAAAAAATGAAGATATAAATTATGATGAAATAGCTAGCAGCATGCTAGAGAAGATGGACAAACATATAAATGGAGAAAAACAACGAACGATACATTATGAAAATTTAAATGTACAAGAGCAAGGGGGAGCACATGCTTATTACTCAAATCAAGATATAAATAACATAAATA","Pf3D7_12_v3-857050-857323-1A.7","35+12N123G162G",264,1,1
"IM-23-122-HMID","8073805116","Maziba","Pf3D7_13_v3-1004740-1005002-1A","TTACATCGTAAAAATAATTTAAAATATTATATATATTATCTTTTCCTTTTCGGGGGTCTCTTTTCTTTATATATATATTTACATTTCTCTTCATTTTATTACATGATAAATTAATATTTAATGTACTAATATATATATTATTAATTTTTATTTTCTTCTTCTTTTTTATATTAAAACAAAATGAAGATTCTTTAA","Pf3D7_13_v3-1004740-1005002-1A.2","50+8N161+8N",17,1,1
"IM-23-122-HMID","8073805116","Maziba","Pf3D7_06_v3-1197245-1197515-1A","CATTAGGAAAAACAACAGAGCCTTCTTCCATACCATAAATACATAAATCATTTCCACTAATCTTTTCTAAATATTGCACAAAAGAATCAATATCATTATAAGATGACATCTTCTTTCTTATAAAATCTAATTGAGCTTTGGTAAATCGAAAACAATTAATATATTTTATTACTTCATATACACCAGCTAATATAGCAAATTGAC","Pf3D7_06_v3-1197245-1197515-1A.1","20G",673,1,1
"IM-23-122-HMID","8073805116","Maziba","Pf3D7_06_v3-1235395-1235658-1A","GAATATGATAAAATATATATACCAAACAATAAAAATAAAATTAATAATATAAATAATTTTTTAATAAAAAACAATTTGCTGTTGAAATCCAAATTTATGAGAATAACTCCTAATACCTATTTATGTCGTAATTGTGTCCTGTTATATCAAAATGATTTTTCGTATAATACATATGAAGAAGAAATTAATAAAATGG","Pf3D7_06_v3-1235395-1235658-1A.1","56+8N65+8N",146,1,1
"IM-23-122-HMID","8073805116","Maziba","Pf3D7_06_v3-1282656-1282930-1A","AAGATATGGAAGAAATATGATAAAGAAAACAATAAATATATATTGTCTCATTTTATTCCCCAATTTATTGAAGACTTAAATTTGAAGGATGAATTCCGAAATTTATTTGATGGATTTGTAAATGATTTGGATATTCTATTATATTCAGAATTTAAAGCATTTTATTTACAAATGAAGCAAAAAGATATAAATGAACTGAAAAATTCTGA","Pf3D7_06_v3-1282656-1282930-1A.4",".",214,1,1
"IM-23-122-HMID","8073805116","Maziba","Pf3D7_06_v3-145285-145531-1A","TCAACAAAAGCTGATGAATCATCATAATTTGAATAAAATTTATCATTCACAATATTATATTTTTGTTTCTTCTTTTTTCCCATAATATTATTATTTTGTTCACAATATATGTTCATGTGTCCCCTCTTTTTCTGTAAAATATTAAAATGTTTCTTACTATGCTTTTCTTCATTTTTAATAACA","Pf3D7_06_v3-145285-145531-1A.1","72+8N165T",2146,1,1
"IM-23-122-HMID","8073805116","Maziba","Pf3D7_06_v3-176108-176338-1A","ATTATTATTATTATTATGATGATGATGATGATGATGATGATCTGTGTTAAGATCATCTTCTATACCATTAGTTAAACATTTTATATTTTTATTCATATAAACATTAATCTTCACAACAGATTTATCAGATCTAGAAAATCTTGTACCTGTTGCTTTATGTAACAATAT","Pf3D7_06_v3-176108-176338-1A.4","1+38N",13,0.0066735112936345,3
"IM-23-122-HMID","8073805116","Maziba","Pf3D7_06_v3-176108-176338-1A","ATTATTATTATTATTATTATGATGATGATGATGATGATCTGTGTTAAGATCATCTTCTATACCATTAGTTAAACATTTTATATTTTTATTCATATAAACATTAATCTTCACAACAGATTTATCAGATCTAGAAAATCTTGTACCTGTTGCTTTATGTAACAATAT","Pf3D7_06_v3-176108-176338-1A.1","1+38N",82,0.0420944558521561,3
"IM-23-122-HMID","8073805116","Maziba","Pf3D7_06_v3-176108-176338-1A","ATTATTATTATTATTATTATGATGATGATGATGATGATGATCTGTGTTAAGATCATCTTCTATACCATTAGTTAAACATTTTATATTTTTATTCATATAAACATTAATCTTCACAACAGATTTATCAGATCTAGAAAATCTTGTACCTGTTGCTTTATGTAACAATAT","Pf3D7_06_v3-176108-176338-1A.5","1+38N",1853,0.951232032854209,3
"IM-23-122-HMID","8073805116","Maziba","Pf3D7_06_v3-416462-416720-1A","AAGAAAAAATGGACATTGTGGAGAATATAAAAAATAGAGGAAAGGAAAAAACAGAATTAACATATAAAGAAGTATATAAAACACAACAGAATCAAAATGATGCAAGTTTAAATTCATTTTGGGGTGATGAAAAAAAAAATAATAATTATGATATAGATATAGTAAAAGAGAAATATAGTGAGTTAATGAAAAAAAAAGAA","Pf3D7_06_v3-416462-416720-1A.1","3+8N28+8N45+8N129+12N188+11N",494,1,1
"IM-23-122-HMID","8073805116","Maziba","Pf3D7_06_v3-532166-532407-1A","AGAACAATTGCTAAACACCAAATTGGGTGAAACAAAAAACCACCTGAACAGAACCCCATTTATACCTGAATCGGTCATACGAGAAAGGAAATTACGCCAAGAAAAAGCGCAATCCACAAACAACATGTTCGATTCAACAAACGCAGATAGTATTACTTCCCCATGTGATCCAACGAATGCCACG","Pf3D7_06_v3-532166-532407-1A.1","33+8N109G157T",6731,0.997185185185185,3
"IM-23-122-HMID","8073805116","Maziba","Pf3D7_05_v3-395887-396136-1A","TCTAAGGATTGTTGGTTTTTTAGGATGCTCATCTTTTTAAGATAATCCTCTTTACTGTCGTTATTATTTAAATCGTTTTGTATAATATTATATTGTGAATTCCTTGTGTTTTTCATAACACTATTAGTCCTATTGGTGTTCTTCTTCTTCTTATTATTATTATTGTTCTTCTTCTTAATAAA","Pf3D7_05_v3-395887-396136-1A.10","15+8N119C145+20N",2,0.00332778702163062,2
"IM-23-122-HMID","8073805116","Maziba","Pf3D7_07_v3-1028330-1028603-1A","TAAAGAATATTTTTATTTCTAATATTATGGCTAAAAGGAAAATTATTTAATTTCATTTTTTGTGGGTTACTTGTATCATTACAACTCATCATCATGACCATATTATTATTATTATTATTGTTGTTGTTGTTGTTGTGGTGGTTCATTACCAATAAATTTGTGTTATTATGTTCATCCTTTTTTATATTAACAATTTCATTTCTATAA","Pf3D7_07_v3-1028330-1028603-1A.2","55+8N101+36N177+8N202C",210,1,1
"IM-23-122-HMID","8073805116","Maziba","Pf3D7_07_v3-1043981-1044225-1A","ATAATGATATGTTATTTCATCATCAGCATCGACTTCTTTTTTATTATGTTCAAACAAATTCTTATATTTTATATTATTGCATTTTTGTCTTTCCATATTTATAAAAGATTCTATTTTCTTTTTATAATCATTCCTTTTTATATAATTACACATTCCTTCATTTTGGTTGTCATAACTCTTCT","Pf3D7_07_v3-1043981-1044225-1A.1","36+8N",1951,1,1
"IM-23-122-HMID","8073805116","Maziba","Pf3D7_07_v3-105172-105442-1A","GACTACTAACAGAGTGACTACCTACGCTATGTTGAGATGAATTGCTTCCATTTGAATTACTTCCAGATAGGTGATTTTCTGTACTTCCATCTGAATTGTTTTTATATAATTGACTTTCCTTTTGTCCATCTAAATTATGCACTGCACTATGAGTTCCTTCACCCAAATTATTACTGTTTGTTGTATCATCATTTAAATCAAATCCATTTCTT","Pf3D7_07_v3-105172-105442-1A.2","44G52T",543,1,1
"IM-23-122-HMID","8073805116","Maziba","Pf3D7_04_v3-748374-748611-1B","AAACTGGGAAAGCATTCCAAAAAAATTTAAACCTTTAAGCAATAGGATAAATGTTATATTGTCTAGAACCTTAAAAAAAGAAGATTTTGATGAAGATGTTTATATCATTAACAAAGTTGAAGATCTAATAGTTTTACTTGGGAAATTAAATTACTATAAATGTTTTATTATAG","Pf3D7_04_v3-748374-748611-1B.1","3A18+9N72+9N",1952,1,1
"IM-23-122-HMID","8073805116","Maziba","Pf3D7_04_v3-748585-748822-2","TTAATAAAAAAAATATATTTTACTAGAATAAATAGTACATATGAATGTGATGTATTTTTTCCAGAAATAAATGAAAATGAGTATCAAATTATTTCTGTTAGCGATGTATATACTAGTAACAATACAACATTGGATTTTATCATTTATAAGAAAACGAATAATAAAATGTT","Pf3D7_04_v3-748585-748822-2.1","5+10N54+8N",380,1,1
"IM-23-122-HMID","8073805116","Maziba","Pf3D7_04_v3-900526-900759-1A","TTAACAACTTATCATCATTTATTAGATTCTTTTCATGGAACAGATTATTAACAGTATCCATAATTTTATGATCATCCGTGTTATATGTATCTATACAAGTATTTAACTTGCTTATATAATTTACATATTTCAACGGATCATTTTGAAGTATGCAATCATCGAATGAATA","Pf3D7_04_v3-900526-900759-1A.2",".",2950,1,1
"IM-23-122-HMID","8073805116","Maziba","Pf3D7_05_v3-1188456-1188706-1A","CAAAATTTAAATCAATAGCGGTTACGTTCATAATTTTGCCTTCAAAACTAACTTCTGTATGATATATAAATTTATTTTCCTTTACACTAAATACATATATAAAAATGGTACTTAATAATTTATCTTTATCATATTTAAATAATATTAAATCTGTTTTTACATCTGAGTTGTAATCACCGAAAT","Pf3D7_05_v3-1188456-1188706-1A.1",".",1380,1,1
"IM-23-122-HMID","8073805116","Maziba","Pf3D7_05_v3-1322099-1322341-1A","TTCCAATAGAAACTAGATTACGATTTTCTTCATGAGGTAAATTGACATTCATCTTATATGTATAATTAAGGATGAGTAATAAATTGTATAGAAATATTTTTATTTAATAATTTATATGTATTATTAATAATTCTGAATTTATCAATTGATATATTATTTTTGTTTTTCTTTATGCCATTC","Pf3D7_05_v3-1322099-1322341-1A.2","16G27T91G",311,1,1
"IM-23-122-HMID","8073805116","Maziba","Pf3D7_05_v3-213027-213251-1A","ATGTACTTATCCCCTGATATGATTTCTCCAATATCATCAAAATCAGTAATCTCTAAATCATTTATATGATTTATATGTATAAATTCTTTTATCTTGTTCAAATAATTTCTGTAATAAAATATATTCTCTTTATCATCATCAATTATTTTCATATAATC","Pf3D7_05_v3-213027-213251-1A.7","25T",3670,1,1
"IM-23-122-HMID","8073805116","Maziba","Pf3D7_05_v3-350808-351052-1A","TAATATAATTTGAGTTGATAATATTATAATTATTTTTTATATGTTGCTCATTTATATTATTATGATAAATATGAGTTGTATTTTTATTAGAATTGTAGGACATTTTCCCATACATGAGTTGTTTTACATTTTTAACATTTTTATAATTATGTATTAAACATAAGATTATTAGATAAA","Pf3D7_05_v3-350808-351052-1A.6","32+8N92A",1006,1,1
"IM-23-122-HMID","8073805116","Maziba","Pf3D7_05_v3-369676-369949-1A","TGTAATATTATATATCCTGTTATAAATAAATCACTGGATATGGATGTGAAAAAAGAAGATATAAAAAAAAATGTAGAAGAAAATAAATATATAGAACATACACAGAATTTGAAAAATTATTTAGAAAATGATGAAAATGAGAAAAAAAAAAGAAGAAAAAGATCAAATAATAATGACAATTATAATTCTCATGATAATAATATTTTTCA","Pf3D7_05_v3-369676-369949-1A.2","34C48+8N62+11N141+12N",149,1,1
"IM-23-122-HMID","8073805116","Maziba","Pf3D7_05_v3-395887-396136-1A","TCTAAGGATTGTTGGTTTTTTAGGATGCTCATCTTTTTAAGATAATCCTCTTTACTGTCGTTATTATTTAAATCGTTTTGTATAATATTATATTGTGAATTCCTTGTGTTTTTCATAACACTATTAGTCCTATTGGTGTTCTTCTTCTTATTATTATTATTATTGTTCTTCTTCTTAATAAA","Pf3D7_05_v3-395887-396136-1A.1","15+8N119C145+20N",599,0.996672212978369,2
"IM-23-122-HMID","8073805116","Maziba","Pf3D7_12_v3-659881-660127-1A","GGTGGTTTAACATTTTCAGCTATGAGTTTTTCGACTGGTGGCAATCCTACTTTGATTAATTCCTTTAACATAAGTTTTGCGTGTCTTTTTACTTCTGATTTGATATCAAAGCTTGATTCTAAAAAGGTTGGTGAATTTTTTTGTAAAACACTGACAAGTTCATTTGATATGGTCTCTGCTAAATCATCACCA","Pf3D7_12_v3-659881-660127-1A.32","23T27T35C38G73A74G83+9N135+9N",4,0.00206291903042806,3
"IM-23-122-HMID","8073805116","Maziba","Pf3D7_05_v3-550803-551072-1A","ATATACACCTTTCTTATTTATATTAATCTTTTCATTTTTACAAGAAATCACCTCCCTACTTATTCGGTTGTCCTCATTTTCATATTTCATAACACCATCATTTATTTTTTCTATTTCTTTAATATTATTTTCTCCTTCGACGTAATTATGCTTTCCTATCATCTCCTTTGCTCTACTTCCTATATATACTAATTTCTCTCTGAA","Pf3D7_05_v3-550803-551072-1A.3","6D=ATA107+8N141C",258,1,1
"IM-23-122-HMID","8073805116","Maziba","Pf3D7_05_v3-641131-641404-1A","GGAATTTTTTTTTTGGTGTTTTATTTTTTCGAAGGATACAGTATAATCTAAGACATTAAAATTATTGGGTTTGAAAAAGAGTTTCCTTTTTATGATGTGCAATAGAGGTATATTTATATAGGAAATATAAACATATAAAAGGAATATGATAAAAAGGAAATATTGACTTAATAAAATATTAATATTTCTTTTTTTAAAATATATTTCGT","Pf3D7_05_v3-641131-641404-1A.3","4+12N23+8N42T188+9N",89,1,1
"IM-23-122-HMID","8073805116","Maziba","Pf3D7_05_v3-668763-669004-1A","TAATATTATCTGGCTCTGTAACCATGTCCGAACATATGTTAACAGGAGAATCTGTTCCTATACATAAAGAGCAGTTACCTTTTGAAGGAAATGCTATTATAAATAAAAATAATAAATATGAGAGTAACGATGAAAAGGATGATTACCTTCGTATTTATAATAATCATGCTAGTATTAATATGATCAAGCG","Pf3D7_05_v3-668763-669004-1A.7",".",2501,1,1
"IM-23-122-HMID","8073805116","Maziba","Pf3D7_05_v3-796518-796759-1A","TGGTTCTTCAATTATTCATATAAGTTCTTTATTAGTAGGTGTATATTTATGTAGTAGTAGTGCAAATGCATTTAATCAAATTATTGAAAGAAATATAGATAAGTTAATGAAAAGAACCCAAAAAAGACCCTTAGCAAATAATAATCCAAATATGTCAGTTAAGCATGCTGAAATAT","Pf3D7_05_v3-796518-796759-1A.3","14A119+8N163G",6,0.00409276944065484,2
"IM-23-122-HMID","8073805116","Maziba","Pf3D7_05_v3-796518-796759-1A","TGGTTCTTCAATTGTTCATATAAGTTCTTTATTAGTAGGTGTATATTTATGTAGTAGTAGTGCAAATGCATTTAATCAAATTATTGAAAGAAATATAGATAAGTTAATGAAAAGAACCCAAAAAAGACCCTTAGCAAATAATAATCCAAATATGTCAGTTAAGCATGCTGAAATAT","Pf3D7_05_v3-796518-796759-1A.2","119+8N163G",1460,0.995907230559345,2
"IM-23-122-HMID","8073805116","Maziba","Pf3D7_05_v3-958079-958350-1B","TTTTTATATCTGTGTTTGGTGTAATATTAAAGAACATGAATTTAGGTGATGATATTAATCCTATAATATTATCATTAGTATCTATAGGTTTAGTACAATTTATATTATCAATGATATCAAGTTATTGTATGGATGTAATTACATCAAAAATATTAAAAACTTTAAAGCTTGAATATTTAAGAAGTGTTTTTTATCAAGATGGACAATTTC","Pf3D7_05_v3-958079-958350-1B.1","186+8N",114,1,1
"IM-23-122-HMID","8073805116","Maziba","Pf3D7_05_v3-958372-958608-1B","ATTTATAACAATTTTTACATATGCCAGTTCCTTTTTAGGTTTATTTATTTGGTCATTAATAAAAAATGCACGTTTGACTTTATGTATTACTTGCGTTTTTCCGTTAATTTATGTTTGTGGTGTCATATGTAATAAGAAAGTAAAATTAAATAAAAAAACATCTTTGTTATATAATAACAATACC","Pf3D7_05_v3-958372-958608-1B.1","45T60+8N151+9N",1431,1,1
"IM-23-122-HMID","8073805116","Maziba","Pf3D7_05_v3-958920-959168-1B","AATAATAAATCGAAAACCATTAGTTGAAAATAATGATGATGGAGAAACATTACCAAATATTAAAAAAATTGAATTTAAAAATGTAAGATTTCATTATGATACTAGAAAAGATGTTGAAATTTATAAAGATTTAAGTTTTACTCTAAAAGAAGGGAAAACATATGCATTTGTGGGAGAATCA","Pf3D7_05_v3-958920-959168-1B.1","61+9N",760,1,1
"IM-23-122-HMID","8073805116","Maziba","Pf3D7_05_v3-960810-961048-1B","TAATACAGGAAGCATTTTATAATATGCATACTGTTATTAATTATGGTTTAGAAGATTATTTCTGTAATTTGATAGAAAAAGCTATTGATTATAAAAATAAAGGACAAAAAAGAAGAATTATTGTAAATGCAGCTTTATGGGGATTCAGTCAAAGCGCTCAATTATTTATTAATAGTTT","Pf3D7_05_v3-960810-961048-1B.1","105+8N",1509,1,1
"IM-23-122-HMID","8073805116","Maziba","Pf3D7_12_v3-63081-63314-1A","TTTCCGTCATAATAGTTGCATACATTCTATTAAAAACTTTGGGTACTCCTAATATAATTTCACCTTTTGAATTACATATGTCTGTATTCAAAAATTTTATATCTCTACTCCATATATTTATCTTTACACCCAAAAACAAAGCAATGAAAAAAACAACCCTTTCATA","Pf3D7_12_v3-63081-63314-1A.1","146+9N",2309,1,1
"IM-23-122-HMID","8073805116","Maziba","Pf3D7_12_v3-659881-660127-1A","GGTGGTTTAACATTTTCAGCTACGAGATTTTCGACTGATGGCAATCCTAATTTGATTAATTCCTTTAACATAGATTTTGCGTGGTTTTTTACTTCTGATTTGATATCAAAGCTTGATTCTAAAAAGGTTGGTGAATTTTTTTGTAAAACACTGACAAGTTCATTTGATATGGTCTCTGCTAAATCATCACCA","Pf3D7_12_v3-659881-660127-1A.155","35C50A83+9N135+9N",1,0.000515729757607014,3
"IM-23-122-HMID","8073805116","Maziba","Pf3D7_12_v3-659881-660127-1A","GGTGGTTTAACATTTTCAGCTACGAGTTTTTCGAATGATGGCAATCCTACTTTGATTAATTCCTTTAACATAAGTTTTGCGTGGTTTTTTACTTCTGATTTGATATCAAAGCTTGATTCTAAAAAGGTTGGTGAATTTTTTTGTAAAACACTGACAAGTTCATTTGATATGGTCTCTGCTAAATCATCACCA","Pf3D7_12_v3-659881-660127-1A.5","27T73A74G83+9N135+9N",1934,0.997421351211965,3
"IM-23-122-HMID","8073805116","Maziba","Pf3D7_13_v3-1876391-1876664-1A","AACTATCTGTAAAAGTATGTTTAGAACTAACATTTGAAGAGAAGTTACATCCGTGTATGACTTTTTTTTCATATTTTGGTTTTAAAACTATTTTATAATTATTATTTTTAAATTTGCATGTACATTCTGTATTAACATCTTTTGATGTAACATAAAATGGAGCTTTAAAGATAGTTAACTTTTCATGATAAATTATTTTATTACTTTTATATA","Pf3D7_13_v3-1876391-1876664-1A.2","61+10N179C184C",218,1,1
"IM-23-122-HMID","8073805116","Maziba","Pf3D7_12_v3-684011-684240-1A","ACCTAATGTTGGTAAGTCTACCATTTTTAATCGACTAACTCGAAAATATCAAGATGGTAGTATTGTTTTAGAGGTTAGTAGTACGAGAGATAAACTTTATGGAGAAGTTGAGTGGGAAGGATATAAATTTGAACTTGTGGATACAGGAGGTTTAGTTTTTGA","Pf3D7_12_v3-684011-684240-1A.4","73G",3053,0.99836494440811,2
"IM-23-122-HMID","8073805116","Maziba","Pf3D7_12_v3-684011-684240-1A","ACCTAATGTTGGTAAGTCTACCATTTTTAATCGACTAACTCGAAAATATCAAGATGGTAGTATTGTTTTTGATGTTAGTAGTACGAGAGATAAACTTTATGGAGAAGTTGAGTGGGAAGGATATAAATTTGAACTTGTGGATACAGGAGGTTTAGTTTTTGA","Pf3D7_12_v3-684011-684240-1A.2","70T",5,0.00163505559189012,2
"IM-23-122-HMID","8073805116","Maziba","Pf3D7_06_v3-1140900-1141174-1A","CTTCCATGTGAGCTTCAAAATCGTCTGAAGGTCGACTAGACATGAAAAATTCAGATTGAGGTAAATCATCAAATGGATGATTTCTATATGATATTCTAGGTATTAATCCTAAGATATTATTTATGCTATTACATTGAGAATTTCCTTCATTGGTTGTGGTACTTATATCCACATTTTGGTGATCATCAAGATATAATGTATTTTCTTTAGAACTT","Pf3D7_06_v3-1140900-1141174-1A.1","189A",287,1,1
"IM-23-122-HMID","8073805116","Maziba","Pf3D7_06_v3-1192628-1192867-1A","GATTATATATTTCTATATTTTAATAAGAAGGCGTTACACAAACATGATGCCTCTAATGAAATGTGTTTTGTGAAAAACGAAGATTCTACACGCACAAAAGGACATATGAATGATGAACAAAATGATTTATATAAAATAAATAATAATACAACATATTTTTTTAACAAAAACCACT","Pf3D7_06_v3-1192628-1192867-1A.2","155+9N",1702,1,1
"IM-23-122-HMID","8073805116","Maziba","Pf3D7_07_v3-1066661-1066903-1A","TATAGTTTTGTAATTTATTGGTATGTGTTGTTAAAGGAGAATTTTTTTAATATCCCTTGTCATGGGCAAAATGAGAAAAAAGAAATAAAAAACTTTTATGTTCAACATGAAGATATTTGTGAACACACTATTGGTAATCATATGTTAGGTGATAAATTAAAAATGTGTACATCTAATATTAATG","Pf3D7_07_v3-1066661-1066903-1A.1","4A41+9N75+8N86+8N",2468,1,1
"IM-23-122-HMID","8073805116","Maziba","Pf3D7_07_v3-1149367-1149613-1A","TATTTGACTAGTCGAATAATATTTAATATTTTTGTTTAGGAAGTTTTCAAAATTGATGACATTGATAACCGTTTTTATTAAATCGCTTGGGTTGTTTGTGTGTTCCATTGTAGAAGACATAATTTTAAGAATGTGTTTTTGTGTTATTAAACAAAACTTTGTTACTATATGGAATCGTATGTTAT","Pf3D7_07_v3-1149367-1149613-1A.2",".",3158,1,1
"IM-23-122-HMID","8073805116","Maziba","Pf3D7_13_v3-1725124-1725365-2","TGGAAATTGTTCCCATTTATTCATTTTTTCTTCATATACTTCAATAGAATTTAATCTCTCACCATTAGTTCCACCAATGACATAAATTTTATTATCAAAAGCAACACACATAGCTGATGATCTAGGGGTATTCAAAGGTGCCACCTCTACCCATGCTTTCATACGATGATCATATGCTTCTAC","Pf3D7_13_v3-1725124-1725365-2.1","23+8N",5963,1,1
"IM-23-122-HMID","8073805116","Maziba","Pf3D7_13_v3-1725208-1725471-1B","CATAAATTTTATTATCAAAAGCAACACACATAGCTGATGATCTAGGGGTATTCAAAGGTGCCACCTCTACCCATGCTTTCATACGATGATCATATGCTTCTACATTCGGTATAATAGAAGAGCCATCATATCCCCCAATACAATAAATTCTACCATTTGACGTAACACCACAATTATTTCTTCTAGGTATATTTAAATTACTTGAAAC","Pf3D7_13_v3-1725208-1725471-1B.1",".",890,1,1
"IM-23-122-HMID","8073805116","Maziba","Pf3D7_13_v3-1725379-1725652-2","ATTATTTCTTCTAGGTATATTTAAATTACTTGAAACATACCATACATCTCTTAAACGATCATACACCTCAGTTTCAAATAAAGCCTTATAATCATAGTTATTACCACCAAAAACGTATAAGAAATTATTCAATACAGCACTTCCAAAATAAGCTTTTTTGGTAGACATAGGTGTACACATACGCCAGCATTGTTGACTAATATCTAATAATTCCA","Pf3D7_13_v3-1725379-1725652-2.1","153+8N",440,1,1
"IM-23-122-HMID","8073805116","Maziba","Pf3D7_13_v3-1725464-1725719-1B","ATCATAGTTATTACCACCAAAAACGTATAAGAAATTATTCAATACAGCACTTCCAAAATAAGCTTTTTTGGTAGACATAGGTGTACACATACGCCAGCATTGTTGACTAATATCTAATAATTCCATCGAATTTAAATATTCTACACCATCAAATCCACCTATACAAAATACTAATGGGAATGGTAAAAATTTAATACCA","Pf3D7_13_v3-1725464-1725719-1B.1","63+8N",640,1,1
"IM-23-122-HMID","8073805116","Maziba","Pf3D7_13_v3-1725887-1726123-2","AAATAGCTCCACCAACATTAATATCAATCATAGTTTCAGTAGCAATATTTGCATCAACAATTTTTTTTTTATCATTCTCAAAATTTTTATATTCTTGATAATATTTTTCTTTTTCTAAATATAATACTAATTTAATTTTATCGATTTCTTGTAAAAATCTTAATCTTTCTTCATCAA","Pf3D7_13_v3-1725887-1726123-2.1","60+12N",1212,1,1
"IM-23-122-HMID","8073805116","Maziba","Pf3D7_13_v3-1726174-1726408-2","TTTCTAATTCTTTGTACAATCGTACTCTTTCCATTTCTAGTTCTTTCTTATCTTTAAATAATTTATCTTTTTCTCGAATAAAATTCATTTGTGTCTTTTTTAACCAATTAATAAATGTAATTCTTAAATCACCTACCATATTTTCAAAATCACTAGCATCACTTAAT","Pf3D7_13_v3-1726174-1726408-2.1","95+8N",3183,1,1
"IM-23-122-HMID","8073805116","Maziba","Pf3D7_06_v3-1115900-1116168-1A","ATTTTTTAATAAAGCAGTACCATCTATATCTCTTCCTTTTTTTAAAACACATAAAGTTTCATCAAAATTGCTTGTGCTATTTTTATCAGGTTCAGGAAAATATTGTTTATTTGGAGAATATCCATTCTGATTACAAGTTATAATATTATTAATATTTATAAATTTTTTGTTTGTTTTTAAATCACCAAATTGATTATCGTTAT","Pf3D7_06_v3-1115900-1116168-1A.2","1+8N36+9N114G162+12N",301,1,1
"IM-23-122-HMID","8073805116","Maziba","Pf3D7_13_v3-2114242-2114482-1A","CTTCCATTAACTCAATATATAATTTATTAATAATTTTTAATTTGTTTATTTCAAAAAGGCATAGTTGTAACAAGGTTCTTAAGGTTCTATTACCCCCTAAGAGGTTAAAATGAATATTTCCTTTTTCTCGTATATGCAAAAAATCCCTTAACAATAAATCATATTCATCAGTATGAAATGT","Pf3D7_13_v3-2114242-2114482-1A.1","67G76T137+8N",1494,0.998663101604278,2
"IM-23-122-HMID","8073805116","Maziba","Pf3D7_13_v3-2114242-2114482-1A","CTTCCATTAACTCAATATATAATTTATTAATAATTTTTAATTTGTTTATTTCAAAAAGGCATAGTTTTAACAAGGCTCTTAAGGTTCTATTACCCCCTAAGAGGTTAAAATGAATATTTCCTTTTTCTCGTATATGCAAAAAATCCCTTAACAATAAATCATATTCATCAGTATGAAATGT","Pf3D7_13_v3-2114242-2114482-1A.2","137+8N",2,0.00133689839572193,2
"IM-23-122-HMID","8073805116","Maziba","Pf3D7_13_v3-2114829-2115090-1A","ATTCAATATATATAAAAATATAGCTAATAAACATTTCAAATCTCCATTAAGAACTTTATTCATCTTAACAAAAGCTCTATGAACTTCTGTATCTATAGTCGATTTTGTTATTCTAAGCATATCATTAAGTAAAAAATTTACGGTATCGACATTAACAGTGTAATAATTTCTTCCTAAATTTAAATGTTCTAAATAATTCAA","Pf3D7_13_v3-2114829-2115090-1A.1","130+8N192A",564,1,1
"IM-23-122-HMID","8073805116","Maziba","Pf3D7_13_v3-2504481-2504734-1B","TAAAATGTGTTGATGATTTTAACAATATGGTTATAACGATAAAAGAGGAAGTAAACAATCATTGGGAAAATAATATATACAATAAAAAGGATATGGTTAATTATACAAATGAAAATTATAATGATAATATATTAACATATGAATATATTAATGAAACACTTAGAAAAGAAAAAAAAAGATATTATA","Pf3D7_13_v3-2504481-2504734-1B.1","168+11N",266,1,1
"IM-23-122-HMID","8073805116","Maziba","Pf3D7_13_v3-2545065-2545291-1A","ATGATTCCTCAAAAGTTTAACATTCCACATAGTATCTGTTAAATTGATAGTTTGCAAACAATTATACGTTTGGTTATTTTTATTTTTAAAAAAGGATATATCATCATCTAAAGATTTATTTTTGAGAAAGATTTCCATATATTCATATATATCATGAATACACCA","Pf3D7_13_v3-2545065-2545291-1A.18","87+8N102C154A",4098,0.999268471104609,2
"IM-23-122-HMID","8073805116","Maziba","Pf3D7_13_v3-2545065-2545291-1A","ATGATTCCTCAAAAGTTTAACATTCCACATAGTATCTGTTAAATTGATAGTTTGCAAACAATTATACGTTTGGTTATTTTTATTTTTAAAAAAGGATATATGATCATCTAAAGATTTATTTTTGAGAAAGATTTCCATATATTCATATATATCATGAATACACCA","Pf3D7_13_v3-2545065-2545291-1A.1","87+8N154A",3,0.000731528895391368,2
"IM-23-122-HMID","8073805116","Maziba","Pf3D7_13_v3-2770591-2770863-2","ACACATCGATTTTATCAAAAGGAAATATTCCAAGAAATATTTTTAAAAAAAAATAGTGAGTTAGATGATCACGTATGGAATATAGAAAGTATTACTACGAATATATTAGAGAGGAATAAATTAAGTGATCAAAATAATGAAGATAACCATGATGTTAATAATAATAATGAAGACCCATCTGGGGGTAATTTAAAAACCAATCTAAT","Pf3D7_13_v3-2770591-2770863-2.1","44+11N156+13N",683,1,1
"IM-23-122-HMID","8073805116","Maziba","Pf3D7_13_v3-2770621-2770854-1B","ATTCCAAGAAATATTTTTAAAAAAAAATAGTGAGTTAGATGATCACGTATGGAATATAGAAAGTATTACTACGAATATATTAGAGAGGAATAAATTAAGTGATCAAAATAATGAAGATAACCATGATGTTAATAATAATAATGAAGACCCATCTGGGGGTAATTTAAAAAC","Pf3D7_13_v3-2770621-2770854-1B.1","18+11N130+13N",819,1,1
"IM-23-122-HMID","8073805116","Maziba","Pf3D7_13_v3-2780346-2780575-1B","GTTGGATAGAATGCCCGACTACGGATCGGGAGGTCGTGGGTTCGACTCCTGCCCGGCCTAATTTTTTTCGTTTTCGTTTTTAAAGTAAAAAAGGATAATATTTTTAAAAAACATTTAGTATATATATTTTTTTTAAATAATAAATCTATTATATTATTAAATATTATGAGAAGA","Pf3D7_13_v3-2780346-2780575-1B.1","61+9N86+8N105+8N126+10N",912,1,1
"IM-23-122-HMID","8073805116","Maziba","Pf3D7_13_v3-2814583-2814832-2","TCAGTCTTCTAATTCTAGCGATAATGATCCTGCAGTAGTAAGTGGTAGAGAATCTAAAGATGTAAATCTTCATACTTCTGAAAGGATTAAAGAAAATGAAGAAGGTGTGATTAAAACAGATGATAGTTCAAAAAGTATTGAAATTTCTAAAATACCATCTGACCAAAATAATCATAGTGATTTATCACAG","Pf3D7_13_v3-2814583-2814832-2.1","124T",3655,1,1
"IM-23-122-HMID","8073805116","Maziba","Pf3D7_13_v3-2814606-2814855-1B","TAGCGATAATGATCCTGCAGTAGTAAGTGGTAGAGAATCTAAAGATGTAAATCTTCATACTTCTGAAAGGATTAAAGAAAATGAAGAAGGTGTGATTAAAACAGATGATAGTTCAAAAAGTATTGAAATTTCTAAAATACCATCTGACCAAAATAATCATAGTGATTTATCACAGAATGCAAATGAGGACTCTA","Pf3D7_13_v3-2814606-2814855-1B.1","109T",2102,1,1
"IM-23-122-HMID","8073805116","Maziba","Pf3D7_05_v3-961511-961758-1B","CTGCAGAAGATTATACTGTATTTAATAATAATGGAGAAATATTATTAGATGATATTAATATATGTGATTATAACTTAAGAGATCTTAGAAACTTATTTTCAATAGTTAGTCAAGAACCCATGTTATTTAATATGTCCATATATGAAAATATCAAATTTGGAAGAGAAGATGCAACATTGGAAGAT","Pf3D7_05_v3-961511-961758-1B.1",".",1082,1,1
"IM-23-122-HMID","8073805116","Maziba","Pf3D7_01_v3-528859-529104-1A","TTTGATTCTTTTTAATAAAAAAGAAGCTAAAGATATGTCAGACGATATAATTTCCCAACAAAAACGTTATTGCTCTACCAATATTCATAGTAATTATAATAATAAAATATGTATATGTAAAAATAAGCGACATCATAACAAAAGAGGGAAAGGAATAAAGCATCATGACATACATCAAAAGG","Pf3D7_01_v3-528859-529104-1A.22","17A44G165A",5391,1,1
"IM-23-122-HMID","8073805116","Maziba","Pf3D7_06_v3-1128558-1128797-1A","ATTGAATCGTTGGTGTTTATTTTATTATTCCTCTTTTGTTTTTCAATGAATACAAATGTTTCATCGACACTATCTTTATGATCTATTGGTATGGCATGATTTTCTAAATTGCTATTTCTTTCATTAGAATTGTATTTTTCACTATTATAGGTTGAGATTTTACTACATTTTATATTTTT","Pf3D7_06_v3-1128558-1128797-1A.2","157A",1426,1,1
"IM-23-122-HMID","8073805116","Maziba","Pf3D7_06_v3-1135605-1135855-1A","TATAAAGAATTTATACCACCTAAATTGTTAACATTAGAAGTATTATTTGTTTCTGTATTTTCTTGTAACGTATTTGTATTATTAATATTGTTAGATGAAATATTATGACTATTTCTTCTATTTGTTATATTTAAATTGTAAATAGTTTCATTACTAACACTACTGATACCATTGAAATGATTATTTAG","Pf3D7_06_v3-1135605-1135855-1A.1","172T",702,1,1
"IM-23-122-HMID","8073805116","Maziba","Pf3D7_06_v3-1136091-1136364-1A","CATTATTTTTGTATCCAACGTCGTTATTATTAAAACTTATTATTTGATTAATAACTGACGAACCACATATATTTACACAATGGAATACATAACTTAAGAAAGAGTAGTAATTGCATTTTACTTTTTGCATTTTCCCTCTGGTGGAGAAATAATTATTATGCTGCTTATTACTCTTTGTATTATGATAATTTTTGGTAATCATTTTTTTT","Pf3D7_06_v3-1136091-1136364-1A.1","173C201+9N",535,1,1
"IM-23-122-HMID","8073805116","Maziba","Pf3D7_02_v3-470437-470709-1A","AATATTGACATGAAACATTATAATACACATAAGAAAAAAAAAATTTATTTATTCTTACAAAAAGAATATAAAAACAAAATTTTGGGATTTATAAATTTTTATAAACGTATAACACACAAAATAAAAAAGAAACAAGAAAATGTTCATGATAAAATCACTTTTTTAAAATGTCTAAAGGAACTCTTTTTTGTCACACATACAAATA","Pf3D7_02_v3-470437-470709-1A.3","33+12N107G122+8N158+8N183+8N",212,1,1
"IM-23-122-HMID","8073805116","Maziba","Pf3D7_02_v3-503040-503288-1A","ATTATGATTAATAATAATATTTCTCATAATTTCGTTAAATACATCTAAACTATTTATAGAACCATCTATATCATCTTCATTCCTATTTTGGTGAACTGATTCGGTGTTTATAACATCTAAGGTGTCTTTTTCTTCTCCTCTGTAACTTTTTATAATTTTTTGATAAATGTTGTTATAAGAATTATCA","Pf3D7_02_v3-503040-503288-1A.1","155+8N",1737,1,1
"IM-23-122-HMID","8073805116","Maziba","Pf3D7_02_v3-628941-629172-1A","ACTTTTTTTAGATTTTTCTTGATCGTTTTCATCATTTTTTATTTCCTGTTCATCTGAGGTTTTCTTTTGTAAACGCTTAGTGCGTTGCTTTTGACCTTTTAATTTTTTTTTAAATATATTTTTAACTTGATCAATGAAGAAAGCATAATCTTGTATGACAGAAAATCT","Pf3D7_02_v3-628941-629172-1A.2","2+9N34+8N87G102+11N",1927,1,1
"IM-23-122-HMID","8073805116","Maziba","Pf3D7_02_v3-630641-630907-1A","CTAAGTTATCTAAAATTATTAATTTTTTCAAATATGGTAATTTATGTCTATGAAGTAATAAGCCATCAACTAAATCTAAATCTAAACATAACCATTCTAATTTCGTTTCATTTAATATGTTTACAATTACATCTATACTAAAGTTAGAATGTAAAATCAAGGTTGTTACACCACTCATCATAGCTGCCATATCAACAAT","Pf3D7_02_v3-630641-630907-1A.1","22+8N43T",525,1,1
"IM-23-122-HMID","8073805116","Maziba","Pf3D7_03_v3-221185-221419-1B","AAATAAATTAAATAGGAAAATATAAAGAAAAATGAAAATTAAGAAAAAAAGTAGTATATATTTTTATAAATATTGTACAACTCAAACTAAGATGTGTTCTTTATCTAATTAAGGAACAAGAAGGATAATACCATTATTAATCCTATTGAACTATTTACGACATTAAACA","Pf3D7_03_v3-221185-221419-1B.1","43+9N",945,1,1
"IM-23-122-HMID","8073805116","Maziba","Pf3D7_07_v3-403479-403716-1B","TTAGGTGGAGGTTCTTGTCTTGGTAAATGTGCTCATGTGTTTAAACTTATTTTTAAAGAGATTAAGGATAATATTTTTATTTATATTTTAAGTATTATTTATTTAAGTGTATGTGTAATGAATAAAATTTTTGCTAAAAGAACTTTAAACAAAATTGGTAACTATAGTTTTGTAACATCCGA","Pf3D7_07_v3-403479-403716-1B.1",".",1581,1,1
"IM-23-122-HMID","8073805116","Maziba","Pf3D7_07_v3-403487-403750-2","AGGTTCTTGTCTTGGTAAATGTGCTCATGTGTTTAAACTTATTTTTAAAGAGATTAAGGATAATATTTTTATTTATATTTTAAGTATTATTTATTTAAGTGTATGTGTAATGAATAAAATTTTTGCTAAAAGAACTTTAAACAAAATTGGTAACTATAGTTTTGTAACATCCGAAACTCACAACTTTATTTGTATGATTATGTTCTTT","Pf3D7_07_v3-403487-403750-2.1",".",455,1,1
"IM-23-122-HMID","8073805116","Maziba","Pf3D7_07_v3-403801-404052-1B","TATATATATATATATGTATGTATGTTGATTAATTTGTTTATATATTTATATTTATTTCTTATGACCTTTTTAGGAACGACACCGAAGCTTTAATTTACAATTTTTTGCTATATCCATGTTAGATGCCTGTTCAGTCATTTTGGCCTTCATAGGTCT","Pf3D7_07_v3-403801-404052-1B.4","1+45N130+8N",1695,1,1
"IM-23-122-HMID","8073805116","Maziba","Pf3D7_01_v3-455794-456054-1A","AGAAAAAAAATTTATTAAGAGGTATTTCGATTTTAAAAATTTAAGAATTAATTTTTAATTATGTCTATAAAAACTTAATAGAAAATAAATATTATTTTGTTTTTCAAAAAAATGTTTAAGAATAATATTTCTTTATTCTTTTACAATTTAGAACATATAATGCTATTTCTTTTAATTTTAATTTAATTTCAAA","Pf3D7_01_v3-455794-456054-1A.1","2+10N105+9N",116,1,1
"IM-23-122-HMID","8073805116","Maziba","Pf3D7_07_v3-405517-405773-2","TTTTCTACCATGACATATACTATTGTTAGTTGTATACAAGGTCCAGCAATAGCAATTGCTTATTACTTTAAATTCTTAGCCGTAAGAATTAAAAAGATATAAATATATAAATATATATGTGAAATATATGATATATATGATATATATTTTTTATATGTAATGTTTTTTTTTTTTTTCACAATATACATTTAA","Pf3D7_07_v3-405517-405773-2.2","97+57N162+16N",195,1,1
"IM-23-122-HMID","8073805116","Maziba","Pf3D7_01_v3-535965-536239-1A","GCTCATTCGATATTTTCCAGTTGTTTGATTTTAAAAATGATGTATATTTTTTAGATGATAATTTGTTCGACAAGGATATGGTATATTGTACAAGTACCAACAATTATGGCATTATGGAAAATGATAATGATGATGATAAAATAATAAAAATACAGAATTTAAATGAGAAATTAAAAAATGGAAAAGCTGAATTTAAAGATATATTATTAT","Pf3D7_01_v3-535965-536239-1A.4","8C46+8N111A118A121+17N155G172+8N",199,1,1
"IM-23-122-HMID","8073805116","Maziba","Pf3D7_02_v3-290580-290821-1A","TTATTATAAGGATTATAATTATTATCATTCTTATTATATGGATTAATATAATTTCGATCATTATCATTACTGTTTTTATCATATTGTGGATAATTATTTCTATTTCTATTTTGATTAAAATCCGATTGTCTATATCTAACTCTAATATCTGTAGATGCTAAATCATTAGGTAATGGG","Pf3D7_02_v3-290580-290821-1A.1","12+26N",2429,1,1
"IM-23-122-HMID","8073805116","Maziba","Pf3D7_02_v3-291770-292017-1A","TAATATCATAAGGTTTGAATATTTTCCTCTCAGGTATTATACCAACAGAAGGTTTATCATCATCTTTAAAACCTGCTCTATCTTTAACCCAATGATTAGGATTTTTTAAACATAAAGCTGGATTCTTTAATAAATCTTTCATATGTTCCATATTATTTTCTTCATTTATATATGATTCTAC","Pf3D7_02_v3-291770-292017-1A.3","92A101+8N",882,1,1
"IM-23-122-HMID","8073805116","Maziba","Pf3D7_07_v3-627351-627625-1A","TCACTAAGATAATTATTATTACTATTTTCAGCATAATAAAATTTCTGATGTTTTATAAGAGGAGTTTGGTTAGAAGCAAAATTATCAGCAGTTGTCGAATAATTATTATGTTCTTGATAAAAGAGATTATTCATATAGTTATTATTATTTTTCATATCATCCATAGTATTATTGTTAATATAAAATTCCTCATATGAATTATATATATA","Pf3D7_07_v3-627351-627625-1A.1",".",139,1,1
"IM-23-122-HMID","8073805116","Maziba","Pf3D7_07_v3-717260-717493-1A","GAGCTTGCTTTTTTGTTGCGTTACTTGCTGGGCTGATCAAAAAAAAAGTTGAATGTATTGAACTTAGTGCCAGCGAAATTTCCCCTCATGAAAACAAATCGACGAGTTCATCAATATTCCAAGAGGAATTAAAATTTGATGAGTCTCTGAAAAATTTTTTCAAACAA","Pf3D7_07_v3-717260-717493-1A.2","8+8N38+11N141G154+8N",3483,1,1
"IM-23-122-HMID","8073805116","Maziba","Pf3D7_07_v3-405570-405844-1B","ATAGCAATTGCTTATTACTTTAAATTCTTAGCCGTAAGAATTAAAAAGATATAAATATATAAATATATATGTGAAATATATGATATATATGATATATATTTTTTATATGTAATGTTTTTTTTTTTTTTCACAATATACATTTAAATGTTTATGATGGTACAACGTATCATATTTTATAATAATTTTATGCATTCATGTATATTATTTTTACTTTTT","Pf3D7_07_v3-405570-405844-1B.2","49+57N114+16N",67,1,1
"IM-23-122-HMID","8073805116","Maziba","Pf3D7_07_v3-432832-433091-1A","TTGAAAAAGTCATCATCAGAATGGGGATGATTATTATTGTTATTATGAGTTTGGTTCGTATTAATATTATGATCCTTTTCGTTATTTAATTTATGTTCATTTATATTTTTATAAATAAATAATTTTCCAAGAAGTATACCATTAATAAACTTACTAGTTAACATATTAGACTGCTCAATATTTGTACATTTTTTTAAAGTATGTATT","Pf3D7_07_v3-432832-433091-1A.3","30+17N72A188+9N198A",846,1,1
"IM-23-122-HMID","8073805116","Maziba","Pf3D7_07_v3-475313-475545-1A","AGCTTTATTATCTACAAAAAATCCACGTGGATATATGAAACAAATGAAATTGTATTTTATATTCCAAATTAAAGAAATTGCATTAAGAAAACATGGCTCTTTACTTACAGTCAAAAATTTATATAATAATAAACTTTTAAATATAAATTCATCATCTTCTACAAATA","Pf3D7_07_v3-475313-475545-1A.1","15+8N",644,1,1
"IM-23-122-HTXO","8073804552","Maziba","Pf3D7_14_v3-921176-921432-1A","ACAATATTAATTTTTTAAGTTCATTATTTCAATTTTATATTTAGGAGGATCTATATCCATATATTATTCATTTTAAAAATATTAAAATAAATACATATATAAATATATAAACATATAAATACAGTCTTTTAAAAATTAATAAGATTTATATAAAATATGGTTATAAATCCTATTTTGTATTATATTAAA","Pf3D7_14_v3-921176-921432-1A.2","15T120T186T",17,0.0130468150422103,2
"IM-23-122-HTXO","8073804552","Maziba","Pf3D7_12_v3-684011-684240-1A","ACCTAATGTTGGTAAGTCTACCATTTTTAATCGACTAACTCGAAAATATCAAGATGGTAGTATTGTTTTAGATGTTAGTAGTACGAGAGATAAACTTTATGGAGAAGTTGAGTGGGAAGGATATAAATTTGAACTTGTGGATACAGGAGGTTTAGTTTTTGA","Pf3D7_12_v3-684011-684240-1A.3",".",2241,1,1
"IM-23-122-HTXO","8073804552","Maziba","Pf3D7_12_v3-857050-857323-1A","ATATAATTTTAAGATGTCCTATCAAGACGTTCAGGAAAAAAAAAATGAAGATATAAATTATGATGAAATAGCTAGCAGCATGCTAGAGAAGATGGACAAACATATAAATGGAGAAAAACAACCAACGATACATTATGAAAATTTAAATGTACAAGAGCAAGGGGGAGCACATGCTTATTACTCAAATCAAGATATAAATAACATAAATA","Pf3D7_12_v3-857050-857323-1A.2","35+12N162G",1215,1,1
"IM-23-122-HTXO","8073804552","Maziba","Pf3D7_14_v3-1992121-1992370-1A","ATTAAAACATTTCAACAATTTTATTTCCTTCTTTATAAAATTATATAAATTAATTATTTTCTTTTTATCACATTCAAAGACGGCATAAGGTGCACCCCATGAACATTTTTTACTTTTGCTACCATCAGGCATAATATAAACACCAGTACCATTTTTTTCTGATAAATTAATATTTTTTTGTATAACATCATA","Pf3D7_14_v3-1992121-1992370-1A.8","12T105+8N151+9N172+9N",786,1,1
"IM-23-122-HTXO","8073804552","Maziba","Pf3D7_12_v3-659881-660127-1A","GGTGGTTTAACATTTTCAGCTACGACTTTTTCGACTGATGGCAATCCTACTTTGATTAATTCCTTTAACATAGATTTTGCGTGTTTTTTTACTTCTGATTTGATATCAAAGCTTGATTCTAAAAAGGTTGGTGAATTTTTTTGTAAAACACTGACAAGTTCATTTGATATGGTCTCTGCTAAATCATCACCA","Pf3D7_12_v3-659881-660127-1A.1","26C27T35C83+9N135+9N",1884,0.997881355932203,2
"IM-23-122-HTXO","8073804552","Maziba","Pf3D7_14_v3-2020604-2020849-1A","CAAGAACATGAATATTTCTGTAAATACATAGACAAGTCCTCATTATGTCTTATCACAGGGTGCTCTTCTTTAATATGACAATATAATTTTATATGTTTTATTATTTCTTGATGAATTTCACATAATAAAAATAATGTGTGATTCATATGTTGACTACCCAATATAGAAAAGCCACTAACTAATTG","Pf3D7_14_v3-2020604-2020849-1A.1","65+8N",1772,1,1
"IM-23-122-HTXO","8073804552","Maziba","Pf3D7_14_v3-2260533-2260765-1A","AATAACCATCAAATACAAACTCAACCAACAAATACAGTACAATATATTCAACCAAATTATGAACAAGTCATAACACAAGTAGATCAAAATGGTAATCTATTCAATCAACAGCTTGTAGGAAGTACAGTAATGCAAAATATGACACCACAAGGTGTAAACACGTTAAATTATCCTGCAACG","Pf3D7_14_v3-2260533-2260765-1A.1","91G",2493,1,1
"IM-23-122-HTXO","8073804552","Maziba","Pf3D7_14_v3-2355614-2355853-1A","ACTTTTCTCGATTCACATTATCCAAACCCATTTAACGAGTATGAAAAATATGACAAACATTATTATGAACTTGAAAATATTTTAAAAAACAAACTTAATGAACATTCCTTAAATTATCAATCTTTGTTAAAAATGAAAAGATTTATAAGTATGAACGATATGGAAAATAATAA","Pf3D7_14_v3-2355614-2355853-1A.1","83+8N",1670,1,1
"IM-23-122-HTXO","8073804552","Maziba","Pf3D7_14_v3-2004362-2004606-1A","TATTTCCATATTATTGTAATAGGGCTTTTTCTTGCTCTTCTAATTTTTGTATATCTTGCTTATCCTTATCTAATTGTCCAAGAGCATTTAATTCATCTTCTACATTTATTTTATTTTCTTGAGAATATTCTTCAATTTTGTCTTCGAAACTGTTATATAATCTATTTATAATTGGTTG","Pf3D7_14_v3-2004362-2004606-1A.1",".",963,1,1
"IM-23-122-HTXO","8073804552","Maziba","Pf3D7_14_v3-421322-421547-1A","TAAGAAAGATGAAGTAATAGAAAAAACTGAAGTATCAAAGAAAACATTTTCAGGTATAGGTTTTAATCTTACTGAAAAAGAAGCTAAAGTATTAGGTGTAGGTGTAACCTATCAAGAATATCCAGAAACCATGTTATATAACTGTCCAAACAATTCTA","Pf3D7_14_v3-421322-421547-1A.2","20+8N76A",1131,1,1
"IM-23-122-HTXO","8073804552","Maziba","Pf3D7_14_v3-771407-771633-1A","ACCCACGGGACATTTTAATTTATACCTATTGGAACATTTTTTATTAGGTCTTTCTTTATGATTCTTCTTTAAAATAGGTTCATCATTATTTGAGTAAACTAACAGATCATTATGGTTCTCAAAATTATTATAACCATCAATATTTTTATTTCCATATACATCTATAA","Pf3D7_14_v3-771407-771633-1A.3","36+8N108C114G",3976,1,1
"IM-23-122-HTXO","8073804552","Maziba","Pf3D7_14_v3-921176-921432-1A","ACAATATTAATTTTTTAAGTTCATTATTTCAATTTTATATTTAGGAGGATCTATATCCATATATTATTCATTTTAAAAATATTAAAATAAATACATATATAAATATATAAACATATAAAAACAGTCTTTTAAAAATTAATAAGATTTATATAAAATATGGTTATAAATCCTATTTTGTATTATATTAAA","Pf3D7_14_v3-921176-921432-1A.5","15T186T",1286,0.98695318495779,2
"IM-23-122-HTXO","8073804552","Maziba","Pf3D7_14_v3-293575-293829-1B","TTTTGTAGTGTAATGTGTGGTTTATTTTATTATGTGTATGAAAATGTATGGCTTCAAAGAGATAATGAAATGAATGAAATTTTAAAAAATTCCGAACATTTAACTATTGGATTTAAAGTTGAAAATGCACATGATAGAATTTTGAAAACTATAAAAACACATAAATTAAAAAATTACATTAAAGAAT","Pf3D7_14_v3-293575-293829-1B.1","83+8N167+8N",818,1,1
"IM-23-122-HTXO","8073804552","Maziba","Pf3D7_14_v3-294503-294768-2","CAGAATTTAGATGTTATCAAAGTCCCATTCTTACCTTTCTATGTAACTCTTTGTAACAACAGCAAATTACCAACTTTTGAATTTACCTCAGAAAATGGTAAATACACATTAGAACCTGAATACTACCTTCAACACATAGAAGATGTTGGTCCAGGATTATGTATGCTTAATATCATAGGATTAGATTTTCCAGTACCAACCTTTA","Pf3D7_14_v3-294503-294768-2.1",".",691,1,1
"IM-23-122-HTXO","8073804552","Maziba","Pf3D7_14_v3-294506-294753-1B","AATTTAGATGTTATCAAAGTCCCATTCTTACCTTTCTATGTAACTCTTTGTAACAACAGCAAATTACCAACTTTTGAATTTACCTCAGAAAATGGTAAATACACATTAGAACCTGAATACTACCTTCAACACATAGAAGATGTTGGTCCAGGATTATGTATGCTTAATATCATAGGATTAGATTTTCCAGT","Pf3D7_14_v3-294506-294753-1B.1",".",3541,1,1
"IM-23-122-HTXO","8073804552","Maziba","Pf3D7_14_v3-297583-297856-1B","AGGAGGTTTTTCTTATTATATTTTTGAAAATTTCGTTTTTCAAAAGAACCGTAAAATTAATCACATAATTAAGACTTCAAAATATTCGACAGTAGGATTTAATATTGAAAATTCTTATGATAGACTTATGAAAACAATTAAAGAGCATAAATTAAAAAATTATATAAAAGAATCAGTAAAACTTTTTAATAAAGGTTTAACCAAAAA","Pf3D7_14_v3-297583-297856-1B.1","153+8N",1323,1,1
"IM-23-122-HTXO","8073804552","Maziba","Pf3D7_14_v3-298368-298636-1B","ACGATTTAATGTGGCAAGTTGATTTAGATGTACATTTTGGTAATGTATCTTCCAAAAAAGCAAACGTTATTTTAGATAGTGCCACCAGTGTCATAACTGTACCAACAGAATTTTTTAATCAATTCGTAGAATCTGCAAGTGTTTTCAAAGTTCCATTCTTATCTTTGTATGTAACCACTTGTGGTAACACGAAATTACCAA","Pf3D7_14_v3-298368-298636-1B.1","53+8N110+8N",1323,1,1
"IM-23-122-HTXO","8073804552","Maziba","Pf3D7_14_v3-3124416-3124655-1A","TAATTGATCTTCTAGAGGAATTAGATATTTTGTCTATATCGAATAAAGATGAAGTAGAAAAACGAAGAAAGGAAACAACTCAAGAGACGCGGTTGTTAGGAAATATTGATTTAGGATATGGAAAATTAGGAGAGGGAATAAAGCATGAAAATTTACAGGAAGAATTAGGAAACAGATTATTTG","Pf3D7_14_v3-3124416-3124655-1A.1",".",3920,1,1
"IM-23-122-HTXO","8073804552","Maziba","Pf3D7_14_v3-3125801-3126073-1A","ATTCTTATAATATTTAAGAATGAAGGGATTAAATATTTACATTTTAGCGACGATACTCTGAAATATGTTAATTTTAATTATCCTGATTTTAACTTATATAAATGTATGAATTTATATAAGAAAAATTATGTTGATAGGGATGAGAAAGATATCTGTGATTTTTCAAATGAAGATTTTCCGTTAATAAAAGAAAATAACAAGAGAATCAG","Pf3D7_14_v3-3125801-3126073-1A.1","51C",801,0.996268656716418,2
"IM-23-122-HTXO","8073804552","Maziba","Pf3D7_14_v3-3125801-3126073-1A","ATTCTTATAATATTTAAGAATGAAGGGATTAAATATTTATATTTTAGCGAGGATACTCTGAAATATGTTAATTTTAATTATCCTGATTTTAACTTATATAAATGTATGAATTTATATAAGAAAAATTATGTTGATAGGGATGAGAAAGATATCTGTGATTTTTCAAATGAAGATTTTCCGTTAATAAAAGAAAATAACAAGAGAATCAG","Pf3D7_14_v3-3125801-3126073-1A.6","40T",3,0.00373134328358209,2
"IM-23-122-HTXO","8073804552","Maziba","Pf3D7_14_v3-3214249-3214516-1A","TAAATAAAAAAGGATTAGATGATTTAATAAAAGATTTGTTAAAATATTTTCCAAAGAATTCAATTAGCGATCGTTTTGAATTGTTAGAATTTAAAATGACGGAGGATTGTTATACAAAAATGTGGTTTGATTTTATGAGTGATTTTGGAATAGCTACAATGAATGAAACCGAACATACTAGATCTTTTTATGGCTTAATCGAA","Pf3D7_14_v3-3214249-3214516-1A.1","5+8N194C",2936,1,1
"IM-23-122-HTXO","8073804552","Maziba","Pf3D7_14_v3-377765-378020-1A","AAAGATATATCAACTGAAAAGATTTTATCAAATAATTGCTTTAATAATAAGTTAAAAAATTGATTTCCAATATCTATCATATTCATATAATCTAATGATTTAAAAATATATAATATACTCTTTGGACTAAATTTAAATTCATCATTTATTATTCTCTCTTTTACTATTGTTTTAATTTGATTAAAATATATAA","Pf3D7_14_v3-377765-378020-1A.38","21G53+8N71T135A154C170T",926,1,1
"IM-23-122-HTXO","8073804552","Maziba","Pf3D7_14_v3-407306-407542-1A","CTTTCTTTCGTCTTTCTGTTCATTATCCATATAATCTTTTTCTACTACCTTTTCATTCTTTACTTTATTTCTATTAATACACAATTCTCCTTGAGTTAAGAGATTTACGATATTATCAATATTGTTTTCTTTCATATACTTCAACTTTTTACTATTCATTTTTAAAAGA","Pf3D7_14_v3-407306-407542-1A.4","44A47A85T",1720,1,1
"IM-23-122-HTXO","8073804552","Maziba","Pf3D7_02_v3-503040-503288-1A","ATTATGATTAATAATAATATTTCTCATAATTTCGTTAAATACATCTAAACTATTTATAGAACCATCTATATCATCTTCATTCCTATTTTGGTGAACCGATTCGGTGTTTATAACATCTAAGGTGTCTTTTTCTTCTCCTCTGTAACTTTTTATAATTTTTTGATAAATGTTGTTATAAGAATTATCA","Pf3D7_02_v3-503040-503288-1A.2","97C155+8N",2898,1,1
"IM-23-122-HTXO","8073804552","Maziba","Pf3D7_02_v3-628941-629172-1A","ACTTTTTTTAGATTTTTCTTGATCGTTTTCATCATTTTTTATTTCCTGTTCATCTGAGGTTTTCTTTTGTAAACGCTTAGTGCGTCCCTTTTGACCTTTTAATTTTTTTTTAAATATATTTTTAACTTGATCAATGAAGAAAGCATAATCTTGTATGACAGAAAATCT","Pf3D7_02_v3-628941-629172-1A.4","2+9N34+8N86C102+11N",2172,1,1
"IM-23-122-HTXO","8073804552","Maziba","Pf3D7_02_v3-630641-630907-1A","CTAAGTTATCTAAAATTATTAATTTTTTCAAATATGGTAATTCATGTCTATGAAGTAATAAGCCATCAACTAAATCTAAATCTAAACATAACCATTCTAATTTCGTTTCATTTAATATGTTTACAATTACATCTATACTAAAGTTAGAATGTAAAATGAAGGTTGTTACACCACTCATCATAGCTGCCATATCAACAAT","Pf3D7_02_v3-630641-630907-1A.21","22+8N158G",1614,1,1
"IM-23-122-HTXO","8073804552","Maziba","Pf3D7_03_v3-221185-221419-1B","AAATAAATTAAATAGGAAAATATAAAGAAAAATGAAAATTAAGAAAAAAAGTAGTATATATTTTTATAAATATTGTACAACTCAAACTAAGATGTGTTCTTTATCTAATTAAGGAACAAGAAGGATAATACCATTATTAATCCTATTGAACTATTTACGACATTAAACA","Pf3D7_03_v3-221185-221419-1B.1","43+9N",1875,1,1
"IM-23-122-HTXO","8073804552","Maziba","Pf3D7_03_v3-221295-221532-2","AAGGAACAAGAAGGATAATACCATTATTAATCCTATTGAACTATTTACGACATTAAACACACTGGAACATTTTTCCATTTTACAAATTTTTTTTTCAATATCATTTGCATAATCTAATTCGTCTTTAGGTTTATTAGCAGAGCCAGGCTTTATTCTAACTTGAATACCATTTCCACAAGTTA","Pf3D7_03_v3-221295-221532-2.7","86+11N",1,0.00112866817155756,2
"IM-23-122-HTXO","8073804552","Maziba","Pf3D7_03_v3-221295-221532-2","AAGGAACAAGAAGGATAATACCATTATTAATCCTATTGAACTATTTACGACATTAAACACACTGGAACATTTTTCCATTTTACAAATTTTTTTTTCAATATCATTTTCATAATTTAATTCGTCTTTAGGTTTATTAGCAGAGCCAGGCTTTATTCTAACTTGAATACCATTTCCACAAGTTA","Pf3D7_03_v3-221295-221532-2.5","86+11N107T114T",885,0.998871331828442,2
"IM-23-122-HTXO","8073804552","Maziba","Pf3D7_03_v3-221463-221712-1B","ACTTGAATACCATTTCCACAAGTTACACTACATGGGGACCATTCAGTTGAAATAGAATTTTTTATTTTGTTTAAATATTGTTCTATGTGCTTATCACTTGGTTCTTCGTTATTATTATTTTTTACAGCATTGTTGGCATTAGCATTTTCATCTACATTTCGGTTTGGGTCATTTGGCATATTGTGACCTTGTC","Pf3D7_03_v3-221463-221712-1B.15","53T62T80G83C117+8N130T",1776,1,1
"IM-23-122-HTXO","8073804552","Maziba","Pf3D7_03_v3-515418-515657-1A","TTTCATTAATTTCTATATGTTTGAATTCCCTTATAGACATATTTGAATCATTATTACTTTTATATGAAGTGTTATTATCGAAATTATTATTAATACATTTTATTTTAATGATTTTGTTAAAATTTTTATTATTTACTATAATGGAAGTCAGATATGTACTTATCGTATGGAAAGCTAATCATCAACA","Pf3D7_03_v3-515418-515657-1A.3","5A",4168,1,1
"IM-23-122-HTXO","8073804552","Maziba","Pf3D7_03_v3-653961-654206-1A","CTCGTACAATATTTTTATAATTTCCTTTCATCTTATTTTTTTCTTTATATTTTTTTTTTTCATATGTAAGATTTATATAATCACTTTCGCTTTTTCTAACGCTTTTGAACTTTTTAAATGTACTTCGTTCATTATTTCTAATTCTCGTAAACACAAGAATAAATATTTTGATATATCTTATA","Pf3D7_03_v3-653961-654206-1A.1","35+9N49+13N101G",1609,1,1
"IM-23-122-HTXO","8073804552","Maziba","Pf3D7_03_v3-85507-85756-1A","TATCATTTAAATTCTCTTTTTCCACAGCTCCAGCATTTTTATTTATATCATCTACAACTACATCTTCCTTCACATAATTATTTATATAAAAAATATTATCATCTAAAGCATCTGAAAATTCTTCATTTAATACTTCTTCATCTTCTACATTAAATGTTTTCGTTCTTTCATCATCTAATAAA","Pf3D7_03_v3-85507-85756-1A.7","93A",1008,1,1
"IM-23-122-HTXO","8073804552","Maziba","Pf3D7_03_v3-855426-855697-1A","GTTATTTCAGTATGAGTTTCAACAGTTAATACTACTTCAGGATATGGATTGATACTTAACGTATGTACTCTCAATAATCTAGTATCAAATATATATGAAAATGTATACTCAGGAAAACATATAGTAGATAATCCATTATTATTCTCTATACATATTTTACTTATAGCTATATAATCGTAATTATCTTCTATTACTATTGGTTCTGTG","Pf3D7_03_v3-855426-855697-1A.1","32C",1130,1,1
"IM-23-122-HTXO","8073804552","Maziba","Pf3D7_03_v3-891553-891827-1A","CAAGAGCTAAGAAAACATATAGAATCATCATAAGGATGTTGATAATATAAATGTGTTTTTATTTGTGTATTTATGTCAGAATATTGTTCCTTTGATTTATCTTTAAAATAATCAAGATTATTTATGTTGGTGGCTTTATTATTATTAAAATAATTTTGATTTGTTACATGATGACTATGGGTATATTTGTATTTTACGTTTTTATTA","Pf3D7_03_v3-891553-891827-1A.10","116G178T",1017,1,1
"IM-23-122-HTXO","8073804552","Maziba","Pf3D7_03_v3-980853-981120-2","TAAGATTCTTTTGAGTTATTTATTTTCCAAATAATTTGGTTATATATATATGAAAATTCGATCATACCACATGCTCCAAGAATAATAGATGCATCGTCATTATATTGGAATGTAAAACTTTCATCATACTCATTTGTATTAGGTACACAAGAATCATCTTTATTTTTATAATTTTCTTTACATGTACAATTAATTTTACTATATT","Pf3D7_03_v3-980853-981120-2.1",".",261,1,1
"IM-23-122-HTXO","8073804552","Maziba","Pf3D7_04_v3-1005938-1006187-1A","GTCTTAACATTAATCTTAGTTACAAAGTTACATGGATTTATTGAAAAGATATTTTCGTCACTATATTTCTTTTTTTCAATATCCGTTTGATCATTTTTATATGTTTTCATATTATCCATATGTTCATTATTTTGATCAATATAATTTTTTTTTATAATAAATTTAGAATTATTTTTAAAGAAA","Pf3D7_04_v3-1005938-1006187-1A.34","69+9N78A84C98T144+11N",1161,1,1
"IM-23-122-HTXO","8073804552","Maziba","Pf3D7_04_v3-1037644-1037891-1A","GAAAGAGATTTAACAGATGATGCTGTGATTTTTGCACACTCACTTTATTTACCATTTGAAAAAGAAGAAATGTGGTGGATCGTTATCGGAATTAAAAAAATGAACTTACTTTTATCTATCAAAAAATTATCTTTATTGAAAAGTGTCAATAATATAAAAATTAATTTCGAATTGCCTGACA","Pf3D7_04_v3-1037644-1037891-1A.1","93+9N120+8N",2437,1,1
"IM-23-122-HTXO","8073804552","Maziba","Pf3D7_04_v3-1083299-1083563-2","ATACACTTTCCATATGTAGAGGACTTATGATATATAGAATTATAAGATAAATGTTTATAATAATCTAAAAAAGTATAATGAGGTATTATAACAAAATCCAAATGTCCTTCTTTTTCTTGTAAAATATCAATAGAATTTGCAATGTTATAATTTGATAACTCTTTAAAATGATATTGTAAAAAATTAACATTTTTATA","Pf3D7_04_v3-1083299-1083563-2.1","66+8N177+8N",552,1,1
"IM-23-122-HTXO","8073804552","Maziba","Pf3D7_04_v3-109939-110184-1A","CAACATCTGAATTATATAAATCTTTAGAAAAACAACTAATATCCTTACTCGATATATTTATTTTTATACCAAGAATAACAGCCATATAAACCAAAACTCTCTCAAATGCATGTGATACAGGTAAATAAGAAAAATGGGTTTTCGGTTTCATGTTTTTTATTACATTATGATCACATAATGGTGCTACT","Pf3D7_04_v3-109939-110184-1A.6","108G152+8N",2053,1,1
"IM-23-122-HTXO","8073804552","Maziba","Pf3D7_04_v3-1113397-1113639-1A","GATTCTGCATGCAGTAATGAATCTATTGAAATCATCTAAGAATAAACTTTTTTGTTTAAACCATTTATTGAACATTTCACTTAAATGTGATTCAATTTTTTTTTCTGAGCTTTCCATAATTTGATTACATCTATTCAATTTGTTTGTATAAGTTTTAGGTGTTATTATTCTTTTACGTTTTAAATCATC","Pf3D7_04_v3-1113397-1113639-1A.1","47+8N95+11N130T161G",2508,1,1
"IM-23-122-HTXO","8073804552","Maziba","Pf3D7_04_v3-115455-115684-1A","TATTAATGTCATTTTGTTTTTCTTTATTATTATTATTTTTATTTTTTCCCTGGTTATCTTCCTTATTACCTAGCTTTTTTTTGTTGTCATTATTTTCTGTCTGATTATTATTTTTGACTTTGTTCATCTTTGAATTATTCGTTCTGTTTGTATGTCTCAAGCAAGGT","Pf3D7_04_v3-115455-115684-1A.5","24+25N74+10N139T",3548,1,1
"IM-23-122-HTXO","8073804552","Maziba","Pf3D7_04_v3-133581-133830-1A","CTCTCGATTATCATTACCTACTTCAGTCTTTACAATTGTAGGAGGTGTTTTAACATGATTATCCCCTCCATGAGGAGTAACCCTTAAAGGTTCTTCTTGAATATTTGGTGTCGCTTCGCCTGTTTCTGTAGAAAGGATATTTATTCTATCAACATATTCATCACCTTCTTCAACTGTACTATTTAAA","Pf3D7_04_v3-133581-133830-1A.1",".",575,1,1
"IM-23-122-HTXO","8073804552","Maziba","Pf3D7_04_v3-133928-134154-1A","TTTTGAAATATCTAATTTATCCATTTGCCTTTTTATTTCATAGTCCCAACTACTTACCCAGGTATTAAAATTAATACAATCCTGTTCTGCATATTTTATGGCTTTTAAATCCCTCAATTTAGTAGCCCTATCTTCACAATAATCTTCTAATATTTTAAT","Pf3D7_04_v3-133928-134154-1A.1","21C",2742,1,1
"IM-23-122-HTXO","8073804552","Maziba","Pf3D7_04_v3-140317-140548-1A","TCGGGACAATATTATAAGGATTTTATCACATCAAGGAAAAATATTTATAATATAAGGGAAAATATATCCAAAAATGTAGATATGATAAAAAATGAAGAAAAGAAGAAAATACAGAATTGTGTAGATAAATATAATTCTATAAAACAATATGTAAAAATGCTTAAA","Pf3D7_04_v3-140317-140548-1A.1","86+8N",3827,1,1
"IM-23-122-HTXO","8073804552","Maziba","Pf3D7_04_v3-141741-141990-1A","TGAATACCATATAGCCCTTTCAAATTATATAAAGACAGAACTAAGAAATATAAACCTGCAAGAAATAAAAAACAATATAATAAAAATATTTAAAGAATTCCAATCTGCACACAAAGAAATTAAAAAAGAATCAGAACAAATTAATAAAGAATTTACCAAAATGGATGTCGTCATAAATCAATTAAGAGATATAG","Pf3D7_04_v3-141741-141990-1A.6","66+8N101C121+8N",3155,1,1
"IM-23-122-HTXO","8073804552","Maziba","Pf3D7_04_v3-284121-284364-1A","ATATTGTATATTATCATAAGATTTATATGGAGGACCACATTGAAATCCGACAATTTCATTTGATGCATGTAGTACACATTCCGTATTTCTGTTTGAATTATTTAAAATAATTTTATTACTTAGAAATGATTCTTTTTCACTATAATCTTTATATAAGAAAGGGTCTTCATCAATTTGA","Pf3D7_04_v3-284121-284364-1A.1","157G",1627,1,1
"IM-23-122-HTXO","8073804552","Maziba","Pf3D7_04_v3-316593-316858-1A","TTATTCATTTTTTGTATATTATCCTTTTCTACATCATCAAAATTTGTTAATGATTCACACGTTATATTTGGTGATATTATATTTCTACCTGTACATACACCAATATTTGTTGTACCTATTATTTTATACCCTTCTTGACATTTAAATTCTATTTTTTCACCAAGTAAATAATATTTTTTATCAGGGATAAGGGAAACATA","Pf3D7_04_v3-316593-316858-1A.1","7+8N151+8N173+8N",1803,1,1
"IM-23-122-HTXO","8073804552","Maziba","Pf3D7_14_v3-2481033-2481276-1B","CCATGTGGATAAAGACAGTAGAGAGCAATTCGAAATAAAACAGTACTCTTGCAAATTAGATATTTTTTTGAACTCATCTGTTCCTATAAAAAATTCTGAATGTAAGCAGAATAAATTATACACAAAAGAATATATATTCATTTTTATTTATTCACTTTATATATGTTTGTATGTATGTA","Pf3D7_14_v3-2481033-2481276-1B.3","62+9N87+8N",2020,1,1
"IM-23-122-HTXO","8073804552","Maziba","Pf3D7_14_v3-2695837-2696082-1A","CGTTTTGTATCATATTATTAGATATAGTTATTTTATTATTATTTTCTACATTATTATTCAATATATTACATCCTGTTATGGAATTATTGTTAAAATATAAATTATTCGAATTGTTATTATTAAATTCTAATCCACTAACTGCTGTTGTATATAATGATGATGAGTTATTATTATAGAAATC","Pf3D7_14_v3-2695837-2696082-1A.2","28+16N53A",1431,1,1
"IM-23-122-HTXO","8073804552","Maziba","Pf3D7_14_v3-2733345-2733593-1A","TCGATGTACATGCAGAAAAAATATTGGAACGTTTATTTGTAATTTATTTATGTGTATTAAAAGAATATGAAAAACATCCTCCTAAAATATTAAAATATTCATTACGTGCTATATCTAGATACTCGATGTATATAAATAAATTTATCATGGATGATATATTATTTGAAATTAAAAACCTTGCTGCA","Pf3D7_14_v3-2733345-2733593-1A.1","15+8N",2554,1,1
"IM-23-122-HTXO","8073804552","Maziba","Pf3D7_14_v3-279563-279833-1A","CATTTTTCTTTTAAATGAGAGCAATATATTTCTTAGGTTTATTCCGGATAAATGTTTAGTTATTAGCCAGGTGAGTAATAGTGATTCATATAAGGTAAATTGTATTAATTTCTCTGAAGGATTTTGTTGCTGTCATCCAATAAATAATTTAGCACTATTATATGGAGAGTATCAACAAAATCAAGAATCAAAAATTATGAAATTACCG","Pf3D7_14_v3-279563-279833-1A.1",".",1256,1,1
"IM-23-122-HTXO","8073804552","Maziba","Pf3D7_14_v3-2858894-2859160-1A","ATAGATTTTAATGACATAAAAAACACAACAAATGAGTATAATAATTTTGAGGAACATAATTATCAAGATGATAAATTTATATTTAATAAAGATATACATAATATTCTTTTAGAATTAAAGGAATCATTAAATGACATATCACGTGGAAGACTAAATACATTGATAAGAGATAATAAAATAAGTAGTTATATAATATATCA","Pf3D7_14_v3-2858894-2859160-1A.2","15C17+8N28A188A",1370,1,1
"IM-23-122-HTXO","8073804552","Maziba","Pf3D7_01_v3-145388-145662-1A","GATATGTTTAAATATATGATTCTCGAAAAAACTTTTTTTATTTTTTTTGTCAATAGATAAATGATCAATATTTTCTATATTTAATCTATCAAGTATTTTTATATATCTATTATTTCTTTCTTCGATGGATAAATTATAAGAATCAATATCCTTTCTTTCATCAACAAACTTTTTTATTGTTAACTCCATTTTTTTATTTAAGATACCA","Pf3D7_01_v3-145388-145662-1A.1","25+25N169+8N188+9N",601,1,1
"IM-23-122-HTXO","8073804552","Maziba","Pf3D7_01_v3-162867-163115-1A","ATATACCAATAATACTTTTTTTTTTAAATAATGTAAAAAATGATTTATATAATTGTTATAAACAAATGATCACATATCATAATAATAATAATAATATGCTAAATCATAACTCTAATATTTTATCAAAAGAAAATGAAAAAAAACAACCTTTTTCAACATATAATATATCAAATCTTTGTTCTCCTGACCAAATGGTGATAAATAAAAA","Pf3D7_01_v3-162867-163115-1A.4","15+12N34+8N91I=ATAATA92G129+10N",3235,1,1
"IM-23-122-HTXO","8073804552","Maziba","Pf3D7_01_v3-181512-181761-1A","TTCATTATTGTTTTCATTCTTTTTTTAACTAAAACTATTCATCTCAAAAATATAAGATATTTTATATGACGAATGCCATTGTATTTTTTGTTACGTAAAACCTGACTTCTTCAAGGAAAACACATGCGCATTTTCACCAATTTTTGCCTAAGCTTATTATAAAAAGTATATTAAATGTATGAC","Pf3D7_01_v3-181512-181761-1A.1","19+9N30T83+8N",2429,1,1
"IM-23-122-HTXO","8073804552","Maziba","Pf3D7_01_v3-194742-194973-1B","TACCTATAAAAATGAAAAAAATAAAGAAGAAGATAAATATGGAAAAAATGAAAAAAACGAAAAATATGACAAATATGACAAATATGAAAAATATGATAAATACAAAAAAGATAATAAAAATCAACATGATGATCCACTTTATGATAATATTAATAAAAATTACGATAA","Pf3D7_01_v3-194742-194973-1B.1","14+9N42+17N97D=AAAATATGA112+8N",3761,1,1
"IM-23-122-HTXO","8073804552","Maziba","Pf3D7_01_v3-455794-456054-1A","AGAAAAAAAATTTATTAAGAGGTATTTCGATTTTAAAAATTTAAGAATTAATTTTTAATTATGTCTATAAAAACTTAATAGAAAATAAATATTATTTTGTTTTTCAAAAAAATGTTTAAGAATAATATTTCTTTATTCTTTTACAATTTAGAACATATAATGCTATTTCTTTTAATTTTAATTTAATTTCAAA","Pf3D7_01_v3-455794-456054-1A.1","2+10N105+9N",862,1,1
"IM-23-122-HTXO","8073804552","Maziba","Pf3D7_01_v3-528859-529104-1A","TTTGATTCTTTTTAATGAAAAAGAAGCTAAAGATATGTCAGACGATATAATTTCCCAACAAAAACGTTATTGCTCTACCAATATTCATAGTAATTATAATAATAAAATATGTATATGTAAAAATAAGCGACATCATAACAAAAGAGGGAAAGGAATAAAGCATCATGACATACATCAAAAGG","Pf3D7_01_v3-528859-529104-1A.11","44G165A",5400,1,1
"IM-23-122-HTXO","8073804552","Maziba","Pf3D7_01_v3-535965-536239-1A","GCTCATTCGATATTTTCCAGTTGTTTGATTTTAAAAATGATGTATATTTTTTAGATGATAATTTGTTCGACAAGGATATGGTATATTGTACAAGTACCAACAATTATGGCGTTATGGGAAATGATAATGATGATGATAAAATAATAAAAATACAAAATTTAAATGAGAAATTAAAAAATGGAAAAGCTGAATTTAAAGATATATTATTAT","Pf3D7_01_v3-535965-536239-1A.11","8C46+8N121+17N172+8N",1119,1,1
"IM-23-122-HTXO","8073804552","Maziba","Pf3D7_02_v3-290580-290821-1A","TTATTATAAGGATTATAATTATTATCATTCTTATTATATGGATTAATATAATTTCGATCATTATCATTACTGTTTTTATCATATTGTGGATAATTATTTCTATTTCTATTTTGATTAAAATCCGATTGTCTATATCTAACTCTAATATCTGTAGATGCTAAATCATTAGGTAATGGG","Pf3D7_02_v3-290580-290821-1A.1","12+26N",1287,1,1
"IM-23-122-HTXO","8073804552","Maziba","Pf3D7_02_v3-291770-292017-1A","TAATATCATAAGGTTTGAATATTTTCCTCTTAGGTATTATACCAACAGAAGGTTTATCATCATCTTTAAAACCTGCTCTATCTTTAACCCATTGATTAGGATTTTTTAAACATAAAGCTGGATTCTTTAATAAATCTTTCATATGTTCCATATTATTTTCTTCATTTATATATGATTCTAC","Pf3D7_02_v3-291770-292017-1A.6","31T101+8N",1558,1,1
"IM-23-122-HTXO","8073804552","Maziba","Pf3D7_02_v3-470437-470709-1A","AATATTGACATGAAACATTATAATACACATAAGAAAAAAAAAATTTATTTATTCTTACAAAAAGAATATAAAAACAAAATTTTGGGATTTATAAATTTTTATAAACGTATAACACACAAAATAAAAAAGAAACAAGAAAATGTTCATGATAAAATCACTTTTTTAAAATGTCTAAAGGAACTCTTTTTTGTCACACATACAAATA","Pf3D7_02_v3-470437-470709-1A.3","33+12N107G122+8N158+8N183+8N",1274,1,1
"IM-23-122-HTXO","8073804552","Maziba","Pf3D7_12_v3-2092529-2092798-1B","AGTTGAAGGGGGAGGAATGATCGGAGTTATCAGATTAGAAAATCAAGTGAGAAATCCCCCTGTAATAAAATTGAAGAGTCATACATCTCCCATCCTTGATTTGTCATTTAACCCGTGTTATAGTGAGATATTAGCTTCATGTTCAGAAGATATGTCTATAAGAATATGGGAGATACGTCATGAGGATGAGAATGTGAATGAGGTA","Pf3D7_12_v3-2092529-2092798-1B.1",".",1864,1,1
"IM-23-122-HTXO","8073804552","Maziba","Pf3D7_12_v3-2092654-2092884-2","GAGATATTAGCTTCATGTTCAGAAGATATGTCTATAAGAATATGGGAGATACGTCATGAGGATGAGAATGTGAATGAGGTAAAGGATCCTTTATGTATATTAAATGGTCATAAGAAAAAAGTAAATATATTATCATGGAATCCTATGAATTATTTTATATTATCATCT","Pf3D7_12_v3-2092654-2092884-2.1","114+8N",2200,1,1
"IM-23-122-HTXO","8073804552","Maziba","Pf3D7_12_v3-233418-233671-1A","CAAAAATATCATTCCCCAAATTTGTACTACTAATTGTTCCAATAGTTCCTATAGTTGTGGTAATTTGCTCATATGTATTTTTTCCTAAAGATTTATTAGACACATTTGAAGGATCATTATTTTGTTCCAAATTCTTGGGCACAGTATTATTACATGAAAATAATGAAAAGTTATTATCATAATTCTTTTGTT","Pf3D7_12_v3-233418-233671-1A.10","77+8N158A",1725,1,1
"IM-23-122-HTXO","8073804552","Maziba","Pf3D7_12_v3-529495-529767-1A","GCTCCCCAAAAGTTAACTGCTTCATTATTTTGTGGATCCCAAAAACTAACATTCGTTACCCATCCAACATAATCGGTAGATATCCTATATTCATAACTACTACAGAAATATTTATACTCATGGTATACATTTGCATCATTTACATCTACCAAATTAACAGTTTTACACAAATTGTGAATGCCATTCAAGTTATAAAAACCTGTACAT","Pf3D7_12_v3-529495-529767-1A.2",".",1723,1,1
"IM-23-122-HTXO","8073804552","Maziba","Pf3D7_12_v3-63081-63314-1A","TTTCCGTCATAATAGTTGCATACATTCTATTAAAAACTTTGGGTACTCCTAATATAATTTCACCTTTTGAATTACATATGTCTGTATTCAAAAATTTTATATCTCTACTCCATATATTTATCTTTACACCCAAAAACAAAGCAATGAAAAAAACAACCCTTTCATA","Pf3D7_12_v3-63081-63314-1A.1","146+9N",2526,1,1
"IM-23-122-HTXO","8073804552","Maziba","Pf3D7_12_v3-659881-660127-1A","GGTGGTTTAACATTTTCAGCTACGACTTTTTCGACTGATGGCAATCCTACTTTGATTAATTCCTTTAACATAGATTTTGCGTGGTTTTTTACTTCTGATTTGATATCAAAGCTTGATTCTAAAAAGGTTGGTGAATTTTTTTGTAAAACACTGACAAGTTCATTTGATATGGTCTCTGCTAAATCATCACCA","Pf3D7_12_v3-659881-660127-1A.18","26C27T35C83+9N135+9N",4,0.00211864406779661,2
"IM-23-122-HTXO","8073804552","Maziba","Pf3D7_05_v3-641131-641404-1A","GGAATTTTTTTTTTGGTGTTTTATTTTTTCGAAGGATACAGTATAATCTAAGACATTAAAATTATTGGGTTTGAAAAAGAGTTTCCTTTTTATGATGTGCAATAGAGGTATATTTATATAGGAAATATAAACATATAAAAGGAATATGATAAAAAGGAAATATTGACTTAATAAAATATTAATATTTCTTTTTTTAAAATATATTTCGT","Pf3D7_05_v3-641131-641404-1A.3","4+12N23+8N42T188+9N",562,0.99645390070922,2
"IM-23-122-HTXO","8073804552","Maziba","Pf3D7_05_v3-668763-669004-1A","TAATATTATCTGGCTCTGTAACCATGTCCGAACATATGTTAACAGGAGAATCTGTTCCTATACATAAAGAGCAGTTACCTTTTGAAGGAAATGCTATTATAAATAAAAATAATAAATATGAGAGTAACGATGAAAAGGATGATTACCTTCGTATTTATAATAATCATGCTAGTATTAATATGATCAACCG","Pf3D7_05_v3-668763-669004-1A.5","188C",1,0.000361794500723589,2
"IM-23-122-HTXO","8073804552","Maziba","Pf3D7_13_v3-1004740-1005002-1A","TTACATCGTAAAAATAATTTAAAATATTATATATATTATCTTTTCCTTTTGGGGGGTCTCTTTTCTTTATATATATATTTACATTTCTCTTCATTTTATTACATGATAAATTAATATTTAATGTACTAATATATATATTATTAATTTTTATTTTCTTCTTCTTTTTTATATTAAAACAAAATGAAGATTCTTTAA","Pf3D7_13_v3-1004740-1005002-1A.1","50+8N161+8N",187,1,1
"IM-23-122-HTXO","8073804552","Maziba","Pf3D7_13_v3-1041593-1041860-1AB","CAAGATTGAAGTATTACATATCTCAGAAATTAAATGTATGCCCAAGAGATGTAAATGCACACATTGTAGGTGCTCATGGAAATAAAATGGTTCTTTTAAAAAGATATATTACTGTAGGTGGTATCCCTTTACAAGAATTTATTAATAACAAGTTAATTTCTGATGCTGAATTAGAAGCTATATTTGATAGAACTGTTAATACT","Pf3D7_13_v3-1041593-1041860-1AB.9","107T",1604,1,1
"IM-23-122-HTXO","8073804552","Maziba","Pf3D7_13_v3-1146764-1147010-1A","AAATTTTCTCCTAAAGTTATGCCTTTGTTAATGAAGGAGAAGAACGTGAAACTTAAAGCACCTCCTAAAGGTACTATAAAGCATACGCTAGAATATTTAAAAAGAGCAGCAGAATCAAGAATGAAAGAAAATGAATTATACAAATCAAAAAAAGATAGCACACTTAGTTCAATTGCAATTAGAAAAAATTCC","Pf3D7_13_v3-1146764-1147010-1A.8","53T64C146+9N182+8N",2508,1,1
"IM-23-122-HTXO","8073804552","Maziba","Pf3D7_13_v3-1233093-1233332-1A","TCTATATGATCCTTATTTTTATCTTCATCACATTTATAATTTACATAATTTTCGACGTCATCATTTTCATTATTACTCATAATTGAATTATCCACAATGTTTGCCTCTTTTACAGCTTTACAAAGTTGGTAAAAAATATGATAATTCCTTTCACCTTCTTGTTGATCACACACCCGAACC","Pf3D7_13_v3-1233093-1233332-1A.1","130+8N",2210,1,1
"IM-23-122-HTXO","8073804552","Maziba","Pf3D7_13_v3-1265494-1265726-1A","TGTCATATACAGATTATAAAAATGATCATAGAATAAGCGAAATTTTAAATCGTTGTATTTTACGATTAAACGAGTTTGATCTAATTCATTTATCTTCTTTGGTCATATCTTTAAGTAAAATGAATTTTAGGAGTGTGTATTTTCAGGAACAAGTACAAAAGAAATT","Pf3D7_13_v3-1265494-1265726-1A.2","44T145A",3541,1,1
"IM-23-122-HTXO","8073804552","Maziba","Pf3D7_13_v3-1350855-1351093-1A","TCTTTTATATTAGTTGTTTCGTTATTTTCATTATGTTCCATATTTTGGTTATTTGTATATTTTATATTTTTTAAAAATTGGTAAATATATTCCGAGATGAAAGGTGTAAAAGGGGCCATAATTATTGTAAACAAATATAATGTTCTACATAAAACATTTAATGATTGGTGAGT","Pf3D7_13_v3-1350855-1351093-1A.1","66+8N",2401,1,1
"IM-23-122-HTXO","8073804552","Maziba","Pf3D7_13_v3-1406713-1406975-1A","TTTCAGGTCTTCTTAAATATGTTTTAAATTCATTATTTAATTTTTCATCATATTTAGGTACATTTTTTTTTGGAAATCTAGATGTTTCATTATTATCGTGATTTGATGAATATATATAATGAGTTTGTTTAAAATGTGGTTCATTCAAATTATCTTTTTTCTTATCTTCGTGTATATTTTTATTATAATTTGAATACTTC","Pf3D7_13_v3-1406713-1406975-1A.2","62+11N154+8N",1367,0.992017416545718,2
"IM-23-122-HTXO","8073804552","Maziba","Pf3D7_13_v3-1406713-1406975-1A","TTTCATGTCTTCTTAAATATGTTTTAAATTCATTATTTAATTTTTCATCATATTTAGGTACATTTTTTTTTGGAAATCTAGATGTTTCATTATTATCGTGATTTGATGAATATATATAATGAGTTTGTTTAAAATGTGGTTCATTCAAATTATCTTTTTTCTTATCTTCGTGTATATTTTTATTATAATTTGAATACTTC","Pf3D7_13_v3-1406713-1406975-1A.1","6T62+11N154+8N",11,0.00798258345428157,2
"IM-23-122-HTXO","8073804552","Maziba","Pf3D7_13_v3-1419363-1419626-1A","TTTTGAAATCTGTATATTCTTTACCATATTTATCGATATTTATTTTGTTCTTTTTGTTTGAAATATCAACTACATGATTAAAAACATCTCCTAAATTATATAATTTCTTATCTAGGTCTTTTTGAAATGTCGATTCTCCTCCTTGTGCTGGTTTTTGTACTTCTTGTCCTTGTGTTGATATCTCTTGTTCATTTTTAGATTGAG","Pf3D7_13_v3-1419363-1419626-1A.15","16+8N31T37T",752,1,1
"IM-23-122-HTXO","8073804552","Maziba","Pf3D7_13_v3-1465616-1465890-1A","TCTTGTGGATTATTATCTATTATATTTTCTTTTGGTTTTTCGACAGCAAAATTATCTCCTCTTGGTCTAGGTTGATCATCTTCGGGTTCATCTGGAACATCTAATGGTTCCCGTTTTGGAGGACATCTTTCTTCTTCACATTGTTCTTGTAATTCACTTGTACATCCTTCGTGTAAGATTTCTCTTTTTCTTGACCTGGTACCTTTACCACAAGTTACACTACATGGAGA","Pf3D7_13_v3-1465616-1465890-1A.51","30T121G",2324,1,1
"IM-23-122-HTXO","8073804552","Maziba","Pf3D7_13_v3-1465901-1466157-1A","CATAAAGGGTCCGATAACATTTTTTACATTTTCCCATGCAGAATCAGCATACAAGTTACATTTACCATCTGATGGATGACAACCTACAAGAAATCTGTTGAAAGCTACATTAATACCTTGTCCAATACCAAAAACAGCTATTTTAACACCACGATCATTTAATTTTCTTGATTCTTTTAATGAATCTTGAATACTAT","Pf3D7_13_v3-1465901-1466157-1A.1","19+8N158T",2588,1,1
"IM-23-122-HTXO","8073804552","Maziba","Pf3D7_13_v3-146695-146934-1A","AAAGTATTTGTAATAGATTGAACGATGAACTAAATGAAGAAATATGTGGTTATCAAATTAGGTTTGAAAAATCGTATTTTTTAAAACATAGTAAAATTAAAGTTATGACAGAAGGAATTTTATTGAAAGAAATTATGAGTGATTTTATTTTATCAAAATATAGTGTTATCATTCTTGA","Pf3D7_13_v3-146695-146934-1A.1","20G76+8N170C",3369,1,1
"IM-23-122-HTXO","8073804552","Maziba","Pf3D7_13_v3-156456-156685-1A","ATTATATGATATTTATATAAAATTAGAAAATCTAATTTTAGAAAAAATAACTGAAAGTATATACAATAGTACACCTCCATATAGAGTTATTATGTTCGAATTAATGACCAGATTATTTCGATTTTATACAAAACCAATAGACCTTATTATTACTATGAATACAC","Pf3D7_13_v3-156456-156685-1A.1","41+8N",559,1,1
"IM-23-122-HTXO","8073804552","Maziba","Pf3D7_13_v3-156713-156986-1A","TCCTTTTATGTGAACAAATTAAATATTGTAAATGATTTCTTTTTTGAAACACACCATAAAGATACACATCAAGACAGTCAAAATGAACACAAAACGGATGAACCTAAAATACATAATGTTTTCAAAAAAAAAAATAACGATATCTTTGTTAATATTCCTCTACCAAAAATATTTAAAAATTTCTTACATTCCATATATTTTAGAACTCC","Pf3D7_13_v3-156713-156986-1A.2","39+8N50C123+13N",923,1,1
"IM-23-122-HTXO","8073804552","Maziba","Pf3D7_13_v3-1724895-1725166-1B","CGCCATTTTCTCCTCCTGTAATTATATAAGAATCTGACAATGTGGCAGCTCCAAAATTCATTTTTTTCTCTGGTACACCATTTAGAAATTGCCATCTTTTATTAAATGGTTGATATTGTTCAACGGAATCTAATATGTTATGTTCATTATCAATACCTCCAACAACATATATTTGATTAAGGTAATTAAAAGCTGCTCCTGAACTTCTAG","Pf3D7_13_v3-1724895-1725166-1B.1","60+9N",852,1,1
"IM-23-122-HTXO","8073804552","Maziba","Pf3D7_13_v3-1725124-1725365-2","TGGAAATTGTTCCCATTTATTCATTTTTTCTTCATATACTTCAATAGAATTTAATCTCTCACCATTAGTTCCACCAATGACATAAATTTTATTATCAAAAGCAACACACATAGCTGATGATCTAGGGGTATTCAAAGGTGCCACCTCTACCCATGCTTTCATACGATGATCATATGCTTCTAC","Pf3D7_13_v3-1725124-1725365-2.1","23+8N",2627,1,1
"IM-23-122-HTXO","8073804552","Maziba","Pf3D7_13_v3-1725208-1725471-1B","CATAAATTTTATTATCAAAAGCAACACACATAGCTGATGATCTAGGGGTATTCAAAGGTGCCACCTCTACCCATGCTTTCATACGATGATCATATGCTTCTACATTCGGTATAATAGAAGAGCCATCATATCCCCCAATACAATAAATTCTACCATTTGACGTAACACCACAATTATTTCTTCTAGGTATATTTAAATTACTTGAAAC","Pf3D7_13_v3-1725208-1725471-1B.1",".",1533,1,1
"IM-23-122-HTXO","8073804552","Maziba","Pf3D7_13_v3-1725379-1725652-2","ATTATTTCTTCTAGGTATATTTAAATTACTTGAAACATACCATACATCTCTTAAACGATCATACACCTCAGTTTCAAATAAAGCCTTATAATCATAGTTATTACCACCAAAAACGTATAAGAAATTATTCAATACAGCACTTCCAAAATAAGCTTTTTTGGTAGACATAGGTGTACACATACGCCAGCATTGTTGACTAATATCTAATAATTCCA","Pf3D7_13_v3-1725379-1725652-2.1","153+8N",444,1,1
"IM-23-122-HTXO","8073804552","Maziba","Pf3D7_13_v3-1725464-1725719-1B","ATCATAGTTATTACCACCAAAAACGTATAAGAAATTATTCAATACAGCACTTCCAAAATAAGCTTTTTTGGTAGACATAGGTGTACACATACGCCAGCATTGTTGACTAATATCTAATAATTCCATCGAATTTAAATATTCTACACCATCAAATCCACCTATACAAAATACTAATGGGAATGGTAAAAATTTAATACCA","Pf3D7_13_v3-1725464-1725719-1B.1","63+8N",1217,1,1
"IM-23-122-HTXO","8073804552","Maziba","Pf3D7_13_v3-1725887-1726123-2","AAATAGCTCCACCAACATTAATATCAATCATAGTTTCAGTAGCAATATTTGCATCAACAATTTTTTTTTTATCATTCTCAAAATTTTTATATTCTTGATAATATTTTTCTTTTTCTAAATATAATACTAATTTAATTTTATCGATTTCTTGTAAAAATCTTAATCTTTCTTCATCAA","Pf3D7_13_v3-1725887-1726123-2.1","60+12N",820,1,1
"IM-23-122-HTXO","8073804552","Maziba","Pf3D7_13_v3-1726174-1726408-2","TTTCTAATTCTTTGTACAATCGTACTCTTTCCATTTCTAGTTCTTTCTTATCTTTAAATAATTTATCTTTTTCTCGAATAAAATTCATTTGTGTCTTTTTTAACCAATTAATAAATGTAATTCTTAAATCACCTACCATATTTTCAAAATCACTAGCATCACTTAAT","Pf3D7_13_v3-1726174-1726408-2.1","95+8N",1915,1,1
"IM-23-122-HTXO","8073804552","Maziba","Pf3D7_13_v3-1876391-1876664-1A","AACTATCTGTAAAAGTATGTTTAGAACTAACATTTGAAGAGAAGTTACATCCGTGTATGACTTTTTTTTCATATTTTGGTTTTAAAACTATTTTATAATTATTATTTTTAAATTTGCATGTACATTCTGTATTAACATCTTTTGATGTAACATAAAATGGAGCTTTAAAGATAGTTAAGTTTTTATGATAAATTATTTTATTACTTTTATATA","Pf3D7_13_v3-1876391-1876664-1A.1","61+10N",1297,1,1
"IM-23-122-HTXO","8073804552","Maziba","Pf3D7_13_v3-2114242-2114482-1A","CTTCCATTAACTCAATATATAATTTATTAATAATTTTTAATTTGTTTATTTCAAAAAGGCATAGTTGTAACAAGGTTCTTAAGGTTCTATTACCCCCTAAGAGGTTAAAATGAATATTTCCTTTTTCTCGTATATGCAAAAAATCCCTTAACAATAAATCATATTCATCAGTATGAAATGT","Pf3D7_13_v3-2114242-2114482-1A.1","67G76T137+8N",1909,0.985544656685596,2
"IM-23-122-HTXO","8073804552","Maziba","Pf3D7_13_v3-2114242-2114482-1A","CTTCCATTAACTCAATATATAATTTATTAATAATTTTTAATTTGTTTATTTCAAAAAGGCATAGTTTTAACAAGGCTCTTAAGGTTCTATTACCCCCTAAGAGGTTAAAATGAATATTTCCTTTTTCTCGTATATGCAAAAAATCCCTTAACAATAAATCATATTCATCAGTATGAAATGT","Pf3D7_13_v3-2114242-2114482-1A.2","137+8N",28,0.0144553433144037,2
"IM-23-122-HTXO","8073804552","Maziba","Pf3D7_13_v3-2114829-2115090-1A","ATTCAATATATATAAAAATATAGCTAATAAACATTTCAAATCTCCATTAAGAACTTTATTCATCTTAACAAAAGCTCTATGAACTTCTGTATCTATAGTCGATTTTGTTATTCTAAGCATATCATTAAGTAAAAAATTTACGGTATCGACATTAACAGTGTAATAATTTCTTCCTAAATTTAAATGTTCTAAATAATTCAA","Pf3D7_13_v3-2114829-2115090-1A.1","130+8N192A",2308,1,1
"IM-23-122-HTXO","8073804552","Maziba","Pf3D7_13_v3-2504481-2504734-1B","TAAAATGTGTTGATGATTTTAACAATATGGTTATAACGATAAAAGAGGAAGTAAACAATCATTGGGAAAATAATATATACAATAAAAAGGATATGGTTAATTATACAAATGAAAATTATAATGATAATATATTAACATATGAATATATTAATGAAACACTTAGAAAAGAAAAAAAAAGATATTATA","Pf3D7_13_v3-2504481-2504734-1B.1","168+11N",1251,1,1
"IM-23-122-HTXO","8073804552","Maziba","Pf3D7_13_v3-2545065-2545291-1A","ATGATTCCTCAAAAGTTTAACATTCCACATAGTATCTGTTAAATTGATAGTTTGCAAACAATTATACGTTTGGTTATTTTTATTTTTAAAAAAGGATATATGATCATCTAAAGATTTATTTTTGAGAAAGATTTCCATATATTCATATATATCTTGAATACACCA","Pf3D7_13_v3-2545065-2545291-1A.5","87+8N",2898,1,1
"IM-23-122-HTXO","8073804552","Maziba","Pf3D7_13_v3-2770591-2770863-2","ACACATCGATTTTATCAAAAGGAAATATTCCAAGAAATATTTTTAAAAAAAAATAGTGAGTTAGATGATCACGTATGGAATATAGAAAGTATTACTACGAATATATTAGAGAGGAATAAATTAAGTGATCAAAATAATGAAGATAACCATGATGTTAATAATAATAATGAAGACCCATCTGGGGGTAATTTAAAAACCAATCTAAT","Pf3D7_13_v3-2770591-2770863-2.1","44+11N156+13N",885,1,1
"IM-23-122-HTXO","8073804552","Maziba","Pf3D7_13_v3-2770621-2770854-1B","ATTCCAAGAAATATTTTTAAAAAAAAATAGTGAGTTAGATGATCACGTATGGAATATAGAAAGTATTACTACGAATATATTAGAGAGGAATAAATTAAGTGATCAAAATAATGAAGATAACCATGATGTTAATAATAATAATGAAGACCCATCTGGGGGTAATTTAAAAAC","Pf3D7_13_v3-2770621-2770854-1B.1","18+11N130+13N",1494,1,1
"IM-23-122-HTXO","8073804552","Maziba","Pf3D7_13_v3-2780346-2780575-1B","GTTGGATAGAATGCCCGACTACGGATCGGGAGGTCGTGGGTTCGACTCCTGCCCGGCCTAATTTTTTTCGTTTTCCTTTTTAAAGTAAAAAAGGATAATATTTTTAAAAAACATTTAGTATATATATTTTTTTTAAATAATAAATCTATTATATTATTAAATATTATGAGAAGA","Pf3D7_13_v3-2780346-2780575-1B.2","61+9N76C86+8N105+8N126+10N",2073,1,1
"IM-23-122-HTXO","8073804552","Maziba","Pf3D7_13_v3-2814583-2814832-2","TCAGTCTTCTAATTCTAGCGATAATGATCCTGCAGTAGTAAGTGGTAGAGAATCTAAAGATGTAAATCTTCATACTTCTGAAAGGATTAAAGAAAATGAAGAAGGTGTGATTAAAACAGATGAAAGTTCAAAAAGTATTGAAATTTCTAAAATACCATCTGACCAAAATAATCATAGTGATTTATCACAG","Pf3D7_13_v3-2814583-2814832-2.2",".",1878,1,1
"IM-23-122-HTXO","8073804552","Maziba","Pf3D7_13_v3-2814606-2814855-1B","TAGCGATAATGATCCTGCAGTAGTAAGTGGTAGAGAATCTAAAGATGTAAATCTTCATACTTCTGAAAGGATTAAAGAAAATGAAGAAGGTGTGATTAAAACAGATGAAAGTTCAAAAAGTATTGAAATTTCTAAAATACCATCTGACCAAAATAATCATAGTGATTTATCACAGAATGCAAATGAGGACTCTA","Pf3D7_13_v3-2814606-2814855-1B.2",".",2393,1,1
"IM-23-122-HTXO","8073804552","Maziba","Pf3D7_13_v3-2816310-2816554-1B","CAAATACTTTTCAATATAGGTCTAGTGAAAGTGTGGAAGTAATAACTAATAAACCTGATGAAATGGAAATGACAACTAAACCACCATCACAATACATTGAAAAGGAAATTGGAGAAATTGATTCTACAAAAAATCAAGATAATGATGAACAAAGCAATTCTATAATTCCTTTAATTAATAAAAATAATGAA","Pf3D7_13_v3-2816310-2816554-1B.1","127+8N",2286,1,1
"IM-23-122-HTXO","8073804552","Maziba","Pf3D7_13_v3-2840462-2840736-1B","AATAAACACATATGTTTATTAATAAAATTGTTAGTTATTTTTATGTATACATAATAAATTAAAGATACTAAAACAATATTTTTAAATGTAAATAAATGAATAATGATATTATTTATATGATTCATCATTCTATATTTACATGGAAGATTAAAAAATTATATATATATATATATGGTAATTTCTGTGTTTATGTTTTTATTTTTATAATA","Pf3D7_13_v3-2840462-2840736-1B.4","149+23N",166,1,1
"IM-23-122-HTXO","8073804552","Maziba","Pf3D7_13_v3-388138-388408-1A","ATATATCTTTATTCATATGTTCTATATATTGTCTTTGTCTCTTTTCCTTTCTCATATCAGATATTATTGAATAATTTCCTTTATCACATACATATCTAGGATTATGTGATAATTCATAAGCTGCTCTTTTTAAAACTCTATTCTTTTCTTTAAAACTATTAAATTTTATATTATTGTTCATATTAGATGTGTTACTTTTAATAATA","Pf3D7_13_v3-388138-388408-1A.2",".",2388,1,1
"IM-23-122-HTXO","8073804552","Maziba","Pf3D7_13_v3-479569-479811-1A","CTAGAGACGAATTTGATGATAAAAGAAAATTAAAAGAAGAGAAAATTAAACAATGCCAACTATTAAATGAAAAACAACTAGAAGAAAAAGAAAAAGAAAAAAGAATTCTGAGAGAAAAAGCTGTTGAATATACCTTACAAAATGAAGAAGAATATAAACAACTAAAACGAAAATT","Pf3D7_13_v3-479569-479811-1A.1","96+8N",2029,1,1
"IM-23-122-HTXO","8073804552","Maziba","Pf3D7_13_v3-748254-748510-1B","ATACCAAAAAAAATAAAATAAAATGAAATAATAAATAAATAAATATACATATATTTACATATATATATATATATAATTACACATATTTTTGATTGAGGACAAATTACATGTCGTGTAGTTCGTCTTCCTTGTGCGTTTCAATCACACAATCCGATTTAGGATAACATGTACACAAAAGAATATATTTTTTCTT","Pf3D7_13_v3-748254-748510-1B.4","5+10N39+33N180+8N",1207,0.999172185430464,2
"IM-23-122-HTXO","8073804552","Maziba","Pf3D7_13_v3-748254-748510-1B","ATACCAAAAAAAATAAAATAAAATGAAATAATAAATAAATAAATATACATATATTTACATATATATATATATATAATTACACATATTTTTGATTGAGGACAAATTACATGTCGTGTAGTTCGTCTTCCTTGTGCGTTTCAATCCCACAATCCGATTTAGGATAACATGTACACAAAAGAATATATTTTTTCTT","Pf3D7_13_v3-748254-748510-1B.30","5+10N39+33N140C180+8N",1,0.000827814569536424,2
"IM-23-122-HTXO","8073804552","Maziba","Pf3D7_13_v3-815862-816091-1A","ATGATGTAGATGCTAACACAACATCCTGGTCAGTATCTTGTGATAAATAATTTAATTTGTCCGCTAAAAAATAAAGTATAATTTCACAGCTTTTTTTATTTGTATCTGTGTTTTTCATGTTATCATAAAAAGACAAAGATGAAGTAGCACATGAGTTAATTA","Pf3D7_13_v3-815862-816091-1A.1","17C19C20A65+8N90+9N",917,1,1
"IM-23-122-HTXO","8073804552","Maziba","Pf3D7_13_v3-852647-852921-1A","TACGAAATGATGAATTAAAAGAATTAACATTTATGAAAAATAAAGAAAATAGGAATGCAGATACATATGTTTTTCATTATCCTAAAAAAGAGAAATATGACCAATTAGTTTTTGAATTACGTAAACATAATTTTAATATAACAAGCATGAATACATATAAAAAACTAAATAATGAAACATCATCACAAAAAGAAGAAAATGCTTCTATAATAAGTT","Pf3D7_13_v3-852647-852921-1A.5","75C83+8N158+8N169A170T",773,0.994851994851995,2
"IM-23-122-HTXO","8073804552","Maziba","Pf3D7_13_v3-852647-852921-1A","TACGAAATGATGAATTAAGAGAATTAACATTTATGAAAAATAAAGAAAATAGGAATGCAGATACATATGTTTTTGATTATCCTAAAAAAGAGAAATATGACCAATTAGTTTTTGAATTACGTAAACATAATTTTAATATAACAAGCATGAATACATATAAAAAACTAACAAATGAAACATCATCACAAAAAGAAGAAAATGCTTCTATAATAAGTT","Pf3D7_13_v3-852647-852921-1A.13","19G83+8N158+8N",4,0.00514800514800515,2
"IM-23-122-HTXO","8073804552","Maziba","Pf3D7_13_v3-911757-912005-1A","GAGCCAACAATTTGATTTTCCACAACTTACTGAATCTTTAAAACATTGTGAACAGGTATCTGACATTTTTTTATTATCTTTGGCTAGTTCCTTTTGAACACATTCCATAGTACTATCACCTGAACCTAAGTTATCAACAGAACATTTTAATAATATACTAAAAAATTTATTGCTAGGAGAAAGTTGTAAA","Pf3D7_13_v3-911757-912005-1A.1","65+9N159+8N",2784,1,1
"IM-23-122-HTXO","8073804552","Maziba","Pf3D7_13_v3-935613-935884-1A","CAAAATAATATGAATAGTAATAGTAATAGTTATAATAATTTTAATATAACAGATAGAAGTAAAGAAATAAAAAAAAATTATAAAAGAAACAAAATTTTAATAGTTATTAATAATATTAATACAAATCATATTTTATTATTAAATGAAAGTGTTATAAAAAAAAAAATACTTACATTTTATCTAGATCTTTTTTTTGATGATAATGAACAAAT","Pf3D7_13_v3-935613-935884-1A.1","68+11N155+13N187+10N",2153,1,1
"IM-23-122-HTXO","8073804552","Maziba","Pf3D7_13_v3-958247-958510-1B","TTTATATTATCTGTAATATGCACATTTTGTATAATATTATCAATATTTGTAGCATTTTGACCGTATGTTTCATTTTCATCGTATGTTCCATTTATATTGTATGTTCCATTTTCATCGTATGTTCCATTTATATTGTATGTTCCATTTTCATCGTATGTTCCATTTATATTGTATGTTCCATTTTTATCATATGTTATGTCCACAT","Pf3D7_13_v3-958247-958510-1B.1","106C",1206,0.990961380443714,2
"IM-23-122-HTXO","8073804552","Maziba","Pf3D7_13_v3-958247-958510-1B","TTTATATTATCTGTAATATGCACATTTTGTATAATATTATCAATATTTGTAGCATTTTGACCGTATGTTTCATTTTCATCGTATGTTCCATTTATATTGTATGTTCCATTTTCATCGTATGTTCCATTTATATTGTATGTTCCATTTTTATCATATGTTATGTCCACAT","Pf3D7_13_v3-958247-958510-1B.3","106D=TCATTTTCATCGTATGTTCCATTTATATTGTATGTT",11,0.00903861955628595,2
"IM-23-122-HTXO","8073804552","Maziba","Pf3D7_14_v3-1038300-1038538-1A","ATTAATGATTTATACACTTCAACTACACTTTTTAATTTAGCCCATACAATTAATAAAGCTCTACGATAAATTTCTTTTTTATTTGATTTAGAAAAAGGAGAAAACCATTGAAACTTTTTGGCTAGATATTTATGGTCTTTATCAAAAATATATTCTGAAACTTCATCTTCTAGAAGT","Pf3D7_14_v3-1038300-1038538-1A.1","74+8N",2040,1,1
"IM-23-122-HTXO","8073804552","Maziba","Pf3D7_14_v3-106867-107115-1A","AATGACATGAACAAGTCAGGCGAAAAAGAGGAACATGTTATAAATAGTAAATGGAAAAATAAATTTTTCCATGAAGTTATACAAAATATGTTATATGATGATAATATAAATGATCATAAAGAAGAAATTAAGGAAGATAATTCTAATGAATATAATATCAATAATAAAAATGATAATTTATATGATATA","Pf3D7_14_v3-106867-107115-1A.2","120A",1745,1,1
"IM-23-122-HTXO","8073804552","Maziba","Pf3D7_14_v3-1166107-1166371-1A","TTTTTGAATTATTAAATATATCTTCTATAAAAAAAGAATATCAAGCTATACATAACAATAAGTATTTTTTATGGAATATGGATGCAAATTTTTTTACTATAAAAAATCATCATAAGGATAATAAGGATAACAATGATGAAAATGTGAATGTAATAATACAACAAAATAATTTAGTTCTAGAAAAATATGATCATTTAATAGA","Pf3D7_14_v3-1166107-1166371-1A.3","28+9N64+8N87A88+9N100+8N179A",1178,0.994932432432432,2
"IM-23-122-HTXO","8073804552","Maziba","Pf3D7_14_v3-1166107-1166371-1A","TTTTTGAATTATTAAATATATCTTCTATAAAAAAAGAATATCAAGCTATACATAACAATAAGTATTTTTTATGGAATATGGATGCAAGATTTTTTTACTATAAAAAATCATCATAAGGATAATAAGGATAACAATGATGAAAATGTGAATGTAATAATACAACAAAATAATTTAGTTCTCGAAAAATATGATCATTTAATAGA","Pf3D7_14_v3-1166107-1166371-1A.8","28+9N64+8N87I=A88+9N100+8N",6,0.00506756756756757,2
"IM-23-122-HTXO","8073804552","Maziba","Pf3D7_14_v3-120101-120365-1A","TTTTACAACATTATTTTTTTCTTCCTCCTCAGATAAAATAGGTACACATATCGCGTCCTTATCACATCCTCCATTGTTTACCTTACAATGTTCTTCGCATTCGAAATTTTTTTCAGGATTACTTGAAAAGCCTTCTGGACAATTACAATATTCATATCCATGAGCATTCTTACAAACACCTTTTCCACAATTTAAAA","Pf3D7_14_v3-120101-120365-1A.1","13+9N106+9N165C",1021,1,1
"IM-23-122-HTXO","8073804552","Maziba","Pf3D7_14_v3-137398-137668-1A","ACCATTCATATTTTCTAGGTTTGTTTAACCAATTACATATATATAATATATTACAAAATAATTGTTTTAATAATATATGTTTAGTTAATATTAATTCAATACTACTTAATTTATTTCTTATATTTTTTAAAAGATCTTCATAAACAAAATCAAAATTATCTATTAATAATAAATAACCAAATCTTTTATGCACATTTTTTATTC","Pf3D7_14_v3-137398-137668-1A.1","122+8N191C194+8N",347,1,1
"IM-23-122-HTXO","8073804552","Maziba","Pf3D7_14_v3-1392837-1393086-1A","ACATGTATTGTCCCCAGCATGAATCGGGTGATAAATATTATCAAGCGTATCAAAAAATGGATTGTAATTATTACTACTATTCATATCATTATTTTTTGTGGTGGTGGACTGTGAAATGTTTTCCTTATGATTTTGACTTGTGTGTATATCCCTACCAACAATATATTCAACATTATTATTATCAAAAA","Pf3D7_14_v3-1392837-1393086-1A.3","51+8N91+8N162T",2089,1,1
"IM-23-122-HTXO","8073804552","Maziba","Pf3D7_14_v3-1956056-1956330-1B","CTAATTTTTTTTCTCCACTTTGTAATTTTTATTGTTGAATATATATATAAAGTTAAACCTATAAATAATACACTACCTAATAAACTATTCTTATATTTAAAAATAAATATAATACATGTTATTAATCCTTCTATTGTTGCCGGAATAATATACATTAAAACAGAACTCATCAAATTATTAGCACTCTCGGTACCTCTATCAACTATTCTCA","Pf3D7_14_v3-1956056-1956330-1B.2","4+10N",1270,1,1
"IM-23-122-HTXO","8073804552","Maziba","Pf3D7_08_v3-1366575-1366822-2","TTTAGCTTTTTCACATTGTGTTCTTAATCTTCTTAATGATTTTGAATTTTTGGAAACATCTTTACCTCCATTTTTTTTTTTAAAATCTTGTACACAGAAGTTTACTAATTTATTATCAAAATCTTCTCCTCCTAAATGTGTATCTCCTGAGGTAGCTTTAACTTCAAAAATTCCATCTTCAATTGTTAATAAGG","Pf3D7_08_v3-1366575-1366822-2.2","70+13N183T",814,1,1
"IM-23-122-HTXO","8073804552","Maziba","Pf3D7_08_v3-1366626-1366856-1B","CTTTACCTCCATTTTTTTTTTTAAAATCTTGTACACAGAAGTTTACTAATTTATTATCAAAATCTTCTCCTCCTAAATGTGTATCTCCTGAGGTAGCTTTAACTTCAAAAATTCCATCTTCAATTGTTAATAAGGAAACATCAAATGTTCCTCCTCCTAAATC","Pf3D7_08_v3-1366626-1366856-1B.2","11+13N124T",741,1,1
"IM-23-122-HTXO","8073804552","Maziba","Pf3D7_08_v3-1370603-1370853-1B","AAAAGTAATTAAAAAAAAAAAAAATGAAAATAAAAAAAAACATTACATATTTTTTTATGTATAAAATATTTTAAAGCACTGAGATTATTTATGTTATAAATTAATTGAATGTTTAAAAGATTATAAAATTTTATTTATGAAAATATATGAATGTATATAATATAAGCAGGTATTAAATAACCAAATAATAT","Pf3D7_08_v3-1370603-1370853-1B.23","10+32N49+9N153G",2,0.00336134453781513,2
"IM-23-122-HTXO","8073804552","Maziba","Pf3D7_08_v3-1370603-1370853-1B","AAAAGTAATTAAAAAAAAAAAAATGAAAATAAAAAAAAACATTACATATTTTTTTATGTATAAAATATTTTAAAGCACTGAGATTATTTATGTTATAAATTAATTGAATGTTTAAAAGATTATAAAATTTTATTTATGAAAATATATGAATATATATAATATAAGCAGGTATTAAATAACCAAATAATAT","Pf3D7_08_v3-1370603-1370853-1B.1","10+32N49+9N",593,0.996638655462185,2
"IM-23-122-HTXO","8073804552","Maziba","Pf3D7_08_v3-1370814-1371045-2","TGTTGCAATATATTACTAAAAAATAGAATTATTATGTTATTTTGATCATATGGGAATACATTTAAATATTTATATTCTGATGAATATTCTTATAAAAAAAAAAGGGGGGGGGAAATAATACGTTCATGATTTATTTATATTTCAATATATTTTCTATTTTGCGA","Pf3D7_08_v3-1370814-1371045-2.3","17+8N93+21N",317,1,1
"IM-23-122-HTXO","8073804552","Maziba","Pf3D7_08_v3-1375025-1375284-1B","CAAGTTATTGTTAAATTCGGAGTTATTCTATAAAAATGAAAAATCATTTAAAAATGTAAAAATGTACATATATATATATATATATATATAATATTATTATATGTATTTTTATAAGTAAGTGTTATATTTATTTATATTTGCAATTAAAATACTTACGTTATCTAACAAAAGTACGGAAGCAAAA","Pf3D7_08_v3-1375025-1375284-1B.11","10G17T22G33D=TA39+8N58+8N66G67+53N132G134A136G139T151A168A195A",86,1,1
"IM-23-122-HTXO","8073804552","Maziba","Pf3D7_08_v3-1375205-1375450-2","ACAAAAGTACGGAGGCAAAAACGGCAGCGGATAATACTTTATTTTTTGAGAAGGAAACCATTTTTATTAAATAACTATATAAATAGAAAAAGAAATAATAACAAAAATGTATAAATATAATTGTATAATATATGATATATATAAAATATAGAATACTAATTTTTTGCATATACAAAAAA","Pf3D7_08_v3-1375205-1375450-2.1","41+8N159+8N173+7N",243,1,1
"IM-23-122-HTXO","8073804552","Maziba","Pf3D7_08_v3-1386786-1387035-2","TTGTCTCCTTTGTCGCAGCATGCCTTTCATTAGCTGCTATAGCTTGTGTTATCTTAACTTCATTATAAAAAAAATATACTTCGATAAAAGGTACATATACCATGCTGGTCAATGATATTAGCATGCGACATTCTAATATATCCATTATGAACAAGGTGAACAAGAATATTGGGATTATTGAAATTGT","Pf3D7_08_v3-1386786-1387035-2.1","66+10N",658,1,1
"IM-23-122-HTXO","8073804552","Maziba","Pf3D7_08_v3-1386795-1387043-1B","TCCTTTGTCGCAGCATGCCTTTCATTAGCTGCTATAGCTTGTGTTATCTTAACTTCATTATAAAAAAAATATACTTCGATAAAAGGTACATATACCATGCTGGTCAATGATATTAGCATGCGACATTCTAATATATCCATTATGAACAAGGTGAACAAGAATATTGGGATTATTGAAATTGTCTGCATTA","Pf3D7_08_v3-1386795-1387043-1B.1","61+10N",1375,1,1
"IM-23-122-HTXO","8073804552","Maziba","Pf3D7_08_v3-336421-336651-1A","TAACAACGAACCCATAAATTTACAAAAAAATTTAGATTTAATCATATGGCTAAAAAAGAATATAAAAGAAGGAGAAGCTTTAATTTCTGATATACCTACATCAAGTTTTTTAAGGTGTACTACAAATTATAAATTTGTATTGCATCCCCAATATGAAGATAGT","Pf3D7_08_v3-336421-336651-1A.2","25A51+8N97T105+8N148C",2591,1,1
"IM-23-122-HTXO","8073804552","Maziba","Pf3D7_08_v3-399693-399961-1A","CTTTTCTTCACCTTGGTTTATTACATTATTATTTTCATCATTGTGTTGAATGTCTTTATAAATATGTTCATTAATAATATCTTTGGAAGTATCTTCCATATTTTCTTCTTTATCAATTTTAAATACTTTTTCATAACTTTCATTTTCTTTTTTCTCCTTGGATGTTTCTAATTTATTCTCGTCATTTTTATCAAAATTATTTTTATAACTTTCA","Pf3D7_08_v3-399693-399961-1A.2","55T147+8N",2716,1,1
"IM-23-122-HTXO","8073804552","Maziba","Pf3D7_08_v3-412801-413062-1A","ATGAAGAAATATACGAATATATACTTATAAACGATATTTTTAATTTAAAAAAAGAAATAAAAAATTTCAATATATTAAATAAATATGATGTATTTGAATATATTATTATTATTTTAAAATTGTATGATAAAATATATCCTGATGCAAAGTACATCGAATGTGTACGAGAAACATCACAGAATGGTGACCTTTTA","Pf3D7_08_v3-412801-413062-1A.1","46+9N58+8N101+13N188C190T",317,1,1
"IM-23-122-HTXO","8073804552","Maziba","Pf3D7_08_v3-476232-476475-1A","CAAACACATGATAAACAAAAGTGTAAGGAAAATTTTTCAAATTCTTTTGTTAATGAAATATATGAAAAAGAAGAAAAAGAAACGCAAAAAATGAAAGAATATTTAGAACAACATGAAGAACATTTTTCAACGTTTAGAAATTCAATTTTATGTAAATTAAGAATAGCTGAAGAATT","Pf3D7_08_v3-476232-476475-1A.2","45T85+8N",1581,1,1
"IM-23-122-HTXO","8073804552","Maziba","Pf3D7_08_v3-549583-549807-1B","ACGTGCTGTTCAAAGAATGTTTGAAATGATAAATGAAGGTGCTAGTGTTATAGATATAGGTGGAGAATCCTCTGGTCCTTTTGTTATACCTAATCCAAAAATTAGTGAAAGAGATTTAGTAGTACCTGTATTACAATTATTTCAAAAAGAATGGAATGATATAAA","Pf3D7_08_v3-549583-549807-1B.1",".",2688,1,1
"IM-23-122-HTXO","8073804552","Maziba","Pf3D7_08_v3-549960-550215-1B","GATGAACTAACAAATTATGATAATCTAGTTTATGATATAAAAAATTATTTAGAACAAAGATTAAATTTTCTTGTATTAAATGGAATACCTCGTTATAGGATACTATTTGATATTGGATTAGGATTTGCGAAGAAACATGATCAATCTATTAAACTCTTACAAAATATACATGTATATGATGAGTATCCACTT","Pf3D7_08_v3-549960-550215-1B.1","4G38+8N",1319,1,1
"IM-23-122-HTXO","8073804552","Maziba","Pf3D7_08_v3-550057-550318-2","ACTATTTGATATTGGATTAGGATTTGCGAAGAAACATGATCAATCTATTAAACTCTTACAAAATATACATGTATATGATGAGTATCCACTTTTTATTGGATATTCAAGAAAAAGATTTATTGCCCATTGCATGAATGATCAAAATGTTGTAATAAATACACAACAAAAATTACATGATGAACAACAAAATGAAAATAAAAATA","Pf3D7_08_v3-550057-550318-2.1",".",763,1,1
"IM-23-122-HTXO","8073804552","Maziba","Pf3D7_08_v3-585331-585590-1A","TGAAAACTTTTCATGTACGGTTAATAAACAAAATAATTCTGAATTATATATAAGTAAAACTTCTTCTACATCTCTAAATTTATGCATTGTAGCTCTTTTAAGATAATAAGGCAAATATTTTACAATATATTTTTGTTTAAAAAGACCTTGATGACCAACATTAATATCTTCCATTTTGGAAAAGGTTCCACTTAACG","Pf3D7_08_v3-585331-585590-1A.4","138+9N",2581,1,1
"IM-23-122-HTXO","8073804552","Maziba","Pf3D7_08_v3-585703-585949-1A","AAACACATCATCAAAAGTTTCTGATATTGGCTTGTTTGATTCTTTATATTTAAAATCTTTATATAAATAAAATCTATCTTTCTTAAAATATGGATCTTTACGTAGTTCAATCGAATCACTATCAGTTACAATATTTATATCTTTTAATGTTAAGTGGAAATTAGAATCAATAATAGCTA","Pf3D7_08_v3-585703-585949-1A.4","105G",2,0.000905797101449275,2
"IM-23-122-HTXO","8073804552","Maziba","Pf3D7_08_v3-585703-585949-1A","AAACACATCATCAAAAGTTTCTGATATTGGCTTGTTTGATTCTTTATATTTAAAATCTTTATATAAATAAAATCTATCTTTCTTAAAATATGGATCTTTACGTAGTTCAATCGAATCCCTATCAGTTACAATATTTATATCTTTTAATGTTAAGTGGAAATTAGAATCAATAATAGCTA","Pf3D7_08_v3-585703-585949-1A.3","105G118C",2206,0.999094202898551,2
"IM-23-122-HTXO","8073804552","Maziba","Pf3D7_08_v3-585993-586266-1A","TGTAAATATAAATCATACGTATGACATGAATCATCATTTAATGCATTCTTAATTGTTAATGCTAATCTACTTACAATAATATAAGCAAAGTTTATATGAGAATGAATACCTTCTTTTCCTAAAAAGTTATAAAGACTAACAAATGGAGCATATATTATAAATTTATCATACTTTTTTTTGTGCATAACTTCATTTAATAAAATATTT","Pf3D7_08_v3-585993-586266-1A.1","171+10N",2486,1,1
"IM-23-122-HTXO","8073804552","Maziba","Pf3D7_09_v3-1015103-1015350-1A","ATTATTTAATTTTTCATCTTTTATATTTTTCAGATTTTTTATATGAAGATATAGGAATACAACTAAATTAACAGCTGAAAATAATCTTACTAACAAAAATAATTTGAGGAATTCTTCATCATATAAATCTTTTGGAATATTATTTGTGTATTCATAAATTTCTATTAAGGATATAATAGTTATGA","Pf3D7_09_v3-1015103-1015350-1A.1","34+8N",596,1,1
"IM-23-122-HTXO","8073804552","Maziba","Pf3D7_09_v3-1406342-1406614-1A","TCTCAGATTATCATAGTGTTGTGGATGAAGATTTAATTAATTTTAATGATGATGTTACTTTAGAAACACAATCCATGATAGCACACGGAGGGTCTTTGTCAGAAATAGAAGAAACTGGAGATTTATCTTCAGATGTTGATAGATTACTTTCATCAATCGAAACTACTCCAAGAGATGATGTTGTATATATACGAGGTGATATTATATT","Pf3D7_09_v3-1406342-1406614-1A.1","148T204A",578,1,1
"IM-23-122-HTXO","8073804552","Maziba","Pf3D7_09_v3-163813-164052-1A","GTAATAATAATAATAATAATGTATTTCTTTCATCAAGTGATCCAAATAAATTAAACACAACACCATCACCATTTGGTTTATCATCTATTGGAAATCTAAATACAAACAATAAATTAAATAGCTTTCCAGATTTTAGTCAAGCTAATAAAACATTTCTACAAAATGATAGCTTAT","Pf3D7_09_v3-163813-164052-1A.1","2+19N28T131T",1873,1,1
"IM-23-122-HTXO","8073804552","Maziba","Pf3D7_09_v3-164045-164311-1A","ATCAACTGGTGTTGCAAAACCATTAGTTACCAATTTTAATTCTCCATTTAGTGCTTTTGGTAAAACAAATACCAGTGATATATTTAAAACTAATACTACTGCATCAACTACAAATGCAACTGCAACTGCAACTCCTGCTCCCTTTGGATCAGCATTTGGAGCGCAAAAGAATAATGATAGCTTGTTTGGAAATAATGCATTCAAGCTTTCG","Pf3D7_09_v3-164045-164311-1A.1",".",3,0.00132042253521127,2
"IM-23-122-HTXO","8073804552","Maziba","Pf3D7_09_v3-164045-164311-1A","ATCAACTGGTGTTGCAAAACCATTAGTTACCAATTTTAATTCTCCATTTAGTGCTTTTGGTAAAACAAATACCAGTGATATATTTAAAACTAATACTACTGCATCAACTACAAATGCAACTGCAACTGCAACTGCAACTGCAACTCCTGCTCCCTTTGGATCAGCATTTGGAGCGCAAAAGAATAATGATAGCTTGTTTGGAAATAATGCATTCAAGCTTTCG","Pf3D7_09_v3-164045-164311-1A.27","134I=GCAACTGCAACT",2269,0.998679577464789,2
"IM-23-122-HTXO","8073804552","Maziba","Pf3D7_09_v3-202854-203106-1A","AATATACAAAGAATGTATATGATAAAATATTCTTTGTCCTTTAAAATTTTTTGTTCTTGTACTTTGTTTTTTATAATCTATTAAATTCATATCTGATGAAATATCATATTTATATTCCCCTTTATGAGCATTTACAAAAGTTTCGTTATTTCTTTTATTAATATATGTATTTGAGCACATATATTTAT","Pf3D7_09_v3-202854-203106-1A.2","46+8N66+8N146T",2331,1,1
"IM-23-122-HTXO","8073804552","Maziba","Pf3D7_09_v3-270915-271160-1A","CTTTGTATGTATTATCTGTTGTTTTATCTTCACCTTGATTTCCTGTACTTGTAGATTCAGTAGATGGACCTTCAGAACCTGATAATTCATCACTAGTAGATGCAGCACTTGTACTTTTAGATTGTTCTTTTAATGGTCCCATATATTTGTATAATTCTATTTCTAAATCTTGATCCTTGGTTTTTTCTTCTAA","Pf3D7_09_v3-270915-271160-1A.3","85A180+8N",2645,1,1
"IM-23-122-HTXO","8073804552","Maziba","Pf3D7_09_v3-516735-517007-1A","ATAGAAGGATATATAAAAAATTATCAAGAATCATATAATATAAATGACCATTGTAAATTAGTTCCATTAAATTTTTATAAAGATTCTATTTCTAATGATTTAGGTACTCCATGCCCTGTGAATAGTATTACCTTAAATGTGGGCGCAAAAACTATAAATGAATGTTTGTGTAATAAAGGATATTTCTATAATGTCAAGAAACAACAATGTAA","Pf3D7_09_v3-516735-517007-1A.2","14+8N211A",1125,1,1
"IM-23-122-HTXO","8073804552","Maziba","Pf3D7_09_v3-595828-596094-1A","ATAATTTTTTCATCGTTCTTATACATTAATGATAAAGTCTTTTTGCAAAATTTTTTGAAGAGATCAGATTTGAGATAAAGACGTTTGGCTAATTTATACGAGAATTCGAGAGCATCTAATTTTATATTTAAACATTTTTTCGTATCCAATATATTATAATTTTGTTCATAAGTCTGTTCGTTTATATTATTTAATACTTTT","Pf3D7_09_v3-595828-596094-1A.3","4+8N50+8N134+8N180G",1355,1,1
"IM-23-122-HTXO","8073804552","Maziba","Pf3D7_09_v3-685560-685825-1A","GAACCAAACAACGACAAAGGAACAAGATAATTTTTTCCATTTTTATAAAAGTAATATATATGATATGGAAAATAGAACATGTAATAATAATATATTACAATATTGTGTTATGAATAATAAATCATATTTATTTCATAATATATCATCCAAAAAAAATATATATATAAAAAAAAAGAATCATCAGTTTTCTTTATTCATATATT","Pf3D7_09_v3-685560-685825-1A.1","30+8N79A148+10N165+11N",59,1,1
"IM-23-122-HTXO","8073804552","Maziba","Pf3D7_09_v3-82006-82236-1A","TTTATCATCTTTAGGCCATAACCAGAGTACAAGCAATCCAACTATAACAATTGTAATTAACATTATAAATACTGTAATACCATAAACACTACCAGAAGCGATCAGAAATGCACTAAAAGTATAAGAACATTCACTTGGAATAAGAGTAGCGATAAAACTAAAAATAGC","Pf3D7_09_v3-82006-82236-1A.4","95G125G137G",3083,1,1
"IM-23-122-HTXO","8073804552","Maziba","Pf3D7_10_v3-1386657-1386909-1A","CGATTTTGGTAGGGAACAGGTTAAATATATTGAAGACGTGGTTTGATAATCAGGTATTTCTTTAATTAAATATTCATGATATTGTTCGTTAGATACATAAATTAATTCGTCCTCCACATTTTGCTGTTCTGTTATAATTTGTGAAGAAGCTTGGTTTGTCTTATTTGGTAATTGCTCTTTTATGA","Pf3D7_10_v3-1386657-1386909-1A.1",".",1950,1,1
"IM-23-122-HTXO","8073804552","Maziba","Pf3D7_10_v3-1392371-1392620-1A","TGATGAAAATGATGATTCCCTTATTTCTAATTCTTTAGTACCCGAAACAAGTTACAATCAAGATTACTCTTTATACACTATTAATATTTTGAATGGACTTCCTGATAAAGAAAGTAATATGAAAAATATTGATTTAGAAAAATTTAAAGATACTTCAATACATACAAAGGAAGAGGGACCCATTGTA","Pf3D7_10_v3-1392371-1392620-1A.2","106+9N",2133,1,1
"IM-23-122-HTXO","8073804552","Maziba","Pf3D7_10_v3-1414337-1414596-1A","GACCTGAATGGAAAGGTCAATGTGATAAATTTGAAAAAGAAAAAAGTAAATATGAAGATACTAAAAGTAGAACTGCTGAAATATATTTAAAAGAAATATGTTCTGAATGTGATTGTAAATATAAAGATTTGGATAATACATTTAAAGAATTTAATGATAACGTTACGCTTCTTAAAGCAGTAATTGATAACAAA","Pf3D7_10_v3-1414337-1414596-1A.5","17T39+8N70G82T155T167G",1951,1,1
"IM-23-122-HTXO","8073804552","Maziba","Pf3D7_10_v3-1414599-1414832-1A","ATCTAGATCAACGAGGGAATATAACAACATCTCAAGGAAATTCACACCGTGCAACTGTTGTGCAACAAGCTGATCAAACCAACAGATTAGATAATGTAAACTCTGTAACGCAAAGAGGAAATAATAACTACAACAATAATTTAGAGCGTGGATTGGGTTCTGGTGCT","Pf3D7_10_v3-1414599-1414832-1A.1","70C",3678,1,1
"IM-23-122-HTXO","8073804552","Maziba","Pf3D7_10_v3-992331-992603-1A","TCATTATATTTTTAAAAAAAAAAATTATGATATAAAATCTTCAATTAATAAAAGATCTATCCAGTTCTTTAAAGACACTAATATAGATCATTATATAGCATATGAATATTATAAGGAGGACCGTACGGAATTTATATTAACTATTATGAATGAAAAAAATATTACTCATCAAGAAACTCAAAGTCTTGAAATGAAAAAGTTGAAAG","Pf3D7_10_v3-992331-992603-1A.2","13+13N152+9N",1548,1,1
"IM-23-122-HTXO","8073804552","Maziba","Pf3D7_10_v3-992596-992869-1A","GAAAATAATAAAATGCACAGTATCAATTCTGATAGAAATAAAAATGATTATATTCCATCTTCCTATTTACATACAATATATAAAACATTTAGCGAACATATAAACCGAGATAATGGAAATATTTATGATGATGAAAAAAAAAATTTATATGATGGAACTGTTTTTTATATAGAAACATTAAACGAATTAAGAATTATCAATATATTATTTTCA","Pf3D7_10_v3-992596-992869-1A.2","133+12N160+8N198C",386,1,1
"IM-23-122-HTXO","8073804552","Maziba","Pf3D7_11_v3-1006693-1006917-1A","GTGGGGGAGAGAATTTTACCTTGATATGCTCCCATGTTTTATCCTTTATACAATACATATAAGTGTCATTGGTAATATATGACCCTCTTTTACCTCCGTAAAGAAATAAACAATCTTCTTTTTTTTCAGTGGAGTAAATTAAATTTAATTTTGCAAAATAGCGTGG","Pf3D7_11_v3-1006693-1006917-1A.1","118+10N",3948,1,1
"IM-23-122-HTXO","8073804552","Maziba","Pf3D7_11_v3-1018781-1019053-1A","TTTTTGATTCATATCATTATCATAATTATATATATATTGATCTCTGTCTATATGGGGAGCAAAAAAATATAAAGGATGTTGTGTCAAGGCTAATAATAATTCTGTAGCTATACTACTACTTATGTTACTTATACCACATCTAGTGACTGTACATTTTTCATCTAATGTTCTATAGGATAAAGAATCTGAAGGACAATGCATATCAT","Pf3D7_11_v3-1018781-1019053-1A.3","60+9N85C",642,1,1
"IM-23-122-HTXO","8073804552","Maziba","Pf3D7_11_v3-1019050-1019319-1A","TCAAAACTTATTGCTACCGTAATACCTAAAGGAGGCATTTTACATAATCTTTTTACACTCGTAAGAATATTATTATAAAAGATTTCTTGATACCTATCATACATATGAATATTATTTAGAGATTTATATATATTATTATTTTGTTCATATAATAATATATTATTTAAAGACTTATCCATAATTTTTGTACATTTTATATTTTCTATA","Pf3D7_11_v3-1019050-1019319-1A.2","93C",823,1,1
"IM-23-122-HTXO","8073804552","Maziba","Pf3D7_11_v3-1127074-1127316-1A","AACATTTTAATATTCCTAATTTCGAAAATATGATGAAAGGAGTTTTTGGAATTATTCAAAATCCTTTTGAAAATGGCCAACCCACTTTCCCATTCTTTAAAAATATTAATTCGATCTCTGGAATCGGTAATGTTGATATCCCCAAAAATTTTATGAATGATTTTTTGAATAATGGAAATGATCAAAACA","Pf3D7_11_v3-1127074-1127316-1A.1","13T160+8N",2903,1,1
"IM-23-122-HTXO","8073804552","Maziba","Pf3D7_11_v3-115913-116184-1A","ACCTCCCGATGTTATAAATATTATATTATCATCATCATTTGGAAGGAAATTCTCCTCTAATGTTTTTAATATTTCATCTATATTTTTAGGTCTCAATTTACTATTGAAAAATTTTGAATACTTCAAAAAATAATCATCATCTTTTACATTACATATATTATCATTATTTTCATTTTGTTTTAGTAGTTCATCTTTTATATTATC","Pf3D7_11_v3-115913-116184-1A.3","124+8N",759,1,1
"IM-23-122-HTXO","8073804552","Maziba","Pf3D7_11_v3-119432-119705-1A","CTCCTTTATATTCATCAAGAAATTTCATCCAAAAGTAATTATGTTTTTCTTGTTGATATTTTGCTTTATACAAACGAGCAAGATACTTATTATACGATTCATGCTCTTTAATTTTCTTTTCAAAAGTTTTGGTTATAATGTGTTCAAGTGATTGTAAAGTATTTTTCTTTAATTTTCTCCATATTAATCTACATGCGATTATAAGAA","Pf3D7_11_v3-119432-119705-1A.2","33A89A",1571,1,1
"IM-23-122-HTXO","8073804552","Maziba","Pf3D7_11_v3-1293919-1294168-1A","TCCATATCAAAATAGTGATGTGTATCGTCCAATCAACGAACATAGGGAACATCCAAAAGAATACGAATATCCATTACACCAGGAACATACATACCAACAAGAAGATTCAGGAGAAGACGAAAATACATTACAACACGCATATCCAATAGACCACGAAGGTGCCGAACCCGCACCACAAGAACAAAATTTAT","Pf3D7_11_v3-1293919-1294168-1A.1",".",2515,0.998412068281064,2
"IM-23-122-HTXO","8073804552","Maziba","Pf3D7_11_v3-1293919-1294168-1A","TCCATATCAAAATAGTGATGTGTATCGTCCAATCAACGAACATAGGGAACATCCAAAAGAATACGAATATCCATTACACCAGGAACATACATACCAACAAGAAGATTCAGGAGAAGACGAAAATACATTACAACACGCATATCCAATAGACCACGAAGGTGCTGAACCCGCACCACAAGAACAAAATTTAT","Pf3D7_11_v3-1293919-1294168-1A.19","163T",4,0.00158793171893609,2
"IM-23-122-HTXO","8073804552","Maziba","Pf3D7_11_v3-1294664-1294910-1A","AAAAGATAAATCATTTCAAAACTATACATATTTAAGTAAAAATGTAGTTGATAACTGGGAAAAAGTTTGCCCTAGAAAGAATTTACAGAATGCAAAATTCGGATTATGGGTCGATGGAAATTGTGAAGATATACCACATGTAAATGAATTTTCAGCAAAAGATCTTTTTGAATGTAATAAATTAGTTTTTGAATTG","Pf3D7_11_v3-1294664-1294910-1A.28","9A40A152T159A160A",4155,1,1
"IM-23-122-HTXO","8073804552","Maziba","Pf3D7_04_v3-544454-544718-1A","ACAAAATATAATACTTTATATACAAATGCTTATAAAAAATTTTAACGCGGACGTACTTCAAAATAATATAAATGAAGAAGAAGTAATACATAATAACATCAACATTAATAATATAAAAGAAGAACAAATTATACCAAATAATATCAAGAATATCCATAATAATGACAATATTAATCATTGTGATGATAATAAAATAA","Pf3D7_04_v3-544454-544718-1A.4","33+8N47G50G77G",1898,0.991640543364681,3
"IM-23-122-HTXO","8073804552","Maziba","Pf3D7_04_v3-544454-544718-1A","ACAAAATATAATACTTTATATACAAATGCTTATAAAAAATTTTAACTCGAACGTACTTCAAAATAATATAAATGAACAAGAAGTAATACATAATAACATCAACATTAATAATATAAAAGAAGAACAAATTATACCAAATAATATCAAGAATATCCATAATAATGACAATATTAATCATTGTGATGATAATAAAATAA","Pf3D7_04_v3-544454-544718-1A.3","33+8N",1,0.000522466039707419,3
"IM-23-122-HTXO","8073804552","Maziba","Pf3D7_04_v3-544454-544718-1A","ACAAAATATAATACTTTATATACAAATGCTTATAAAAAATTTTAACTCGAACGTACTTCAAAATAATATAAATGAACAAGAAGTAATACATAATAACATCAACATTAATAATATAAAAGAAGAACAACTTATACCAAATAATATCAAGAATATCCATAATAATGACAATATTAATCATTGTGATGATAATAAAATAA","Pf3D7_04_v3-544454-544718-1A.2","33+8N128C",15,0.00783699059561128,3
"IM-23-122-HTXO","8073804552","Maziba","Pf3D7_04_v3-648065-648332-1A","TATGACTTCTGATTCAGTTTTGTTAAGATATATACCAAGAGATCTTAACAAATATAATAATTTTTCACCACTAACTCCATCTTTATTAGTATCGTATTCTTTAAATATTGATTCAATCTCAGCTCTCTTAAAGAAAACAAATATATATACATATATATATGTATTTATATGAATTTGTATCAATAAATAATAACATTCTTA","Pf3D7_04_v3-648065-648332-1A.1","141+30N",621,1,1
"IM-23-122-HTXO","8073804552","Maziba","Pf3D7_04_v3-748105-748359-1B","TGTGCATGTTGTAAGGTTGAAAGCAAAAATGAGGGGAAAAAAAATGAGGTTTTTAATAACTACACATTTAGAGGTCTAGGAAATAAAGGAGTATTACCATGGAAATGTATTTCCCTAGATATGAAATATTTTCGTGCAGTTACAACATATGTGAATGAATCAAAATATGAAAAATTGAAATATAAGAGATGTAAAT","Pf3D7_04_v3-748105-748359-1B.1","36+10N110T133C",1545,1,1
"IM-23-122-HTXO","8073804552","Maziba","Pf3D7_04_v3-748374-748611-1B","AAACTGGGAAAGCATTCCAAAAAAATTTAAACCTTTAAGCAATAGGATAAATGTTATATTGTCTAGAACCTTAAAAAAAGAAGATTTTGATGAAGATGTTTATATCATTAACAAAGTTGAAGATCTAATAGTTTTACTTGGGAAATTAAATTACTATAAATGTTTTATTTTAG","Pf3D7_04_v3-748374-748611-1B.2","3A18+9N72+9N170T",2897,1,1
"IM-23-122-HTXO","8073804552","Maziba","Pf3D7_04_v3-748585-748822-2","TTAATAAAAAAAATATATTTTACTAGAATAAATAGTACATATGAATGTGATGTATTTTTTCCAGAAATAAATGAAAATGAGTATCAAATTATTTCTGTTAGCGATGTATATACTAGTAACAATACAACATTGGATTTTATCATTTATAAGAAAACGAATAATAAAATGTT","Pf3D7_04_v3-748585-748822-2.1","5+10N54+8N",284,1,1
"IM-23-122-HTXO","8073804552","Maziba","Pf3D7_04_v3-900526-900759-1A","TTAACAACTTATCATCATTTATTAGATTCTTTTCATGGAACAGATTATTAACAGTATCCATAATTTTATGATCATCCGTGTTATATGTATCTATACAAGTATTTAGCTTGCTTATATAATTTACATATTTCAACGGATCATTTTGAAGTATGCAATCATCGAATGAATA","Pf3D7_04_v3-900526-900759-1A.1","106G",2626,1,1
"IM-23-122-HTXO","8073804552","Maziba","Pf3D7_05_v3-1188456-1188706-1A","CAAAATTTAAATCAATAGCGGTTACGTTCATAATTTTGCCTTCAAAACTAACTTCTGTATGATATATAAATTTATTTTCCTTTACACTAAATACATATATAAAAATGGTACTTAATAATTTATCTTTATCATATTTAAATAATATTAAATCTGTTTTTACATCTGAGTTGTAATCACCGAAAT","Pf3D7_05_v3-1188456-1188706-1A.1",".",3654,1,1
"IM-23-122-HTXO","8073804552","Maziba","Pf3D7_05_v3-1322099-1322341-1A","TTCCAATAGAAACTAGATTACGATTTTCTTCATGAGGTAAATTGACATTCATCTTATATGTATAATTAAGGATGAGTAATAAATTGTATAAAAATATTTTTATTTAATAATTTATATGTATTATTAATAATTCTGAATTTATCAATTGATATATTATTTTTGTTTTTCTTTATGCCATTC","Pf3D7_05_v3-1322099-1322341-1A.6","16G27T",1,0.00100502512562814,2
"IM-23-122-HTXO","8073804552","Maziba","Pf3D7_05_v3-1322099-1322341-1A","TTCCAATAGAAACTATATTACGATTTCCTTCATGAGGTAAATTGACATTCATCTTATATGTATAATTAAGGATGAGTAATAAATTGTATAAAAATATTTTTATTTAATAATTTATATGTATTATTAATAATTCTGAATTTATCAATTGATATATTATTTTTGTTTTTCTTTATGCCATTC","Pf3D7_05_v3-1322099-1322341-1A.1",".",994,0.998994974874372,2
"IM-23-122-HTXO","8073804552","Maziba","Pf3D7_05_v3-213027-213251-1A","ATGTACTTATCCCCTGATATGATTTCCCCAATATCATCAAAATCAGTAATCTCTAAATCATTTATATGATTTATATGTATAAATTCTTTTATCTTGTTCAAATAATTTCTGTAATAAAATATATTCTCTTTATCATCATCAATTATTTTCATATAATC","Pf3D7_05_v3-213027-213251-1A.1","25T27C",3055,0.999345763820739,2
"IM-23-122-HTXO","8073804552","Maziba","Pf3D7_05_v3-213027-213251-1A","ATGTACTTATCCCCTGATATGATTTTTCCAATATCATCAAAATCAGTAATCTCTAAATCATTTATATGATTTATATGTATAAATTCTTTTATCTTGTTCAAATAATTTCTGTAATAAAATATATTCTCTTTATCATCATCAATTATTTTCATATAATC","Pf3D7_05_v3-213027-213251-1A.4","25T26T",2,0.000654236179260713,2
"IM-23-122-HTXO","8073804552","Maziba","Pf3D7_05_v3-350808-351052-1A","TAATATAATTTGAGTTGATAATATTATAATTATTTTTTATATGTTGCTCATTTATATTATTATGATAAATATGAGTTGTATTTTTATTAGAGTTGTAGGACATTTTCCCATACATGAGTTGTTTTACATTTTTAACATTTTTATAATTATGTATTAAACATAAGATTATTAGATAAA","Pf3D7_05_v3-350808-351052-1A.2","32+8N",2109,1,1
"IM-23-122-HTXO","8073804552","Maziba","Pf3D7_05_v3-369676-369949-1A","TGTAATATTATATATCCTGTTATAAATAAATCACTGGATATGGATGTGAAAAAAGAAGATATAAAAAAAAATGTAGAAGAAAATAAATATATAGAACATACACAGAATTTGAAAAATTATTTAGAAAATGATGAAAATGAGAAAAAAAAAAGAAGAAAAAGATCAAATAATAATGACAATTATAATTCTCATGATAATAATATTTTTCA","Pf3D7_05_v3-369676-369949-1A.2","34C48+8N62+11N141+12N",839,1,1
"IM-23-122-HTXO","8073804552","Maziba","Pf3D7_05_v3-395887-396136-1A","TCTAAGGATTGTTGGTTTTTTAGGATGCTCATCTTTTTAAGATAATCCTCTTTACTGTCGTTATTATTTAAATCGTTTTGTATAATATTATATTGTGAATTCCTTGTGTTTTTCATAACACTATTAGTCCTATTGGTGTTCTTCTTATTATTATTATTATTATTGTTCTTCTTCTTAATAAA","Pf3D7_05_v3-395887-396136-1A.5","15+8N119C145+20N",4,0.00404858299595142,2
"IM-23-122-HTXO","8073804552","Maziba","Pf3D7_05_v3-395887-396136-1A","TCTAAGGATTGTTGGTTTTTTAGGATGCTCATCTTTTTAAGATAATCCTCTTTACTGTCGTTATTATTTAAATCGTTTTGTATAATATTATATTGTGAATTCCTTGTGTTTTTCATAACACTATTAGTCCTATTGGTGTTCTTCTTCTTATTATTATTATTATTGTTCTTCTTCTTAATAAA","Pf3D7_05_v3-395887-396136-1A.1","15+8N119C145+20N",984,0.995951417004049,2
"IM-23-122-HTXO","8073804552","Maziba","Pf3D7_05_v3-550803-551072-1A","ATATACACCTTTCTTATTTATATTAATCTTTTCATTTTTACAAGAAATCACCTCCCTACTTATTCGGTTGTCCTCATTTTCATATTTCATAACACCATCATTTATTTTTTCTATTTCTTTAATATTATTTTCTCCTTCGACGTAATTATGCTTTCCTATCATCTCCTTTGCTCTACTTCCTATATATACTAATTTCTCTCTGAA","Pf3D7_05_v3-550803-551072-1A.3","6D=ATA107+8N141C",6,0.00551977920883165,2
"IM-23-122-HTXO","8073804552","Maziba","Pf3D7_05_v3-550803-551072-1A","ATATACACCTTTCTTATTTATATTAATCTTTTCATTTTTACAAGAAATCACCTCCCTACTTATTCGGTTGTCCTCATTTTCATATTTCATAACACCATCATTTATTTTTTCTATTTCTTTAATATTATTTTCTCCTTGGACGTAATTATGCTTTCCTATCATCTCCTTTGCTCTACTTCCTATATATACTAATTTCTCTCTGAA","Pf3D7_05_v3-550803-551072-1A.4","6D=ATA107+8N",1081,0.994480220791168,2
"IM-23-122-HTXO","8073804552","Maziba","Pf3D7_05_v3-641131-641404-1A","GGAATTTTTTTTTGGTGTTTTATTTTTTCGAAGGATACAGTATAATCTAAGACATTAAAATTATTGGGTTTGAAAAAGAGTTTCCTTTTTATGATGTGCAATAGAGGTATATTTATATAGGAAATATAAACATATAAAAGGAATATGATAAAAAGGAAATATTGACTTAATAAAATATTAATATTTCTTTTTTTAAAATATATTTCGT","Pf3D7_05_v3-641131-641404-1A.25","4+12N23+8N42T188+9N",2,0.00354609929078014,2
"IM-23-122-HTXO","8073804552","Maziba","Pf3D7_07_v3-405570-405844-1B","ATAGCAATTGCTTATTACTTTAAATTCTTAGCCGTAAGAATTAAAAAGATATAAATATATAAATATATATGTGAAATATATGATATATATGATATATATTTTTTATATGTAATGTTTTTTTTTTTTTCACAATATACATTTAAATGTTTATGATGGTACAACGTATCATATTTTATAATAATTTTATGCATTCATGTATATTATTTTTACTTTTT","Pf3D7_07_v3-405570-405844-1B.4","49+57N114+16N",1353,1,1
"IM-23-122-HTXO","8073804552","Maziba","Pf3D7_07_v3-432832-433091-1A","TTGAAAAAGTCATCATCAGAATGGGGATGATTATTATTGTTATTATGAGTTTGGTTCGTATTAATATTATGCTCCTTTTCGTTATTTAATTTATGTTCATTTATATTTTTATAAATAAATAATTTTCCAAGAAGTATACCATTAATAAACTTACTAGTTAACATATTAGACTGCTCAATATTTGTACATTTTTTTAATGTATGTATT","Pf3D7_07_v3-432832-433091-1A.1","30+17N188+9N",3136,1,1
"IM-23-122-HTXO","8073804552","Maziba","Pf3D7_07_v3-475313-475545-1A","AGCTTTATTATCTACAAAAAATCCACGTGGATATATGAAACAAATGAAATTGTATTTTATATTCCAAATTAAAGAAATTGCATTAAGAAAACATGGCTCTTTACTTACAGTCAAAAATTTATATGATAATAAACTTTTAAATATAAATTCATCATCTTCTACAAATA","Pf3D7_07_v3-475313-475545-1A.2","15+8N125G",1862,1,1
"IM-23-122-HTXO","8073804552","Maziba","Pf3D7_05_v3-668763-669004-1A","TAATATTATCTGGCTCTGTAACCATGTCCGAACATATGTTAACAGGAGAATCTGTTCCTATACATAAAGAGCAGTTACCTTTTGAAGGAAATGCTATTATAAATAAAAATAATAAATATGAGAGTAACGATGAAAAGGATGATTACCTTCGTATTTATAATAATCATGCTAGTATTAATATGATCAAGCG","Pf3D7_05_v3-668763-669004-1A.7",".",2763,0.999638205499276,2
"IM-23-122-HTXO","8073804552","Maziba","Pf3D7_05_v3-796518-796759-1A","TGGTTCTTCAATTGTTCATATAAGTTCTTTATTAGTAGGTGTATATTTATGTAGTAGTAGTGCAAATGCATTTAATCAAATTATTGAAAGAAATATAGATAAGTTAATGAAAAGAACCCAAAAAAGACCCTTAGCAAATAATAATCCAAATATGTCAGTTAAGCATGCTGAAATAT","Pf3D7_05_v3-796518-796759-1A.2","119+8N163G",1800,1,1
"IM-23-122-HTXO","8073804552","Maziba","Pf3D7_05_v3-958079-958350-1B","TTTTTATATCTGTGTTTGGTGTAATATTAAAGAACATGAATTTAGGTGATGATATTAATCCTATAATATTATCATTAGTATCTATAGGTTTAGTACAATTTATATTATCAATGATATCAAGTTATTGTATGGATGTAATTACATCAAAAATATTAAAAACTTTAAAGCTTGAATATTTAAGAAGTGTTTTTTATCAAGATGGACAATTTC","Pf3D7_05_v3-958079-958350-1B.1","186+8N",658,1,1
"IM-23-122-HTXO","8073804552","Maziba","Pf3D7_05_v3-958372-958608-1B","ATTTATAACAATTTTTACATATGCCAGTTCCTTTTTAGGTTTATATATTTGGTCATTAATAAAAAATGCACGTTTGACTTTATGTATTTCTTGCGTTTTTCCGTTAATTTATGTTTGTGGTGTCATATGTAATAAGAAAGTAAAATTAAATAAAAAAACATCTTTGTTATATAATAACAATACC","Pf3D7_05_v3-958372-958608-1B.4","60+8N89T151+9N",2230,1,1
"IM-23-122-HTXO","8073804552","Maziba","Pf3D7_05_v3-958920-959168-1B","AATAATAAATCGAAAACCATTAGTTGAAAATAATGATGATGGAGAAACATTACCAAATATTAAAAAAATTGAATTTAAAAATGTAAGATTTCATTATGATACTAGAAAAGATGTTGAAATTTATAAAGATTTAAGTTTTACTCTAAAAGAAGGGAAAACATATGCATTTGTGGGAGAATCA","Pf3D7_05_v3-958920-959168-1B.1","61+9N",1272,1,1
"IM-23-122-HTXO","8073804552","Maziba","Pf3D7_05_v3-960810-961048-1B","TAATACAGGAAGCATTTTATAATATGCATACTGTTATTAATTATGGTTTAGAAGATTATTTCTGTAATTTGATAGAAAAAGCTATTGATTATAAAAATAAAGGACAAAAAAGAAGAATTATTGTAAATGCAGCTTTATGGGGATTCAGTCAAAGCGCTCAATTATTTATTAATAGTTT","Pf3D7_05_v3-960810-961048-1B.1","105+8N",2102,1,1
"IM-23-122-HTXO","8073804552","Maziba","Pf3D7_05_v3-961511-961758-1B","CTGCAGAAGATTATACTGTATTTAATAATAATGGAGAAATATTATTAGATGATATTAATATATGTGATTATAACTTAAGATATCTTAGAAACTTATTTTCAATAGTTAGTCAAGAACCCATGTTATTTAATATGTCCATATATGAAAATATCAAATTTGGAAGAGAAGATGCAACATTGGAAGAT","Pf3D7_05_v3-961511-961758-1B.2","81T",2076,1,1
"IM-23-122-HTXO","8073804552","Maziba","Pf3D7_06_v3-1115900-1116168-1A","ATTTTTTAATAAAGCAGTACCATCTATATCTCTTCCTTTTTTTAAAACACATAAAGTTTCATCAAAATTGCTTGTGCTATTTTTATCAGGTTCAGGAAAATATTGTTTATTTGTAGAATATCCATTCTGATTACAAGTTATAATATTATTAATATTTATAAATTTTTTTTTTGTTTTTAAATCACCAAATTGATTATCGTTAT","Pf3D7_06_v3-1115900-1116168-1A.1","1+8N36+9N162+12N",1709,1,1
"IM-23-122-HTXO","8073804552","Maziba","Pf3D7_06_v3-1128558-1128797-1A","ATTGAATCGTTGGTGTTTATTTTATTATTCCTCTTTTGTTTTTCAATGAATACAAATGTTTCATCGACACTATCTTTATGATCTATTGGTATGGCATGATTTTCTAAATTGCTATTTCTTTCATTAGAATTGTATTTTTCACTATTATAGGTTGAGGTTTTACTACATTTTATATTTTT","Pf3D7_06_v3-1128558-1128797-1A.1",".",1573,1,1
"IM-23-122-HTXO","8073804552","Maziba","Pf3D7_06_v3-1135605-1135855-1A","TATAAAGAATTTATACCACCTAAATTGTTAACATTAGAAGTATTATTTGTTTCTGTATTTTCTTGTAACGTATTTGTATTATTAATATTGTTAGATGAAATATTATGACTATTTCTTCTATTTGTTATATTTAAATTGTAAATAGTTTCATTACTAACACTACTGATACCACTGAAATGATTATTTAG","Pf3D7_06_v3-1135605-1135855-1A.2",".",1548,1,1
"IM-23-122-HTXO","8073804552","Maziba","Pf3D7_06_v3-1136091-1136364-1A","CATTATTTTTGTATCCAACGTCGTTATTATTAAAACTTATTATTTGATTAATAACTGACGAACCACATATATTTACACAATGGAATACATAACTTAAGAAAGAGTAGTAATTGCATTTTACTTTTTGCATTTTCCCTCTGGTGGAGAAATAATTATTATGCTGCTTATTACTTTTTGTATTATGATAATTTTTGGTAATCATTTTTTTT","Pf3D7_06_v3-1136091-1136364-1A.2","201+9N",1731,1,1
"IM-23-122-HTXO","8073804552","Maziba","Pf3D7_06_v3-1140900-1141174-1A","CTTCCATGTGAGCTTCAAAATCGTCTGAAGGTCGACTAGACATGAAAAATTCAGATTGAGGTAAATCATCAAATGGATGATTTCTATATGATATTCTAGGTATTAATCCTAAGATATTATTTATGCTATTACATTGAGAATTTCCTTCATTGGTTGTGGTACTTATATCCACATTTTGGTGATCATCAGGATATAATGTATTTTCTTTAGAACTT","Pf3D7_06_v3-1140900-1141174-1A.2",".",1122,1,1
"IM-23-122-HTXO","8073804552","Maziba","Pf3D7_06_v3-1192628-1192867-1A","GATTATATATTTCTATATTTTAATAAGAATGCGTTACACAAACATGATGCCTCTAATGAAATGTGTTTTGTGAAAAACGAAGATTCTACACGCACAAAAGGACATATGAATGATGAACAAAATGATTTATATAAAATAAATAATAATACAACATATTTTTTTAACAAAAACCACT","Pf3D7_06_v3-1192628-1192867-1A.1","30T155+9N",2261,1,1
"IM-23-122-HTXO","8073804552","Maziba","Pf3D7_06_v3-1197245-1197515-1A","CATTAGGAAAAACAACAGAGCCTTCTTCCATACCATAAATACATAAATCATTTCCACTAATCTTTTCTAAATATTGCACAAAAGAATCAATATCATTATAAGATGACATCTTCTTTCTTATAAAATCTAATTGAGCTTTGGTAAATCGAAAACAATTAATATATTTTATTACTTCATATACACCAGCTAATATAGCAAATTGAC","Pf3D7_06_v3-1197245-1197515-1A.1","20G",1937,1,1
"IM-23-122-HTXO","8073804552","Maziba","Pf3D7_06_v3-1235395-1235658-1A","GAATATGATAAAATATATATACCAAACAATAAAAATAAAATTAATAATATAAATAATTTTTTAATAAAAAACAATTTGCTGTTGAAATCCAAATTTATGAGAATAACTCCTAATACCTATTTATGTCGTAATTGTGTCCTGTTATATCAAAATGATTTTTCGTATAATACATATGAAGAAGAAATTAATAAAATGG","Pf3D7_06_v3-1235395-1235658-1A.1","56+8N65+8N",650,1,1
"IM-23-122-HTXO","8073804552","Maziba","Pf3D7_06_v3-1282656-1282930-1A","AAAATATGGAAGAAATATGATAAAGAAAACAATAAATATATATTGTCTCATTTTATTCCTCAATTTATTGAAGACTTAAATTTGAAGGATGAATTCCGAAATTTATTTGATGGATTTGTAAATGATTTGGATATTCTATTATATTCAGAATTTAAAGCATTTTATTTACAAATGAAGCAAAAAGATATAAATGAACTGAAAAATTCTGA","Pf3D7_06_v3-1282656-1282930-1A.1","3A60T",1109,1,1
"IM-23-122-HTXO","8073804552","Maziba","Pf3D7_06_v3-145285-145531-1A","TCAACAAAAGCTGATGAATCATCATAATTTGAATAAAATTTATCATTCACAATATTATATTTTTGTTTCTTCTTTTTTCCCATAATATTATTATTTTGTTCACAATATATGTTCATGTGTCCCCTCTTTTTCTGTAAAATATTAAAATGTTTCTTACTATGCTTTTCTTCATTTTTAATAACA","Pf3D7_06_v3-145285-145531-1A.1","72+8N165T",3294,1,1
"IM-23-122-HTXO","8073804552","Maziba","Pf3D7_06_v3-176108-176338-1A","ATTATTATTATTATTATTATGATGATGATGATGATGATGATCTGTGTTAAGATCATCTTCTATACCATTAGTTAAACATTTTATATTTTTATTCATATAAACATTAATCTTCACAACAGATTTATCAGATCTAGAAAATCTTGTACCTGTTGCTTTATGTAACAATAT","Pf3D7_06_v3-176108-176338-1A.5","1+38N",26,0.0140616549486209,3
"IM-23-122-HTXO","8073804552","Maziba","Pf3D7_06_v3-176108-176338-1A","ATTATTATTATTATTATTATTATGATGATGATGATGATCTGTGTTAAGATCATCTTCTATACCATTAGTTAAACATTTTATATTTTTATTCATATAAACATTAATCTTCACAACAGATTTATCAGATCTAGAAAATCTTGTACCTGTTGCTTTATGTAACAATAT","Pf3D7_06_v3-176108-176338-1A.12","1+38N",37,0.0200108166576528,3
"IM-23-122-HTXO","8073804552","Maziba","Pf3D7_06_v3-176108-176338-1A","ATTATTATTATTATTATTATTATGATGATGATGATGATGATCTGTGTTAAGATCATCTTCTATACCATTAGTTAAACATTTTATATTTTTATTCATATAAACATTAATCTTCACAACAGATTTATCAGATCTAGAAAATCTTGTACCTGTTGCTTTATGTAACAATAT","Pf3D7_06_v3-176108-176338-1A.6","1+38N",1786,0.965927528393726,3
"IM-23-122-HTXO","8073804552","Maziba","Pf3D7_06_v3-416462-416720-1A","AAGAAAAAATGGACATTGTGGAGAATATAAAAAATAGAGGAAAGGAAAAAACAGAATTAACATATAAAGAAGTATATAAAACACAACAGAATCAAAATGATGCAAGTTTAAATTCATTTTGGGGTGATGAAAAAAAAAATAATAATTATGATATAGATATAGTAAAAGAGAAATATAGTGAGTTAATGAAAAAAAAAGAA","Pf3D7_06_v3-416462-416720-1A.1","3+8N28+8N45+8N129+12N188+11N",1835,0.993502977801841,2
"IM-23-122-HTXO","8073804552","Maziba","Pf3D7_06_v3-416462-416720-1A","AAGAAAAAATGGACATTGTGGAGAATATAAAAAATAGAGGAAAGGAAAAAACAGAATTAACATATAAAGAAGTATATAAAACACAACAGAATCAAAATGATGCAAGTTTAAATTCATTTTGGGGTGATGAAAAAAAAATAATAATTATGATATAGATATAGTAAAAGAGAAATATAGTGAGTTAATGAAAAAAAAAGAA","Pf3D7_06_v3-416462-416720-1A.8","3+8N28+8N45+8N129+12N188+11N",12,0.00649702219815918,2
"IM-23-122-HTXO","8073804552","Maziba","Pf3D7_06_v3-532166-532407-1A","AGAACAATTGCTAAACACCAAATTGGGTGAAACAAAAAACCACCTGAACAGAACCCCATTTATACCTGAATCGGTCATACGAGAAAGGAAATTACGCCAAGAAAAAGCGCAATCCACAAACAACATGTTCGATTCAACAAACGCAGATAGTATTACTTCCCCATGTGATCCAACGAATGCCACG","Pf3D7_06_v3-532166-532407-1A.1","33+8N109G157T",4325,1,1
"IM-23-122-HTXO","8073804552","Maziba","Pf3D7_06_v3-851492-851765-1A","ACAATAGTACATTCTGCATTTACATCACAACCTCCATTATTTTTTGAACAGTTCATATCTTTCATAGGTATACATTTAAAATAATTTACACTCATATCAACTATATAATTAGGTCGGCATCTACATTGTTCTTTATCTTTTTCGACAATATAACAACGTGAATTGGGTCCACATTTGGAATATTCACAAATATAATTTACTTTAAATATAACAAAATTTCTCA","Pf3D7_06_v3-851492-851765-1A.1","39+8N",2118,1,1
"IM-23-122-HTXO","8073804552","Maziba","Pf3D7_07_v3-1028330-1028603-1A","TAAAGAATATTTTTATTTCTAATATTATGGCTAAAAGGAAAATTATTTAATTTCATTTTTTGTGGGTTACTTGTATCATTACAACTCATCATCATGACCATATTATTATTATTATTATTATTGTTGTTGTTGTTGTTGTGGTGGTTCATTACCAATAAATTTGTGTTATTATGTTCATCCTTTTTTATATTAACAATTTCATTTCTATAA","Pf3D7_07_v3-1028330-1028603-1A.5","55+8N101+36N177+8N202C",1063,0.9981220657277,2
"IM-23-122-HTXO","8073804552","Maziba","Pf3D7_07_v3-1028330-1028603-1A","TAAAGAATATTTTTATTTCTAATATTATGGCTAAAAGGAAAATTATTTAATTTCATTTTTTGTGGGTTACTTGTATCATTACAACTCATCATCATGACCATATTATTATTATTATTATTATTGTTGTTGTTGTTGTTGTGGTGGTTCATTACCAATAAATTTGTGTTATTATGTTCATCCTTTTTTATGTTAACAATTTCATTTCTATAA","Pf3D7_07_v3-1028330-1028603-1A.55","55+8N101+36N177+8N186G202C",2,0.00187793427230047,2
"IM-23-122-HTXO","8073804552","Maziba","Pf3D7_07_v3-1043981-1044225-1A","ATAATGATATGTTATTTCATCATCAGCATCGACTTCTTTCTTATTATGTTCAAACAAATTCTTATATTTTATATTATTGCATTTTTGTCTTTCCATATTTATAAAAGATTCTATTTTCTTTTTATAATCATTCCTTTTTATATAATTACACATTCCTTCATTTTGGTTGTCATAACTCTTCT","Pf3D7_07_v3-1043981-1044225-1A.2","36+8N",2457,1,1
"IM-23-122-HTXO","8073804552","Maziba","Pf3D7_07_v3-105172-105442-1A","GACTACTAACAGAGTGACTACCTACGCTATGTTGAGATGAATTCCTTCCATCTGAATTACTTCCAGATAGGTGATTTTCTGTACTTCCATCTGAATTGTTTTTATATAATTGACTTTCCTTTTGTCCATCTAAATTATGCACTGCACTATGAGTTCCTTCACCCAAATTATTACTGTTTGTTGTATCATCATTTAAATCAAATCCATTTCTT","Pf3D7_07_v3-105172-105442-1A.1",".",2,0.00169491525423729,2
"IM-23-122-HTXO","8073804552","Maziba","Pf3D7_07_v3-105172-105442-1A","GACTACTAACAGAGTGACTACCTACGCTATGTTGAGATGAATTGCTTCCATTTGAATTACTTCCAGATAGGTGATTTTCTGTACTTCCATCTGAATTGTTTTTATATAATTGACTTTCCTTTTGTCCATCTAAATTATGCACTGCACTATGAGTTCCTTCACCCAAATTATTACTGTTTGTTGTATCATCATTTAAATCAAATCCATTTCTT","Pf3D7_07_v3-105172-105442-1A.2","44G52T",1178,0.998305084745763,2
"IM-23-122-HTXO","8073804552","Maziba","Pf3D7_07_v3-1066661-1066903-1A","TATAGTTTTGTAATTTATTGGTATGTGTTGTTAAAGGAGAATTTTTTTAATATCCCTTGTCATGGGCAAAATGAGAAAAAAGAAATAAAAAACTTTTATGTTCAACATGAAGATATTTGTGAACACACTATTGGTAATCATATGTTAGGTGATAAATTAAAAATGTGTACATCTAATATTAATG","Pf3D7_07_v3-1066661-1066903-1A.1","4A41+9N75+8N86+8N",3846,1,1
"IM-23-122-HTXO","8073804552","Maziba","Pf3D7_07_v3-1149367-1149613-1A","TATTTGACTAGTCGAATAATATTTAATATTTTTGTTTAGGAAGTTTTCAAAATTGATGACATTGATAACCGTTTTTATTAAATCGCTTGGGTTGTTTGTGTGTTCTATAGTAGAAGACATAATTTTAAGAATGTGTTTTTGTGTTATTAAACAAAACTTTGTTACTATATGGAATCGTATGTTAT","Pf3D7_07_v3-1149367-1149613-1A.1","106T109A",3296,1,1
"IM-23-122-HTXO","8073804552","Maziba","Pf3D7_07_v3-403479-403716-1B","TTAGGTGGAGGTTCTTGTCTTGGTAAATGTGCTCATGTGTTTAAACTTATTTTTAAAGAGATTAAGGATAATATTTTTATTTATATTTTAAGTATTATTTATTTAAGTGTATGTGTAATGAATAAAATTTTTGCTAAAAGAACTTTAAACAAAATTGGTAACTATAGTTTTGTAACATCCGA","Pf3D7_07_v3-403479-403716-1B.1",".",2581,1,1
"IM-23-122-HTXO","8073804552","Maziba","Pf3D7_07_v3-403487-403750-2","AGGTTCTTGTCTTGGTAAATGTGCTCATGTGTTTAAACTTATTTTTAAAGAGATTAAGGATAATATTTTTATTTATATTTTAAGTATTATTTATTTAAGTGTATGTGTAATGAATAAAATTTTTGCTAAAAGAACTTTAAACAAAATTGGTAACTATAGTTTTGTAACATCCGAAACTCACAACTTTATTTGTATGATTATGTTCTTT","Pf3D7_07_v3-403487-403750-2.1",".",468,1,1
"IM-23-122-HTXO","8073804552","Maziba","Pf3D7_07_v3-403801-404052-1B","TATATATATATATATGTATGTATGTTGATTAATTTGTTTATATATTTATATTTATTTCTTATGACCTTTTTAGGAACGACACCGAAGCTTTAATTTACAATTTTTTGCTATATCCATGTTAGATGCCTGTTCAGTCATTTTGGCCTTCATAGGTCT","Pf3D7_07_v3-403801-404052-1B.4","1+45N130+8N",1725,1,1
"IM-23-122-HTXO","8073804552","Maziba","Pf3D7_07_v3-404325-404590-1B","GAAACACAAGAAGAAAATTCTATCATATTTAATCTTGTCTTAATTAGTGCCTTAATTGTAAGAAAACAAAATATATAAATAAATAAATATATATATATATATATATATATATATATATTGTAATATTTAATATATATTAACACTTAAACTTTGTTTTTATTATATTAATTTATATTCTTTATCATTTTTTTTTTTTTTTCCTTCTTTTTTT","Pf3D7_07_v3-404325-404590-1B.61","71+40N176+19N198+8N",22,1,1
"IM-23-122-HTXO","8073804552","Maziba","Pf3D7_07_v3-405517-405773-2","TTTTCTACCATGACATATACTATTGTTAGTTGTATACAAGGTCCAGCAATAGCAATTGCTTATTACTTTAAATTCTTAGCCGTAAGAATTAAAAAGATATAAATATATAAATATATATGTGAAATATATGATATATATGATATATATTTTTTATATGTAATGTTTTTTTTTTTTTCACAATATACATTTAA","Pf3D7_07_v3-405517-405773-2.8","97+57N162+16N",1,0.00485436893203883,2
"IM-23-122-HTXO","8073804552","Maziba","Pf3D7_07_v3-405517-405773-2","TTTTCTACCATGACATATACTATTGTTAGTTGTATACAAGGTCCAGCAATAGCAATTGCTTATTACTTTAAATTCTTAGCCGTAAGAATTAAAAAGATATAAATATATAAATATATATGTGAAATATATGATATATATGATATATATTTTTTATATGTAATGTTTTTTTTTTTTTTCACAATATACATTTAA","Pf3D7_07_v3-405517-405773-2.2","97+57N162+16N",205,0.995145631067961,2
"IM-23-122-HTXO","8073804552","Maziba","Pf3D7_08_v3-1344618-1344845-1A","TATCTTTTCCATATATAATAACGCATGAATTCTTTAAATATATCTTTTACTTTATCTGTAAGTTTCATGGAATCTATTATTTCTTCTGCATATTTTATTTTTGCCTCGTTTATATATTTACCTGCTTCTAATTTACATAAACATTTTTCTATTAAGTTTTG","Pf3D7_08_v3-1344618-1344845-1A.7","84T86C128C",2726,1,1
"IM-23-122-HTXO","8073804552","Maziba","Pf3D7_08_v3-1365709-1365954-1B","ATTTTCATCTTGTAATGTGTTTTTAACATTATAGCAGTAATTTTCTAGGTTGTTTCTTGCTTCAATTCTATTTTTATTTTGTTCATCCTCTTCTTTATATTTTTCTGCATCATTTACCATACGATCGATATCATCTTTTGATAATCTTCCTTTATCATTTGTAATAGTAATTTGGTTTTGT","Pf3D7_08_v3-1365709-1365954-1B.1",".",1392,1,1
"IM-23-122-HTXO","8073804552","Maziba","Pf3D7_08_v3-1365750-1365999-2","TTTCTAGGTTGTTTCTTGCTTCAATTCTATTTTTATTTTGTTCATCCTCTTCTTTATATTTTTCTGCATCATTTACCATACGATCGATATCATCTTTTGATAATCTTCCTTTATCATTTGTAATAGTAATTTGGTTTTGTTTACCAGTACCTTTATCTAATGCTGTTACATTTAGGATACCATT","Pf3D7_08_v3-1365750-1365999-2.1",".",789,1,1
"IM-23-122-HTXO","8073804552","Maziba","Pf3D7_07_v3-627351-627625-1A","TCACTAAGATAATTATTATTACTATTTTCAGCATAATAAAATTTCTGATGTTTCATAAGAGGAGTTTGGTTAGAAGCAAAATTATCAGCAGTTGTCGAATAATTATTATGTTCTTGATAAAAGAGATTATTCATATAGTTATTATTATTTTTCATATCATCCATAGTATTATTGTTAATATAAAATTCCTCATATGAATTATATATATA","Pf3D7_07_v3-627351-627625-1A.3","54C",970,1,1
"IM-23-122-HTXO","8073804552","Maziba","Pf3D7_07_v3-717260-717493-1A","GAGCTTGCTTTTTTGTTGCGTTACTTGCTGGGCTGATCAAAAAAAAAGTTGAATGTATTGAACTTAGTGCCAGCGAAATTTCCCCTCATGAAAACAAATCGACGAGTTCATCAATATTCCAAGAGGAATTAAAATTTGATAAGTCTCTGAAAAATTTTTTCAAACAA","Pf3D7_07_v3-717260-717493-1A.1","8+8N38+11N154+8N",2825,1,1
"IM-23-122-HTXO","8073804552","Maziba","Pf3D7_07_v3-729480-729750-1A","TGAATGTTCAGAAATTTTATATCACTTAAATCGTTTGAGTGCGTTAGATCAAATATTGTTGAAAGATAAAATAAGTATATATGAGTATCAGCTAAAGGACACGTTTTTAACAACGTATGATATAGGTTGTTTATTAAAAATAGCTCAAGTGTTGAATGAACAAAATTATTATGATAACATTCCATTTTTGCATATATTTTTATATAACATACATAA","Pf3D7_07_v3-729480-729750-1A.2",".",1259,1,1
"IM-23-122-HTXO","8073804552","Maziba","Pf3D7_07_v3-896613-896849-1B","ACAATGAAAAAATGTATTAATGATGAATTATATAAAATAAAAATAAATGTAGGTTTATATAAAAAGGATAGAAAAAAATTATCCTTTTTTATATTGTTGCATAAATTTTATTTAGATAATTATAATATTGTTATTAATAAATTAAAAAATATGAATAATTTAATAGAAA","Pf3D7_07_v3-896613-896849-1B.1","6+8N71+9N84+8N143+8N",1809,1,1
"IM-23-122-HTXO","8073804552","Maziba","Pf3D7_08_v3-102277-102527-1A","TACCTTCATCTATTGAATTAATTTTCTCAAGTAACATATTTTTGTCTTGACTACTTTCATCTGTAAATGGAACGACTACTCTTTGCTTACCTGCAAAAAGGACAACTGACATATGAGCCTTATCCTTACTTACATTCGAATTAAAGACCATAGATTCTAAAAATGGTATAGTTCCTTTTAACCAATAATC","Pf3D7_08_v3-102277-102527-1A.4",".",2186,1,1
"IM-23-122-HTXO","8073804552","Maziba","Pf3D7_08_v3-1056678-1056903-1A","GTGTTAAGGATAATTATAATGCAATAAGCACAACTAATTTTTCAGATGACATGGATGAATTGATAAAGAATCTTTCTATTATGGGTTTGTGTAAAGAGAAAATAGTGTTAACAGAAAAGGCAACAATATTTAATAACATTGAATTGTTGTATTCATATTATCTTATAGTTCAGA","Pf3D7_08_v3-1056678-1056903-1A.4","8G126A",5263,1,1
"IM-23-122-HTXO","8073804552","Maziba","Pf3D7_08_v3-1099719-1099977-1A","AAAAAATAAAAAATCAAACAAGATAAATAATAATGTATATAATACTAGTGGTATAAAAAATAATGATCAAAATATGGATAATATGAATCAAAAAGGGAAAAGTAACAAAAATTCAAATAAATATAATTTTGATGAAGAGGACTTATGGTTTTTATGTGATTTATGTAATAATCCTATAAGTCCGTTATGTTA","Pf3D7_08_v3-1099719-1099977-1A.2","1+14N54+8N142C",972,1,1
"IM-23-122-HTXO","8073804552","Maziba","Pf3D7_08_v3-1176313-1176549-1A","TACATCCAATGAATATTTTACACTTAAAAGAAATAAACAAATTATTCATAATAAAATACATATACTCTCTATGCAAAAAAATAAACAAAATACAAACGAGCTAAACAAATCATGTAATATTAACGCCATCATATTTAATATTAATTCTGATGATTTTGAGGTAGGCGATGAAATTGT","Pf3D7_08_v3-1176313-1176549-1A.4","67C74+9N",3498,1,1
"IM-23-122-HTXO","8073804552","Maziba","Pf3D7_08_v3-1313088-1313338-1A","TGAGAGACATAGATATATGATAGAAAAATGGAAAAAAGAAGATTGGTTTTGTGATTTAAAAGAAACGTTGAAAAATGAATTCGAAGAACAGATGGATATAGGAAAAGTATCTTTTTTATATGAAAATAATAGAGAGTATGGAAAAAATTTTTATTTGGAAAAGCAAAAAATTATATGGAAAAGATGG","Pf3D7_08_v3-1313088-1313338-1A.2","31+8N82C111+8N141+8N164+8N",1561,1,1
"IM-23-122-HTXO","8073804552","Maziba","Pf3D7_08_v3-1314717-1314986-1A","ATAAAAAAGAAAAAATTATTGTCAAAAGTTTTCATAGATATATATATGATGGTATTAGAAGATTTTAAAGAAGAAGAATGTAAAAAAAATAAAGAAATATTTCTTGATACTTATATAGATGAACTAAAAAAAGATTCACAAAGTGAAAAAAATAAAAGCATGTTAAATATATTAGATGAAATAAAAAGTGATATTCATATAGGATATC","Pf3D7_08_v3-1314717-1314986-1A.1","2+15N87A125+9N138A145+9N",863,1,1
"IM-23-122-HTXO","8073804552","Maziba","Pf3D7_11_v3-1816152-1816378-1A","TTGGGTAGATATCGTTATAAGGGCTATAATGTATTGACTTCTCCGGGTTGGTTACATTATCATTACAACCAATATTATTAAGGTTAATATTATTTTTATCATTATTATTGTTGTTTTCATTTGTGTGGTTATATAATAACAATGATGTGTCGTCTATTGGATCATT","Pf3D7_11_v3-1816152-1816378-1A.2","90T",1,0.000263991552270327,2
"IM-23-122-HTXO","8073804552","Maziba","Pf3D7_11_v3-1816152-1816378-1A","TTGGGTAGATATCGTTATAAGGGCTATAATGTATTGACTTCTCCGGGTTTGTTACATTATCATTACAACCAATATTATTAAGGTTAATACTATTTTTATCATTATTATTGTTGTTTTCATTTGTGTGGTTATATAATAACAATGATGTGTCGTCTATTGGATCATT","Pf3D7_11_v3-1816152-1816378-1A.5","50T",3787,0.99973600844773,2
"IM-23-122-HTXO","8073804552","Maziba","Pf3D7_11_v3-1902041-1902278-2","ATGAAACAAAATGTCCACCTAGATACCCTTTAAAATCAAAAGTTTTTGGAACCTTTGACCAAAAAACAGGAAAATGTAAAAGTCTCATGGACAAAGCATATGAAGTTGGAATTAATAAATTTTCAGTCTGTTTAGAATATTTATTTTTAGTATCACCTAAGGATTTATATAATAGCGGAAG","Pf3D7_11_v3-1902041-1902278-2.1","60+8N",2044,1,1
"IM-23-122-HTXO","8073804552","Maziba","Pf3D7_11_v3-1934962-1935236-1A","TGATGTGCCAATATTAAGGATACATTTTCTAAAGCTTCTATCAGATAATGAAAATTTTTTCTGCGATTTTCATTTAAATCATTAAATATATTGGTTAGTTCTTGTATTGACGTTTTTGGATCTAAGGATGTAATTTGTTCATTTAATTCTTCTGTATATTCTAGATTAAAGTTTAAATTATTAAAATAACCTTCAGCATTATTTTCATTTTT","Pf3D7_11_v3-1934962-1935236-1A.1","54+10N98G",670,0.998509687034277,2
"IM-23-122-HTXO","8073804552","Maziba","Pf3D7_11_v3-1934962-1935236-1A","TGATGTGCCAATATTAAGTATACATTTTCTAAAGCTTCTATCAGATAATGAAAATTTTTTCTGCGATTTTCATTTAAATCATTAAATATATTGGTTAGTTCTTGTATTGACGTTTTTGGATCTAAGGATGTAATTTGTTCATTTAATTCTTCTGTATATTCTAGATTAAAGTTTAAATTATTAAAATAACCTTCAGCATTATTTTCATTTTT","Pf3D7_11_v3-1934962-1935236-1A.22","19T54+10N98G",1,0.0014903129657228,2
"IM-23-122-HTXO","8073804552","Maziba","Pf3D7_11_v3-1950431-1950680-2","AGATATATTTCAAGGAAAGGATATGTGGAATGATGGGAAATATGGTGAAGCGAAAAATCATATTAAGAATGCTTTTGGTGATATGAACAATAGAAAATCTATGTTAAATGAAATTGAGAAAGGAATTAAAGATGAAACGTTTAGTCGTGAAAATGGTTTAGACGTTTGTAAATCTCAATGTGAGGAAAG","Pf3D7_11_v3-1950431-1950680-2.5","98T",1138,1,1
"IM-23-122-HTXO","8073804552","Maziba","Pf3D7_11_v3-1968050-1968296-2","TCATTACACTAGTCATGATTGGTTTAGATTATTACGCCAAGGGAATAAAGCTCAAAATTCCATTTCTCAGGAAGTAGACATATTAACGGAAAAGTATAAAAAATTAATTTCAGAGGAAGACAATAAAAAAGAAAATAACAATAATAATGATGATGAAGTAAAACCAGAACTAAAAGACAATATA","Pf3D7_11_v3-1968050-1968296-2.2","97+8N124+8N",1,0.000771010023130301,2
"IM-23-122-HTXO","8073804552","Maziba","Pf3D7_11_v3-1968050-1968296-2","TCATTACACTAGTCATGATTGGTTTAGATTATTACGCCAAGGGAATAAAGCTCAAAATTCCATTTCTCAGGAAGTAGACATATTAACGGAAAAGTATAAAAAATTAATTTCAGAGGAAGACAATAAAAAAGAAAATAACAATAATAATGATTATGAAGTAAAACCAGAACTAAAAGACAATATA","Pf3D7_11_v3-1968050-1968296-2.12","97+8N124+8N152T",1296,0.99922898997687,2
"IM-23-122-HTXO","8073804552","Maziba","Pf3D7_11_v3-1295103-1295335-1A","ACTACTGCTTTGTCCCATCCCATCGAAGTTGAAAACAATTTTCCATGTTCATTATATAAAAATGAAATAATGAAAGAAATCGAAAGAGAATCAAAACGAATTAAATTAAATGATAATGATGATGAAGGGAATAAAAAAATTATAGCTCCAAGAATTTTTATTTCAGATGATAAA","Pf3D7_11_v3-1295103-1295335-1A.5","61A132+9N",2969,1,1
"IM-23-122-HTXO","8073804552","Maziba","Pf3D7_11_v3-1295371-1295597-1A","AAGTAACATCAAATAATGAAGTTGTAGTTAAAGAAGAATATAAAGATGAATATGCAGATATTCCTGAACATAAACCAACTTATGATAAAATGAAAATTATAATTGCATCATCAGCTGCTGTCGCTGTATTAGCAACTATTTTAATGGTTTATCTTTATAAAAGAA","Pf3D7_11_v3-1295371-1295597-1A.1",".",2509,1,1
"IM-23-122-HTXO","8073804552","Maziba","Pf3D7_11_v3-1374917-1375148-1A","TTTTTAAATGAAAATCTCCAAAGCTTCTGGTTGGTTGTAATCTACCTTTAACATAACAATTATCATAATGATGTGATAAGAGATGAAAAGGTGTTTTACATAATTCATATGTATTATTATTATTAACAGTTTTATAATCTCGAGTACATATTTTACATACTAATATA","Pf3D7_11_v3-1374917-1375148-1A.1","112+14N",2365,1,1
"IM-23-122-HTXO","8073804552","Maziba","Pf3D7_11_v3-1375807-1376056-1A","TCGTTATGTACCCTAATAAATTTTTTTTCATTATTTGAATCTATATTATTTACATTAGTATTTTGAGTTGTACCATAAATTTCAGTGTTATTATTATTTCTATTCATATAATTATGTCCGCTTATATAATTATGACCATTAAAAAAACGTCTTCCATGTATATCATCTCTTCTAATGTATTTA","Pf3D7_11_v3-1375807-1376056-1A.1","20+10N140+9N",829,1,1
"IM-23-122-HTXO","8073804552","Maziba","Pf3D7_11_v3-1376058-1376305-1A","TTTCTGGCTCGATATAATCCATTTCAATATTTATATTAGATATGAAACATCTATCTTCAATAGGTGAATTTGCTGCAAATTGAGCCATAGAAAAATGATTCTCATTCCTTTGAAAATATGAACTATTCAACTCATCAAGGTTTTCATATTTTATTTCATAACTGCCATCATCTGAATCCTCTTCATCA","Pf3D7_11_v3-1376058-1376305-1A.5","140G150T",1746,1,1
"IM-23-122-HTXO","8073804552","Maziba","Pf3D7_11_v3-2001725-2001999-2","GGATGTAAGAACTAAGAATGTAAATACAAGTAAGAGAAATGAAGGACTTAATGATATAAATGAATCAGAAAAAACAAGAACAAGAAGGGCATCAACAAAATCAAATAATAATAATAATAATGTATCATACGAGAATGAATTAGAGAGTGTATCTGAATGGTTTGATAACTTTTTGGAGGATCATATGAAGGAAGGTGTTTTTTTAGATGGGGAAAA","Pf3D7_11_v3-2001725-2001999-2.1","1G68+8N89G116I=AATAAT153G191+9N",332,1,1
"IM-23-122-HTXO","8073804552","Maziba","Pf3D7_11_v3-408285-408534-1A","TATGAAGAAGGTTTAAAATATTGTGCGTCATCAATTAATTTATGGATATGTGCTATCGATTTACAAATAGAAAAAAAGAATTATACAGGTGCTAGAGCTTTGACGGAGAAAGCAAAAATCAAAATCAAGTATTTAAATTCTTTTAATAATAATAGTCATATTTTAAAAAGTAAAGAAATTATTGAA","Pf3D7_11_v3-408285-408534-1A.1","70+9N",1753,1,1
"IM-23-122-HTXO","8073804552","Maziba","Pf3D7_11_v3-408543-408771-1A","AGAGTGTTAATAATACTACAGCTAGTAATATTTCCAAATCCAAAAATGAACTTGAAAAAAAGTCATCAGTTAATAATAATGCTTATATTAAAATTATCGAAAATTATGATTTATTATGGTTAAAATTAATAGAAATTGAATTATGTTGTAATAATAAAAATTTAAATCCTATA","Pf3D7_11_v3-408543-408771-1A.1","54+9N",5267,1,1
"IM-23-122-HTXO","8073804552","Maziba","Pf3D7_11_v3-497277-497548-1A","TTTTAGATTTAATTGAATATTCATTTTTAAATTATACTAGTTCTAATTTAAATACAATAAATAATAATAATGACAAAAAAAAACAAAATCAAAAAAATAAAAATCGCAAATATAGTAAAAATAATATTTTAGATCTCTATGAACACGTACGTACGATCAGTTTATTTTATCACACGTTTAATTTACCTAAGGAGTATAATGAAAAATTGTT","Pf3D7_11_v3-497277-497548-1A.1","74+11N90+9N148T150C",744,1,1
"IM-23-122-HTXO","8073804552","Maziba","Pf3D7_12_v3-1959644-1959891-1A","ATGGGAAGACGATAAGAGAAGAGAAATTAATTTCTGAGGGAGCGTATTCATTTGTTTATATGGCGAAGGATTTAAACACGAATCGAGCTTATACTATAAAGAAGACCATATGTCAAGATAAAGAGAAAATAGATATGGCGAATAAAGAAATCAACATTCTTAAAAGTTTACCTCCACATAAAAATATA","Pf3D7_12_v3-1959644-1959891-1A.2",".",1663,1,1
"IM-23-122-HWJN","8039832693","Maziba","Pf3D7_01_v3-181512-181761-1A","TTCATTATTGTTTTCATTCTTTTTTTAACGAAAACTATTCATCTCAAAAATATAAGATATTTTATATGACGAATGCCATTGTATTTTTTGTTACGTAAAACCTGACTTCTTCAAGGAAAACACATGCGCATTTTCACCAATTTTTGCCTAAGCTTATTATAAAAAGTATATTAAATGTATGAC","Pf3D7_01_v3-181512-181761-1A.2","19+9N83+8N",6407,0.992102818209972,2
"IM-23-122-HWJN","8039832693","Maziba","Pf3D7_01_v3-181512-181761-1A","TTCATTATTGTTTTCATTCTTTTTTTAACGAAAACTATTCATCTCAAAAATATAAGATATTTTATATGACGAATGCCATTGTATTTTTTGTTACGTAAAACCTGACTTCTTCAGGGAAAACACATGCGCATTTTCACCAATTTTTGCCTAAGCTTATTATAAAAAGTATATTAAATGTATGAC","Pf3D7_01_v3-181512-181761-1A.3","19+9N83+8N114G",51,0.00789718179002787,2
"IM-23-122-HWJN","8039832693","Maziba","Pf3D7_01_v3-194742-194973-1B","TACCTATAAAAATGAAAAAAATAAAGAAGAAGATAAATATGGAAAAAATGAAAAAAACGAAAAATATGACAAATATGACAAATATGAAAAATATGACAAATATGAAAAATATGAAAAATATGATAAATACAAAAAAGATAATAAAAATCAACATGATGATCCACTTTATGATAATATTAATAAAAATTACGATAA","Pf3D7_01_v3-194742-194973-1B.23","14+9N42+17N97I=CAAATATGAAAAATATGA112+8N",1,0.000168293503870751,4
"IM-23-122-HWJN","8039832693","Maziba","Pf3D7_01_v3-194742-194973-1B","TACCTATAAAAATGAAAAAAATAAAGAAGAAGATAAATATGGAAAAAATGAAAAAAACGAAAAATATGACAAATATGACAAATATGAAAAATATGAAAAATATGATAAATACAAAAAAGATAATAAAAATCAACATGATGATCCACTTTATGATAATATTAATAAAAATTACGATAA","Pf3D7_01_v3-194742-194973-1B.2","14+9N42+17N112+8N",5883,0.990070683271626,4
"IM-23-122-HWJN","8039832693","Maziba","Pf3D7_13_v3-2814583-2814832-2","TCAGTCTTCTAATTCTAGCGATAATGATCCTGCAGTAGTAAGTGGTAGAGAATCTAAAGATGTAAATCTTCATACTTCTGAAAGGATTAAAGAAAATGAAGAAGGTGTGATTAAAACAGATGATAGTTCAAAAAGTATTGAAATTTCTAAAATACCATCTGACCAAAATAATCATAGTGATTTATCACAG","Pf3D7_13_v3-2814583-2814832-2.1","124T",8413,0.99893137022085,2
"IM-23-122-HWJN","8039832693","Maziba","Pf3D7_01_v3-162867-163115-1A","ATATACCAATAATACTTTTTTTTTTAAATAATGTAAAAAATGATTTATATAATTGTTATAAACAAATGATCACATATCATAATAATAATAATAATATGCTAAATCATAACTCTAATATTTTATCAAAAGAAAATGAAAAAAAACAACCTTTTTCAACATATTATATATCAAATCTTTGTTCTCCTGACCAAATGGTGATAAATAAAAA","Pf3D7_01_v3-162867-163115-1A.12","15+12N34+8N91I=ATAATA92G129+10N156T",19,0.00410189982728843,3
"IM-23-122-HWJN","8039832693","Maziba","Pf3D7_01_v3-194742-194973-1B","TACCTATAAAAATGAAAAAAATAAAGAAGAAGATAAATATGGAAAAAATGAAAAAAACGAAAAATATGACAAATATGAAAAATATGAAAAATATGATAAATACAAAAAAGATAATAAAAATCAACATGATGATCCACTTTATGATAATATTAATAAAAATTACGATAA","Pf3D7_01_v3-194742-194973-1B.4","14+9N42+17N79D=CAAATATGA112+8N",56,0.00942443621676203,4
"IM-23-122-HWJN","8039832693","Maziba","Pf3D7_01_v3-528859-529104-1A","TTTGATTCTTTTTAATGAAAAAGAAGCTAAAGATATGTCAGACCATATAATTTCCCAACAAAAACGTTATTGCTCTACCAATATTCATAGTAATTATAATAATAAAATATGTATATGTAAAAATAAGCGACATCATAACAAAAGAGGGAAAGGAATAAAGCATCATGACATACATCAAAAGG","Pf3D7_01_v3-528859-529104-1A.1","165A",153,0.0114873489000676,2
"IM-23-122-HWJN","8039832693","Maziba","Pf3D7_01_v3-145388-145662-1A","GATATGTTTAAATATATGATTCTCGAAAAAACTTTTTTTATTTTTTTTGTCAATAGATAAATGATCAATATTTTCTATATTTAATCTATCAAGTATTTTTATATATCTATTATTTCTTTCTTCGATGGATAAATTATATGAATCAATATCCTTTCTTTCATCAACAAACTTTTTTATTGTTAACTCCATTTTTTTATTTAAGATACCA","Pf3D7_01_v3-145388-145662-1A.2","25+25N139T169+8N188+9N",608,1,1
"IM-23-122-HWJN","8039832693","Maziba","Pf3D7_01_v3-162867-163115-1A","ATATACCAATAATACTTTTTTTTTTAAATAATGTAAAAAATGATTTATATAATTGTTATAAACAAATGATCACATATCATAATAATAATAATAATATGCTAAATCATAACTCTAATATTTTATCAAAAGAAAATGAAAAAAAACAACCTTTTTCAACATATAATATATCAAATCTTTGTTCTCCTGACCAAATGGTGATAAATAAAAA","Pf3D7_01_v3-162867-163115-1A.4","15+12N34+8N91I=ATAATA92G129+10N",4590,0.990932642487047,3
"IM-23-122-HWJN","8039832693","Maziba","Pf3D7_13_v3-2814606-2814855-1B","TAGCGATAATGATCCTGCAGTAGTAAGTGGTAGAGAATCTAAAGATGTAAATCTTCATACTTCTGAAAGGATTAAAGAAAATGAAGAAGGTGTGATTAAAACAGATGAAAGTTCAAAAAGTATTGAAATTTCTAAAATACCATCTGACCAAAATAATCATAGTGATTTATCACAGAATGCAAATGAGGACTCTA","Pf3D7_13_v3-2814606-2814855-1B.2",".",8,0.00157790927021696,2
"IM-23-122-HWJN","8039832693","Maziba","Pf3D7_06_v3-1136091-1136364-1A","CATTATTTTTGTATCCAACGTCGTTATTATTAAAACTTATTATTTGATTAATAACTGACGAACCACATATATTTACACAATGGAATACATAACTTAAGAAAGAGTAGTAATTGCATTTTACTTTTTGCATTTTCCCTCTGGTGGAGAAATAATTATTATGCTGCTTATTACTCTTTGTATTATGATAATTTTTGGTAATCATTTTTTTT","Pf3D7_06_v3-1136091-1136364-1A.1","173C201+9N",2883,1,1
"IM-23-122-HWJN","8039832693","Maziba","Pf3D7_01_v3-162867-163115-1A","ATATACCAATAATACTTTTTTTTTTAAATAATGTAAAAAATGATTTATATAATTGTTATAAACAAATGATCACATATCATAATAATAATATCCTAAATCATAACTCTAATATTTTATCAAAAGAAAATGAAAAAAAACAACCTTTTTCAACATATAATATATCAAATCTTTGTTCTCCTGATCAAATGGTAATAAATAAAAA","Pf3D7_01_v3-162867-163115-1A.3","15+12N34+8N129+10N182T191A",23,0.00496545768566494,3
"IM-23-122-HWJN","8039832693","Maziba","Pf3D7_13_v3-2814583-2814832-2","TCAGTCTTCTAATTCTAGCGATAATGATCCTGCAGTAGTAAGTGGTAGAGAATCTAAAGATGTAAATCTTCATACTTCTGAAAGGATTAAAGAAAATGAAGAAGGTGTGATTAAAACAGATGAAAGTTCAAAAAGTATTGAAATTTCTAAAATACCATCTGACCAAAATAATCATAGTGATTTATCACAG","Pf3D7_13_v3-2814583-2814832-2.2",".",9,0.00106862977914985,2
"IM-23-122-HWJN","8039832693","Maziba","Pf3D7_06_v3-1135605-1135855-1A","TATAAAGAATTTATACCACCTAAATTGTTAACATTAGAAGTATTATTTGTTTCTGTATTTTCTTGTAACGTATTTGTATTATTAATATTGTTAGATGAAATATTATGACTATTTCTTCTATTTGTTATATTTAAATTGTAAATAGTTTCATTACTAACACTACTGATACCATTGAAATGATTATTTAG","Pf3D7_06_v3-1135605-1135855-1A.1","172T",2632,1,1
"IM-23-122-HWJN","8039832693","Maziba","Pf3D7_02_v3-290580-290821-1A","TTATTATAAGGATTATAATTATTATCATTCTTATTATATGGATTAATATAATTTTGATCATAATCATTACTGTTTTTATCATATTGTGGATAATTATTTCTATTTCTATTTTGATTAAAATCCGATTGTCTATATCTAACTCTAATATCTGTAGATGCTAAATCATTAGGTAATGGG","Pf3D7_02_v3-290580-290821-1A.5","12+26N55T62A",4,0.000599880023995201,4
"IM-23-122-HWJN","8039832693","Maziba","Pf3D7_01_v3-455794-456054-1A","AGAAAAAAAATTTATTAAGAGGTATTTCGATTTTAAAAATTTAAGAATTAATTTTTAATTATGTCTATAAAAACTTAATAGAAAATAAATATTATTTTGTTTTTCAAAAAAATGTTTAAGAATAATATTTCTTTATTCTTTTACAATTTAGAACATATAATGCTATTTCTTTTAATTTTAATTTAATTTCAAA","Pf3D7_01_v3-455794-456054-1A.1","2+10N105+9N",1304,1,1
"IM-23-122-HWJN","8039832693","Maziba","Pf3D7_06_v3-145285-145531-1A","TCAACAAAAGCTGATGAATCATCATAATTTGAATAAAATTTATCATTCACAATATTATATTTTTGTTTCTTCTTTTTTCCCATAATATTATTATTTTGTTCACAATATATGTTCATGTGTCCCCTCTTTTTCTGTAAAATATTAAAATGTTTCTTACTATGCTTTTCTTCATTTTTAATAACA","Pf3D7_06_v3-145285-145531-1A.1","72+8N165T",108,0.0132857670070119,2
"IM-23-122-HWJN","8039832693","Maziba","Pf3D7_01_v3-194742-194973-1B","TACCTATAAAAATGAAAAAAATAAAGAAGAAGATAAATATGGAAAAAATGAAAAAAACGAAAAATATGACAAATATGACAAATATGAAAAATATGATAAATACAAAAAAGATAATAAAAATCAACATGATGATCCACTTTATGATAATATTAATAAAAATTACGATAA","Pf3D7_01_v3-194742-194973-1B.1","14+9N42+17N97D=AAAATATGA112+8N",2,0.000336587007741501,4
"IM-23-122-HWJN","8039832693","Maziba","Pf3D7_01_v3-535965-536239-1A","GCTCATTCGATATTTTCCAGTTGTTTGATTTTAAAAATGATGTATATTTTTTAGATGATAATTTGTTCGACAAGGATATGGTATATTGTACAAGTACCAACAATTATGGCATTATGGAAAATGATAATGATGATGATAAAATAATAAAAATACAAAATTTAAATGAGAAATTAAAAAATGGAAAAGCTGAATTTAAAGATATATTATTAT","Pf3D7_01_v3-535965-536239-1A.6","8C46+8N111A118A121+17N172+8N",5,0.00361794500723589,4
"IM-23-122-HWJN","8039832693","Maziba","Pf3D7_01_v3-535965-536239-1A","GCTCATTCGATATTTTCCAGTTGTTTGATTTTAAAAATGATGTATATTTTTTAGATGATAATTTGTTCGACAAGGATATGGTATATTGTACAAGTACCAACAATTATGGCATTATGGAAAATGATAATGATGATGATAAAATAATAAAAATACAGAATTTAAATGAGAAATTAAAAAATGGAAAAGCTGAATTTAAAGATATATTATTAT","Pf3D7_01_v3-535965-536239-1A.4","8C46+8N111A118A121+17N155G172+8N",1360,0.984081041968162,4
"IM-23-122-HWJN","8039832693","Maziba","Pf3D7_13_v3-388138-388408-1A","ATATATCTTTATTCATATGTTCTATATATTGTCTTTGTCTCTTTTCCTTTCTCATATCAGATATTATTGAATAATTTCCTTTATCACATACATATCTAGGATTATGTGATAATTCATAAGCTGCTCTTTTTAAAACTCTATTCTTTTCTTTAAAACTATTAAATTTTATATTATTGTTCATATTAGATGTGTTCCTTTTAATAATA","Pf3D7_13_v3-388138-388408-1A.1","194C",3438,1,1
"IM-23-122-HWJN","8039832693","Maziba","Pf3D7_06_v3-1128558-1128797-1A","ATTGAATCGTTGGTGTTTATTTTATTATTCCTCTTTTGTTTTTCAATGAATACAAATGTTTCATCGACACTATCTTTATGATCTATTGGTATGGCATGATTTTCTAAATTGCTATTTCTTTCATTAGAATTGTATTTTTCACTATTATAGGTTGAGGTTTTACTACATTTTATATTTTT","Pf3D7_06_v3-1128558-1128797-1A.1",".",85,0.017804775869292,2
"IM-23-122-HWJN","8039832693","Maziba","Pf3D7_09_v3-270915-271160-1A","CTTTGTATGTATTATCTGTTGTTTTATCTTCACCTTGATTTCCTGTACTTGTAGATTCAGTAGATGGACCTTCAGAACCTGATAATTCATCACTAGTAGATGCAGCACTTGTACTTTTAGATTGTTCTTTTAATGGTCCCATATATTTGTATAATTCTATTTCTAAATCTTGATCCTTGGTTTTTTCTTCTAA","Pf3D7_09_v3-270915-271160-1A.3","85A180+8N",40,0.00670128999832468,2
"IM-23-122-HWJN","8039832693","Maziba","Pf3D7_02_v3-290580-290821-1A","TTATTATAAGGATTATAATTATTATCATTCTCATTATATGGATTAATATAATTTCGATCATAATCATTACTGTTTTTATCATATTGTGGATAATTATTTCTATTTCTATTTTGATTAAAATCCGATTGTCTATATCTAACTCTAATATCTGTAGATGCTAAATCATTAGGTAATGGG","Pf3D7_02_v3-290580-290821-1A.4","12+26N62A",9,0.0013497300539892,4
"IM-23-122-HWJN","8039832693","Maziba","Pf3D7_02_v3-290580-290821-1A","TTATTATAAGGATTATAATTATTATCATTCTTATTATATGGATTAATATAATTTCGATCATAATCATTACTGTTTTTATCATATTGTGGATAATTATTTCTATTTCTATTTTGATTAAAATCCGATTGTCTATATCTAACTCTAATATCTGTAGATGCTAAATCATTAGGTAATGGG","Pf3D7_02_v3-290580-290821-1A.6","12+26N62A",9,0.0013497300539892,4
"IM-23-122-HWJN","8039832693","Maziba","Pf3D7_02_v3-290580-290821-1A","TTATTATAAGGATTATAATTATTATCATTCTTATTATATGGATTAATATAATTTCGATCATTATCATTACTGTTTTTATCATATTGTGGATAATTATTTCTATTTCTATTTTGATTAAAATCCGATTGTCTATATCTAACTCTAATATCTGTAGATGCTAAATCATTAGGTAATGGG","Pf3D7_02_v3-290580-290821-1A.1","12+26N",6646,0.996700659868026,4
"IM-23-122-HWJN","8039832693","Maziba","Pf3D7_06_v3-1192628-1192867-1A","GATTATATATTTCTATATTTTAATAAGAATGCGTTACACAAACATGATGCCTCTAATGAAATGTGTTTTGTGAAAAACGAAGATTCTACACGCACAAAAGGACATATGAATGATGAACAAAATGATTTATATAAAATAAATAATAATACAACATATTTTTTTAACAAAAACCACT","Pf3D7_06_v3-1192628-1192867-1A.1","30T155+9N",6536,0.996645318694724,2
"IM-23-122-HWJN","8039832693","Maziba","Pf3D7_09_v3-595828-596094-1A","ATAATTTTTTCATCGTTCTTATACATGAATGATAAAGTCTTTTTGCAAAATTTTTTGAAGAGATCAGATTTGAGATAAAGACGTTTGGCTAATTTATACGAGAATTCGAGAGCATCTAATTTTATATTTAAACATTTTTTCGTATCCAATATATTATAATTTTGTTCATAAGTCTGTTCGTTTATATTATTTAATACTTTT","Pf3D7_09_v3-595828-596094-1A.5","4+8N27G50+8N134+8N180G",2061,0.992296581608089,2
"IM-23-122-HWJN","8039832693","Maziba","Pf3D7_02_v3-291770-292017-1A","TAATATCATAAGGTTTGAATATTTTCCTCTCAGGTATTATACCAACAGAAGGTTTATCATCATCTTTAAAACCTGCTCTATCTTTAACCCAATGATTAGGATTTTTTAAACATAAAGCTGGATTCTTTAATAAATCTTTCATATGTTCCATATTATTTTCTTCATTTATATATGATTCTAC","Pf3D7_02_v3-291770-292017-1A.3","92A101+8N",20,0.00593824228028504,3
"IM-23-122-HWJN","8039832693","Maziba","Pf3D7_13_v3-2814606-2814855-1B","TAGCGATAATGATCCTGCAGTAGTAAGTGGTAGAGAATCTAAAGATGTAAATCTTCATACTTCTGAAAGGATTAAAGAAAATGAAGAAGGTGTGATTAAAACAGATGATAGTTCAAAAAGTATTGAAATTTCTAAAATACCATCTGACCAAAATAATCATAGTGATTTATCACAGAATGCAAATGAGGACTCTA","Pf3D7_13_v3-2814606-2814855-1B.1","109T",5062,0.998422090729783,2
"IM-23-122-HWJN","8039832693","Maziba","Pf3D7_01_v3-528859-529104-1A","TTTGATTCTTTTTAATGAAAAAGAAGCTAAAGATATGTCAGACGATATAATTTCCCAACAAAAACGTTATTGCTCTACCAATATTCATAGTAATTATAATAATAAAATATGTATATGTAAAAATAAGCGACATCATAACAAAAGAGGGAAAGGAATAAAGCATCATGACATACATCAAAAGG","Pf3D7_01_v3-528859-529104-1A.11","44G165A",13166,0.988512651099932,2
"IM-23-122-HWJN","8039832693","Maziba","Pf3D7_13_v3-911757-912005-1A","GAGCCAACAATTTGATTTTCCACAACTTACTGAATCTTTAAAACATTGTGAACAGGTATTTGACATTTTTTTATTATCTTTGGCTAGTTCCTTTTGAACACATTCCATAGTACTATCACCTGAACCTAAGTTATCAACAGAACATTTTAATAATATACTAAAAAATTTATTGCTAGGAGAAAGTTGTAAA","Pf3D7_13_v3-911757-912005-1A.3","60T65+9N159+8N",64,0.0154514727184935,2
"IM-23-122-HWJN","8039832693","Maziba","Pf3D7_06_v3-176108-176338-1A","ATTATTATTATTATTATGATGATGATGATGATGATGATCTGTGTTAAGATCATCTTCTATACCATTAGTTAAACATTTTATATTTTTATTCATATAAACATTAATCTTCACAACAGATTTATCAGATCTAGAAAATCTTGTACCTGTTGCTTTATGTAACAATAT","Pf3D7_06_v3-176108-176338-1A.11","1+38N",21,0.00558956614319936,3
"IM-23-122-HWJN","8039832693","Maziba","Pf3D7_06_v3-176108-176338-1A","ATTATTATTATTATTATTATGATGATGATGATGATGATCTGTGTTAAGATCATCTTCTATACCATTAGTTAAACATTTTATATTTTTATTCATATAAACATTAATCTTCACAACAGATTTATCAGATCTAGAAAATCTTGTACCTGTTGCTTTATGTAACAATAT","Pf3D7_06_v3-176108-176338-1A.1","1+38N",3724,0.991216396060687,3
"IM-23-122-HWJN","8039832693","Maziba","Pf3D7_13_v3-2545065-2545291-1A","ATGATTCCTCAAAAGTTTAACATTCCACATAGTATCTGTTAAATTGATAGTTTGCAAACAATTATACGTTTGGTTATTTTTATTTTTAAAAAAGGATATATGATCATCTAAAGATTTATTTTTGAGAAAGATTTCCATATATTCATATATATCTTGAATACACCA","Pf3D7_13_v3-2545065-2545291-1A.5","87+8N",6962,0.997850078830443,2
"IM-23-122-HWJN","8039832693","Maziba","Pf3D7_01_v3-535965-536239-1A","GCTCATTTGATATTTTCCAGTTGTTTGATTTTAAAAATGATGTATATTTTTTAGATGATAATTTGTTCGACAAGGATATGGTATATTGTACAAGTACCAACAATTATGGCATTATGGAAAATGATAATGATGATGATAAAATAATAAAAATACAGAATTTAAATGAGAAATTAAAAAATGGAAAAGCTGAATTTAAAGATATATTATTAT","Pf3D7_01_v3-535965-536239-1A.7","46+8N111A118A121+17N155G172+8N",9,0.0065123010130246,4
"IM-23-122-HWJN","8039832693","Maziba","Pf3D7_09_v3-270915-271160-1A","CTTTGTATGTATTATCTGTTGTTTTATCTTCACCTTGATTTCCTGTACTTGTAGATTCAGTAGATGGACCTTCAGAACCTGCTAATTCATCACTAGTAGATGCAGCACTTGTACTTTTAGATTGTTCTTTTAATGGTCCCATATATTTGTATAATTCTATTTCTAAATCTTGATCCTTGGTTTTTTCTTCTAA","Pf3D7_09_v3-270915-271160-1A.1","82C85A180+8N",5929,0.993298710001675,2
"IM-23-122-HWJN","8039832693","Maziba","Pf3D7_09_v3-516735-517007-1A","ATAGAAGGATATATAAAAAATTATCAAGAATCATATAATATAAATGACCATTGTAAATTAGTTCCATTAAATTTTTATAAAGATTCTATTTCTAATGATTTAGGTACTCCATGCCCTGTGAATAGTATTACCTTAAATGTGGGCGCAAAAACTATAAATGAATGTTTGTGTAATAAAGGATATTTCTATAATGTCAAGAAACAACAATGTAA","Pf3D7_09_v3-516735-517007-1A.2","14+8N211A",1230,0.99273607748184,2
"IM-23-122-HWJN","8039832693","Maziba","Pf3D7_06_v3-1140900-1141174-1A","CTTCCATGTGAGCTTCAAAATCGTCTGAAGGTCGACTAGACATGAAAAATTCAGATTGAGGTAAATCATCAAATGGATGATTTCTATATGATATTCTAGGTATTAATCCTAAGATATTATTTATGCTATTACATTGAGAATTTCCTTCATTGGTTGTGGTACTTATATCCACATTTTGGTGATCATCAAGATATAATGTATTTTCTTTAGAACTT","Pf3D7_06_v3-1140900-1141174-1A.1","189A",1656,1,1
"IM-23-122-HWJN","8039832693","Maziba","Pf3D7_06_v3-1192628-1192867-1A","GATTATATATTTCTATATTTTAATAAGAAGGCGTTACACAAACATGATGCCTCTAATGAAATGTGTTTTGTGAAAAACGAAGATTCTACACGCACAAAAGGACATATGAATGATGAACAAAATGATTTATATAAAATAAATAATAATACAACATATTTTTTTAACAAAAACCACT","Pf3D7_06_v3-1192628-1192867-1A.2","155+9N",22,0.003354681305276,2
"IM-23-122-HWJN","8039832693","Maziba","Pf3D7_13_v3-815862-816091-1A","ATGATGTAGATGCTAACACAACATCCTGGTCAGTATCTTGTGATAAATAATTTAATTTATCCGCTAAAAAATAAAGTATAATTTCACAGCTTTTTTTATTTGTATCTGTGTTTTTCATGTTATCATAAAAAGACAAAGATGAAGTAGCACATGAGTTAATTA","Pf3D7_13_v3-815862-816091-1A.3","17C19C20A59A65+8N90+9N",22,0.00680272108843537,3
"IM-23-122-HWJN","8039832693","Maziba","Pf3D7_06_v3-1197245-1197515-1A","CATTAGGAAAAACAACAGAGCCTTCTTCCATACCATAAATACATAAATCATTTCCACTAATCTTTTCTAAATATTGCACAAAAGAATCAATATCATTATAAGATGACATCTTCTTTCTTATAAAATCTAATTGAGCTTTGGTAAATCGAAAACAATTAATATATTTTATTACTTCATATACACCAGCTAATATAGCAAATTGAC","Pf3D7_06_v3-1197245-1197515-1A.1","20G",91,0.0304042766455062,2
"IM-23-122-HWJN","8039832693","Maziba","Pf3D7_13_v3-815862-816091-1A","ATGATGTAGATGCTAACACAACATCCTGGTCAGTATCTTGTGATAAATAATTTAATTTGTCCGCTAAAAAATAAAGTATAATTTCACAGCTTTTTTTATTTGTATCTGTGTTTTTCATGTTATCATAAAAAGACAAAGATGAAGTAGCACATGAGTTAATTA","Pf3D7_13_v3-815862-816091-1A.1","17C19C20A65+8N90+9N",3201,0.989795918367347,3
"IM-23-122-HWJN","8039832693","Maziba","Pf3D7_06_v3-1235395-1235658-1A","GAATATGATAAAATATATATACCAAACAATAAAAATAAAATTAATAATATAAATAATTTTTTAATAAAAAACAATTTGTTGTTGAAATCCAAATTTATGAGAATAACTCCTAATACCTATTTATGTCGTAATTGTGTCCTGTTATATCAAAATGATTTTTCGTATAATACATATGAAGAAGAAATTAATAAAATGG","Pf3D7_06_v3-1235395-1235658-1A.2","56+8N65+8N79T",852,1,1
"IM-23-122-HWJN","8039832693","Maziba","Pf3D7_06_v3-145285-145531-1A","TCAACAAAAGCTGATGAATCATCATAATTTGAATAAAATTTATCATTCACAATATTATATTTTTGTTTCTTCTTTTTTCCCATAATATTATTATTTTGTTCACAATATATGTTCATGTGTCCCCTCTTTTTCTGTAAAATATTAAAATGTTTCTTAGTATGCTTCTCTTCATTTTTAATAACA","Pf3D7_06_v3-145285-145531-1A.2","72+8N157G",8021,0.986714232992988,2
"IM-23-122-HWJN","8039832693","Maziba","Pf3D7_13_v3-911757-912005-1A","GAGCCAACAATTTGATTTTCCACAACTTACTGAATCTTTAAAACATTGTGAACAGGTATCTGACATTTTTTTATTATCTTTGGCTAGTTCCTTTTGAACACATTCCATAGTACTATCACCTGAACCTAAGTTATCAACAGAACATTTTAATAATATACTAAAAAATTTATTGCTAGGAGAAAGTTGTAAA","Pf3D7_13_v3-911757-912005-1A.1","65+9N159+8N",4078,0.984548527281507,2
"IM-23-122-HWJN","8039832693","Maziba","Pf3D7_02_v3-470437-470709-1A","AATATTGACATGAAACATTATAATACACATAAGAAAAAAAAAATTTATTTATTCTTACAAAAAGAATATAAAAACAAAATTTTGGGATTTATAAATTTTTATAAACATATAACACACAAAATAAAAAAGAAACAAGAAAATGTTCATGATAAAATCACTTTTTTAAAATGTCTAAAGGAACTCTTTTTTGTCACACATACAAATA","Pf3D7_02_v3-470437-470709-1A.2","33+12N122+8N158+8N183+8N",1279,1,1
"IM-23-122-HWJN","8039832693","Maziba","Pf3D7_10_v3-1386657-1386909-1A","CGATTTTGGTAGGGAACAGGTTAAATATATTGAAGACGTGGTTTGATAATCAGGTATTTCTTTAATTAAATATTCATGATATTGTTCGTTAGATACATAAATTAATTCATCCTCCACATTTTGCTGTTCTGTTATAATTTGTGAAGAAGCTTGGTTTGTTTTATTTGGTAATTGCTCTTTTATGA","Pf3D7_10_v3-1386657-1386909-1A.4","109A160T",18,0.00368022899202617,3
"IM-23-122-HWJN","8039832693","Maziba","Pf3D7_11_v3-1127074-1127316-1A","AACATTTTAATATTCCTAATTTCGAAAATATGATGAAAGGAGTTTTTGGAATTATTCAAAATCCTTTTGAAAATGGCCAACCCACTTTCCCATTCTTTAAAAATATTAATTCGATCTCTGGAATCGGTAATGTTGATATCCCCAAAAATTTTATGAATGATTTTTTGAATAATGGAAATGATCAAAACA","Pf3D7_11_v3-1127074-1127316-1A.1","13T160+8N",36,0.00740436034553682,2
"IM-23-122-HWJN","8039832693","Maziba","Pf3D7_01_v3-535965-536239-1A","GCTCATTTGATATTTTCCAGTTGTTTGATTTTAAAAATGATGTATATTTTTTAGATGATAATTTGTTCGACAAGGATATGGTATATTGTACAAGTACCAACAATTATGGCGTTATGGAAAATGATAATGATGATGATAAAATAATAAAAATACAAAATTTAAATGAGAAATTAAAAAATGGAAAAGCTGAATTTAAAGATATATTATTAT","Pf3D7_01_v3-535965-536239-1A.3","46+8N118A121+17N172+8N",8,0.00578871201157742,4
"IM-23-122-HWJN","8039832693","Maziba","Pf3D7_13_v3-479569-479811-1A","CTAGAGACGAATTTGATGATAAAAGAAAATTAAAAGAAGAGAAAATTAAACAATGCCAACTATTAAATGAAAAACAACTAGAAGAAAAAGAAAAAGAAAAAAGAATTCTGAGAGAAAAAGCTGTTGAATATACCTTACAAAATGAAGAAGAATATAAACAACTAAAACGAAAATT","Pf3D7_13_v3-479569-479811-1A.1","96+8N",83,0.0217391304347826,4
"IM-23-122-HWJN","8039832693","Maziba","Pf3D7_13_v3-479569-479811-1A","CTAGAGACGAATTTGATGATAAAAGAAAATTAAAAGAAGAGAAAATTAAACAATGCCAACTATTAAATGAAAAACAACTAGAAGAAAAAGAAAAAGAAAAAAGAATTCTGAGAGAAAAAGCTGTTGAATATACCTTACAAAATGAAGAAGAATATAAACAACTAAAAGGAAAATT","Pf3D7_13_v3-479569-479811-1A.3","96+8N168G",3703,0.969879518072289,4
"IM-23-122-HWJN","8039832693","Maziba","Pf3D7_13_v3-748254-748510-1B","ATACCAAAAAAAATAAAATAAAATAAAATGAAATAATAAATAAATAAATATACATATATTTACATATATATATATATAATTACACATATTTTTGATTGAGGACAAATTACATGTAGTGTAGTTCGTCTTCCTTGTGCGTTTCAATCACACAATCCGATTTAGGATAACATGTACACAAAAGAATATATTTTTTCTT","Pf3D7_13_v3-748254-748510-1B.2","5+10N25I=AAAAT39+33N108A180+8N",1254,1,1
"IM-23-122-HWJN","8039832693","Maziba","Pf3D7_13_v3-1876391-1876664-1A","AACTATCTGTAAAAGTATGTTTAGAACTAACATTTGAAGAGAAGTTACATCCGTGTATGACTTTTTTTTCATATTTTGGTTTTAAAACTATTTTATAATTATTATTTTTAAATTTGCATGTACATTCTGTATTAACATCTTTTGATGTAACATAAAATGGAGCTTTAAAGATAGTTAACTTTTCATGATAAATTATTTTATTACTTTTATATA","Pf3D7_13_v3-1876391-1876664-1A.2","61+10N179C184C",13,0.00711548987411056,4
"IM-23-122-HWJN","8039832693","Maziba","Pf3D7_06_v3-532166-532407-1A","AGAACAATTGTTAAACACCAAATTGGGTGAAACAAAAAACCACCTGAACAGAACCCCATTTATACCTGAATCGGTCATACGAGAAAGGAAATTACGCCAAGAAAAAGCTCAATCCACAAACAACATGTTCGATTCAACAAACGCAGATAGTATTACGTCCCCATGTGATCCAACGAATGCCACG","Pf3D7_06_v3-532166-532407-1A.9","11T33+8N",11,0.00139240506329114,4
"IM-23-122-HWJN","8039832693","Maziba","Pf3D7_13_v3-2114242-2114482-1A","CTTCCATTAACTCAATATATAATTTATTAATAATTTTTAATTTGTTTATTTCAAAAAGGCATAGTTGTAACAAGGTTCTTAAGGTTTTATTACCCCCTAAGAGGTTAAAATGAATATTTCCTTTTTCTCGTATATGCAAAAAATCCCTTAACAATAAATCATATTCATCAGTATGAAATGT","Pf3D7_13_v3-2114242-2114482-1A.13","67G76T87T137+8N",4241,0.996007515265383,3
"IM-23-122-HWJN","8039832693","Maziba","Pf3D7_02_v3-291770-292017-1A","TAATATCATAAGGTTTGAATATTTTCCTCTCAGGTATTATACCAACAGAAGGTTTATCATCATCTTTAAAACCTGCTCTATCTTTAACCCATTGATTAGGATTTTTTAAACATAAAGCTGGATTCTTTAATAAATCTTTCATATGTTCCATATTATTTTCTTCATTTATATATGATTCTAC","Pf3D7_02_v3-291770-292017-1A.2","101+8N",3338,0.991092636579572,3
"IM-23-122-HWJN","8039832693","Maziba","Pf3D7_02_v3-291770-292017-1A","TAATATCATAAGGTTTGAATATTTTCCTCTTAGGTATTATACCAACAGAAGGTTTATCATCATCTTTAAAACCTGCTCTATCTTTAACCCATTGATTAGGATTTTTTAAACATAAAGCTGGATTCTTTAATAAATCTTTCATATGTTCCATATTATTTTCTTCATTTATATATGATTCTAC","Pf3D7_02_v3-291770-292017-1A.6","31T101+8N",10,0.00296912114014252,3
"IM-23-122-HWJN","8039832693","Maziba","Pf3D7_13_v3-2114829-2115090-1A","ATTCAATATATATAAAAATATAGCTAATAAACATTTCAAATCTCCATTAAGAACTTTATTCATCTTAACAAAAGCTCTATGAACTTCTGTATCTATAGTCGATTTTGTTATTCTAAGCATATCATTAAGTAAAAAATTTACGGTATCGACATTAACAGTGTAATAATTTCTTCCTAAATTTAAATGTTCTAAATAATTCAA","Pf3D7_13_v3-2114829-2115090-1A.1","130+8N192A",3030,0.995073891625616,2
"IM-23-122-HWJN","8039832693","Maziba","Pf3D7_13_v3-2504481-2504734-1B","TAAAATGTGTTGATGATTTTAACAATATGGTTATAACGATAAAAGAGGAAGTAAACAATCATTGGGAAAATAATATATACAATAAAAAGGATATGGTTAATTATACAAATGAAAATTATAATGATAATATATTAACATATGAATATATTAATGAAACACTTAGAAAAGAAAAAAAAAGATATTATA","Pf3D7_13_v3-2504481-2504734-1B.1","168+11N",1478,1,1
"IM-23-122-HWJN","8039832693","Maziba","Pf3D7_13_v3-2545065-2545291-1A","ATGATTCCTCAAAAGTTTAACATTCCACATAGTATCTGTTAAATTGATAGTTTGCAAACAATTATACGTTTGGTTATTTTTATTTTTAAAAAAGGATATATGATCATCTAAAGATTTATTTTTGAGAAAGATTTCCATATATTCATATATATCATGAATACACCA","Pf3D7_13_v3-2545065-2545291-1A.1","87+8N154A",15,0.00214992116955712,2
"IM-23-122-HWJN","8039832693","Maziba","Pf3D7_06_v3-1128558-1128797-1A","ATTGAATCGTTGGTGTTTATTTTATTATTCCTCTTTTGTTTTTCAATGAATACAAATGTTTCATCGACACTATCTTTATGATCTATTGGTATGGCATGATTTTCTAAATTGCTATTTCTTTCATTAGAATTGTATTTTTCACTATTATAGGTTGAGATTTTACTACATTTTATATTTTT","Pf3D7_06_v3-1128558-1128797-1A.2","157A",4689,0.982195224130708,2
"IM-23-122-HWJN","8039832693","Maziba","Pf3D7_11_v3-1295371-1295597-1A","AAGTAACATCAAATAATGAAGTTGTAGTTAAAGAAGAATATAAAGATGAATATGCAGATATTCCTGAACATAAACCAACTTATGATAAAATGAAAATTATAATTGCATCATCAGCTGCTGTCGCTGTATTAGCAACTATTTTAATGGTTTATCTTTATAAAAGAA","Pf3D7_11_v3-1295371-1295597-1A.1",".",3650,1,1
"IM-23-122-HWJN","8039832693","Maziba","Pf3D7_07_v3-405517-405773-2","TTTTCTACCATGACATATACTATTGTTAGTTGTATACAAGGTCCAGCAATAGCAATTGCTTATTACTTTAAATTCTTAGCCGTAAGAATTAAAAAGATATAAATATATAAATATATATGTGAAATATATGATATATATGATATATATTTTTTATATGTAATGTTTTTTTTTTTTTTCACAATATACATTTAA","Pf3D7_07_v3-405517-405773-2.2","97+57N162+16N",354,0.292803970223325,2
"IM-23-122-HWJN","8039832693","Maziba","Pf3D7_11_v3-1374917-1375148-1A","TTTTTAAATGAAAATCTCCAAAGCTTCTGGTTGGTTGTAATCTACCTTTAACATAACAATTATCATAATGATGTGATAAGAGATGAAAAGGTGTTTTACATAATTCATATGTATTATTATTATTAACAGTTTTATAATCTCGAGTACATATTTTACATACTAATATA","Pf3D7_11_v3-1374917-1375148-1A.1","112+14N",85,0.0218846549948507,2
"IM-23-122-HWJN","8039832693","Maziba","Pf3D7_09_v3-516735-517007-1A","ATAGAAGGATATATAAAAAATTATCAAGAATCATATAATATAAATGACCATTGTAAATTAGTTCCATTAAATTTTTATAAAGATTCTATTTCTAATGATTTAGGTACTCCATGCCCTGTGAATAGTATTACCTTAAATGTGGGCGCAAAAACTATAAATGAATGTTTGTGTAATAAAGGATATTTCTATAATGTCAAGAAACAACAATGTGA","Pf3D7_09_v3-516735-517007-1A.1","14+8N",9,0.00726392251815981,2
"IM-23-122-HWJN","8039832693","Maziba","Pf3D7_09_v3-595828-596094-1A","ATAATTTTTTCATCGTTCTTATACATGAATGATAAAGTCTTTTTGCAAAATTTTTTGAAGAGATCAGATTTGAGATAAAGACGTTTGGCTAATCTATAGGAGAATTCTAGAGCATCTAATTTTATATTTAAACATTTTTTCGTATCCAATATATTATAATTTTGTTCATAAGTCTGTTCGTTTATATTATTTAATACTTTT","Pf3D7_09_v3-595828-596094-1A.4","4+8N27G50+8N94C99G108T134+8N180G",16,0.00770341839191141,2
"IM-23-122-HWJN","8039832693","Maziba","Pf3D7_13_v3-2770621-2770854-1B","ATTCCAAGAAATATTTTTAAAAAAAAATAGTGAGTTAGATGATCACGTATGGAATATAGAAAGTATTACTACGAATATATTAGAGAGGAATAAATTAAGTGATCAAAATAATGAAGATAACCATGATGTTAATAATAATAATGAAGACCCATCTGGGGGTAATTTAAAAAC","Pf3D7_13_v3-2770621-2770854-1B.1","18+11N130+13N",2198,1,1
"IM-23-122-HWJN","8039832693","Maziba","Pf3D7_09_v3-685560-685825-1A","GAACCAAACAACGACAAAGGAACAAGATAATTTTTTCCATTTTTATAAAAGTAATATATATGATATGGAAAATAGAACATGTAATAATAATATATTACAATATTGTGTTATGAATAATAAATCATATTTATTTCATAATATATCATCCAAAAAAAATATATATATAAAAAAAAAGAATCATCAGTTTTCTTTATTCATATATT","Pf3D7_09_v3-685560-685825-1A.1","30+8N79A148+10N165+11N",117,1,1
"IM-23-122-HWJN","8039832693","Maziba","Pf3D7_06_v3-1197245-1197515-1A","CATTAGGAAAAACAACAGATCCTTCTTCCATACCATAAATACATAAATCATTTCCACTAATCTTTTCTAAATATTGCACAAAAGAATCAATATCATTATAAGATGACATCTTCTTTCTTATAAAATCTAATTGAGCTTTGGTAAATCGAAAACAATTAATATATTTTATTACTTCATATACACCAGCTAATATAGCAAATTGAC","Pf3D7_06_v3-1197245-1197515-1A.3",".",2902,0.969595723354494,2
"IM-23-122-HWJN","8039832693","Maziba","Pf3D7_09_v3-82006-82236-1A","TTTATCATCTTTAGGCCATAACCAGAGTACAAGCAATCCAACTATAACAATTGTAATTAACATTATAAATACTGTAATACCATAAACACTACCAGAAGCGATCAGAAATGCACTAAAAGTATAAGAACATTCACTTGGAATAAGAGTAGCGATAAAACTAAAAATAGC","Pf3D7_09_v3-82006-82236-1A.4","95G125G137G",9200,0.9942721279585,3
"IM-23-122-HWJN","8039832693","Maziba","Pf3D7_13_v3-2816310-2816554-1B","CAAATACTTTTCAATATAGGTCTAGTGAAAGTGTGGAAGTAATAACTAATAAACCTGATGAAATGGAAATGACAACTAAACCACCATCACAATACATTGAAAAGGAAATTGGAGAAATTGATTCTACAAAAAATCAAGATAATGATGAACAAAGCAATTCTATAATTCCTTTAATTAATAAAAATAATGAA","Pf3D7_13_v3-2816310-2816554-1B.1","127+8N",83,0.0203531142717018,2
"IM-23-122-HWJN","8039832693","Maziba","Pf3D7_13_v3-2816310-2816554-1B","CAAATACTTTTCAATATAGGTCTAGTGAAAGTGTGGAAGTAATAACTAATAAACCTGATGAAATGGAAATGACAACTAAACCACCATCACAATATATTGAAAAGGAAATTGGAGAAATTGATTCTACAAAAAATCAAGATAATGATGAACAAAGCAATTCTATAATTCCTTTAATTAATAAAAATAATGAA","Pf3D7_13_v3-2816310-2816554-1B.2","95T127+8N",3995,0.979646885728298,2
"IM-23-122-HWJN","8039832693","Maziba","Pf3D7_13_v3-2840462-2840736-1B","AATAAACACATATGTTTATTAATAAAATTGTTAGTTATTTTTATGTATACATAATAAATTAAAGATACTAAAACAATATTTTTAAATGTAAATAAATGAATAATGATATTATTTATATGATTCATCATTCTATATTTACATGGAAGATTAAAAAATTATATATATATATATATGGTAATTTCTGTGTTTATGTTTTTATTTTTATAATA","Pf3D7_13_v3-2840462-2840736-1B.4","149+23N",72,1,1
"IM-23-122-HWJN","8039832693","Maziba","Pf3D7_11_v3-2001725-2001999-2","AGATGTAAGAACTAAGAATGTAAATACAAGTAAGAGAAATGAAGGACTTAATGATATAAATGAATCAGAAAAAACAAGAACAAGAAGGCCATCAACAAAATCAAATAATAATAATGTGTCATACGAGAATGAATTAGAGAGTGTATCTGAATCGTTTGATAACTTTTTGGAGGATCATATGAAGGAAGGTGTTTTTTTAGATGGGGAAAA","Pf3D7_11_v3-2001725-2001999-2.36","68+8N118G191+9N",8,0.00389105058365759,2
"IM-23-122-HWJN","8039832693","Maziba","Pf3D7_13_v3-479569-479811-1A","CTAGAGACGAATTTGATGATAAAAGAAAATTAAAAGAAGAGAAAATTAAACAATGCCAACTATTAAATGAAAAACAACGAGAAGAAAAAGAAAAAGAAGAAAGAATTCTGAGAGAAAAAGCTGTTGAATATACCTTACAAAATGAAGAAGAATATAAACAACTAAAACGAAAATT","Pf3D7_13_v3-479569-479811-1A.2","79G96+8N",26,0.00680984808800419,4
"IM-23-122-HWJN","8039832693","Maziba","Pf3D7_13_v3-479569-479811-1A","CTAGAGACGAATTTGATGATAAAAGAAAATTAAAAGAAGAGAAAATTAAACAATGCCAACTATTAAATGAAAAACAACTAGAAGAAAAAGAAAAAGAAAAAAGAATTCTGAGAGAAAAAGCTGTTGAATATACCATACAAAATGAAGAAGAATATAAACAACTAAAAGGAAAATT","Pf3D7_13_v3-479569-479811-1A.6","96+8N135A168G",6,0.00157150340492404,4
"IM-23-122-HWJN","8039832693","Maziba","Pf3D7_06_v3-176108-176338-1A","ATTATTATTATTATTATTATGCTGATGATGATGATGATCTGTGTTAAGATCATCTTCTATACCATTAGTTAAACATTTTATATTTTTATTCATATAAACATTAATCTTCACAACAGATTTATCAGATCTAGAAAATCTTGTACCTGTTGCTTTATGTAACAATAT","Pf3D7_06_v3-176108-176338-1A.2","1+38N",12,0.00319403779611392,3
"IM-23-122-HWJN","8039832693","Maziba","Pf3D7_06_v3-416462-416720-1A","AAGAAAAAATGGACATTGTGGAGAATATAAAAAATAGAGGAAAGGAAAAAACAGAATTAACATATAAAGAAGTATATAAAACACAACAGAATCAAAATGATGCAAGTTTAAATTCATTTTGGGGTGATGAAAAAAAAAATAATAATTATGATATAGATATAGTAAAAGAGAAATATAGTGAGTTAATGAAAAAAAAAGAA","Pf3D7_06_v3-416462-416720-1A.1","3+8N28+8N45+8N129+12N188+11N",2681,1,1
"IM-23-122-HWJN","8039832693","Maziba","Pf3D7_06_v3-532166-532407-1A","AGAACAATTGCTAAACACCAAATTGGGTGAAACAAAAAACCACCTGAACAGAACCCCATTTATACCTGAATCGGTCATACGAGAAAGGAAATTACGCCAAGAAAAAGCGCAATCCACAAACAACATGTTCGATTCAACAAACGCAGATAGTATTACTTCCCCATGTGATCCAACGAATGCCACG","Pf3D7_06_v3-532166-532407-1A.1","33+8N109G157T",19,0.00240506329113924,4
"IM-23-122-HWJN","8039832693","Maziba","Pf3D7_06_v3-532166-532407-1A","AGAACAATTGCTAAACACCAAATTGGGTGAAACAAAAAACCACCTGAACAGAACCCCATTTATACCTGAATCGGTCATACGAGAAAGGAAATTACGCCAAGAAAAAGCGCAATCCACAAACAACATGTTGGATTCAACAAACGCAGATAGTATTACTTCCCCATGTGATCCAACGAATGCCACG","Pf3D7_06_v3-532166-532407-1A.18","33+8N109G130G157T",7843,0.992784810126582,4
"IM-23-122-HWJN","8039832693","Maziba","Pf3D7_10_v3-1414337-1414596-1A","GACCTGAATGGAAAGGTCAATGTGATAAATTTGAAAAAGAAAAAAGTAAATATGAAGATACTAAAAGTAGAACTGCTGAAATATATTTAAAAGAAATATGTTCTGAATGTGATTGTAAATATAAAGATTTGGATAATACATTTAAAGAATTTAAAGATAACGTTACGCTTCTTAAAGCAGTAATTGATAACAAA","Pf3D7_10_v3-1414337-1414596-1A.1","17T39+8N70G82T167G",8,0.00249532127261385,3
"IM-23-122-HWJN","8039832693","Maziba","Pf3D7_10_v3-1414599-1414832-1A","ATCTAAATCAACGAGGGAATATAACAACATCTCAAGGAAATTCACACCGTGCAACTGTTGTGCAACAAGCTGATCAAACCAACAGATTAGATAATGTAAACTCTGTAACGCAAAGAGGAAATAATAACTACAACAATAATTTAGAGCGTGGATTGGGTTCTGGTGCT","Pf3D7_10_v3-1414599-1414832-1A.4","6A70C",6,0.000719251977942939,2
"IM-23-122-HWJN","8039832693","Maziba","Pf3D7_13_v3-815862-816091-1A","ATGATGTAGATGCTAATAGCACATCCTGGTCAGTATCTTGTGATAAATAATTTAATTTATCCGCTAAAAAATAAAGTATAATTTCACAGCTTTTTTTATTTGTATCTGTGTTTTTCATGTTATCATAAAAAGACAAAGATGAAGTAGCACATGAGTTAATTA","Pf3D7_13_v3-815862-816091-1A.2","59A65+8N90+9N",11,0.00340136054421769,3
"IM-23-122-HWJN","8039832693","Maziba","Pf3D7_13_v3-852647-852921-1A","TACGAAATGATGAATTAAAAGAATTAACATTTATGAAAAATAAAGAAAATAGGAATGCAGATACATATGTTTTTCATTATCCTAAAAAAGAGAAATATGACCAATTAGTTTTTGAATTACGTAAACATAATTTTAATATAACAAGCATGAATACATATAAAAAACTAACAAATGAAACATCATCACAAAAAGAAGAAAATGCTTCTATAATAAGTT","Pf3D7_13_v3-852647-852921-1A.1","75C83+8N158+8N",1278,1,1
"IM-23-122-HWJN","8039832693","Maziba","Pf3D7_06_v3-532166-532407-1A","AGAACAATTGTTAAACACCAAATTGGGTGAAACAAAAAACCACCTGAACAGAACCCCATTTATACCTGAATCGGTCATACGAGAAAGGAAATTACGCCAAGAAAAAGCTCAATCCACAAACAACATGTTCGATTCAACAAACGCAGATAGTATTACTTCCCCATGTGATCCAACGAATGCCACG","Pf3D7_06_v3-532166-532407-1A.6","11T33+8N157T",27,0.00341772151898734,4
"IM-23-122-HWJN","8039832693","Maziba","Pf3D7_11_v3-1019050-1019319-1A","TCAAAACTTATTGCTACCGTAATACCTAAAGGAGGCATTTTACATAATCTTTTTACACTCGTAAGAATATTATTATAAAAGATTTCTTGATATCTATCATACATATGAATATTATTTAGAGATTTATATATATTATTATTTTGTTCATATAATAATATATTATTTAAAGACTTATCCATAATTTTTGTACATTTTATATTTTCTATA","Pf3D7_11_v3-1019050-1019319-1A.1",".",530,1,1
"IM-23-122-HWJN","8039832693","Maziba","Pf3D7_11_v3-1127074-1127316-1A","AACATTTTAATAGTCCTAATTTCGAAAATATGATGAAAGGAGTTTTTGGAATTATTCAAAATCCTTTTGAAAATGGCCAACCCACTTTCCCATTCTTTAAAAATATTAATTCGATCTCTGGAATCGGTAATGTTGATATCCCCAAAAATTTTATGAATGATTTTTTGAATAATGGAAATGATCAAAACA","Pf3D7_11_v3-1127074-1127316-1A.2","160+8N",4826,0.992595639654463,2
"IM-23-122-HWJN","8039832693","Maziba","Pf3D7_13_v3-1725379-1725652-2","ATTATTTCTTCTAGGTATATTTAAATTACTTGAAACATACCATACATCTCTTAAACGATCATACACCTCAGTTTCAAATAAAGCCTTATAATCATAGTTATTACCACCAAAAACGTATAAGAAATTATTCAATACAGCACTTCCAAAATAAGCTTTTTTGGTAGACATAGGTGTACACATACGCCAGCATTGTTGACTAATATCTAATAATTCCA","Pf3D7_13_v3-1725379-1725652-2.1","153+8N",2615,1,1
"IM-23-122-HWJN","8039832693","Maziba","Pf3D7_13_v3-1725464-1725719-1B","ATCATAGTTATTACCACCAAAAACGTATAAGAAATTATTCAATACAGCACTTCCAAAATAAGCTTTTTTGGTAGACATAGGTGTACACATACGCCAGCATTGTTGACTAATATCTAATAATTCCATCGAATTTAAATATTCTACACCATCAAATCCACCTATACAAAATACTAATGGGAATGGTAAAAATTTAATACCA","Pf3D7_13_v3-1725464-1725719-1B.1","63+8N",1965,1,1
"IM-23-122-HWJN","8039832693","Maziba","Pf3D7_13_v3-1725887-1726123-2","AAATAGCTCCACCAACATTAATATCAATCATAGTTTCAATAGCAATATTTGCATCAACAATTTTTTTTTTATCATTCTCAAAATTTTTATATTCTTGATAATATTTTTCTTTTTCTAAATATAATACTAATTTAATTTTATCGATTTCTTGTAAAAATCTTAATCTTTCTTCATCAA","Pf3D7_13_v3-1725887-1726123-2.2","39A60+12N",36,0.00743801652892562,2
"IM-23-122-HWJN","8039832693","Maziba","Pf3D7_13_v3-1725887-1726123-2","AAATAGCTCCACCAACATTAATATCAATCATAGTTTCAGTAGCAATATTTGCATCAACAATTTTTTTTTTATCATTCTCAAAATTTTTATATTCTTGATAATATTTTTCTTTTTCTAAATATAATACTAATTTAATTTTATCGATTTCTTGTAAAAATCTTAATCTTTCTTCATCAA","Pf3D7_13_v3-1725887-1726123-2.1","60+12N",4804,0.992561983471074,2
"IM-23-122-HWJN","8039832693","Maziba","Pf3D7_13_v3-1726174-1726408-2","TTTCTAATTCTTTGTACAATCGTACTCTTTCCATTTCTAGTTCTTTCTTATCTTTAAATAATTTATCTTTTTCTCGAATAAAATTCATTTGTGTCTTTTTTAACCAATTAATAAATGTAATTCTTAAATCACCTACCATATTTTCAAAATCACTAGCATCACTTAAT","Pf3D7_13_v3-1726174-1726408-2.1","95+8N",8355,1,1
"IM-23-122-HWJN","8039832693","Maziba","Pf3D7_11_v3-119432-119705-1A","CTCCTTTATATTCATCAAGAAATTTCATCCAAAAGTAATTATGTTTTTCTTGTTGATATTTTGCTTTATACAAACGAGCAAGATACTTATTATACGATTCATGCTCTTTAATTTTCTTTTCAAAAGTTTTGGTTATAATGTGTTGAAGTGATTGTAAAGTATTTTTCTTTAATTTTCTCCATATTAATCTACATGCGATTATAAGAA","Pf3D7_11_v3-119432-119705-1A.4","33A89A145G",3,0.00218340611353712,4
"IM-23-122-HWJN","8039832693","Maziba","Pf3D7_13_v3-1876391-1876664-1A","AACTATCTGTAAAAGTATGTTTAGAACTAACATTTGAAGAGAAGTTACATCCGTGTATGACTTTTTTTTCATATTTTGGTTTTAAAACTATTTTATAATTATTATTTTTAAATTTGCATGTACATTCTGTATTAACATCTTTTGATGTAACATAAAATGGAGCTTTAAAGATAGTTAAGTTTTTATGATAAATTATTTTATTACTTTTATATA","Pf3D7_13_v3-1876391-1876664-1A.1","61+10N",10,0.00547345374931582,4
"IM-23-122-HWJN","8039832693","Maziba","Pf3D7_13_v3-1876391-1876664-1A","TACTATCTGTAAAAGTATGTTTAGAACTAACATTTGAAGAGAAGTTACATCCGTGTATGACTTTTTTTTCATATTTTGGTTTTAAAACTATTTTATAATTATTATTTTTAAATTTGCATGTACATTCTGTATTAACATCTTTTGATGTAACATAAAATGGAGCTTTAAAGATAGTTAACTTTTCATGATAAATTATTTTATTACTTTTATATA","Pf3D7_13_v3-1876391-1876664-1A.4","1T61+10N179C184C",1,0.000547345374931582,4
"IM-23-122-HWJN","8039832693","Maziba","Pf3D7_13_v3-2114242-2114482-1A","CTTCCATTAACTCAATATATAATTTATTAATAATTTTTAATTTGTTTATTTCAAAAAGGCATAGTTTTAACAAGGCTCTTAAGGTTCTATTACCCCCTAAGAGGTTAAAATGAATATTTCCTTTTTCTCGTATATGCAAAAAATCCCTTAACAATAAATCATATTCATCAGTATGAAATGT","Pf3D7_13_v3-2114242-2114482-1A.2","137+8N",3,0.000704556129638328,3
"IM-23-122-HWJN","8039832693","Maziba","Pf3D7_13_v3-2114242-2114482-1A","CTTCCATTAACTCAATATATAATTTATTAATAATTTTTAATTTGTTTATTTCAAAAAGGCATAGTTTTAACATGGTTCTTAAGGTTCTATTACCCCCTAAGAGGTTAAAATGAATATTTCCTTTTTCTCGTATATGCAAAAAATCCCTTAACAATAAATCATATTCATCAGTATGAAATGT","Pf3D7_13_v3-2114242-2114482-1A.7","73T76T137+8N",14,0.00328792860497886,3
"IM-23-122-HWJN","8039832693","Maziba","Pf3D7_13_v3-2114829-2115090-1A","ATTCAATATATATAAAAATATAGCTAATAAACATTTCAAATCTCCATTAAGAACTTTATTCATCTTAACAAAAGCTCTATGAACTTCTGTATCTATAGTCGATTTTGTTATTCTAAGCATATCATTAAGTAAAAAATTTACGGTATCGACATTAACAGTGTAATAATGTCTTCCTAAATTTAAATGTTCTAAATAATTCAA","Pf3D7_13_v3-2114829-2115090-1A.3","130+8N168G192A",15,0.00492610837438424,2
"IM-23-122-HWJN","8039832693","Maziba","Pf3D7_05_v3-961511-961758-1B","CTGCAGAAGATTATACTGTATTTAATAATAATGGAGAAATATTATTAGATGATATTAATATATGTGATTATAACTTAAGAGATCTTAGAAACTTATTTTCAATAGTTAGTCAAGAACCCATGTTATTTAATATGTCCATATATGAAAATATCAAATTTGGAAGAGAAGATGCAACATTGGAAGAT","Pf3D7_05_v3-961511-961758-1B.1",".",2686,1,1
"IM-23-122-HWJN","8039832693","Maziba","Pf3D7_06_v3-1115900-1116168-1A","ATTTTTTAATAAAGCAGTACCATCTATATCTCTTCCTTTTTTTAAAACACATAAAGTTTCATCAAAATTGCTTGTGCTATTTTTATCAGGTTCAGGAAAATATTGTTTATTTGTAGAATATCCATTCTGATTACAAGTTATAATATTATTAATATTTATAAATTTTTTTTTTGTTTTTAAATCACCAAATTGATTATCGTTAT","Pf3D7_06_v3-1115900-1116168-1A.1","1+8N36+9N162+12N",1378,1,1
"IM-23-122-HWJN","8039832693","Maziba","Pf3D7_09_v3-202854-203106-1A","AATATACAAAGAATGTATATGATAAAATATTCTTTGTCCTTTAAAATTTTTTGTTCTTGTACTTTGTTTTTTATAATCTATTAAATTCATATCTGATGAAATATCATATTTATATTCCCCTTTATGAGCATTTACAAAAGTTTCGTTATTTCTTTTATTAATATATGTATTTGAGCACATATTTTTAT","Pf3D7_09_v3-202854-203106-1A.6","46+8N66+8N146T183T",13,0.00287865367581931,5
"IM-23-122-HWJN","8039832693","Maziba","Pf3D7_11_v3-1295103-1295335-1A","ACTACTGCTTTGTCCCATCCCATCGAAGTTGAAAACAATTTTCCATGTTCATTATATAAAAATGAAATAATGAAAGAAATCGAAAGAGAATCAAAACGAATTAAATTAAATGATAATGATGATGAAGGGAATAAAAAAATTATAGCTCCAAGAATTTTTATTTCAGATGATAAA","Pf3D7_11_v3-1295103-1295335-1A.5","61A132+9N",5325,0.997377786102266,3
"IM-23-122-HWJN","8039832693","Maziba","Pf3D7_11_v3-1295103-1295335-1A","ACTACTGCTTTGTCCCATCCCATCGAAGTTGAACACAATTTTCCATGTTCATTATATAAAGATGAAATAAAGAAAGAAATCGAAAGAGAATCAAAACGAATTAAATTAAATGATAATGATGATGAAGGGAATAAAAAAATTATAGCTCCAAGAATTTTTATTTCAGATGATATA","Pf3D7_11_v3-1295103-1295335-1A.6","34C71A132+9N173T",1,0.000187300992695261,3
"IM-23-122-HWJN","8039832693","Maziba","Pf3D7_03_v3-221463-221712-1B","ACTTGAATACCATTTCCACAAGTTACACTACATGGGGACCATTCAGTTGAAAGAGAATTTTTTATTGTCTTTAAATATTGTTCTATGTGCTTATCACTTGGTTCTTCGTTATTATTATTTTTTACAGCATTGTTGGCATTAGCATTTTCATCTACATTTCGGTTTGGGTCATTTGGCATATTGTGACCTTGTC","Pf3D7_03_v3-221463-221712-1B.1","62T67G69C80G83C117+8N130T",8,0.00475624256837099,3
"IM-23-122-HWJN","8039832693","Maziba","Pf3D7_03_v3-515418-515657-1A","TTTCCTTAATTTCTATATGTTTGAATTCCCTTATAGACATATTTGAATCATTATTACTTTTATATGAAGTGTTATTATCGAAATTATTATTAATACATTTTATTTTAATGATTTTGTTAAAATTTTTATTATTTACTATAATGGAAGTCAGATATGTACTTATCGTATGGAAAGCTAATCATCAACA","Pf3D7_03_v3-515418-515657-1A.2","5C",9216,0.993424598469333,2
"IM-23-122-HWJN","8039832693","Maziba","Pf3D7_13_v3-2770591-2770863-2","ACACATCGATTTTATCAAAAGGAAATATTCCAAGAAATATTTTTAAAAAAAAATAGTGAGTTAGATGATCACGTATGGAATATAGAAAGTATTACTACGAATATATTAGAGAGGAATAAATTAAGTGATCAAAATAATGAAGATAACCATGATGTTAATAATAATAATGAAGACCCATCTGGGGGTAATTTAAAAACCAATCTAAT","Pf3D7_13_v3-2770591-2770863-2.1","44+11N156+13N",6139,1,1
"IM-23-122-HWJN","8039832693","Maziba","Pf3D7_11_v3-1816152-1816378-1A","TTGGGTAGATATCGTTATAAGGGCTATAATGTATTGACTTCTCCGGGTTGGTTACATTATCATTACAACCAATATTATTAAGGTTAATATTATTTTTATCATTATTATTGTTGTTTTCATTTGTGTGGTTATATAATAACAATGATGTGTCGTCTATTGGATCATT","Pf3D7_11_v3-1816152-1816378-1A.2","90T",13,0.00137916401442818,2
"IM-23-122-HWJN","8039832693","Maziba","Pf3D7_13_v3-2780346-2780575-1B","GTTGGATAGAATGCCCGACTACGGATCGGGAGGTCGTGGGTTCGACTCCTGCCCGGCCTAATTTTTTTCGTTTTCCTTTTTAAAGTAAAAAAGGATAATATTTTTAAAAAACATTTAGTATATATATTTTTTTTAAATAATAAATCTATTATATTATTAAATATTATGAGAAGA","Pf3D7_13_v3-2780346-2780575-1B.2","61+9N76C86+8N105+8N126+10N",2226,0.991095280498664,2
"IM-23-122-HWJN","8039832693","Maziba","Pf3D7_09_v3-82006-82236-1A","TTTATCATCTTTAGGCCATAACCAGAGTACAAGCAATCCAACTATAACAATTGTAATTAACATTATAAATACTGTAATACCATAAACACTACCAGAAGCGATCAGAAATGCACTAAAAGTACAACAACATTCACTTGGAATAAGAGTAGCGATAAAACTAAAAATAGC","Pf3D7_09_v3-82006-82236-1A.3","95G122C137G",50,0.00540365286933967,3
"IM-23-122-HWJN","8039832693","Maziba","Pf3D7_11_v3-1902041-1902278-2","ATGAAACAAAATGTCCACCTAGATACCCTTTAAAATCAAAAGTTTTTGGAACCTTTGACCAAAAAACAGGAAAATGTAAAAGTCTCATGGACAAAGCATATGAAGTTGGAATTAATAAATTTTCAGTCTGTTTAGAATATTTATTTTTAGTATCACCTAAGGATTTATATAATAGCGGAAG","Pf3D7_11_v3-1902041-1902278-2.1","60+8N",9044,0.9979035639413,2
"IM-23-122-HWJN","8039832693","Maziba","Pf3D7_09_v3-82006-82236-1A","TTTATCATCTTTAGGCCATAACCAGAGTACAAGCAATCCAACTATAACAATTGTAATTAACATTATAAATACTGTAATACCATAAACACTACCAGAAGCGATCAGAAATGCACTAAAAGTATCAACAACATTCACTTGGAATAAGAGTAGCGATAAAACTAAAAATAGC","Pf3D7_09_v3-82006-82236-1A.7","95G123I=C137G",3,0.00032421917216038,3
"IM-23-122-HWJN","8039832693","Maziba","Pf3D7_06_v3-1282656-1282930-1A","AAAATATGGAAGAAATATGATAAAGAAAACAATAAATATATATTGTCTCATTTTATTCCTCAATTTATTGAAGACTTAAATTTGAAGGATGAATTCCGAAATTTATTTGATGGATTTGTAAATGATTTGGATATTCTATTATATTCAGAATTTAAAGCATTTTATTTACAAATGAAGCAAAAAGATATAAATGAACTGAAAAATTCTGA","Pf3D7_06_v3-1282656-1282930-1A.1","3A60T",1620,1,1
"IM-23-122-HWJN","8039832693","Maziba","Pf3D7_10_v3-1386657-1386909-1A","CGATTTTGGTAGAGAACAGGTTAAATATATTGAAGACGTGGTTTGATAATCAGGTATTTCTTTAATTAAATATTCATGATATTGTTCGTTAGATACATAAATTAATTCGTCCTCCACATTTTGCTGTTCTGTTATAATTTGTGAAGAAGCTTGGTTTGTCTTATTTGGTAATTGCTCTTTTATGA","Pf3D7_10_v3-1386657-1386909-1A.3","13A",8,0.00163565732978941,3
"IM-23-122-HWJN","8039832693","Maziba","Pf3D7_07_v3-717260-717493-1A","GAGCTTGCTTTTTTGTTGCGTTACTTGCTGGGCTGATCAAAAAAAAAGTTGAATGTATTGAACTTAGTGCCAGCGAAATTTCCCCTCATGAAAACAAATCGACGAGTTCATCAATATTCCAAGAGGAATTAAAATTTGATGAGTCTCTGAGAAATTTTTTCAAACAA","Pf3D7_07_v3-717260-717493-1A.4","8+8N38+11N141G151G154+8N",9,0.00114649681528662,3
"IM-23-122-HWJN","8039832693","Maziba","Pf3D7_10_v3-1386657-1386909-1A","CGATTTTGGTAGGGAACAGGTTAAATATATTGAAGACGTGGTTTGATAATCAGGTATTTCTTTAATTAAATATTCATGATATTGTTCGTTAGATACATAAATTAATTCGTCCTCCACATTTTGCTGTTCTGTTATAATTTGTGAAGAAGCTTGGTTTGTCTTATTTGGTAATTGCTCTTTTATGA","Pf3D7_10_v3-1386657-1386909-1A.1",".",4865,0.994684113678184,3
"IM-23-122-HWJN","8039832693","Maziba","Pf3D7_10_v3-1392371-1392620-1A","TGATGAAAATGATGATTCCCTTATTTCTAATTCTTTAGTACCCGAAACAAGTTACAATCAAGATTACTCTTTATACACTATTAATATTTTGAATGGACTTCCTGATAAAAAAAGTAATATGAAAAATATTGATTTAGAAAAATTTAAAGATACTTCAATACATACAAAGGAAGAGGGACCCATTGTA","Pf3D7_10_v3-1392371-1392620-1A.1","106+9N",3604,0.982819743659667,2
"IM-23-122-HWJN","8039832693","Maziba","Pf3D7_11_v3-408285-408534-1A","TATGAAGAAGGTTTAAAATATTGTGCGTCATCAATTAATTTATGGATATGTGCTATCGATTTACAAATAGAAAAAAAGAATTATACAGGTGCTAGAGCTTTGACGGAGAAAGCAAAAATCAAAATCAAGTATTTAAATTCTTTTAATAATAATAGTCATATTTTAAAAAGTAAAGAAATTATTGAA","Pf3D7_11_v3-408285-408534-1A.1","70+9N",2694,1,1
"IM-23-122-HWJN","8039832693","Maziba","Pf3D7_10_v3-1392371-1392620-1A","TGATGAAAATGATGATTCCCTTATTTCTAATTCTTTAGTACCCGAAACAAGTTACAATCAAGATTACTCTTTATACACTATTAATATTTTGAATGGACTTCCTGATAAAGAAAGTAATATGAAAAATATTGATTTAGAAAAATTTAAAGATACTTCAATACATACAAAGGAAGAGGGACCCATTGTA","Pf3D7_10_v3-1392371-1392620-1A.2","106+9N",63,0.0171802563403327,2
"IM-23-122-HWJN","8039832693","Maziba","Pf3D7_10_v3-1414337-1414596-1A","GACCTGAATGGAAAGGCCAATGTGATAAATTTGAAAAAGAAAAAAGTAAATATGAAGATACTAAAAGTATAACTGCTGAAAAATATTTAAAAGAAATATGTTCTGAATGTGATTGTAAATATAAAGATTTGGATAATACATTAAAAGAATTTAAAGATAACGTTACACTTCTTAAAGCAGTAATTGATAACAAA","Pf3D7_10_v3-1414337-1414596-1A.18","39+8N143A",3180,0.991890205864005,3
"IM-23-122-HWJN","8039832693","Maziba","Pf3D7_10_v3-1414337-1414596-1A","GACCTGAATGGAAAGGCCAATGTGATAAATTTGAAAAAGAAAAAAGTAAATATGAAGATACTAAAAGTATAACTGCTGAAAAATATTTAAAAGAAATATGTTCTGAATGTGATTGTAAATATAAAGATTTGGATAATACATTTAAAGAATTTAATGATAACGTTACGCTTCTTAAAGCAGTAATTGATAACAAA","Pf3D7_10_v3-1414337-1414596-1A.3","39+8N155T167G",18,0.00561447286338116,3
"IM-23-122-HWJN","8039832693","Maziba","Pf3D7_13_v3-146695-146934-1A","AAAGTATTTGTAATAGATTAAACGATGAACTAAATGAAGAAATATGTGGTTATCAAATTAGGTTTGAAAAATCGTATTTTTTAAAACATAGTAAAATTAAAGTTATGACAGAAGGAATTTTATTGAAAGAAATTATGAGTGATTTTATTTTATCAAAATATAGTGTTATTATTCTTGA","Pf3D7_13_v3-146695-146934-1A.4","76+8N",11,0.00191271083289863,2
"IM-23-122-HWJN","8039832693","Maziba","Pf3D7_13_v3-156456-156685-1A","ATTATATGATATTTATATAAAATTAGAAAATCTAATTTTAGAAAAAATAACTGAAAGTATATACAATAGTACACCTCCATATAGAGTTATTATGTTCGAATTAATGACCAGATTATTTCGATTTTATACAAAACCAATAGACCTTATTATTACTATGAATACAC","Pf3D7_13_v3-156456-156685-1A.1","41+8N",1522,0.990885416666667,2
"IM-23-122-HWJN","8039832693","Maziba","Pf3D7_10_v3-1414599-1414832-1A","ATCTAGATCAACGAGGGAATATAACAACATCTCAAGGAAATTCACACCGTGCAACTGTTGTGCAACAAGCTGATCAAACCAACAGATTAGATAATGTAAACTCTGTAACGCAAAGAGGAAATAATAACTACAACAATAATTTAGAGCGTGGATTGGGTTCTGGTGCT","Pf3D7_10_v3-1414599-1414832-1A.1","70C",8336,0.999280748022057,2
"IM-23-122-HWJN","8039832693","Maziba","Pf3D7_10_v3-992331-992603-1A","TCATTATATTTTTAAAAAAAAAAATTATGATATAAAATCTTCAATTAATAAAAGATCTATCCAGTTCTTTAGAGACACTAATATAGATCATTATATAGCATATGAATATTATAAGGAGGACCGTACAGAATTTATATTAACTATTATGAATGAAAAAAATATTACTCATCAAGAAACTCAAAGTCTTGAAATGAAAAAGTTGAAAG","Pf3D7_10_v3-992331-992603-1A.1","13+13N72G127A152+9N",1990,1,1
"IM-23-122-HWJN","8039832693","Maziba","Pf3D7_13_v3-156713-156986-1A","TCCTTTTATGTGAACAAATTAAATATTGTAAATGATTTCTTTTTTGGAACACACCATAAAGATACACCTCAAGACAGTCAAAATGAACACAAAACGGATGAACCTAAAATACATAATGTTTTCAAAAAAAAAAATAACGATATCTTTGTTAATATTCCTCTACCAAAAATATTTAAAAATTTCTTACATTCCATATATTTTAGAACTCC","Pf3D7_13_v3-156713-156986-1A.1","39+8N47G50C68C123+13N",12,0.010462074978204,2
"IM-23-122-HWJN","8039832693","Maziba","Pf3D7_06_v3-851492-851765-1A","ACAATAGTACATTCTGCATTTACATCACAACCTCCATTATTTTTTGAACAGTTCATATCTTTCATAGGTATACATTTAAAATAATTTACACTCATATCAACTATATAATTAGGTCGGCATCTACATTGTTCTTTATCTTTTTCGACAATATAACAACGTGAATTGGGTCCACATTTGGAATATTCACAAATATAATTTACTTTAAATATAACAAAATTTCTCA","Pf3D7_06_v3-851492-851765-1A.1","39+8N",10,0.00451467268623025,3
"IM-23-122-HWJN","8039832693","Maziba","Pf3D7_06_v3-851492-851765-1A","ACAATAGTACATTCTGCATTTACATCACAACCTCCATTATTTTTTGAACAGTTCATATCTTTCATAGGTATACATTTAAAATAATTTACACTCATATCAACTATATAATTAGGTCGGCATCTACATTGTTCTTTATCTTTTTCGACAATATAACAACGTGAATTGGGTCCACATTTGGAATATTCACAAATATAATTTACTTTAAATATAACAAAATTTTTCA","Pf3D7_06_v3-851492-851765-1A.4","39+8N220T",22,0.00993227990970655,3
"IM-23-122-HWJN","8039832693","Maziba","Pf3D7_06_v3-851492-851765-1A","ACAATAGTACATTCTGCATTTACATCACAACCTCCATTATTTTTTGAACAGTTCATATCTTTCATAGGTATACATTTAAAATAATTTACACTCATATCAACTATATAATTAGGTCGGCATCTACATTGTTCTTTATCTTTTTCGACAATATAACAACGTGAATTGGGTCCACATTTGGAATATTCACAAATATTATTTACTTTAAATATAACAAAATTTTTCA","Pf3D7_06_v3-851492-851765-1A.2","39+8N194T220T",2183,0.985553047404063,3
"IM-23-122-HWJN","8039832693","Maziba","Pf3D7_13_v3-935613-935884-1A","CAAAATAATATGAATAGTAATAGTAATAGTTATAATAATTTTAATATAACAGATAGAAGTAAAGAAATAAAAAAAAATTATAAAAGAAACAAAATTTTAATAGTTATTAATAATATTAATACAAATCATATTTTATTATTAAATGAAAGTGTTATAAAAAAAAAAATACTTACATTTTATCTAGATCTTTTTTTTGATGATAATGAACAAAT","Pf3D7_13_v3-935613-935884-1A.1","68+11N155+13N187+10N",1590,0.99250936329588,2
"IM-23-122-HWJN","8039832693","Maziba","Pf3D7_11_v3-115913-116184-1A","ACCTCCAGATGTTATAAATATTATATTATCATCATCATTTGGAAGGAAATTCTCCTCTAATGTTTTTAATATTTCATCTATATTTTTAGGTCTCAATTTACTATTGAAAAATTTTGAATACTTCAAAAAATAATCATCATCTTTTACATTACATATATTATCATTATTTTCATTTTGTTTTAGTAGTTCATCTTTTATATTATC","Pf3D7_11_v3-115913-116184-1A.4","7A124+8N",822,0.996363636363636,2
"IM-23-122-HWJN","8039832693","Maziba","Pf3D7_11_v3-115913-116184-1A","ACCTCCAGATGTTATAAATATTATATTATCATCATCATTTGGAAGGAAATTCTCCTCTAATGTTTTTAATATTTCATCTATATTTTTAGGTCTCAATTTACTATTGAAAAATTTTGAATACTTCAAAAAATAATCATCATCTTTTACATTACATATATTATCATTATTTTCATTTTGTTTTAGTAGTTCATCTTTTTTATTATC","Pf3D7_11_v3-115913-116184-1A.1","7A124+8N197T",3,0.00363636363636364,2
"IM-23-122-HWJN","8039832693","Maziba","Pf3D7_11_v3-119432-119705-1A","CTCCTTTATATTCATCAAGAAATTTCATCCAAAAGTAATTATGTTTTTCTTGTTGATATTTTGCTTTATACAAACGAGCAAGATACTTATTATACGATTCATGCTCTTTAATTTTCTTTTCAAAAGTTTTGGTTATAATGTGTTCAAGTGATTGTAAAGTATTTTTCTTTAATTTTCTCCATATTAATCTACATGCGATTATAAGAA","Pf3D7_11_v3-119432-119705-1A.2","33A89A",3,0.00218340611353712,4
"IM-23-122-HWJN","8039832693","Maziba","Pf3D7_05_v3-668763-669004-1A","TAATATTATCTGGCTCTGTAACCATGTCCGAACATATGTTAACAGGAGAATCTGTTCCTATACATAAAGAGCGGTTACCTTTTGAAGGAAATGCTATTATAAATAAAAATAATAAATATGACAGTAACGATGAAAAGGATGATTACCTTCGTATTTATAATAATCATGCTAGTATTAATATGATCAAGCG","Pf3D7_05_v3-668763-669004-1A.2","73G122C",10,0.00213447171824973,2
"IM-23-122-HWJN","8039832693","Maziba","Pf3D7_05_v3-796518-796759-1A","TGGTTCTTCAATTATTCATATAAGTTCTTTATTAGTAGGTGTATATTTATGTAGTAGTAGTGCAAATGCATTTAATCAAATTATTGAAAGAAATATAGATAAGTTAATGAAAAGAACCCAAAAAAGACCCTTAGCAAATAATAATCCAAATATGTCAGTTAAACATGCTGAAATAT","Pf3D7_05_v3-796518-796759-1A.1","14A119+8N",5,0.00130208333333333,4
"IM-23-122-HWJN","8039832693","Maziba","Pf3D7_05_v3-796518-796759-1A","TGGTTCTTCAATTATTCATATAAGTTCTTTATTAGTAGGTGTATATTTATGTAGTAGTAGTGCAAATGCATTTAATCAAATTATTGAAAGAAATATAGATAAGTTAATGAAAAGAACCCAAAAAAGACCCTTAGCAAATAATAATCCAAATATGTCAGTTAAGCATGCTGAAATAT","Pf3D7_05_v3-796518-796759-1A.3","14A119+8N163G",59,0.0153645833333333,4
"IM-23-122-HWJN","8039832693","Maziba","Pf3D7_09_v3-164045-164311-1A","ATCAACTGGTGTTGCAAAACCATTAGTTACCAATTTTAATTCTCCATTTAGTGCTTTTGGTAAAACAAATACCAGTGATATATTTAAAACTAATACTACTGCATCAACTACAAATGCAACTGCAAATGCAACTCCTGCTCCCTTTGGATCAGCATTTGGAGCGCAAAAAAATAATGATAGCTTGTTTGGAAATAATGCATTCAAGCTTTCG","Pf3D7_09_v3-164045-164311-1A.2","126A169A",3646,1,1
"IM-23-122-HWJN","8039832693","Maziba","Pf3D7_09_v3-202854-203106-1A","AATATACAAAGAATGCATATGATAAAATATTCTTTGTCCTTTAAAATTTTTTGTTCTTGTACTTTGTTTTTTATAATCTATTAAATTCATATCTGATGAAATATCATATTTATATTCCCCTTTATGAGCATTTACAAAAGTTTCGCTATTTCTTTTATTAATATATGTATTTGAGCACATATTTTTAT","Pf3D7_09_v3-202854-203106-1A.1","16C46+8N66+8N183T",4453,0.986049601417183,5
"IM-23-122-HWJN","8039832693","Maziba","Pf3D7_09_v3-202854-203106-1A","AATATACAAAGAATGCATATGATAAAATATTCTTTGTCCTTTAAAATTTTTTGTTCTTGTACTTTGTTTTTTATAATCTATTAAATTCATATCTGATGAAATATCATATTTATATTCCCCTTTATGAGCATTTACAAAAGTTTCGTTATTTCTTTTATTAATATATGTATTTGAGCACATATATTTAT","Pf3D7_09_v3-202854-203106-1A.7","16C46+8N66+8N146T",20,0.00442869796279894,5
"IM-23-122-HWJN","8039832693","Maziba","Pf3D7_09_v3-202854-203106-1A","AATATACAAAGAATGTATATGATAAAATATTCTTTGTCCTTTAAAATTTTTTGTTCTTGTACTTTGTTTTTTATAATCTATTAAATTCATATCTGATGAAATATCATATTTATATTCCCCTTTATGAGCATTTACAAAAGTTTCGCTATTTCTTTTATTAATATATGTATTTGAGCACATATTTTTAT","Pf3D7_09_v3-202854-203106-1A.3","46+8N66+8N183T",5,0.00110717449069973,5
"IM-23-122-HWJN","8039832693","Maziba","Pf3D7_09_v3-202854-203106-1A","AATATACAAAGAATGTATATGATAAAATATTCTTTGTCCTTTAAAATTTTTTGTTCTTGTACTTTGTTTTTTATAATCTATTAAATTCATATCTGATGAAATATCATATTTATATTCCCCTTTATGAGCATTTACAAAAGTTTCGTTATTTCTTTTATTAATATATGTATTTGAGCACATATATTTAT","Pf3D7_09_v3-202854-203106-1A.2","46+8N66+8N146T",25,0.00553587245349867,5
"IM-23-122-HWJN","8039832693","Maziba","Pf3D7_05_v3-960810-961048-1B","TAATACAGGAAGCATTTTATAATATGCATACTGTTATTAATTATGGTTTAGAAGATTATTTCTGTAATTTGATAGAAAAAGCTATTGATTATAAAAATAAAGGACAAAAAAGAAGAATTATTGTAAATGCAGCTTTATGGGGATTCAGTCAAAGCGCTCAATTATTTATTAATAGTTT","Pf3D7_05_v3-960810-961048-1B.1","105+8N",3389,1,1
"IM-23-122-HWJN","8039832693","Maziba","Pf3D7_07_v3-1149367-1149613-1A","TATTTGACTAGTCGAATAATATTTAATATTTTTGTTTAGGAAGTTTTCAAAATTGATGACATTGATAACCGTTTTTATTAAATCGCTTGGGTTGTTTGTGTGTTCTATTGTAGAAGACATAATTTTAAGAATGTGTTTTTGTGTTATTAAACAAAACTTTGTTACTATATGGAATCGTATGTTAT","Pf3D7_07_v3-1149367-1149613-1A.7","106T",16,0.0022814772565236,3
"IM-23-122-HWJN","8039832693","Maziba","Pf3D7_07_v3-403479-403716-1B","TTAGGTGGAGGTTCTTGTCTTGGTAAATGTGCTCATGTGTTTAAACTTATTTTTAAAGAGATTAAGGATAATATTTTTATTTATATTTTAAGTATTATTTATTTAAGTGTATGTGTAATGAATAAAATTTTTGCTAAAAGAACTTTAAACAAAATTGGTAACTATAGTTTTGTAACATCCGA","Pf3D7_07_v3-403479-403716-1B.1",".",3314,1,1
"IM-23-122-HWJN","8039832693","Maziba","Pf3D7_07_v3-403487-403750-2","AGGTTCTTGTCTTGGTAAATGTGCTCATGTGTTTAAACTTATTTTTAAAGAGATTAAGGATAATATTTTTATTTATATTTTAAGTATTATTTATTTAAGTGTATGTGTAATGAATAAAATTTTTGCTAAAAGAACTTTAAACAAAATTGGTAACTATAGTTTTGTAACATCCGAAACTCACAACTTTATTTGTATGATTATGTTCTTT","Pf3D7_07_v3-403487-403750-2.1",".",2059,1,1
"IM-23-122-HWJN","8039832693","Maziba","Pf3D7_07_v3-403801-404052-1B","TATATATATATATATATATGTATGTATGTTGATTAATTTGTTTATATATTTATATTTATTTCTTATGACCTTTTTAGGAACGACACCGAAGCTTTAATTTACAATTTTTTGCTATATCCATGTTAGATGCCTGTTCAGTCATTTTGGCCTTCATAGGTCT","Pf3D7_07_v3-403801-404052-1B.14","1+45N130+8N",1945,1,1
"IM-23-122-HWJN","8039832693","Maziba","Pf3D7_11_v3-1374917-1375148-1A","TTTTTAAATGAAAATCTCCAAAGCTTCTGGTTGGTTGTAATCTACCTTTAACATAACAATTATCATAATGATGTGATAAGAGATGAAAAGGTGTTTTACATAATTTATATGTATTATTATTATTAACAGTTTTATAATCTCGAGTACATATTTTACATACTAATATA","Pf3D7_11_v3-1374917-1375148-1A.4","106T112+14N",3799,0.978115345005149,2
"IM-23-122-HWJN","8039832693","Maziba","Pf3D7_11_v3-1375807-1376056-1A","TCGTTATGTACCCTAATAAATTTTTTTTCATTATTTGAATCTATATTATTTACATTAGTATTTTGAGTTGTACCATAAATTTCAGTGTTATTATTATTTCTATTCATATAATTATGTCCGCTTATATAATTATGACCATTAAAAAAATGTCTTCCATGTATATCATCTCTTCTAATGTATTTA","Pf3D7_11_v3-1375807-1376056-1A.2","20+10N140+9N",1073,1,1
"IM-23-122-HWJN","8039832693","Maziba","Pf3D7_11_v3-1816152-1816378-1A","TTGGGTAGATATCGTTATAAGGGCTATAATGTATTGACTTCTCCGGGTTTGTTACATTATCATTACAACCAATATTATTAAGGTTAATATTATTTTTATCATTATTATTGTTGTTTTCATTTGTGTGGTTATATAATAACAATGATGTGTCGTCTATTGGATCATT","Pf3D7_11_v3-1816152-1816378-1A.1","50T90T",9413,0.998620835985572,2
"IM-23-122-HWJN","8039832693","Maziba","Pf3D7_13_v3-2780346-2780575-1B","GTTGGATAGAATGCCCGACTACGGATCGGGAGGTCGTGGGTTCGACTCCTGCCCGGCCTAATTTTTTTCGTTTTCGTTTTTAAAGTAAAAAAGGATAATATTTTTAAAAAACATTTAGTATATATATTTTTTTTAAATAATAAATCTATTATATTATTAAATATTATGAGAAGA","Pf3D7_13_v3-2780346-2780575-1B.1","61+9N86+8N105+8N126+10N",20,0.00890471950133571,2
"IM-23-122-HWJN","8039832693","Maziba","Pf3D7_11_v3-1902041-1902278-2","ATGAAACAAAATGTCCACCTAGATACCCTTTAAAATCAAAAGTTTTTGGAACCTTTGACCAAAAAACAGGAAAATGTAAAAGTCTCATGGACAAAGCATATGAAGTTGGAATTAATAAATTTTCAGTCTGTTTAGAATATTTATTTTTAGTATCACCTAAGGATTTATATAATAGCAGAAG","Pf3D7_11_v3-1902041-1902278-2.2","60+8N177A",19,0.00209643605870021,2
"IM-23-122-HWJN","8039832693","Maziba","Pf3D7_11_v3-1934962-1935236-1A","TGATGTGCCAATATTAAGGATACATTTTCTAAAGCTTCTATCAGATAATGAAAATTTTTTCTGCGATTTTCATTTAAATCATTAAATATATTGGTTAGTTCTTGTATTGACGTTTTTGGATCTAAGGATGTAATTTGTTCATTTAATTCTTCTGTATATTCTAGATTAAAGTTTAAATTATTAAAATAACCTTCAGCATTATTTTCATTTTT","Pf3D7_11_v3-1934962-1935236-1A.1","54+10N98G",348,1,1
"IM-23-122-HWJN","8039832693","Maziba","Pf3D7_11_v3-1950431-1950680-2","AGATATATTTCAAGGAAAGGATATGTGGAATGATGGGAAATATGGTGAAGCGAAAAATCATATTAAGAATGCTTTTGGTGATATGAACAATAGAAAAGCTATGTTAAATGAAATTGAGAAAGGAATTAAAGATGAAACGTTTAGTCGTGAAAATGGTTTAGACGTTTGTAAATCTCAATGTGAGGAAAG","Pf3D7_11_v3-1950431-1950680-2.1","98G",4158,1,1
"IM-23-122-HWJN","8039832693","Maziba","Pf3D7_11_v3-1968050-1968296-2","TCATTACACTAGTCATGATTGGTTTAGATTATTACGCCAAGGGAATAAAGCTCAAAATTCCATTTCTCAGGAAGTAGACATATTAAAGGAAAAGTATAAAAAATTAATTTCAGAGGAAGACAATAAAAAAGAAAATAACAATAATAATGATGATGAAGTAAAACCAGAACTAAAAGACAATATA","Pf3D7_11_v3-1968050-1968296-2.1","87A97+8N124+8N",8715,1,1
"IM-23-122-HWJN","8039832693","Maziba","Pf3D7_03_v3-85507-85756-1A","TATCATTTAAATTCTCTTTTTCCACAGCTCCAGCATTTTTATTTATATCATCTACAACTACATCTTCCTTCACATAATTATTTATATAAAAATTATTATCATCTAAAGCATCTGAAAATTCTTCATTTAATACTTCTTCATCTACATTAAATGTTTTCGTTCTTTCATCATCTAATAAA","Pf3D7_03_v3-85507-85756-1A.1","144D=TCT",1567,1,1
"IM-23-122-HWJN","8039832693","Maziba","Pf3D7_07_v3-729480-729750-1A","TGAATGTTCAGAAATTTTATATCACTTAAATCGTTTGAGTGAGTTAGATCAAATATTGTTGAAAGATAAAATAAGTATATATGAGTATCAGCTAAAGGACACGTTTTTAACAACGTATGATATAGGTTGTTTATTAAAAATAGCTCAAGTGTTGAATGAACAAAATTATTATGATAACATTCCATTTTTGCATATATTTTTATATAACATACATAA","Pf3D7_07_v3-729480-729750-1A.1","42A",1426,0.99442119944212,2
"IM-23-122-HWJN","8039832693","Maziba","Pf3D7_07_v3-729480-729750-1A","TGAATGTTCAGAAATTTTATATCACTTAAATCGTTTGAGTGCGTTAGATCAAATATTGTTGAAAGATAAAATAAGTATATATGAGTATCAGCTAAAGGACACGTTTTTAACAACGTATGATATAGGTTGTTTATTAAAAATAGCTCAAGTGTTGAATGAACAAAATTATTATGATAACATTCCATTTTTGCATATATTTTTATATAACATACATAA","Pf3D7_07_v3-729480-729750-1A.2",".",8,0.00557880055788006,2
"IM-23-122-HWJN","8039832693","Maziba","Pf3D7_11_v3-2001725-2001999-2","GGATGTAAGAACTAAGAATGTAAATACAAGTAAGAGAAATGAAGGACTTAATGATATAAATGAATCAGAAAAAACAAGAACAAGAAGGGCATCAACAAAATCAAATAATAATAATAATAATGTATCATACGAGAATGAATTAGAGAGTGTATCTGAATGGTTTGATAACTTTTTGGAGGATCATATGAAGGAAGGTGTTTTTTTAGATGGGGAAAA","Pf3D7_11_v3-2001725-2001999-2.1","1G68+8N89G116I=AATAAT153G191+9N",2048,0.996108949416342,2
"IM-23-122-HWJN","8039832693","Maziba","Pf3D7_08_v3-102277-102527-1A","TACCTTCATCTATTGAATTAATTTTCTCAAGTAACATATTTTTGTCTTGACTACTTTCATCTGTAAATGGAACGAATACTCTTTGCTTACCTGCAAAAAGGACAATTGACATATGAGCCTTATCCTTACTTACATTCGAATTAAAGACCATAGATTCTAAAAATGGTATAGTTCCTTTTAACCAATAATC","Pf3D7_08_v3-102277-102527-1A.6","76A106T",46,0.00802092414995641,4
"IM-23-122-HWJN","8039832693","Maziba","Pf3D7_11_v3-408543-408771-1A","AGAGTGTTAATAATACTACAGCTAGTAATATTTCCAAATCCAAAAATGAACTTGAAAAAAAGTCATCAGTTAATAATAATGCTTATATTAAAATTATCGAAAATTATGATTTATTATGGTTAAAATTAATAGAAATTGAATTATGTTGTAATAATAAAAATTTAAATCCTATA","Pf3D7_11_v3-408543-408771-1A.1","54+9N",9919,0.99899284922953,2
"IM-23-122-HWJN","8039832693","Maziba","Pf3D7_11_v3-408543-408771-1A","AGAGTGTTAATAATACTACAGCTAGTCATATTTCCAAATCCAAAAATGAACTTGAAAAAAAGTCATCAGCTAATAATAATGCTTATATTAAAATAATCGAAAATTATGATTTATTATGGTTAAAATTAATAGAAATTGAATTATGTTGTAATAATAAAAATTTAAATCCTATA","Pf3D7_11_v3-408543-408771-1A.2","27C54+9N70C95A",10,0.00100715077047034,2
"IM-23-122-HWJN","8039832693","Maziba","Pf3D7_11_v3-497277-497548-1A","TTTTAGATTTAATTGAATATTCATTTTTAAATTATACTAGTTCTAATTTAAATACAATAAATAATAATAATGACAAAAAAAAACAAAATCAAAAAAATAAAAATCGCAAATATAGTAAAAATAATATTTTAGATCTCTATGAACACGTACGTACGATCAGTTTATTTTATCACACGTTTAATTTACCTAAGGAGTATAATGAAAAATTGTT","Pf3D7_11_v3-497277-497548-1A.1","74+11N90+9N148T150C",1418,1,1
"IM-23-122-HWJN","8039832693","Maziba","Pf3D7_13_v3-146695-146934-1A","AAAGTATTTGTAATAGATTAAACGATGAACTAAATGAAGAAATATGTGGTTATCAAATTAGGTTTGAAAAATCGTATTTTTTAAAACATAGTAAAATTAAAGTTATGACAGAAGGAATTTTATTGAAAGAAATTATGAGTGATTTTATTTTATCAAAATATAGTGTTATCATTCTTGA","Pf3D7_13_v3-146695-146934-1A.2","76+8N170C",5740,0.998087289167101,2
"IM-23-122-HWJN","8039832693","Maziba","Pf3D7_08_v3-549583-549807-1B","ACGTGCTGTTCAAAGAATGTTTGAAATGATAAATGAAGGTGCTAGTGTTATAGATATAGGTGGAGAATCCTCTGGTCCTTTTGTTATACCTAATCCAAAAATTAGTGAAAGAGATTTAGTAGTACCTGTATTACAATTATTTCAAAAAGAATGGAATGATATAAA","Pf3D7_08_v3-549583-549807-1B.1",".",5565,1,1
"IM-23-122-HWJN","8039832693","Maziba","Pf3D7_13_v3-156456-156685-1A","ATTATATGATATTTATATAAAATTAGAAAATCTAATTTTAGAAAAAATAACTGAAAGTATATACAATAGTACACCTCCATATAGAGTTATTATGTTCGAATTAATGACCAGATTGTTTCGATTTTATACAAAACCAATAGACCTTATTATTACTATGAATACAC","Pf3D7_13_v3-156456-156685-1A.2","41+8N115G",14,0.00911458333333333,2
"IM-23-122-HWJN","8039832693","Maziba","Pf3D7_13_v3-156713-156986-1A","TCCTTTTATGTGAACAAATTAAATATTGTAAATGATTTCTTTTTTGAAACACACCATAAAGATACACCTCAAGACAGTCAAAATGAACACAAAACGGATGAACCTAAAATACATAATGTTTTCAAAAAAAAAAATAACGATATCTTTGTTAATATTCCTCTACCAAAAATATTTAAAAATTTCTTACATTCCATATATTTTAGAACTCC","Pf3D7_13_v3-156713-156986-1A.3","39+8N50C68C123+13N",1135,0.989537925021796,2
"IM-23-122-HWJN","8039832693","Maziba","Pf3D7_13_v3-1724895-1725166-1B","CGCCATTTTCTCCTCCTGTAATTATATAAGAATCTGACAATGTGGCAGCTCCAAAATTCATTTTTTTCTCTGGTACACCATTTAGAAATTGCCATCTTTTATTAAATGGTTGATATTGTTCAACGGAATCTAATATGTTATGTTCATTATCAATACCTCCAACAACATATATTTGATTAAGGTAATTAAAAGCTGCTCCTGAACTTCTAG","Pf3D7_13_v3-1724895-1725166-1B.1","60+9N",1057,1,1
"IM-23-122-HWJN","8039832693","Maziba","Pf3D7_13_v3-1725124-1725365-2","TGGAAATTGTTCCCATTTATTCATTTTTTCTTCATATACTTCAATAGAATTTAATCTCTCACCATTAGTTCCACCAATGACATAAATTTTATTATCAAAAGCAACACACATAGCTGATGATCTAGGGGTATTCAAAGGTGCCACCTCTACCCATGCTTTCATACGATGATCATATGCTTCTAC","Pf3D7_13_v3-1725124-1725365-2.1","23+8N",8341,1,1
"IM-23-122-HWJN","8039832693","Maziba","Pf3D7_13_v3-1725208-1725471-1B","CATAAATTTTATTATCAAAAGCAACACACATAGCTGATGATCTAGGGGTATTCAAAGGTGCCACCTCTACCCATGCTTTCATACGATGATCATATGCTTCTACATTCGGTATAATAGAAGAGCCATCATATCCCCCAATACAATAAATTCTACCATTTGACGTAACACCACAATTATTTCTTCTAGGTATATTTAAATTACTTGAAAC","Pf3D7_13_v3-1725208-1725471-1B.1",".",2490,1,1
"IM-23-122-HWJN","8039832693","Maziba","Pf3D7_05_v3-550803-551072-1A","ATATACACCTTTCTTATTTATATTAATCTTTTCATTTTTACAAGAAATCACCTCCCTACTTATTCGGTTGTCCTCATTTTCATATTTCATAACACCATCATTTATTTTTTCTATTTCTTTAATATTATTTTCTCCTTCGACGTAATTATGCTTTCCTATCATCTCCTTTGCTCTACTTCCTATATATACTAATTTCTCTCTGAA","Pf3D7_05_v3-550803-551072-1A.3","6D=ATA107+8N141C",1224,0.990291262135922,2
"IM-23-122-HWJN","8039832693","Maziba","Pf3D7_05_v3-550803-551072-1A","ATATACACCTTTCTTATTTATATTAATCTTTTCATTTTTACAAGAAATCACCTCCCTACTTATTCGGTTGTCCTCATTTTCATATTTCATAACACCATCATTTATTTTTTCTATTTCTTTAATATTATTTTCTCCTTGGACGTAATTATGCTTTCCTATCATCTCCTTTGCTCTACTTCCTATATATACTAATTTCTCTCTGAA","Pf3D7_05_v3-550803-551072-1A.4","6D=ATA107+8N",12,0.00970873786407767,2
"IM-23-122-HWJN","8039832693","Maziba","Pf3D7_05_v3-641131-641404-1A","GGAATTTTTTTTTTGGTGTTTTATTTTTTCGAAGGATACAGGATAATCTAAGACATTAAAATTATTGGGTTTGAAAAAGAGTTTCCTTTTTATGATGTGCAATAGAGGTATATTTATATAGGAAATATAAACATATAAAAGGAATATGATAAAAAGGAAATATTGACTTAATAAAATATTAATATTTCTTTTTTTCAAATATATTTCGT","Pf3D7_05_v3-641131-641404-1A.1","4+12N23+8N188+9N",840,1,1
"IM-23-122-HWJN","8039832693","Maziba","Pf3D7_05_v3-668763-669004-1A","TAATATTATCTGGCTCTGTAACCATGTCCGAACATATGTTAACAGGAGAATCTGTTCCTATACATAAAGAGCGGTTACCTTTTGAAGGAAATGCTATTATAAATAAAAATAATAAATATGACAGTAACGATGAAAAGGATGATTACCTTCGTATTTATAATAATCATGCTAGTATTAATATGATCAACCG","Pf3D7_05_v3-668763-669004-1A.1","73G122C188C",4675,0.99786552828175,2
"IM-23-122-HWJN","8039832693","Maziba","Pf3D7_07_v3-105172-105442-1A","GACTACTAACAGAGTGACTACCTACGCTATGTTGAGATGAATTCCTTCCATCTGAATTACTTCCAGATAGGTGATTTTCTGTACTTCCATCTGAATTGTTTTTATATAATTGACTTTCCTTTTGTCCATCTAAATTATGCACTGCACTATGAGTTCCTTCACCCAAATTATTACTGTTTGTTGTATCATCATTTAAATCAAATCCATTTCTT","Pf3D7_07_v3-105172-105442-1A.1",".",991,1,1
"IM-23-122-HWJN","8039832693","Maziba","Pf3D7_07_v3-1066661-1066903-1A","TATAGTTTTGTAATTTATTGGTATGTGTTGTTAAAGGAGAATTTTTTTAATATCCCTTGTCATGGGCAAAAGGAGAAAAAAGAAATAAAAAACTTTTATGTTCAACATGAAGATATTTGTGAACACACTATTGGTAATCATATGTTAGGTGATAAATTAAAAATGTGTACATCTAATATTAATG","Pf3D7_07_v3-1066661-1066903-1A.3","4A41+9N72G75+8N86+8N",34,0.00519004732101969,4
"IM-23-122-HWJN","8039832693","Maziba","Pf3D7_07_v3-1066661-1066903-1A","TATAGTTTTGTAATTTATTGGTATGTGTTGTTAAAGGAGAATTTTTTTAATATCCCTTGTCATGGGCAAAATGAGAAAAAAGAAATAAAAAACTTTTATGTTCAACATGAAGATATTTGTGAACACACTATTGGTAATCATATGTTAGGTGATAAATTAAAAATGTGTACATCTAATATTAATG","Pf3D7_07_v3-1066661-1066903-1A.1","4A41+9N75+8N86+8N",132,0.0201495954816059,4
"IM-23-122-HWJN","8039832693","Maziba","Pf3D7_13_v3-1876391-1876664-1A","TACTATCTGTAAAAGTATGTTTAGAACTAACATTTGAAGAGAAGTTACATCCGTGTATGACTTTTTTTTCATATTTTGGTTTTAAAACTATTTTATAATTATTATTTTTAAATTTGCATGTACATTCTGTATTAACATCTTTTGATGTAACATAAAATGGAGCTTTAAAGATAGTTAAGTTTTTATGATAAATTATTTTATTACTTTTATATA","Pf3D7_13_v3-1876391-1876664-1A.3","1T61+10N",1803,0.986863711001642,4
"IM-23-122-HWJN","8039832693","Maziba","Pf3D7_05_v3-958079-958350-1B","TTTTTATATCTGTGTTTGGTGTAATATTAAAGAACATGAATTTAGGTGATGATATTAATCCTATAATATTATCATTAGTATCTATAGGTTTAGTACAATTTATATTATCAATGATATCAAGTTATTGTATGGATGTAATTACATCAAAAATATTAAAAACTTTAAAGCTTGAATATTTAAGAAGTGTTTTTTATCAAGATGGACAATTTC","Pf3D7_05_v3-958079-958350-1B.1","186+8N",621,1,1
"IM-23-122-HWJN","8039832693","Maziba","Pf3D7_05_v3-958372-958608-1B","ATTTATAACAATTTTTACATATGCCAGTTCCTTTTTAGGTTTATATATTTGGTCATTAATAAAAAATGCACGTTTGACTTTATGTATTACTTGCGTTTTTCCGTTAATTTATGTTTGTGGTGTCATATGTAATAAGAAAGTAAAATTAAATAAAAAAACATCTTTGTTATATAATAACAATACC","Pf3D7_05_v3-958372-958608-1B.2","60+8N151+9N",12,0.00324061571698623,2
"IM-23-122-HWJN","8039832693","Maziba","Pf3D7_05_v3-958372-958608-1B","ATTTATAACAATTTTTACATATGCCAGTTCCTTTTTAGGTTTATTTATTTGGTCATTAATAAAAAATGCACGTTTGACTTTATGTATTACTTGCGTTTTTCCGTTAATTTATGTTTGTGGTGTCATATGTAATAAGAAAGTAAAATTAAATAAAAAAACATCTTTGTTATATAATAACAATACC","Pf3D7_05_v3-958372-958608-1B.1","45T60+8N151+9N",3691,0.996759384283014,2
"IM-23-122-HWJN","8039832693","Maziba","Pf3D7_05_v3-958920-959168-1B","AATAATAAATCGAAAACCATTAGTTGAAAATAATGATGATGGAGAAACATTACCAAATATTAAAAAAATTGAATTTAAAAATGTAAGATTTCATTATGATACTAGAAAAGATGTTGAAATTTATAAAGATTTAAGTTTTACTCTAAAAGAAGGGAAAACATATGCATTTGTGGGAGAATCA","Pf3D7_05_v3-958920-959168-1B.1","61+9N",2204,1,1
"IM-23-122-HWJN","8039832693","Maziba","Pf3D7_11_v3-1295103-1295335-1A","ACTACTGCTTTGTCCCATCCCAACGAAGTTGAACACAATTTTCCATGTTCATTATATAAAGATGAAATAAAGAAAGAAATCGAAAGAGAATCAAAACGAATTAAATTAAATGATAATGATGATGAAGGGAATAAAAAAATTATAGCTCCAAGAATTTTTATTTCAGATGATATA","Pf3D7_11_v3-1295103-1295335-1A.2","23A34C71A132+9N173T",13,0.0024349129050384,3
"IM-23-122-HWJN","8039832693","Maziba","Pf3D7_08_v3-1370814-1371045-2","TGTTGCAATATATTACTAAAAAATAGAATTATTATGTTATTTTGATCATATGGGAATACATTTAAATATTTATATTCTGATGAATATTCTTATAAAAAAAAAAAGGGGGGGGGGAAATAATACGTTCATGATTTATTTATATTTCAATATATTTTCTATTTTGCGA","Pf3D7_08_v3-1370814-1371045-2.1","17+8N93+21N",1570,1,1
"IM-23-122-HWJN","8039832693","Maziba","Pf3D7_08_v3-1375025-1375284-1B","CAAGTTATTATTAAATGCGGAATTATTCTATATAAAAATAAAAAAGCATTTAAAAATGAAAAAATTTATATATATACAATATATAAATATATATATATATATATATATATATATATATTATTATATGTATTTTTATAATTGAATGATATATTTATTTCTATTTGCAATTAAAATGCTTACGTTATCTAACAAAAGTACGGAGGCAAAA","Pf3D7_08_v3-1375025-1375284-1B.17","39+8N58+8N67+53N",1,0.00581395348837209,7
"IM-23-122-HWJN","8039832693","Maziba","Pf3D7_08_v3-1375025-1375284-1B","CAAGTTATTATTAAATGCGGAATTATTCTATATAAAAATAAAAAAGCATTTAAAAATGAAAAAATTTATATATATACAATATATAAATATATATATATATATATATATATATATTATTATATGTATTTTTATAATTGAATGATATATTTATTTCTATTTGCAATTAAAATGCTTACGTTATCTAACAAAAGTACGGAGGCAAAA","Pf3D7_08_v3-1375025-1375284-1B.16","39+8N58+8N67+53N",2,0.0116279069767442,7
"IM-23-122-HWJN","8039832693","Maziba","Pf3D7_08_v3-1375025-1375284-1B","CAAGTTATTATTAAATGCGGAATTATTCTATATAAAAATAAAAAAGCATTTAAAAATGAAAAAATTTATATATATACAATATATAAATATATATATATATATATATATATATATTATTATTATATGTATTTTTATAATTGAATGATATATTTATTTCTATTTGCAATTAAAATGCTTACGTTATCTAACAAAAGTACGGAGGCAAAA","Pf3D7_08_v3-1375025-1375284-1B.4","39+8N58+8N67+53N",108,0.627906976744186,7
"IM-23-122-HWJN","8039832693","Maziba","Pf3D7_07_v3-405517-405773-2","TTTTCTACCATGACATATACTATTGTTAGTTGTATACAAGGTCCAGCAATAGCAATTGCTTATTACTTTAAATTCTTAGCCGTAAGAATTAAAAAGATATAAATATATAAATATATATGTGAAATATATGATATATATGATATATATTTTTTATATGTAATGTTTTTTTTTTTTTCACAATATACATTTAA","Pf3D7_07_v3-405517-405773-2.8","97+57N162+16N",855,0.707196029776675,2
"IM-23-122-HWJN","8039832693","Maziba","Pf3D7_07_v3-405570-405844-1B","ATAGCAATTGCTTATTACTTTAAATTCTTAGCCGTAAGAATTAAAAAGATATAAATATATAAATATATATGTGAAATATATGATATATATGATATATATTTTTTATATGTAATGTTTTTTTTTTTTTTCACAATATACATTTAAATGTTTATGATGGTACAACGTATCATATTTTATAATAATTTTATGCATTCATGTATATTATTTTTACTTTTT","Pf3D7_07_v3-405570-405844-1B.2","49+57N114+16N",577,1,1
"IM-23-122-HWJN","8039832693","Maziba","Pf3D7_11_v3-1376058-1376305-1A","TTTCTGGCTCGATATAATCCATTTCAATATTTATATTAGATATGAAACATCTATCTTCAATAGGTGAATTTGCTGCAAATTGAGCCATAGAAAAATGATTCTCATTCCTTTGAAAATATGAACTATTCAACTCATCAAGGTTTTCATATGTTATTTCATAACTGCCATCATCTGAATCCTCTTCATCA","Pf3D7_11_v3-1376058-1376305-1A.1","140G",3376,1,1
"IM-23-122-HWJN","8039832693","Maziba","Pf3D7_07_v3-432832-433091-1A","TTGAAAAAGTCATCATCAGAATGGGGATGATTATTATTGTTATTATGAGTTTGGTTCGTATTAATATTATGCTCCTTTTCGTTATTTAATTTATGTTCATTTATATTTTTATAAATAAATAATTTTCCAAGAAGTATACCATTAATAAACTTACTAGTTAACATATTAGACTGCTCAATATTTGTACATTTTTTTAATGTATGTATT","Pf3D7_07_v3-432832-433091-1A.1","30+17N188+9N",5,0.00170299727520436,3
"IM-23-122-HWJN","8039832693","Maziba","Pf3D7_03_v3-653961-654206-1A","CTCGTACAATATTTTTATAATTTCCTTTCATCTTATTTTTTTCTTTATATTTTTTTTTTTCATATGTAAGATTTATATAATCACTTTCGCTTTTTCTAACGCTTTTGAACTTTTTAAATGTACTTCGTTCATTATTTCTAATTCTCGTAAACACAAGAATAAATATTTTGATATATCTTATA","Pf3D7_03_v3-653961-654206-1A.1","35+9N49+13N101G",8,0.00226757369614512,2
"IM-23-122-HWJN","8039832693","Maziba","Pf3D7_07_v3-627351-627625-1A","TCACTAAGATAATTATTATTACTATTTTCAGCATAATAAAATTTCTGATGTTTTATAAGAGGAGTTTGGTTAGAAGCAAAATTATCAGCAGTTGTCGAATAATTATTATGTTCTTGATAAAAGAGATTATTCATATAGTTATTATTATTTTTCATATCATCCATAGTATTATTGTTAATATAAAATTCCTCATATGAATTATATATATA","Pf3D7_07_v3-627351-627625-1A.1",".",1217,1,1
"IM-23-122-HWJN","8039832693","Maziba","Pf3D7_07_v3-717260-717493-1A","GAGCTTGCTTTTTTGTTGCGTTACTTGCTGGGCTGATCAAAAAAAAAGTTGAATGTATTGAACTTAGTGCCAGCGAAATTTCCCCTCATGAAAACAAATCGACGAGTTCATCAATATTCCAAGAGGAATTAAAATTTGATAAGTCTCTGAAAAATTTTTTCAAACAA","Pf3D7_07_v3-717260-717493-1A.1","8+8N38+11N154+8N",7801,0.993757961783439,3
"IM-23-122-HWJN","8039832693","Maziba","Pf3D7_07_v3-717260-717493-1A","GAGCTTGCTTTTTTGTTGCGTTACTTGCTGGGCTGATCAAAAAAAAAGTTGAATGTATTGAACTTAGTGCCAGCGAAATTTCCCCTCATGAAAACAAATCGACGAGTTCATCAATATTCCAAGAGGAATTAAAATTTGATGAGTCTCTGAAAAATTTTTTCAAACAA","Pf3D7_07_v3-717260-717493-1A.2","8+8N38+11N141G154+8N",40,0.00509554140127389,3
"IM-23-122-HWJN","8039832693","Maziba","Pf3D7_13_v3-1350855-1351093-1A","TCTTTTATATTAGTTGTTTCGTTATTTTCATTATGTTCCATATTTTGGTTATTTGTATATTTTATATTTTTTAAAAATTGGTAAATATATTCAGAGATGAAAGGTGTAAAAGGGGCCATAATTATTGTAAACAAATATAATGTTCTACATAAAACATTTAATGATTGGTGAGT","Pf3D7_13_v3-1350855-1351093-1A.2","66+8N93A",41,0.00843274372686137,2
"IM-23-122-HWJN","8039832693","Maziba","Pf3D7_03_v3-855426-855697-1A","GTTATTTCAGTATGAGTTTCAACAGTTAATAATACTTCAGGATATGGATTGATACTTAACGTATGTACTCTCAATAATCTAGTATCAAATATATATGAAAATGTATACTCAGGAAAACATATAGTAGATAATCCATTATTATTCTCTATACATATTTTACTTATAGCTATATAATCGTAATTATCTTCTATTACTATTGGTTCTGTG","Pf3D7_03_v3-855426-855697-1A.3",".",8,0.00809716599190283,2
"IM-23-122-HWJN","8039832693","Maziba","Pf3D7_03_v3-855426-855697-1A","GTTATTTCAGTATGAGTTTCAACAGTTAATACTACTTCAGGATATGGATTGATACTTAACGTATGTACTCTCAATAATCTAGTATCAAATATATATGAAAATGTATACTCAGGAAAACATATAGTAGATAATCCATTATTATTCTCTATACATATTTTACTTATAGCTATATAATCGTAATTATCTTCTATTACTATTGGTTCTGTG","Pf3D7_03_v3-855426-855697-1A.1","32C",980,0.991902834008097,2
"IM-23-122-HWJN","8039832693","Maziba","Pf3D7_03_v3-891553-891827-1A","CAAGAGCTAAGAAAACATATAGAATCATCATAAGGATGTTGATAATATAAATGTGTTTTTATTTGTGTATTTATGTCAGAATATTGTTCCTTCGATTTATCTTTAAAATAATCAAGATTATTTATGTTGGTGGCTTTATTATTATTAAAATAATTTTGATTTGTTACATGATGACTAGGGGTATATTTGTATTTTACGTTTTTATTA","Pf3D7_03_v3-891553-891827-1A.7","93C116G",1260,0.981308411214953,2
"IM-23-122-HWJN","8039832693","Maziba","Pf3D7_07_v3-896613-896849-1B","ACAATGAAAAAATGTATTAATGATGAATTATATAAAATAAAAATAAATGTAGGTTTATATAAAAAGGATAGAAAAAAATTATCCTTTTTTATATTGTTGCATAAATTTTATTTAGATAATTATAATATTGTTATTAATAAATTAAAAAATATGAATAATTTAATAGAAA","Pf3D7_07_v3-896613-896849-1B.1","6+8N71+9N84+8N143+8N",2609,1,1
"IM-23-122-HWJN","8039832693","Maziba","Pf3D7_08_v3-102277-102527-1A","TACCTTCATCTATTGAATTAATTTTCTCAAGTAACATATTTTTGTCTTGACTACTTTCATCTGTAAATGGAACCAATACTCTTTGCTTACCTGCAAAAAGGACAACTGACATATGAGCCTTATCCTTACTTACATTCGAATTAAAGACCATAGATTCTAAAAATGGTATAGTTCCTTTTAACCAATAATC","Pf3D7_08_v3-102277-102527-1A.3","74C76A",5548,0.967393199651264,4
"IM-23-122-HWJN","8039832693","Maziba","Pf3D7_08_v3-102277-102527-1A","TACCTTCATCTATTGAATTAATTTTCTCAAGTAACATATTTTTGTCTTGACTACTTTCATCTGTAAATGGAACGACTACTCTTTGCTTACCTGCAAAAAGGACAACTGACATATGAGCCTTATCCTTACTTACATTCGAATTAAAGACCATAGATTCTAAAAATGGTATAGTTCCTTTTAACCAATAATC","Pf3D7_08_v3-102277-102527-1A.4",".",98,0.0170880557977332,4
"IM-23-122-HWJN","8039832693","Maziba","Pf3D7_08_v3-102277-102527-1A","TACCTTCATCTATTGAATTAATTTTCTCAAGTAACATATTTTTGTCTTGACTACTTTCATCTGTAAATGGAACGAGTACTCTTTGCTTACCTGCAAAAAGGACAACTGACATATGAGCCTTATCCTTACTTACATTCGAATTAAAGACCATAGATTCTAAAAATGGTATAGTTCCTTTTAACCAATAATC","Pf3D7_08_v3-102277-102527-1A.1","76G",43,0.00749782040104621,4
"IM-23-122-HWJN","8039832693","Maziba","Pf3D7_08_v3-1056678-1056903-1A","GTGTTAACGATAATTATAATGCAATAAGCACAACTAATTTTTCAGATGACATGGATGAATTGATAAAGAATCTTTCTATTATGGGTTTGTGTAAAGAGAAAATAGTGTTAACAGAAAAGGCAACAATATTTAATAACATTGAATTGTTGTATTCATATTATCTTATAGTTCAGA","Pf3D7_08_v3-1056678-1056903-1A.2","126A",47,0.00375759513911097,2
"IM-23-122-HWJN","8039832693","Maziba","Pf3D7_12_v3-1959644-1959891-1A","ATGGGAAGACGATAAGAGAAGAGAAATTAATTTCTGAGGGAGCGTATTCATTTGTTTATATGGCGAAGGATTTAAACACGAATCGAGCTTATACTATAAAGAAGACCATATGTCAAGATAAAGAGAAAATAGATATGGCGAATAAAGAAATCAACATTCTTAAAAGTTTACCTCCACATAAAAATATA","Pf3D7_12_v3-1959644-1959891-1A.2",".",3094,1,1
"IM-23-122-HWJN","8039832693","Maziba","Pf3D7_12_v3-2092529-2092798-1B","AGTTGAAGGGGGAGGAATGATCGGAGTTATCAGATTAGAAAATCAAGTGAGAAATCCCCCTGTAATAAAATTGAAGAGTCATACATCTCCCATCCTTGATTTGTCATTTAACCCGTGTTATAGTGAGATATTAGCTTCATGTTCAGAAGATATGTCTATAAGAATATGGGAGATACGTCATGAGGATGAGAATGTGAATGAGGTA","Pf3D7_12_v3-2092529-2092798-1B.1",".",1874,1,1
"IM-23-122-HWJN","8039832693","Maziba","Pf3D7_12_v3-2092654-2092884-2","GAGATATTAGCTTCATGTTCAGAAGATATGTCTATAAGAATATGGGAGATACGTCATGAGGATGAGAATGTGAATGAGGTAAAGGATCCTTTATGTATATTAAATGGTCATAAGAAAAAAGTAAATATATTATCATGGAATCCTATGAATTATTTTATATTATCATCT","Pf3D7_12_v3-2092654-2092884-2.1","114+8N",6325,1,1
"IM-23-122-HWJN","8039832693","Maziba","Pf3D7_10_v3-992596-992869-1A","GAAAATAATAAAATGCACAGTATCAATTCTGATAGAAATAAAAATGATTATATTCCATCTTCCTATTTACATACAATATATAAAACATTTAGCGAACATATAAACCGAGATAATGGAAATATTTATGATGATGAAAAAAAAAATTTATATGATGGAACTGTTTTTTATATAGAAACATTAAACGAATTAAGAATTATAAATATATTATTTTCA","Pf3D7_10_v3-992596-992869-1A.1","133+12N160+8N",519,1,1
"IM-23-122-HWJN","8039832693","Maziba","Pf3D7_11_v3-1006693-1006917-1A","GTGGGGGAGAGAATTTTACCTTGATACGCTCCCATGTTTTATCCTTTATACAATACACATAAGTGTCATTGGTAATATATGACCCTCTTTTACCTCCGTAAAGAAATAAACAATCTTCTTTTTTTTCAGTGGAGTAAATTAAATTTAATTTTGCAAAATAGCGTGG","Pf3D7_11_v3-1006693-1006917-1A.3","27C58C118+10N",1156,0.97883149872989,3
"IM-23-122-HWJN","8039832693","Maziba","Pf3D7_11_v3-1006693-1006917-1A","GTGGGGGAGAGAATTTTACCTTGATATGCTCCCATGTTTTATCCTTTATACAATACACATAAGTGTCATTGGTAATATATGACCCTCTTTTACCTCCGTAAAGAAATAAACAATCTTCTTTTTTTTCAGTGGAGTAAATTAAATTTAATTTTGCAAAATAGCGTGG","Pf3D7_11_v3-1006693-1006917-1A.2","58C118+10N",11,0.00931414055884843,3
"IM-23-122-HWJN","8039832693","Maziba","Pf3D7_11_v3-1006693-1006917-1A","GTGGGGGAGAGAATTTTACCTTGATATGCTCCCATGTTTTATCCTTTATACAATACATATAAGTGTCATTGGTAATATATGACCCTCTTTTACCTCCGTAAAGAAATAAACAATCTTCTTTTTTTTCAGTGGAGTAAATTAAATTTAATTTTGCAAAATAGCGTGG","Pf3D7_11_v3-1006693-1006917-1A.1","118+10N",14,0.0118543607112616,3
"IM-23-122-HWJN","8039832693","Maziba","Pf3D7_07_v3-1028330-1028603-1A","TAAAGAATATTTTTATTTCTAATATTATGGCTAAAAGGAAAATTATTTAATTTCATTTTTTGTGGGTTACTTGTATCATTACAACTCATCATCATGACCATATTATTATTATTATTATTGTTGTTGTTGTTGTGGTGGTGGTTCATTACCAATAAATTTGTGTTATTATGTTCATCCTTTTTTATATTAACAATTTCATTTCTATAA","Pf3D7_07_v3-1028330-1028603-1A.4","55+8N101+36N177+8N202C",3,0.0024390243902439,2
"IM-23-122-HWJN","8039832693","Maziba","Pf3D7_07_v3-1028330-1028603-1A","TAAAGAATATTTTTATTTCTAATATTATGGCTAAAAGGAAAATTATTTAATTTCATTTTTTGTGGGTTACTTGTATCATTACAACTCATCATCATGACCATATTATTATTATTATTATTGTTGTTGTTGTTGTTGTGGTGGTTCATTACCAATAAATTTGTGTTATTATGTTCATCCTTTTTTATATTAACAATTTCATTTCTATAA","Pf3D7_07_v3-1028330-1028603-1A.2","55+8N101+36N177+8N202C",1227,0.997560975609756,2
"IM-23-122-HWJN","8039832693","Maziba","Pf3D7_07_v3-1043981-1044225-1A","ATAATGATATGTTATTTCATCATCAGCATCGACTTCTTTTTTATTATGTTCAAACAAATTCTTATATTTTATATTATTGCATTTTTGTCTTTCCATATTTATAAAAGATTCTATTTTCTTTTTATAATCATTCCTTTTTATATAATTACACATTCCTTCATTTTGGTTGTCATAACTCTTCT","Pf3D7_07_v3-1043981-1044225-1A.1","36+8N",4050,1,1
"IM-23-122-HWJN","8039832693","Maziba","Pf3D7_08_v3-585993-586266-1A","TGTAAATATAAATCATACGTATGACATGTATCATCATTTAATGCATTCTTAATTGTTAATGCTAATCTACTTACAATAATATAAGCAAAGTTTATATGAGAATGAATACCTTCTTTTCCTAAAAAGTTATAAAGACTAACAAATGGAGCATATATTATAAATTTATCATACTTTTTTTTGTGCATAACTTCATTTAATAAAATATTT","Pf3D7_08_v3-585993-586266-1A.2","29T171+10N",3106,0.986344871387742,2
"IM-23-122-HWJN","8039832693","Maziba","Pf3D7_09_v3-1015103-1015350-1A","ATTATTTAATTTTTCATCTTTTATATTTTTCAGATTTTTTATATGAAGATATAGGAATACAACTAAATTAACAGCTGAAAATAATCTTACTAACAAAAATAATTTGAGGAATTCTTCATCATATAAATCTTTTGGAATATTATTTGTGTATTCATAAATTTCTATTAAGGATATAATAGTTATGA","Pf3D7_09_v3-1015103-1015350-1A.1","34+8N",1518,0.995409836065574,3
"IM-23-122-HWJN","8039832693","Maziba","Pf3D7_09_v3-1015103-1015350-1A","ATTATTTAATTTTTCATCTTTTATATTTTTCAGATTTTTTATATGAAGATGTAGGAATACAACTAAATTAACAGCTGAAAATAATCTTACTAACAAAAATAATTTGAGGAATTCTTCATCATATAAATCTTTTGGAATATTATTTGTGGATTCATAAATTTCTATTAAGGATATAATAGTTATGA","Pf3D7_09_v3-1015103-1015350-1A.5","34+8N51G149G",5,0.00327868852459016,3
"IM-23-122-HWJN","8039832693","Maziba","Pf3D7_05_v3-796518-796759-1A","TGGTTCTTCAATTGTTCATATAAGTTCTTTATTAGTAGGTGTATATTTATGTAGTAGTAGTGCAAATGCATTTAATCAAATTATTGAAAGAAATATAGATAAGTTAATGAAAAGAACCCAAAAAAGACCCTTAGCAAATAATAATCCAAATATGTCAGTTAAACATGCTGAAATAT","Pf3D7_05_v3-796518-796759-1A.4","119+8N",3767,0.980989583333333,4
"IM-23-122-HWJN","8039832693","Maziba","Pf3D7_05_v3-796518-796759-1A","TGGTTCTTCAATTGTTCATATAAGTTCTTTATTAGTAGGTGTATATTTATGTAGTAGTAGTGCAAATGCATTTAATCAAATTATTGAAAGAAATATAGATAAGTTAATGAAAAGAACCCAAAAAAGACCCTTAGCAAATAATAATCCAAATATGTCAGTTAAGCATGCTGAAATAT","Pf3D7_05_v3-796518-796759-1A.2","119+8N163G",9,0.00234375,4
"IM-23-122-HWJN","8039832693","Maziba","Pf3D7_09_v3-163813-164052-1A","GTAATAATAATAATAATAATGTATTTCTTTCATCAAGTGATCCAAATAAATTAAACACAACACCATCACCATTTGGTTTATCATCTATTGGAAATCTAAATACAAACAATAAATTAAATAGCTTTCCAGATTTTAGTCAAGCTAATAAAACATTTCTACAAAATGATAGCTTAT","Pf3D7_09_v3-163813-164052-1A.1","2+19N28T131T",3522,0.990160247399494,3
"IM-23-122-HWJN","8039832693","Maziba","Pf3D7_09_v3-163813-164052-1A","GTAATAATAATAATAATAATGTATTTCTTTCATCAAGTGATCCAAATAAATTAAACACAACACCATCACCATTTGGTTTATCATCTATTGGAAATCTAAATACAAACAATAAATTAAATAGCTTTCCAGACTTTAGTCAAGCTAATAAAACATTTCTACAAAATGATAGCTTAT","Pf3D7_09_v3-163813-164052-1A.2","2+19N28T",23,0.0064661231374754,3
"IM-23-122-HWJN","8039832693","Maziba","Pf3D7_11_v3-1294664-1294910-1A","AAAAGATGAATCATTTCAAAACTATACATATTTAAGTAAAAATGTAGTTCATAACTGGGAAAAAGTTTGCCCTAGAAAGAATTTACAGAATGCAAAATTCGGATTATGGGTCGATGGAAATTGTGAAGATATACCACATGTAAATGAATTTTCAGCAATTGATCTTTTTGAATGTAATAAATTAGTTTTTGAATTG","Pf3D7_11_v3-1294664-1294910-1A.78","8G9A40A50C152T",10139,0.9866679641884,3
"IM-23-122-HWJN","8039832693","Maziba","Pf3D7_11_v3-1294664-1294910-1A","AAAAGATATATCATTTCAAAACTATACATATTTAAGTAAAAATGTAGTTGATAACTGGGAAAAAGTTTGCCCTAGAAAGAATTTAGAGAATGCAAAATTCGGATTATGGGTCGATGGAAATTGTGAAGATATACCAGATGTAAATGAATTTTCAGCAAATGATCTTTTTGAATGTAATAAATTAGTTTTTGAATTG","Pf3D7_11_v3-1294664-1294910-1A.3","40A86G137G152T159A",11,0.00107045543012845,3
"IM-23-122-HWJN","8039832693","Maziba","Pf3D7_11_v3-1294664-1294910-1A","AAAAGATAAATCATTTCAAAACTATACATATTTAAGTAAAAATGTAGTTGATAACTGGGAAAAAGTTTGCCCTAGAAAGAATTTAGAGAATGCAAAATTCGGATTATGGGTCGATGGAAATTGTGAAGATATACCACATGTAAATGAATTTTCAGCAAATGATCTTTTTGAATGTAATAAATTAGTTTTTGAATTG","Pf3D7_11_v3-1294664-1294910-1A.10","9A40A86G152T159A",126,0.0122615803814714,3
"IM-23-122-HWJN","8039832693","Maziba","Pf3D7_03_v3-221295-221532-2","AAGGAACAAGAAGGATAATACCATTATTAATCCTATTGAACTATTTACGACATTAAACACACTGGAACATTTTTCCATTTTACAAATTTTTTTTTCAATATCATTTGCATAATCTAATTCGTCTTTAGGTTTATTAGCAGAGCCAGGCTTTATTCTAACTTGAATACCATTTCCACAAGTTA","Pf3D7_03_v3-221295-221532-2.7","86+11N",21,0.00726643598615917,2
"IM-23-122-HWJN","8039832693","Maziba","Pf3D7_03_v3-221295-221532-2","AAGGAACAAGAAGGATAATACCATTATTAATCCTATTGAACTATTTACGACATTAAACACACTGGAACATTTTTCCATTTTACAAATTTTTTTTTCAATATCATTTTCATAATCTAATTGGTCTTTAGGTTTATTAGCAGAGCCAGGCTTTATTCTAACTTGAATACCATTTCCACAAGTTA","Pf3D7_03_v3-221295-221532-2.2","86+11N107T120G",2869,0.992733564013841,2
"IM-23-122-HWJN","8039832693","Maziba","Pf3D7_03_v3-221463-221712-1B","ACTTGAATACCATTTCCACAAGTTACACTACATGGGGACCATTCAGTTGAAAGAGAATTTTGTATTATCTTTAAATATTCTTTTATGTGCTTATCACTTGGTTCTTCGTTATTATTATTTTTTACAGCATTGTTGGCATTAGCATTTTCATCTACATTTCGGTTTGGGTCATTTGGCATATTGTGACCTTGTC","Pf3D7_03_v3-221463-221712-1B.22","67A69C117+8N130T",9,0.00535077288941736,3
"IM-23-122-HWJN","8039832693","Maziba","Pf3D7_08_v3-1375025-1375284-1B","CAAGTTATTATTAAATGCGGAATTATTCTATATAAAAATAAAAAAGCATTTAAAAATGAAAAAATTTATATATATACAATATATAAATATATATATATATATATATATATATATTATTATTATTATATGTATTTTTATAATTGAATGATATATTTATTTCTATTTGCAATTAAAATGCTTACGTTATCTAACAAAAGTACGGAGGCAAAA","Pf3D7_08_v3-1375025-1375284-1B.12","39+8N58+8N67+53N",7,0.0406976744186047,7
"IM-23-122-HWJN","8039832693","Maziba","Pf3D7_08_v3-1375025-1375284-1B","CAAGTTATTATTAAATGCGGAATTATTCTATATAAAAATAAAAAAGCATTTAAAAATGAAAAAATTTATATATATACAATATATAAATATATATATATATATATATATATATTATTATTATATGTATTTTTATAATTGAATGATATATTTATTTCTATTTGCAATTAAAATGCTTACGTTATCTAACAAAAGTACGGAGGCAAAA","Pf3D7_08_v3-1375025-1375284-1B.21","39+8N58+8N67+53N",18,0.104651162790698,7
"IM-23-122-HWJN","8039832693","Maziba","Pf3D7_07_v3-432832-433091-1A","TTGAAAAAGTCATCATCAGAATGGGGATGATTATTATTGTTATTATGAGTTTGGTTCGTATTAATATTATGATCCTTTTCGTTATTTAATTTATGTTCATTTATATTTTTATAAATAAATAATTTTCCAAGAAGTATACCATTAATAAACTTACTAGTTAACATATTAGACTGCTCAATATTTGTACATTTTTTTAAAGTATGTATT","Pf3D7_07_v3-432832-433091-1A.3","30+17N72A188+9N198A",6,0.00204359673024523,3
"IM-23-122-HWJN","8039832693","Maziba","Pf3D7_07_v3-432832-433091-1A","TTGAAAAAGTCATCATCAGAATGGGGATGATTATTATTGTTATTATGAGTTTGGTTCGTATTAATATTATGATCCTTTTCGTTATTTAATTTATGTTCATTTATATTTTTATAAATAAATAATTTTCCAAGAAGTATACCATTAATAAACTTACTAGTTAACATATTAGACTGCTCAATATTTGTACATTTTTTTAATGTATGTATT","Pf3D7_07_v3-432832-433091-1A.4","30+17N72A188+9N",2925,0.99625340599455,3
"IM-23-122-HWJN","8039832693","Maziba","Pf3D7_03_v3-653961-654206-1A","CTCGTACAATATTTTTATAATTTCCTTTCATCTTATTTTTTTCTTTATATTTTTTTTTTTCATATGTAAGATTTATATAATCACTTTCGCTTTTTCTAACCCTTTTGAACTTTTTAAATGTACTTCGTTCATTATTTCTAATTCTCGTAAACACAAGAATAAATATTTTGATATATCTTATA","Pf3D7_03_v3-653961-654206-1A.2","35+9N49+13N",3520,0.997732426303855,2
"IM-23-122-HWJN","8039832693","Maziba","Pf3D7_07_v3-475313-475545-1A","AGCTTTATTATCTACAAAAAATCCACGTGGATATATGAAACAAATGAAATTGTATTTTATATTCCAAATTAAAGAAATTGCATTAAGAAAACATGGCTCTTTACTTACAGTCAAAAATTTATATAATAATAAACTTTTAAATATAAATTCATCATCTTCTACAAATA","Pf3D7_07_v3-475313-475545-1A.1","15+8N",3861,1,1
"IM-23-122-HWJN","8039832693","Maziba","Pf3D7_14_v3-1992121-1992370-1A","ATTAAAACATTCCAACAATTTTATTTCCTTCTTTATAAAATTATATAAATTAATTATTTTCTTTTTATCACATTCAAAGACGGCATAAGGTGCACCCCATGAACATTTTTTACTTTTGCTACCATCAGGCATAATATAAACACCAGTACCATTTTTTTCTGATAAATTAATATTTTTTTGTATAACATCATA","Pf3D7_14_v3-1992121-1992370-1A.1","105+8N151+9N172+9N",1383,1,1
"IM-23-122-HWJN","8039832693","Maziba","Pf3D7_14_v3-2004362-2004606-1A","TATTTCCATATTATTGTAATAGGGCTTTTTCTTGCTCTTCTAATTTTTGTATATCTTGCTTATCCTTATCTAATTGTCCAAGAGCAACTAATTCATCATCTACATTTATTTTATTTTCTTGAGAATATTCTTCAATTTTGTCTTCGAAACTGTTATATAATCTATTTATAATTGGTTG","Pf3D7_14_v3-2004362-2004606-1A.6","87A88C98A",11,0.00549450549450549,4
"IM-23-122-HWJN","8039832693","Maziba","Pf3D7_14_v3-1956056-1956330-1B","CTAATTTTTTTTCTCCACTTTGTAATTTTTATTGTTGAATATATATATAAAGTTAAACCTATAAATAATACACTACCTAATAAACTATTCTTATATTTAAAAATAAATATAACACATGTTATTAATCCTTCTATTGTTGCCGGAATAATATACATTAAAACAGAACTCATCAAATTATTAGCACTCTCGGTACCTCTATCAACTATTCTCA","Pf3D7_14_v3-1956056-1956330-1B.1","4+10N113C",1416,1,1
"IM-23-122-HWJN","8039832693","Maziba","Pf3D7_13_v3-1265494-1265726-1A","TGTCATATACAGATTATAAAAATGATCATAGAATAAGCGAAATTTTAAATCGTTGTATTTTACGATTAAACGAGTTTGATCTAATTCATTTATCTTCTTTGGTCATATCTTTAAGTAAAATGAATTTTAGGAGTGTGTATTTTCTGGAACAAGTACAAAAGAAATT","Pf3D7_13_v3-1265494-1265726-1A.6","44T",9187,0.993618862210686,5
"IM-23-122-HWJN","8039832693","Maziba","Pf3D7_14_v3-2004362-2004606-1A","TATTTCCATATTATTGTAATAGGGCTTTTTCTTGCTCTTCTAATTTTTGTATATCTTGCTTATCCTTATCTAATTGTCCAAGAGCAGATAATTCATCATCTACATTTATTTTATTTTCTTGAGAATATTCTTCAATTTTGTCTTCGAAACTGTTATATAATCTATTTATAATTGGTTG","Pf3D7_14_v3-2004362-2004606-1A.11","87G88A98A",11,0.00549450549450549,4
"IM-23-122-HWJN","8039832693","Maziba","Pf3D7_14_v3-2004362-2004606-1A","TATTTCCATATTATTGTAATAGGGCTTTTTCTTGCTCTTCTAATTTTTGTATATCTTGCTTATCCTTATCTAATTGTCCAAGAGCATTTAATTCATCTTCTACATTTATTTTATTTTCTTGAGAATATTCTTCAATTTTGTCTTCGAAACTGTTATATAATCTATTTATAATTGGTTG","Pf3D7_14_v3-2004362-2004606-1A.1",".",6,0.002997002997003,4
"IM-23-122-HWJN","8039832693","Maziba","Pf3D7_13_v3-1419363-1419626-1A","TTTTGAAATCTGTATATTTTTTATCATGTTCATCGAGATTTATTTTGTTCTCTTTGTTTGAAATATCAACTACATGATTAAAAACATCTCCTAAATTATATAATTTCTTATCTAGGTCTTTTCGAAATGTCGATTCTCCTCCTTGTGCTGGTTTTTGTACTTCTTTTCCTTGTGTTGATATCTCTTGTTCATTTTTAGATTGAG","Pf3D7_13_v3-1419363-1419626-1A.5","16+8N24T28G52C123C166T",1358,1,1
"IM-23-122-HWJN","8039832693","Maziba","Pf3D7_13_v3-1465616-1465890-1A","TCTTGTGGATTATTATCTATTATATTTTCTTTTGGTTTTTCGACAGCAAAATTATCTCCTCTTGGTCTAGGTTGATCATCTTCGGGTTCATCTGGAACATCTAATGGTTCCCGTTTTGGAGGACATCTTTCTTCTTCACATTGTTCTTGTAATTCACTTGTACATCCTTCGTGTAAGATTTCTCTTTTTCTTGACCTGGTACCTTTACCACAAGTTACACTACATGGAGA","Pf3D7_13_v3-1465616-1465890-1A.51","30T121G",19,0.00674476393326234,2
"IM-23-122-HWJN","8039832693","Maziba","Pf3D7_13_v3-1465616-1465890-1A","TCTTGTGGATTATTATCTATTATATTTTTTTCTGGTTTTTCGACAGCAAAATTATCTCCTCTTGGTCTAGGTTCATCATCTTCGGGTTCATGTGGAACATCTAATGGTTCCCGTTTTGGAGGACATCCTTCTTCTTCACATTGTTCTTGTATTTCACTTGTACATCCTTCGTGTAAGATTTCTCTTTTTCTTGACCTGGTACCTTTACCACAAGTTACACTACATGGAGA","Pf3D7_13_v3-1465616-1465890-1A.13","29T30T32C74C92G121G128C152T",2798,0.993255236066738,2
"IM-23-122-HWJN","8039832693","Maziba","Pf3D7_13_v3-1465901-1466157-1A","CATAAAGGGTCCGATAACATTTTTTACATTTTCCCATGCAGAATCAGCATACAAGTTACATTTACCATCTGATGGATGACAACCTACAAGAAATCTGTTGAAAGCTACATTAATACCTTGTCCAATACCAAAAACAGCTATTTTAACACCACGATCACTTAATTTTCTTGATTCTTTTAATGAATCTTGAATACTAT","Pf3D7_13_v3-1465901-1466157-1A.4","19+8N",4516,0.990133742600307,2
"IM-23-122-HWJN","8039832693","Maziba","Pf3D7_13_v3-1465901-1466157-1A","CATAAAGGGTCCGATAACATTTTTTACATTTTCCCATGCAGAATCAGCATACAAGTTACATTTACCATCTGATGGATGACAACCTACAAGAAATCTGTTGAAAGCTACATTAATACCTTGTCCAATACCAAAAACAGCTATTTTAACACCACGATCATTTAATTTTCTTGATTCTTTTAATGAATCTTGAATACTAT","Pf3D7_13_v3-1465901-1466157-1A.1","19+8N158T",45,0.00986625739969305,2
"IM-23-122-HWJN","8039832693","Maziba","Pf3D7_08_v3-476232-476475-1A","CAAACACATGATAACCAAAAGTGTAAGGAAAATTTTTCAAATTCATTTGTTAATGAAATATATGAAAAAGAAGAAAAAGAAACGCAAAAAATGAAAGAATATTTAGAACAACATGAAGAACATTTTTCAACGTTTAGAAATTCAATTTTATGTAAATTAAGAATAGCTGAAGAATT","Pf3D7_08_v3-476232-476475-1A.3","15C85+8N",5,0.00155860349127182,3
"IM-23-122-HWJN","8039832693","Maziba","Pf3D7_05_v3-1322099-1322341-1A","TTCCAATAGAAACTATATTACGATTTCCTTCATGAGGTAAATTGACATTCATCTTATATGTATAATTAAGGATGAGTAATAAATTGTATAGAAATATTTTTATTTAATAATTTATATGTATTATTAATAATTCTGAATTTATCAATTGATATATTATTTTTGTTTTTCTTTATGCCATTC","Pf3D7_05_v3-1322099-1322341-1A.8","91G",1,0.000806451612903226,3
"IM-23-122-HWJN","8039832693","Maziba","Pf3D7_05_v3-213027-213251-1A","ATGTACTTATCCCCTGATATGATTGTTCCAATATCATCAAAATCAGTAATCTCTAAATCATTTATATGATTTATATGTATAAATTCTTTTATCTTGTTCAAATAATTTCTGTAATAAAATATATTCTCTTTATCATCATCAATTATTTTCATATAATC","Pf3D7_05_v3-213027-213251-1A.6","25G26T",7314,0.989849776695087,2
"IM-23-122-HWJN","8039832693","Maziba","Pf3D7_05_v3-350808-351052-1A","TAATATAATTTGAGTTGATAATATTATAATTATTTTTTATATGTTGCTCATTTATATTATTATGATAAATATGAGTTGTATTTTTATTAGAGTTGTAGGACATTTTCCCATACATGAGTTGTTTTACATTTTTAACATTTTTATAATTATGTATTAAACATAAGATTATTAGATAAA","Pf3D7_05_v3-350808-351052-1A.2","32+8N",4244,0.989277389277389,3
"IM-23-122-HWJN","8039832693","Maziba","Pf3D7_05_v3-350808-351052-1A","TAATATAATTTGAGTTGATAATATTATAATTATTTTTTATATGTTGCTCATTTATATTATTATGATAAATATGAGTTGTATTTTTATTAGAGTTGTAGGACATTTTCCCATACATTAGTTGTTTTACATTTTTAACATTTTTATAATTATGTATTAAACATAAAATTATTAGATAAA","Pf3D7_05_v3-350808-351052-1A.5","32+8N116T164A",45,0.0104895104895105,3
"IM-23-122-HWJN","8039832693","Maziba","Pf3D7_05_v3-369676-369949-1A","TGTAATATTATATATCCTGTTATAAATAAATCATTGGATATGGATGTGAAAAAAGAAGATATAAAAAAAAATGTAGAAGAAAATAAATATATAGAACATACACAGAATTTGAAAAATTATTTAGAAAATGATGAAAATGAGAAAAAAAAAAGAAGAAAAAGATCAAATAATAATGACAATTATAATTCTCATGATAATAATATTTTTCA","Pf3D7_05_v3-369676-369949-1A.1","48+8N62+11N141+12N",911,1,1
"IM-23-122-HWJN","8039832693","Maziba","Pf3D7_05_v3-395887-396136-1A","TCTAAGGATTGTTGGTTTTTTAGGATGCTCATCTTTTTAAGATAATCCTCTTTACTGTCGTTATTATTTAAATCGTTTTGTATAATATTATATTGTGAATTCCTTGTGTTTTTCATAACACTATTAGTCCTATTGGTGTTCTTCTTATTATTATTATTATTATTGTTCTTCTTCTTAATAAA","Pf3D7_05_v3-395887-396136-1A.5","15+8N119C145+20N",13,0.00721821210438645,3
"IM-23-122-HWJN","8039832693","Maziba","Pf3D7_05_v3-395887-396136-1A","TCTAAGGATTGTTGGTTTTTTAGGATGCTCATCTTTTTAAGATAATCCTCTTTACTGTCGTTATTATTTAAATCGTTTTGTATAATATTATATTGTGAATTCCTTGTGTTTTTCATAACACTATTAGTCCTATTGGTGTTCTTCTTCTTATTATTATTATTATTGTTCTTCTTCTTAATAAA","Pf3D7_05_v3-395887-396136-1A.1","15+8N119C145+20N",1783,0.99000555247085,3
"IM-23-122-HWJN","8039832693","Maziba","Pf3D7_05_v3-395887-396136-1A","TCTAAGGATTGTTGGTTTTTTAGGATGCTCATCTTTTTAAGATAATCCTCTTTACTGTCGTTATTATTTAAATCGTTTTGTATAATATTATATTGTGAATTCCTTGTGTTTTTCATAACACTATTAGTCCTATTGGTGTTCTTCTTCTTCTTATTATTATTATTGTTCTTCTTCTTAATAAA","Pf3D7_05_v3-395887-396136-1A.10","15+8N119C145+20N",5,0.00277623542476402,3
"IM-23-122-HWJN","8039832693","Maziba","Pf3D7_08_v3-585993-586266-1A","TGTAAATATAAATCATACGTATGACATGAATCATCATTTAATGCATTCTTAATTGTTAATGCTAATCTACTTACAATAATATAAGCAAAGTTTATATGAGAATGAATACCTTCTTTTCCTAAAAAGTTATAAAGACTAACAAATGGAGCATATATTATAAATTTATCATACTTTTTTTTGTGCATAACTTCATTTAATAAAATATTT","Pf3D7_08_v3-585993-586266-1A.1","171+10N",43,0.0136551286122579,2
"IM-23-122-HWJN","8039832693","Maziba","Pf3D7_12_v3-63081-63314-1A","TTTCCGTCATAATAGTTGCATACATTCTATTAAAAACTTTGGGTACTCCTAATATAATTTCACCTTTTGAATTACATATGTCTGTATTCAAAAATTTTATATCTCTACTCCATATATTTATCTTTACATCCAAAAACAAAGCAATGAAAAAAACAACCCTTTCATA","Pf3D7_12_v3-63081-63314-1A.6","129T146+9N",21,0.00419078028337657,2
"IM-23-122-HWJN","8039832693","Maziba","Pf3D7_02_v3-503040-503288-1A","ATTATGATTAATAATAATATTTCTCATAATTTCGTTAAATACATCTAAACTATTTATAGAACCATCTATATCATCTTCATTCCTATTTTGGTGAACTGATTCGGTGTTTATAACATCTAAGGTGTCTTTTTCTTCTCCTCTGTAACTTTTTATAATTTTTTGATAAATGTTGTTATAAGAATTATCA","Pf3D7_02_v3-503040-503288-1A.1","155+8N",4883,1,1
"IM-23-122-HWJN","8039832693","Maziba","Pf3D7_02_v3-628941-629172-1A","ACTTTTTTTAGATTTTTCTTGATCGTTTTCATCATTTTTTATTTCCTGTTCATCTGAGGTTTTCTTTTGTAAACGCTTAGTGCGTCCCTTTTGACCTTTTAATTTTTTTTTAAATATATTTTTAACTTGATCAATGAAGAAAGCATAATCTTGTATGACAGAAAATCT","Pf3D7_02_v3-628941-629172-1A.4","2+9N34+8N86C102+11N",4726,0.992857142857143,3
"IM-23-122-HWJN","8039832693","Maziba","Pf3D7_09_v3-1015103-1015350-1A","ATTATTTAATTTTTCATCTTTTATATTTTTCAGATTTTTTATATGAAGATGTAGGAATACAACTAAATTAACAGCTGAAAATAATCTTACTAACAAAAATAATTTGAGGAATTCTTCATCATATAAATCTTTTGGAATATTATTTGTGTATTCATAAATTTCTATTAAGGATATAATAGTTATGA","Pf3D7_09_v3-1015103-1015350-1A.3","34+8N51G",2,0.00131147540983607,3
"IM-23-122-HWJN","8039832693","Maziba","Pf3D7_09_v3-1406342-1406614-1A","TCTCAGATTATCATAGTGTTGTGGATGAAGATTTAATTAATTTTAATGATGATGTTACTTTAGAAACACAATCCATGATAGCACACGGAGGGTCTTTGTCAGAAATAGAAGAAACTGAAGATTTATCTTCAGATGTTGATAGATTACTTTCATCAATCGAAACTACTCCAAGAGATGATGTTGTATATATACGAGGTGATATTATATT","Pf3D7_09_v3-1406342-1406614-1A.3","118A148T204A",3841,1,1
"IM-23-122-HWJN","8039832693","Maziba","Pf3D7_09_v3-163813-164052-1A","GTAATAATAATAATAATAATGTATTTCTTTCATCAAGTGATCCAAATAAATTAAACACAACACAATCACCATTTGGTTTATCATCTATTGGAAATCTAAATACAAACAATAAATTAAATAGCTTTCCAGATTTTAGTCAAGCTAATAAAACATTTCTACAAAATGATAGCTTAT","Pf3D7_09_v3-163813-164052-1A.4","2+19N28T64A131T",12,0.00337362946303064,3
"IM-23-122-HWJN","8039832693","Maziba","Pf3D7_11_v3-119432-119705-1A","CTCCTTTATATTCATCAAGAAATTTCATCCAAGAGTAATTATGTTTTTCTTGTTGATATTTTGCTTTATACAAACGAGCAAGATACTTTTTATACGATTCATGCTCTTTAATTTTCTTTTCAAAAGTTTTGGTTATAATGTGTTCAAGTGATTGTAAAGTATTTTTCTTTAATTTTCTCCATATTAATCTACATGCGATTATAAGAA","Pf3D7_11_v3-119432-119705-1A.1",".",19,0.0138282387190684,4
"IM-23-122-HWJN","8039832693","Maziba","Pf3D7_02_v3-630641-630907-1A","CTAAGTTATCTAAAATTATTAATTTTTTCAAATATGGTAATTTATGTCTATGAAGTAATAAGCCATCAACTAAATCTAAATCTAAACATAACCATTCTAATTTCGTTTCATTTAATATGTTTACAATTACATCTATACTAAAGTTAGAATGTAAAATCAAGGTTGTTACACCACTCATCATAGCTGCCATATCAACAAT","Pf3D7_02_v3-630641-630907-1A.1","22+8N43T",14,0.0074034902168165,2
"IM-23-122-HWJN","8039832693","Maziba","Pf3D7_11_v3-1293919-1294168-1A","TCCATATCAAAATAGTGATGTGTATCGTCCAATCAACGAACATAGGGAACATCCAAAAGAATACGAATATCCATTACACCAGGAACATACATACCAACAAGAAGATTCAGGAGAAGACGAAAATACATTACAACACGCATATCCAATAGACCACGAAGGTGCCGAACCCGCACCACAAGAACAAAATTTAT","Pf3D7_11_v3-1293919-1294168-1A.1",".",3623,1,1
"IM-23-122-HWJN","8039832693","Maziba","Pf3D7_08_v3-1370603-1370853-1B","AAAAGTAATTAAAAAAAAAAAAAATGAAAATAAAAAAAAACATTACATATTTTTTTATGTATAAAATATTTTAAAGCACTGAGATTATTTATGTTATAAATTAATTGAATGTTTAAAAGATTATAAAATTTTATTTATGAAAATATATGAATATATATAATATAAGCAGGTATTAAATAACCAAATAATAT","Pf3D7_08_v3-1370603-1370853-1B.2","10+32N49+9N",505,1,1
"IM-23-122-HWJN","8039832693","Maziba","Pf3D7_12_v3-684011-684240-1A","ACCTAATGTTGGTAAGTCTACCATTTTTAATCGACTAACTCGAAAATATCAAGATGGTAGTATTGTTTTAGAGGTTAGTAGTACGAGAGATAAACTTTATGGAGAAGTTGAGTGGGAAGGATATAAATTTGAACTTGTGGATACAGGAGGTTTAGTTTTTGA","Pf3D7_12_v3-684011-684240-1A.4","73G",13,0.00290308173291648,2
"IM-23-122-HWJN","8039832693","Maziba","Pf3D7_12_v3-857050-857323-1A","ATATAATTTTAAGATGTCCTATCAAGACGTTCAGGAAAAAAAAAATGAAGATATAAATTATGATGAAATAGCTAGCAGCATGCTAGAGAAGATGGACAAACATATAAATGGAGAAAAACAACCAACGATACATTATGAAAATTTAAATGTACAAGAGCAAGGGGGAGCACATGCTTATTACTCAAATCAAGATATAAATAACATAAATA","Pf3D7_12_v3-857050-857323-1A.2","35+12N162G",1458,1,1
"IM-23-122-HWJN","8039832693","Maziba","Pf3D7_13_v3-1004740-1005002-1A","TTACATCGTAAAAATAATTTAAAATATTATATATATTATCTTTTCCTTTTCGGGGGTCTCTTTTCTTTATATATATATTTACATTTCTCTTCATTTTATTACATGATAAATTAATATTTAATGTACTAATATATATATTATTAATTTTTATTTTCTTCTTCTTTTTTATATTAAAACAAAATGAAGATTCCTTAA","Pf3D7_13_v3-1004740-1005002-1A.11","50+8N161+8N191C",4,0.0217391304347826,2
"IM-23-122-HWJN","8039832693","Maziba","Pf3D7_03_v3-221463-221712-1B","ACTTGAATACCATTTCCACAAGTTACACTACATGGGGACCATTCAGTTGAAAGAGAATTTTGTATTGTCTTTAAATATTGTTCTATGTGCTTATCACTTGGTTCTTCGTTATTATTATTTTTTACAGCATTGTTGGCTTTAGCATTTTCATCTACATTTCGGTTTGGGTCATTTGGCATATTGTGACCTTGTC","Pf3D7_03_v3-221463-221712-1B.12","67G69C80G83C117+8N130T138T",1665,0.989892984542212,3
"IM-23-122-HWJN","8039832693","Maziba","Pf3D7_14_v3-120101-120365-1A","TTTTACAACATTATTTTTTTCTTCCTCCTCAGATAAAATAGGTACACATATCGCGTCCTTATCACATCCTCCATTGTTTACCTTACAATGTTCTTCGCATTCGAAATTTTTTTCAGGATTACTTGAAAAGCCTTCTGGACAATTACAATATTCATATCCATGAGTATTCTTACAAACACCTTTTCCACAATTTAAAA","Pf3D7_14_v3-120101-120365-1A.2","13+9N106+9N",18,0.00796812749003984,2
"IM-23-122-HWJN","8039832693","Maziba","Pf3D7_14_v3-137398-137668-1A","ACCATTCATATTTTCTAGGTTTGTTTAACCAATTACATATATATAATATATTACAAAATAATTGTTTTAATAATATATGTTTAGTTAATATTAATTCAATACTACTTAATTTATTTCTTATATTTTTTAAAAGATCTTCATAAACAAAATCAAAATTATCTATTAATAATAAATAACCAAATCTTTTATGCACATTTTTTATTC","Pf3D7_14_v3-137398-137668-1A.1","122+8N191C194+8N",442,0.993258426966292,2
"IM-23-122-HWJN","8039832693","Maziba","Pf3D7_03_v3-515418-515657-1A","TTTCTTTAATTTCTATATGTTTGAATTCCCTTATAGACATATTTGAATCATTATTACTTTTATATGAAGTGTTATTATCGAAATTATTATTAATACATTTTATTTTAATGATTTTGTTAAAATTTTTATTATTTACTATAATGGAAGTCAGATATGTACTTATCGTATGGAAAGCTAATCATCAACA","Pf3D7_03_v3-515418-515657-1A.1",".",61,0.00657540153066724,2
"IM-23-122-HWJN","8039832693","Maziba","Pf3D7_08_v3-1375025-1375284-1B","CAAGTTATTGTTAAATTCGGAGTTATTCTATAAAAATGAAAAATCATTTAAAAATGTAAAAATGTACATATATATATATATATATATATATAATATTATTATATGTATTTTTATAAGTAAGTGTTATATTTATTTATATTTGCAATTAAAATACTTACGTTATCTAACAAAAGTACGGAAGCAAAA","Pf3D7_08_v3-1375025-1375284-1B.7","10G17T22G33D=TA39+8N58+8N66G67+53N132G134A136G139T151A168A195A",26,0.151162790697674,7
"IM-23-122-HWJN","8039832693","Maziba","Pf3D7_14_v3-137398-137668-1A","ACCATTCATATTTTCTAGGTTTGTTTAACCAATTACATATATATAATATATTACAAAATAATTGTTTTAATAATATATGTTTAGTTAATATTAATTCAATACTACTTAATTTATTTCTTATATTTTTTAAAAGATCTTCATAAACAAAATCAAAATTATCTATTAATAATAAATAACCAAATCTTTTATGTACATTTTTTATTC","Pf3D7_14_v3-137398-137668-1A.2","122+8N194+8N",3,0.00674157303370787,2
"IM-23-122-HWJN","8039832693","Maziba","Pf3D7_14_v3-1392837-1393086-1A","ACATGTATTGTCCCCAGCATGAATCGGGTGATAAATATTATCAAGCGTATCAAAAAATGGATTGTAATTATTACTACTATTCATATCATTATTTTTTGTGGTGGTGGACTGTGAAATGTTTTCCTTATGATTTTGACTTGTGTGTATATCCCTACCAACAACATATTCAACATTATTATTATCAAAAA","Pf3D7_14_v3-1392837-1393086-1A.2","51+8N91+8N",78,0.0163831127914304,2
"IM-23-122-HWJN","8039832693","Maziba","Pf3D7_14_v3-1392837-1393086-1A","ACATGTATTGTCCCCAGCATGAATCGGGTGATAAATATTATCAAGCGTATCAAAAAATGGATTGTAATTATTACTACTATTCATATCATTATTTTTTGTGGTGGTGGACTGTGAAATGTTTTCCTTATGATTTTGACTTGTGTGTATATCCCTACCAACAATATATTCAACATTATTATTATCAAAAA","Pf3D7_14_v3-1392837-1393086-1A.3","51+8N91+8N162T",4683,0.98361688720857,2
"IM-23-122-HWJN","8039832693","Maziba","Pf3D7_13_v3-1265494-1265726-1A","TGTCATATACAGATTATAAAAATGATCATAGAATAAGCGAAATTTTAAATCGTTGTATTTTACGATTAAACGAGTTTGATCTAATTCATTTATCTTCTTTGGTCATATCTTTAAGTAAAATGAATTTTAGGAGTGTGTATTTTCAGGAACAAGTACAAAAGAAATT","Pf3D7_13_v3-1265494-1265726-1A.2","44T145A",6,0.000648929266709929,5
"IM-23-122-HWJN","8039832693","Maziba","Pf3D7_08_v3-1386786-1387035-2","TTGTCTCCTTTGTCGCAGCATGCCTTTCATTAGCTGCTATAGCTTGTGTTATCTTAACTTCATTATAAAAAAAATATACTTCGATAAAAGGTACATATACCATGCTGGTCAATGATATTAGCATGCGACATTCTAATATATCCATTATGAACAAGGTGAACAAGAATATTGGGATTATTGAAATTGT","Pf3D7_08_v3-1386786-1387035-2.1","66+10N",3599,1,1
"IM-23-122-HWJN","8039832693","Maziba","Pf3D7_13_v3-1350855-1351093-1A","TCTTTTATATTAGTTGTTTCGTTATTTTCATTATGTTCCATATTTTGGTTATTTGTATATTTTATATTTTTTAAAAATTGGTAAATATATTCCGAGATGAAAGGTGTAAAAGGGGCCATAATTATTGTAAACAAATATAATGTTCTACATAAAACATTTAATGATTGGTGAGT","Pf3D7_13_v3-1350855-1351093-1A.1","66+8N",4821,0.991567256273139,2
"IM-23-122-HWJN","8039832693","Maziba","Pf3D7_13_v3-1406713-1406975-1A","TTTCAGGTCTTCTTAAATATGTTTTAAATTCATTATTTAATTTTTCATCATATTTAGGTACATTTTTTTTTGGAAATCTAGATGTTTCATTATTATCGTGATTTGATGAATATATATAATGAGTTTGTTTAAAATGTGGTTCATTCAAATTATCTTTTTTCTTATCTTCGTGTATATTTTTATTATAATTTGAATACTTC","Pf3D7_13_v3-1406713-1406975-1A.2","62+11N154+8N",31,0.0154690618762475,2
"IM-23-122-HWJN","8039832693","Maziba","Pf3D7_14_v3-2004362-2004606-1A","TATTTCCATATTATTGTAATAGGGCTTTTTCTTGCTCTTCTAATTTTTGTATATCTTGCTTATCCTTATCTAATTGTCCAAGAGCTTCTAATTCATCATCTACATTTATTTTATTTTCTTGAGAATATTCTTCAATTTTGTCTTCGAAACTGTTATATAATCTATTTATAATTGGTTG","Pf3D7_14_v3-2004362-2004606-1A.2","86T88C98A",1974,0.986013986013986,4
"IM-23-122-HWJN","8039832693","Maziba","Pf3D7_03_v3-891553-891827-1A","CAAGAGCTAAGAAAACATATAGAATCATCATAAGGATGTTGATAATATAAATGTGTTTTTATTTGTGTATTTATGTCAGAATATTGTTCCTTCGATTTATCTTTAAAATAATCAAGATTATTTATGTTGGTGGCTTTATTATTATTAAAATAATTTTGATTTGTTACATGATGACTATGGGTATATTTGTATTTTACGTTTTTATTA","Pf3D7_03_v3-891553-891827-1A.1","93C116G178T",24,0.0186915887850467,2
"IM-23-122-HWJN","8039832693","Maziba","Pf3D7_03_v3-980853-981120-2","TAAGATTCTTTTGAGTTATTTATTTTCCAAATAATTTGGTTATATATATATGAAAATTCGATCATACCACATGCTCCAAGAATAATAGATGCATCGTCATTATATTGGAATGTAAAACTTTCATCATACTCATTTGTATTAGGTACACAAGAATCATCTTTATTTTTATAATTTTCTTTACATGTACAATTAATTTTACTATATT","Pf3D7_03_v3-980853-981120-2.1",".",1787,1,1
"IM-23-122-HWJN","8039832693","Maziba","Pf3D7_14_v3-2020604-2020849-1A","CAAGAACATGAATATTTCTGTATATACATAGACAAGTCCTCATTATGTCTTATCACAGGGTGCTCTTCTTTAATATGACAATATAATTTTATATGTTTTATTATTTCTTGATGAATTTCACATAATAAAAATAATGTGTGATTCATATGTTGACTACCCAATATAGAAAAGCCACTAACTAATTG","Pf3D7_14_v3-2020604-2020849-1A.4","23T65+8N",45,0.0121786197564276,4
"IM-23-122-HWJN","8039832693","Maziba","Pf3D7_04_v3-1005938-1006187-1A","GTCTTAACATTAATCTTAGTTACAAAGTTACATGGATTTATTGAAAAGATATTTTCGTCACTATATTTCTTTTTTTCCATATCCGTTTGATCATTTTGATATGTTTTCATATTATCCATATGTTCATTATTTTGATCAATATAATTTTTTTTTATAATAAATTTAGAATTATTTTTAAAGAAA","Pf3D7_04_v3-1005938-1006187-1A.4","69+9N84C144+11N",2498,0.976162563501368,5
"IM-23-122-HWJN","8039832693","Maziba","Pf3D7_04_v3-1005938-1006187-1A","GTCTTAACATTAATCTTAGTTACAAAGTTACATGGATTTATTGAAAAGATATTTTCGTCACTATATTTCTTTTTTTCCATATCCGTTTGATCATTTTTATATGTTTTCATATTATCCATATGTTCATTATTTTGATCAATATAATTTTTTTTTATAATAAATTTAGAATTATTTTTAAAGAAA","Pf3D7_04_v3-1005938-1006187-1A.1","69+9N84C98T144+11N",7,0.00273544353262993,5
"IM-23-122-HWJN","8039832693","Maziba","Pf3D7_04_v3-1005938-1006187-1A","GTCTTAACATTAATCTTAGTTACAAAGTTACATGGATTTATTGAAAAGATATTTTCGTCACTATATTTCTTTTTTTCCATATCTGTTTGATCATTTTGATATGTTTTCATATTATCCATATGTTCATTATTTTGATCAATATAATTTTTTTTTATAATAAATTTAGAATTATTTTTAAAGAAA","Pf3D7_04_v3-1005938-1006187-1A.3","69+9N144+11N",8,0.0031262211801485,5
"IM-23-122-HWJN","8039832693","Maziba","Pf3D7_08_v3-1056678-1056903-1A","GTGTTAACGATAATTATAATGCAATAAGCACAACTAATTTTTCAGATGACATGGATGAATTGATAAAGAATCTTTCTATTATGGGTTTGTGTAAAGAGAAAATAGTGTTAACAGAAAAGGCAACACTATTTAATAACATTGAATTGTTGTATTCATATTATCTTATAGTTCAGA","Pf3D7_08_v3-1056678-1056903-1A.1",".",12461,0.996242404860889,2
"IM-23-122-HWJN","8039832693","Maziba","Pf3D7_08_v3-549960-550215-1B","GATGAACTAACAAATTATGATAATCTAGTTTATGATATAAAAAATTATTTAGAACAAAGATTAAATTTTCTTGTATTAAATGGAATACCTCGTTATAGGATACTATTTGATATTGGATTAGGATTTGCGAAGAAACATGATCAATCTATTAAACTCTTACAAAATATACATGTATATGATGAGTATCCACTT","Pf3D7_08_v3-549960-550215-1B.1","4G38+8N",1953,0.99795605518651,2
"IM-23-122-HWJN","8039832693","Maziba","Pf3D7_08_v3-549960-550215-1B","GATGAACTAACAAATTATGATAATCTAGTTTATGATATAAAAAATTATTTAGAACAAAGATTAAATTTTCTTGTATTAAATGGAATACCTCGTTATAGGATACTATTTGATATTGGATTAGGATTTGGGAAGAAACATGATCAATCTATTAAACTCTTACAAAATATACATGTATATGATGAGTATCCACTT","Pf3D7_08_v3-549960-550215-1B.3","4G38+8N128G",4,0.00204394481349004,2
"IM-23-122-HWJN","8039832693","Maziba","Pf3D7_08_v3-550057-550318-2","ACTATTTGATATTGGATTAGGATTTGCGAAGAAACATGATCAATCTATTAAACTCTTACAAAATATACATGTATATGATGAGTATCCACTTTTTATTGGATATTCAAGAAAAAGATTTATTGCCCATTGCATGAATGATCAAAATGTTGTAATAAATACACAACAAAAATTACATGATGAACAACAAAATGAAAATAAAAATA","Pf3D7_08_v3-550057-550318-2.1",".",5094,1,1
"IM-23-122-HWJN","8039832693","Maziba","Pf3D7_08_v3-585331-585590-1A","TGAAAACTTTTCATGTACGGTTAATAAACAAAATAATTCTGAATTATATATAAGTAAAACTTCTTCTACATCTCTAAATTTATGCATTGTAGCTCTTTTAAGATAATAAGGCAAATATTTTACAATATATTTTTGTTTAAAAAAACCTTGATGACCAACATTAATATCTTCCATTTTGGAAAAGGTTCCACTTAACG","Pf3D7_08_v3-585331-585590-1A.1","138+9N",3823,0.998693834900731,2
"IM-23-122-HWJN","8039832693","Maziba","Pf3D7_08_v3-585331-585590-1A","TGAAAACTTTTCATGTACGGTTAATAAACAAAATAATTCTGAATTATATATAAGTAAAACTTCTTCTACATCTCTAAATTTATGCATTGTAGCTCTTTTAATATAATAAGGCAAATATTTTACAATATATTTTTGTTTAAAAAAACCTTGATGACCAACATTAATATCTTCCATTTTGGAAAAGGTTCCACTTAACG","Pf3D7_08_v3-585331-585590-1A.2","102T138+9N",5,0.00130616509926855,2
"IM-23-122-HWJN","8039832693","Maziba","Pf3D7_11_v3-1018781-1019053-1A","TTTTTGATTCATATCATTATCATAATTATATATATATTGATCTCTGTCTATATGGGGAGCAAAAAAATATAAAGGATGTTGTGTTAAGGCTAATAATAATTCTGTAGCTATACTACTACTTATGTTACTTATACCACATCTAGTGACTGTACATTTTTCATCTAATGTTCTATAGGATAAAGAATCTGAAGGACAATGCATATCAT","Pf3D7_11_v3-1018781-1019053-1A.2","60+9N",553,1,1
"IM-23-122-HWJN","8039832693","Maziba","Pf3D7_08_v3-585703-585949-1A","AAACACATCATCAAAAGTTTCTGATATTGGCTTGTTTGATTCTTTATATTTAAAATCTTTATATAAATAAAATCTATCTTTCTTAAAATATGGATCTTTACGTAGTTCAATCGAATCCCTATCAGTTACAATATTTATATCTTTTAATGTTAAGTGGAAATTAGAATCAATAATAGCTA","Pf3D7_08_v3-585703-585949-1A.3","105G118C",4853,0.997533401849949,2
"IM-23-122-HWJN","8039832693","Maziba","Pf3D7_12_v3-529495-529767-1A","GCTCCCCAAAAGTTAACTGCTTCATTATTTTTTGGATCCCAAAAACTAACATTCGTTACCCATCCAACATAATCGGTAGATATCCTATATTCATAACTACTACAGAAATATTTATACTCATGGTATACATTTGCATCCTTTACATCTACCAAATTAACAGTTTTACACAAATTGTGAATGCCATTCAAGTTATAAAAACCTGTACAT","Pf3D7_12_v3-529495-529767-1A.11","32T138C",22,0.0105062082139446,4
"IM-23-122-HWJN","8039832693","Maziba","Pf3D7_12_v3-63081-63314-1A","TTTCCGTCATAATAGTTGCATACATTCTATTAAAAACTTTGGGTACTCCTAATATAATTTCAGCTTTTGAATTACATATGTCTGTATTCAAAAATTTTATATCTCTACTCCATATATTTATCTTTACACCCAAAAACAAAGTAATGAAAAAAATAACCCTTTCATA","Pf3D7_12_v3-63081-63314-1A.3","63G142T146+9N",4990,0.995809219716623,2
"IM-23-122-HWJN","8039832693","Maziba","Pf3D7_12_v3-659881-660127-1A","GGTGGTTTAACATTTTCAGCTACGAGTTTTTCGACTGATGGCAATCCTACTTTGATTAATTCCTTTAACATAAGTTTTTGCGTGTTTTTTTACTTCTGATTTGATATCAAAGCTTGATTCTAAAAAGGTTGGTGAATTTTTTTGTAAAACACTGACAAGTTCATTTGATATGGTCTCTGCTAAATCATCACCA","Pf3D7_12_v3-659881-660127-1A.154","27T35C73I=A74T83+9N135+9N",2,0.000568504832291074,4
"IM-23-122-HWJN","8039832693","Maziba","Pf3D7_02_v3-628941-629172-1A","ACTTTTTTTAGATTTTTCTTGATCGTTTTCATCATTTTTTATTTCCTGTTCATCTGAGGTTTTCTTTTGTAAACGCTTAGTGCGTTGCTTTTGACCTTTTAATTTTTTTTTAAATATATTTTTAACTTGATCAATGAAGAAAGCATAATCTTGTATGACAGAAAATCT","Pf3D7_02_v3-628941-629172-1A.2","2+9N34+8N87G102+11N",10,0.00210084033613445,3
"IM-23-122-HWJN","8039832693","Maziba","Pf3D7_02_v3-628941-629172-1A","ACTTTTTTTAGATTTTTCTTGATCGTTTTCATCATTTTTTATTTCCTGTTCATCTGAGGTTTTCTTTTGTAAACGCTTAGTGCGTTTCTTTTGACCTTTTAATTTTTTTTTAAATATATTTTTAACTTGATCAATGAAGAAAGCATAATCTTGTATGACAGAAAATCT","Pf3D7_02_v3-628941-629172-1A.1","2+9N34+8N87T102+11N",24,0.00504201680672269,3
"IM-23-122-HWJN","8039832693","Maziba","Pf3D7_11_v3-119432-119705-1A","CTCCTTTATATTCATCAAGAAATTTCATCCAAGAGTAATTATGTTTTTCTTGTTGATATTTTGCTTTATACAAACGAGCAAGATACTTATTATACGATTCATGCTCTTTAATTTTCTTTTCAAAAGTTTTGGTTATAATGTGTTGAAGTGATTGTAAAGTATTTTTCTTTAATTTTCTCCATATTAATCTACATGCGATTATAAGAA","Pf3D7_11_v3-119432-119705-1A.5","89A145G",1349,0.981804949053857,4
"IM-23-122-HWJN","8039832693","Maziba","Pf3D7_02_v3-630641-630907-1A","CTAAGTTATCTAAAATTATTAATTTTTTCAAATATGGTAATTCATGTCTATGAAGTAATAAGCCATCAACTAAATCTAAATCTAAACATAACCATTCTAATTTCGTTTCATTTAATATGTTTACAATTACATCTATACTAAAGTTAGAATGTAAAATCAAGGTTGTTACACCACTCATCATAGCTGCCATATCAACAAT","Pf3D7_02_v3-630641-630907-1A.3","22+8N",1877,0.992596509783183,2
"IM-23-122-HWJN","8039832693","Maziba","Pf3D7_08_v3-1366575-1366822-2","TTTAGCTTTTTCACATTGTGTTCTTAATCTTCTTAATGATTTTGAATTTTTGGAAACATCTTTACCTCCATTTTTTTTTTTAAAATCTTGTACACAGAAGTTTACTAATTTATTATCAAAATCTTCTCCTCCTAAATGTGTATCTCCTGAGGTAGCTTTAACTTCAAAAATTCCATCTTCAAGTGTTAATAAGG","Pf3D7_08_v3-1366575-1366822-2.1","70+13N",4355,0.977114651110612,2
"IM-23-122-HWJN","8039832693","Maziba","Pf3D7_08_v3-1366626-1366856-1B","CTTTACCTCCATTTTTTTTTTTAAAATCTTGTACACAGAAGTTTACTAATTTATTATCAAAATCTTCTCCTCCTAAATGTGTATCTCCTGAGGTAGCTTTAACTTCAAAAATTCCATCTTCAAGTGTTAATAAGGAAACATCAAATGTTCCTCCTCCTAAATC","Pf3D7_08_v3-1366626-1366856-1B.1","11+13N",1502,1,1
"IM-23-122-HWJN","8039832693","Maziba","Pf3D7_07_v3-1149367-1149613-1A","TATTTGACTAGTCGAATAATATTTAATATTTTTGTTTAGGAAGTTTTCAAAATTGATGACATTGATAACCGTTTTTATTAAATCGCTTGGGTTGTTTGTGTGTTCCATTGTAGAAGACATAATTTTAAGAATGTGTTTTTGTGTTATTAAACAAAACTTTGTTACTATATGGAATCGTATGTTAT","Pf3D7_07_v3-1149367-1149613-1A.2",".",86,0.0122629402538143,3
"IM-23-122-HWJN","8039832693","Maziba","Pf3D7_07_v3-1149367-1149613-1A","TATTTGACTAGTCGAATAATATTTAATATTTTTGTTTAGGAAGTTTTCAAAATTGATGACATTGATAACCGTTTTTATTAAATCGCTTGGGTTGTTTGTGTGTTCTATAGTAGAAGACATAATTTTAAGAATGTGTTTTTGTGTTATTAAACAAAACTTTGTTACTATATGGAATCGTATGTTAT","Pf3D7_07_v3-1149367-1149613-1A.1","106T109A",6911,0.985455582489662,3
"IM-23-122-HWJN","8039832693","Maziba","Pf3D7_14_v3-106867-107115-1A","AATGACATGAACAAGTCAGGCGAAAAAGAGGAACATGTTATAAATAGTAAATGGAAAAATAAATTTTTCCATGAAGTAATACAAAATATGTTATATGATGATAATATAAATGATCATAAGGAAGAAATTAAGGAAGATAATTCTAATGAATATAATATCAATAATAAAAATGATAATTTATATGATATA","Pf3D7_14_v3-106867-107115-1A.1","78A",6,0.00537634408602151,3
"IM-23-122-HWJN","8039832693","Maziba","Pf3D7_14_v3-106867-107115-1A","AATGACATGAACAAGTCAGGCGAAAAAGAGGAACATGTTATAAATAGTAAATGGAAAAATAAATTTTTCCATGAAGTTATACAAAATATGTTATATGATGATAATATAAATGATCATAAAGAAGAAATTAAGGAAGATAATTCTAATGAATATAATATCAATAATAAAAATGATAATTTATATGATATA","Pf3D7_14_v3-106867-107115-1A.2","120A",1086,0.973118279569892,3
"IM-23-122-HWJN","8039832693","Maziba","Pf3D7_13_v3-1004740-1005002-1A","TTACATCGTAAAAATAATTTAAAATATTATATATATTATCTTTTCCTTTTGGGGGGTCTCTTTTCTTTATATATATATTTACATTTCTCTTCATTTTATTACATGATAAATTAATATTTAATGTACTAATATATATATTATTAATTTTTATTTTCTTCTTCTTTTTTATATTAAAACAAAATGAAGATTCTTTAA","Pf3D7_13_v3-1004740-1005002-1A.1","50+8N161+8N",180,0.978260869565217,2
"IM-23-122-HWJN","8039832693","Maziba","Pf3D7_13_v3-1041593-1041860-1AB","CAAGATTGAAGTATTACATATCTCAGAAATTAAATGTATGCCCAAGAGATGTAAATGCACACATTGTAGGTGCTCATGGAAATAAAATGGTTCTTTTAAAAAGATACATTACTGTAGGTGGTATCCCTTTACAAGAATTTATTAATAACAAGTTAATTTCTGATGCTGAATTAGAAGCTATATTTGATAGAACTGTTAATACT","Pf3D7_13_v3-1041593-1041860-1AB.1",".",2055,1,1
"IM-23-122-HWJN","8039832693","Maziba","Pf3D7_13_v3-1146764-1147010-1A","AAATTTTCTCCTAAAGTTATGCCTTTGTTAATGAAGGAGAAGAACGTGAAACATAAAGCACCTCCTAAAGGTACTATAAAGCATACGCTAGAATATTTAAAAAGAGCAGCAGAATCAAGAATGAAAGAAAATGAATTATACAAATCAAAAAAAGATAGCACACTTAGTTCAATTGCAATTAGAAAAAATTCC","Pf3D7_13_v3-1146764-1147010-1A.2","64C146+9N182+8N",5858,0.998976807639836,2
"IM-23-122-HWJN","8039832693","Maziba","Pf3D7_08_v3-1375025-1375284-1B","CAAGTTATTGTTAAATTCGGAGTTATTCTATAAAAATGAAAAATCATTTAAAAATGTAAAAATGTACATATATATATATATATATATATAATATTATTATATGTATTTTTATAAGTAAGTGTTATATTTATTTATATTTGCAATTAAAATACTTACGTTATCTAACAAAAGTACGGAAGCAAAA","Pf3D7_08_v3-1375025-1375284-1B.11","10G17T22G33D=TA39+8N58+8N66G67+53N132G134A136G139T151A168A195A",10,0.0581395348837209,7
"IM-23-122-HWJN","8039832693","Maziba","Pf3D7_13_v3-1146764-1147010-1A","AAATTTTCTCCTAAAGTTATGCCTTTGTTAATGAAGGAGAAGAACGTGAAACATAAAGCACCTCCTAAAGGTACTATAAAGCATACGCTAGAATATTTAAAAAGAGCAGGAGAATCAAGAATGAAAGAAAATGAATTATACAAATCAAAAAAAGATAGCACACTTAGTTCAATTGCAATTAGAAAAAATTCC","Pf3D7_13_v3-1146764-1147010-1A.1","64C110G146+9N182+8N",6,0.00102319236016371,2
"IM-23-122-HWJN","8039832693","Maziba","Pf3D7_13_v3-1233093-1233332-1A","TCTATATGATCCTTATTTTTATCTTCATCACATTTATAATTTACATAATTTTCGACGTCATCATTTTCATTATTACTCATAATTGAATTATCCACAATGCTTGCCTCTTTTACAGCTTTACAAAGTTGGTAAAAAATATGATAATTCCTTTCACCTTCTTGTTGATCACACACCCGAACC","Pf3D7_13_v3-1233093-1233332-1A.2","100C130+8N",13,0.00244636808430561,2
"IM-23-122-HWJN","8039832693","Maziba","Pf3D7_13_v3-1233093-1233332-1A","TCTATATGATCCTTATTTTTATCTTCATCACATTTATAATTTACATAATTTTCGACGTCATCATTTTCATTATTACTCATAATTGAATTATCCACAATGTTTGCCTCTTTTACAGCTTTACAAAGTTGGTAAAAAATATGATAATTCCTTTCACCTTCTTGTTGATCACACACCCGAACC","Pf3D7_13_v3-1233093-1233332-1A.1","130+8N",5301,0.997553631915694,2
"IM-23-122-HWJN","8039832693","Maziba","Pf3D7_13_v3-1265494-1265726-1A","TGTCATATACAGATTATAAAAATGATCATAGAATAAGCGAAATCTTAAATCGTTGTATTTTACGATTAAACGAGTTTGATCTAATTCATTTATCTTCTTTGGTCATATCTTTAAGTAAAATGAATTTTAGGAGTGTGTATTTTCAGGAACAAGTACAAAAGAAATT","Pf3D7_13_v3-1265494-1265726-1A.3","145A",31,0.00335280121133463,5
"IM-23-122-HWJN","8039832693","Maziba","Pf3D7_13_v3-1265494-1265726-1A","TGTCATATACAGATTATAAAAATGATCATAGAATAAGCGAAATCTTAAATCGTTGTATTTTACGATTAAACGAGTTTGATCTAATTCATTTATCTTCTTTGGTCATATCTTTAAGTAAAATGAATTTTAGGAGTGTGTATTTTCTGGAACAAGTACAAAAGAAATT","Pf3D7_13_v3-1265494-1265726-1A.8",".",1,0.000108154877784988,5
"IM-23-122-HWJN","8039832693","Maziba","Pf3D7_08_v3-1375205-1375450-2","ACAAAAGTACGGAGGCAAAAACGGCAGCGGATAATACTTTATTTTTTGAGAAGGAAACCATTTTTATTAAATAACTATATAAATAGAAAAAGAAATAATAACAAAAATGTATAAATATAATTGTATAATATATGATATATATAAAATATAGAATACTAATTTTTTGCATATACAAAAAA","Pf3D7_08_v3-1375205-1375450-2.1","41+8N159+8N173+7N",1081,1,1
"IM-23-122-HWJN","8039832693","Maziba","Pf3D7_08_v3-1386795-1387043-1B","TCCTTTGTCGCAGCATGCCTTTCATTAGCTGCTATAGCTTGTGTTATCTTAACTTCATTATAAAAAAAATATACTTCGATAAAAGGTACATATACCATGCTGGTCAATGATATTAGCATGCGACATTCTAATATATCCATTATGAACAAGGTGAACAAGAATATTGGGATTATTGAAATTGTCTGCATTA","Pf3D7_08_v3-1386795-1387043-1B.1","61+10N",1999,1,1
"IM-23-122-HWJN","8039832693","Maziba","Pf3D7_13_v3-1265494-1265726-1A","TGTCATATACAGATTATAAAAATGATCATAGAATAAGCGAAATTTTAAATCGTTGTATTTTACGATTAAACGAGTTTGATCTAATTCATTTATCTTCTTTGGTCATATCTTTAAGTAAAATGAATTTTAGGAGTGTGTATTTTCTGGAGCAAGTACAAAAGAAATT","Pf3D7_13_v3-1265494-1265726-1A.11","44T149G",21,0.00227125243348475,5
"IM-23-122-HWJN","8039832693","Maziba","Pf3D7_13_v3-1406713-1406975-1A","TTTCATGTCTTCTTAAATATGTTTTAAATTCATTATTTAATTTTTCATCATATTTAGGTACATTTTTTTTTGGAAATCTAGATGTTTCATTATTATCGTGATTTGATGAATATATATAATGAGTTTGTTTAAAATGTGGTTCATTCAAATTATCTTTTTTCTTATCTTCGTGTATATTTTTATTATAATTTGAATACTTC","Pf3D7_13_v3-1406713-1406975-1A.1","6T62+11N154+8N",1973,0.984530938123752,2
"IM-23-122-HWJN","8039832693","Maziba","Pf3D7_08_v3-399693-399961-1A","CTTTTCTTCACCTTGGTTTATTACATTATTATTTTCATCATTGTGTTGAATGTCTTTATAAATATGTTCATTAATAATATCTTTGGAAGTATCTTCCATATTTTCTTCTTTATCAATTTTAAATACTTTTTCATAACTTTCATTTTCTTTTTTCTCCTTGGATGTTTCTAATTTATTCTCGTCATTTTTATCAAAATTATTTTTATAACTTTCA","Pf3D7_08_v3-399693-399961-1A.2","55T147+8N",23,0.00846833578792342,2
"IM-23-122-HWJN","8039832693","Maziba","Pf3D7_08_v3-412801-413062-1A","ATGAAGAAATATACGAATATATACTTATAAACGATATTTTTAATTTAAAAAAAGAAATAAAAAATTTCAATATATTAAATAAATATGATGTATTTGAATATATTATTATTATTTTAAAATTGTATGATAAAATATATCCTGATGCAAAGTACATCGAATGTGTACGAGAAACATCACAGAATGGTGATCCTTTA","Pf3D7_08_v3-412801-413062-1A.2","46+9N58+8N101+13N",9,0.0163636363636364,2
"IM-23-122-HWJN","8039832693","Maziba","Pf3D7_08_v3-412801-413062-1A","ATGAAGAAATATACGAATATATACTTATAAACGATATTTTTAATTTAAAAAAAGAAATAAAAAATTTCAATATATTAAATAAATATGATGTATTTGAATATATTATTATTATTTTAAAATTGTATGATAAAATATATCCTGATGCAGAGTACATCGAATGTGTACGAGAAACATCACAGAATGGTGACCTTTTA","Pf3D7_08_v3-412801-413062-1A.4","46+9N58+8N101+13N147G188C190T",541,0.983636363636364,2
"IM-23-122-HWJN","8039832693","Maziba","Pf3D7_08_v3-476232-476475-1A","CAAACACATGATAAACAAAAGTGTAAGGAAAATTTTTCAAATTCATTTGTTAATGAAATATATGAAAAAGAAGAAAAAGAAACGCAAAAAATGAAAGAATATTTAGAACAACATGAAGAACATTTTTCAACGTTTAGAAATTCAATTTTATGTAAATTAAGAATAGCTGAAGAATT","Pf3D7_08_v3-476232-476475-1A.1","85+8N",3164,0.986284289276808,3
"IM-23-122-HWJN","8039832693","Maziba","Pf3D7_08_v3-476232-476475-1A","CAAACACATGATAAACAAAAGTGTAAGGAAAATTTTTCAAATTCTTTTGTTAATGAAATATATGAAAAAGAAGAAAAAGAAACGCAAAAAATGAAAGAATATTTAGAACAACATGAAGAACATTTTTCAACGTTTAGAAATTCAATTTTATGTAAATTAAGAATAGCTGAAGAATT","Pf3D7_08_v3-476232-476475-1A.2","45T85+8N",39,0.0121571072319202,3
"IM-23-122-HWJN","8039832693","Maziba","Pf3D7_05_v3-1322099-1322341-1A","TTCCAATAGAAACTATATTACGATTTCCTTCATGAGGTAAATTGACATTCATCTTATATGTATAATTAAGGATGAGTAATAAATTGTATAAAAATATTTTTATTTAATAATTTATATGTATTATTAATAATTCTGAATTTATCAATTGATATATTATTTTTGTTTTTCTTTATGCCATTC","Pf3D7_05_v3-1322099-1322341-1A.1",".",7,0.00564516129032258,3
"IM-23-122-HWJN","8039832693","Maziba","Pf3D7_05_v3-1322099-1322341-1A","TTCCAATAGAAACTAGATTACGATTTTCTTCATGAGGTAAATTGACATTCATCTTATATGTATAATTAAGGATGAGTAATAAATTGTATAGAAATATTTTTATTTAATAATTTATATGTATTATTAATAATTCTGAATTTATCAATTGATATATTATTTTTGTTTTTCTTTATGCCATTC","Pf3D7_05_v3-1322099-1322341-1A.2","16G27T91G",1232,0.993548387096774,3
"IM-23-122-HWJN","8039832693","Maziba","Pf3D7_08_v3-1099719-1099977-1A","AAAAAATAAAAAATCAAACAAGATAAATAATAATGTATATAATACTAGTGGTATAAAAAATAATGATCAAAATATGGATAATATGAATCAAAAAGGAAAAAGTAACAAAAATTCAAATAAATATAATTTTGATGAAGAGGACTTATGGTTTTTATGTGATTTATGTAATAATCCTATAAGTCCGTTATGTTA","Pf3D7_08_v3-1099719-1099977-1A.1","1+14N54+8N97A142C",9,0.00598404255319149,4
"IM-23-122-HWJN","8039832693","Maziba","Pf3D7_08_v3-1099719-1099977-1A","AAAAAATAAAAAATCAAACAAGATAAATAATAATGTATATAATACTAGTGGTATAAAAAATAATGATCAAAATATGGATAATATGAATCAAAAAGGAAAAAGTAACAAAAATTCAAATAAATATAATTTTGATGAAGAGGATTTATGGTTTTTATGTGATTTATGTAATAATCCTATAAGTCCGTTATGTTA","Pf3D7_08_v3-1099719-1099977-1A.4","1+14N54+8N97A",13,0.0086436170212766,4
"IM-23-122-HWJN","8039832693","Maziba","Pf3D7_12_v3-233418-233671-1A","CAAAAATATCATTCCCCAAATTTGTACTACTAATTGTTCCAATAGTTCCTATAGTTGTGGTAATTTGCTCATATGTATTTTTTCCTAAAGATTTATTAGACACATTTGAAGGATCATTATTTTGTTCCAAATTCTTGGGCACAGTATTATTACATGAGAATAATGAAAAGTTATTATCATAATTCTTTTGTT","Pf3D7_12_v3-233418-233671-1A.3","77+8N",3996,0.993041749502982,2
"IM-23-122-HWJN","8039832693","Maziba","Pf3D7_12_v3-233418-233671-1A","CAAAAATATGATTCCCCAAATTTGTACTACTAATTGTTCCAATAGTTCCTATAGTTGTGGTAATTTGCTCATATGTATTTTTTCCTAAAGATTTATTAGACACATTTGAAGGATCATTATTTTGTTCCAAATTCTTGGGCACAGTATTATTACATGAGAATAATGAAAAGTTATTATCATAATTCTTTTGTT","Pf3D7_12_v3-233418-233671-1A.9","10G77+8N",28,0.00695825049701789,2
"IM-23-122-HWJN","8039832693","Maziba","Pf3D7_12_v3-529495-529767-1A","GCTCCCCAAAAGTTAACTGCTTCATTATTTTGTGGATCCCAAAAACTAACATTCGTTACCCATCCAACATAATCGGTAGATATCCTATATTCATAACTACTACAGAAATATTTATACTCATGGTATACATTTGCATCATTTACATCTACCAAATTAACAGTTTTACACAAATTGTGAATGCCATTCAAGTTATAAAAACCTGTACAT","Pf3D7_12_v3-529495-529767-1A.2",".",5,0.00238777459407832,4
"IM-23-122-HWJN","8039832693","Maziba","Pf3D7_08_v3-585703-585949-1A","AAACACATCATCAAAAGTTTCTGATATTGGCTTGTTTGATTCTTTATATTTAAAATCTTTATATAAATAAAATCTATCTTTCTTAAAATATGGATCTTTACGTACTTCAATCGAATCACTATCAGTTACAATATTTATATCTTTTAATGTTAAGTGGAAATTAGAATCAATAATAGCTA","Pf3D7_08_v3-585703-585949-1A.1",".",12,0.00246659815005139,2
"IM-23-122-HWJN","8039832693","Maziba","Pf3D7_12_v3-529495-529767-1A","GCTCCCCAAAAGTTAACTGCTTCATTATTTTTTGGATCCCAAAAACTAACATTCGTTACCCATCCAACATAATCGGTAGATATCCTATATTCATAACTACTACAGAAATATTTATACTCATGGTATACATTTGCATCATTTACATCTACCAAATTAACAGTTTTACACAAATTGTGAATGCCATTCAAGTTATAAAAACCTGTACAT","Pf3D7_12_v3-529495-529767-1A.1","32T",2057,0.98233046800382,4
"IM-23-122-HWJN","8039832693","Maziba","Pf3D7_08_v3-1176313-1176549-1A","TACATCCAATGAATATTTTACACTTAAAAGAAATAAACAAATTATTCATAATAAAATACATATACTCTCTATGCAAAAAAATAAACAAAATACAAACGAGCTAAACAAATTATGTAATATTAACGCCATCATATTCAATATTAATTCTGATGATTTTGAGGTAGGCGATGAAATTGT","Pf3D7_08_v3-1176313-1176549-1A.5","67C74+9N111T136C",33,0.00482597250658087,4
"IM-23-122-HWJN","8039832693","Maziba","Pf3D7_08_v3-1314717-1314986-1A","ATAAAAAAGAAAAAATTATTGTCAAAAGTTTTCATAGATATATATATGATGGTATTAGAAGATTTTAAAGAAGAAGAATGTAAAAAAAATAAAGAAATATTTCTTGATACTTATATAGATGAACTAAAAAAAGATTCACAAAGTGAAAAAAATAAAAGCATGTTAAATATATTAGATGAAATAAAAAGTGATATTCATATAGGATATC","Pf3D7_08_v3-1314717-1314986-1A.1","2+15N87A125+9N138A145+9N",856,1,1
"IM-23-122-HWJN","8039832693","Maziba","Pf3D7_08_v3-1344618-1344845-1A","TATCTTTTCCATATATAATAACGCATGAATTCTTTAAATATATCTTTTACTTTATCTGTAAGTTTCATGGAATCTATTATTTCATGTGCATATTTTATTTTTGCCTCGTTTATATATTTACCTGCTTTTAATTTACATAAACATTTTTCTATTAAGTTTTG","Pf3D7_08_v3-1344618-1344845-1A.6",".",6143,0.991766225379399,2
"IM-23-122-HWJN","8039832693","Maziba","Pf3D7_08_v3-1344618-1344845-1A","TATCTTTTCCATATATAATAACGCATGAATTCTTTAAATATATCTTTTACTTTATCTGTAAGTTTCATGGAATCTATTATTTCTTCTGCATATTTTATTTTTGCCTCGTTTATATATTTACCTGCTTCTAATTTACATAAACATTTTTCTATTAAGTTTTG","Pf3D7_08_v3-1344618-1344845-1A.7","84T86C128C",51,0.00823377462060058,2
"IM-23-122-HWJN","8039832693","Maziba","Pf3D7_08_v3-1365709-1365954-1B","ATTTTCATCTTGTAATGTGTTTTTAACATTATAGCAGTAATTTTCTAGGTTGTTTCTTGCTTCAATTCTATTTTTATTTTGTTCATCCTCTTCTTTATATTTTTCTGCATCATTTACCATACGATCGATATCATCTTTTGATAATCTTCCTTTATCATTTGTAATAGTAATTTGGTTTTGT","Pf3D7_08_v3-1365709-1365954-1B.1",".",2159,1,1
"IM-23-122-HWJN","8039832693","Maziba","Pf3D7_08_v3-1365750-1365999-2","TTTCTAGGTTGTTTCTTGCTTCAATTCTATTTTTATTTTGTTCATCCTCTTCTTTATATTTTTCTGCATCATTTACCATACGATCGATATCATCTTTTGATAATCTTCCTTTATCATTTGTAATAGTAATTTGGTTTTGTTTACCAGTACCTTTATCTAATGCTGTTACATTTAGGATACCATT","Pf3D7_08_v3-1365750-1365999-2.1",".",3295,1,1
"IM-23-122-HWJN","8039832693","Maziba","Pf3D7_08_v3-1366575-1366822-2","TTTAGCTTTTTCACATTGTGTTCTTAATCTTCTTAATGATTTTGAATTTTTGGAAACATCTTTACCTCCATTATTTTTTTTTAAAATCTTGTACACAGAAGTTTACTAATTTATTATCAAAATCTTCTCCTCCTAAATGTGTATCTCCTGAGGTAGCTTTAACTTCAAAAATTCCATCTTCAAGTGTTAATAAGG","Pf3D7_08_v3-1366575-1366822-2.4","70+13N",102,0.0228853488893875,2
"IM-23-122-HWJN","8039832693","Maziba","Pf3D7_07_v3-1066661-1066903-1A","TATAGTTTTGTAATTTATTGGTATGTGTTGTTAAAGGAGAATTTTTTTAATTTCCCTTGTCATGGGCAAAATGAGAAAAAAGAAATAAAAAACTTTTATGTTCAACATGAAGATATTTGTGAACACACTATTGGTAATCATATGTTAGGTGATAAATTAAAAATGTGTACATCTAATATTAATG","Pf3D7_07_v3-1066661-1066903-1A.7","4A41+9N52T75+8N86+8N",6375,0.973133872691192,4
"IM-23-122-HWJN","8039832693","Maziba","Pf3D7_07_v3-1066661-1066903-1A","TATGGTTTTGTAATTTATTGGTATGTGTTGTTAAAGGAGAATTTTTTTAATATCCCTTGTCATGGGCAAAATGAGAAAAAAGAAATAAAAAACTTTTATGTTCAACATGAAGATATTTGTGAACACACTATTGGTAATCATATGTTAGGTGATAAATTAAAAATGTGTACATCTAATATTAATG","Pf3D7_07_v3-1066661-1066903-1A.2","41+9N75+8N86+8N",10,0.00152648450618226,4
"IM-23-122-HWJN","8039832693","Maziba","Pf3D7_12_v3-659881-660127-1A","GGTGGTTTAACATTTTGAGCTACGAGTTGTTCGACTGATGGCAATCCTACTTTGATTAATTCCTTTAACATAATTTTTGCGTGTTTTTTTACTTCTGATTTGATATCAAAGCTTGATTCTAAAAAGGTTGGTGAATTTTTTTGTAAAACACTGACAAGTTCATTTGATATGGTCTCTGCTAAATCATCACCA","Pf3D7_12_v3-659881-660127-1A.42","17G27T29G35C73A74T83+9N135+9N",3505,0.996304718590108,4
"IM-23-122-HWJN","8039832693","Maziba","Pf3D7_12_v3-684011-684240-1A","ACCTAATGTTGGTAAGTCTACCATTTTTAATCGACTAACTCGAAAATATCAAGATGGTAGTATTGTATTAGATGTTAGTAGTACGAGAGATAAACTTTATGGAGAAGTTGAGTGGGAAGGATATAAATTTGAACTTGTGGATACAGGAGGTTTAGTTTTTGA","Pf3D7_12_v3-684011-684240-1A.1","67A",4465,0.997096918267083,2
"IM-23-122-HWJN","8039832693","Maziba","Pf3D7_04_v3-133928-134154-1A","TTTTGAAATATCTAATTTATTCATTTGCCTTTTTATTTCATAGTCCCAACTACTTACCCAGGTATTAAAATTAATACAATCCTGTTCTGCATATTTTATGGCTTTTAAATCCCTCAATTTAGTAGCCCTATCTTCACAATAATCTTCTAATATTTTAAT","Pf3D7_04_v3-133928-134154-1A.2",".",6393,0.984144088669951,2
"IM-23-122-HWJN","8039832693","Maziba","Pf3D7_04_v3-140317-140548-1A","TCGGGACAATATTATAAGGATTTTATCACATCAAGGAAAAATATTTATAATATAAGGGAAAATATATCCAAAAATGTAGATATGATAAAAAATGAAGAAAAGAAGAAAATACAGAATTGTGTAGATAAATATAATTCTATAAAACAATATGTAAAAATGCTTAAA","Pf3D7_04_v3-140317-140548-1A.1","86+8N",11436,1,1
"IM-23-122-HWJN","8039832693","Maziba","Pf3D7_14_v3-106867-107115-1A","AATGACATGAACAAGTCAGGCGAAAAAGAGGAACATGTTATAAATAGTAAATGGAAAAATAAATTTTTCCATGAAGTTATACAAAATATGTTATATGATGATAATATAAATGATCATAAGGAAGAAATTAAGGAAGATAATTCTAATGAATATAATATCAATAATAAAAATGATAATTTATATGATATA","Pf3D7_14_v3-106867-107115-1A.3",".",24,0.021505376344086,3
"IM-23-122-HWJN","8039832693","Maziba","Pf3D7_14_v3-1166107-1166371-1A","TTTTTGAATTATTAAATATATCTTCTATAAAAAAAGAATATCAAGCTATACATAACAATAAGTATTTTTTATGGAATATGGATGCAAATTTTTTTACTATAAAAAATCATCATAAGGATAATAAGGATAACAATGATGAAAATGTGAATGTAATAATACAACAAAATAATTTAGTTCTCGAAAAATATGATCATTTAATAGA","Pf3D7_14_v3-1166107-1166371-1A.6","28+9N64+8N87A88+9N100+8N",1505,1,1
"IM-23-122-HWJN","8039832693","Maziba","Pf3D7_14_v3-120101-120365-1A","TTTTACAACATTATTTTTTTCTTCCTCCTCAGATAAAATAGGTACACATATCGCGTCCTTATCACATCCTCCATTGTTTACCTTACAATGTTCTTCGCATTCGAAATTTTTTTCAGGATTACTTGAAAAGCCTTCTGGACAATTACAATATTCATATCCATGAGCATTCTTACAAACACCTTTTCCACAATTTAAAA","Pf3D7_14_v3-120101-120365-1A.1","13+9N106+9N165C",2241,0.99203187250996,2
"IM-23-122-HWJN","8039832693","Maziba","Pf3D7_04_v3-284121-284364-1A","ATATTGTATATTATCATAAGATTTATATGGAGGACCACATTGAAATCCGACAATTTCATTTGATGCATGTAGTACACATTCCGTATTTCTGTTTGAATTATTTAAAATAATTTTATTACTTAGAAATGATTCTTTTTCACTATAATCTTTATATAACAAAGGTTCTTCATCAATTTGA","Pf3D7_04_v3-284121-284364-1A.4","163T",31,0.0094859241126071,2
"IM-23-122-HWJN","8039832693","Maziba","Pf3D7_14_v3-407306-407542-1A","CTTTCTTTCGTCTTTCTGTTCATTATCCATATAATCTTTTTCTACTACCTTTTCATTCTTTACTTTATTTCTATTAATACACAATTCTCCTTGAGTTAAGAGATTTACGATATTATCAATATTGTTTTCTTTCATATACTTCAACTTTTTACTATTCATTTTTAAAAGA","Pf3D7_14_v3-407306-407542-1A.4","44A47A85T",26,0.00590909090909091,4
"IM-23-122-HWJN","8039832693","Maziba","Pf3D7_14_v3-407306-407542-1A","CTTTCTTTCGTCTTTCTGTTCATTATCCATATAATCTTTTTCTCCTTCCTTTTCATTCTTTACTTTATTTCTATTAATACACAACTCTCCTTGAGTTAAGAGATTTACGATATTATCAATATTGTTTTCTTTCATATACTTCAACTTTTTACTATTCATTTTTAAAAGA","Pf3D7_14_v3-407306-407542-1A.1",".",47,0.0106818181818182,4
"IM-23-122-HWJN","8039832693","Maziba","Pf3D7_04_v3-284121-284364-1A","ATATTGTATATTATCATAAGATTTATATGGAGGACCACATTGAAATCCGACAATTTCATTTGATGCATGTAGTACACATTCCGTATTTCTGTTTGAATTATTTAAAATAATTTTATTACTTAGAAATGATTCTTTTTCACTATAATCTTTATATAAGAAAGGGTCTTCATCAATTTGA","Pf3D7_04_v3-284121-284364-1A.1","157G",3237,0.990514075887393,2
"IM-23-122-HWJN","8039832693","Maziba","Pf3D7_04_v3-316593-316858-1A","TTATTCATTTTTTGTATATTATCCTTTTCTACATCATCAAAATTTGTTAATGATTCACACGTTATATTTGGTGATATTATATTTCTACCTGTACATACACCAATATTTGTTGTACCTATTATTTTATACCCTTCTTGACATTTAAATTCTATTTTTTCACCAAGTAAATAATATTTTTTATCAGGGATAAGGGAAACATA","Pf3D7_04_v3-316593-316858-1A.1","7+8N151+8N173+8N",2963,1,1
"IM-23-122-HWJN","8039832693","Maziba","Pf3D7_04_v3-544454-544718-1A","ACAAAATATAATACTTTATATACAAATGCTTATAAAAAATTTTAACGCGGACGTACTTCAAAATAATATAAATGAACAAGAAGTAATACATAATAACATCAACATTAATAATATAAAAGAAGAACAAATTATACCAAATAATATCAAGAATATCCATAATAATGACAATATTAATCATTGTGATGATAATAAAATAA","Pf3D7_04_v3-544454-544718-1A.6","33+8N47G50G",24,0.010840108401084,3
"IM-23-122-HWJN","8039832693","Maziba","Pf3D7_14_v3-407306-407542-1A","CTTTCTTTCGTCTTTGTTTTCATTATCCATATAATCTTTTTCTCCTTCCTTTTCATTCTTTACTTTATTTCTATTAATACACAACTCTCCTTGAGTTAAGAGATTTACGATATTATCAATATTGTTTTCTTTCATATACTTCAACTTTTTACTATTCATTTTTAAAAGA","Pf3D7_14_v3-407306-407542-1A.7","16G18T",4300,0.977272727272727,4
"IM-23-122-HWJN","8039832693","Maziba","Pf3D7_04_v3-648065-648332-1A","TATAACTTCTGATTCAGTTTTGTTAAGATATATACCAAGAGATCTTAACAAATATAATAATTTTTCACCACTAACTCCATCTTTATTAGTATCGTATTCTTTAAATATTGATTCAATCTCAGCTCTCTTAAAGAAAACAAATATATATACATATATATATGTATTTATATGAATTTGTATCAATAAATAATAACATTCTTA","Pf3D7_04_v3-648065-648332-1A.2","4A141+30N",1153,1,1
"IM-23-122-HWJN","8039832693","Maziba","Pf3D7_04_v3-748105-748359-1B","TGTGCATGTTGTAAGGTTGAAAGCAAAAATGAGGGGAAAAAAAATGAGGTTTTTAATAACTACACATTTAGAGGTCTAGGAAATAAAGGAGTATTACCATGGAAATGTATTTCCCTAGATATGAAATATTTTCGTGCAGTTACAACATATGTGAATGAATCAAAATATGAAAAATTGAAATATAAGAGATGTAAAT","Pf3D7_04_v3-748105-748359-1B.1","36+10N110T133C",2393,1,1
"IM-23-122-HWJN","8039832693","Maziba","Pf3D7_08_v3-336421-336651-1A","TAACAACGAACCCATAAATTTACAGAAAAATTTAGATTTAATCATATGGCTAAAAAAGAATATAAAAGAAGGAGAAGCTTTAATTTCTGATATACCCACATCAAGTTTTTTAAGGTGTACTACAAATTATAAATTTGTATTGCATCCACAATATGAAGATAGT","Pf3D7_08_v3-336421-336651-1A.1","51+8N105+8N",46,0.00649075772541273,3
"IM-23-122-HWJN","8039832693","Maziba","Pf3D7_08_v3-336421-336651-1A","TAACAACGAACCCATAAATTTACAGAAAAATTTAGATTTAATCATATGGCTAAAAAAGAATATAAAAGAAGGAGAAGCTTTAATTTCTGATATACCTACATCAAGTTTTTTAAGGTGTACTACAAATTATAAATTTGTATTGCATCCCCAATATGAAGATAGT","Pf3D7_08_v3-336421-336651-1A.3","51+8N97T105+8N148C",7016,0.989981656554254,3
"IM-23-122-HWJN","8039832693","Maziba","Pf3D7_14_v3-2020604-2020849-1A","CAAGAACATGAATATTTCTGTAAATACATAGACAAGTCCTCATTATGTCTTATCACAGGGTGCTCTTCTTTAATATGACAATATAATTTTATATGTTTTATTATTTCTTGATGAATTTCACATAATAAAAATAATGTGTGATTCATATGTTGACTACCCAATATAGAAAAGCCACTAACTAATTG","Pf3D7_14_v3-2020604-2020849-1A.1","65+8N",20,0.0054127198917456,4
"IM-23-122-HWJN","8039832693","Maziba","Pf3D7_14_v3-2020604-2020849-1A","CAAGAACATGAATATTTCTGTAAATACATAGACAAGTCCTCATTATGTCTTATCACAGGGTGCTCTTCTTTAATATGACAATATAATTTTATATGTTTTATTATTTCTTGATGAATTTCACATAATAAAAATAATGTGTGATTCATATGTTGACTACTCAATATAGAAAAGCCACTAACTAATTG","Pf3D7_14_v3-2020604-2020849-1A.2","65+8N158T",12,0.00324763193504736,4
"IM-23-122-HWJN","8039832693","Maziba","Pf3D7_04_v3-900526-900759-1A","TTAACAACTTATCATCATTTATTAGATTCTTTTCATTGAACAGATTATTAACAGTATCCATAATTTTATGATCATCCGTGTTATATGTATCTATACAAGTATTTAACTTGCTTATATAATTTACATATTTCAACGGATCATTTTGAAGTATGCAATCATCGAATGAATA","Pf3D7_04_v3-900526-900759-1A.4","37T",9,0.00128773787380169,4
"IM-23-122-HWJN","8039832693","Maziba","Pf3D7_04_v3-900526-900759-1A","TTAACAACTTATCATCATTTATTAGATTCTTTTCATTGAACAGATTATTAACAGTATCCATAATTTTATGATCATCCGTGTTATATGTATCTATACAAGTATTTAGCTTGCTTATATAATTTACATATTTCAACGGATCATTTTGAAGTATGCAATCATCGAATGAATA","Pf3D7_04_v3-900526-900759-1A.3","37T106G",19,0.00271855773358134,4
"IM-23-122-HWJN","8039832693","Maziba","Pf3D7_14_v3-2020604-2020849-1A","CAAGAACATGAATATTTCTGTATATACATAGACAAGTCCTCATTATGTCTTATCACAGGGTGCTCTTCTTTAATATGACAATATAATTTTATATGTTTTATTATTTCTTGATGAATTTCACATAATAAAAATAATGTGTGATTCATATGTTGACTACTCAATATAGAAAAGCCACTAACTAATTG","Pf3D7_14_v3-2020604-2020849-1A.3","23T65+8N158T",3618,0.979161028416779,4
"IM-23-122-HWJN","8039832693","Maziba","Pf3D7_14_v3-2260533-2260765-1A","AATAACCATCAAATACAAACTCAACCAACAAATACAGTACAATATATTCAACCAAATTATCAACAAGTCATAACACAAGTAGATCAAAATGGTAATCTATTCAATCAACAGCTTGTAGGAAGTACAGTAATGCAAAATATGACACCACAAGGTGTAAACACGTTAAATTATCCTGCAACG","Pf3D7_14_v3-2260533-2260765-1A.3","61C91G",15,0.00368822227686255,2
"IM-23-122-HWJN","8039832693","Maziba","Pf3D7_04_v3-1005938-1006187-1A","GTCTTAACATTAATCTTAGTTACAAAGTTACATGGATTTATTGAAAAGATATTTTCGTCATTATATTTCTTTTTTTCCATATCTGTTTGATCATTTTGATATGTTTTCATATTATCCATATGTTCATTATTTTGATCAATATAATTTTTTTTTATAATAAATTTAGAATTATTTTTAAAGAAA","Pf3D7_04_v3-1005938-1006187-1A.5","61T69+9N144+11N",21,0.0082063305978898,5
"IM-23-122-HWJN","8039832693","Maziba","Pf3D7_05_v3-213027-213251-1A","ATGTACTTATCCCCTGATATGATTTTTCCAATATCATCAAAATCAGTAATCTCTAAATCATTTATATGATTTATATGTATAAATTCTTTTATCTTGTTCAAATAATTTCTGTAATAAAATATATTCTCTTTATCATCATCAATTATTTTCATATAATC","Pf3D7_05_v3-213027-213251-1A.4","25T26T",75,0.0101502233049127,2
"IM-23-122-HWJN","8039832693","Maziba","Pf3D7_05_v3-350808-351052-1A","TAATATAATTTGAGTTGATAATATTATAATTATTTTTTATATGTTGCTCATTTATATTATTATGATAAATATGAGTTGTATTTTTATTAGAGTTGTAGGACATTTTCCCATACATGAGTTGTTTTACATTTTTAACATTTTTATAATTATGTATTAAACATAAAATTATTAGATAAA","Pf3D7_05_v3-350808-351052-1A.4","32+8N164A",1,0.000233100233100233,3
"IM-23-122-HWJN","8039832693","Maziba","Pf3D7_08_v3-1099719-1099977-1A","AAAAAATAAAAAATCAAACAAGATAAATAATAATGTATATAATACTAGTGGTATAAAAAATAATGATCAAAATATGGATAATATGAATCAAAAAGGGAAAAGTAACAAAAATTCAAATAAATATAATTTTGATGAAGAGGACTTATGGTTTTTATGTGATTTATGTAATAATCCTATAAGTCCGTTATGTTA","Pf3D7_08_v3-1099719-1099977-1A.2","1+14N54+8N142C",1480,0.984042553191489,4
"IM-23-122-HWJN","8039832693","Maziba","Pf3D7_08_v3-1099719-1099977-1A","AAAAAATAAAAAATCAAACAAGATAAATAATAATGTATATAATACTAGTGGTATAAAAAATAATGATCAAAATATGGATAATATGAATCAAAAAGGGAAAAGTAACAAAAATTCAAATAAATATAATTTTGATGAAGAGGATTTATGGTTTTTATGTGATTTATGTAATAATCCTATAAGTCCGTTATGTTA","Pf3D7_08_v3-1099719-1099977-1A.3","1+14N54+8N",2,0.00132978723404255,4
"IM-23-122-HWJN","8039832693","Maziba","Pf3D7_12_v3-529495-529767-1A","GCTCCCCAAAAGTTAACTGCTTCATTATTTTGTGGATCCCAAAAACTAACATTCGTTACCCATCCAACATAATCGGTAGATATCCTATATTCATAACTACTACAGAAATATTTATACTCATGGTATACATTTGCATCATTTACATCTACCAAATTAACAGTTTTACACAAATTGTGAATTCCATTCAAGTTATAAAAACCTGTACAT","Pf3D7_12_v3-529495-529767-1A.4","180T",10,0.00477554918815664,4
"IM-23-122-HWJN","8039832693","Maziba","Pf3D7_08_v3-1176313-1176549-1A","TACATCCAATGAATATTTTACACTTAAAAGAAATAAACAAATTATTCATAATAAAATACATATACTCTCTATGCAAAAAAATAAACAAAATACAAACGAGCTAAACAAATCATGTAATATTAACGCCATCATATTTAATATTAATTCTGATGATTTTGAGGTAGGCGATGAAATTGT","Pf3D7_08_v3-1176313-1176549-1A.4","67C74+9N",6764,0.98917812225797,4
"IM-23-122-HWJN","8039832693","Maziba","Pf3D7_04_v3-109939-110184-1A","CAACATCTGAATTATATAAATCTTTAGAAAAACAACTAATATCCTTACTACATATATTTATTTTTATACCAAGAATAACAGCCATATAAACCAAAACTCTCTCAAATGCATGTGATACAGGTAAATAAGAAAAATGGGTTTTCGGTTTCATGTTTTTTATTACATTATGATCACATAATGGTGCTACT","Pf3D7_04_v3-109939-110184-1A.5","50A51C108G152+8N",27,0.0097897026831037,3
"IM-23-122-HWJN","8039832693","Maziba","Pf3D7_08_v3-1176313-1176549-1A","TACATCCAATGAATATTTTACACTTAAAAGAAATAAACAAATTATTCATAATAAAATACATATACTTTCTATGCAAAAAAATAAACAAAATACAAACGAGCTAAACAAATTATGTAATATTAACGCCATCATATTCAATATTAATTCTGATGATTTTGAGGTAGGCGATGAAATTGT","Pf3D7_08_v3-1176313-1176549-1A.1","74+9N111T136C",39,0.00570342205323194,4
"IM-23-122-HWJN","8039832693","Maziba","Pf3D7_08_v3-1313088-1313338-1A","TGAGAGACATAGATATATGATAGAAAAATGGAAAAAAGAAGATTGGTTTTGTGATTTAAAAGAAACGTTGAAAAATGAATTTGAAGAACAGATGGATATAGGAAAAGTATCTTTTTTATATGAAAATAATAGAGAGTATGGAAAAAATTTTTATTTGGAAAAGCAAAAAATTATATGGAAAAGATGG","Pf3D7_08_v3-1313088-1313338-1A.1","31+8N111+8N141+8N164+8N",2448,1,1
"IM-23-122-HWJN","8039832693","Maziba","Pf3D7_04_v3-1113397-1113639-1A","GATTCTGCATGCAGTAATGAATCTATTGAAATCATCTAAGAATAAACTTTTTTGTTTAAACCATTTATTGAACATTTCACTTAAATGTGATTCAATTTTTTTTTCTGAGCTTTCCATAATTTGATTACATCTATTCAATTTGTTTGTATAAGTTTTAGGTGTTATTATTCTTTTACGTTTTAAATCATC","Pf3D7_04_v3-1113397-1113639-1A.1","47+8N95+11N130T161G",3668,0.9897463572585,3
"IM-23-122-HWJN","8039832693","Maziba","Pf3D7_04_v3-1113397-1113639-1A","GATTCTGCATGCAGTAATGAATCTATTGAAATCATCTAAGAATAAACTTTTTTGTTTAAACCATTTATTGAACATTTCACTTAAATGTGATTCAATTTTTTTTTCTGAGCTTTCCATAATTTGATTACATCTATTCAATTTGTTTGTATAATTATTAGGTCTTATTATTCTTTTACGTTTTAAATCATC","Pf3D7_04_v3-1113397-1113639-1A.3","47+8N95+11N130T152T154A",1,0.000269832703723691,3
"IM-23-122-HWJN","8039832693","Maziba","Pf3D7_04_v3-115455-115684-1A","TATTAATGTCATTTTGTTTTTCTTTATTATTATTATTTTTATTTTTTCCCTGGTTATCTTCCTTATTACCTAGCTTTTTTTTGTTGTCATTATTTTCTGTCTGATTATTATTTTTGACTCTGTTCATCTTTGAATTATCCGTTCTGTTTGTATGTCTCAAGCAAGGT","Pf3D7_04_v3-115455-115684-1A.2","24+25N74+10N120C",93,0.010435368043088,4
"IM-23-122-HWJN","8039832693","Maziba","Pf3D7_04_v3-115455-115684-1A","TATTAATGTCATTTTGTTTTTCTTTATTATTATTATTTTTATTTTTTCCCTGGTTATCTTCCTTATTACCTAGCTTTTTTTTGTTGTCATTATTTTCTGTCTGATTATTATTTTTGACTTTGTTCATCCTTGAATTATCCGTTCTGTTTGTATGTCTCAAGCAAGGT","Pf3D7_04_v3-115455-115684-1A.7","24+25N74+10N129C",19,0.00213195691202873,4
"IM-23-122-HWJN","8039832693","Maziba","Pf3D7_12_v3-659881-660127-1A","GGTGGTTTAACATTTTCAGCTATGAGTTTTTCGACTGGTGGCAATCCTACTTTGATTAATTCCTTTAACATAAGTTTTGCGTGTCTTTTTACTTCTGATTTGATATCAAAGCTTGATTCTAAAAAGGTTGGTGAATTTTTTTGTAAAACACTGACAAGTTCATTTGATATGGTCTCTGCTAAATCATCACCA","Pf3D7_12_v3-659881-660127-1A.32","23T27T35C38G73A74G83+9N135+9N",2,0.000568504832291074,4
"IM-23-122-HWJN","8039832693","Maziba","Pf3D7_12_v3-659881-660127-1A","GGTGGTTTAACATTTTGAGCTACGAGATTTTCGACTGATGGCAATCCTAATTTGATTAATTCCTTTAACATAATTTTTGCGTGTTTTTTTACTTCTGATTTGATATCAAAGCTTGATTCTAAAAAGGTTGGTGAATTTTTTTGTAAAACACTGACAAGTTCATTTGATATGGTCTCTGCTAAATCATCACCA","Pf3D7_12_v3-659881-660127-1A.24","17G35C50A73A74T83+9N135+9N",9,0.00255827174530984,4
"IM-23-122-HWJN","8039832693","Maziba","Pf3D7_13_v3-958247-958510-1B","TTTATATTATCTGTAATATGCACATTTTGTATAATATTATCAATATTTGTAGCATTTTGACCGTATGTTTCATTTTCATCGTATGTTCCATTTATATTGTATGTTTCATTTTCATCGTATGTTCCATTTATATTGTATGTTCCATTTTCATCGTATGTTCCATTTATATTGTATGTTCCATTTTTATCATATGTTATGTCCACAT","Pf3D7_13_v3-958247-958510-1B.2",".",396,1,1
"IM-23-122-HWJN","8039832693","Maziba","Pf3D7_14_v3-1038300-1038538-1A","ATTAATGATTTATACACTTCAACTACACTTTTTAATTTAGCCCATACAATTAATAAAGCTCTACGATAAATTTCTTTTTTATTTGATTTAGAAAAAGGAGAAAACCATTGAAACTTTTTGGCTAGATATTTATGGTCTTTATCAAAAATATATTCTGAAACTTCATCTTCTAGAAGT","Pf3D7_14_v3-1038300-1038538-1A.1","74+8N",3402,1,1
"IM-23-122-HWJN","8039832693","Maziba","Pf3D7_03_v3-221185-221419-1B","AAATAAATTAAATAGGAAAATATAAAGAAAAATGAAAATTAAGAAAAAAAGTAGTATATATTTTTATAAATATTGTACAACTCAAACTAAGATGTGTTCTTTATCTAATTAAGGAACAAGAAGGATAATACCATTATTAATCCTATTGAACTATTTACGACATTAAACA","Pf3D7_03_v3-221185-221419-1B.1","43+9N",2967,1,1
"IM-23-122-HWJN","8039832693","Maziba","Pf3D7_04_v3-133928-134154-1A","TTTTGAAATATCTAATTTATCCATTTGCCTTTTTATTTCATAGTCCCAACTACTTACCCAGGTATTAAAATTAATACAATCCTGTTCTGCATATTTTATGGCTTTTAAATCCCTCAATTTAGTAGCCCTATCTTCACAATAATCTTCTAATATTTTAAT","Pf3D7_04_v3-133928-134154-1A.1","21C",103,0.0158559113300493,2
"IM-23-122-HWJN","8039832693","Maziba","Pf3D7_04_v3-141741-141990-1A","TGAATACCATATAGCCCTTTCAAATTATATAAAGACAGAACTAAGAAATATAAACCTGCAAGAAATAAAAAACAATATAATAAAAATATTTAAAGAATTCAAATCTGCACACAAAGAAATTAAAAAAGAATCAGAACAAATTAATAAAGAATTTACCAAAATGGATGTCGTCATAAATCAATTAAGAGATATAG","Pf3D7_04_v3-141741-141990-1A.1","66+8N121+8N",30,0.00593002569677802,3
"IM-23-122-HWJN","8039832693","Maziba","Pf3D7_04_v3-141741-141990-1A","TGAATACCATATAGCCCTTTCAAATTATATAAAGACAGAACTAAGAAATATAAACCTGCAAGAAATAAAAAACAATATAATAAAAATATTTAAAGAATTCGAATCTGCACACAAAGAAATTAAAAAAGAATCAAAACAAATTAATAAAGAATTTACCAAAATGGATGTCGTCATAAATCAATTAAGAGATATAG","Pf3D7_04_v3-141741-141990-1A.2","66+8N101G121+8N134A",13,0.00256967780193714,3
"IM-23-122-HWJN","8039832693","Maziba","Pf3D7_04_v3-141741-141990-1A","TGAATACCATATAGCCCTTTCAAATTATATAAAGACAGAACTAAGAAATATAAACCTGCAAGAAATAAAAAACAATATAATAAAAATATTTAAAGAATTCGAATCTGCACACAAAGAAATTAAAAAAGAATCAGAACAAATTAATAAAGAATTTACCAAAATGGATGTCGTCATAAATCAATTAAGAGATATAG","Pf3D7_04_v3-141741-141990-1A.8","66+8N101G121+8N",5016,0.991500296501285,3
"IM-23-122-HWJN","8039832693","Maziba","Pf3D7_14_v3-377765-378020-1A","AAAGATATATCAACTGAAAAGATTTTATCAAATAATTGCTTTAATAATAAGTTAAAAAATTGATTTCCAACATCTATCATATTCATATAATCTAATGATTTAAAAATATATAATATACTCTTTGGACTAAATTTTAATTCATCATTTATTATTTTCTCTTTTACTATTGCTTTAATTTGATTAAAATATATAA","Pf3D7_14_v3-377765-378020-1A.3","21G53+8N",1213,1,1
"IM-23-122-HWJN","8039832693","Maziba","Pf3D7_14_v3-921176-921432-1A","ACAATATTAATTTTTTAAGTTCATTATTTCAATTTTATATTTAGGAGGATCTATATCCATATATTATTCATTTTAAAAATATTAAAATAAATACATATATAAATATATAAACATATAAATACAGTCTTTTAAAAATTAATAAGATTTATATAAAATATGGTTATAAATCCTATTTTGTATTATATTAAA","Pf3D7_14_v3-921176-921432-1A.2","15T120T186T",1,0.000957854406130268,3
"IM-23-122-HWJN","8039832693","Maziba","Pf3D7_05_v3-1188456-1188706-1A","CAAAATTTAAATCAATAGCGGTTACGTTCATAATTTTGCCTTCAAAACTAACCTCTGTATGATATATAAATTTATTTTCCTTTACACTAAATACATATATAAAAATGGTACTTAATAATTTATCTTTATCATATTTAAATAATATTAAATCTGTTTTTACATCTGAGTTGTAATCACCGAAAT","Pf3D7_05_v3-1188456-1188706-1A.2","53C",18,0.00408905043162199,2
"IM-23-122-HWJN","8039832693","Maziba","Pf3D7_05_v3-1188456-1188706-1A","CAAAATTTAAATCAATAGCGGTTACGTTCATAATTTTGCCTTCAAAACTAACTTCTGTATGATATATAAATTTATTTTCCTTTACACTAAATACATATATAAAAATGGTACTTAATAATTTATCTTTATCATATTTAAATAATATTAAATCTGTTTTTACATCTGAGTTGTAATCACCGAAAT","Pf3D7_05_v3-1188456-1188706-1A.1",".",4384,0.995910949568378,2
"IM-23-122-HWJN","8039832693","Maziba","Pf3D7_14_v3-294506-294753-1B","AATTTAGATGTTATCAAAGTCCCATTCTTACCTTTCTATGTAACTCTTTGTAACAACAGCAAATTACCAACTTTTGAATTTACCTCAGAAAATGGTAAATACACATTAGAACCTGAATACTACCTTCAACACATAGAAGATGTTGGTCCAGGATTATGTATGCTTAATATCATAGGATTAGATTTTCCAGT","Pf3D7_14_v3-294506-294753-1B.1",".",4637,1,1
"IM-23-122-HWJN","8039832693","Maziba","Pf3D7_14_v3-407306-407542-1A","CTTTCTTTCGTCTTTGTTTTCATTATCCATATAATCTTTTTCTACTACCTTTTTATTCTTTACTTTATTTCTATTAATACACAACTCTCCTTGAGTTAAGAGATTTACGATATTATCAATATTGTTTTCTTTCATATACTTCAACTTTTTACTATTCATTTTTAAAAGA","Pf3D7_14_v3-407306-407542-1A.9","16G18T44A47A54T",27,0.00613636363636364,4
"IM-23-122-HWJN","8039832693","Maziba","Pf3D7_04_v3-1037644-1037891-1A","GAAAGAGATTTAACAGATGATGCTGTGATTTTTGCACACTCACTTTATTTACCATTTGAAAAAGAAGAAATGTGGTGGATCGTTATCGGAATTAAAAAAATGAACTTACTTTTATCTATCAAAAAATTATCTTTATTGAAAAGTATCAATAATATAAAAATTAATTTCGAATTGCCTGACA","Pf3D7_04_v3-1037644-1037891-1A.2","93+9N120+8N145A",33,0.0085425834843386,2
"IM-23-122-HWJN","8039832693","Maziba","Pf3D7_04_v3-544454-544718-1A","ACAAAATATAATACTTTATATACAAATGCTTATAAAAAATTTTAACTCGAACGTACTTCAAAATAATATAAATGAACAAGAAGTAATACATAATAACATCAACATTAATAATATAAAAGAAGAACAAATTATACCAAATAATATCAAGAATATCCATAATAATGACAATATTAATCATTGTGATGATAATAAAATAA","Pf3D7_04_v3-544454-544718-1A.3","33+8N",1,0.0004516711833785,3
"IM-23-122-HWJN","8039832693","Maziba","Pf3D7_04_v3-544454-544718-1A","ACAAAATATAATACTTTATATACAAATGCTTATAAAAAATTTTAACTCGAACGTACTTCAAAATAATATAAATGAACAAGAAGTAATACATAATAACATCAACATTAATAATATAAAAGAAGAACAACTTATACCAAATAATATCAAGAATATCCATAATAATGACAATATTAATCATTGTGATGATAATAAAATAA","Pf3D7_04_v3-544454-544718-1A.2","33+8N128C",2189,0.988708220415538,3
"IM-23-122-HWJN","8039832693","Maziba","Pf3D7_08_v3-336421-336651-1A","TAACAACGAACCCATAAATTTACAAAAAAATTTAGATTTAATCATATGGCTAAAAAAGAATATAAAAGAAGGAGAAGCTTTAATTTCTGATATACCTACATCAAGTTTTTTAAGGTGTACTACAAATTATAAATTTGTATTGCATCCCCAATATGAAGATAGT","Pf3D7_08_v3-336421-336651-1A.2","25A51+8N97T105+8N148C",25,0.003527585720333,3
"IM-23-122-HWJN","8039832693","Maziba","Pf3D7_04_v3-748374-748611-1B","AAACTGGGAAAGCATTCCAAAAAAATTTAAACCTTTAAGCAATAGGATAAATGTTATATTGTCTAGAACCTTAAAAAAAGAAGATTTTGATGAAGATGTTTATATCATTAACAAAGTTGAAGATCTAATAGTTTTACTTGGGAAATTAAATTACTATAAATGTTTTATTATAG","Pf3D7_04_v3-748374-748611-1B.1","3A18+9N72+9N",6030,1,1
"IM-23-122-HWJN","8039832693","Maziba","Pf3D7_08_v3-399693-399961-1A","CTTTTCTTCACCTTGGTTTATTACATTATTATTTTCATCATTGTGTTGAATGTCCTTATAAATATGTTCATTAATAATATCTTTGGAAGTATCTTCCATATTTTCTTCTTTATCAATTTTAAATACTTTTTCATAACTTTCATTTTCTTTTTTCTCCTTGGATGTTTCTAATTTATTCTCGTCATTTTTATCAAAATTATTTTTATAACTTTCA","Pf3D7_08_v3-399693-399961-1A.1","147+8N",2693,0.991531664212077,2
"IM-23-122-HWJN","8039832693","Maziba","Pf3D7_04_v3-900526-900759-1A","TTAACAACTTATCATCATTTATTAGATTCTTTTCATGGAACAGATTATTAACAGTATCCATAATTTTATGATCATCCGTGTTATATGTATCTATACAAGTATTTAGCTTGCTTATATAATTTACATATTTCAACGGATCATTTTGAAGTATGCAATCATCGAATGAATA","Pf3D7_04_v3-900526-900759-1A.1","106G",6938,0.992702818715124,4
"IM-23-122-HWJN","8039832693","Maziba","Pf3D7_14_v3-921176-921432-1A","ACAATATTAATTTTTTAAGTTCATTATTTCAATTTTATATTTAGGAGGATCTATATCCATATATTATTCATTTTAAAAATATTAAAATAAATACATATATAAATATATAAACATATAAAAACAGTCTTTTAAAAATTAATAAGATTTATATAAAATATGGTTATAAATCCTATTTTGTATTATATTAAA","Pf3D7_14_v3-921176-921432-1A.5","15T186T",1038,0.994252873563218,3
"IM-23-122-HWJN","8039832693","Maziba","Pf3D7_04_v3-1113397-1113639-1A","GATTCTGCATGCAGTAATGAATCTATTGAAATCATCTAAGAATAAACTTTTTTGTTTAAACCATTTATTGAACATTTCACTTAAATGTGATTCAATTTTTTTTTCTGAGATTTCCATAATTTGATTACATCTATTCAATTTGTTTGTATAATTATTAGGTCTTATTATTCTTTTACGTTTTAAATCATC","Pf3D7_04_v3-1113397-1113639-1A.4","47+8N95+11N110A130T152T154A",37,0.00998381003777658,3
"IM-23-122-HWJN","8039832693","Maziba","Pf3D7_14_v3-293575-293829-1B","TTTTGTAGTGTAATGTGTGGTTTATTTTATTATGTGTATGAAAATGTATGGCTTCAAAGAGATAATGAAATGAATGAAATTTTAAAAAATTCCGAACATTTAACTATTGGATTTAAAGTTGAAAATGCACATGATAGAATTTTGAAAACTATAAAAACACATAAATTAAAAAATTACATTAAAGAAT","Pf3D7_14_v3-293575-293829-1B.1","83+8N167+8N",1123,1,1
"IM-23-122-HWJN","8039832693","Maziba","Pf3D7_14_v3-294503-294768-2","CAGAATTTAGATGTTATCAAAGTCCCATTCTTACCTTTCTATGTAACTCTTTGTAACAACAGCAAATTACCAACTTTTGAATTTACCTCAGAAAATGGTAAATACACATTAGAACCTGAATACTACCTTCAACACATAGAAGATGTTGGTCCAGGATTATGTATGCTTAATATCATAGGATTAGATTTTCCAGTACCAACCTTTA","Pf3D7_14_v3-294503-294768-2.1",".",3234,1,1
"IM-23-122-HWJN","8039832693","Maziba","Pf3D7_04_v3-1037644-1037891-1A","GAAAGAGATTTAACAGATGATGCTGTGATTTTTGCACACTCACTTTATTTACCATTTGAAAAAGAAGAAATGTGGTGGATCGTTATCGGAATTAAAAAAATGAACTTACTTTTATCTATCAAAAAATTATCTTTATTGAAAAGTGTCAATAATATAAAAATTAATTTCGAATTGCCTGACA","Pf3D7_04_v3-1037644-1037891-1A.1","93+9N120+8N",3830,0.991457416515661,2
"IM-23-122-HWJN","8039832693","Maziba","Pf3D7_04_v3-1005938-1006187-1A","GTCTTAACATTAATTCTAGTTACAAAGTTACATGGATTTATTGAAAAGATATTTTCGTCATTATATTTCTTTTTTTCCATATCTGTTTGATCATTTTGATATGTTTTCATATTATCCATATGTTCATTATTTTGATCAATATAATTTTTTTTTATAATAAATTTAGAATTATTTTTAAAGAAA","Pf3D7_04_v3-1005938-1006187-1A.2","15T16C61T69+9N144+11N",25,0.00976944118796405,5
"IM-23-122-HWJN","8039832693","Maziba","Pf3D7_13_v3-935613-935884-1A","CAAAATAATATGAATAGTAATAGTAATAGTTATAATAATTTTAATATAACAGATAGAAGTAAAGAAATAAAAAAAGATTATAAAAGAAACAAAATTTTAATAGTTATTAATAATATTAATACAAATCATATTTTATTATTAAATGAAAGTGTTATAAAAAAAAAAATACTTACATTTTATCTAGATCTTTTTTTTGATGATAATGAACAAAT","Pf3D7_13_v3-935613-935884-1A.2","68+11N155+13N187+10N",12,0.00749063670411985,2
"IM-23-122-HWJN","8039832693","Maziba","Pf3D7_14_v3-2481033-2481276-1B","CCATGTGGATAAAGACAGTAGAGAGCAATTCGAAATAAAACAGTACTCTTGCAAATTAGATATTTTTTTGAACTCATCTGTTCCTATAAAAAATTCTGAATGTAAGCAGAATAAATTATACACAAAAGAATATATATTCATTTTTATTTATTCACTTTATATATGTTTGTATGTATGTA","Pf3D7_14_v3-2481033-2481276-1B.3","62+9N87+8N",2538,1,1
"IM-23-122-HWJN","8039832693","Maziba","Pf3D7_04_v3-109939-110184-1A","CAACATCTGAATTATATAAATCTTTAGAAAAACAACTAATATCCTTACTCCATATATTTATTTTTATACCAAGAATAACAGCCATATAAACCAAAACTCTCTCAAATACATGTGATACAGGTAAATAAGAAAAATGGGTTTTCGGTTTCATGTTTTTTATTACATTATGATCACATAATGGTGCTACT","Pf3D7_04_v3-109939-110184-1A.1","51C152+8N",25,0.00906453952139231,3
"IM-23-122-HWJN","8039832693","Maziba","Pf3D7_08_v3-1176313-1176549-1A","TACATCCAATGAATATTTTACACTTAAAAGAAATAAACAAATTATTCATAATAAAATACATATACTCTCTATGCAAAAAAATAAACAAAATACAAACGAGCTAAACAAATCATGTAATATTAACGCCATCATATTCAATATTAATTCTGATGATTTTGAGGTAGGCGATGAAATTGT","Pf3D7_08_v3-1176313-1176549-1A.7","67C74+9N136C",2,0.000292483182217023,4
"IM-23-122-HWJN","8039832693","Maziba","Pf3D7_04_v3-1083299-1083563-2","ATATACTTTCCATATGTAGAGGACTTATGATATATAGAATTATAAGATAAATGTTTATAATAATCTAAAAAAGTATAATGAGGTATTATAACAAAATCCAAATGTCCTTCTTTTTCTTGTAAAATATCAATAGAATTTGCAATGTTATAATTTGATAACTCTTTAAAATGATATTGTAAAAAATTAACATTTTTATA","Pf3D7_04_v3-1083299-1083563-2.2","4T66+8N177+8N",3830,0.987367878319154,2
"IM-23-122-HWJN","8039832693","Maziba","Pf3D7_14_v3-2733345-2733593-1A","TCGATGTACATGCAGAAAAAATATTGGAACGTTTATTTGTAATTTATTTATGTGTATTAAAAGAATATGAAAAACATCCTCCTAAAATATTAAAATATTCATTACGTGCTATATCTAGATACTCGATGTATATAAATAAATTTATCATGGATGATATATTATTTGAAATTAAAAACCTTGCTGCA","Pf3D7_14_v3-2733345-2733593-1A.1","15+8N",5512,1,1
"IM-23-122-HWJN","8039832693","Maziba","PmUG01_12_v1-1397996-1398245-1AB","CAACATATGGTGAAGCATGTAAGTTAACAATTTCCAGTGCTGTATTTACAGTCCTATCAAATATGGCATCCAATTCAGCATCGGTAATTTTTTTATTATTAATAAATTCTTGTAATGGAATACCACCAACAGTTATGTATCTTTTCAAAGGAACCATTTTATTACCATGTGCAGCAACAATAAGTGCATTT","PmUG01_12_v1-1397996-1398245-1AB.1","87+9N",98,1,1
"IM-23-122-HWJN","8039832693","Maziba","Pf3D7_04_v3-109939-110184-1A","CAACATCTGAATTATATAAATCTTTAGAAAAACAACTAATATCCTTACTCCATATATTTATTTTTATACCAAGAATAACAGCCATATAAACCAAAACTCTCTCAAATGCATGTGATACAGGTAAATAAGAAAAATGGGTTTTCGGTTTCATGTTTTTTATTACATTATGATCACATAATGGTGCTACT","Pf3D7_04_v3-109939-110184-1A.2","51C108G152+8N",2706,0.981145757795504,3
"IM-23-122-HWJN","8039832693","Maziba","Pf3D7_14_v3-921176-921432-1A","ACAATATTAATTTTATAAGTTCATTATTTCAATTTTATATTTAGGAGGATCTATATCCATATATTATTCATTTTAAAAATATTAAAATAAATACATATATAAATATATAAACATATAAATACAGTCTTTTAAAAATTAATAAGATTTATATAAAATATGGTTATAAATCCTATTTTGTATTATATTAAA","Pf3D7_14_v3-921176-921432-1A.8","120T186T",5,0.00478927203065134,3
"IM-23-122-HWJN","8039832693","Maziba","Pf3D7_14_v3-2858894-2859160-1A","ATAGATTTTAATGACATAAAAAACACAACAAATGAGTATAATAATTTTGAGGAACATAATTATCAAGATGATAAATTTATATTTAATAAAGATATACATAATATTCTTTTAGAATTAAAGGAATCATTAAATGACATATCACGTGGAAGACTAAATACATTGATAAGAGATAATAAAATAAGTAGTTATATAATATATCA","Pf3D7_14_v3-2858894-2859160-1A.2","15C17+8N28A188A",1785,0.985099337748344,2
"IM-23-122-HWJN","8039832693","Maziba","Pf3D7_04_v3-115455-115684-1A","TATTAATGTCATTTTGTTTTTCTTTATTATTATTATTTTTATTTTTTCCCTGGTTATCTTCCTTATTACCTAGCTTTTTTTTGTTGTCATTATTTTCTGTCTGATTATTATTTTTGACTTTGTTCATCTTTGAATTATTCGTTCTGTTTGTATGTCTCAAGCAAGGT","Pf3D7_04_v3-115455-115684-1A.5","24+25N74+10N139T",81,0.00908886894075404,4
"IM-23-122-HWJN","8039832693","Maziba","Pf3D7_04_v3-133581-133830-1A","CTCTCGATTACCATTACCTACTTCAGTCTTTACAATTGTAGGAGGTGTTTTAACATGATTATCCCCTCCATGAGGAGTAACCCTTAAAGGTTCTTCTTGAATATTTGGTGTCGCTTCGCCTGTTTCTGTAGAAAGGATATTTATTCTATCAACATATTCATCACCTTCTTCAACTGTACTATTTAAA","Pf3D7_04_v3-133581-133830-1A.11","11C",1188,0.981818181818182,2
"IM-23-122-HWJN","8039832693","Maziba","Pf3D7_14_v3-297583-297856-1B","AGGAGGTTTTTCTTATTATATTTTTGAAAATTTCGTTTTTCAAAAGAACCGTAAAATTAATCACATAATTAAGACTTCAAAATATTCGACAGTAGGATTTAATATTGAAAATTCTTATGATAGACTTATGAAAACAATTAAAGAGCATAAATTAAAAAATTATATAAAAGAATCAGTAAAACTTTTTAATAAAGGTTTAACCAAAAA","Pf3D7_14_v3-297583-297856-1B.1","153+8N",866,1,1
"IM-23-122-HWJN","8039832693","Maziba","Pf3D7_14_v3-2260533-2260765-1A","AATAACCATCAAATACAAACTCAACCAACAAATACAGTACAATATATTCAACCAAATTATGAACAAGTCATAACACAAGTAGATCAAAATGGTAATCTATTCAATCAACAGCTTGTAGGAAGTACAGTAATGCAAAATATGACACCACAAGGTGTAAACACGTTAAATTATCCTGCAACG","Pf3D7_14_v3-2260533-2260765-1A.1","91G",4052,0.996311777723137,2
"IM-23-122-HWJN","8039832693","Maziba","Pf3D7_14_v3-3214249-3214516-1A","TAAATAAAAAAGGATTAGATGATTTAATAAAAGATTTGTTAAAATATTTTCCAAAGAATTCAATTAGCGATCGTTTTGAATTGACAGAATTTAAAATGACGGAGGATTGTTATACAAAAATGTGGTTTGATTTTATGATTGATTTTGGAATAGCTACAATGAATGAAAACGAACATACTAGATCTTTTTATGGCTTAATCGAA","Pf3D7_14_v3-3214249-3214516-1A.13","5+8N84A85C139T169A194C",6029,0.974305106658048,3
"IM-23-122-HWJN","8039832693","Maziba","Pf3D7_14_v3-3214249-3214516-1A","TAAATAAAAAAGGATTAGATGATTTAATAAAAGATTTGTTAAAATATTTTCCAAAGAATTCAATTAGCGATCGTTTTGAATTGTTAGAATTTAAAATGACGGAGGATTGTTATACAAAAATGTGGTTTGATTTTATGAGTGATTTTGGAATAGCTACAATGAATGAAACCGAACATACTAGATCTTTTTATGGCTTAATCGAA","Pf3D7_14_v3-3214249-3214516-1A.1","5+8N194C",145,0.0234324499030381,3
"IM-23-122-HWJN","8039832693","Maziba","Pf3D7_04_v3-133581-133830-1A","CTCTCGATTATCATTACCTACTTCAGTCTTTACAATTGTAGGAGGTGTTTTAACATGATTATCCCCTCCATGAGGAGTAACCCTTAAAGGTTCTTCTTGAATATTTGGTGTCGCTTCGCCTGTTTCTGTAGAAAGGATATTTATTCTATCAACATATTCATCACCTTCTTCAACTGTACTATTTAAA","Pf3D7_04_v3-133581-133830-1A.1",".",22,0.0181818181818182,2
"IM-23-122-HWJN","8039832693","Maziba","Pf3D7_14_v3-3124416-3124655-1A","TAATTGATCTTCTAGAGGATTTAGATATTTTGTCTATATCGAATAAAGATGAAGTAGAAAAACGAAGAAAGAAAACAACTCAAGAGACGCGGTTGTTAGGAAATATTGATTTAGGATATGGAAAATTAGGAGAGGGAATAAAGTATGAAAATTTACAGGAAGAATTAGGAAACAGATTATTTG","Pf3D7_14_v3-3124416-3124655-1A.6","20T72A144T",7756,0.994869163673679,3
"IM-23-122-HWJN","8039832693","Maziba","Pf3D7_14_v3-771407-771633-1A","ACCCACGGGACATTTTAATTTATACCTATTGGAACATTTTTTATTAGGTCTTTCTTTATGATTCTTCTTTAAAATAGGTTCATCATTATTTGAGTAAACTAACAGATCATTATGGTTCTCAAAATTATTATAACCATCAATATTTTTATTTCCATATACATCTATAA","Pf3D7_14_v3-771407-771633-1A.3","36+8N108C114G",7768,0.958775610960257,3
"IM-23-122-HWJN","8039832693","Maziba","Pf3D7_14_v3-2858894-2859160-1A","ATAGATTTTAATGACATAAAAAACACAACAAATGAGTATAATAATTTTGAGGAACATAATTATCAAGATGATAAATTTATATTTAATAAAGATATACATAATATTCTTTTAGAATTAAAGGAATCATTAAATGACATATCACGTGGAAGACTAAATACATTGATAAGAGATAATAAAATAAGTAGTTGTATAATATATCA","Pf3D7_14_v3-2858894-2859160-1A.1","15C17+8N28A",27,0.0149006622516556,2
"IM-23-122-HWJN","8039832693","Maziba","Pf3D7_14_v3-3214249-3214516-1A","TAAATAAAAAAGGATTAGATGATTTAATAAAAGATTTGTTAAAATATTTTCCAAAGAATTCAATTAGCGATCGTTTTGAATTGTTAGAATTTAAAATGACGGAGGATTGTTATACAAAAATGTGGTTTGATTTTATGAGTGATTTTGGAATAGCTACAATGAATGAAAGCGAACATACTAGATCTTTTTATGGCTTAATCGAA","Pf3D7_14_v3-3214249-3214516-1A.2","5+8N169G194C",14,0.00226244343891403,3
"IM-23-122-HWJN","8039832693","Maziba","Pf3D7_14_v3-279563-279833-1A","CATTTTTCTTTTAAATGAGAGCAATATATTTCTTAGGTTTATTCCGGATAAATGTTTAGTTATTAGCCAGGTGAGTTATAGTGATTCATATAAGGTAAATTGTATTAATTTCTCTGAAGGATTTTGTTGCTGTCATCCAATAAATAATTTAGCACTATTATATGGAGAGTATCAACAAAATCAAGAATCAAAAATTATGAAATTACCG","Pf3D7_14_v3-279563-279833-1A.2","77T",1339,0.984558823529412,2
"IM-23-122-HWJN","8039832693","Maziba","Pf3D7_14_v3-3124416-3124655-1A","TAATTGATCTTCTAGAGGAATTAGATATTTTGTCTATATCGAATAAAGATGAAGTAGAAAAACGAAGAAAGGAAACAACTCAAGAGACGCGGTTGTTAGGAAATATTGATTTAGGATATGGAAAATTAGGAGAGGGAATAAAGCATGAAAATTTACAGGAAGAATTAGGAAACACATTATTTG","Pf3D7_14_v3-3124416-3124655-1A.16","175C",13,0.00166752180605439,3
"IM-23-122-HWJN","8039832693","Maziba","Pf3D7_14_v3-2355614-2355853-1A","ACTTTTCTCGATTCACATTATCCAAACCCATTTAACGAGTATGAAAAATATGACAAACATTATTATGAACTTGAAAATATTTTAAAAAACAAACTTAATGAACATTCCTTAAATTATCAATCTTTGTTAAAAATGAAAAGATTTATAAGTATGAACGATATGGAAAATAATAA","Pf3D7_14_v3-2355614-2355853-1A.1","83+8N",4288,1,1
"IM-23-122-HWJN","8039832693","Maziba","Pf3D7_14_v3-298368-298636-1B","ACGATTTAATGTGGCAAGTTGATTTAGATGTACATTTTGGTAATGTATCTTCCAAAAAAGCAAACGTTATTTTAGATAGTGCCACCAGTGTCATAACTGTACCAACAGAATTTTTTAATCAATTCGTAGAATCTGCAAGTGTTTTCAAAGTTCCATTCTTATCTTTGTATGTAACCACTTGTGGTAACACGAAATTACCAA","Pf3D7_14_v3-298368-298636-1B.1","53+8N110+8N",1490,1,1
"IM-23-122-HWJN","8039832693","Maziba","Pf3D7_14_v3-421322-421547-1A","TAAGAAAGATGAAGTAATAGAAAAAACTGAAGTATCAAAGAAAACATTTTCAGGTATAGGTTTTAATCTTACTGAAAAAGAAGCTAAAGTATTAGGTGTAGGTGTAACCTATCAAGAATATCCAGAAACCATGTTATATAACTGTCCAAACAATTCTA","Pf3D7_14_v3-421322-421547-1A.2","20+8N76A",34,0.012715033657442,2
"IM-23-122-HWJN","8039832693","Maziba","Pf3D7_14_v3-279563-279833-1A","CATTTTTCTTTTAAATGAGAGCAATATATTTCTTAGGTTTATTCCGGATAAATGTTTAGTTATTAGCCAGGTGAGTAATAGTGATTCATATAAGGTAAATTGTATTAATTTCTCTGAAGGATTTTGTTGCTGTCATCCAATAAATAATTTAGCACTATTATATGGAGAGTATCAACAAAATCAAGAATCAAAAATTATGAAATTACCG","Pf3D7_14_v3-279563-279833-1A.1",".",21,0.0154411764705882,2
"IM-23-122-HWJN","8039832693","Maziba","Pf3D7_14_v3-771407-771633-1A","ACCCACGGGACATTTTAATTTATACCTATTGGAACATTTTTTATTAGGTCTTTCTTTATGATTCTTCTTTAAAATAGGTTCATCATTATTTGAGTAAACTAACAGATTATTATCGTTCTCAAAATTATTATAACCATCAATATTTTTATTTCCATATACATCTATAA","Pf3D7_14_v3-771407-771633-1A.1","36+8N",149,0.0183905208590471,3
"IM-23-122-HWJN","8039832693","Maziba","Pf3D7_04_v3-748585-748822-2","TTAATAAAAAAAATATATTTTACTAGAATAAATAGTACATATGAATGTGATGTATTTTTTCCAGAAATAAATGAAAATGAGTATCAAATTATTTCTGTTAGCGATGTATATACTAGTAACAATACAACATTGGATTTTATCATTTATAAGAAAACGAATAATAAAATGTT","Pf3D7_04_v3-748585-748822-2.1","5+10N54+8N",2113,1,1
"IM-23-122-HWJN","8039832693","Maziba","Pf3D7_04_v3-900526-900759-1A","TTAACAACTTATCATCATTTATTAGATTCTTTTCATGGAACAGATTATTAACAGTATCCATAATTTTATGATCATCCGTGTTATATGTATCTATACAAGTATTTAACTTGCTTATATAATTTACATATTTCAACGGATCATTTTGAAGTATGCAATCATCGAATGAATA","Pf3D7_04_v3-900526-900759-1A.2",".",23,0.0032908856774932,4
"IM-23-122-HWJN","8039832693","Maziba","Pf3D7_14_v3-771407-771633-1A","ACCCACGGGACATTTTAATTTATACCTATTGGAACATTTTTTATTAGGTCTTTCTTTATGATTCTTCTTTAAAATAGGTTCATCATTATTTGAGTAAACTAACAGATCATTATCGTTCTCAAAATTATTATAACCATCAATATTTTTATTTCCATATACATCTATAA","Pf3D7_14_v3-771407-771633-1A.6","36+8N108C",185,0.0228338681806961,3
"IM-23-122-HWJN","8039832693","Maziba","Pf3D7_04_v3-1083299-1083563-2","ATACACTTTCCATATGTAGAGGACTTATGATATATAGAATTATAAGATAAATGTTTATAATAATCTAAAAAAGTATAATGAGGTATTATAACAAAATCCAAATGTCCTTCTTTTTCTTGTAAAATATCAATAGAATTTGCAATGTTATAATTTGATAACTCTTTAAAATGATATTGTAAAAAATTAACATTTTTATA","Pf3D7_04_v3-1083299-1083563-2.1","66+8N177+8N",49,0.0126321216808456,2
"IM-23-122-HWJN","8039832693","Maziba","Pf3D7_04_v3-115455-115684-1A","TATTAATGTCATTTTGTTTTTCTTTATTATTATTATTTTTATTTTTTCCCTGGTTATCTTCCTTATTACCTAGCTTTTTTTTGTTGTCATTATTTTCTGTCTGATTATTATTTTTGACTTTGTTCATCTTTGAATTATCCGTTCTGTTTGTATGTCTCAAGCAAGGT","Pf3D7_04_v3-115455-115684-1A.1","24+25N74+10N",8719,0.978343806104129,4
"IM-23-122-HWJN","8039832693","Maziba","Pf3D7_14_v3-3125801-3126073-1A","ATTCTTATAATATTTAAGAATGAAGGGATTAAATATTTACATTTTAGCGACGATACTCTGAAATATGTTAATTTTAATTATCCTGATTTTAACTTATATAAATGTATGAATTTATATAAGAAAAATTATGTTGATAGGGATGAGAAAGATATCTGTGATTTTTCAAATGAAGATTTTCCGTTAATAAAAGAAAATAACAAGAGAATCAG","Pf3D7_14_v3-3125801-3126073-1A.1","51C",4,0.00475624256837099,2
"IM-23-122-HWJN","8039832693","Maziba","Pf3D7_14_v3-2695837-2696082-1A","CGTTTTGTATCATATTATTAGATATAGTTATTTTATTATTATTTTCTACATTATTATTCAATATATTACATCCTGTTATGGAATTATTGTTAAAATATAAATTATTCGAATTGTTATTATTAAATTCTAATCCACTAACTGCTGTTGTATATAATGATGATGAGTTATTATTATAGAAATC","Pf3D7_14_v3-2695837-2696082-1A.2","28+16N53A",2312,0.995693367786391,2
"IM-23-122-HWJN","8039832693","Maziba","Pf3D7_14_v3-3125801-3126073-1A","ATTCTTATAATATTTAAGAATGAAGGGATTAAATATTTACATTTTAGCGAGGATACTCTGAAATATGTTAATTTTAATTATCCTGATTTTAACTTATATAAATGTATGAATTTATATAAGAAAAATTATGTTGATAGGGATGAGAAAGATATCTGTGATTTTTCAAATGAAGATATTCCGTTAATAAAAGAAAATAACAAGAGAATCAG","Pf3D7_14_v3-3125801-3126073-1A.3","175A",837,0.995243757431629,2
"IM-23-122-HWJN","8039832693","Maziba","Pf3D7_14_v3-2695837-2696082-1A","CGTTTTGTATCATATTATTAGATATAGTTATTTTATTATTATTTTCTACATTGTTATTCAATATATTACATCCTGTTATGGAATTATTGTTAAAATATAAATTATTCGAATTGTTATTATTAAATTCTAATCCACTAACTGCTGTTGTATATAATGATGATGAGTTATTATTATAGAAATC","Pf3D7_14_v3-2695837-2696082-1A.1","28+16N",10,0.00430663221360896,2
"IM-23-122-HWJN","8039832693","Maziba","Pf3D7_14_v3-421322-421547-1A","TAAGAAAGATGAAGTAATAGAAAAAACTGAAGTATCAAAGAAAACATTTTCAGGTATAGGTTTTAATCTTACTGAGAAAGAAGCTAAAGTATTAGGTGTAGGTGTAACCTATCAAGAATATCCAGAAACCATGTTATATAACTGTCCAAACAATTCTA","Pf3D7_14_v3-421322-421547-1A.1","20+8N",2640,0.987284966342558,2
"IM-23-122-HWJN","8039832693","Maziba","Pf3D7_14_v3-3124416-3124655-1A","TAATTGATCTTCTAGAGGAATTAGATATTTTGTCTATATCGAATAAAGATGAAGTAGAAAAACGAAGAAAGGAAACAACTCAAGAGACGCGGTTGTTAGGAAATATTGATTTAGGATATGGAAAATTAGGAGAGGGAATAAAGCATGAAAATTTACAGGAAGAATTAGGAAACAGATTATTTG","Pf3D7_14_v3-3124416-3124655-1A.1",".",27,0.0034633145202668,3
"IM-23-122-IOGO","8039832543","Maziba","Pf3D7_09_v3-1015103-1015350-1A","ATTATTTAATTTTTCATCTTTTATATTTTTCAGATTTTTTATATGAAGATGTAGGAATACAACTAAATTAACAGCTGAAAATAATCTTACTAACAAAAATAATTTGAGGAATTCTTCATCATATAAATCTTTTGGAATATTATTTGTGTATTCATAAATTTCTATTAAGGATATAATAGTTATGA","Pf3D7_09_v3-1015103-1015350-1A.3","34+8N51G",27,0.0704960835509138,2
"IM-23-122-IOGO","8039832543","Maziba","Pf3D7_13_v3-1004740-1005002-1A","TTACATCGTAAAAATAATTTAAAATATTATATATATTATCTTTTCCTTTTCGGGGGTCTCTTTTCTTTATATATATATTTACATTTCTCTTCATTTTATTACATGATAAATTAATATTTAATGTACTAATATATATATTATTAATTTTTATTTTCTTCTTCTTTTTTATATTAAAACAAAATGAAGATTCTTTAA","Pf3D7_13_v3-1004740-1005002-1A.2","50+8N161+8N",16,0.179775280898876,3
"IM-23-122-IOGO","8039832543","Maziba","Pf3D7_02_v3-628941-629172-1A","ACTTTTTTTAGATTTTTCTTGATCGTTTTCATCATTTTTTATTTCCTGTTCATCTGAGGTTTTCTTTTGTAAACGCTTAGTGCGTTCCTTTTGACCTTTTAATTTTTTTTTAAATATATTTTTAACTTGATCAATGAAGAAAGCATAATCTTGTATGACAGAAAATCT","Pf3D7_02_v3-628941-629172-1A.3","2+9N34+8N102+11N",168,0.0954545454545455,3
"IM-23-122-IOGO","8039832543","Maziba","Pf3D7_08_v3-585993-586266-1A","TGTAAATATAAATCATACGTATGACATGTATCATCATTTAATGCATTCTTAATTGTTAATGCTAATCTACTTACAATAATATAAGCAAAGTTTATATGAGAATGAATACCTTCTTTTCCTAAAAAGTTATAAAGACTAACAAATGGAGCATATATTATAAATTTATCATACTTTTTTTTGTGCATAACTTCATTTAATAAAATATTT","Pf3D7_08_v3-585993-586266-1A.2","29T171+10N",914,0.872137404580153,2
"IM-23-122-IOGO","8039832543","Maziba","Pf3D7_02_v3-503040-503288-1A","ATTATGATTAATAATAATATTTCTCATAATTTCGTTAAATACATCTAAACTATTTATAGAACCATCTATATCATCTTCATTCCTATTTTGGTGAACCGATTCGGTGTTTATAACATCTAAGGTGTCTTTTTCTTCTCCTCTGTAACTTTTTATAATTTTTTGATAAATGTTGTTATAAGAATTATCA","Pf3D7_02_v3-503040-503288-1A.2","97C155+8N",256,0.145454545454545,2
"IM-23-122-IOGO","8039832543","Maziba","Pf3D7_02_v3-628941-629172-1A","ACTTTTTTTAGATTTTTCTTGATCGTTTTCATCATTTTTTATTTCCTGTTCATCTGAGGTTTTCTTTTGTAAACGCTTAGTGCGTCCCTTTTGACCTTTTAATTTTTTTTTAAATATATTTTTAACTTGATCAATGAAGAAAGCATAATCTTGTATGACAGAAAATCT","Pf3D7_02_v3-628941-629172-1A.4","2+9N34+8N86C102+11N",107,0.0607954545454545,3
"IM-23-122-IOGO","8039832543","Maziba","Pf3D7_09_v3-202854-203106-1A","AATATACAAAGAATGTATATGATAAAATATTCTTTGTCCTTTAAAATTTTTTGTTCTTGTACTTTGTTTTTTATAATCTATTAAATTCATATCTGATGAAATATCATATTTATATTCCCCTTTATGAGCATTTACAAAAGTTTCGCTATTTCTTTTATTAATATATGTATTTGAGCACATATTTTTAT","Pf3D7_09_v3-202854-203106-1A.3","46+8N66+8N183T",2,0.00103466114847387,4
"IM-23-122-IOGO","8039832543","Maziba","Pf3D7_02_v3-630641-630907-1A","CTAAGTTATCTAAAATTATTAATTTTTTCAAATATGGTAATTTATGTCTATGAAGTAATAAGCCATCAACTAAATCTAAATCTAAACATAACCATTCTAATTTCGTTTCATTTAATATGTTTACAATTACATCTATACTAAAGTTAGAATGTAAAATCAAGGTTGTTACACCACTCATCATAGCTGCCATATCAACAAT","Pf3D7_02_v3-630641-630907-1A.1","22+8N43T",721,0.789704271631982,3
"IM-23-122-IOGO","8039832543","Maziba","Pf3D7_02_v3-630641-630907-1A","CTAAGTTATCTAAAATTATTAATTTTTTCAAATATGGTAATTCATGTCTATGAAGTAATAAGCCATCAACTAAATCTAAATCTAAACATAACCATTCTAATTTCGTTTCATTTAATATGTTTACAATTACATCTATACTAAATTTAGAATGTAAAATCAAGGTTGTTACACCACTCATCATAGCTGCCATATCAACAAT","Pf3D7_02_v3-630641-630907-1A.2","22+8N143T",119,0.130339539978094,3
"IM-23-122-IOGO","8039832543","Maziba","Pf3D7_09_v3-1015103-1015350-1A","ATTATTTAATTTTTCATCTTTTATATTTTTCAGATTTTTTATATGAAGATATAGGAATACAACTAAATTAACAGCTGAAAATAATCTTACTAACAAAAATAATTTGAGGAATTCTTCATCATATAAATCTTTTGGAATATTATTTGTGTATTCATAAATTTCTATTAAGGATATAATAGTTATGA","Pf3D7_09_v3-1015103-1015350-1A.1","34+8N",356,0.929503916449086,2
"IM-23-122-IOGO","8039832543","Maziba","Pf3D7_03_v3-221185-221419-1B","AAATAAATTAAATAGGAAAATATAAAGAAAAATGAAAATTAAGAAAAAAAGTAGTATATATTTTTATAAATATTGTACAACTCAAACTAAGATGTGTTCTTTATCTAATTAAGGAACAAGAAGGATAATACCATTATTAATCCTATTGAACTATTTACGACATTAAACA","Pf3D7_03_v3-221185-221419-1B.1","43+9N",912,1,1
"IM-23-122-IOGO","8039832543","Maziba","Pf3D7_08_v3-585993-586266-1A","TGTAAATATAAATCATACGTATGACATGAATCATCATTTAATGCATTCTTAATTGTTAATGCTAATCTACTTACAATAATATAAGCAAAGTTTATATGAGAATGAATACCTTCTTTTCCTAAAAAGTTATAAAGACTAACAAATGGAGCATATATTATAAATTTATCATACTTTTTTTTGTGCATAACTTCATTTAATAAAATATTT","Pf3D7_08_v3-585993-586266-1A.1","171+10N",134,0.127862595419847,2
"IM-23-122-IOGO","8039832543","Maziba","Pf3D7_02_v3-470437-470709-1A","AATATTGACATGAAACATTATAATACACATAAGAAAAAAAAAATTTATTTATTCTTACAAAAAGAATATAAAAACAAAATTTTGGGATTTATAAATTTTTATAAACGTATAACACACAAAATAAAAAAGAAACAAGAAAATGTTCATGATAAAATCACTTTTTTAAAATGTCTAAAGGAACTCTTTTTTGTCACACATACAAATA","Pf3D7_02_v3-470437-470709-1A.3","33+12N107G122+8N158+8N183+8N",652,0.871657754010695,3
"IM-23-122-IOGO","8039832543","Maziba","Pf3D7_09_v3-202854-203106-1A","AATATACAAAGAATGCATATGATAAAATATTCTTTGTCCTTTAAAATTTTTTGTTCTTGTACTTTGTTTTTTATAATCTATTAAATTCATATCTGATGAAATATCATATTTATATTCCCCTTTATGAGCATTTACAAAAGTTTCGCTATTTCTTTTATTAATATATGTATTTGAGCACATATTTTTAT","Pf3D7_09_v3-202854-203106-1A.1","16C46+8N66+8N183T",149,0.0770822555613037,4
"IM-23-122-IOGO","8039832543","Maziba","Pf3D7_02_v3-503040-503288-1A","ATTATGATTAATAATAATATTTCTCATAATTTCGTTAAATACATCTAAACTATTTATAGAACCATCTATATCATCTTCATTCCTATTTTGGTGAACTGATTCGGTGTTTATAACATCTAAGGTGTCTTTTTCTTCTCCTCTGTAACTTTTTATAATTTTTTGATAAATGTTGTTATAAGAATTATCA","Pf3D7_02_v3-503040-503288-1A.1","155+8N",1504,0.854545454545454,2
"IM-23-122-IOGO","8039832543","Maziba","Pf3D7_03_v3-221295-221532-2","AAGGAACAAGAAGGATAATACCATTATTAATCCTATTGAACTATTTACGACATTAAACACACTGGAACATTTTTCCATTTTACAAATTTTTTTTTCAATATCATTTTCATAATCTAATTGGTCTTTAGGTTTATTAGCAGAGCCAGGCTTTATTCTAACTTGAATACCATTTCCACAAGTTA","Pf3D7_03_v3-221295-221532-2.2","86+11N107T120G",54,0.0378681626928471,5
"IM-23-122-IOGO","8039832543","Maziba","Pf3D7_08_v3-476232-476475-1A","CAAACACATGATAAACAAAAGTGTAAGGAAAATTTTTCAAATTCATTTGTTAATGAAATATATGAAAAAGAAGAAAAAGAAACGCAAAAAATGAAAGAATATTTAGAACAACATGAAGAACATTTTTCAACGTTTAGAAATTCAATTTTATGTAAATTAAGAATAGCTGAAGAATT","Pf3D7_08_v3-476232-476475-1A.1","85+8N",915,0.878962536023055,2
"IM-23-122-IOGO","8039832543","Maziba","Pf3D7_08_v3-476232-476475-1A","CAAACACATGATAAACAAAAGTGTAAGGAAAATTTTTCAAATTCTTTTGTTAATGAAATATATGAAAAAGAAGAAAAAGAAACGCAAAAAATGAAAGAATATTTAGAACAACATGAAGAACATTTTTCAACGTTTAGAAATTCAATTTTATGTAAATTAAGAATAGCTGAAGAATT","Pf3D7_08_v3-476232-476475-1A.2","45T85+8N",126,0.121037463976945,2
"IM-23-122-IOGO","8039832543","Maziba","Pf3D7_09_v3-1406342-1406614-1A","TCTCAGATTATCATAGTGTTGTGGATGAAGATTTAATTAATTTTAATGATGATGTTACTTTAGAAACACAATCCATGATAGCACACGGAGGGTCTTTGTCAGAAATAGAAGAAACTGAAGATTTATCTTCAGATGTTGATAGATTACTTTCATCAATCGAAACTACTCCAAGAGATGATGTTGTATATATACGAGGTGATATTATATT","Pf3D7_09_v3-1406342-1406614-1A.3","118A148T204A",996,0.884547069271758,3
"IM-23-122-IOGO","8039832543","Maziba","Pf3D7_08_v3-399693-399961-1A","CTTTTCTTCACCTTGGTTTATTACATTATTATTTTCATCATTGTGTTGAATGTCTTTATAAATATGTTCATTAATAATATCTTTGGAAGTATCTTCCATATTTTCTTCTTTATCAATTTTAAATACTTTTTCATAACTTTCATTTTCTTTTTTCTCCTTGGATGTTTCTAATTTATTCTCGTCATTTTTATCAAAATTATTTTTATAACTTTCA","Pf3D7_08_v3-399693-399961-1A.2","55T147+8N",78,0.0675909878682842,4
"IM-23-122-IOGO","8039832543","Maziba","Pf3D7_09_v3-516735-517007-1A","ATAGAAGGATATATAAAAAATTATCAAGAATCATATAATATAAATGACCATTGTAAATTAGTTCCATTAAATTTTTATAAAGATTCTATTTCTAATGATTTAGGTACTCCATGCCCTGTGAATAGTATTACCTTAAATGTGGGCGCAAAAACTATAAATGAATGTTTGTGTAATAAAGGATATTTCTATAATGTCAAGAAACAACAATGTAA","Pf3D7_09_v3-516735-517007-1A.2","14+8N211A",539,0.9625,2
"IM-23-122-IOGO","8039832543","Maziba","Pf3D7_02_v3-470437-470709-1A","AATATTGACATGAAACATTATAATACACATAAGAAAAAAAAAATTTATTTATTCTTACAAAAAGAATATAAAAACAAAATTTTGGGATTTATAAATTTTTATAAACATATAACACACAAAATAAAAAAGAAACAAGAAAATGTTCATGATAAAATCACTTTTTTAAAATGTCTAAAGGAACTCTTTTTTGTCACACATACAAATG","Pf3D7_02_v3-470437-470709-1A.1","33+12N122+8N158+8N183+8N205G",30,0.0401069518716578,3
"IM-23-122-IOGO","8039832543","Maziba","Pf3D7_06_v3-1197245-1197515-1A","CATTAGGAAAAACAACAGAGCCTTCTTCCATACCATAAATACATAAATCATTTCCACTAATCTTTTCTAAATATTGCACAAAAGAATCAATATCATTATAAGATGACATCTTCTTTCTTATAAAATCTAATTGAGCTTTGGTAAATCGAAAACAATTAATATATTTTATTACTTCATATACACCAGCTAATATAGCAAATTGAC","Pf3D7_06_v3-1197245-1197515-1A.1","20G",1151,1,1
"IM-23-122-IOGO","8039832543","Maziba","Pf3D7_09_v3-270915-271160-1A","CTTTGTATGTATTATCTGTTGTTTTATCTTCACCTTGATTTCCTGTACTTGTAGATTCAGTAGATGGACCTTCAGAACCTGCTAATTCATCACTAGTAGATGCAGCACTTGTACTTTTAGATTGTTCTTTTAATGGTCCCATATATTTGTATAATTCTATTTCTAAATCTTGATCCTTGGTTTTTTCTTCTAA","Pf3D7_09_v3-270915-271160-1A.1","82C85A180+8N",1800,0.900450225112556,2
"IM-23-122-IOGO","8039832543","Maziba","Pf3D7_06_v3-1235395-1235658-1A","GAATATGATAAAATATATATACCAAACAATAAAAATAAAATTAATAATATAAATAATTTTTTAATAAAAAACAATTTGTTGTTGAAATCCAAATTTATGAGAATAACTCCTAATACCTATTTATGTCGTAATTGTGTCCTGTTATATCAAAATGATTTTTCGTATAATACATATGAAGAAGAAATTAATAAAATGG","Pf3D7_06_v3-1235395-1235658-1A.2","56+8N65+8N79T",493,0.984031936127745,2
"IM-23-122-IOGO","8039832543","Maziba","Pf3D7_06_v3-1282656-1282930-1A","AAAATATGGAAGAAATATGATAAAGAAAACAATAAATATATATTGTCTCATTTTATTCCTCAATTTATTGAAGACTTAAATTTGAAGGATGAATTCCGAAATTTATTTGATGGATTTGTAAATGATTTGGATATTCTATTATATTCAGAATTTAAAGCATTTTATTTACAAATGAAGCAAAAAGATATAAATGAACTGAAAAATTCTGA","Pf3D7_06_v3-1282656-1282930-1A.1","3A60T",689,0.951657458563536,2
"IM-23-122-IOGO","8039832543","Maziba","Pf3D7_06_v3-1282656-1282930-1A","AAGATATGGAAGAAATATGATAAAGAAAACAATAAATATATATTGTCTCATTTTATTCCCCAATTTATTGAAGACTTAAATTTGAAGGATGAATTCCGAAATTTATTTGATGGATTTGTAAATGATTTGGATATTCTATTATATTCAGAATTTAAAGCATTTTATTTACAAATGAAGCAAAAAGATATAAATGAACTGAAAAATTCTGA","Pf3D7_06_v3-1282656-1282930-1A.4",".",35,0.0483425414364641,2
"IM-23-122-IOGO","8039832543","Maziba","Pf3D7_06_v3-1235395-1235658-1A","GAATATGATAAAATATATATACCAAACAATAAAAATAAAATTAATAATATAAATAATTTTTTAATAAAAAACAATTTGCTGTTGAAATCCAAATTTATGAGAATAACTCCTAATACCTATTTATGTCGTAATTGTGTCCTGTTATATCAAAATGATTTTTCGTATAATACATATGAAGAAGAAATTAATAAAATGG","Pf3D7_06_v3-1235395-1235658-1A.1","56+8N65+8N",8,0.0159680638722555,2
"IM-23-122-IOGO","8039832543","Maziba","Pf3D7_06_v3-145285-145531-1A","TCAACAAAAGCTGATGAATCATCATAATTTGAATAAAATTTATCATTCACAATATTATATTTTTGTTTCTTCTTTTTTCCCATAATATTATTATTTTGTTCACAATATATGTTCATGTGTCCCCTCTTTTTCTGTAAAATATTAAAATGTTTCTTAGTATGCTTCTCTTCATTTTTAATAACA","Pf3D7_06_v3-145285-145531-1A.2","72+8N157G",276,0.1104,2
"IM-23-122-IOGO","8039832543","Maziba","Pf3D7_09_v3-1406342-1406614-1A","TCTCAGATTATCATAGTGTTGTGGATGAAGATTTAATTAATTTTAATGATGATGTTACTTTAGAAACACAATCCATGATAGCACACGGAGGGTCTTTGTCAGAAATAGAAGAAACTGGAGATTTATCTTCAGATGTTGATAGATTACATTCATCAATCGAAACTACTCCAAGAGATGATGTTGTATATATACGAGGTGATATTGTATT","Pf3D7_09_v3-1406342-1406614-1A.2",".",114,0.101243339253996,3
"IM-23-122-IOGO","8039832543","Maziba","Pf3D7_03_v3-221295-221532-2","AAGGAACAAGAAGGATAATACCATTATTAATCCTATTGAACTATTTACGACATTAAACACACTGGAACATTTTTCCATTTTACAAATTTTTTTTTCAATATCATTTATATAATCTAATTGGTCTTTAGGTTTATCAGCAGAGCCAGGCTTTATTCTAACTTGAATACCATTTCCACAAGTTA","Pf3D7_03_v3-221295-221532-2.8","86+11N107A108T120G135C",5,0.00350631136044881,5
"IM-23-122-IOGO","8039832543","Maziba","Pf3D7_02_v3-628941-629172-1A","ACTTTTTTTAGATTTTTCTTGATCGTTTTCATCATTTTTTATTTCCTGTTCATCTGAGGTTTTCTTTTGTAAACGCTTAGTGCGTTTCTTTTGACCTTTTAATTTTTTTTTAAATATATTTTTAACTTGATCAATGAAGAAAGCATAATCTTGTATGACAGAAAATCT","Pf3D7_02_v3-628941-629172-1A.1","2+9N34+8N87T102+11N",1485,0.84375,3
"IM-23-122-IOGO","8039832543","Maziba","Pf3D7_14_v3-279563-279833-1A","CATTTTTCTTTTAAATGAGAGCAATATATTTCTTAGGTTTATTCCGGATAAATGTTTAGTTATTAGCCAGGTGAGTTATAGTGATTCATATAAGGTAAATTGTATTAATTTCTCTGAAGGATTTTGTTGCTGTCATCCAATAAATAATTTAGCACTATTATATGGAGAGTATCAACAAAATCAAGAATCAAAAATTATGAAATTACCG","Pf3D7_14_v3-279563-279833-1A.2","77T",27,0.0443349753694581,2
"IM-23-122-IOGO","8039832543","Maziba","Pf3D7_09_v3-164045-164311-1A","ATCAACTGGTGTTGCAAAACCATTAGTTACCAATTTTAATTCTCCATTTAGTGCTTTTGGTAAAACAAATACCAGTGATATATTTAAAACTAATACTACTGCATCAACTACAAATGCAACTGCAAATGCAACTCCTGCTCCCTTTGGATCAGCATTTGGAGCGCAAAAGAATAATGATAGCTTGTTTGGAAATAATGCATTCAAGCTTTCG","Pf3D7_09_v3-164045-164311-1A.4","126A",885,0.709703287890938,3
"IM-23-122-IOGO","8039832543","Maziba","Pf3D7_09_v3-164045-164311-1A","ATCAACTGGTGTTGCAAAACCATTAGTTACCAATTTTAATTCTCCATTTAGTGCTTTTGGTAAAACAAATACCAGTGATATATTTAAAACTAATACTACTGCATCAACTACAAATGCAACTGCAACTGCAACTCCTGCTCCCTTTGGATCAGCATTTGGAGCGCAAAAAAATAATGATAGCTTGTTTGGAAATAATGCATTCAAGCTTTCG","Pf3D7_09_v3-164045-164311-1A.3","169A",125,0.100240577385726,3
"IM-23-122-IOGO","8039832543","Maziba","Pf3D7_09_v3-164045-164311-1A","ATCAACTGGTGTTGCAAAACCATTAGTTACCAATTTTAATTCTCCATTTAGTGCTTTTGGTAAAACAAATACCAGTGATATATTTAAAACTAATACTACTGCATCAACTACAAATGCAACTGCAACTGCAACTCCTGCTCCCTTTGGATCAGCATTTGGAGCGCAAAAGAATAATGATAGCTTGTTTGGAAATAATGCATTCAAGCTTTCG","Pf3D7_09_v3-164045-164311-1A.1",".",237,0.190056134723336,3
"IM-23-122-IOGO","8039832543","Maziba","Pf3D7_12_v3-684011-684240-1A","ACCTAATGTTGGTAAGTCTACCATTTTTAATCGACTAACTCGAAAATATCAAGATGGTAGTATTGTTTTAGATGTTAGTAGTACGAGAGATAAACTTTATGGAGAAGTTGAGTGGGAAGGATATAAATTTGAACTTGTGGATACAGGAGGTTTAGTTTTTGA","Pf3D7_12_v3-684011-684240-1A.3",".",362,0.212067955477446,4
"IM-23-122-IOGO","8039832543","Maziba","Pf3D7_09_v3-202854-203106-1A","AATATACAAAGAATGCATATGATAAAATATTCTTTGTCCTTTAAAATTTTTTGTTCTTGTACTTTGTTTTTTATAATCTATTAAATTCATATCTGATGAAATATCATATTTATATTCCCCTTTATGAGCATTTACAAAAGTTTCGTTATTTCTTTTATTAATATATGTATTTGAGCACATATATTTAT","Pf3D7_09_v3-202854-203106-1A.7","16C46+8N66+8N146T",1,0.000517330574236937,4
"IM-23-122-IOGO","8039832543","Maziba","Pf3D7_12_v3-857050-857323-1A","ATATAATTTTAAGATGTCCTATCAAGACGTTCAGGAAAAAAAAAATGAAGATATAAATTATGATGAAATAGCTAGCAGCATGCTAGAGAAGATGGACAAACATATAAATGGAGAAAAACAACCAACGATACATTATGAAAATTTAAATGTACAAGAGCAAGGGGGAGCACATGCTTATTACTCAAATCAAGATATAAATAACATAAATA","Pf3D7_12_v3-857050-857323-1A.2","35+12N162G",192,0.302839116719243,2
"IM-23-122-IOGO","8039832543","Maziba","Pf3D7_08_v3-1375025-1375284-1B","CAAGTTATTATTAAATGCGGAATTATTCTATATAAAAATAAAAAAGCATTTAAAAATGAAAAAATTTATATATATACAATATATAAATATAGATATATATATATATATATATATTATTATTATATGTATTTTTATAATTGAATGATATATTTATTTCTATTTGCAATTAAAATGCTTACGTTATCTAACAAAAGTACGGAGGCAAAA","Pf3D7_08_v3-1375025-1375284-1B.30","39+8N58+8N67+53N",45,0.978260869565217,2
"IM-23-122-IOGO","8039832543","Maziba","Pf3D7_09_v3-202854-203106-1A","AATATACAAAGAATGTATATGATAAAATATTCTTTGTCCTTTAAAATTTTTTGTTCTTGTACTTTGTTTTTTATAATCTATTAAATTCATATCTGATGAAATATCATATTTATATTCCCCTTTATGAGCATTTACAAAAGTTTCGTTATTTCTTTTATTAATATATGTATTTGAGCACATATATTTAT","Pf3D7_09_v3-202854-203106-1A.2","46+8N66+8N146T",1781,0.921365752715986,4
"IM-23-122-IOGO","8039832543","Maziba","Pf3D7_09_v3-270915-271160-1A","CTTTGTATGTATTATCTGTTGTTTTATCTTCACCTTGATTTCCTGTACTTGTAGATTCAGTAGATGGACCTTCAGAACCTGATAATTCATTACTAGTAGATGCAGCACTTGTACTTTTAGATTGTTCTTTTAATGGTCCCATATATTTGTATAATTCTATTTCTAAATCTTGATCCTTGGTTTTTTCTTCTAA","Pf3D7_09_v3-270915-271160-1A.2","85A91T180+8N",199,0.0995497748874437,2
"IM-23-122-IOGO","8039832543","Maziba","Pf3D7_13_v3-1004740-1005002-1A","TTACATCGTAAAAATAATTTAAAATATTATATATATTATCTTTTCCTTTTGGGGGGTCTCTTTTCTTTATATATATATTTACATTTCTCTTCATTTTATTACATGATAAATTAATATTTAATGTACTAATATATATATTATTAATTTTTATTTTCTTCTTCTTTTTTATATTAAAACAAAATGAAGATTCATTAA","Pf3D7_13_v3-1004740-1005002-1A.24","50+8N161+8N191A",68,0.764044943820225,3
"IM-23-122-IOGO","8039832543","Maziba","Pf3D7_13_v3-1004740-1005002-1A","TTACATCGTAAAAATAATTTAAAATATTATATATATTATCTTTTCCTTTTGGGGGGTCTCTTTTCTTTATATATATATTTACATTTCTCTTCATTTTATTACATGATAAATTAATATTTAATGTACTAATATATATATTATTAATTTTTATTTTCTTCTTCTTTTTTATATTAAAACAAAATGAAGATTCTTTAA","Pf3D7_13_v3-1004740-1005002-1A.1","50+8N161+8N",5,0.0561797752808989,3
"IM-23-122-IOGO","8039832543","Maziba","Pf3D7_08_v3-585331-585590-1A","TGAAAACTTTTCATGTACGGTTAATAAACAAAATAATTCTGAATTATATATAAGTAAAACTTCTTCTACATCTCTAAATTTATGCATTGTAGCTCTTTTAAGATAATAAGGCAAATATTTTACAATATATTTTTGTTTAAAAAAACCTTGATGACCAACATTAATATCTTCCATTTTGGAAAAGGTTCCACTTAACG","Pf3D7_08_v3-585331-585590-1A.1","138+9N",46,0.0397579948141746,2
"IM-23-122-IOGO","8039832543","Maziba","Pf3D7_14_v3-279563-279833-1A","CATTTTTCTTTTAAATGAGAGCAATATATTTCTTAGGTTTATTCCGGATAAATGTTTAGTTATTAGCCAGGTGAGTAATAGTGATTCATATAAGGTAAATTGTATTAATTTCTCTGAAGGATTTTGTTGCTGTCATCCAATAAATAATTTAGCACTATTATATGGAGAGTATCAACAAAATCAAGAATCAAAAATTATGAAATTACCG","Pf3D7_14_v3-279563-279833-1A.1",".",582,0.955665024630542,2
"IM-23-122-IOGO","8039832543","Maziba","Pf3D7_08_v3-336421-336651-1A","TAACAACGAACCCATAAATTTACAGAAAAATTTAGATTTAATCATATGGCTAAAAAAGAATATAAAAGAAGGAGAAGCTTTAATTTCTGATATACCTACATCAAGTTTTTTAAGGTGTACTACAAATTATAAATTTGTATTGCATCCACAATATGAAGATAGT","Pf3D7_08_v3-336421-336651-1A.5","51+8N97T105+8N",1,0.000382995021064726,5
"IM-23-122-IOGO","8039832543","Maziba","Pf3D7_08_v3-336421-336651-1A","TAACAACGAACCCATAAATTTACAGAAAAATTTAGATTTAATCATATGGCTAAAAAAGAATATAAAAGAAGGAGAAGCTTTAATTTCTGATATACCTACATCAAGTTTTTTAAGGTGTACTACAAATTATAAATTTGTATTGCATCCCCAATATGAAGATAGT","Pf3D7_08_v3-336421-336651-1A.3","51+8N97T105+8N148C",256,0.0980467253925699,5
"IM-23-122-IOGO","8039832543","Maziba","Pf3D7_08_v3-399693-399961-1A","CTTTTCTTCACCTTGGTTTATTACATTATTATTTTCATCATTGTGTTGAATGTCCTTATAAATATGTTCATTAATAATATCTTTGGAAGTATCTTCCATATTTTCTTCTTTATCAATTTTAAATACTTTTTCATAACTTTCATTTTCTTTTTTCTCCTTGGATGTTTCTAATTTATTCAAGTCATTTTTATCAAAATTATTTTTATAACTTTCA","Pf3D7_08_v3-399693-399961-1A.3","147+8N179A180A",856,0.741767764298094,4
"IM-23-122-IOGO","8039832543","Maziba","Pf3D7_08_v3-399693-399961-1A","CTTTTCTTCACCTTGGTTTATTACATTATTATTTTCATCATTGTGTTGAATGTCCTTATAAATATGTTCATTAATAATATCTTTGGAAGTATCTTCCATATTTTCTTCTTTATCAATTTTAAATACTTTTTCATAACTTTCATTTTCTTTTTTCTCCTTGGATGTTTCTAATTTATTCTCGTCATTTTTATCAAAATTATTTTTATAACTTTCA","Pf3D7_08_v3-399693-399961-1A.1","147+8N",219,0.189774696707106,4
"IM-23-122-IOGO","8039832543","Maziba","Pf3D7_08_v3-399693-399961-1A","CTTTTCTTCACCTTGGTTTATTACATTATTATTTTCATCATTGTGTTGAATGTCTTTATAAATATGTTCATTAATAATATCTTTGGAAGTATCTTCCATATTTTCTTCTTTATCAATTTTAAATACTTTTTCATAACTTTCATTTTCTTTTTTCTCCTTGGATGTTTCTAATTTATTCAAGTCATTTTTATCAAAATTATTTTTATAACTTTCA","Pf3D7_08_v3-399693-399961-1A.4","55T147+8N179A180A",1,0.000866551126516464,4
"IM-23-122-IOGO","8039832543","Maziba","Pf3D7_14_v3-294503-294768-2","CAGAATTTAGATGTTATCAAAGTCCCATTCTTACCTTTCTATGTAACTCTTTGTAACAACAGCAAATTACCAACTTTTGAATTTACCTCAGAAAATGGTAAATACACATTAGAACCTGAATACTACCTTCAACACATAGAAGATGTTGGTCCAGGATTATGTATGCTTAATATCATAGGATTAGATTTTCCAGTACCAACCTTTA","Pf3D7_14_v3-294503-294768-2.1",".",1586,1,1
"IM-23-122-IOGO","8039832543","Maziba","Pf3D7_08_v3-412801-413062-1A","ATGAAGAAATATACGAATATATACTTATAAACGATATTTTTAATTTAAAAAAAGAAATAAAAAATTTCAATATATTAAATAAATATGATGTATTTGAATATATTATTATTATTTTAAAATTGTATGATAAAATATATCCTGATGCAAAGTACATCGAATGTGTACGAGAAACATCACAGAATGGTGACCTTTTA","Pf3D7_08_v3-412801-413062-1A.1","46+9N58+8N101+13N188C190T",234,0.879699248120301,2
"IM-23-122-IOGO","8039832543","Maziba","Pf3D7_06_v3-1128558-1128797-1A","ATTGAATCGTTGGTGTTTATTTTATTATTCCTCTTTTGTTTTTCAATGAATACAAATGTTTCATCGACACTATCTTTATGATCTATTGGTATGGCATGATTTTCTAAATTGCTATTTCTTTCATTAGAATTGTATTTTTCACTATTATAGGTTGAGGTTTTACTACATTTTATATTTTT","Pf3D7_06_v3-1128558-1128797-1A.1",".",1343,0.98029197080292,2
"IM-23-122-IOGO","8039832543","Maziba","Pf3D7_08_v3-549583-549807-1B","ACGTGCTGTTCAAAGAATGTTTGAAATGATAAATGAAGGTGCTAGTGTTATAGATATAGGTGGAGAATCCTCTGGTCCTTTTGTTATACCTAATCCAAAAATTAGTGAAAGAGATTTAGTAGTACCTGTATTACAATTATTTCAAAAAGAATGGAATGATATAAA","Pf3D7_08_v3-549583-549807-1B.1",".",2078,1,1
"IM-23-122-IOGO","8039832543","Maziba","Pf3D7_08_v3-549960-550215-1B","GATGAACTAACAAATTATGATAATCTAGTTTATGATATAAAAAATTATTTAGAACAAAGATTAAATTTTCTTGTATTAAATGGAATACCTCGTTATAGGATACTATTTGATATTGGATTAGGATTTGGGAAGAAACATGATCAATCTATTAAACTCTTACAAAATATACATGTATATGATGAGTATCCACTT","Pf3D7_08_v3-549960-550215-1B.3","4G38+8N128G",529,0.82398753894081,2
"IM-23-122-IOGO","8039832543","Maziba","Pf3D7_08_v3-550057-550318-2","ACTATTTGATATTGGATTAGGATTTGCGAAGAAACATGATCAATCTATTAAACTCTTACAAAATATACATGTATATGATGAGTATCCACTTTTTATTGGATATTCAAGAAAAAGATTTATTGCCCATTGCATGAATGATCAAAATGTTGTAATAAATACACAACAAAAATTACATGATGAACAACAAAATGAAAATAAAAATA","Pf3D7_08_v3-550057-550318-2.1",".",316,0.17643774427694,2
"IM-23-122-IOGO","8039832543","Maziba","Pf3D7_08_v3-550057-550318-2","ACTATTTGATATTGGATTAGGATTTGGGAAGAAACATGATCAATCTATTAAACTCTTACAAAATATACATGTATATGATGAGTATCCACTTTTTATTGGATATTCAAGAAAAAGATTTATTGCCCATTGCATGAATGATCAAAATGTTGTAATAAATACACAACAAAAATTACATGATGAACAACAAAATGAAAATAAAAATA","Pf3D7_08_v3-550057-550318-2.2","27G",1475,0.82356225572306,2
"IM-23-122-IOGO","8039832543","Maziba","Pf3D7_02_v3-291770-292017-1A","TAATATCATAAGGTTTGAATATTTTCCTCTCAGGTATTATACCAACAGAAGGTTTATCATCATCTTTAAAACCTGCTCTATCTTTAACCCAATGATTAGGATTTTTTAAACATAAAGCTGGATTCTTTAATAAATCTTTCATATGTTCCATATTATTTTCTTCATTTATATATGATTCTAC","Pf3D7_02_v3-291770-292017-1A.3","92A101+8N",1137,0.948290241868224,3
"IM-23-122-IOGO","8039832543","Maziba","Pf3D7_02_v3-291770-292017-1A","TAATATCATAAGGTTTGAATATTTTCCTCTCAGGTATTATACCAACAGAAGGTTTATCATCATCTTTAAAACCTGCTCTATCTTTAACCCATTGATTAGGATTTTTTAAACATAAAGCTGGATTCTTTAATAAATCTTTCATATGTTCCATATTATTTTCTTCATTTATATATGATGCTAC","Pf3D7_02_v3-291770-292017-1A.1","101+8N177G",50,0.0417014178482068,3
"IM-23-122-IOGO","8039832543","Maziba","Pf3D7_02_v3-470437-470709-1A","AATATTGACATGAAACATTATAATACACATAAGAAAAAAAAAATTTATTTATTCTTACAAAAAGAATATAAAAACAAAATTTTGGGATTTATAAATTTTTATAAACATATAACACACAAAATAAAAAAGAAACAAGAAAATGTTCATGATAAAATCACTTTTTTAAAATGTCTAAAGGAACTCTTTTTTGTCACACATACAAATA","Pf3D7_02_v3-470437-470709-1A.2","33+12N122+8N158+8N183+8N",66,0.0882352941176471,3
"IM-23-122-IOGO","8039832543","Maziba","Pf3D7_06_v3-1192628-1192867-1A","GATTATATATTTCTATATTTTAATAAGAATGCGTTACACAAACATGATGCCTCTAATGAAATGTGTTTTGTGAAAAACGAAGATTCTACACGCACAAAAGGACATATGAATGATGAACAAAATGATTTATATAAAATAAATAATAATACAACATATTTTTTTAACAAAAACCACT","Pf3D7_06_v3-1192628-1192867-1A.1","30T155+9N",1924,1,1
"IM-23-122-IOGO","8039832543","Maziba","Pf3D7_12_v3-529495-529767-1A","GCTCCCCAAAAGTTAACTGCTTCATTATTTTGTGGATCCCAAAAACTAACATTCGTTACCCATCCAACATAATCGGTAGATATCCTATATTCATAACTACTACAGAAATATTTATACTCATGGTATACATTTGCATCATTTACATCTACCAAATTAACAGTTTTACACAAATTGTGAATTCCATTCAAGTTATAAAAACCTGTACAT","Pf3D7_12_v3-529495-529767-1A.4","180T",153,0.188423645320197,4
"IM-23-122-IOGO","8039832543","Maziba","Pf3D7_08_v3-585331-585590-1A","TGAAAACTTTTCATGTACGGTTAATAAACAAAATAATTCTGAATTATATATAAGTAAAACTTCTTCTACATCTCTAAATTTATGCATTGTAGCTCTTTTAATATAATAAGGCAAATATTTTACAATATATTTTTGTTTAAAAAAACCTTGATGACCAACATTAATATCTTCCATTTTGGAAAAGGTTCCACTTAACG","Pf3D7_08_v3-585331-585590-1A.2","102T138+9N",1111,0.960242005185825,2
"IM-23-122-IOGO","8039832543","Maziba","Pf3D7_08_v3-585703-585949-1A","AAACACATCATCAAAAGTTTCTGATATTGGCTTGTTTGATTCTTTATATTTAAAATCTTTATATAAATAAAATCTATCTTTCTTAAAATATGGATCTTTACGTACTTCAATCGAATCCCTATCAGTTACAATATTTATATCTTTTAATGTTAAGTGGAAATTAGAATCAATAATAGCTA","Pf3D7_08_v3-585703-585949-1A.2","118C",4,0.00234192037470726,3
"IM-23-122-IOGO","8039832543","Maziba","Pf3D7_08_v3-585703-585949-1A","AAACACATCATCAAAAGTTTCTGATATTGGCTTGTTTGATTCTTTATATTTAAAATCTTTATATAAATAAAATCTATCTTTCTTAAAATATGGATCTTTACGTAGTTCAATCGAATCACTATCAGTTACAATATTTATATCTTTTAATGTTAAGTGGAAATTAGAATCAATAATAGCTA","Pf3D7_08_v3-585703-585949-1A.4","105G",83,0.0485948477751756,3
"IM-23-122-IOGO","8039832543","Maziba","Pf3D7_08_v3-585703-585949-1A","AAACACATCATCAAAAGTTTCTGATATTGGCTTGTTTGATTCTTTATATTTAAAATCTTTATATAAATAAAATCTATCTTTCTTAAAATATGGATCTTTACGTAGTTCAATCGAATCCCTATCAGTTACAATATTTATATCTTTTAATGTTAAGTGGAAATTAGAATCAATAATAGCTA","Pf3D7_08_v3-585703-585949-1A.3","105G118C",1621,0.949063231850117,3
"IM-23-122-IOGO","8039832543","Maziba","Pf3D7_06_v3-145285-145531-1A","TCAACAAAAGCTGATGAATCATCATAATTTGAATAAAATTTATCATTCACAATATTATATTTTTGTTTCTTCTTTTTTCCCATAATATTATTATTTTGTTCACAATATATGTTCATGTGTCCCCTCTTTTTCTGTAAAATATTAAAATGTTTCTTACTATGCTTTTCTTCATTTTTAATAACA","Pf3D7_06_v3-145285-145531-1A.1","72+8N165T",2224,0.8896,2
"IM-23-122-IOGO","8039832543","Maziba","Pf3D7_12_v3-659881-660127-1A","GGTGGTTTAACATTTTCAGCTACGACTTTTTCGACTGATGGCAATCCTACTTTGATTAATTCCTTTAACATAGATTTTGCGTGTCTTTTTACTTCTGATTTGATATCAAAGCTTGATTCTAAAAAGGTTGGTGAATTTTTTTGTAAAACACTGACAAGTTCATTTGATATGGTCTCTGCTAAATCATCACCA","Pf3D7_12_v3-659881-660127-1A.8","26C27T35C83+9N135+9N",226,0.157491289198606,8
"IM-23-122-IOGO","8039832543","Maziba","Pf3D7_02_v3-630641-630907-1A","CTAAGTTATCTAAAATTATTAATTTTTTCAAATATGGTAATTCATGTCTATGAAGTAATAAGCCATCAACTAAATCTAAATCTAAACATAACCATTCTAATTTCGTTTCATTTAATATGTTTACAATTACATCTATACTAAAGTTAGAATGTAAAATCAAGGTTGTTACACCACTCATCATAGCTGCCATATCAACAAT","Pf3D7_02_v3-630641-630907-1A.3","22+8N",73,0.0799561883899233,3
"IM-23-122-IOGO","8039832543","Maziba","Pf3D7_09_v3-1406342-1406614-1A","TCTCAGATTATCATAGTGTTGTGGATGAAGATTTAATTAATTTTAATGATGATGTTACTTTAGAAACACAATCCATGATAGCACACGGAGGGTCTTTGTCAGAAATAGAAGAAACTGGAGATTTATCTTCAGATGTTGATAGATTACTTTCATCAATCGAAACTACTCCAAGAGATGATGTTGTATATATACGAGGTGATATTATATT","Pf3D7_09_v3-1406342-1406614-1A.1","148T204A",16,0.0142095914742451,3
"IM-23-122-IOGO","8039832543","Maziba","Pf3D7_09_v3-163813-164052-1A","GTAATAATAATAATAATAATGTATTTCTTTCATCAAGTGATCCAAATAAATTAAACACAACACCATCACCATTTGGTTTATCATCTATTGGAAATCTAAATACAAACAATAAATTAAATAGCTTTCCAGACTTTAGTCAAGCTAATAAAACATTTCTACAAAATGATAGCTTAT","Pf3D7_09_v3-163813-164052-1A.2","2+19N28T",287,0.233523189585028,2
"IM-23-122-IOGO","8039832543","Maziba","Pf3D7_09_v3-163813-164052-1A","GTAATAATAATAATAATAATGTATTTCTTTCATCAAGTGATCCAAATAAATTAAACACAACACCATCACCATTTGGTTTATCATCTATTGGAAATCTAAATACAAACAATAAATTAAATAGCTTTCCAGATTTTAGTCAAGCTAATAAAACATTTCTACAAAATGATAGCTTAT","Pf3D7_09_v3-163813-164052-1A.1","2+19N28T131T",942,0.766476810414972,2
"IM-23-122-IOGO","8039832543","Maziba","Pf3D7_12_v3-684011-684240-1A","ACCTAATGTTGGTAAGTCTACCATTTTTAATCGACTAACTCGAAAATATCAAGATGGTAGTATTGTATTAGATGTTAGTAGTACGAGAGATAAACTTTATGGAGAAGTTGAGTGGGAAGGATATAAATTTGAACTTGTGGATACAGGAGGTTTAGTTTTTGA","Pf3D7_12_v3-684011-684240-1A.1","67A",1290,0.755711775043937,4
"IM-23-122-IOGO","8039832543","Maziba","Pf3D7_12_v3-684011-684240-1A","ACCTAATGTTGGTAAGTCTACCATTTTTAATCGACTAACTCGAAAATATCAAGATGGTAGTATTGTTTTAGAGGTTAGTAGTACGAGAGATAAACTTTATGGAGAAGTTGAGTGGGAAGGATATAAATTTGAACTTGTGGATACAGGAGGTTTAGTTTTTGA","Pf3D7_12_v3-684011-684240-1A.4","73G",50,0.0292911540714704,4
"IM-23-122-IOGO","8039832543","Maziba","Pf3D7_12_v3-684011-684240-1A","ACCTAATGTTGGTAAGTCTACCATTTTTAATCGACTAACTCGAAAATATCAAGATGGTAGTATTGTTTTAGATGATAGTAGTACGAGAGATAAACTTTATGGAGAAGTTGAGTGGGAAGGATATAAATTTGAACTTGTGGATACAGGAGGTTTAGTTTTTGA","Pf3D7_12_v3-684011-684240-1A.6","75A",5,0.00292911540714704,4
"IM-23-122-IOGO","8039832543","Maziba","Pf3D7_14_v3-2260533-2260765-1A","AATAACCATCAAATACAAACTCAACCAACAAATACAGTACAATATATTCAACCAAATTATCAACAAGTCATAACACAAGTAGATCAAAATGGTAATCTATTCAATCAACAGCTTGTAGGAAGTACAGTAATGCAAAATATGACACCACAAGGTGTAAACACGTTAAATTATCCTGCAACG","Pf3D7_14_v3-2260533-2260765-1A.3","61C91G",1268,0.699393270821842,3
"IM-23-122-IOGO","8039832543","Maziba","Pf3D7_12_v3-857050-857323-1A","ATATAATTTTAAGATGTCCTATCAAGACGTTCAGGAAAAAAAAAATGAAGATATAAATTATGATGAAATAGCTAGCAGCATGCTAGAGAAGATGGACAAACATATAAATGGAGAAAAACAACCAACGATACATTATGAAAATTTAAATGTACAAGAGCAAGAGGGAGCACATGCTTATTACTCAAATCAAGATATAAATAACATAAATA","Pf3D7_12_v3-857050-857323-1A.1","35+12N",442,0.697160883280757,2
"IM-23-122-IOGO","8039832543","Maziba","Pf3D7_03_v3-221295-221532-2","AAGGAACAAGAAGGATAATACCATTATTAATCCTATTGAACTATTTACGACATTAAACACACTGGAACATTTTTCCATTTTACAAATTTTTTTTTCAATATCATTTTCATAATCTAATTCGTTTTTAGGTTTACCAGCAGAGCCAGGCTTTATTCTAACTTGAATACCATTTCCACAAGTTA","Pf3D7_03_v3-221295-221532-2.4","86+11N107T123T134C135C",19,0.0133239831697055,5
"IM-23-122-IOGO","8039832543","Maziba","Pf3D7_14_v3-2260533-2260765-1A","AATAACCATCAAATACAAACTCAACCAACAAATACAGTACAATATATTCAACCAAATTATGAACAAGTCATAACACAAGTAGATCAAAATGGTAATCTATTCAATCAACAGCTTGTAGGAAGTACAGTAATGCAAAATATGACACCACAAGGTGTAAACACGTTAAATTATCCTGCAACG","Pf3D7_14_v3-2260533-2260765-1A.1","91G",430,0.237175951461666,3
"IM-23-122-IOGO","8039832543","Maziba","Pf3D7_03_v3-221295-221532-2","AAGGAACAAGAAGGATAATACCATTATTAATCCTATTGAACTATTTACGACATTAAACACACTGGAACATTTTTCCATTTTACAAATTTTTTTTTCAATATCATTTTCATAATTTAATTGGTCTTTAGGTTTATTAGCAGAGCCAGGCTTTATTCTAACTTGAATACCATTTCCACAAGTTA","Pf3D7_03_v3-221295-221532-2.13","86+11N107T114T120G",12,0.00841514726507714,5
"IM-23-122-IOGO","8039832543","Maziba","Pf3D7_03_v3-221463-221712-1B","ACTTGAATACCATTTCCACAAGTTACACTACATGGGGACCATTCAGTTGAAAGAGAATTTTGTATTATCTTTAAATATTTTTCTATGTGCTGATCACTTGGTTCTTCGTTATTATTATTTTTTACAGCATTGTTGGCATTAGCATTTTCATCTACATTTCGGTTTGGGTCATTTGGCATATTGTGACCTTGTC","Pf3D7_03_v3-221463-221712-1B.28","67A69C80T83C92G117+8N130T",449,0.659324522760646,6
"IM-23-122-IOGO","8039832543","Maziba","Pf3D7_08_v3-1386786-1387035-2","TTGTCTCCTTTGTCGCAGCATGCCTTTCATTAGCTGCTATAGCTTGTGTTATCTTAACTTCATTATAAAAAAAATATACTTCGATAAAAGGTACATATACCATGCTGGTCAATGATATTAGCATGCGACATTCTAATATATCCATTATGAACAAGGTGAACAAGAATATTGGGATTATTGAAATTGT","Pf3D7_08_v3-1386786-1387035-2.1","66+10N",1243,1,1
"IM-23-122-IOGO","8039832543","Maziba","Pf3D7_08_v3-1386795-1387043-1B","TCCTTTGTCGCAGCATGCCTTTCATTAGCTGCTATAGCTTGTGTTATCTTAACTTCATTATAAAAAAAATATACTTCGATAAAAGGTACATATACCATGCTGGTCAATGATATTAGCATGCGACATTCTAATATATCCATTATGAACAAGGTGAACAAGAATATTGGGATTATTGAAATTGTCTGCATTA","Pf3D7_08_v3-1386795-1387043-1B.1","61+10N",1031,1,1
"IM-23-122-IOGO","8039832543","Maziba","Pf3D7_13_v3-1041593-1041860-1AB","CAAGATTGAAGTATTACATATCTCAGAAATTAAATGTATGCCCAAGAGATGTAAATGCACACATTGTAGGTGCTCATGGAAATAAAATGGTTCTTTTAAAAAGATACATTACTGTAGGTGGTATCCCTTTACAAGAATTTATTAATAACAAGTTAATTTCTGATGCTGAATTAGAAGCTATATTTGATAGAACTGTTAATACT","Pf3D7_13_v3-1041593-1041860-1AB.1",".",1052,1,1
"IM-23-122-IOGO","8039832543","Maziba","Pf3D7_13_v3-1146764-1147010-1A","AAATTTTCTCCTAAAGTTATGCCTTTGTTAATGAAGGAGAAGAACGTGAAACATAAAGCACCTCCTAAAGGTACTATAAAGCATACGCTAGAATATTTAAAAAGAGCAGCAGAATCAAGAATGAAAGAAAATGAATTATACAAATCAAAAAAAGATAGCACACTTAGTTCAATTGCAATTAGAAAAAATTCC","Pf3D7_13_v3-1146764-1147010-1A.2","64C146+9N182+8N",1302,0.803703703703704,2
"IM-23-122-IOGO","8039832543","Maziba","Pf3D7_13_v3-1146764-1147010-1A","AAATTTTCTCCTAAAGTTATGCCTTTGTTAATGAAGGAGAAGAACGTGAAACATAAAGCACCTCCTAAAGGTACTATAAAGCATACGCTAGAATATTTAAAAAGAGCAGGAGAATCAAGAATGAAAGAAAATGAATTATACAAATCAAAAAAAGATAGCACACTTAGTTCAATTGCAATTAGAAAAAATTCC","Pf3D7_13_v3-1146764-1147010-1A.1","64C110G146+9N182+8N",318,0.196296296296296,2
"IM-23-122-IOGO","8039832543","Maziba","Pf3D7_13_v3-1233093-1233332-1A","TCTATATGATCCTTATTTTTATCTTCATCACATTTATAATTTACATAATTTTCGACGTCATCATTTTCATTATTACTCATAATTGAATTATCCACAATGCTTGCCTCTTTTACAGCTTTACAAAGTTGGTAAAAAATATGATAATTCCTTTCACCTTCTTGTTGATCACACACCCGAACC","Pf3D7_13_v3-1233093-1233332-1A.2","100C130+8N",27,0.0133597229094508,2
"IM-23-122-IOGO","8039832543","Maziba","Pf3D7_14_v3-2858894-2859160-1A","ATAGATTTTAATGACATAAAAAACACAACAAATGAGTATAATAATTTTGAGGAACATAATTATCAAGATGATAAATTTATATTTAATAAAGATATACATAATATTCTTTTAGAATTAAAGGAATCATTAAATGACATATCACGTGGAAGACTAAATACATTGATAAGAGATAATAAAATAAGTAGTTATATAATATATCA","Pf3D7_14_v3-2858894-2859160-1A.2","15C17+8N28A188A",524,0.744318181818182,2
"IM-23-122-IOGO","8039832543","Maziba","Pf3D7_14_v3-2858894-2859160-1A","ATAGATTTTAATGACATAAAAAACACAACAAATGAGTATAATAATTTTGAGGAACATAATTATCAAGATGATAAATTTATATTTAATAAAGATATACATAATATTCTTTTAGAATTAAAGGAATCATTAAATGACATATCACGTGGAAGACTAAATACATTGATAAGAGATAATAAAATAAGTAGTTGTATAATATATCA","Pf3D7_14_v3-2858894-2859160-1A.1","15C17+8N28A",180,0.255681818181818,2
"IM-23-122-IOGO","8039832543","Maziba","Pf3D7_14_v3-293575-293829-1B","TTTTGTAGTGTAATGTGTGGTTTATTTTATTATGTGTATGAAAATGTATGGCTTCAAAGAGATAATGAAATGAATGAAATTTTAAAAAATTCCGAACATTTAACTATTGGATTTAAAGTTGAAAATGCACATGATAGAATTTTGAAAACTATAAAAACACATAAATTAAAAAATTACATTAAAGAAT","Pf3D7_14_v3-293575-293829-1B.1","83+8N167+8N",497,1,1
"IM-23-122-IOGO","8039832543","Maziba","Pf3D7_01_v3-528859-529104-1A","TTTGATTCTTTTTAATGAAAAAGAAGCTAAAGATATGTCAGACCATATAATTTCCCAACAAAAACGTTATTGCTCTACCAATATTCATAGTAATTATAATAATAAAATATGTATATGTAAAAATAAGCGACATCATAACAAAAGAGGGAAAGGAATAAAGCATCCTGACATACATCAAAAGG","Pf3D7_01_v3-528859-529104-1A.2",".",68,0.015733456732994,5
"IM-23-122-IOGO","8039832543","Maziba","Pf3D7_01_v3-528859-529104-1A","TTTGATTCTTTTTAATGAAAAAGAAGCTAAAGATATGTCAGACCATATAATTTCCCAACAAAAACGTTATTGCTCTACCAATATTCATAGTATTTATAATAATAAAATATGTATATGTAAAAATAAGCGACATCATAACAAAAGAGGGAAAGGAATAAAGCATCATGACATACATCAAAAGG","Pf3D7_01_v3-528859-529104-1A.4","93T165A",3712,0.858861638130495,5
"IM-23-122-IOGO","8039832543","Maziba","Pf3D7_08_v3-412801-413062-1A","ATGAAGAAATATACGAATATATACTTATAAACGATATTTTTAATTTAAAAAAAGAAATAAAAAATTTCAATATATTAAATAAATATGATGTATTTGAATATATTATTATTATTTTAAAATTGTATGATAAAATATATCCTGATGCAGAGTACATCGAATGTGTACGAGAAACATCACAGAATGGTGACCTTTTA","Pf3D7_08_v3-412801-413062-1A.4","46+9N58+8N101+13N147G188C190T",32,0.120300751879699,2
"IM-23-122-IOGO","8039832543","Maziba","Pf3D7_06_v3-1135605-1135855-1A","TATAAAGAATTTATACCACCTAAATTGTTAACATTAGAAGTATTATTTGTTTCTGTATTTTCTTGTAACGTATTTGTATTATTAATATTGTTAGATGAAATATTATGACTATTTCTTCTATTTGTTATATTTAAATTGTAAATAGTTTCATTACTAACACTACTGATACCACTGAAATGATTATTTAG","Pf3D7_06_v3-1135605-1135855-1A.2",".",192,0.203821656050955,2
"IM-23-122-IOGO","8039832543","Maziba","Pf3D7_08_v3-549960-550215-1B","GATGAACTAACAAATTATGATAATCTAGTTTATGATATAAAAAATTATTTAGAACAAAGATTAAATTTTCTTGTATTAAATGGAATACCTCGTTATAGGATACTATTTGATATTGGATTAGGATTTGCGAAGAAACATGATCAATCTATTAAACTCTTACAAAATATACATGTATATGATGAGTATCCACTT","Pf3D7_08_v3-549960-550215-1B.1","4G38+8N",113,0.17601246105919,2
"IM-23-122-IOGO","8039832543","Maziba","Pf3D7_02_v3-290580-290821-1A","TTATTATAAGGATTATAATTATTATCATTCTTATTATATGGATTAATATAATTTCGATCATTATCATTACTGTTTTTATCATATTGTGGATAATTATTTCTATTTCTATTTTGATTAAAATCCGATTGTCTATATCTAACTCTAATATCTGTAGATGCTAAATCATTAGGTAATGGG","Pf3D7_02_v3-290580-290821-1A.1","12+26N",8,0.00406710726995425,3
"IM-23-122-IOGO","8039832543","Maziba","Pf3D7_02_v3-291770-292017-1A","TAATATCATAAGGTTTGAATATTTTCCTCTCAAGTATTATACCAACAGAAGGTTTATCATCATCTTTAAAACCTGCTCTATCTTTAACCCATTGATTAGGATTTTTTAAACATAAAGCTGGATTCTTTAATAAATCTTTCATATGTTCCATATTATTTTCTTCATTTATATATGATTCTAC","Pf3D7_02_v3-291770-292017-1A.9","33A101+8N",12,0.0100083402835696,3
"IM-23-122-IOGO","8039832543","Maziba","Pf3D7_06_v3-1136091-1136364-1A","CATTATTTTTGTATCCAACGTCGTTATTATTAAAACTTATTATTTGATTAATAACTGACGAACCACATATATTTACACAATGGAATACATAACTTAAGAAAGAGTAGTAATTGCATTTTACTTTTTGCATTTTCCCTCTGGTGGAGAAATAATTATTATGCTGCTTATTACTTTTTGTATTATGATAATTTTTGGTAATCATTTTTTTT","Pf3D7_06_v3-1136091-1136364-1A.2","201+9N",211,0.218200620475698,2
"IM-23-122-IOGO","8039832543","Maziba","Pf3D7_06_v3-1140900-1141174-1A","CTTCCATGTGAGCTTCAAAATCGTCTGAAGGTCGACTAGACATGAAAAATTCAGATTGAGGTAAATCATCAAATGGATGATTTCTATATGATATTCTAGGTATTAATCCTAAGATATTATTTATGCTATTACATTGAGAATTTCCTTCATTGGTTGTGGTACTTATATCCACATTTTGGTGATCATCAAGATATAATGTATTTTCTTTAGAACTT","Pf3D7_06_v3-1140900-1141174-1A.1","189A",423,0.752669039145907,2
"IM-23-122-IOGO","8039832543","Maziba","Pf3D7_06_v3-1140900-1141174-1A","CTTCCATGTGAGCTTCAAAATCGTCTGAAGGTCGACTAGACATGAAAAATTCAGATTGAGGTAAATCATCAAATGGATGATTTCTATATGATATTCTAGGTATTAATCCTAAGATATTATTTATGCTATTACATTGAGAATTTCCTTCATTGGTTGTGGTACTTATATCCACATTTTGGTGATCATCAGGATATAATGTATTTTCTTTAGAACTT","Pf3D7_06_v3-1140900-1141174-1A.2",".",139,0.247330960854093,2
"IM-23-122-IOGO","8039832543","Maziba","Pf3D7_12_v3-529495-529767-1A","GCTCCCCAAAAGTTAACTGCTTCATTATTTTGTGGATCCCAAAAACTAACATTCGTTACCCATCCAACATAATCGGTAGATATCCTATATTCATAACTACTACAGAAATATTTATACTCATGGTATACATTTGCATCATTTACATCTACCAAATTAACAGTTTTACACAAATTGTGAATGCCATTCAAGTTATAAAAACCTGTACAT","Pf3D7_12_v3-529495-529767-1A.2",".",556,0.684729064039409,4
"IM-23-122-IOGO","8039832543","Maziba","Pf3D7_14_v3-1392837-1393086-1A","ACATGTATTGTCCCCAGCATGAATCGGGTGATAAATATTATCAAGCGTATCAAAAAATGGATTGTAATTATTACTACTATTCATATCATTATTTTTTGTGGTGGTGGACTGTGAAATGTTTTCCTTATGATTTTGACTTGTGTGTATATCCCTACCAACAACATATTCAACATTATTATTATCAAAAA","Pf3D7_14_v3-1392837-1393086-1A.2","51+8N91+8N",1639,0.98854041013269,2
"IM-23-122-IOGO","8039832543","Maziba","Pf3D7_14_v3-1392837-1393086-1A","ACATGTATTGTCCCCAGCATGAATCGGGTGATAAATATTATCAAGCGTATCAAAAAATGGATTGTAATTATTACTACTATTCATATCATTATTTTTTGTGGTGGTGGACTGTGAAATGTTTTCCTTATGATTTTGACTTGTGTGTATATCCCTACCAACAATATATTCAACATTATTATTATCAAAAA","Pf3D7_14_v3-1392837-1393086-1A.3","51+8N91+8N162T",19,0.01145958986731,2
"IM-23-122-IOGO","8039832543","Maziba","Pf3D7_12_v3-529495-529767-1A","GCTCCCCAAAAGTTAACTGCTTCATTATTTTTTGGATCCCAAAAACTAACATTCGTTACCCATCCAACATAATCGGTAGATATCCTATATTCATAACTACTACAGAAATATTTATACTCATGGTATACATTTGCATCATTTACATCTACCAAATTAACAGTTTTACACAAATTGTGAATGCCATTCAAGTTATAAAAACCTGTACAT","Pf3D7_12_v3-529495-529767-1A.1","32T",102,0.125615763546798,4
"IM-23-122-IOGO","8039832543","Maziba","Pf3D7_12_v3-529495-529767-1A","GCTCCCCAAAAGTTAACTGCTTCATTATTTTTTGGATCCCAAAAACTAACATTCGTTACCCATCCAACATAATCGGTAGATATCCTATATTCATAACTACTACAGAAATATTTATACTCATGGTATACATTTGCATCATTTACATCTACCAAATTAACAGTTTTACACAAATTGTGAATTCCATTCAAGTTATAAAAACCTGTACAT","Pf3D7_12_v3-529495-529767-1A.7","32T180T",1,0.00123152709359606,4
"IM-23-122-IOGO","8039832543","Maziba","Pf3D7_12_v3-63081-63314-1A","TTTCCGTCATAATAGTTGCATACATTCTATTAAAAACTTTGGGTACTCCTAATATAATTTCACCTTTTGAATTACATATGTCTGTATTCAAAAATTTTATATCTCTACTCCATATATTTATCTTTACACCCAAAAACAAAGCAATGAAAAAAACAACCCTTTCATA","Pf3D7_12_v3-63081-63314-1A.1","146+9N",28,0.0150214592274678,3
"IM-23-122-IOGO","8039832543","Maziba","Pf3D7_12_v3-63081-63314-1A","TTTCCGTCATAATAGTTGCATACATTCTATTAAAAACTTTGGGTACTCCTAATATAATTTCAGCTTTTGAATTACATATGTCTGTATTCAAAAATTTTATATCTCTACTCCATATATTTATCTTTACACCCAAAAACAAAGTAATGAAAAAAATAACCCTTTCATA","Pf3D7_12_v3-63081-63314-1A.3","63G142T146+9N",688,0.369098712446352,3
"IM-23-122-IOGO","8039832543","Maziba","Pf3D7_14_v3-421322-421547-1A","TAAGAAAGATGAAGTAATAGAAAAAACTGAAGTATCAAAGAAAACATTTTCAGGTATAGGTTTTAATCTTACTGAAAAAGAAGCTAAAGTATTAGGTGTAGGTGTAACCTATCAAGAATATCCAGAAACCATGTTATATAACTGTCCAAACAATTCTA","Pf3D7_14_v3-421322-421547-1A.2","20+8N76A",1161,0.983065198983912,2
"IM-23-122-IOGO","8039832543","Maziba","Pf3D7_12_v3-659881-660127-1A","GGTGGTTTAACATTTTCAGCTACGACTTTTTCGACTGATGGCAATCCTACTTTGATTAATTCCTTTAACATAGATTTTGCGTGTTTTTTTACTTCTGATTTGATATCAAAGCTTGATTCTAAAAAGGTTGGTGAATTTTTTTGTAAAACACTGACAAGTTCATTTGATATGGTCTCTGCTAAATCATCACCA","Pf3D7_12_v3-659881-660127-1A.1","26C27T35C83+9N135+9N",131,0.0912891986062718,8
"IM-23-122-IOGO","8039832543","Maziba","Pf3D7_12_v3-659881-660127-1A","GGTGGTTTAACATTTTGAGCTACGAGTTTTTCGACTGATGGCAATCCTACTTTGATTAATTCCTTTAACATAGATTTTGCGTGGTTTTTTACTTCTGATTTGATATCAAAGCTTGATTCTAAAAAGGTTGGTGAATTTTTTTGTAAAACACTGACAAGTTCATTTGATATGGTCTCTGCTAAATCATCACCA","Pf3D7_12_v3-659881-660127-1A.36","17G27T35C83+9N135+9N",3,0.00209059233449477,8
"IM-23-122-IOGO","8039832543","Maziba","Pf3D7_12_v3-659881-660127-1A","GGTGGTTTAACATTTTGAGCTATGAGTTTTTCGAATGATGGCAATCCTACTTTGATTAATTCCTTTAACATAGATTTTGCGTGGTTTTTTACTTCTGATTTGATATCAAAGCTTGATTCTAAAAAGGTTGGTGAATTTTTTTGTAAAACACTGACAAGTTCATTTGATATGGTCTCTGCTAAATCATCACCA","Pf3D7_12_v3-659881-660127-1A.30","17G23T27T83+9N135+9N",64,0.0445993031358885,8
"IM-23-122-IOGO","8039832543","Maziba","Pf3D7_12_v3-659881-660127-1A","GGTGGTTTAACATTTTGAGCTATGGGTTTTTCGAATGATGGCAATCCTACTTTGATTAATTCCTTTAACATAGATTTTGCGTGGTTTTTTACTTCTGATTTGATATCAAAGCTTGATTCTAAAAAGGTTGGTGAATTTTTTTGTAAAACACTGACAAGTTCATTTGATATGGTCTCTGCTAAATCATCACCA","Pf3D7_12_v3-659881-660127-1A.166","17G23T25G27T83+9N135+9N",16,0.0111498257839721,8
"IM-23-122-IOGO","8039832543","Maziba","Pf3D7_14_v3-2020604-2020849-1A","CAAGAACATGAATATTTCTGTAAATACATAGACAAGTCCTCATTATGTCTTATCACAGGGTGCTCTTTTTTAATATGACAATATAATTTTATATGTTTTATTATTTCTTGATGAATTTCACATAATAAAAATAATGTGTGATTCATATGTTGACTACCCAATATAGAAAAGCCACTAACTAATTG","Pf3D7_14_v3-2020604-2020849-1A.6","65+8N",120,0.0825309491059147,4
"IM-23-122-IOGO","8039832543","Maziba","Pf3D7_14_v3-2020604-2020849-1A","CAAGAACATGAATATTTCTGTAAATACATAGACAAGTCCTCATTATGTCTTATCACAGGGTGCTCTTTTTTAATATGACAATATAATTTTATATGTTTTATTATTTCTTGATGAATTTCACATAATAAAAATAATGTGTGATTCATATGTTGACTACTCAATATAGAAAAGCCACTAACTAATTG","Pf3D7_14_v3-2020604-2020849-1A.5","65+8N158T",11,0.00756533700137552,4
"IM-23-122-IOGO","8039832543","Maziba","Pf3D7_14_v3-2020604-2020849-1A","CAAGAACATGAATATTTCTGTATATACATAGACAAGTCCTCATTATGTCTTATCACAGGGTGCTCTTCTTTAATATGACAATATAATTTTATATGTTTTATTATTTCTTGATGAATTTCACATAATAAAAATAATGTGTGATTCATATGTTGACTACCCAATATAGAAAAGCCACTAACTAATTG","Pf3D7_14_v3-2020604-2020849-1A.4","23T65+8N",92,0.063273727647868,4
"IM-23-122-IOGO","8039832543","Maziba","Pf3D7_06_v3-176108-176338-1A","ATTATTATTATTATTATTATGCTGATGATGATGATGATCTGTGTTAAGATCATCTTCTATACCATTAGTTAAACATTTTATATTTTTATTCATATAAACATTAATCTTCACAACAGATTTATCAGATCTAGAAAATCTTGTACCTGTTGCTTTATGTAACAATAT","Pf3D7_06_v3-176108-176338-1A.2","1+38N",10,0.00632111251580278,4
"IM-23-122-IOGO","8039832543","Maziba","Pf3D7_03_v3-221295-221532-2","AAGGAACAAGAAGGATAATACCATTATTAATCCTATTGAACTATTTACGACATTAAACACACTGGAACATTTTTCCATTTTACAAATTTTTTTTTCAATATCATTTGCATAATCTAATTGGTCTTTAGGTTTATTAGCAGAGCCAGGCTTTATTCTAACTTGAATACCATTTCCACAAGTTA","Pf3D7_03_v3-221295-221532-2.1","86+11N120G",1336,0.936886395511921,5
"IM-23-122-IOGO","8039832543","Maziba","Pf3D7_14_v3-2260533-2260765-1A","AATAACCATCAAATACAAACTCAACCAACAAATACAGTACAATATATTCAACCAAATTATGAACAAGTCATAACACAAGTAGATCAAAATCGTAATCTATTCAATCAACAGCTTGTAGGAAGTACAGTAATGCAAAATATGACACCACAAGGTGTAAACACGTTAAATTATCCTGCAACG","Pf3D7_14_v3-2260533-2260765-1A.2",".",115,0.063430777716492,3
"IM-23-122-IOGO","8039832543","Maziba","Pf3D7_08_v3-1370814-1371045-2","TGTTGCAATATATTACTAAAAAATAGAATTATTATGTTATTTTGATCATATGGGAATACATTTAAATATTTATATTCTGATGAATATTCTTATAAAAAAAAAAGGGGGGGGGGAAATAATACGTTCATGATTTATTTATATTTCAATATATTTTCTATTTTGCGA","Pf3D7_08_v3-1370814-1371045-2.2","17+8N93+21N",751,1,1
"IM-23-122-IOGO","8039832543","Maziba","Pf3D7_14_v3-2355614-2355853-1A","ACTTTTCTCGATTCACATTATCCAAACCCATTTAACGAGTATGAAAAATATGACAAACATTATTATGAACTTGAAAATATTTTAAAAAACAAACTTAATGAACAATCCTTAAATTATCAATCTTTGTTAAAAATGAAAAGATTTATAAGTATGAACGATATGGAAAATAATAA","Pf3D7_14_v3-2355614-2355853-1A.2","83+8N105A",192,0.102564102564103,3
"IM-23-122-IOGO","8039832543","Maziba","Pf3D7_14_v3-2355614-2355853-1A","ACTTTTCTCGATTCACATTATCCAAACCCATTTAACGAGTATGAAAAATATGACAAACATTATTATGAACTTGAAAATATTTTAAAAAACAAACTTAATGAACATTCCTTAAATTATCAATCTTTGTTAAAAATGAAAAGATTTATAAGTATGAACCATATGGAAAATAATAA","Pf3D7_14_v3-2355614-2355853-1A.3","83+8N157C",154,0.0822649572649573,3
"IM-23-122-IOGO","8039832543","Maziba","Pf3D7_14_v3-2355614-2355853-1A","ACTTTTCTCGATTCACATTATCCAAACCCATTTAACGAGTATGAAAAATATGACAAACATTATTATGAACTTGAAAATATTTTAAAAAACAAACTTAATGAACATTCCTTAAATTATCAATCTTTGTTAAAAATGAAAAGATTTATAAGTATGAACGATATGGAAAATAATAA","Pf3D7_14_v3-2355614-2355853-1A.1","83+8N",1526,0.81517094017094,3
"IM-23-122-IOGO","8039832543","Maziba","Pf3D7_14_v3-2481033-2481276-1B","CCATGTGGATAAAGACAGTAGAGAGCAATTCGAAATAAAACAGTACTCTTGCAAATTAGATATTTTTTTGAACTCATCTGTTCCTATAAAAAATTCTGAATGTAAGCAGAATAAATTATACACAAAAGAATATATATTCATTTTTATTTATTCACTTTATATATGTTTGTATGTATGTA","Pf3D7_14_v3-2481033-2481276-1B.3","62+9N87+8N",1147,1,1
"IM-23-122-IOGO","8039832543","Maziba","Pf3D7_08_v3-336421-336651-1A","TAACAACGAACCCATAAATTTACAAAAAAATTTAGATTTAATCATATGGCTAAAAAAGAATATAAAAGAAGGAGAAGCTTTAATTTCTGATATACCTACATCAAGTTTTTTAAGGTGTACTACAAATTATAAATTTGTATTGCATCCACAATATGAAGATAGT","Pf3D7_08_v3-336421-336651-1A.8","25A51+8N97T105+8N",1909,0.731137495212562,5
"IM-23-122-IOGO","8039832543","Maziba","Pf3D7_08_v3-336421-336651-1A","TAACAACGAACCCATAAATTTACAAAAAAATTTAGATTTAATCATATGGCTAAAAAAGAATATAAAAGAAGGAGAAGCTTTAATTTCTGATATACCTACATCAAGTTTTTTAAGGTGTACTACAAATTATAAATTTGTATTGCATCCCCAATATGAAGATAGT","Pf3D7_08_v3-336421-336651-1A.2","25A51+8N97T105+8N148C",312,0.119494446572195,5
"IM-23-122-IOGO","8039832543","Maziba","Pf3D7_08_v3-336421-336651-1A","TAACAACGAACCCATAAATTTACAGAAAAATTTAGATTTAATCATATGGCTAAAAAAGAATATAAAAGAAGGAGAAGCTTTAATTTCTGATATACCCACATCAAGTTTTTTAAGGTGTACTACAAATTATAAATTTGTATTGCATCCACAATATGAAGATAGT","Pf3D7_08_v3-336421-336651-1A.1","51+8N105+8N",133,0.0509383378016086,5
"IM-23-122-IOGO","8039832543","Maziba","Pf3D7_01_v3-455794-456054-1A","AGAAAAAAAATTTATTAAGAGGTATTTAGATTTTAAAAATTTAAGAATTAATTTTTAATTATGTCTATAAAAACTTAATAGAAAATAAATATTATTTTGTTTTTCAAAAAAATGTTTAAGAATAATATTTCTTTATTCTTTTACAATTTAGAACATATAATGCTATTTCTTTTAATTTTAATTTAATTTCAAA","Pf3D7_01_v3-455794-456054-1A.2","2+10N28A105+9N",383,0.775303643724696,2
"IM-23-122-IOGO","8039832543","Maziba","Pf3D7_01_v3-455794-456054-1A","AGAAAAAAAATTTATTAAGAGGTATTTCGATTTTAAAAATTTAAGAATTAATTTTTAATTATGTCTATAAAAACTTAATAGAAAATAAATATTATTTTGTTTTTCAAAAAAATGTTTAAGAATAATATTTCTTTATTCTTTTACAATTTAGAACATATAATGCTATTTCTTTTAATTTTAATTTAATTTCAAA","Pf3D7_01_v3-455794-456054-1A.1","2+10N105+9N",111,0.224696356275304,2
"IM-23-122-IOGO","8039832543","Maziba","Pf3D7_01_v3-528859-529104-1A","TTTGATTCTTTTTAATGAAAAAGAAGCTAAAGATATGTCAGACCATATAATTTCCCAACAAAAACGTTATTGCTCTACCAATATTCATAGTAATTATAATAATAAAATATGTATATGTAAAAATAAGCGACATCATAACAAAAGAGGGAAAGGAATAAAGCATCATGACATACACCAAAAGG","Pf3D7_01_v3-528859-529104-1A.3","165A175C",32,0.00740397963905599,5
"IM-23-122-IOGO","8039832543","Maziba","Pf3D7_01_v3-528859-529104-1A","TTTGATTCTTTTTAATGAAAAAGAAGCTAAAGATATGTCAGACCATATAATTTCCCAACAAAAACGTTATTGCTCTACCAATATTCATAGTAATTATAATAATAAAATATGTATATGTAAAAATAAGCGACATCATAACAAAAGAGGGAAAGGAATAAAGCATCATGACATACATCAAAAGG","Pf3D7_01_v3-528859-529104-1A.1","165A",495,0.114530310041647,5
"IM-23-122-IOGO","8039832543","Maziba","Pf3D7_13_v3-1265494-1265726-1A","TGTCATATACAGATTATAAAAATGATCATAGAATAAGCGAAATCTTAAATCGTTGTATTTTACGATTAAACGAGTTTGATCTAATTCATTTATCTTCTTTGGTCATATCTTTAAGTAAAATGAATTTTAGGAGTGTGTATTTTCTGGAACAAGTACAAAAGAAATT","Pf3D7_13_v3-1265494-1265726-1A.8",".",19,0.00646258503401361,3
"IM-23-122-IOGO","8039832543","Maziba","Pf3D7_13_v3-1265494-1265726-1A","TGTCATATACAGATTATAAAAATGATCATAGAATAAGCGAAATTTTAAATCGTTGTATTTTACGATTAAACGAGTTTGATCTAATTCATTTATCTTCTTTGGTCATATCTTTAAGTAAAATGAATTTTAGGAGTGTGTATTTTCAGGAACAAGTACAAAAGAAATT","Pf3D7_13_v3-1265494-1265726-1A.2","44T145A",2890,0.982993197278912,3
"IM-23-122-IOGO","8039832543","Maziba","Pf3D7_01_v3-528859-529104-1A","TTTGATTCTTTTTAATGAAAAAGAAGCTAAAGATATGTCAGACGATATAATTTCCCAACAAAAACGTTATTGCTCTACCAATATTCATAGTAATTATAATAATAAAATATGTATATGTAAAAATAAGCGACATCATAACAAAAGAGGGAAAGGAATAAAGCATCCTGACATACATCAAAAGG","Pf3D7_01_v3-528859-529104-1A.8","44G",15,0.0034706154558075,5
"IM-23-122-IOGO","8039832543","Maziba","Pf3D7_01_v3-535965-536239-1A","GCTCATTTGATATTTTCCAGTTGTTTGATTTTAAAAATGATGTATATTTTTTAGATGATAATTTGTTCGACAAGGATATGGTATATTGTACAAGTACCAACAATTATGGCATTATGGAAAATGATAATGATGATGATAAAATAATAAAAATACAGAATTTAAATGAGAAATTAAAAAATGGAAAAGCTGAATTTAAAGATATATTATTAT","Pf3D7_01_v3-535965-536239-1A.7","46+8N111A118A121+17N155G172+8N",92,0.344569288389513,4
"IM-23-122-IOGO","8039832543","Maziba","Pf3D7_06_v3-1135605-1135855-1A","TATAAAGAATTTATACCACCTAAATTGTTAACATTAGAAGTATTATTTGTTTCTGTATTTTCTTGTAACGTATTTGTATTATTAATATTGTTAGATGAAATATTATGACTATTTCTTCTATTTGTTATATTTAAATTGTAAATAGTTTCATTACTAACACTACTGATACCATTGAAATGATTATTTAG","Pf3D7_06_v3-1135605-1135855-1A.1","172T",750,0.796178343949045,2
"IM-23-122-IOGO","8039832543","Maziba","Pf3D7_06_v3-1115900-1116168-1A","ATTTTTTAATAAAGCAGTACCATCTATATCTCTTCCTTTTTTTAAAACACATAAAGTTTCATCAAAATTGCTTGTGCTATTTTTATCAGGTTCAGGAAAATATTGTTTATTTGTAGAATATCCATTCTGATTACAAGTTATAATATTATTAATATTTATAAATTTTTTTTTTGTTTTTAAATCACCAAATTGATTATCGTTAT","Pf3D7_06_v3-1115900-1116168-1A.1","1+8N36+9N162+12N",147,0.155885471898197,2
"IM-23-122-IOGO","8039832543","Maziba","Pf3D7_06_v3-1136091-1136364-1A","CATTATTTTTGTATCCAACGTCGTTATTATTAAAACTTATTATTTGATTAATAACTGACGAACCACATATATTTACACAATGGAATACATAACTTAAGAAAGAGTAGTAATTGCATTTTACTTTTTGCATTTTCCCTCTGGTGGAGAAATAATTATTATGCTGCTTATTACTCTTTGTATTATGATAATTTTTGGTAATCATTTTTTTT","Pf3D7_06_v3-1136091-1136364-1A.1","173C201+9N",756,0.781799379524302,2
"IM-23-122-IOGO","8039832543","Maziba","Pf3D7_02_v3-290580-290821-1A","TTATTATAAGGATTATAATTATTATCATTCTTATTATATGGATTAATATAATTTCGATCATAATCATTACTGTTTTTATCATATTGTGGATAATTATTTCTATTTCTATTTTGATTAAAATCCGATTGTCTATATCTAACTCTAATATCTGTAGATGCTAAATCATTAGGTAATGGG","Pf3D7_02_v3-290580-290821-1A.6","12+26N62A",196,0.099644128113879,3
"IM-23-122-IOGO","8039832543","Maziba","Pf3D7_12_v3-233418-233671-1A","CAAAAATATCATTCCCCAAATTTGTACTACTAATTGTTCCAATAGTTCCTATAGTTGTGGTAATTTGCTCATATGTCTTTTTTCCTAAAGATTTATTAGACACATTTGAAGGATCATTATTTTGTTCCAAATTCTTGGGCACAGTATTATTACATGAGAATAATGAAAAGTTATTATCATAATTCTTTTGTT","Pf3D7_12_v3-233418-233671-1A.1","77+8N",195,0.147169811320755,4
"IM-23-122-IOGO","8039832543","Maziba","Pf3D7_12_v3-233418-233671-1A","CAAAAATATCATTCCCCAAATTTGTACTACTAATTGTTCCAATAGTTCCTATAGTTGTGGTAATTTTCTCATATGTATTTTTTCCTAAAGATTTATTAGACACATTTGAAGGATCATTATTTTGTTCCAAATTCTTGGGCACAGTATTATTACATGAGAATAATGAAAAGTTATTATCATAATTCTTTTGTT","Pf3D7_12_v3-233418-233671-1A.5","67T77+8N",91,0.0686792452830189,4
"IM-23-122-IOGO","8039832543","Maziba","Pf3D7_14_v3-137398-137668-1A","ACCATTCATATTTTCTAGGTTTGTTTAACCAATTACATATATATAATATATTACAAAATAATTGTTTTAATAATATATGTTTAGTTAATATTAATTCAATACTACTTAATTTATTTCTTATATTTTTTAAAAGATCTTCATAAACAAAATCAAAATTATCTATTAATAATAAATAACCAAATCTTTTATGTACATTTTTTATTC","Pf3D7_14_v3-137398-137668-1A.2","122+8N194+8N",252,0.958174904942966,2
"IM-23-122-IOGO","8039832543","Maziba","Pf3D7_14_v3-3214249-3214516-1A","TAAATAAAAAAGGATTAGATGATTTAATAAAAGATTTGTTAAAATATTTTCCAAAGAATTCAATTAGCGATCGTTTTGAATTGTTAGAATTTAAAATGACGGAGGATTGTTATACAAAAATGTGGTTTGATTTTATGAGTGATTTTGGAATAGCTACAATGAATGAAACCGAACATACTAGATCTTTTTATGGCTTAATCGAA","Pf3D7_14_v3-3214249-3214516-1A.1","5+8N194C",555,0.295055821371611,2
"IM-23-122-IOGO","8039832543","Maziba","Pf3D7_14_v3-3214249-3214516-1A","TAAATAAAAAAGGATTAGATGATTTAATAAAAGATTTGTTAAAATATTTTCCAAAGAATTCAATTAGCGATCGTTTTGAATTGTTAGAATTTAAAATGACGGAGGATTGTTATACAAAAATGTGGTTTGATTTTATGATTGATTTTGGAATAGCTACAATGAATGAAAACGAACATACTAGATCTTTTTATGGCTTAATCGAA","Pf3D7_14_v3-3214249-3214516-1A.3","5+8N139T169A194C",1326,0.704944178628389,2
"IM-23-122-IOGO","8039832543","Maziba","Pf3D7_14_v3-377765-378020-1A","AAAGATATATCAACTGAAAAGATTTTATCAAATAATTGCTTTAATAATAAGTTAAAAAATTGATTTCCAATATCTATCATATTCATATAATCTAATGATTTAAAAATATATAATATACTCTTTGGACTAAATTTTAATTCATCATTTATTATTCTCTCTTTTACTATTGTTTTAATTTGATTAAAATATATAA","Pf3D7_14_v3-377765-378020-1A.1","21G53+8N71T154C170T",8,0.0158102766798419,5
"IM-23-122-IOGO","8039832543","Maziba","Pf3D7_14_v3-377765-378020-1A","AAAGATATATCAACTGAAAATATTTTATCAAATAATTGCTTTAATAATAAGTTAAAAAATTGATTTCCAATATCTATCATATTCATATAATCTAATGATTTAAAAATATATAATATACTCTTTGGACTAAATTTTAATTCATCATTTATTATTCTCTCTTTTACTATTGTTTTAATTTGATTAAAATATATAA","Pf3D7_14_v3-377765-378020-1A.4","53+8N71T154C170T",56,0.110671936758893,5
"IM-23-122-IOGO","8039832543","Maziba","Pf3D7_14_v3-377765-378020-1A","AAAGATATATCAACTGAAAATATTTTATCAAATAATTGCTTTAATAATAAGTTAAAAAATTGATTTCCAATATCTATCATATTCATATAATCTAATGATTTAAAAATATATAATATACTCTTTGGACTAAATTTTAATTCATCATTTATTATTTTCTCTTTTACTATTGCTTTAATTTGATTAAAATATATAA","Pf3D7_14_v3-377765-378020-1A.14","53+8N71T",1,0.00197628458498024,5
"IM-23-122-IOGO","8039832543","Maziba","Pf3D7_12_v3-63081-63314-1A","TTTCCGTCATAATAGTTGCATACATTCTATTAAAAACTTTGGGTACTCCTAATATAATTTCACCTTTTGAATTACATATGTCTGTATTCAAAAATTTTATATCTCTACTCCATATATTTATCTTTACATCCAAAAACAAAGCAATGAAAAAAACAACCCTTTCATA","Pf3D7_12_v3-63081-63314-1A.6","129T146+9N",1148,0.61587982832618,3
"IM-23-122-IOGO","8039832543","Maziba","Pf3D7_14_v3-1992121-1992370-1A","ATTAAAACATTCCAACAATTTTATTTCCTTCTTTATAAAATTATATAAATTAATTATTTTCTTTTTATCACATTCAAAGACGGCATAAGGTGCACCCCATGAACATTTTTTACTTTTGCTACCATCAGGCATAATATAATCACCAGTACCATTTTTTTCTGATAAATTAATATTTTTTTGTATAACATCATA","Pf3D7_14_v3-1992121-1992370-1A.2","105+8N140T151+9N172+9N",23,0.0474226804123711,5
"IM-23-122-IOGO","8039832543","Maziba","Pf3D7_14_v3-1992121-1992370-1A","ATTAAAACATTCCAACAATTTTATTTCCTTCTTTATAAAATTATATAAATTAATTATTTTCTTTTTATCATATTCAAAGACGGCATAAGGTGCACCCCATGAACATTTTTTACTTTTGCTACCATCAGGCATAATATAATCACCAGTACCATTTTTTTCTGATAAATTAATATTTTTTTGTATAACATCATA","Pf3D7_14_v3-1992121-1992370-1A.44","71T105+8N140T151+9N172+9N",48,0.0989690721649484,5
"IM-23-122-IOGO","8039832543","Maziba","Pf3D7_12_v3-659881-660127-1A","GGTGGTTTAACATTTTCAGCTACGAGTTTTTCGAATGATGGCAATCCTACTTTGATTAATTCCTTTAACATAGATTTTGCGTGGTTTTTTACTTCTGATTTGATATCAAAGCTTGATTCTAAAAAGGTTGGTGAATTTTTTTGTAAAACACTGACAAGTTCATTTGATATGGTCTCTGCTAAATCATCACCA","Pf3D7_12_v3-659881-660127-1A.9","27T83+9N135+9N",55,0.0383275261324042,8
"IM-23-122-IOGO","8039832543","Maziba","Pf3D7_12_v3-659881-660127-1A","GGTGGTTTAACATTTTCAGCTATGAGATTTTCGACTGATGGCAATCCTACTTTGATTAATTCCTTTAACATATATTTTGCGTGTTTTTTTACTTCTGATTTGATATCAAAGCTTGATTCTAAAAAGGTTGGTGAATTTTTTTGTAAAACACTGACAAGTTCATTTGATATGGTCTCTGCTAAATCATCACCA","Pf3D7_12_v3-659881-660127-1A.6","23T35C73T83+9N135+9N",907,0.63205574912892,8
"IM-23-122-IOGO","8039832543","Maziba","Pf3D7_12_v3-659881-660127-1A","GGTGGTTTAACATTTTGAGCTACGAGATTTTCGACTGATGGCAATCCTAATTTGATTAATTCCTTTAACATAATTTTTGCGTGTTTTTTTACTTCTGATTTGATATCAAAGCTTGATTCTAAAAAGGTTGGTGAATTTTTTTGTAAAACACTGACAAGTTCATTTGATATGGTCTCTGCTAAATCATCACCA","Pf3D7_12_v3-659881-660127-1A.24","17G35C50A73A74T83+9N135+9N",33,0.0229965156794425,8
"IM-23-122-IOGO","8039832543","Maziba","Pf3D7_14_v3-2020604-2020849-1A","CAAGAACATGAATATTTCTGTAAATACATAGACAAGTCCTCATTATGTCTTATCACAGGGTGCTCTTCTTTAATATGACAATATAATTTTATATGTTTTATTATTTCTTGATGAATTTCACATAATAAAAATAATGTGTGATTCATATGTTGACTACCCAATATAGAAAAGCCACTAACTAATTG","Pf3D7_14_v3-2020604-2020849-1A.1","65+8N",1231,0.846629986244842,4
"IM-23-122-IOGO","8039832543","Maziba","Pf3D7_06_v3-176108-176338-1A","ATTATTATTATTATTATGATGATGATGATGATGATGATCTGTGTTAAGATCATCTTCTATACCATTAGTTAAACATTTTATATTTTTATTCATATAAACATTAATCTTCACAACAGATTTATCAGATCTAGAAAATCTTGTACCTGTTGCTTTATGTAACAATAT","Pf3D7_06_v3-176108-176338-1A.11","1+38N",304,0.192161820480405,4
"IM-23-122-IOGO","8039832543","Maziba","Pf3D7_06_v3-176108-176338-1A","ATTATTATTATTATTATTATGATGATGATGATGATGATCTGTGTTAAGATCATCTTCTATACCATTAGTTAAACATTTTATATTTTTATTCATATAAACATTAATCTTCACAACAGATTTATCAGATCTAGAAAATCTTGTACCTGTTGCTTTATGTAACAATAT","Pf3D7_06_v3-176108-176338-1A.1","1+38N",1258,0.79519595448799,4
"IM-23-122-IOGO","8039832543","Maziba","Pf3D7_14_v3-771407-771633-1A","ACCCACGGGACATTTTAATTTATACCTATTGGAACATTTTTTATTAGGTCTTTCTTTATGATTCTTCTTTAAAATAGGTTCATCATTATTTGAGTAAACTAACAGATTATTATCGTTCTCAAAATTATTATAACCATCAATATTTTTATTTCCATATACATCTATAA","Pf3D7_14_v3-771407-771633-1A.1","36+8N",885,0.249647390691114,5
"IM-23-122-IOGO","8039832543","Maziba","Pf3D7_06_v3-176108-176338-1A","ATTATTATTATTATTATTATTATGATGATGATGATGATCTGTGTTAAGATCATCTTCTATACCATTAGTTAAACATTTTATATTTTTATTCATATAAACATTAATCTTCACAACAGATTTATCAGATCTAGAAAATCTTGTACCTGTTGCTTTATGTAACAATAT","Pf3D7_06_v3-176108-176338-1A.12","1+38N",10,0.00632111251580278,4
"IM-23-122-IOGO","8039832543","Maziba","Pf3D7_14_v3-921176-921432-1A","ACAATATTAATTTTATAAGTTCATTATTTCAATTTTATATTTAGGAGGATCTATATCCATATATTATTCATTTTAAAAATATTAAAATAAATACATATATAAATATATAAACATATAAAAACAGTCTTTTAAAAATTAATAAGATTTATATAAAATATGGTTATAAATCCTATTTTGTATTATATCAAA","Pf3D7_14_v3-921176-921432-1A.1",".",669,0.87565445026178,4
"IM-23-122-IOGO","8039832543","Maziba","Pf3D7_06_v3-416462-416720-1A","AAGAAAAAATGGACATTGTGGAGAATATAAAAAATAGAGGAAAGGAAAAAACAGAATTAACATATAAAGAAGTATATAAAACACAACAGAATCAAAATGATGCAAGTTTAAATTCATTTTGGGGTGATGAAAAAAAAAATAATAATTATGATATAGATATAGTAAAAGAGAAATATAGTGAGTTAATGAAAAAAAAAGAA","Pf3D7_06_v3-416462-416720-1A.1","3+8N28+8N45+8N129+12N188+11N",835,0.890191897654584,2
"IM-23-122-IOGO","8039832543","Maziba","Pf3D7_05_v3-395887-396136-1A","TCTAAGGATTGTTGGTTTTTTAGGATGCTCATCTTTTTAAGATAATCCTCTTTACTGTCGTTATTATTTAAATCGTTTTGTATAATATTATATTGTGAATTCCTTGTGTTTTTCATAATACTATTAGTCCTATTGGTGTTCTTCTTATTATTATTATTATTATTGTTCTTCTTCTTAATAAA","Pf3D7_05_v3-395887-396136-1A.2","15+8N145+20N",62,0.0649214659685864,3
"IM-23-122-IOGO","8039832543","Maziba","Pf3D7_08_v3-1375025-1375284-1B","CAAGTTATTGTTAAATTCGGAGTTATTCTATAAAAATGAAAAATCATTTAAAAATGTAAAAATGTACATATATATATATATATATATATATAATATTATTATATGTATTTTTATAAGTAAGTGTTATATTTATTTATATTTGCAATTAAAATACTTACGTTATCTAACAAAAGTACGGAAGCAAAA","Pf3D7_08_v3-1375025-1375284-1B.7","10G17T22G33D=TA39+8N58+8N66G67+53N132G134A136G139T151A168A195A",1,0.0217391304347826,2
"IM-23-122-IOGO","8039832543","Maziba","Pf3D7_08_v3-1375205-1375450-2","ACAAAAGTACGGAGGCAAAAACGGCAGCGGATAATACTTTATTTTTTGAGAAGGAAACCATTTTTATTAAATAACTATATAAATAGAAAAAGAAATAATAACAAAAATGTATAAATATAATTGTATAATATATGATATATATAAAATATAGAATACTAATTTTTTGCATATACAAAAAA","Pf3D7_08_v3-1375205-1375450-2.1","41+8N159+8N173+7N",579,1,1
"IM-23-122-IOGO","8039832543","Maziba","Pf3D7_01_v3-181512-181761-1A","TTCATTATTGTTTTCATTCTTTTTTTAACTAAAACTATTCATCTCAAAAATATAAGATATTTTATATGACGAATGCCATTGTATTTTTTGTTACGTAAAACCTGACTTCTTCAAGGAAAACACATGCGCATTTTCACCAATTTTTGCCTAAGCTTATTATAAAAAGTATATTAAATGTATGAC","Pf3D7_01_v3-181512-181761-1A.1","19+9N30T83+8N",1463,0.822372119168072,3
"IM-23-122-IOGO","8039832543","Maziba","Pf3D7_14_v3-2695837-2696082-1A","CGTTTTGTATCATATTATTAGATATAGTTATTTTATTATTATTTTCTACATTATTATTCAATATATTACATCCTGTTATGGAATTATTGTTAAAATATAAATTATTCGAATTGTTATTATTAAATTCTAATCCACTAACTGCTGTTGTATATAATGATGATGAGTTATTATTATAGAAATC","Pf3D7_14_v3-2695837-2696082-1A.2","28+16N53A",784,0.858707557502738,2
"IM-23-122-IOGO","8039832543","Maziba","Pf3D7_14_v3-2695837-2696082-1A","CGTTTTGTATCATATTATTAGATATAGTTATTTTATTATTATTTTCTACATTGTTATTCAATATATTACATCCTGTTATGGAATTATTGTTAAAATATAAATTATTCGAATTGTTATTATTAAATTCTAATCCACTAACTGCTGTTGTATATAATGATGATGAGTTATTATTATAGAAATC","Pf3D7_14_v3-2695837-2696082-1A.1","28+16N",129,0.141292442497262,2
"IM-23-122-IOGO","8039832543","Maziba","Pf3D7_14_v3-2733345-2733593-1A","TCGATGTACATGCAGAAAAAATATTGGAACGTTTATTTGTAATTTATTTATGTGTATTAAAAGAATATGAAAAACATCCTCCTAAAATATTAAAATATTCATTACGTGCTATATCGAGATACTCGATGTATATAAATAAATTTATCATGGATGATATATTATTTGAAATTAAAAACCTTGCTGCA","Pf3D7_14_v3-2733345-2733593-1A.2","15+8N116G",463,0.267321016166282,2
"IM-23-122-IOGO","8039832543","Maziba","Pf3D7_14_v3-2733345-2733593-1A","TCGATGTACATGCAGAAAAAATATTGGAACGTTTATTTGTAATTTATTTATGTGTATTAAAAGAATATGAAAAACATCCTCCTAAAATATTAAAATATTCATTACGTGCTATATCTAGATACTCGATGTATATAAATAAATTTATCATGGATGATATATTATTTGAAATTAAAAACCTTGCTGCA","Pf3D7_14_v3-2733345-2733593-1A.1","15+8N",1269,0.732678983833718,2
"IM-23-122-IOGO","8039832543","Maziba","Pf3D7_06_v3-851492-851765-1A","ACAATAGTACATTCTGCATTTACATCACAACCTCCATTATTTTTTGAACAGTTCATATCTTTCATAGGTATACATTTAAAATAATTTACACTCATATCAACTATATAATTAGGTCGGCATCTACATTGTTCTTTATCTTTTTCGACAATATAACAACGTGAATTGGGTCCACATTTGGAATATTCACAAATATTATTTACTTTAAATATAACAAAATTTTTCA","Pf3D7_06_v3-851492-851765-1A.2","39+8N194T220T",119,0.0970636215334421,4
"IM-23-122-IOGO","8039832543","Maziba","Pf3D7_13_v3-1233093-1233332-1A","TCTATATGATCCTTATTTTTATCTTCATCACATTTATAATTTACATAATTTTCGACGTCATCATTTTCATTATTACTCATAATTGAATTATCCACAATGTTTGCCTCTTTTACAGCTTTACAAAGTTGGTAAAAAATATGATAATTCCTTTCACCTTCTTGTTGATCACACACCCGAACC","Pf3D7_13_v3-1233093-1233332-1A.1","130+8N",1994,0.986640277090549,2
"IM-23-122-IOGO","8039832543","Maziba","Pf3D7_13_v3-1265494-1265726-1A","TGTCATATACAGATTATAAAAATGATCATAGAATAAGCGAAATCTTAAATCGTTGTATTTTACGATTAAACGAGTTTGATCTAATTCATTTATCTTCTTTGGTCATATCTTTAAGTAAAATGAATTTTAGGAGTGTGTATTTTCAGGAACAAGTACAAAAGAAATT","Pf3D7_13_v3-1265494-1265726-1A.3","145A",31,0.0105442176870748,3
"IM-23-122-IOGO","8039832543","Maziba","Pf3D7_11_v3-408543-408771-1A","AGAGTGTTAATAATACTACAGCTAGTAATATTTCCAAATCCAAAAATGAACTTGAAAAAAAGTCATCAGTTAATAATAATGCTTATATTAAAATTATCGAAAATTATGATTTATTATGGTTAAAATTAATAGAAATTGAATTATGTTGTAATAATAAAAATTTAAATCCTATA","Pf3D7_11_v3-408543-408771-1A.1","54+9N",29,0.110687022900763,3
"IM-23-122-IOGO","8039832543","Maziba","Pf3D7_11_v3-408543-408771-1A","AGAGTGTTAATAATACTACAGCTAGTCATATTTCCAAATCCAAAAATGAACTTGAAAAAAAGTCATCAGCTAATAATAATGCTTATATTAAAATAATCGAAAATTATGATTTATTATGGTTAAAATTAATAGAAATTGAATTATGTTGTAATAATAAAAATTTAAATCCTATA","Pf3D7_11_v3-408543-408771-1A.2","27C54+9N70C95A",192,0.732824427480916,3
"IM-23-122-IOGO","8039832543","Maziba","Pf3D7_11_v3-408543-408771-1A","AGAGTGTTAATAATACTACAGCTAGTCATATTTCCAAATCCAAAAATGAACTTGAAAAAAAGTCATCAGTTAATAATAATGCTTATATTAAAATTATCGAAAATTATGATTTATTATGGTTAAAATTAATAGAAATTGAATTATGTTGTAATAATAAAAATTTAAATCCTATA","Pf3D7_11_v3-408543-408771-1A.3","27C54+9N",41,0.156488549618321,3
"IM-23-122-IOGO","8039832543","Maziba","Pf3D7_01_v3-535965-536239-1A","GCTCATTCGATATTTTCCAGTTGTTTGATTTTAAAAATGATGTATATTTTTTAGATGATAATTTGTTCGACAAGGATATGGTATATTGTACAAGTACCAACAATTATGGCGTTATGGGAAATGATAATGATGATGATAAAATAATAAAAATACAAAATTTAAATGAGAAATTAAAAAATGGAAAAGCTGAATTTAAAGATATATTATTAT","Pf3D7_01_v3-535965-536239-1A.11","8C46+8N121+17N172+8N",36,0.134831460674157,4
"IM-23-122-IOGO","8039832543","Maziba","Pf3D7_01_v3-535965-536239-1A","GCTCATTTGATATTTTCCAGTTGTTTGATTTTAAAAATGATGTATATTTTTTAGATGATAATTTGTTCGACAAGGATATGGTATATTGTACAAGTACCAACAATTATGGCGTTATGGAAAATGATAATGATGATGATAAAATAATAAAAATACAGAATTTAAATGAGAAATTAAAAAATGGAAAAGCTGAATTTAAAGATATATTATTAT","Pf3D7_01_v3-535965-536239-1A.9","46+8N118A121+17N155G172+8N",118,0.441947565543071,4
"IM-23-122-IOGO","8039832543","Maziba","Pf3D7_01_v3-535965-536239-1A","GCTCATTTGATATTTTCCAGTTGTTTGATTTTAAAAATGATGTATATTTTTTAGATGATAATTTGTTCGACAAGGATATGGTATATTGTACAAGTACCAACAATTATGGCGTTATGGGAAATGATAATGATGATGATAAAATAATAAAAATACAAAATTTAAATGAGAAATTAAAAAATGGAAAAGCTGAATTTAAAGATATATTATTAT","Pf3D7_01_v3-535965-536239-1A.1","46+8N121+17N172+8N",21,0.0786516853932584,4
"IM-23-122-IOGO","8039832543","Maziba","Pf3D7_02_v3-290580-290821-1A","TTATTATAAGGATTATAATTATTATCATTCTTATTATATGGATTAATATAATTTCCATCATAATCATTACTGTTTTTATCATATTGTGGATAATTATTTCTATTTCTATTTTGATTAAAATCCGATTGTCTATATCTAACTCTAATATCTGTAGATGCTAAATCATTAGGTAATGGG","Pf3D7_02_v3-290580-290821-1A.2","12+26N56C62A",1763,0.896288764616167,3
"IM-23-122-IOGO","8039832543","Maziba","Pf3D7_06_v3-1115900-1116168-1A","ATTTTTTAATAAAGCAGTACCATCTATATCTCTTCCTTTTTTTAAAACACATAAAGTTTCATCAAAATTGCTTGTGCTATTTTTATCAGGTTCAGGAAAATATTGTTTATTTGGAGAATATCCATTCTGATTACAAGTTATAATATTATTAATATTTATAAATTTTTTGTTTGTTTTTAAATCACCAAATTGATTATCGTTAT","Pf3D7_06_v3-1115900-1116168-1A.2","1+8N36+9N114G162+12N",796,0.844114528101803,2
"IM-23-122-IOGO","8039832543","Maziba","Pf3D7_14_v3-120101-120365-1A","TTTTACAACATTATTTTTTTCTTCCTCCTCAGATAAAATAGGTACACATATCGCGTCCTTATCACATCCTCCATTGTTTACCTTACAATGTTCTTCGCATTCGAAATTTTTTTCAGGATTACTTGAAAAGCCTTCTGGACAATTACAATATTCATATCCATGAGTATTCTTACAAACACCTTTTCCACAATTTAAAA","Pf3D7_14_v3-120101-120365-1A.2","13+9N106+9N",748,0.973958333333333,2
"IM-23-122-IOGO","8039832543","Maziba","Pf3D7_14_v3-137398-137668-1A","ACCATTCATATTTTCTAGGTTTGTTTAACCAATTACATATATATAATATATTACAAAATAATTGTTTTAATAATATATGTTTAGTTAATATTAATTCAATACTACTTAATTTATTTCTTATATTTTTTAAAAGATCTTCATAAACAAAATCAAAATTATCTATTAATAATAAATAACCAAATCTTTTATGCACATTTTTTATTC","Pf3D7_14_v3-137398-137668-1A.1","122+8N191C194+8N",11,0.0418250950570342,2
"IM-23-122-IOGO","8039832543","Maziba","Pf3D7_12_v3-233418-233671-1A","CAAAAATATCATTCCCCAAATTTATACTACTAATTGTTCCAATAGTTCCTATAGTTGTGGTAATTTGCTCATATGTATTTTTTCCTAAAGATTTATTAGACACATTTGAAGGATCATTATTTTGTTCCAAATTCTTGGGCACAGTATTATTACATGAGAATAATGAAAAGTTATTATCATAATTCTTTTGTT","Pf3D7_12_v3-233418-233671-1A.6","24A77+8N",5,0.00377358490566038,4
"IM-23-122-IOGO","8039832543","Maziba","Pf3D7_12_v3-233418-233671-1A","CAAAAATATCATTCCCCAAATTTGTACTACTAATTGTTCCAATAGTTCCTATAGTTGTGGTAATTTGCTCATATGTATTTTTTCCTAAAGATTTATTAGACACATTTGAAGGATCATTATTTTGTTCCAAATTCTTGGGCACAGTATTATTACATGAGAATAATGAAAAGTTATTATCATAATTCTTTTGTT","Pf3D7_12_v3-233418-233671-1A.3","77+8N",1034,0.780377358490566,4
"IM-23-122-IOGO","8039832543","Maziba","Pf3D7_07_v3-403801-404052-1B","TATATATATATATATATATATATATATATATATATGTATGTATGTTGATTAATTTGTTTATATATTTATATTTATTTCTTATGACCTTTTTAGGAACGACACCGAAGCTTTAATTTACAATTTTTTGCTATATCCATGTTAGATGCCTGTTCAGTCATTTTGGCCTTCATAGGTCT","Pf3D7_07_v3-403801-404052-1B.6","1+45N130+8N",12,0.0102564102564103,2
"IM-23-122-IOGO","8039832543","Maziba","Pf3D7_07_v3-403801-404052-1B","TATATATATATATATGTATGTATGTTGATTAATTTGTTTATATATTTATATTTATTTCTTATGACCTTTTTAGGAACGACACCGAAGCTTTAATTTACAATTTTTTGCTATATCCATGTTAGATGCCTGTTCAGTCATTTTGGCCTTCATAGGTCT","Pf3D7_07_v3-403801-404052-1B.4","1+45N130+8N",1158,0.98974358974359,2
"IM-23-122-IOGO","8039832543","Maziba","Pf3D7_14_v3-1956056-1956330-1B","CTAATTTTTTTTCTCCACTTTGTAATTTTTATTGTTGAATATATATATAAAGTTAAACCTATAAATAATACACTACCTAATAAACTATTCTTATATTTAAAAATAAATATAACACATGTTATTAATCCTTCTATTGTTGCCGGAATAATATACATTAAAACAGAACTCATCAAATTATTAGCACTCTCGGTACCTCTATCAACTATTCTCA","Pf3D7_14_v3-1956056-1956330-1B.1","4+10N113C",434,0.748275862068966,2
"IM-23-122-IOGO","8039832543","Maziba","Pf3D7_14_v3-1956056-1956330-1B","CTAATTTTTTTTCTCCACTTTGTAATTTTTATTGTTGAATATATATATAAAGTTAAACCTATAAATAATACACTACCTAATAAACTATTCTTATATTTAAAAATAAATATAATACATGTTATTAATCCTTCTATTGTTGCCGGAATAATATACATTAAAACAGAACTCATCAAATTATTAGCACTCTCGGTACCTCTATCAACTATTCTCA","Pf3D7_14_v3-1956056-1956330-1B.2","4+10N",146,0.251724137931034,2
"IM-23-122-IOGO","8039832543","Maziba","Pf3D7_14_v3-407306-407542-1A","CTTTCTTTCGTCTTTCTGTTCATTATCCATATAATCTTTTTCTACTACCTTTTCATTCTTTACTTTATTTCTATTAATACACAACTCTCCTTGAGTTAAGAGATTTACGATATTATCAATATTGTTTTCTTTCATATACTTCAACTTTTTACTATTCATTTTTAAAAGA","Pf3D7_14_v3-407306-407542-1A.5","44A47A",1569,0.878991596638655,2
"IM-23-122-IOGO","8039832543","Maziba","Pf3D7_14_v3-407306-407542-1A","CTTTCTTTCGTCTTTCTGTTCATTATCCATATAATCTTTTTCTACTACCTTTTCATTCTTTACTTTATTTCTATTAATACACAATTCTCCTTGAGTTAAGAGATTTACGATATTATCAATATTGTTTTCTTTCATATACTTCAACTTTTTACTATTCATTTTTAAAAGA","Pf3D7_14_v3-407306-407542-1A.4","44A47A85T",216,0.121008403361345,2
"IM-23-122-IOGO","8039832543","Maziba","Pf3D7_07_v3-405570-405844-1B","ATAGCAATTGCTTATTACTTTAAATTCTTAGCCGTAAGAATTAAAAAGATATAAATATATAAATATATATGTGAAATATATGATATATATGATATATATTTTTTATATGTAATGTTTTTTTTTTTTTCACAATATACATTTAAATGTTTATGATGGTACAACGTATCATATTTTATAATAATTTTATGCATTCATGTATATTATTTTTACTTTTT","Pf3D7_07_v3-405570-405844-1B.4","49+57N114+16N",299,0.81029810298103,3
"IM-23-122-IOGO","8039832543","Maziba","Pf3D7_14_v3-1992121-1992370-1A","ATTAAAACATTTCAACAATTTTATTTCCTTCTTTATAAAATTATATAAATTAATTATTTTCTTTTTATCACATTCAAAGACGGCATAAGGTGCACCCCATGAACATTTTTTACTTTTGCTACCATCAGGCATAATATAAACACCAGTACCATTTTTTTCTGATAAATTAATATTTTTTTGTATAACATCATA","Pf3D7_14_v3-1992121-1992370-1A.8","12T105+8N151+9N172+9N",7,0.0144329896907217,5
"IM-23-122-IOGO","8039832543","Maziba","Pf3D7_14_v3-2004362-2004606-1A","TATTTCCATATTATTGTAATAGGGCTTTTTCTTGCTCTTCTAATTTTTGTATATCTTGCTTATCCTTATCTAATTGTCCAAGAGCATTTAATTCATCATCTACATTTATTTTATTTTCTTGAGAATATTCTTCAATTTTGTCTTCGAAACTGTTATATAATCTATTTATAATTGGTTG","Pf3D7_14_v3-2004362-2004606-1A.3","98A",530,0.770348837209302,2
"IM-23-122-IOGO","8039832543","Maziba","Pf3D7_14_v3-2004362-2004606-1A","TATTTCCATATTATTGTAATAGGGCTTTTTCTTGCTCTTCTAATTTTTGTATATCTTGCTTATCCTTATCTAATTGTCCAAGAGCATTTAATTCATCTTCTACATTTATTTTATTTTCTTGAGAATATTCTTCAATTTTGTCTTCGAAACTGTTATATAATCTATTTATAATTGGTTG","Pf3D7_14_v3-2004362-2004606-1A.1",".",158,0.229651162790698,2
"IM-23-122-IOGO","8039832543","Maziba","Pf3D7_07_v3-432832-433091-1A","TTGAAAAAGTCATCATCAGAATGGGGATGATTATTATTGTTATTATGAGTTTGGTTCGTATTAATATTATGATCCTTTTCGTTATTTAATATATGTTCATTTATATTTTTATAAATAAATAATTTTCCAAGAAGTATACCATTAATAAACTTACTAGTTAACATATTAGACTGCTCAATATTTGTACATTTTTTTAATGTATGTATT","Pf3D7_07_v3-432832-433091-1A.5","30+17N72A91A188+9N",54,0.0476610767872904,4
"IM-23-122-IOGO","8039832543","Maziba","Pf3D7_07_v3-432832-433091-1A","TTGAAAAAGTCATCATCAGAATGGGGATGATTATTATTGTTATTATGAGTTTGGTTCGTATTAATATTATGATCCTTTTCGTTATTTAATTTATGTTCATTTATATTTTTATAAATAAATAATTTTCCAAGAAGTATACCATTAATAAACTTACTAGTTAACATATTAGACTGCTCAATATTTGTACATTTTTTTAATGTATGTATT","Pf3D7_07_v3-432832-433091-1A.4","30+17N72A188+9N",12,0.0105913503971756,4
"IM-23-122-IOGO","8039832543","Maziba","Pf3D7_14_v3-771407-771633-1A","ACCCACGGGACATTTTAATTTATACCTATTGGAACATTTTTTATTAGGTCTTTCTTTATGATTCTTCTTTAAAATAGGTTCATCATTATTTGAGTAAACTAACAGATCATTATCGTTCTCAAATTTATTATAACCATCAATATTTTTATTTCCATATACATCTATAA","Pf3D7_14_v3-771407-771633-1A.2","36+8N108C124T",2464,0.695063469675599,5
"IM-23-122-IOGO","8039832543","Maziba","Pf3D7_04_v3-1113397-1113639-1A","GATTCTGCATGCAGTAATGAATCTATTGAAATCATCTAAGAATAAATTTTTTTGTTTAAACCATTTATTGAACATTTCACTTAAATGTGATTCAATTTTTTTTTCTGAGCTTTCCATAATTTGATTACAACTATTCAATTTGTTTGTATAAGTTTTAGGTCTTATTATTCTTTTACGTTTTAAATCATC","Pf3D7_04_v3-1113397-1113639-1A.12","47+8N95+11N",64,0.0307840307840308,4
"IM-23-122-IOGO","8039832543","Maziba","Pf3D7_04_v3-115455-115684-1A","TATTAATGTCATTTTGTTTTTCTTTATTATTATTATTTTTATTTTTTCCCTGGTTATCTTCCTTATTACCTAGCTTTTTTTTGTTGTCATTATTTTCTGTCTGATTATTATTTTTGACTCTGTTCATCTTTGAATTATCCGTTCTGTTTGTATGTCTCAAGCAAGGT","Pf3D7_04_v3-115455-115684-1A.2","24+25N74+10N120C",657,0.226551724137931,3
"IM-23-122-IOGO","8039832543","Maziba","Pf3D7_08_v3-1366626-1366856-1B","CTTTACCTCCATTTTTTTTTTTAAAATCTTGTACACAGAAGTTTACTAATTTATTATCAAAATCTTCTCCTCCTAAATGTGTATCTCCTGAGGTAGCTTTAACTTCAAAAATTCCATCTTCAATTGTTAATAAGGAAACATCAAATGTTCCTCCTCCTAAATC","Pf3D7_08_v3-1366626-1366856-1B.2","11+13N124T",23,0.0330935251798561,2
"IM-23-122-IOGO","8039832543","Maziba","Pf3D7_14_v3-921176-921432-1A","ACAATATTAATTTTATAAGTTCATTATTTCAATTTTATATTTAGGAGGATCTATATCCATATATTATTCATTTTAAAAATATTAAAATAAATACATATATAAATATATAAACATATAAATACAGTCTTTTAAAAATTAATAAGATTTATATAAAATATGGTTATAAATCCTATTTTGTATTATATTAAA","Pf3D7_14_v3-921176-921432-1A.8","120T186T",1,0.00130890052356021,4
"IM-23-122-IOGO","8039832543","Maziba","Pf3D7_06_v3-416462-416720-1A","AAGAGAAAATGGACATTGTGGAGAATATAAAAAATAGAGGAAAGGAAAAAACAGAATTAACATATAAAGAAGTATATAAAACACAACAGAATCAAAATGATGCAAGTTTAAATTCATTTTGGGGTGATGAAAAAAAAAATAATAATTATGATATAGATATAGTAAAAGAGAAATATAGTGAGTTAATGAAAAAAAAAGAA","Pf3D7_06_v3-416462-416720-1A.2","3+8N28+8N45+8N129+12N188+11N",103,0.109808102345416,2
"IM-23-122-IOGO","8039832543","Maziba","Pf3D7_06_v3-532166-532407-1A","AGAACAATTGCTAAACACCAAATTGGGTGAAACAAAAAACCACCTGAACAGAACCCCATTTATACCTGAATCGGTCATACGAGAAAGGAAATTACGCCAAGAAAAAGCGCAATCCACAAACAACATGTTCGATTCAACAAACGCAGATAGTATTACTTCCCCATGTGATCCAACGAATGCCACG","Pf3D7_06_v3-532166-532407-1A.1","33+8N109G157T",477,0.125163998950407,7
"IM-23-122-IOGO","8039832543","Maziba","Pf3D7_06_v3-532166-532407-1A","AGAACAATTGCTAAACACCAAATTGGGTGAAACAAAAAACCACCTGAACAGAACCCCATTTATACCTGAATCGGTCATACGAGAAAGGAAATTACGCCAAGAAAAAGCTCAATCCACAAACAACATGTTCGATTCAACAAACGCAGATAGTATTACTTCCCCATGTGATCCAACGAATGCCACG","Pf3D7_06_v3-532166-532407-1A.5","33+8N157T",19,0.00498556809236421,7
"IM-23-122-IOGO","8039832543","Maziba","Pf3D7_06_v3-532166-532407-1A","AGAACAATTGCTAAACACCAAATTGGGTGAAACAAAAAACCACCTGAACAGAACTCCATTTATACCTGAATCGGTCATACGAGAAAGGAAATTACGCCAAGAAAAAGCGCAATCCACAAACAACATGTTCGATTCAACAAACGCAGATAGTATTACTTCCCCATGTGATCCAACGAATGCCACG","Pf3D7_06_v3-532166-532407-1A.4","33+8N55T109G157T",9,0.00236158488585673,7
"IM-23-122-IOGO","8039832543","Maziba","Pf3D7_01_v3-181512-181761-1A","TTCATTATTGTTTTCATTCTTTTTTTAACTAAAACTATTCATCTCAAAAATATAAGATATTTTATATGACGAATGCCATTGTATTTTTTGTTACGTAAAACCTGACTTCTTCAGGGAAAACACATGCGCATTTTCACCAATTTTTGCCTAAGCTTATTATAAAAAGTATATTAAATGTATGAC","Pf3D7_01_v3-181512-181761-1A.4","19+9N30T83+8N114G",19,0.0106801573917931,3
"IM-23-122-IOGO","8039832543","Maziba","Pf3D7_01_v3-194742-194973-1B","TACCTATAAAAATGAAAAAAATAAAGAAGAAGATAAATATGGAAAAAATGAAAAAAACGAAAAATATGACAAATATGAAAAATATGAAAAATATGATAAATACAAAAAAGATAATAAAAATCAACATGATGATCCACTTTATGATAATATTAATAAAAATTACGATAA","Pf3D7_01_v3-194742-194973-1B.4","14+9N42+17N79D=CAAATATGA112+8N",1,0.000741289844329133,4
"IM-23-122-IOGO","8039832543","Maziba","Pf3D7_01_v3-194742-194973-1B","TACCTATAAAAATGAAAAAAATAAAGAAGAAGATAAATATGGAAAAAATGAAAAAAACGAAAAATATGACAAATATGACAAATATGAAAAATATGAAAAATATGATAAATACAAAAAAGATAATAAAAATCAACATGATGATCCACTTTATGATAATATTAATAAAAATTACGATAA","Pf3D7_01_v3-194742-194973-1B.2","14+9N42+17N112+8N",131,0.0971089696071164,4
"IM-23-122-IOGO","8039832543","Maziba","Pf3D7_01_v3-194742-194973-1B","TACCTATAAAAATGAAAAAAATAAAGAAGAAGATAAATATGGAAAAAATGAAAAAAACGAAAAATATGACAAATATGACAAATATGAAAAATATGATAAATACAAAAAAGATAATAAAAATCAACATGATGATCCACTTTATGATAATATTAATAAAAATTACGATAA","Pf3D7_01_v3-194742-194973-1B.1","14+9N42+17N97D=AAAATATGA112+8N",7,0.00518902891030393,4
"IM-23-122-IOGO","8039832543","Maziba","Pf3D7_01_v3-194742-194973-1B","TACCTATAAAAATGAAAAAAATAAAGAAGAAGATAAATATGGAAAAAATGAAAAAAACGAAAAATATGACAAATATGACAAATATGACAAATATGAAAAATATGATAAATACAAAAAAGATAATAAAAATCAACATGATGATCCACTTTATGATAATATTAATAAAAATTACGATAA","Pf3D7_01_v3-194742-194973-1B.11","14+9N42+17N88C112+8N",1210,0.896960711638251,4
"IM-23-122-IOGO","8039832543","Maziba","Pf3D7_11_v3-408285-408534-1A","TATGAAGAAGGTTTAAAATATTGTGCGTCATCAATTAATTTATGGATATGTGCTATCGATTTACAAATAGAAAAAAAGAATTATACAGGTGCTAGAGCTTTGACGGAGAAAGCAAAAATCAAAATCAAGTATTTAAATTCTTTTAATAATAATAGTCATATTTTAAAAAGTAAAGAAATTATTGAA","Pf3D7_11_v3-408285-408534-1A.1","70+9N",1058,0.870065789473684,2
"IM-23-122-IOGO","8039832543","Maziba","Pf3D7_11_v3-408285-408534-1A","TATGAAGAAGGTTTAAAATATTGTGCGTCATCAATTAATTTATGGATATGTGCTATCGATTTACAAATAGAAAAAAAGAATTATACAGGTGCTAGGGCTTTGACGGAGAAAGCAAAAATCAAAATCAAGTATTTAAATTCTTTTAATAATAATAGTCATATTTTAAAAAGTAAAGAAATTATTGAA","Pf3D7_11_v3-408285-408534-1A.4","70+9N96G",158,0.129934210526316,2
"IM-23-122-IOGO","8039832543","Maziba","Pf3D7_07_v3-1028330-1028603-1A","TAAAGAATATTTTTATTTCTAATATTATGGCTAAAAGGAAAATTATTTAATTTCATTTTTTGTGGGTTACTTGTATCATTACAACTCATCATCATGACCATATTATTATTATTATTATTGTTGTTGTTGTTGTGGTGGTGGTTCATTACCAATAAATTTGTGTTATTATGTTCATCCTTTTTTATATTAACAATTTCATTTCTATAA","Pf3D7_07_v3-1028330-1028603-1A.4","55+8N101+36N177+8N202C",19,0.0303030303030303,2
"IM-23-122-IOGO","8039832543","Maziba","Pf3D7_07_v3-1028330-1028603-1A","TAAAGAATATTTTTATTTCTAATATTATGGCTAAAAGGAAAATTATTTAATTTCATTTTTTGTGGGTTACTTGTATCATTACAACTCATCATCATGACCATATTATTATTATTATTATTGTTGTTGTTGTTGTTGTGGTGGTTCATTACCAATAAATTTGTGTTATTATGTTCATCCTTTTTTATATTAACAATTTCATTTCTATAA","Pf3D7_07_v3-1028330-1028603-1A.2","55+8N101+36N177+8N202C",608,0.96969696969697,2
"IM-23-122-IOGO","8039832543","Maziba","Pf3D7_07_v3-1043981-1044225-1A","ATAATGATATGTTATTTCATCATCAGCATCGACTTCTTTCTTATTATGTTCAAACAAATTCTTATATTTTATATTATTGCATTTTTGTCTTTCCATATTTATAAAAGATTCTATTTTCTTTTTATAATCATTCCTTTTTATATAATTACACATTCCTTCATTTTGGTTGTCATAACTCTTCT","Pf3D7_07_v3-1043981-1044225-1A.2","36+8N",283,0.143581938102486,2
"IM-23-122-IOGO","8039832543","Maziba","Pf3D7_11_v3-497277-497548-1A","TTTTAGATTTAATTGAATATTCATTTTTAAATTATACTAGTTCTAATTTAAATACAATAAATAATAATAATGACAAAAAAAAACAAAATCAAAAAAATAAAAATCGCAAATATAGTAAAAATAATATTTTAGATCTCTATGAACACGTAAGTACGATCAGTTTATTTTATCACACGTTTAATTTACCTAAGGAGTATAATGAAAAATTGTT","Pf3D7_11_v3-497277-497548-1A.2","74+11N90+9N148T",68,0.146551724137931,2
"IM-23-122-IOGO","8039832543","Maziba","Pf3D7_06_v3-1128558-1128797-1A","ATTGAATCGTTGGTGTTTATTTTATTATTCCTCTTTTGTTTTTCAATGAATACAAATGTTTCATCGACACTATCTTTATGATCTATTGGTATGGCATGATTTTCTAAATTGCTATTTCTTTCATTAGAATTGTATTTTTCACTATTATAGGTTGAGATTTTACTACATTTTATATTTTT","Pf3D7_06_v3-1128558-1128797-1A.2","157A",27,0.0197080291970803,2
"IM-23-122-IOGO","8039832543","Maziba","Pf3D7_05_v3-960810-961048-1B","TAATACAGGAAGCATTTTATAATATGCATACTGTTATTAATTATGGTTTAGAAGATTATTTCTGTAATTTGATAGAAAAAGCTATTGATTATAAAAATAAAGGACAAAAAAGAAGAATTATTGTAAATGCAGCTTTATGGGGATTCAGTCAAAGCGCTCAATTATTTATTAATAGTTT","Pf3D7_05_v3-960810-961048-1B.1","105+8N",1419,1,1
"IM-23-122-IOGO","8039832543","Maziba","Pf3D7_05_v3-961511-961758-1B","CTGCAGAAGATTATACTGTATTTAATAATAATGGAGAAATATTATTAGATGATATTAATATATGTGATTATAACTTAAGAGATCTTAGAAACTTATTTTCAATAGTTAGTCAAGAACCCATGTTATTTAATATGTCCATATATGAAAATATCAAATTTGGAAGAGAAGATGCAACATTGGAAGAT","Pf3D7_05_v3-961511-961758-1B.1",".",1188,1,1
"IM-23-122-IOGO","8039832543","Maziba","Pf3D7_12_v3-1959644-1959891-1A","ATGGGAAGACGATAAGAGAAGAGAAATTAATTTCTGAGGGAGCGTATTCATTTGTTTATATGGCGAAGGATTTAAACACGAATCGAGCTTATACTATAAAGAAGACCATATGTCAAGATAAAGAGAAAATAGATATGGCGTATAAAGAAATCAACATTCTTAAAAGTTTACCTCCACATAAAAATATA","Pf3D7_12_v3-1959644-1959891-1A.3","141T",13,0.0115967885816235,3
"IM-23-122-IOGO","8039832543","Maziba","Pf3D7_12_v3-2092529-2092798-1B","AGTTGAAGGGGGAGGAATGATCGGAGTTATCAGATTAGAAAATCAAGTGAGAAATCCCCCTGTAATAAAATTGAAGAGTCATACATCTCCCATCCTTGATTTGTCATTTAACCCGTGTTATAGTGAGATATTAGCTTCATGTTCAGAAGATATGTCTATAAGAATATGGGAGATACGTCATGAGGATGAGAATGTGAATGAGGTA","Pf3D7_12_v3-2092529-2092798-1B.1",".",816,1,1
"IM-23-122-IOGO","8039832543","Maziba","Pf3D7_12_v3-2092654-2092884-2","GAGATATTAGCTTCATGTTCAGAAGATATGTCTATAAGAATATGGGAGATACGTCATGAGGATGAGAATGTGAATGAGGTAAAGGATCCTTTATGTATATTAAATGGTCATAAGAAAAAAGTAAATATATTATCATGGAATCCTATGAATTATTTTATATTATCATCT","Pf3D7_12_v3-2092654-2092884-2.1","114+8N",2887,1,1
"IM-23-122-IOGO","8039832543","Maziba","Pf3D7_14_v3-3125801-3126073-1A","ATTCTTATAATATTTAAGAATGAAGGGATTAAATATTTACATTTTAGCGAGGATACTCTGAAATATGTTAATTTTAATTATCCTGATTTTAACTTATATAAATGTATGAATTTATATAAGAAAAATTATGTTGATAGGGATGAGAAAGATATCTGTGATTTTTCAAATGAAGATATTCCGTTAATAAAAGAAAATAACAAGAGAATCAG","Pf3D7_14_v3-3125801-3126073-1A.3","175A",309,0.702272727272727,3
"IM-23-122-IOGO","8039832543","Maziba","Pf3D7_14_v3-3125801-3126073-1A","ATTCTTATAATATTTAAGAATGAAGGGATTAAATATTTACATTTTAGCGAGGATACTCTGAAATATGTTAATTTTAATTATCCTGATTTTAACTTATATAAATGTATGAATTTATATAAGAAAAATTATGTTGATAGGGATGAGAAAGATATCTGTGATTTTTCAAATGAAGATTTTCCGTTAATAAAAGAAAATAACAAGAGAATCAG","Pf3D7_14_v3-3125801-3126073-1A.5",".",93,0.211363636363636,3
"IM-23-122-IOGO","8039832543","Maziba","Pf3D7_14_v3-120101-120365-1A","TTTTACAACATTATTTTTTTCTTCCTCCTCAGATAAAATAGGTACACATATCGCGTCCTTATCACATCCTCCATTGTTTACCTTACAATGTTCTTCGCATTCGAAATTTTTTTCAGGATTACTTGAAAAGCCTTCTGGACAATTACAATATTCATATCCATGAACATTCTTACAAACACCTTTTCCACAATTTAAAA","Pf3D7_14_v3-120101-120365-1A.3","13+9N106+9N164A165C",20,0.0260416666666667,2
"IM-23-122-IOGO","8039832543","Maziba","Pf3D7_04_v3-1005938-1006187-1A","GTCTTAACATTAATCTTAGTTACAAAGTTACATGGATTTATTGAAAAGATATTTTCGTCATTATATTTCTTTTTTTCCATATCTGTTTGATCATTTTGATATGTTTTCATATTATCCATATGTTCATTATTTTGATCAATATAATTTTTTTTTATAATAAATTTAGAATTATTTTTAAAGAAA","Pf3D7_04_v3-1005938-1006187-1A.5","61T69+9N144+11N",693,0.824019024970273,3
"IM-23-122-IOGO","8039832543","Maziba","Pf3D7_07_v3-404325-404590-1B","GAAACACAAGAAGAAAATTCTATCATATTTAATCTTGTCTTAATTAGTGCCTTAATTGTAAGAAAACAAAATATATAAATAAATAAATATATATATATATATATATATATATATATATTGTAATATTTAATATATATTAACACTTAAACTTTGTTTTTATTATATTAATTTATATTCTTTATCATTTTTTTTTTTTTTTCCTTCTTTTTTT","Pf3D7_07_v3-404325-404590-1B.61","71+40N176+19N198+8N",2,0.333333333333333,3
"IM-23-122-IOGO","8039832543","Maziba","Pf3D7_14_v3-377765-378020-1A","AAAGATATATCAACTGAAAAGATTTTATCAAATAATTGCTTTAATAATAAGTTAAAAAATTGATTTCCAATATCTATCATATTCATATAATCTAATGATTTAAAAATATATAATATACTCTTTGGACTAAATTTTAATTCATCATTTATTATTTTCTCTTTTACTATTGCTTTAATTTGATTAAAATATATAA","Pf3D7_14_v3-377765-378020-1A.2","21G53+8N71T",419,0.828063241106719,5
"IM-23-122-IOGO","8039832543","Maziba","Pf3D7_14_v3-1992121-1992370-1A","ATTAAAACATTCCAACAATTTTATTTCCTTCTTTATAAAATTATATAAATTAATTATTTTCTTTTTATCACATTCAAAGACGGAATAAGGTGCACCCCATGAACATTTTTTACTTTTGCTACCATCAGGCATAATATAAACACCAGTACCATTTTTTTCTGATAAATTAATATTTTTTTGTATAACATCATA","Pf3D7_14_v3-1992121-1992370-1A.5","84A105+8N151+9N172+9N",399,0.822680412371134,5
"IM-23-122-IOGO","8039832543","Maziba","Pf3D7_14_v3-1992121-1992370-1A","ATTAAAACATTCCAACAATTTTATTTCCTTCTTTATAAAATTATATAAATTAATTATTTTCTTTTTATCACATTCAAAGACGGCATAAGGTGCACCCCATGAACATTTTTTACTTTTGCTACCATCAGGCATAATATAAACACCAGTACCATTTTTTTCTGATAAATTAATATTTTTTTGTATAACATCATA","Pf3D7_14_v3-1992121-1992370-1A.1","105+8N151+9N172+9N",8,0.0164948453608247,5
"IM-23-122-IOGO","8039832543","Maziba","Pf3D7_07_v3-405570-405844-1B","ATAGCAATTGCTTATTACTTTAAATTCTTAGCCGTAAGAATTAAAAAGATATAAATATATAAATATATATATGATATATATCATATATATCATATATATTTTTTATATGTAATGTTTTTTTTTTTTTCACAATATACATTTAAATGTTTATGATGGTACAACGTATCATATTTTATAATAATTTTATGCATTCATGTATATTATTTTTACTTTTT","Pf3D7_07_v3-405570-405844-1B.24","49+57N114+16N",36,0.0975609756097561,3
"IM-23-122-IOGO","8039832543","Maziba","Pf3D7_14_v3-421322-421547-1A","TAAGAAAGATGAAGTAATAGAAAAAACTGAAGTATCAAAGAAAACATTTTCAGGTATAGGTTTTAATCTTACTGAGAAAGAAGCTAAAGTATTAGGTGTAGGTGTAACCTATCAAGAATATCCAGAAACCATGTTATATAACTGTCCAAACAATTCTA","Pf3D7_14_v3-421322-421547-1A.1","20+8N",20,0.0169348010160881,2
"IM-23-122-IOGO","8039832543","Maziba","Pf3D7_14_v3-771407-771633-1A","ACCCACGGGACATTTTAATTTATACCTATTGGAACATTTTTTATTAGGTCTTTCTTTATGATTCTTCTTTAAAATAGGTTCATCATTATTTGAGTAAACTAACAGATCATTATCGTTCTCAAAATTATTATAACCATCAATATTTTTATTTCCATATACATCTATAA","Pf3D7_14_v3-771407-771633-1A.6","36+8N108C",61,0.0172073342736248,5
"IM-23-122-IOGO","8039832543","Maziba","Pf3D7_14_v3-771407-771633-1A","ACCCACGGGACATTTTAATTTATACCTATTGGAACATTTTTTATTAGGTCTTTCTTTATGATTCTTCTTTAAAATAGGTTCATCATTATTTGAGTAAACTAACAGATCATTATCGTTCTCAAAATTATTATAACCATGAATATTTTTATTTCCATATACATCTATAA","Pf3D7_14_v3-771407-771633-1A.5","36+8N108C138G",134,0.0377997179125529,5
"IM-23-122-IOGO","8039832543","Maziba","Pf3D7_13_v3-1465901-1466157-1A","CATAAAGGGTCCGATAACATTTTTTACATTTTCCCATGCAGAATCAGCATACAAGTTACATTTACCATCTGATGGATGACAACCTACAAGAAATCTGTTGAAAGCTACATTAATACCTTGTCCAATACCAAAAACAGCTATTTTAACACCAAGATCATTTAATTTTCTTGATTCTTTTAATGAATCTTGAATACTAT","Pf3D7_13_v3-1465901-1466157-1A.2","19+8N152A158T",28,0.0161943319838057,4
"IM-23-122-IOGO","8039832543","Maziba","Pf3D7_13_v3-1465901-1466157-1A","CATAAAGGGTCCGATAACATTTTTTACATTTTCCCATGCAGAATCAGCATACAAGTTACATTTACCATCTGATGGATGACAACCTACAAGAAATCTGTTGAAAGCTACATTAATACCTTGTCCAATACCAAAAACAGCTATTTTAACACCAAGATCATTTAATTTTCTTGATTCTTTTAATGAATTTTGAATACTAT","Pf3D7_13_v3-1465901-1466157-1A.7","19+8N152A158T186T",299,0.172932330827068,4
"IM-23-122-IOGO","8039832543","Maziba","Pf3D7_14_v3-771407-771633-1A","ACCCACGGGACATTTTAATTTATACCTATTGGAACATTTTTTATTAGGTCTTTCTTTATGATTCTTCTTTAAAATAGGTTCATCATTATTTGAGTAAACTAACAGATCATTATCGTTCTCAAAATTTATTATAACCATCAATATTTTTATTTCCATATACATCTATAA","Pf3D7_14_v3-771407-771633-1A.41","36+8N108C127I=T",1,0.000282087447108604,5
"IM-23-122-IOGO","8039832543","Maziba","Pf3D7_13_v3-146695-146934-1A","AAAGTATTTGTAATAGATTAAACGATGAACTAAATGAAGAAATATGTGGTTATCAAATTAGGTTTGAAAAATCGTATTTTTTAAAACATAGTAAAATTAAAGTTATGACAGAAGGAATTTTATTGAAAGAAATTATGAGTGATTTTATTTTATCAAAATATAGTGTTATCATTCTTGA","Pf3D7_13_v3-146695-146934-1A.2","76+8N170C",2121,0.885225375626043,4
"IM-23-122-IOGO","8039832543","Maziba","Pf3D7_13_v3-146695-146934-1A","AAAGTATTTGTAATAGATTAAACGATGAACTAAATGAAGAAATATGTGGTTATCAAATTAGGTTTGAAAAATCGTATTTTTTAAAACATAGTAAAATTAAAGTTATGACAGAAGGAATTTTATTGAAAGAAATTATGAGTGATTTTATTTTATCAAAATATAGTGTTATTATTCTTGA","Pf3D7_13_v3-146695-146934-1A.4","76+8N",1,0.000417362270450751,4
"IM-23-122-IOGO","8039832543","Maziba","Pf3D7_13_v3-146695-146934-1A","AAAGTATTTGTAATAGATTGAACGATGAACTAAATGAAGAAATATGTGGTTATCAAATTAGGTTTGAAAAATCGTATTTTTTAAAACATAGTAAAATTAAAGTTATGACAGAAGGAATTTTATTGAAAGAAATTATGAGTGATTTTATTTTATCAAAATATAGTGTTATCATTCTTGA","Pf3D7_13_v3-146695-146934-1A.1","20G76+8N170C",140,0.0584307178631052,4
"IM-23-122-IOGO","8039832543","Maziba","Pf3D7_08_v3-1370603-1370853-1B","AAAAGTAATTAAAAAAAAAAAAAATGAAAATAAAAAAAAACATTACATATTTTTTTATGTATAAAATATTTTAAAGCACTGAGATTATTTATGTTATAAATTAATTGAATGTTTAAAAGATTATAAAATTTTATTTATGAAAATATATGAATATATATAATATAAGCAGGTATTAAATAACCAAATAATAT","Pf3D7_08_v3-1370603-1370853-1B.2","10+32N49+9N",88,0.239782016348774,2
"IM-23-122-IOGO","8039832543","Maziba","Pf3D7_08_v3-1370603-1370853-1B","AAAAGTAATTAAAAAAAAAAAAATGAAAATAAAAAAAAACATTACATATTTTTTTATGTATAAAATATTTTAAAGCACTGAGATTATTTATGTTATAAATTAATTGAATGTTTAAAAGATTATAAAATTTTATTTATGAAAATATATGAATATATATAATATAAGCAGGTATTAAATAACCAAATAATAT","Pf3D7_08_v3-1370603-1370853-1B.1","10+32N49+9N",279,0.760217983651226,2
"IM-23-122-IOGO","8039832543","Maziba","Pf3D7_13_v3-815862-816091-1A","ATGATGTAGATGCTAACACAACATCCTGGTCAGTATCTTGTGATAAATAATTTAATTTATCCGCTAAAAAATAAAGTATAATTTCACAGCTTTTTTTATTTGTATCTGTGTTTTTCATGTTATCATAAAAAGACAAAGATGAAGTAGCACATGAGTTAATTA","Pf3D7_13_v3-815862-816091-1A.3","17C19C20A59A65+8N90+9N",1,0.000905797101449275,3
"IM-23-122-IOGO","8039832543","Maziba","Pf3D7_13_v3-815862-816091-1A","ATGATGTAGATGCTAACACAACATCCTGGTCAGTATCTTGTGATAAATAATTTAATTTGTCCGCTAAAAAATAAAGTATAATTTCACAGCTTTTTTTATTTGTATCTGTGTTTTTCATGTTATCATAAAAAGACAAAGATGAAGTAGCACATGAGTTAATTA","Pf3D7_13_v3-815862-816091-1A.1","17C19C20A65+8N90+9N",272,0.246376811594203,3
"IM-23-122-IOGO","8039832543","Maziba","Pf3D7_13_v3-815862-816091-1A","ATGATGTAGATGCTAATAGCACATCCTGGTCAGTATCTTGTGATAAATAATTTAATTTATCCGCTAAAAAATAAAGTATAATTTCACAGCTTTTTTTATTTGTATCTGTGTTTTTCATGTTATCATAAAAAGACAAAGATGAAGTAGCACATGAGTTAATTA","Pf3D7_13_v3-815862-816091-1A.2","59A65+8N90+9N",831,0.752717391304348,3
"IM-23-122-IOGO","8039832543","Maziba","Pf3D7_06_v3-532166-532407-1A","AGAACAATTGCTAAACACCAAATTGGGTGAAACAAAAAACCACCTGAACAGAACTCCATTTATACCTGAATCGGTCATACGAGAAAGGAAATTACGCCAAGAAAAAGCTCAATCCACAAACAACATGTTCGATTCAACAAACGCAGATAGTATTACTTCCCCATGTGATCCAACGAATGCCACG","Pf3D7_06_v3-532166-532407-1A.2","33+8N55T157T",278,0.0729467331409079,7
"IM-23-122-IOGO","8039832543","Maziba","Pf3D7_03_v3-221463-221712-1B","ACTTGAATACCATTTCCACAAGTTACACTACATGGGGACCATTCAGTTGAAAGAGAATTTTGTATTATCTTTAAATATTTTTCTATGTGCTGATCACTTGGTTCTTCGTTATTATTATTTTTTACAGCATTGTTGGCATTAGCATTTTCATTTACATTTCGGTTTGGGTCATTTGGCATATTGTGACCTTGTC","Pf3D7_03_v3-221463-221712-1B.115","67A69C80T83C92G117+8N130T152T",3,0.00440528634361234,6
"IM-23-122-IOGO","8039832543","Maziba","Pf3D7_03_v3-221463-221712-1B","ACTTGAATACCATTTCCACAAGTTACACTACATGGGGACCATTCAGTTGAAAGAGAATTTTGTATTTTCTGTAAATATTTTTCTATGTGCTGATCACTTGGTTCTTCGTTATTATTATTTTTTACAGCATTGTTGGCATTAGCATTTTCATCTACATTTCGGTTTGGGTCATTTGGCATATTGTGACCTTGTC","Pf3D7_03_v3-221463-221712-1B.6","69C71G80T83C92G117+8N130T",8,0.0117474302496329,6
"IM-23-122-IOGO","8039832543","Maziba","Pf3D7_03_v3-221463-221712-1B","ACTTGAATACCATTTCCACAAGTTACACTACATGGGGACCATTCAGTTGAAAGAGAATTTTTTATTGTCTTTAAATATTGTTCTATGTGCTTATCACTTGGTTCTTCGTTATTATTATTTTTTACAGCATTGTTGGCATTAGCATTTTCATCTACATTTCGGTTTGGGTCATTTGGCATATTGTGACCTTGTC","Pf3D7_03_v3-221463-221712-1B.1","62T67G69C80G83C117+8N130T",79,0.116005873715125,6
"IM-23-122-IOGO","8039832543","Maziba","Pf3D7_03_v3-221463-221712-1B","ACTTGAATACCATTTCCACAAGTTACACTACATGGGGACCATTCAGTTGAAAGAGAATTTTTTATTTTGTTTAAATATTTTTCTATGTGCTGATCACTTGGTTCTTCGTTATTATTATTTTTTACAGCATTGTTGGCATTAGCATTTTCATCTACATTTCGGTTTGGGTCATTTGGCATATTGTGACCTTGTC","Pf3D7_03_v3-221463-221712-1B.3","62T80T83C92G117+8N130T",108,0.158590308370044,6
"IM-23-122-IOGO","8039832543","Maziba","Pf3D7_03_v3-221463-221712-1B","ACTTGAATACCATTTCCACAAGTTACACTACATGGGGACCATTCAGTTGAAATAGAATTTTGTATTTTGTTTAAATATTCTTTTATGTGCTTATCACTTGGTTCTTCGTTATTATTATTTTTTACAGCATTGTTGGCATTAGCATTTTCATCTACATTTCGGTTTGGGTCATTTGGCATATTGTGACCTTGTC","Pf3D7_03_v3-221463-221712-1B.7","53T117+8N130T",34,0.0499265785609398,6
"IM-23-122-IOGO","8039832543","Maziba","Pf3D7_06_v3-851492-851765-1A","ACAATAGTACATTGTGCATTTACATCACAACCTCCATTATTTTTTGAACAGTTCATATCTTTCATAGGTATACATTTAAAATAATTTACACTCATATCAACTATATAATTAGGTCGGCATCTACATTGTTCTTTATCTTTTTCGACAATATAACAACGTGAATTGGGTCCACATTTGGAATATTCACAAATATAATTTACTTTAAATATAACAAAATTTCTCA","Pf3D7_06_v3-851492-851765-1A.3","14G39+8N",22,0.0179445350734095,4
"IM-23-122-IOGO","8039832543","Maziba","Pf3D7_05_v3-668763-669004-1A","TAATATTATCTGGCTCTGTAACCATGTCCGAACATATGTTAACAGGAGAATCTGTTCCTATACATAAAGAGCGGTTACCTTTTGAAGGAAATGCTATTATAAATAAAAATAATAAATATGACAGTAACGATGAAAAGGATGATTACCTTCGTATTTATAATAATCATGCTAGTATTAATATGATCAAGCG","Pf3D7_05_v3-668763-669004-1A.2","73G122C",122,0.0712200817279626,5
"IM-23-122-IOGO","8039832543","Maziba","Pf3D7_05_v3-668763-669004-1A","TAATATTATCTGGCTCTGTAACCATGTCCGAACATATGTTAACAGGAGAATCTGTTCCTATACATAAAGAGCGGTTACCTTTTGAAGGAAATGCTATTATAAATAAAAATAATAAATATGAGAGTAACGATGAAAAGGATGATTACCTTCGTATTTATAATAATCATGCTAGTATTAATATGATCAACCG","Pf3D7_05_v3-668763-669004-1A.9","73G188C",223,0.130180969060128,5
"IM-23-122-IOGO","8039832543","Maziba","Pf3D7_05_v3-796518-796759-1A","TGGTTCTTCAATTATTCATATAAGTTCTTTATTAGTAGGTGTATATTTATGTAGTAGTAGTGCAAATGCATTTAATCAAATTATTGAAAGAAATATAGATAAGTTAATGAAAAGAACCCAAAAAAGACCCTTAGCAAATAATAATCCAAATATGTCAGTTAAACATGCTGAAATAT","Pf3D7_05_v3-796518-796759-1A.1","14A119+8N",17,0.0124908155767818,3
"IM-23-122-IOGO","8039832543","Maziba","Pf3D7_05_v3-796518-796759-1A","TGGTTCTTCAATTATTCATATAAGTTCTTTATTAGTAGGTGTATATTTATGTAGTAGTAGTGCAAATGCATTTAATCAAATTATTGAAAGAAATATAGATAAGTTAATGAAAAGAACCCAAAAAAGACCCTTAGCAAATAATAATCCAAATATGTCAGTTAAGCATGCTGAAATAT","Pf3D7_05_v3-796518-796759-1A.3","14A119+8N163G",988,0.725936811168259,3
"IM-23-122-IOGO","8039832543","Maziba","Pf3D7_11_v3-497277-497548-1A","TTTTAGATTTAATTGAATATTCATTTTTAAATTATACTAGTTCTAATTTAAATACAATAAATAATAATAATGACAAAAAAAAACAAAATCAAAAAAATAAAAATCGCAAATATAGTAAAAATAATATTTTAGATCTCTATGAACACGTACGTACGATCAGTTTATTTTATCACACGTTTAATTTACCTAAGGAGTATAATGAAAAATTGTT","Pf3D7_11_v3-497277-497548-1A.1","74+11N90+9N148T150C",396,0.853448275862069,2
"IM-23-122-IOGO","8039832543","Maziba","Pf3D7_12_v3-1959644-1959891-1A","ATGGGAAGACGATAAGAGAAGAGAAATTAATTTCTGAGGGAGCGTATTCATTTGTTTATATGGCGAAGGATTTAAACACGAATCGAGCTTATACTATAAAGAAGACCATATGTCAAGATAAAGAGAAAATAGATATGGCGAAAAAAGAAATCAACATTCTTAAAAGTTTACCTCCACATAAAAATATA","Pf3D7_12_v3-1959644-1959891-1A.1","143A",1107,0.987511150758252,3
"IM-23-122-IOGO","8039832543","Maziba","Pf3D7_12_v3-1959644-1959891-1A","ATGGGAAGACGATAAGAGAAGAGAAATTAATTTCTGAGGGAGCGTATTCATTTGTTTATATGGCGAAGGATTTAAACACGAATCGAGCTTATACTATAAAGAAGACCATATGTCAAGATAAAGAGAAAATAGATATGGCGAATAATGAAATCAACATTCTTAAAAGTTTACCTCCACATAAAAATATA","Pf3D7_12_v3-1959644-1959891-1A.13","146T",1,0.000892060660124889,3
"IM-23-122-IOGO","8039832543","Maziba","Pf3D7_14_v3-3124416-3124655-1A","TAATTGATCTTCTAGAGGATTTAGATATTTTGTCTATATCGAATAAAGATGAAGTAGAAAAACGAAGAAAGAAAACAACTCAAGAGACGCGGTTGTTAGGAAATATTGATTTAGGATATGGAAAATTAGGAGAGGGAATAAAGCATGAAAATTTACAGGAAGAATTAGGAAACAGATTATTTG","Pf3D7_14_v3-3124416-3124655-1A.3","20T72A",1,0.000323519896473633,5
"IM-23-122-IOGO","8039832543","Maziba","Pf3D7_14_v3-3124416-3124655-1A","TAATTGATCTTCTAGAGGATTTAGATATTTTGTCTATATCGAATAAAGATGAAGTAGAAAAACGAAGAAAGAAAACAACTCAAGAGACGCGGTTGTTAGGAAATATTGATTTAGGATATGGAAAATTAGGAGAGGGAATAAAGTATGAAAATTTACAGGAAGAATTAGGAAACAGATTATTTG","Pf3D7_14_v3-3124416-3124655-1A.6","20T72A144T",2203,0.712714331931414,5
"IM-23-122-IOGO","8039832543","Maziba","Pf3D7_14_v3-3125801-3126073-1A","ATTCTTATAATATTTAAGAATGAAGGGATTAAATATTTACATTTTAGCGACGATACTCTGAAATATGTTAATTTTAATTATCCTGATTTTAACTTATATAAATGTATGAATTTATATAAGAAAAATTATGTTGATAGGGATGAGAAAGATATCTGTGATTTTTCAAATGAAGATTTTCCGTTAATAAAAGAAAATAACAAGAGAATCAG","Pf3D7_14_v3-3125801-3126073-1A.1","51C",38,0.0863636363636364,3
"IM-23-122-IOGO","8039832543","Maziba","Pf3D7_14_v3-1166107-1166371-1A","TTTTTGAATTATTAAATATATCTTCTATAAAAAAAGAATATCAAGCTATACATAACAATAAGTATTTTTTATGGAATATGGATGCAAATTTTTTTACTATAAAAAATCATCATAAGGATAATAAGGATAACAATGATGAAAATGTGAATGTAATAATACAACAAAATAATTTAGTTCTCGAAAAATATGATCATTTAATAGA","Pf3D7_14_v3-1166107-1166371-1A.6","28+9N64+8N87A88+9N100+8N",389,0.677700348432056,3
"IM-23-122-IOGO","8039832543","Maziba","Pf3D7_14_v3-1166107-1166371-1A","TTTTTGAATTATTAAATATATCTTCTATAAAAAAAGAATATCAAGCTATACATAACAATAAGTATTTTTTATGGAATATGGATGCAGATTTTTTTACTATAAAAAATCATCATAAGGATAATAAGGATAACAATGATGAAAATGTGAATGTAATAATACAACAAAATAATTTAGTTCTAGAAAAATATGATCATTTAATAGA","Pf3D7_14_v3-1166107-1166371-1A.2","28+9N64+8N88+9N100+8N179A",99,0.172473867595819,3
"IM-23-122-IOGO","8039832543","Maziba","Pf3D7_07_v3-403487-403750-2","AGGTTCTTGTCTTGGTAAATGTGCTCATGTGTTTAAACTTATTTTTAAAGAGATTAAGGATAATATTTTTATTTATATTTTAAGTATTATTTATTTAAGTGTATGTGTAATGAATAAAATTTTTGCTAAAAGAACTTTAAACAAAATTGGTAACTATAGTTTTGTAACATCCGAAACTCACAACTTTATTTGTATGATTATGTTCTTT","Pf3D7_07_v3-403487-403750-2.1",".",848,1,1
"IM-23-122-IOGO","8039832543","Maziba","Pf3D7_04_v3-900526-900759-1A","TTAACAACTTATCATCATTTATTAGATTCTTTTCATGGAACAGATTATTAACAGTATCCATAATTTTATGATCATCCGTGTTATATGTATCTATACAAGTATTTAGCTTGCTTATATAATTTACATATTTCAACGGATCATTTTGAAGTATGCAATCATCGAATGAATA","Pf3D7_04_v3-900526-900759-1A.1","106G",188,0.0788590604026846,3
"IM-23-122-IOGO","8039832543","Maziba","Pf3D7_13_v3-1419363-1419626-1A","TTTTGAAATCTGTATATTTTTTATCATGTTCATCGAGATTTATTTTGTTCTCTTTGTTTGAAATATCAACTACATGATTAAAAACATCTCCTAAATTATATAATTTCTTATCTAGGTCTTTTCGAAATGTCGATTCTCCTCCTTGTGCTGGTTTTTGTACTTCTTTTCCTTGTGTTGATATCTCTTGTTCATTTTTAGATTGAG","Pf3D7_13_v3-1419363-1419626-1A.5","16+8N24T28G52C123C166T",85,0.168986083499006,4
"IM-23-122-IOGO","8039832543","Maziba","Pf3D7_13_v3-1419363-1419626-1A","TTTTGAAATCTGTATATTTTTTATCATGTTCATCGAGATTTATTTTGTTCTTTTTGTTTGAAATATCAACTACATGATTAAAAACATCTCCTAAATTATATAATTTCTTATCTAGGTCTTTTTGAAATGTCGATTCTCCTCCTTGTGCTGGTTTTTGTACTTCTTGTCCTTGTGTTGATATCTCTTGTTCATTTTTAGATTGAG","Pf3D7_13_v3-1419363-1419626-1A.2","16+8N24T28G",346,0.687872763419483,4
"IM-23-122-IOGO","8039832543","Maziba","Pf3D7_14_v3-377765-378020-1A","AAAGATATATCAACTGAAAATATTTTATCAAATAATTGCTTTAATAATAAGTTAAAAAATTGATTTCCAACATCTATCATATTCATATAATCTAATGATTTAAAAATATATAATATACTCTTTGGACTAAATTTTAATTCATCATTTATTATTCTCTCTTTTACTATTGTTTTAATTTGATTAAAATATATAA","Pf3D7_14_v3-377765-378020-1A.7","53+8N154C170T",22,0.0434782608695652,5
"IM-23-122-IOGO","8039832543","Maziba","Pf3D7_07_v3-405517-405773-2","TTTTCTACCATGACATATACTATTGTTAGTTGTATACAAGGTCCAGCAATAGCAATTGCTTATTACTTTAAATTCTTAGCCGTAAGAATTAAAAAGATATAAATATATAAATATATATGTGAAATATATGATATATATGATATATATTTTTTATATGTAATGTTTTTTTTTTTTTTCACAATATACATTTAA","Pf3D7_07_v3-405517-405773-2.2","97+57N162+16N",193,0.654237288135593,2
"IM-23-122-IOGO","8039832543","Maziba","Pf3D7_07_v3-405517-405773-2","TTTTCTACCATGACATATACTATTGTTAGTTGTATACAAGGTCCAGCAATAGCAATTGCTTATTACTTTAAATTCTTAGCCGTAAGAATTAAAAAGATATAAATATATAAATATATATGTGAAATATATGATATATATGATATATATTTTTTATATGTAATGTTTTTTTTTTTTTCACAATATACATTTAA","Pf3D7_07_v3-405517-405773-2.8","97+57N162+16N",102,0.345762711864407,2
"IM-23-122-IOGO","8039832543","Maziba","Pf3D7_13_v3-1465616-1465890-1A","TCTTGTGGATTATTATCTATTATATTTTTTTCTGGTTTTTCGACAGCAAAATTATCTCCTCTTGGTCTAGGTTGATCATCTTCGGGTTCATCTGGAACATCTAATGGTTCCCGTTTTGGAGGACATCTTTCTTCTTCACATTGTTCTTGTAATTCACTTGTACATCCTTCGTGTAAGATTTCTCTTTTTCTTGACCTGGTACCTTTACCACAAGTTACACTACATGGAGA","Pf3D7_13_v3-1465616-1465890-1A.234","29T30T32C121G",48,0.0381558028616852,5
"IM-23-122-IOGO","8039832543","Maziba","Pf3D7_07_v3-405570-405844-1B","ATAGCAATTGCTTATTACTTTAAATTCTTAGCCGTAAGAATTAAAAAGATATAAATATATAAATATATATGTGAAATATATGATATATATGATATATATTTTTTATATGTAATGTTTTTTTTTTTTTTCACAATATACATTTAAATGTTTATGATGGTACAACGTATCATATTTTATAATAATTTTATGCATTCATGTATATTATTTTTACTTTTT","Pf3D7_07_v3-405570-405844-1B.2","49+57N114+16N",34,0.0921409214092141,3
"IM-23-122-IOGO","8039832543","Maziba","Pf3D7_07_v3-432832-433091-1A","TTGAAAAAGTCATCATCAGAATGGGGATGATTATTATTGTTATTATGAGTTTGGTTCGTATTAATATTATGATCCTTTTCGTTATTTAATATATGTTCATTTATATTTTTATAAATAAATAATTTTCCAAGAAGTATACCATTAATAAACTTACTAGTTAACATATTAGACTGCTCAATATTTGTACATTTTTTTAAAGTATGTATT","Pf3D7_07_v3-432832-433091-1A.7","30+17N72A91A188+9N198A",3,0.00264783759929391,4
"IM-23-122-IOGO","8039832543","Maziba","Pf3D7_08_v3-1365709-1365954-1B","ATTTTCATCTTGTAATGTGTTTTTAACATTATAGCAGTAATTTTCTAGGTTGTTTCTTGCTTCAATTCTATTTTTATTTTGTTCATCCTCTTCTTTATATTTTTCTGCATCATTTACCATACGATCGATATCATCTTTTGATAATCTTCCTTTATCATTTGTAATAGTAATTTGGTTTTGT","Pf3D7_08_v3-1365709-1365954-1B.1",".",940,1,1
"IM-23-122-IOGO","8039832543","Maziba","Pf3D7_08_v3-1365750-1365999-2","TTTCTAGGTTGTTTCTTGCTTCAATTCTATTTTTATTTTGTTCATCCTCTTCTTTATATTTTTCTGCATCATTTACCATACGATCGATATCATCTTTTGATAATCTTCCTTTATCATTTGTAATAGTAATTTGGTTTTGTTTACCAGTACCTTTATCTAATGCTGTTACATTTAGGATACCATT","Pf3D7_08_v3-1365750-1365999-2.1",".",1487,1,1
"IM-23-122-IOGO","8039832543","Maziba","Pf3D7_13_v3-1465901-1466157-1A","CATAAAGGGTCCGATAACATTTTTTACATTTTCCCATGCAGAATCAGCATACAAGTTACATTTACCATCTGATGGATGACAACCTACAAGAAATCTGTTGAAAGCTACATTAATACCTTGTCCAATACCAAAAACAGCTATTTTAACACCACGATCATTTAATTTTCTTGATTCTTTTAATGAATCTTGAATACTAT","Pf3D7_13_v3-1465901-1466157-1A.1","19+8N158T",1397,0.807981492192019,4
"IM-23-122-IOGO","8039832543","Maziba","Pf3D7_08_v3-1366575-1366822-2","TTTAGCTTTTTCACATTGTGTTCTTAATCTTCTTAATGATTTTGAATTTTTGGAAACATCTTTACCTCCATTTTTTTTTTTAAAATCTTGTACACAGAAGTTTACTAATTTATTATCAAAATCTTCTCCTCCTAAATGTGTATCTCCTGAGGTAGCTTTAACTTCAAAAATTCCATCTTCAAGTGTTAATAAGG","Pf3D7_08_v3-1366575-1366822-2.1","70+13N",1779,0.951336898395722,3
"IM-23-122-IOGO","8039832543","Maziba","Pf3D7_08_v3-1366575-1366822-2","TTTAGCTTTTTCACATTGTGTTCTTAATCTTCTTAATGATTTTGAATTTTTGGAAACATCTTTACCTCCATTTTTTTTTTTAAAATCTTGTACACAGAAGTTTACTAATTTATTATCAAAATCTTCTCCTCCTAAATGTGTATCTCCTGAGGTAGCTTTAACTTCAAAAATTCCATCTTCAATTGTTAATAAGG","Pf3D7_08_v3-1366575-1366822-2.2","70+13N183T",50,0.0267379679144385,3
"IM-23-122-IOGO","8039832543","Maziba","Pf3D7_08_v3-1366626-1366856-1B","CTTTACCTCCATTTTTTTTTTTAAAATCTTGTACACAGAAGTTTACTAATTTATTATCAAAATCTTCTCCTCCTAAATGTGTATCTCCTGAGGTAGCTTTAACTTCAAAAATTCCATCTTCAAGTGTTAATAAGGAAACATCAAATGTTCCTCCTCCTAAATC","Pf3D7_08_v3-1366626-1366856-1B.1","11+13N",672,0.966906474820144,2
"IM-23-122-IOGO","8039832543","Maziba","Pf3D7_07_v3-432832-433091-1A","TTGAAAAAGTCATCATCAGAATGGGGATGATTATTATTGTTATTATGAGTTTGGTTCGTATTAATATTATGCTCCTTTTCGTTATTTAATTTATGTTCATTTATATTTTTATAAATAAATAATTTTCCAAGAAGTATACCATTAATAAACTTACTAGTTAACATATTAGACTGCTCAATATTTGTACATTTTTTTAATGTATGTATT","Pf3D7_07_v3-432832-433091-1A.1","30+17N188+9N",1064,0.93909973521624,4
"IM-23-122-IOGO","8039832543","Maziba","Pf3D7_07_v3-475313-475545-1A","AGCTTTATTATCTACAAAAAATCCACGTGGATATATGAAACAAATGAAATTGTATTTTATATTCCAAATTAAAGAAATTGCATTAAGAAAACATGGCTCTTTACTTACAGTCAAAAATTTATATAATAATAAACTTTTAAATATAAATTCATCATCTTCTACAAATA","Pf3D7_07_v3-475313-475545-1A.1","15+8N",746,0.672678088367899,2
"IM-23-122-IOGO","8039832543","Maziba","Pf3D7_14_v3-921176-921432-1A","ACAATATTAATTTTTTAAGTTCATTATTTCAATTTTATATTTAGGAGGATCTATATCCATATATTATTCATTTTAAAAATATTAAAATAAATACATATATAAATATATAAACATATAAAAACAGTCTTTTAAAAATTAATAAGATTTATATAAAATATGGTTATAAATCCTATTTTGTATTATATCAAA","Pf3D7_14_v3-921176-921432-1A.3","15T",43,0.056282722513089,4
"IM-23-122-IOGO","8039832543","Maziba","Pf3D7_14_v3-921176-921432-1A","ACAATATTAATTTTTTAAGTTCATTATTTCAATTTTATATTTAGGAGGATCTATATCCATATATTATTCATTTTAAAAATATTAAAATAAATACATATATAAATATATAAACATATAAATACAGTCTTTTAAAAATTAATAAGATTTATATAAAATATGGTTATAAATCCTATTTTGTATTATATTAAA","Pf3D7_14_v3-921176-921432-1A.2","15T120T186T",51,0.0667539267015707,4
"IM-23-122-IOGO","8039832543","Maziba","Pf3D7_07_v3-627351-627625-1A","TCACTAAGATAATTATTATTACTATTTTCAGCATAATAAAATTTCTGATGTTTCATAAGAGGAGTTTGGTTAGAAGCAAAATTATCAGCAGTTGTCGAATAATTATTATGTTCTTGATAAAAGAGATTATTCATATAGTTATTATTATTTTTCATATCATCCATAGTATTATTGTTAATATAAAATTCCTCATATGAATTATATATATA","Pf3D7_07_v3-627351-627625-1A.3","54C",69,0.118760757314974,4
"IM-23-122-IOGO","8039832543","Maziba","Pf3D7_05_v3-550803-551072-1A","ATATAATACACCTTTCTTATTTATATTAATCTTTTCATTTTTACAAGAAATCACCTCCCTACTTATTCGGTTGTCCTCATTTTCATATTTCATAACACCATCATTTATTTTTTCTATTTCTTTAATATTATTTTCTCCTTCGACGTAATTATGCTTTCCTATCATCTCCTTTGCTCTACTTCCTATATATACTAATTTCTCTCTGAA","Pf3D7_05_v3-550803-551072-1A.2","107+8N141C",523,0.947463768115942,2
"IM-23-122-IOGO","8039832543","Maziba","Pf3D7_05_v3-550803-551072-1A","ATATAATACACCTTTCTTATTTATATTAATCTTTTCATTTTTACAAGAAATCACCTCCCTACTTATTCGGTTGTCCTCATTTTCATATTTCATAACACCATCATTTATTTTTTCTATTTCTTTAATATTATTTTCTCCTTGGACGTAATTATGCTTTCCTATCATCTCCTTTGCTCTACTTCCTATATATACTAATTTCTCTCTGAA","Pf3D7_05_v3-550803-551072-1A.1","107+8N",29,0.052536231884058,2
"IM-23-122-IOGO","8039832543","Maziba","Pf3D7_05_v3-641131-641404-1A","GGAATTTTTTTTTTGGTGTTTTATTTTTTCGAAGGATACAGTATAATCTAAGACATTAAAATTATTGGGTTTGAAAAAGAGTTTCCTTTTTATGATGTGCAATAGAGGTATATTTATATAGGAAATATAAACATATAAAAGGAATATGATAAAAAGGAAATATTGACTTAATAAAATATTAATATTTCTTTTTTTAAAATATATTTCGT","Pf3D7_05_v3-641131-641404-1A.3","4+12N23+8N42T188+9N",325,0.925925925925926,2
"IM-23-122-IOGO","8039832543","Maziba","Pf3D7_05_v3-641131-641404-1A","GGAATTTTTTTTTTGGTGTTTTATTTTTTCGAAGGATACAGTATAATCTAAGACATTAAAATTATTGGGTTTGAAAAAGAGTTTCCTTTTTATGATGTGCAATAGAGGTATATTTATATAGGAAATATAAACATATAAAAGGAATATGATAAAAAGGAAATATTGACTTAATAAAATATTAATATTTCTTTTTTTCAAATATATTTCGT","Pf3D7_05_v3-641131-641404-1A.4","4+12N23+8N42T188+9N",26,0.0740740740740741,2
"IM-23-122-IOGO","8039832543","Maziba","Pf3D7_05_v3-668763-669004-1A","TAATATTATCTGGCTCTGTAACCATGTCCGAACATATGTTAACAGGAGAATCTGTTCCTATACATAAAGAGCAGTTACCTTTTGAAGGAAATGCTATTATAAATAAAAATAATAAATATGAGAGTAACGATGAAAAGGATGATTACCTTCGTATTTATAATAATCATGCTAGTATTAATATGATCAACCG","Pf3D7_05_v3-668763-669004-1A.5","188C",1,0.000583771161704612,5
"IM-23-122-IOGO","8039832543","Maziba","Pf3D7_05_v3-668763-669004-1A","TAATATTATCTGGCTCTGTAACCATGTCCGAACATATGTTAACAGGAGAATCTGTTCCTATACATAAAGAGCAGTTACCTTTTGAAGGAAATGCTATTATAAATAAAAATAATAAATATGAGAGTAACGATGAAAAGGATGATTACCTTCGTATTTATAATAATCATGCTAGTATTAATATGATCAAGCG","Pf3D7_05_v3-668763-669004-1A.7",".",1362,0.795096322241681,5
"IM-23-122-IOGO","8039832543","Maziba","Pf3D7_05_v3-668763-669004-1A","TAATATTATCTGGCTCTGTAACCATGTCCGAACATATGTTAACAGGAGAATCTGTTCCTATACATAAAGAGCGGTTACCTTTTGAAGGAAATGCTATTATAAATAAAAATAATAAATATGACAGTAACGATGAAAAGGATGATTACCTTCGTATTTATAATAATCATGCTAGTATTAATATGATCAACCG","Pf3D7_05_v3-668763-669004-1A.1","73G122C188C",5,0.00291885580852306,5
"IM-23-122-IOGO","8039832543","Maziba","Pf3D7_03_v3-515418-515657-1A","TTTCATTAATTTCTATATGTTTGAATTCCCTTATAGACATATTTGAATCATTATTACTTTTATATGAAGTGTTATTATCGAAATTATTATTAATACATTTTATTTTAATGATTTTGTTAAAATTTTTATTATTTACTATAATGGAAGTCAGATATGTACTTATCGTATGGAAAGCTAATCATCAACA","Pf3D7_03_v3-515418-515657-1A.3","5A",585,0.201169188445667,3
"IM-23-122-IOGO","8039832543","Maziba","Pf3D7_09_v3-516735-517007-1A","ATAGAAGGATATATAAAAAATTATCAAGAATCATATAATATAAATGACCATTGTAAATTAGTTCCATTAAATTTTTATAAAGATTCTATTTCTAATGATTTAGGTACTCCATGCCCTGTGAATAGTATTACCTTAAATGTGGGCGCAAAAACTATAAATGAATGTTTGTGTAATAAAGGATATTTCTATAATGTCAAGAAACAACAATGTGA","Pf3D7_09_v3-516735-517007-1A.1","14+8N",21,0.0375,2
"IM-23-122-IOGO","8039832543","Maziba","Pf3D7_09_v3-595828-596094-1A","ATAATTTTTTCATCGTTCTTATACATGAATGATAAAGTCTTTTTGCAAAATTTTTTGAAGAGATCAGATTTGAGATAAAGACGTTTGGCTAATCTATAGGAGAATTCTAGAGCATCTAATTTTATATTTAAACATTTTTTCGTATCCAATATATTATAATTTTGTTCATAAGTCTGTTCGTTTATATTATTTAATACTTTT","Pf3D7_09_v3-595828-596094-1A.4","4+8N27G50+8N94C99G108T134+8N180G",56,0.0881889763779528,3
"IM-23-122-IOGO","8039832543","Maziba","Pf3D7_09_v3-595828-596094-1A","ATAATTTTTTCATCGTTCTTATACATGAATGATAAAGTCTTTTTGCAAAATTTTTTGAAGAGATCAGATTTGAGATAAAGACGTTTGGCTAATTTATACGAGAATTCTAGAGCATCTAATTTTATATTTAAACATTTTTTCGTATCCAATATATTATAATTTTGTTCATAAGTCTGTTCGTTTATATTATTTAATACTTTT","Pf3D7_09_v3-595828-596094-1A.8","4+8N27G50+8N108T134+8N180G",124,0.195275590551181,3
"IM-23-122-IOGO","8039832543","Maziba","Pf3D7_05_v3-796518-796759-1A","TGGTTCTTCAATTGTTCATATAAGTTCTTTATTAGTAGGTGTATATTTATGTAGTAGTAGTGCAAATGCATTTAATCAAATTATTGAAAGAAATATAGATAAGTTAATGAAAAGAACCCAAAAAAGACCCTTAGCAAATAATAATCCAAATATGTCAGTTAAGCATGCTGAAATAT","Pf3D7_05_v3-796518-796759-1A.2","119+8N163G",356,0.26157237325496,3
"IM-23-122-IOGO","8039832543","Maziba","Pf3D7_05_v3-958079-958350-1B","TTTTTATATCTGTGTTTGGTGTAATATTAAAGAACATGAATTTAGGTGATGATATTAATCCTATAATATTATCATTAGTATCTATAGGTTTAGTACAATTTATATTATCAATGATATCAAGTTATTGTATGGATGTAATTACATCAAAAATATTAAAAACTTTAAAGCTTGAATATTTAAGAAGTGTTTTTTATCAAGATGGACAATTTC","Pf3D7_05_v3-958079-958350-1B.1","186+8N",288,1,1
"IM-23-122-IOGO","8039832543","Maziba","Pf3D7_05_v3-958372-958608-1B","ATTTATAACAATTTTTACATATGCCAGTTCCTTTTTAGGTTTATTTATTTGGTCATTAATAAAAAATGCACGTTTGACTTTATGTATTACTTGCGTTTTTCCGTTAATTTATGTTTGTGGTGTCATATGTAATAAGAAAGTAAAATTAAATAAAAAAACATCTTTGTTATATAATAACAATACC","Pf3D7_05_v3-958372-958608-1B.1","45T60+8N151+9N",1449,1,1
"IM-23-122-IOGO","8039832543","Maziba","Pf3D7_05_v3-958920-959168-1B","AATAATAAATCGAAAACCATTAGTTGAAAATAATGATGATGGAGAAACATTACCAAATATTAAAAAAATTGAATTTAAAAATGTAAGATTTCATTATGATACTAGAAAAGATGTTGAAATTTATAAAGATTTAAGTTTTACTCTAAAAGAAGGGAAAACATATGCATTTGTGGGAGAATCA","Pf3D7_05_v3-958920-959168-1B.1","61+9N",884,1,1
"IM-23-122-IOGO","8039832543","Maziba","Pf3D7_14_v3-106867-107115-1A","AATGACATGAACAAGTCAGGCGAAAAAGAGGAACATGTTATAAATAGTAAATGGAAAAATAAATTTTTCCATGAAGTTATACAAAATATGTTATATGATGATAATATAAATGATCATAAAGAAGAAATTAAGGAAGATAATTCTAATGAATATAATATCAATAATAAAAATGATAATTTATATGATATA","Pf3D7_14_v3-106867-107115-1A.2","120A",119,0.16059379217274,2
"IM-23-122-IOGO","8039832543","Maziba","Pf3D7_14_v3-1166107-1166371-1A","TTTTTGAATTATTAAATATATCTTCTATAAAAAAAGAATATCAAGCTATACATAACAATAAGTATTTTTTATGGAATATGGATGCAAATTTTTTTACTATAAAAAATCATCATAAGGATAATAAGGATAACAATGATGAAAATGTGAATGTAATAATACAACAAAATAATTTAGTTCTAGAAAAATATGATCATTTAATAGA","Pf3D7_14_v3-1166107-1166371-1A.3","28+9N64+8N87A88+9N100+8N179A",86,0.149825783972125,3
"IM-23-122-IOGO","8039832543","Maziba","Pf3D7_07_v3-1149367-1149613-1A","TATTTGACTAGTCGAATAATATTTAATATTTTTGTTTAGGAAGTTTTCAAAATTGATGACATTGATAACCGTTTTTATTAAATCGCTTGGGTTGTTTGTGTGTTCTATAGTAGAAGACATAATTTTAAGAATGTGTTTTTGTGTTATTAAACAAAACTTTGTTACTATATGGAATCGTATGTTAT","Pf3D7_07_v3-1149367-1149613-1A.1","106T109A",707,0.239012846517918,3
"IM-23-122-IOGO","8039832543","Maziba","Pf3D7_07_v3-403479-403716-1B","TTAGGTGGAGGTTCTTGTCTTGGTAAATGTGCTCATGTGTTTAAACTTATTTTTAAAGAGATTAAGGATAATATTTTTATTTATATTTTAAGTATTATTTATTTAAGTGTATGTGTAATGAATAAAATTTTTGCTAAAAGAACTTTAAACAAAATTGGTAACTATAGTTTTGTAACATCCGA","Pf3D7_07_v3-403479-403716-1B.1",".",1558,1,1
"IM-23-122-IOGO","8039832543","Maziba","Pf3D7_04_v3-900526-900759-1A","TTAACAACTTATCATCATTTATTAGATTCTTTTCATGGAACAGATTATTAACAGTATCCATAATTTTATGATCATCCGTGTTATATGTATCTATACAAGTATTTAACTTGCTTATATAATTTACATATTTCAACGGATCATTTTGAAGTATGCAATCATCGAATGAATA","Pf3D7_04_v3-900526-900759-1A.2",".",321,0.134647651006711,3
"IM-23-122-IOGO","8039832543","Maziba","Pf3D7_04_v3-1005938-1006187-1A","GTCTTAACATTAATCTTAGTTACAAAGTTACATGGATTTATTGAAAAGATATTTTCGTCACTATATTTCTTTTTTTCCATATCCGTTTGATCATTTTTATATGTTTTCATATTATCCATATGTTCATTATTTTGATCAATATAATTTTTTTTTATAATAAATTTAGAATTATTTTTAAAGAAA","Pf3D7_04_v3-1005938-1006187-1A.1","69+9N84C98T144+11N",107,0.127229488703924,3
"IM-23-122-IOGO","8039832543","Maziba","Pf3D7_04_v3-900526-900759-1A","TTAACAACTTATCATCATTTATTAGATTCTTTTCATTGAACAGATTATTAACAGTATCCATAATTTTATGATCATCCGTGTTATATGTATCTATACAAGTATTTAGCTTGCTTATATAATTTACATATTTCAACGGATCATTTTGAAGTATGCAATCATCGAATGAATA","Pf3D7_04_v3-900526-900759-1A.3","37T106G",1875,0.786493288590604,3
"IM-23-122-IOGO","8039832543","Maziba","Pf3D7_05_v3-1188456-1188706-1A","CAAAATTTAAATCAATAGTGGTTACGTTCATAATTTTGCCTTCAAAACTAACCTCTGTATGATATATAAATTTATTTTCCTTTACACTAAATACATATATAAAAATGGTACTTAATAATTTATCTTTATCATATTTAAATAATATTAAATCTGTTTTTACATCTGAGTTATAATCACCGAAAT","Pf3D7_05_v3-1188456-1188706-1A.7","19T53C170A",7,0.00334608030592734,3
"IM-23-122-IOGO","8039832543","Maziba","Pf3D7_07_v3-404325-404590-1B","GAAACACAAGAAGAAAATTCTATCATATTTAATCTTGTCTTAATTAGTGCCTTAATTGTAAGAAAACAAAATATATAAATAAATAAATATATATATATATATATATATATATATATATTGTAATATTTAATATATATTAACCCTTAAACTTTGTTTTTTTTATATTAATTTATATTCTTTATCATTTTTTTTTTTTTTTCCTTCTTTTTTT","Pf3D7_07_v3-404325-404590-1B.1020","71+40N134C151T176+19N198+8N",1,0.166666666666667,3
"IM-23-122-IOGO","8039832543","Maziba","Pf3D7_07_v3-404325-404590-1B","GAAACACAAGAAGAAAATTCTATCATATTTAATCTTGTCTTAATTAGTGCCTTAATTGTAAGAAAACAAAATATATAAATAAATAAATATATATATATATATATATATATATTGTAATATTTAATATATATTAACACTTAAACTTTTTTTTTATTATATTAATTTATATTCTTTATCATTTTTTTTTTTTTTTTTCCTTCTTTTTTTT","Pf3D7_07_v3-404325-404590-1B.131","71+40N145T176+19N198+8N",3,0.5,3
"IM-23-122-IOGO","8039832543","Maziba","Pf3D7_13_v3-1465616-1465890-1A","TCTTGTGGATTATTATCTATTATATTTTCTTCTGGTTTTTGGACAGAAGAATTATCTCCTCTTGGTCTAGGTTGATCATCTTCGGGTTCATCTGGAACATCTAATGGTTCCCATTTTGGAGGACATCTTTCTTCTTCACATTGTTCTTGTATTTCACTTGTACATCCTTCGTGTAAGATTTCTCTTTTTCTTGACCTGGTACCTTTACCACAAGTTACACTACATGGAGA","Pf3D7_13_v3-1465616-1465890-1A.8","30T32C41G47A49G113A121G152T",44,0.0349761526232114,5
"IM-23-122-IOGO","8039832543","Maziba","Pf3D7_13_v3-1465616-1465890-1A","TCTTGTGGATTATTATCTATTATATTTTCTTTTGGTTCTTCGACAGCAAAATTATCTCCTCTTGGTCTAGGTTGATCATCTTCGGGTTCATGTGGAACATCTAATGGTTCCCGTTTTGGAGGACATCTTTCTTCTTCACATTGTTCTTGTAATTCACTTGTACATCCTTCGTGTAAGATTTCTCTTTTTCTTGACCTGGTACCTTTACCACAAGTTACACTACATGGAGA","Pf3D7_13_v3-1465616-1465890-1A.31","30T38C92G121G",4,0.00317965023847377,5
"IM-23-122-IOGO","8039832543","Maziba","Pf3D7_10_v3-1414337-1414596-1A","GACCTGAATGGAAAGGTCAATGTGATAAATTTGAAAAAGAAAAAAGTAAATATGAAGATACTAAAAGTAGAACTGCTGAAATATATTTAAAAGAAATATGTTCTGAATGTGATTGTAAATATAAAGATTTGGATAATACATTTAAAGAATTTAAAGATAACGTTACACTTCTTAAAGCAGTAATTGATAACAAA","Pf3D7_10_v3-1414337-1414596-1A.4","17T39+8N70G82T",1,0.000936329588014981,3
"IM-23-122-IOGO","8039832543","Maziba","Pf3D7_13_v3-1465901-1466157-1A","CATAAAGGGTCCGATAACATTTTTTACATTTTCCCATGCAGAATCAGCATACAAGTTACATATACCATCTGATGGATGACAACCTACAAGAAATCTGTTGAAAGCTACATTAATACCTTGTCCAATACCAAAAACAGCTATTTTAACACCACGATCATTTAATTTTCTTGATTCTTTTAATGAATCTTGAATACTAT","Pf3D7_13_v3-1465901-1466157-1A.13","19+8N62A158T",5,0.00289184499710815,4
"IM-23-122-IOGO","8039832543","Maziba","Pf3D7_04_v3-109939-110184-1A","CAACATCTGAATTATATAAATCTTTAGAAAAACAACTAATATCCTTACTACATATATTTATTTTTATACCAAGAATAACAGCCATATAAACCAAAACTCTCTCAAATGCATGTGATACAGGTAAATAAGAAAAATGGGTTTTCGGTTTCATGTTTTTTATTACATTATGATCACATAATGGTGCTACT","Pf3D7_04_v3-109939-110184-1A.5","50A51C108G152+8N",216,0.161314413741598,5
"IM-23-122-IOGO","8039832543","Maziba","Pf3D7_04_v3-109939-110184-1A","CAACATCTGAATTATATAAATCTTTAGAAAAACAACTAATATCCTTACTCCATATATTTATTTTTATACCAAGAATAACAGCCATATAAACCAAAACTCTCTCAAATACATGTGATACAGGTAAATAAGAAAAATGGGTTTTCGGTTTCATGTTTTTTATTACATTATGATCACATAATGGTGCTACT","Pf3D7_04_v3-109939-110184-1A.1","51C152+8N",70,0.0522778192681105,5
"IM-23-122-IOGO","8039832543","Maziba","Pf3D7_04_v3-109939-110184-1A","CAACATCTGAATTATATAAATCTTTAGAAAAACAACTAATATCCTTACTCCATATATTTATTTTTATACCAAGAATAACAGCCATATAAACCAAAACTCTCTCAAATGCATGTGATACAGGTAAATAAGAAAAATGGGTTTTCGGTTTCATGTTTTTTATTACATTATGATCACATAATGGTGCTACT","Pf3D7_04_v3-109939-110184-1A.2","51C108G152+8N",906,0.676624346527259,5
"IM-23-122-IOGO","8039832543","Maziba","Pf3D7_04_v3-109939-110184-1A","CAACATCTGAATTATATAAATCTTTAGAAAAACAACTAATATCCTTACTCGATATATTTATTTTTATACCAAGAATAACAGCCATATAAACCAAAACTCTCTCAAATACATGTGATACAGGTAAATAAGAAAAATGGGTTTTCGGTTTCATGTTTTTTATTACATTATGATCACATAATGGTGCTACT","Pf3D7_04_v3-109939-110184-1A.3","152+8N",145,0.108289768483943,5
"IM-23-122-IOGO","8039832543","Maziba","Pf3D7_04_v3-109939-110184-1A","CAACATCTGAATTATATAAATCTTTAGAAAAACAACTAATATCCTTACTCGATATATTTATTTTTATACCAAGAATAACAGCCATATAAACCAAAACTCTCTCAAATGCATGTGATACAGGTAAATAAGAAAAATGGGTTTTCGGTTTCATGTTTTTTATTACATTATGATCACATAATGGTGCTACT","Pf3D7_04_v3-109939-110184-1A.6","108G152+8N",2,0.00149365197908887,5
"IM-23-122-IOGO","8039832543","Maziba","Pf3D7_04_v3-1113397-1113639-1A","GATTCTGCATGCAGTAATGAATCTATTGAAATCATCTAAGAATAAACTTTTTTGTTTAAACCATTTATTGAACATTTCACTTAAATGTGATTCAATTTTTTTTTCTGAGATTTCCATAATTTGATTACATCTATTCAATTTGTTTGTATAATTATTAGGTCTTATTATTCTTTTACGTTTTAAATCATC","Pf3D7_04_v3-1113397-1113639-1A.4","47+8N95+11N110A130T152T154A",1495,0.719095719095719,4
"IM-23-122-IOGO","8039832543","Maziba","Pf3D7_05_v3-369676-369949-1A","TGTAATATTATATATCCTGTTATAAATAAATCATTGGATATGGATGTGAAAAAAGAAGATATAAAAAAAAATGTAGAAGAAAATAAATATATAGAACATACACAGAATTTGAAAAATTATTTAGAAAATGATGAAAATGAGAAAAAAAAAAGAAGAAAAAGATCAAATAATAATGACAATTATAATTCTCATGATAATAATATTTTTCA","Pf3D7_05_v3-369676-369949-1A.1","48+8N62+11N141+12N",330,0.861618798955614,2
"IM-23-122-IOGO","8039832543","Maziba","Pf3D7_05_v3-395887-396136-1A","TCTAAGGATTGTTGGTTTTTTAGGATGCTCATCTTTTTAAGATAATCCTCTTTACTGTCGTTATTATTTAAATCGTTTTGTATAATATTATATTGTGAATTCCTTGTGTTTTTCATAACACTATTAGTCCTATTGGTGTTCTTCTTATTATTATTATTATTATTGTTCTTCTTCTTAATAAA","Pf3D7_05_v3-395887-396136-1A.5","15+8N119C145+20N",89,0.0931937172774869,3
"IM-23-122-IOGO","8039832543","Maziba","Pf3D7_05_v3-395887-396136-1A","TCTAAGGATTGTTGGTTTTTTAGGATGCTCATCTTTTTAAGATAATCCTCTTTACTGTCGTTATTATTTAAATCGTTTTGTATAATATTATATTGTGAATTCCTTGTGTTTTTCATAACACTATTAGTCCTATTGGTGTTCTTCTTCTTATTATTATTATTGTTCTTCTTCTTAATAAA","Pf3D7_05_v3-395887-396136-1A.8","15+8N119C145+20N",804,0.841884816753927,3
"IM-23-122-IOGO","8039832543","Maziba","Pf3D7_01_v3-162867-163115-1A","ATATACCAATAATACTTTTTTTTTTAAATAATGTAAAAAATGATTTATATAATTGTTATAAACAAATGATCACATATCATAATAATAATAATAATATCCTAAATCATAACTCTAATATTTTATCAAAAGAAAATGAAAAAAAACAACCTTTTTCAACATATAATATATCAAATCTTTGTTCTCCTGATCAAATGGTAATAAATAAAAA","Pf3D7_01_v3-162867-163115-1A.7","15+12N34+8N91I=ATAATA129+10N182T191A",1034,0.708219178082192,4
"IM-23-122-IOGO","8039832543","Maziba","Pf3D7_01_v3-162867-163115-1A","ATATACCAATAATACTTTTTTTTTTAAATAATGTAAAAAATGATTTATATAATTGTTATAAACAAATGATCACATATCATAATAATAATAATAATATGCTAAATCATAACTCTAATATTTTATCAAAAGAAAATGAAAAAAAACAACCTTTTTCAACATATAATATATCAAATCTTTGTTCTCCTGACCAAATGGTGATAAATAAAAA","Pf3D7_01_v3-162867-163115-1A.4","15+12N34+8N91I=ATAATA92G129+10N",313,0.214383561643836,4
"IM-23-122-IOGO","8039832543","Maziba","Pf3D7_01_v3-162867-163115-1A","ATATACCAATAATACTTTTTTTTTTAAATAATGTAAAAAATGATTTATATAATTGTTATAAACAAATGATCACATATCATAATAATAATAATAATATGCTAAATCATAACTCTAATATTTTATCAAAAGAAAATGAAAAAAAACAACCTTTTTCAACATATAATATATCAAATCTTTGTTCTCCTGATCAAATGGTAATAAATAAAAA","Pf3D7_01_v3-162867-163115-1A.5","15+12N34+8N91I=ATAATA92G129+10N182T191A",93,0.0636986301369863,4
"IM-23-122-IOGO","8039832543","Maziba","Pf3D7_01_v3-181512-181761-1A","TTCATTATTGTTTTCATTCTTTTTTTAACGAAAACTATTCATCTCAAAAATATAAGATATTTTATATGACGAATGCCATTGTATTTTTTGTTACGTAAAACCTGACTTCTTCAGGGAAAACACATGCGCATTTTCACCAATTTTTGCCTAAGCTTATTATAAAAAGTATATTAAATGTATGAC","Pf3D7_01_v3-181512-181761-1A.3","19+9N83+8N114G",297,0.166947723440135,3
"IM-23-122-IOGO","8039832543","Maziba","Pf3D7_06_v3-532166-532407-1A","AGAACAATTGTTAAACACCAAATTGGGTGAAACAAAAAACCACCTGAACAGAACCCCATTTATACCTGAATCGGTCATACGAGAAAGGAAATTACGCCAAGAAAAAGCGCAATCCACAAACAACATGTTCGATTCAACAAACGCAGATAGTATTACTTCCCCATGTGATCCAACGAATGCCACG","Pf3D7_06_v3-532166-532407-1A.3","11T33+8N109G157T",1,0.000262398320650748,7
"IM-23-122-IOGO","8039832543","Maziba","Pf3D7_06_v3-532166-532407-1A","AGAACAATTGTTAAACACCAAATTGGGTGAAACAAAAAACCACCTGAACAGAACCCCATTTATACCTGAATCGGTCATACGAGAAAGGAAATTACGCCAAGAAAAAGCTCAATCCACAAACAACATGTTCGATTCAACAAACGCAGATAGTATTACTTCCCCATGTGATCCAACGAATGCCACG","Pf3D7_06_v3-532166-532407-1A.6","11T33+8N157T",69,0.0181054841249016,7
"IM-23-122-IOGO","8039832543","Maziba","Pf3D7_06_v3-532166-532407-1A","AGAACAATTGTTAAACACCAAATTGGGTGAAACAAAAAACCACCTGAACAGAACTCCATTTATACCTGAATCGGTCATACGAGAAAGGAAATTACGCCAAGAAAAAGCGCAATCCACAAACAACATGTTCGATTCAACAAACGCAGATAGTATTACTTCCCCATGTGATCCAACGAATGCCACG","Pf3D7_06_v3-532166-532407-1A.7","11T33+8N55T109G157T",2958,0.776174232484912,7
"IM-23-122-IOGO","8039832543","Maziba","Pf3D7_06_v3-851492-851765-1A","ACAATAGTACATTCTGCATTTACATCACAACCTCCATTATTTTTTGAACAGTTCATATCTTTCATAGGTATACATTTAAAATAATTTACACTCATATCAACTATATAATTAGGTCGGCATCTACATTGTTCTTTATCTTTTTCGACAATATAACAACGTGAATTGGGTCCACATTTGGAATATTCACAAATATAATTTACTTTAAATATAACAAAATTTCTCA","Pf3D7_06_v3-851492-851765-1A.1","39+8N",1072,0.874388254486134,4
"IM-23-122-IOGO","8039832543","Maziba","Pf3D7_06_v3-851492-851765-1A","ACAATAGTACATTCTGCATTTACATCACAACCTCCATTATTTTTTGAACAGTTCATATCTTTCATAGGTATACATTTAAAATAATTTACACTCATATCAACTATATAATTAGGTCGGCATCTACATTGTTCTTTATCTTTTTCGACAATATAACAACGTGAATTGGGTCCACATTTGGAATATTCACAAATATAATTTACTTTAAATATAACAAAATTTTTCA","Pf3D7_06_v3-851492-851765-1A.4","39+8N220T",13,0.0106035889070147,4
"IM-23-122-IOGO","8039832543","Maziba","Pf3D7_07_v3-729480-729750-1A","TGAATGTTCAGAAATTTTATATCACTTAAATCGTTTGAGTGCGTTAGATCAAATATTGTTGAAAGATAAAATAAGTATATATGAGTATCAGCTAAAGGACACGTTTTTAACAACGTATGATATAGGTTGTTTATTAAAAATAGCTCAAGTGTTGAATGAACAAAATTATTATGATAACATTCCATTTTTGCATATATTTTTATATAACATACATAA","Pf3D7_07_v3-729480-729750-1A.2",".",48,0.0754716981132075,2
"IM-23-122-IOGO","8039832543","Maziba","Pf3D7_07_v3-896613-896849-1B","ACAATGAAAAAATGTATTAATGATGAATTATATAAAATAAAAATAAATGTAGGTTTATATAAAAAGGATAGAAAAAAATTATCCTTTTTTATATTGTTGCATAAATTTTATTTAGATAATTATAATATTGTTATTAATAAATTAAAAAATATGAATAATTTAATAGAAA","Pf3D7_07_v3-896613-896849-1B.1","6+8N71+9N84+8N143+8N",896,1,1
"IM-23-122-IOGO","8039832543","Maziba","Pf3D7_08_v3-102277-102527-1A","TACCTTCATCTATTGAATTAATTTTCTCAAGTAACATATTTTTGTCTTGACTACTTTCATCTGTAAATGGAACCAATACTCTTTGCTTACCTGCAAAAAGGACAACTGACATATGAGCCTTATCCTTACTTACATTCGAATTAAAGACCATAGATTCTAAAAATGGTATAGTTCCTTTTAACCAATAATC","Pf3D7_08_v3-102277-102527-1A.3","74C76A",103,0.0510153541357107,3
"IM-23-122-IOGO","8039832543","Maziba","Pf3D7_08_v3-102277-102527-1A","TACCTTCATCTATTGAATTAATTTTCTCAAGTAACATATTTTTGTCTTGACTACTTTCATCTGTAAATGGAACGAATACTCTTTGCTTACCTGCAAAAAGGACAACTGACATATGAGCCTTATCCTTACTTACATTCGAATTAAAGACCATAGATTCTAAAAATGGTATAGTTCCTTTTAACCAATAATC","Pf3D7_08_v3-102277-102527-1A.5","76A",72,0.0356612184249629,3
"IM-23-122-IOGO","8039832543","Maziba","Pf3D7_07_v3-1043981-1044225-1A","ATAATGATATGTTATTTCATCATCAGCATCGACTTCTTTTTTATTATGTTCAAACAAATTCTTATATTTTATATTATTGCATTTTTGTCTTTCCATATTTATAAAAGATTCTATTTTCTTTTTATAATCATTCCTTTTTATATAATTACACATTCCTTCATTTTGGTTGTCATAACTCTTCT","Pf3D7_07_v3-1043981-1044225-1A.1","36+8N",1688,0.856418061897514,2
"IM-23-122-IOGO","8039832543","Maziba","Pf3D7_14_v3-294506-294753-1B","AATTTAGATGTTATCAAAGTCCCATTCTTACCTTTCTATGTAACTCTTTGTAACAACAGCAAATTACCAACTTTTGAATTTACCTCAGAAAATGGTAAATACACATTAGAACCTGAATACTACCTTCAACACATAGAAGATGTTGGTCCAGGATTATGTATGCTTAATATCATAGGATTAGATTTTCCAGT","Pf3D7_14_v3-294506-294753-1B.1",".",1846,1,1
"IM-23-122-IOGO","8039832543","Maziba","Pf3D7_14_v3-297583-297856-1B","AGGAGGTTTTTCTTATTATATTTTTGAAAATTTCGTTTTTCAAAAGAACCGTAAAATTAATCACATAATTAAGACTTCAAAATATTCGACAGTAGGATTTAATATTGAAAATTCTTATGATAGACTTATGAAAACAATTAAAGAGCATAAATTAAAAAATTATATAAAAGAATCAGTAAAACTTTTTAATAAAGGTTTAACCAAAAA","Pf3D7_14_v3-297583-297856-1B.1","153+8N",407,1,1
"IM-23-122-IOGO","8039832543","Maziba","Pf3D7_14_v3-298368-298636-1B","ACGATTTAATGTGGCAAGTTGATTTAGATGTACATTTTGGTAATGTATCTTCCAAAAAAGCAAACGTTATTTTAGATAGTGCCACCAGTGTCATAACTGTACCAACAGAATTTTTTAATCAATTCGTAGAATCTGCAAGTGTTTTCAAAGTTCCATTCTTATCTTTGTATGTAACCACTTGTGGTAACACGAAATTACCAA","Pf3D7_14_v3-298368-298636-1B.1","53+8N110+8N",567,1,1
"IM-23-122-IOGO","8039832543","Maziba","Pf3D7_07_v3-1149367-1149613-1A","TATTTGACTAGTCGAATAATATTTAATATTTTTGTTTAGGAAGTTTTCAAAATTGATGACATTGATAACCGTTTTTATTAAATCGCTTGGGTTGTTTGTGTATTCCATTGTAGAAGACATAATTTTAAGAATGTGTTTTTGTGTTATTAAACAAAACTTTGTTACTATATGGAATCGTATGTTAT","Pf3D7_07_v3-1149367-1149613-1A.3","102A",2051,0.693373901284652,3
"IM-23-122-IOGO","8039832543","Maziba","Pf3D7_07_v3-1149367-1149613-1A","TATTTGACTAGTCGAATAATATTTAATATTTTTGTTTAGGAAGTTTTCAAAATTGATGACATTGATAACCGTTTTTATTAAATCGCTTGGGTTGTTTGTGTGTTCCATTGTAGAAGACATAATTTTAAGAATGTGTTTTTGTGTTATTAAACAAAACTTTGTTACTATATGGAATCGTATGTTAT","Pf3D7_07_v3-1149367-1149613-1A.2",".",200,0.0676132521974307,3
"IM-23-122-IOGO","8039832543","Maziba","Pf3D7_04_v3-748374-748611-1B","AAACTGGGAAAGCATTCCAAAAAAATTTAAACCTTTAAGCAATAGGATAAATGTTATATTGTCTAGAACCTTAAAAAAAGAAGATTTTGATGAAGATGTTTATATCATTAACAAAGTTGAAGATCTAATAGTTTTACTTGGGAAATTAAATTACTATAAATGTTTTATTATAG","Pf3D7_04_v3-748374-748611-1B.1","3A18+9N72+9N",1564,0.963647566235367,2
"IM-23-122-IOGO","8039832543","Maziba","Pf3D7_04_v3-748585-748822-2","TTAATAAAAAAAATATATTTTACTAGAATAAATAGTACATATGAATGTGATGTATTTTTTCCAGAAATAAATGAAAATGAGTATCAAATTATTTCTGTTAGCGATGTATATACTAGTAACAATACAACATTGGATTTTATCATTTATAAGAAAACGAATAATAAAATGTT","Pf3D7_04_v3-748585-748822-2.1","5+10N54+8N",782,1,1
"IM-23-122-IOGO","8039832543","Maziba","Pf3D7_03_v3-980853-981120-2","TAAGATTCTTTTGAGTTATTTATTTTCCAAATAATTTGGTTATATATATATGAAAATTCGATCATACCACATGCTCCAAGAATAATAGATGCATCGTCATTATATTGGAATGTAAAACTTTCATCATACTCATTTGTATTAGGTACACAAGAATCATCTTTATTTTTATAATTTTCTTTACATGTACAATTAATTTTACTATATT","Pf3D7_03_v3-980853-981120-2.1",".",625,1,1
"IM-23-122-IOGO","8039832543","Maziba","Pf3D7_08_v3-1176313-1176549-1A","TACATCCAATGAATATTTTACACTTAAAAGAAATAAACAAATTATTCATAATAAAATACATATACTCTCTATGCAAAAAAATAAACAAAATACAAACGAGCTAAACAAATCATGTAATATTAACGCCATCATATTCAATATTAATTCTGATGATTTTGAGGTAGGCGATGAAATTGT","Pf3D7_08_v3-1176313-1176549-1A.7","67C74+9N136C",18,0.00765631646108039,3
"IM-23-122-IOGO","8039832543","Maziba","Pf3D7_09_v3-82006-82236-1A","TTTATCATCTTTAGGCCATAACCAGAGTACAAGCAATCCAACTATAACAATTGTAATTAACATTATAAATACTGTAATACCATAAACACTACCAGAAGCGATCAGAAATGCACTAAAAGTATTACAACATTCACTTGGAATAAGAGTAGCGATAAAACTAAAAATAGC","Pf3D7_09_v3-82006-82236-1A.13","95G123T137G",47,0.016336461591936,5
"IM-23-122-IOGO","8039832543","Maziba","Pf3D7_10_v3-1386657-1386909-1A","CGATTTTGGTAGAGAACAGGTTAAATATATTGAAGACGTGGTTTGATAATCAGGTATTTCTTTAATTAAATATTCATGATATTGTTCGTTAGATACATAAATTAATTCGTCCTCCACATTTTGCTGTTCTGTTATAATTTGTGAAGAAGCTTGGTTTGTCTTATTTGGTAATTGCTCTTTTATGA","Pf3D7_10_v3-1386657-1386909-1A.3","13A",185,0.104049493813273,2
"IM-23-122-IOGO","8039832543","Maziba","Pf3D7_10_v3-1386657-1386909-1A","CGATTTTGGTAGGGAACAGGTTAAATATATTGAAGACGTGGTTTGATAATCAGGTATTTCTTTAATTAAATATTCATGATATTGTTCGTTAGATACATAAATTAATTCGTCCTCCACATTTTGCTGTTCTGTTATAATTTGTGAAGAAGCTTGGTTTGTCTTATTTGGTAATTGCTCTTTTATGA","Pf3D7_10_v3-1386657-1386909-1A.1",".",1593,0.895950506186727,2
"IM-23-122-IOGO","8039832543","Maziba","Pf3D7_13_v3-1465616-1465890-1A","TCTTGTGGATTATTATCTATTATATTTTCTTCTGGTTTTTGGACAGAAGAATTATCTCCTCTTGGTCTAGGTTGATCATCTTCGGGGTCATCTGGAACATCTAATGGTTCCCATTTTGGAGGACATCTTTCTTCTTCACATTGTTCTTGTGTTTCACTTGTACATCCTTCGTGTAAGATTTCTCTTTTTCTTGACCTGGTACCTTTACCACAAGTTACACTACATGGAGA","Pf3D7_13_v3-1465616-1465890-1A.2","30T32C41G47A49G87G113A121G151G152T",185,0.147058823529412,5
"IM-23-122-IOGO","8039832543","Maziba","Pf3D7_05_v3-1188456-1188706-1A","CGAAATTTAAATCAATAGCGGTTACGTTCATAATTTTGCCTTCAAAACTAACTTCTGTATGATATATAAATTTATTTTCCTTTACACTAAATACATATATAAAAATGGTACTTAATAATTTATCTTTATCATATTTAAATAATATTAAATCTGTTTTTACATCTGAGTTGTAATCACCGAAAT","Pf3D7_05_v3-1188456-1188706-1A.4","2G",454,0.217017208413002,3
"IM-23-122-IOGO","8039832543","Maziba","Pf3D7_13_v3-1465616-1465890-1A","TCTTGTGGATTATTATCTATTATATTTTCTTTTGGTTCTTCGACAGCAAAATTATCTCCTCTTGGTCTAGGTTGATCATCTTCGGGTTCATGTGGAACATCTAATGGTTCCCGTTTTGGAGGACATCTTTCTTCTTCACATTGTTCTCGTATTTCACTTGTACATCCTTCGTGTAAGATTTCTCTTTTTCTTGACCTGGTACCTTTACCACAAGTTACACTACATGGAGA","Pf3D7_13_v3-1465616-1465890-1A.23","30T38C92G121G148C152T",977,0.776629570747218,5
"IM-23-122-IOGO","8039832543","Maziba","Pf3D7_04_v3-1083299-1083563-2","ATACACTTTCCATATGTAGAGGACTTATGATATATAGAATTATAAGATAAATGTTTATAATAATCTAAAAAAGTATAATGAGGTATTATAACAAAATCCAAATGTCCTTCTTTTTCTTGTAAAATATCAATAGAATTTGCAATGTTATAATTTGATAACTCTTTAAAATGATATTGTAAAAAATTAACATTTTTATA","Pf3D7_04_v3-1083299-1083563-2.1","66+8N177+8N",1175,0.925196850393701,2
"IM-23-122-IOGO","8039832543","Maziba","Pf3D7_04_v3-1083299-1083563-2","ATATACTTTCCATATGTAGAGGACTTATGATATATAGAATTATAAGATAAATGTTTATAATAATCTAAAAAAGTATAATGAGGTATTATAACAAAATCCAAATGTCCTTCTTTTTCTTGTAAAATATCAATAGAATTTGCAATGTTATAATTTGATAACTCTTTAAAATGATATTGTAAAAAATTAACATTTTTATA","Pf3D7_04_v3-1083299-1083563-2.2","4T66+8N177+8N",95,0.0748031496062992,2
"IM-23-122-IOGO","8039832543","Maziba","Pf3D7_08_v3-1344618-1344845-1A","TATCTTTTCCATATATAATAACGCATGAATTCTTTAAATATATCTTTTACTTTATCTGTAAGTTTCATGGAATCTATTATTTCATGTGCATATTTTATTTTTGCCTCGTTTATATATTTACCTGCTTCTAATTTACATAAACATTTTTCTATTAAGTTTTG","Pf3D7_08_v3-1344618-1344845-1A.1","128C",478,0.234198922097011,2
"IM-23-122-IOGO","8039832543","Maziba","Pf3D7_08_v3-1344618-1344845-1A","TATCTTTTCCATATATAATAACGCATGAATTCTTTAAATATATCTTTTACTTTATCTGTAAGTTTCATGGAATCTATTATTTCTTCTGCATATTTTATTTTTGCCTCGTTTATATATTTACCTGCTTCTAATTTACATAAACATTTTTCTATTAAGTTTTG","Pf3D7_08_v3-1344618-1344845-1A.7","84T86C128C",1563,0.765801077902989,2
"IM-23-122-IOGO","8039832543","Maziba","Pf3D7_05_v3-213027-213251-1A","ATGTACTTATCCCCTGATATGATTTCTCCAGTATCATCAAAATCAGTAATCTCTAAATCATTTATATGATTTATATGTATAAATTCTTTTATCTTGTTCAAATAATTTCTGTAATAAAATATATTCTCTTTATCATCATCAATTATTTTCATATAATC","Pf3D7_05_v3-213027-213251-1A.10","25T31G",3,0.000971188086759469,4
"IM-23-122-IOGO","8039832543","Maziba","Pf3D7_08_v3-1366575-1366822-2","TTTAGCTTTTTCACATTGTGTTCTTAATCTTCTTAATGATTTTGAATTTTTGGAAACATCTTTACCTCCATTATTTTTTTTTAAAATCTTGTACACAGAAGTTTACTAATTTATTATCAAAATCTTCTCCTCCTAAATGTGTATCTCCTGAGGTAGCTTTAACTTCAAAAATTCCATCTTCAAGTGTTAATAAGG","Pf3D7_08_v3-1366575-1366822-2.4","70+13N",41,0.0219251336898396,3
"IM-23-122-IOGO","8039832543","Maziba","Pf3D7_05_v3-350808-351052-1A","TAATATAATTTGAGTTGATAATATTATAATTATTTTTTATATGTTGCTCATTTATATTATTATGATAAATATGAGTTGTATTTTTATTAGAGTTGTAGGACATTTTCCCATACATGAGTTGTTTTACATTTTTAACATTTTTATAATTATGTATTAAACATAAGATTATTAGATAAA","Pf3D7_05_v3-350808-351052-1A.2","32+8N",214,0.131854590264941,4
"IM-23-122-IOGO","8039832543","Maziba","Pf3D7_05_v3-350808-351052-1A","TAATATAATTTGAGTTGATAATATTATAATTATTTTTTATATGTTGCTCATTTATATTATTATGATAAATATGAGTTGTATTTTTATTAGAGTTGTAGGACATTTTCCCATACATTAGTTGTTTTACATTTTTAACATTTTTATAATTATGTATTAAACATAAGATTATTAGATAAA","Pf3D7_05_v3-350808-351052-1A.1","32+8N116T",1258,0.775107825015404,4
"IM-23-122-IOGO","8039832543","Maziba","Pf3D7_04_v3-1113397-1113639-1A","GATTCTGCATGCAGTAATGAATCTATTGAAATCATCTAAGAATAAACTTTTTTGTTTAAACCATTTATTGAACATTTCACTTAAATGTGATTCAATTTTTTTTTCTGAGCTTTCCATAATTTGATTACAACTATTCAATTTGTTTGTATAAGTTTTAGGTCTTATTATTCTTTTACGTTTTAAATCATC","Pf3D7_04_v3-1113397-1113639-1A.2","47+8N95+11N",394,0.18951418951419,4
"IM-23-122-IOGO","8039832543","Maziba","Pf3D7_04_v3-115455-115684-1A","TATTAATGTCATTTTGTTTTTCTTTATTATTATTATTTTTATTTTTTCCCTGGTTATCTTCCTTATTACCTAGCTTTTTTTTGTTGTCATTATTTTCTGTCTGATTATTATTTTTGACTTTGTTCATCTTTGAATTATCCGTTCTGTTTGTATGTCTCAAGCAAGGT","Pf3D7_04_v3-115455-115684-1A.1","24+25N74+10N",214,0.0737931034482759,3
"IM-23-122-IOGO","8039832543","Maziba","Pf3D7_04_v3-115455-115684-1A","TATTAATGTCATTTTGTTTTTCTTTATTATTATTATTTTTATTTTTTCCCTGGTTATCTTCCTTATTACCTAGCTTTTTTTTGTTGTCATTATTTTCTGTCTGATTATTATTTTTGACTTTTTTCATCTTTGAATTATCCGTTCTGTTTGTATGTCTCAAGCAAGGT","Pf3D7_04_v3-115455-115684-1A.3","24+25N74+10N122T",2029,0.699655172413793,3
"IM-23-122-IOGO","8039832543","Maziba","Pf3D7_07_v3-475313-475545-1A","AGCTTTATTATCTACAAAAAATCCACGTGGATATATGAAACAAATGAAATTGTATTTTATATTCCAAATTAAAGAAATTGCATTAAGAAAACATGGCTCTTTACTTACAGTCAAAAATTTATATGATAATAAACTTTTAAATATAAATTCATCATCTTCTACAAATA","Pf3D7_07_v3-475313-475545-1A.2","15+8N125G",363,0.327321911632101,2
"IM-23-122-IOGO","8039832543","Maziba","Pf3D7_07_v3-627351-627625-1A","TCACTAAGATAATTATTATTACCATTTTCAGCATAATAAAACTTCTGATGTTTTATAAGAGGAGTTTGGTTAGAAGCAAAATTATCAGCAGTTGTCGAATAATTATTATGTTCTTGATAAAAGAGATTATTCATATAGTTATTATTATTTTTCATATCATCCATAGTATTATTGTTAATATAAAATTCCTCATATGAATTATATATATA","Pf3D7_07_v3-627351-627625-1A.5","23C42C",61,0.104991394148021,4
"IM-23-122-IOGO","8039832543","Maziba","Pf3D7_07_v3-627351-627625-1A","TCACTAAGATAATTATTATTACCATTTTCAGCATAATAAAACTTCTGATGTTTTATAAGAGGAGTTTGGTTAGAAGCAAAATTATCAGCAGTTGTTGAATAATTATTATGTTCTTGATAAAAGAGATTATTCATATAGTTATTATTATTTTTCATATCATCCATAGTATTATTGTTAATATAAAATTCCTCATATGAATTATATATATA","Pf3D7_07_v3-627351-627625-1A.2","23C42C96T",33,0.0567986230636833,4
"IM-23-122-IOGO","8039832543","Maziba","Pf3D7_04_v3-133928-134154-1A","TTTTGAAATATCTAATTTATCCATTTGCCTTTTTATTTCATAGTCCCAACTACTTACCCAGGTATTAAAATTAATACAATCCTGTTCTGCATATTTTATGGCTTTTAAATCCCTCAATTTAGTAGCCCTATCTTCACAATAATCTTCTAATATTTTAAT","Pf3D7_04_v3-133928-134154-1A.1","21C",1902,0.803209459459459,2
"IM-23-122-IOGO","8039832543","Maziba","Pf3D7_11_v3-1968050-1968296-2","TCATTACACTAGTCATGATTGGTTTAGATTATTACGCCAAGGGAATAAAGCTCAAAATTCCATTTCTCAGGAAGTAGACATATTAAAGGAAAAGTATAAAAAATTAATTTCAGAGGAAGACAATAAAAAAGAAAATAACAATAATAATGATGATGAAGTAAAACCAGAACTAAAAGACAATATA","Pf3D7_11_v3-1968050-1968296-2.1","87A97+8N124+8N",439,0.166666666666667,2
"IM-23-122-IOGO","8039832543","Maziba","Pf3D7_11_v3-1968050-1968296-2","TCATTACACTAGTCATGATTGGTTTAGATTATTACGCCAAGGGAATAAAGCTCAAAATTCCATTTCTCAGGAAGTAGACATATTAACGGAAAAGTATAAAAAATTAATTTCAGAGGAAGACAATAAAAAAGAAAATAACAATAATAATGATGATGAAGTAAAACCAGAACTAAAAGACAATATA","Pf3D7_11_v3-1968050-1968296-2.2","97+8N124+8N",2195,0.833333333333333,2
"IM-23-122-IOGO","8039832543","Maziba","Pf3D7_11_v3-2001725-2001999-2","AGATGTAAGAACTAAGAATGTAAATACAAGTAAGAGAAATGAAGGACTTAATGATATAAATGAATCAGAAAAAACAAGAACAAGAAGGGCATCAACAAAATCAAATAATAATAATAATAATGTATCATACGAGAATGAATTAGAGAGTGTATCTGAATGGTTTGATAACTTTTTGGAGGATCATATGAAGGAAGGTGTTTTTTTAGATGGGGAAAA","Pf3D7_11_v3-2001725-2001999-2.5","68+8N89G116I=AATAAT153G191+9N",8,0.0144144144144144,4
"IM-23-122-IOGO","8039832543","Maziba","Pf3D7_11_v3-2001725-2001999-2","GGATGTAAGAACTAAGAATGTAAATACAAGTAAGAGAAATGAAGGACTTAATGATATAAATGAATCAGAAAAAACAAGAACAAGAAGGGCATCAACAAAATCAAATAATAATAATAATAATGTATCATACGAGAATGAATTAGAGAGTGTATCTGAATCGTTTGATAACTTTTTGGAGGATCATATGAAGGAAGGTGTTTTTTTAGATGGGGAAAA","Pf3D7_11_v3-2001725-2001999-2.12","1G68+8N89G116I=AATAAT191+9N",3,0.00540540540540541,4
"IM-23-122-IOGO","8039832543","Maziba","Pf3D7_11_v3-2001725-2001999-2","GGATGTAAGAACTAAGAATGTAAATACAAGTAAGAGAAATGAAGGACTTAATGATATAAATGAATCAGAAAAAACAAGAACAAGAAGGGCATCAACAAAATCAAATAATAATAATAATAATGTATCATACGAGAATGAATTAGAGAGTGTATCTGAATGGTTTGATAACTTTTTGGAGGATCATATGAAGGAAGGTGTTTTTTTAGATGGGGAAAA","Pf3D7_11_v3-2001725-2001999-2.1","1G68+8N89G116I=AATAAT153G191+9N",527,0.94954954954955,4
"IM-23-122-IOGO","8039832543","Maziba","Pf3D7_11_v3-2001725-2001999-2","GGATGTAAGAACTAAGAATGTAAATACAAGTAAGAGAAATGAAGGACTTAATGATATAAATGAATCAGAAAAAACAAGAACAAGAAGGGCATCAACAAAATCAAATAATAATAATGTATCATACGAGAATGAATTAGAGAGTGTATCTGAATCGTTTGATAACTTTTTGGAGGATCATATGAAGGAAGGTGTTTTTTTAGATGGGGAAAA","Pf3D7_11_v3-2001725-2001999-2.11","1G68+8N89G191+9N",17,0.0306306306306306,4
"IM-23-122-IOGO","8039832543","Maziba","Pf3D7_13_v3-911757-912005-1A","GAGCCAACAATTTGATTTTCCACAACTTACTGAATCTTTAAAACATTGTGAACAGGTAGCTGACATTTTTTTATTATCTTTGGCTAGTTCCTTTTGAACACATTCCATAGTACTATCACCTGAACCTAAGTTATCAACAGAACATTTTAATAATATACTAAAAAATTTATTGCTAGGAGAAAGTTGTAAA","Pf3D7_13_v3-911757-912005-1A.4","59G65+9N159+8N",1427,0.713856928464232,2
"IM-23-122-IOGO","8039832543","Maziba","Pf3D7_13_v3-911757-912005-1A","GAGCCAACAATTTGATTTTCCACAACTTACTGAATCTTTAAAACATTGTGAACAGGTATTTGACATTTTTTTATTATCTTTGGCTAGTTCCTTTTGAACACATTCCATAGTACTATCACCTGAACCTAAGTTATCAACAGAACATTTTAATAATATACTAAAAAATTTATTGCTAGGAGAAAGTTGTAAA","Pf3D7_13_v3-911757-912005-1A.3","60T65+9N159+8N",572,0.286143071535768,2
"IM-23-122-IOGO","8039832543","Maziba","Pf3D7_13_v3-935613-935884-1A","CAAAATAATATGAATAGTAATAGTAATAGTTATAATAATTTTAATATAACAGATAGAAGTAAAGAAATAAAAAAAAATTATAAAAGAAACAAAATTTTAATAGTTATTAATAATATTAATACAAATCATATTTTATTATTAAATGAAAGTGTTATAAAAAAAAAAATACTTACATTTTATCTAGATCTTTTTTTTGATGATAATGAACAAAT","Pf3D7_13_v3-935613-935884-1A.1","68+11N155+13N187+10N",680,0.777142857142857,2
"IM-23-122-IOGO","8039832543","Maziba","Pf3D7_13_v3-935613-935884-1A","CAAAATAATATGAATAGTAATAGTAATAGTTATAATAATTTTAATATAACAGATAGAAGTAAAGAAATAAAAAAAGATTATAAAAGAAACAAAATTTTAATAGTTATTAATAATATTAATACAAATCATATTTTATTATTAAATGAAAGTGTTATAAAAAAAAAAATACTTACATTTTATCTAGATCTTTTTTTTGATGATAATGAACAAAT","Pf3D7_13_v3-935613-935884-1A.2","68+11N155+13N187+10N",195,0.222857142857143,2
"IM-23-122-IOGO","8039832543","Maziba","Pf3D7_13_v3-958247-958510-1B","TTTATATTATCTGTAATATGCACATTTTGTATAATATTATCAATATTTGTAGCATTTTGACCGTATGTTTCATTTTCATCGTATGTTCCATTTATATTGTATGTTCCATTTTCATCGTATGTTCCATTTATATTGTATGTTCCATTTTCATCGTATGTTCCATTTATATTGTATGTTCCATTTTTATCATATGTTATGTCCACAT","Pf3D7_13_v3-958247-958510-1B.1","106C",125,0.771604938271605,2
"IM-23-122-IOGO","8039832543","Maziba","Pf3D7_13_v3-958247-958510-1B","TTTATATTATCTGTAATATGCACATTTTGTATAATATTATCAATATTTGTAGCATTTTGACCGTATGTTTCATTTTCATCGTATGTTCCATTTATATTGTATGTTCCATTTTCATCGTATGTTCCATTTATATTGTATGTTTCATTTTCATCGTATGTTCCATTTATATTGTATGTTCCATTTTTATCATATGTTATGTCCACAT","Pf3D7_13_v3-958247-958510-1B.15","106C142T",37,0.228395061728395,2
"IM-23-122-IOGO","8039832543","Maziba","Pf3D7_14_v3-1038300-1038538-1A","ATTAATGATTTATACACTTCAACTACACTTTTTAATTTAGCCCATACAACTAATAAAGCTCTACGATAAATTTCTTTTTTATTTGATTTAGAAAAAGGAGAAAACCATTGAAACTTTTTGGCTAGATATTTATGGTCTTTATCAAAAATATAATCTGAAACTTCATCTTCTAGAAGT","Pf3D7_14_v3-1038300-1038538-1A.5","50C74+8N153A",117,0.0656197420078519,3
"IM-23-122-IOGO","8039832543","Maziba","Pf3D7_14_v3-1038300-1038538-1A","ATTAATGATTTATACACTTCAACTACACTTTTTAATTTAGCCCATACAACTAATAAAGCTCTACGATAAATTTCTTTTTTATTTGATTTAGAAAAAGGAGAAAACCATTGAAACTTTTTGGCTAGATATTTATGGTCTTTATCAAAAATATATTCTGAAACTTCATCTTCTAGAAGT","Pf3D7_14_v3-1038300-1038538-1A.3","50C74+8N",1234,0.69209197980931,3
"IM-23-122-IOGO","8039832543","Maziba","Pf3D7_14_v3-1038300-1038538-1A","ATTAATGATTTATACACTTCAACTACACTTTTTAATTTAGCCCATACAATTAATAAAGCTCTACGATAAATTTCTTTTTTATTTGATTTAGAAAAAGGAGAAAACCATTGAAACTTTTTGGCTAGATATTTATGGTCTTTATCAAAAATATATTCTGAAACTTCATCTTCTAGAAGT","Pf3D7_14_v3-1038300-1038538-1A.1","74+8N",432,0.242288278182838,3
"IM-23-122-IOGO","8039832543","Maziba","Pf3D7_14_v3-106867-107115-1A","AATGACATGAACAAGTCAGGCGAAAAAGAGGAACATGTTATAAATAGTAAATGGAAAAATAAATTTTTCCATGAAGTAATACAAAATATGTTATATGATGATAATATAAATGATCATAAGGAAGAAATTAAGGAAGATAATTCTAATGAATATAATATCAATAATAAAAATGATAATTTATATGATATA","Pf3D7_14_v3-106867-107115-1A.1","78A",622,0.83940620782726,2
"IM-23-122-IOGO","8039832543","Maziba","Pf3D7_14_v3-3124416-3124655-1A","TAATTGATCTTCTAGAGGAATTAGATATTTTGTCTATATCGAATAAAGATGAAGTAGAAAAACGAAGAGAGAAAACAACTCAAGAGACGCGGTTGTTAGGAAATATTGATTTAGGATATGGAAAATTAGGAGAGGGAATAAAGTATGAAAATTTACAGGAAGAATTAGGAAACAGATTATTTG","Pf3D7_14_v3-3124416-3124655-1A.22","69G72A144T",167,0.0540278227110967,5
"IM-23-122-IOGO","8039832543","Maziba","Pf3D7_08_v3-1099719-1099977-1A","AAAAAATAAAAAATCAAACAAGATAAATAATAATGTATATAATACTAGTGGTATAAAAAATAATGATCAAAATATGGATAATATGAATCAAAAAGGAAAAAGTAACAAAAATTCAAATAAATATAATTTTGATGAAGAGGATTTATGGTTTTTATGTGATTTATGTAATAATCCTATAAGTCCGTTATGTTA","Pf3D7_08_v3-1099719-1099977-1A.4","1+14N54+8N97A",644,0.867924528301887,2
"IM-23-122-IOGO","8039832543","Maziba","Pf3D7_13_v3-1406713-1406975-1A","TTTCAGGTCTTCTTAAATATGTTTTAAATTCATTATTTAATTTTTCATCATATTTAGGTACATTTTTTTTTGGAAATCTAGATGTTTCATTATTATCGTGATTTGATGAATATATATAATGAGTTTGTTTAAAATGTGGTTCATTCAAATTATCTTTTTTCTTATCTTCGTGTATATTTTTATTATAATTTGAATACTTC","Pf3D7_13_v3-1406713-1406975-1A.2","62+11N154+8N",25,0.029171528588098,2
"IM-23-122-IOGO","8039832543","Maziba","Pf3D7_08_v3-1176313-1176549-1A","TACATCCAATGAATATTTTACACTTAAAAGAAATAAACAAATTATTCATAATAAAATACATATACTCTCTATGCAAAAAAATAAACAAAATACAAACGAGCTAAACAAATCATGTAATATTAACGCCATCATATTTAATATTAATTCTGATGATTTTGAGGTAGGCGATGAAATTGT","Pf3D7_08_v3-1176313-1176549-1A.4","67C74+9N",1792,0.762228838792003,3
"IM-23-122-IOGO","8039832543","Maziba","Pf3D7_08_v3-1176313-1176549-1A","TACATCCAATGAATATTTTACACTTAAAAGAAATAAACAAATTATTCATAATAAAATACATATACTTTCTATGCAAAAAAATAAACAAAATACAAACGAGCTAAACAAATTATGTAATATTAACGCCATCATATTCAATATTAATTCTGATGATTTTGAGGTAGGCGATGAAATTGT","Pf3D7_08_v3-1176313-1176549-1A.1","74+9N111T136C",541,0.230114844746916,3
"IM-23-122-IOGO","8039832543","Maziba","Pf3D7_08_v3-1313088-1313338-1A","TGAGAGACATAGATATATGATAGAAAAATGGAAAAAAGAAGATTGGTTTTGTGATTTAAAAGAAACGTTGAAAAATGAATTCGAAGAACAGATGGATATAGGAAAAGTATCTTTTTTATATGAAAATAATAGAGAGTATGGAAAAAATTTTTATTTGGAAAAGCAAAAAATTATATGGAAAAGATGG","Pf3D7_08_v3-1313088-1313338-1A.2","31+8N82C111+8N141+8N164+8N",143,0.128944995491434,3
"IM-23-122-IOGO","8039832543","Maziba","Pf3D7_05_v3-1188456-1188706-1A","CGAAATTTAAATCAATAGCGGTTACGTTCATAATTTTGCCTTCAAAACTAACTTCTGTATGATATATAAATTTATTTTCCTTTACACTAAATACATATATAAAAATGGTACTTAATAATTTATCTTTATCATATTTAAATAATATTAAATCTGTTTTTACATCTGAGTTATAATCACCGAAAT","Pf3D7_05_v3-1188456-1188706-1A.3","2G170A",1631,0.779636711281071,3
"IM-23-122-IOGO","8039832543","Maziba","Pf3D7_08_v3-1313088-1313338-1A","TGAGAGACATAGATATATGATAGAAAAATGGAAAAAAGAAGATTGGTTTTGTGATTTAAAAGAAACGTTGAAAAATGAATTTGAAGAACAGATGGATATAGGAAAAGTATCTTTTTTATATGAAAATAATAGAGAGTATGGAAAAAATTTTTATTTGGAAAAGCAAAAAATTATATGGAAAAGATGG","Pf3D7_08_v3-1313088-1313338-1A.1","31+8N111+8N141+8N164+8N",181,0.163210099188458,3
"IM-23-122-IOGO","8039832543","Maziba","Pf3D7_04_v3-1005938-1006187-1A","GTCTTAACATTAATTCTAGTTACAAAGTTACATGGATTTATTGAAAAGATATTTTCGTCATTATATTTCTTTTTTTCCATATCTGTTTGATCATTTTGATATGTTTTCATATTATCCATATGTTCATTATTTTGATCAATATAATTTTTTTTTATAATAAATTTAGAATTATTTTTAAAGAAA","Pf3D7_04_v3-1005938-1006187-1A.2","15T16C61T69+9N144+11N",41,0.0487514863258026,3
"IM-23-122-IOGO","8039832543","Maziba","Pf3D7_04_v3-1037644-1037891-1A","GAAAGAGATTTAACAGATGATGCTGTGATTTTTGCACACTCACTTTATTTACCATTTGAAAAAGAAGAAATGTGGTGGATCGTTATCGGAATTAAAAAAATGAACTTACTTTTATCTATCAAAAAATTATCTTTATTGAAAAGTGTCAATAATATAAAAATTAATTTCGAATTGCCTGACA","Pf3D7_04_v3-1037644-1037891-1A.1","93+9N120+8N",2007,1,1
"IM-23-122-IOGO","8039832543","Maziba","Pf3D7_10_v3-1392371-1392620-1A","TGATGAAAATGATGATTCCCTTATTTCTAATTCTTTAGTACCCGAAACAAGTTACAATCAAGATTACTCTTTATACACTATTAATATTTTGAATGGACTTCCTGATAAAAAAAGTAATATGAAAAATATTGATTTAGAAAAATTTAAAGATACTTCAATACATACAAAGGAAGAGGGACCCATTGTA","Pf3D7_10_v3-1392371-1392620-1A.1","106+9N",92,0.0850277264325323,4
"IM-23-122-IOGO","8039832543","Maziba","Pf3D7_10_v3-1392371-1392620-1A","TGATGAAAATGATGATTCCCTTATTTCTAATTCTTTAGTACCCGAAACAAGTTACAATCAAGATTACTCTTTATACACTATTAATATTTTGAATGGACTTCCTGATAAAGAAAGTAATATGAAAAATATTGATTTAGAAAAATTTAAAGATACTTCAATACATACAAAGGAAGAGGGACCCATTGTA","Pf3D7_10_v3-1392371-1392620-1A.2","106+9N",939,0.867837338262477,4
"IM-23-122-IOGO","8039832543","Maziba","Pf3D7_05_v3-1322099-1322341-1A","TTCCAATAGAAACTATATTACGATTTTCTTCATGAGGTAAATTGACATTCATCTTATATGTATAATTAAGGATGAGTAATAAATTGTATAAAAATATTTTTATTTAATAATTTATATGTATTATTAATAATTCTGAATTTATCAATTGATATATTATTTTTGTTTTTCTTTATGCCATTC","Pf3D7_05_v3-1322099-1322341-1A.4","27T",43,0.0907172995780591,3
"IM-23-122-IOGO","8039832543","Maziba","Pf3D7_10_v3-1414337-1414596-1A","GACCTGAATGGAAAGGTCAATGTGATAAATTTGAAAAAGAAAAAAGTAAATATGAAGATACTAAAAGTAGAACTGCTGAAATATATTTAAAAGAAATATGTTCTGAATGTGATTGTAAATATAAAGATTTGGATAATACATTTAAAGAATTTAAAGATAACGTTACGCTTCTTAAAGCAGTAATTGATAACAAA","Pf3D7_10_v3-1414337-1414596-1A.1","17T39+8N70G82T167G",896,0.838951310861423,3
"IM-23-122-IOGO","8039832543","Maziba","Pf3D7_10_v3-1414337-1414596-1A","GACCTGAATGGAAAGGTCAATGTGATAAATTTGAAAAAGAAAAAAGTAAATATGAAGATACTAAAAGTAGAACTGCTGAAATATATTTAAAAGAAATATGTTCTGAATGTGATTGTAAATATAAAGATTTGGATAATACATTTAAAGAATTTAATGATAACGTTACGCTTCTTAAAGCAGTAATTGATAACAAA","Pf3D7_10_v3-1414337-1414596-1A.5","17T39+8N70G82T155T167G",171,0.160112359550562,3
"IM-23-122-IOGO","8039832543","Maziba","Pf3D7_10_v3-1414599-1414832-1A","ATCTAGATCAACGAGGGAATATAACAACATCTCAAGGAAATTCACACCGTGCAACTGTTGTGCAACAAGCTGATCAAACCAACAGATTAGATAATGTAAACTCTGTAACGCAAAGAGGAAATAATAACTACAACAATAATTTAGAGCGTGGATTGGGTTCTGGTGCT","Pf3D7_10_v3-1414599-1414832-1A.1","70C",2728,1,1
"IM-23-122-IOGO","8039832543","Maziba","Pf3D7_10_v3-992331-992603-1A","TCATTATATTTTTAAAAAAAAAAATTATGATATAAAATCTTCAATTAATAAAAGATCTATCCAGTTCTTTAAAGACACTAATATAGATCATTATATAGCATATGAATATTATAAGGAGGACCGTACAGAATTTATATTAACTATTATGAATGAAAAAAATATTACTCATCAAGAAACTCAAAGTCTTGAAATGAAAAAGTTGAAAG","Pf3D7_10_v3-992331-992603-1A.3","13+13N127A152+9N",37,0.052112676056338,3
"IM-23-122-IOGO","8039832543","Maziba","Pf3D7_05_v3-369676-369949-1A","TGTAATATTATATATCCTGTTATAAATAAATCACTGGATATGGATGTGAAAAAAGAAGATATAAAAAAAAATGTAGAAGAAAATAAATATATAGAACATACACAGAATTTGAAAAATTATTTAGAAAATGATGAAAATGAGAAAAAAAAAAGAAGAAAAAGATCAAATAATAATGACAATTATAATTCTCATGATAATAATATTTTTCA","Pf3D7_05_v3-369676-369949-1A.2","34C48+8N62+11N141+12N",53,0.138381201044386,2
"IM-23-122-IOGO","8039832543","Maziba","Pf3D7_13_v3-479569-479811-1A","CTAGAGACGAATTTGATGATAAAAGAAAATTAAAAGAAGAGAAAATTAAACAATGCCAACTATTAAATGAAAAACAACTAGAAGAAAAAGAAAAAGAAAAAAGAATTCTGAGAGAAAAAGCTGTTGAATATACCTTACAAAATGAAGAAGAATATAAACAACTAAAACGAAAATT","Pf3D7_13_v3-479569-479811-1A.1","96+8N",1517,0.985705003248863,2
"IM-23-122-IOGO","8039832543","Maziba","Pf3D7_13_v3-748254-748510-1B","ATACCAAAAAAAATAAAATAAAATAAAATGAAATAATAAATAAATAAATATACATATATTTACATATATATATATATAATTACACATATTTTTGATTGAGGACAAATTACATGTAGTGTAGTTCGTCTTCCTTGTGCGTTTCAATCACACAATCCGATTTAGGATAACATGTACACAAAAGAATATATTTTTTCTT","Pf3D7_13_v3-748254-748510-1B.2","5+10N25I=AAAAT39+33N108A180+8N",131,0.258382642998028,2
"IM-23-122-IOGO","8039832543","Maziba","Pf3D7_13_v3-748254-748510-1B","ATACCAAAAAAAATAAAATAAAATGAAATAATAAATAAATAAATATACATATATTTACATATATATATATATAATTACACATATTTTTGATTGAGGACAAATTACATGTCGTGTAGTTCGTCTTCCTTGTGCGTTTCAATCACACAATCCGATTTAGGATAACATGTACACAAAAGAATATATTTTTTCTT","Pf3D7_13_v3-748254-748510-1B.1","5+10N39+33N180+8N",376,0.741617357001972,2
"IM-23-122-IOGO","8039832543","Maziba","Pf3D7_01_v3-162867-163115-1A","ATATACCAATAATACTTTTTTTTTTAAATAATGTAAAAAATGATTTATATAATTGTTATAAACAAATGATCACATATCATAATAATAATAATAATATCCTAAATCATAACTCTAATATTTTATCAAAAGAAAATGAAAAAAAACAACCTTTTTCAACATATAATATATCAAATCTTTGTTCTCCTGACCAAATGGTGATAAATAAAAA","Pf3D7_01_v3-162867-163115-1A.6","15+12N34+8N91I=ATAATA129+10N",20,0.0136986301369863,4
"IM-23-122-IOGO","8039832543","Maziba","Pf3D7_11_v3-1902041-1902278-2","ATGAAACAAAATGTCCACCTAGATACCCTTTAAAATCAAAAGTTTTTGGAACCTTTGACCAAAAAACAGGAAAATGTAAAAGTCTCATGGACAAAGCATATGAAGTTGGAATTAATAAATTTTCAGTCTGTTTAGAATATTTATTTTTAGTATCACCTAAGGATTTATATAATAGCGGAAG","Pf3D7_11_v3-1902041-1902278-2.1","60+8N",2955,0.793501611170784,3
"IM-23-122-IOGO","8039832543","Maziba","Pf3D7_11_v3-1934962-1935236-1A","TGATGTGCCAATATTAAGGATACATTTTCTAAAGCTTCTAACAGATAATGAAAATTTTTTCTGCGATTTTCATTTAAATCATTAAATATATTGGTTAGTTCTTGTATTGACGTTTTTGGATCTAAGGATGTAATTTGTTCATTTAATTCTTCTGTATATTCTAGATTAAAGTTTAAATTATTAAAATAACCTTCAGCATTATTTTCATTTTT","Pf3D7_11_v3-1934962-1935236-1A.3","41A54+10N98G",14,0.0663507109004739,2
"IM-23-122-IOGO","8039832543","Maziba","Pf3D7_04_v3-133928-134154-1A","TTTTGAAATATCTAATTTATTCATTTGCCTTTTTATTTCATAGTCCCAACTACTTACCCAGGTATTAAAATTAATACAATCCTGTTCTGCATATTTTATGGCTTTTAAATCCCTCAATTTAGTAGCCCTATCTTCACAATAATCTTCTAATATTTTAAT","Pf3D7_04_v3-133928-134154-1A.2",".",466,0.196790540540541,2
"IM-23-122-IOGO","8039832543","Maziba","Pf3D7_07_v3-627351-627625-1A","TCACTAAGATAATTATTATTACTATTTTCAGCATAATAAAATTTCTGATGTTTTATAAGAGGAGTTTGGTTAGAAGCAAAATTATCAGCAGTTGTCGAATAATTATTATGTTCTTGATAAAAGAGATTATTCATATAGTTATTATTATTTTTCATATCATCCATAGTATTATTGTTAATATAAAATTCCTCATATGAATTATATATATA","Pf3D7_07_v3-627351-627625-1A.1",".",418,0.719449225473322,4
"IM-23-122-IOGO","8039832543","Maziba","Pf3D7_07_v3-717260-717493-1A","GAGCTTGCTTTTTTGTTGCGTTACTTGCTGGGCTGATCAAAAAAAAAGTTGAATGTATTGAACTTAGTGCCAGCGAAATTTCCCCTCATGAAAACAAATCGACGAGTTCATCAATATTCCAAGAGGAATTAAAATTTGATAAGTCTCTGAAAAATTTTTTCAAACAA","Pf3D7_07_v3-717260-717493-1A.1","8+8N38+11N154+8N",585,0.196374622356495,3
"IM-23-122-IOGO","8039832543","Maziba","Pf3D7_07_v3-717260-717493-1A","GAGCTTGCTTTTTTGTTGCGTTACTTGCTGGGCTGATCAAAAAAAAAGTTGAATGTATTGAACTTAGTGCCAGCGAAATTTCCCCTCATGAAAACAAATCGACGAGTTCATCAATATTCCAAGAGGAATTAAAATTTGATGAGTCTCTGAAAAAATTTTTCAAACAA","Pf3D7_07_v3-717260-717493-1A.3","8+8N38+11N141G154+8N",14,0.00469956361195032,3
"IM-23-122-IOGO","8039832543","Maziba","Pf3D7_07_v3-717260-717493-1A","GAGCTTGCTTTTTTGTTGCGTTACTTGCTGGGCTGATCAAAAAAAAAGTTGAATGTATTGAACTTAGTGCCAGCGAAATTTCCCCTCATGAAAACAAATCGACGAGTTCATCAATATTCCAAGAGGAATTAAAATTTGATGAGTCTCTGAAAAATTTTTTCAAACAA","Pf3D7_07_v3-717260-717493-1A.2","8+8N38+11N141G154+8N",2380,0.798925814031554,3
"IM-23-122-IOGO","8039832543","Maziba","Pf3D7_07_v3-729480-729750-1A","TGAATGTTCAGAAATTTTATATCACTTAAATCGTTTGAGTGAGTTAGATCAAATATTGTTGAAAGATAAAATAAGTATATATGAGTATCAGCTAAAGGACACGTTTTTAACAACGTATGATATAGGTTGTTTATTAAAAATAGCTCAAGTGTTGAATGAACAAAATTATTATGATAACATTCCATTTTTGCATATATTTTTATATAACATACATAA","Pf3D7_07_v3-729480-729750-1A.1","42A",588,0.924528301886792,2
"IM-23-122-IOGO","8039832543","Maziba","Pf3D7_04_v3-284121-284364-1A","ATATTGTATATTATCATAAGATTTATATGGAGGACCACATTGAAATCCGACAATTTCATTTGATGCATGTAGTACACATTCCGTATTTCTGTTTGAATTATTTAAAATAATTTTATTACTTAGAAATGATTCTTTTTCACTATAATCTTTATATAAGAAAGGGTCTTCATCAATTTGA","Pf3D7_04_v3-284121-284364-1A.1","157G",48,0.0433996383363472,4
"IM-23-122-IOGO","8039832543","Maziba","Pf3D7_03_v3-515418-515657-1A","TTTCCTTAATTTCTATATGTTTGAATTCCCTTATAGACATATTTGAATCATTATTACTTTTATATGAAGTGTTATTATCGAAATTATTATTAATACATTTTATTTTAATGATTTTGTTAAAATTTTTATTATTTACTATAATGGAAGTCAGATATGTACTTATCGTATGGAAAGCTAATCATCAACA","Pf3D7_03_v3-515418-515657-1A.2","5C",2166,0.74484181568088,3
"IM-23-122-IOGO","8039832543","Maziba","Pf3D7_03_v3-515418-515657-1A","TTTCTTTAATTTCTATATGTTTGAATTCCCTTATAGACATATTTGAATCATTATTACTTTTATATGAAGTGTTATTATCGAAATTATTATTAATACATTTTATTTTAATGATTTTGTTAAAATTTTTATTATTTACTATAATGGAAGTCAGATATGTACTTATCGTATGGAAAGCTAATCATCAACA","Pf3D7_03_v3-515418-515657-1A.1",".",157,0.0539889958734525,3
"IM-23-122-IOGO","8039832543","Maziba","Pf3D7_03_v3-653961-654206-1A","CTCGTACAATATTTTTATAATTTCCTTTCATCTTATTTTTTTCTTTATATTTTTTTTTTTCATATGTAAGATTTATATAATCACTTTCGCTTTTTCTAACCCTTTTGAACTTTTTAAATGTACTTCGTTCATTATTTCTAATTCTCGTAAACACAAGAATAAATATTTTGATATATCTTATA","Pf3D7_03_v3-653961-654206-1A.2","35+9N49+13N",159,0.139964788732394,2
"IM-23-122-IOGO","8039832543","Maziba","Pf3D7_03_v3-653961-654206-1A","CTCGTACAATATTTTTATAATTTCCTTTCATCTTATTTTTTTCTTTATATTTTTTTTTTTCATATGTAAGATTTATATAATCACTTTCGCTTTTTCTAACGCTTTTGAACTTTTTAAATGTACTTCGTTCATTATTTCTAATTCTCGTAAACACAAGAATAAATATTTTGATATATCTTATA","Pf3D7_03_v3-653961-654206-1A.1","35+9N49+13N101G",977,0.860035211267606,2
"IM-23-122-IOGO","8039832543","Maziba","Pf3D7_03_v3-85507-85756-1A","TATCATTTAAATTCTCTTTTTCCACAGCTCCAGCATTTTTATTTATATCATCTACAACTACATCTTCCTTCACATAATTATTTATATAAAAAGTATTATCATCTAAAGCATCTGAAAATTCTTCATTTAATACTTCTTCATCTTCTACATTAAATGTTTTCGTTCTTTCATCATCTAATAAA","Pf3D7_03_v3-85507-85756-1A.4","93G",38,0.0462850182704019,2
"IM-23-122-IOGO","8039832543","Maziba","Pf3D7_03_v3-85507-85756-1A","TATCATTTAAATTCTCTTTTTCCACAGCTCCAGCATTTTTATTTATATCATCTACAACTACATCTTCCTTCACATAATTATTTATATAAAAATTATTATCATCTAAAGCATCTGAAAATTCTTCATTTAATACTTCTTCATCTTCTACATTAAATGTTTTCGTTCTTTCATCATCTAATAAA","Pf3D7_03_v3-85507-85756-1A.3",".",783,0.953714981729598,2
"IM-23-122-IOGO","8039832543","Maziba","Pf3D7_03_v3-855426-855697-1A","GTTATTTCAGTATGAGTTTCAACAGTTAATACTACTTCAGGATATGGATTGATACTTAACGTATGTACTCTCAATAATCTAGTATCAAATATATATGAAAATGTATACTCAGGAAAACATATAGTAGATAATCCATTATTATTCTCTATACATATTTTACTTATAGCTATATAATCGTAATTATCTTCTATTACTATTGGTTCTGTG","Pf3D7_03_v3-855426-855697-1A.1","32C",481,1,1
"IM-23-122-IOGO","8039832543","Maziba","Pf3D7_14_v3-3124416-3124655-1A","TAATTGATCTTCTAGAGGAATTAGATATTTTGTCTATATCGAATAAAGATGAAGTAGAAAAACGAAGAAAGAAAACAACTCAAGAGACGCGGTTGTTAGGAAATATTGATTTAGGATATGGAAAATTAGGAGAGGGAATAAAGTATGAAAATTTACAGGAAGAATTAGGAAACAGATTATTTG","Pf3D7_14_v3-3124416-3124655-1A.4","72A144T",1,0.000323519896473633,5
"IM-23-122-IOGO","8039832543","Maziba","Pf3D7_14_v3-3124416-3124655-1A","TAATTGATCTTCTAGAGGAATTAGATATTTTGTCTATATCGAATAAAGATGAAGTAGAAAAACGAAGAAAGGAAACAACTCAAGAGACGCGGTTGTTAGGAAATATTGATTTAGGATATGGAAAATTAGGAGAGGGAATAAAGCATGAAAATTTACAGGAAGAATTAGGAAACAGATTATTTG","Pf3D7_14_v3-3124416-3124655-1A.1",".",719,0.232610805564542,5
"IM-23-122-IOGO","8039832543","Maziba","Pf3D7_08_v3-1099719-1099977-1A","AAAAAATAAAAAATCAAACAAGATAAATAATAATGTATATAATACTAGTGGTATAAAAAATAATGATCAAAATATGGATAATATGAATCAAAAAGGAAAAAGTAACAAAAATTCAAATAAATATAATTTTGATGAAGAGGACTTATGGTTTTTATGTGATTTATGTAATAATCCTATAAGTCCGTTATGTTA","Pf3D7_08_v3-1099719-1099977-1A.1","1+14N54+8N97A142C",98,0.132075471698113,2
"IM-23-122-IOGO","8039832543","Maziba","Pf3D7_03_v3-891553-891827-1A","CAAGAGCTAAGAAAACATATAGAATCATCATAAGGATGTTGATAATATAAATGTGTTTTTATTTGTGTATTTATGTCAGAATATTGTTCCTTTGATTTATCTTTAAAATAATCAATATTATTTATGTTGGTGGCTTTATTATTATTAAAATAATTTTGATTTGTTACATGATGACTATGGGTATATTTGTATTTTACGTTTTTATTA","Pf3D7_03_v3-891553-891827-1A.5","178T",463,0.88527724665392,3
"IM-23-122-IOGO","8039832543","Maziba","Pf3D7_13_v3-2545065-2545291-1A","ATGATTCCTCAAAAGTTTAACATTCCACATAGTATCTGTTAAATTGATAGTTTGCAAACAATTATACGTTTGGTTATTTTTATTTTTAAAAAAGGATATATGATCATCTAAACATTTATTTTTGAGAAAGATTTCCATATATTCATATATATCATGAATACACCA","Pf3D7_13_v3-2545065-2545291-1A.9","87+8N113C154A",181,0.0776157804459691,3
"IM-23-122-IOGO","8039832543","Maziba","Pf3D7_13_v3-1406713-1406975-1A","TTTCATGTCTTCTTAAATATGTTTTAAATTCATTATTTAATTTTTCATCATATTTAGGTACATTTTTTTTTGGAAATCTAGATGTTTCATTATTATCGTGATTTGATGAATATATATAATGAGTTTGTTTAAAATGTGGTTCATTCAAATTATCTTTTTTCTTATCTTCGTGTATATTTTTATTATAATTTGAATACTTC","Pf3D7_13_v3-1406713-1406975-1A.1","6T62+11N154+8N",832,0.970828471411902,2
"IM-23-122-IOGO","8039832543","Maziba","Pf3D7_13_v3-1419363-1419626-1A","TTTTGAAATCTGTATATTCTTTACCATATTCATCGAGTTTTATTTTGTTCTCTTCGTTTGAAATATCAACTACATGATTAAAAACATCTCCTAAATTATATAATTTCTTATCTAGGTCTTTTTGAAATGTCGATTCTCCTCCTTGTGCTGGTTTTTGTACTTTTTGTCCTTGTGTTGATATCTCTTGTTCATTTTTAGATTGAG","Pf3D7_13_v3-1419363-1419626-1A.12","16+8N38T52C55C163T",69,0.137176938369781,4
"IM-23-122-IOGO","8039832543","Maziba","Pf3D7_13_v3-1419363-1419626-1A","TTTTGAAATCTGTATATTCTTTACCATATTTATCGATATTTATTTTGTTCTTTTTGTTTGAAATATCAACTACATGATTAAAAACATCTCCTAAATTATATAATTTCTTATCTAGGTCTTTTTGAAATGTCGATTCTCCTCCTTGTGCTGGTTTTTGTACTTCTTGTCCTTGTGTTGATATCTCTTGTTCATTTTTAGATTGAG","Pf3D7_13_v3-1419363-1419626-1A.15","16+8N31T37T",3,0.00596421471172962,4
"IM-23-122-IOGO","8039832543","Maziba","Pf3D7_13_v3-2770621-2770854-1B","ATTCCAAGAAATATTTTTAAAAAAAAATAGTGAGTTAGATGATCACGTATGGAATATAGAAAGTATTACTACGAATATATTAGAGAGGAATAAATTAAGTGATCAAAATAATGAAGATAACCATGATGTTAATAATAATAATGAAGACCCATCTGGGGGTAATTTAAAAAC","Pf3D7_13_v3-2770621-2770854-1B.1","18+11N130+13N",927,1,1
"IM-23-122-IOGO","8039832543","Maziba","Pf3D7_11_v3-1295103-1295335-1A","ACTACTGCTTTGTCCCATCCCATCGAAGTTGAAAACAATTTTCCATGTTCATTATATAAAAATGAAATAATGAAAGAAATCGAAAGAGAATCAAAACGAATTAAATTAAATGATAATGATGATGAAGGGAATAAAAAAATTATAGCTCCAAGAATTTTTATTTCAGATGATAAA","Pf3D7_11_v3-1295103-1295335-1A.5","61A132+9N",296,0.100680272108844,5
"IM-23-122-IOGO","8039832543","Maziba","Pf3D7_08_v3-1313088-1313338-1A","TGAGAGACATAGATATATGATAGAAAAATGGAAAAAAGAAGATTGGTTTTGTGATTTAAAAGAAACGTTGAAAAATGAATTTGAAGAACAGATGGATATAGGAAAAGTATCTTTTTTATATGAAAATAATAGAGAGTATGGAAAAAATTTTTATTTGGAAAGGCAAAAAATTATATGGAAAAGATGG","Pf3D7_08_v3-1313088-1313338-1A.5","31+8N111+8N141+8N162G164+8N",785,0.707844905320108,3
"IM-23-122-IOGO","8039832543","Maziba","Pf3D7_08_v3-1314717-1314986-1A","ATAAAAAAGAAAAAATTATTGTCAAAAGTTTTCATAGATATATATATGATGGTATTAGAAGATTTTAAAGAAGAAGAATGTAAAAAAAATAAAGAAATATTTCTTGATACTTATATAGATGAACTAAAAAAAGATTCACAAAGTGAAAAAAATAAAAGCATGTTAAATATATTAGATGAAATAAAAAGTGATATTCATATAGGATATC","Pf3D7_08_v3-1314717-1314986-1A.1","2+15N87A125+9N138A145+9N",325,0.723830734966592,3
"IM-23-122-IOGO","8039832543","Maziba","Pf3D7_08_v3-1314717-1314986-1A","ATAAAAAAGAAAAAATTATTGTCAAAAGTTTTCATAGATATATATATGATGGTATTAGAAGATTTTAAAGAAGAAGAATGTAAAAAGAATAAAGAAATATTTCTTGATACTTATATAGATGAACTAAAAAAAGATTCACAAAGTGAAAAAAATAAAAGCATGTTAAATATATTAGATGAAATAAAAAGTGATATTCATATAGGATATC","Pf3D7_08_v3-1314717-1314986-1A.2","2+15N125+9N138A145+9N",7,0.0155902004454343,3
"IM-23-122-IOGO","8039832543","Maziba","Pf3D7_08_v3-1314717-1314986-1A","ATAAAAAAGAAAAAATTATTGTCAAAAGTTTTCATAGATATATATATGATGGTATTAGAAGATTTTAAAGAAGAAGAATGTAAAAAGAATAAAGAAATATTTCTTGATACTTATATAGATGAACTAAAAAAAGATTCGCAAAGTGAAAAAAATAAAAGCATGTTAAATATATTAGATGAAATAAAAAGTGATATTCATATAGGATATC","Pf3D7_08_v3-1314717-1314986-1A.3","2+15N125+9N145+9N",117,0.260579064587973,3
"IM-23-122-IOGO","8039832543","Maziba","Pf3D7_05_v3-1322099-1322341-1A","TTCCAATAGAAACTATATTACGATTTCCTTCATGAGGTAAATTGACATTCATCTTATATGTATAATTAAGGATGAGTAATAAATTGTATAAAAATATTTTTATTTAATAATTTATATGTATTATTAATAATTCTGAATTTATCAATTGATATATTATTTTTGTTTTTCTTTATGCCATTC","Pf3D7_05_v3-1322099-1322341-1A.1",".",349,0.736286919831224,3
"IM-23-122-IOGO","8039832543","Maziba","Pf3D7_05_v3-213027-213251-1A","ATGTACTTATCCCCTGATATGATTTCCCCAATATCATCAAAATCAGTAATCTCTAAATCATTTATATGATTTATATGTATAAATTCTTTTATCTTGTTCAAATAATTTCTGTAATAAAATATATTCTCTTTATCATCATCAATTATTTTCATATAATC","Pf3D7_05_v3-213027-213251-1A.1","25T27C",2172,0.703140174813856,4
"IM-23-122-IOGO","8039832543","Maziba","Pf3D7_13_v3-2816310-2816554-1B","CAAATACTTTTCAATATAGGTCTAGTGAAAGTGTGGAAGTAATAACTAATAAACCTGATGAAATGGAAATTACAACTAAACCACCATCACAATACATTGAAAAGGAAATTGGAGAAATTGATTCTACAAAAAATCAAGATAATGATGAACAAAGCAATTCTATAATTCCTTTAATTAATAAAAATAATGAA","Pf3D7_13_v3-2816310-2816554-1B.3","71T127+8N",981,0.75114854517611,3
"IM-23-122-IOGO","8039832543","Maziba","Pf3D7_05_v3-213027-213251-1A","ATGTACTTATCCCCTGATATGATTTCTCCATTATCATCAAAATCAGTAATCTCTAAATCATTTATATGATTTATATGTATAAATTCTTTTATCTTGTTCAAATAATTTCTGTAATAAAATATATTCTCTTTATCATCATCAATTATTTTCATATAATC","Pf3D7_05_v3-213027-213251-1A.16","25T31T",161,0.0521204273227582,4
"IM-23-122-IOGO","8039832543","Maziba","Pf3D7_05_v3-213027-213251-1A","ATGTACTTATCCCCTGATATGATTTTTCCAATATCATCAAAATCAGTAATCTCTAAATCATTTATATGATTTATATGTATAAATTCTTTTATCTTGTTCAAATAATTTCTGTAATAAAATATATTCTCTTTATCATCATCAATTATTTTCATATAATC","Pf3D7_05_v3-213027-213251-1A.4","25T26T",753,0.243768209776627,4
"IM-23-122-IOGO","8039832543","Maziba","Pf3D7_10_v3-992331-992603-1A","TCATTATATTTTTAAAAAAAAAAATTATGATATAAAATCTTCAATTAATAAAAGATCTATCCAGTTCTTTAAAGACACTAATATAGATCATTATATAGCATATGAATATTATAAGGAGGACCGTACGGAATTTATATTAACTATTATGAATGAAAAAAATATTACTCATCAAGAAACTCAAAGTCTTGAAATGAAAAAGTTGAAAG","Pf3D7_10_v3-992331-992603-1A.2","13+13N152+9N",663,0.933802816901408,3
"IM-23-122-IOGO","8039832543","Maziba","Pf3D7_10_v3-992331-992603-1A","TCATTATATTTTTAAAAAAAAAAATTATGATATAAAATCTTCAATTAATAAAAGATCTATCCAGTTCTTTAGAGACACTAATATAGATCATTATATAGCATATGAATATTATAAGGAGGACCGTACAGAATTTATATTAACTATTATGAATGAAAAAAATATTACTCATCAAGAAACTCAAAGTCTTGAAATGAAAAAGTTGAAAG","Pf3D7_10_v3-992331-992603-1A.1","13+13N72G127A152+9N",10,0.0140845070422535,3
"IM-23-122-IOGO","8039832543","Maziba","Pf3D7_13_v3-146695-146934-1A","AAAGTATTTGTAATAGATTGAACGATGAACTAAATGAAGAAATATGTGGTTATCAAATTAGGTTTGAAAAATCGTATTTTTTAAAACATAGTAAAATTAAAGTTATGACAGAAGGAATTTTATTGAAAGAAATTATGAGTGATTTTATTTTATCAAAATATAGTGTTATTATTCTTGA","Pf3D7_13_v3-146695-146934-1A.3","20G76+8N",134,0.0559265442404007,4
"IM-23-122-IOGO","8039832543","Maziba","Pf3D7_13_v3-156456-156685-1A","ATTATATGATATTTATATAAAATTAGAAAATCTAATTTTAGAAAAAATAACTGAAAGTATATACAATAGTACACCTCCATATAGAGTTATTATGTTCGAATTAATGACCAGATTATTTCGATTTTATACAAAACCAATAGACCTTATTATTACTATGAATACAC","Pf3D7_13_v3-156456-156685-1A.1","41+8N",720,0.927835051546392,2
"IM-23-122-IOGO","8039832543","Maziba","Pf3D7_13_v3-156456-156685-1A","ATTATATGATATTTATATAAAATTAGAAAATCTAATTTTAGAAAAAATAACTGAAAGTATATACAATAGTACACCTCCATATAGAGTTATTATGTTCGAATTAATGACCAGATTGTTTCGATTTTATACAAAACCAATAGACCTTATTATTACTATGAATACAC","Pf3D7_13_v3-156456-156685-1A.2","41+8N115G",56,0.0721649484536082,2
"IM-23-122-IOGO","8039832543","Maziba","Pf3D7_04_v3-133581-133830-1A","CTCTCGATTATCATTACCTACTTCAGTCTTTACAATTGTAGGAGGTGTTTTAACATGATTATCCCCTCCATGAGGAGTAACCCTTAAAGGTTCTTCTTGAATATTTGGTGTCGCTTCGCCTGTTTCTGTAGAAAGGATATTTATTCTATCAACATATTCATCACCTTCTTCAACTGTACTATTTAAA","Pf3D7_04_v3-133581-133830-1A.1",".",392,0.848484848484849,2
"IM-23-122-IOGO","8039832543","Maziba","Pf3D7_04_v3-133581-133830-1A","CTCTCGATTATCATTACCTTCTTCAGTCTTTACAATTATAGGAGATGTTTTAACATGATCATCCCCTCCATGAGGAGTAACCCTTAAAGGTTCTTCTTGAACATTTGGTGTCTCTTCGCCTGTTTCTATAGAAGGGATATTTTTTCTATCAGCATATTCATCACCTTCTTCAACTGTACTATTTAAA","Pf3D7_04_v3-133581-133830-1A.14","20T38A45A60C102C113T128A134G143T152G",70,0.151515151515152,2
"IM-23-122-IOGO","8039832543","Maziba","Pf3D7_11_v3-1934962-1935236-1A","TGATGTGCCAATATTAAGGATACATTTTCTAAAGCTTCTATCAGATAATGAAAATTTTTTCTGCGATTTTCATTTAAATCATTAAATATATTGGTTAGTTCTTGTATTGACGTTTTTGGATCTAAGGATGTAATTTGTTCATTTAATTCTTCTGTATATTCTAGATTAAAGTTTAAATTATTAAAATAACCTTCAGCATTATTTTCATTTTT","Pf3D7_11_v3-1934962-1935236-1A.1","54+10N98G",197,0.933649289099526,2
"IM-23-122-IOGO","8039832543","Maziba","Pf3D7_13_v3-852647-852921-1A","TACGAAATGATGAATTAAAAGAATTAACATTTATGAAAAATAAAGAAAATAGGAATGCAGATACATATGTTTTTCATTATCCTAAAAAAGAGAAATATGACCAATTAGTTTTTGAATTACGTAAACATAATTTTAATATAACAAGCATGAATACATATAAAAAACTAACAAATGAAACATCATCACAAAAAGAAGAAAATGCTTCTATAATAAGTT","Pf3D7_13_v3-852647-852921-1A.1","75C83+8N158+8N",80,0.163934426229508,6
"IM-23-122-IOGO","8039832543","Maziba","Pf3D7_13_v3-852647-852921-1A","TACGAAATGATGAATTAAAAGAATTAACATTTATGAAAAATAAAGAAAATAGGAATGCAGATACATATGTTTTTCATTATCCTAAAAAAGAGAAATATGACCAATTAGTTTTTGAATTACGTAAACATAATTTTAATATAACAAGCATTAATACATATAAAAAACTAAAAAATGAAACATCATCACAAAAAGAAGAAAATGCTTCTATAATAAGTT","Pf3D7_13_v3-852647-852921-1A.9","75C83+8N149T158+8N169A",53,0.108606557377049,6
"IM-23-122-IOGO","8039832543","Maziba","Pf3D7_13_v3-852647-852921-1A","TACGAAATGATGAATTAAAAGAATTAACATTTATGAAAAATAAAGAAAATAGGAATGCAGATACATATGTTTTTCATTATCCTAAAAAAGAGAAATATGACCAATTAGTTTTTGAATTACGTAAACATAATTTTAATATAACAAGCATTAATACATATAAAAAACTAACAAATGAAACATCATCACAAAAAGAAGAAAATGCTTCTATAATAAGTT","Pf3D7_13_v3-852647-852921-1A.3","75C83+8N149T158+8N",2,0.00409836065573771,6
"IM-23-122-IOGO","8039832543","Maziba","Pf3D7_13_v3-852647-852921-1A","TACGAAATGATGAATTAAAAGAATTAACATTTATGAAAAATAAAGAAAATAGGAATGCAGATACATATGTTTTTGATTATCCTAAAAAAGAGAAATATGACCAATTAGTTTTTGAATTACGTAAACATAATTTTAATATAACAAGCATGAATACATATAAAAAACTAACAAATGAAACATCATCACAAAAAGAAGAAAATGCTTCTATAATAAGTT","Pf3D7_13_v3-852647-852921-1A.4","83+8N158+8N",2,0.00409836065573771,6
"IM-23-122-IOGO","8039832543","Maziba","Pf3D7_13_v3-852647-852921-1A","TACGAAATGATGAATTAAAAGAATTAACATTTATGAAAAATAAAGAAAATAGGAATGCAGATACATATGTTTTTGATTATCCTAAAAAAGAGAAATATGACCAATTAGTTTTTGAATTACGTAAACATAATTTTAATATAACAAGCATTAATACATATAAAAAACTAAAAAATGAAACATCATCACAAAAAGAAGAAAATGCTTCTATAATAAGTT","Pf3D7_13_v3-852647-852921-1A.8","83+8N149T158+8N169A",350,0.717213114754098,6
"IM-23-122-IOGO","8039832543","Maziba","Pf3D7_13_v3-852647-852921-1A","TACGAAATGATGAATTAAAAGAATTAACATTTATGAAAAATAAAGAAAATAGGAATGCAGATACATATGTTTTTGATTATCCTAAAAAAGAGAAATATGACCAATTAGTTTTTGAATTACGTAAACATAATTTTAATATAACAAGCATTAATACATATAAAAAACTAACAAATGAAACATCATCACAAAAAGAAGAAAATGCTTCTATAATAAGTT","Pf3D7_13_v3-852647-852921-1A.2","83+8N149T158+8N",1,0.00204918032786885,6
"IM-23-122-IOGO","8039832543","Maziba","Pf3D7_04_v3-316593-316858-1A","TTATTCATTTTTTCTATATTATCCTTTTCTACATCATCAAAATTTGTTAATGATTCACACGTTATATTTGGTGATATTATATTTCTACCTGTACATACACCAATATTTGTTGTACCTATTATTTTATACCCTTCTTGACATTTAAATTCTATTTTTTCACCAAGTAAATAATATTTTTTATCAGGGATAAGGGAAACATA","Pf3D7_04_v3-316593-316858-1A.2","7+8N151+8N173+8N",286,0.265060240963855,2
"IM-23-122-IOGO","8039832543","Maziba","Pf3D7_04_v3-316593-316858-1A","TTATTCATTTTTTGTATATTATCCTTTTCTACATCATCAAAATTTGTTAATGATTCACACGTTATATTTGGTGATATTATATTTCTACCTGTACATACACCAATATTTGTTGTACCTATTATTTTATACCCTTCTTGACATTTAAATTCTATTTTTTCACCAAGTAAATAATATTTTTTATCAGGGATAAGGGAAACATA","Pf3D7_04_v3-316593-316858-1A.1","7+8N151+8N173+8N",793,0.734939759036145,2
"IM-23-122-IOGO","8039832543","Maziba","Pf3D7_04_v3-544454-544718-1A","ACAAAATATAATACTTTATATACAAATGCTTATAAAAAATTTTAACGCGGACGTACTTCAAAATAATATAAATGAAGAAGAAGTAATACATAATAACATCAACATTAATAATATAAAAGAAGAACAAATTATACCAAATAATATCAAGAATATCCATAATAATGACAATATTAATCATTGTGATGATAATAAAATAA","Pf3D7_04_v3-544454-544718-1A.4","33+8N47G50G77G",713,0.90828025477707,3
"IM-23-122-IOGO","8039832543","Maziba","Pf3D7_04_v3-544454-544718-1A","ACAAAATATAATACTTTATATACAAATGCTTATAAAAAATTTTAACTCGAACGTACTTCAAAATAATATAAATGAACAAGAAGTAATACATAATAACATCAACATTAATAATATAAAAGAAGAACAAATTATACCAAATAATATCAAGAATATCCATAATAATGACAATATTAATCATTGTGATGATAATAAAATAA","Pf3D7_04_v3-544454-544718-1A.3","33+8N",53,0.067515923566879,3
"IM-23-122-IOGO","8039832543","Maziba","Pf3D7_04_v3-544454-544718-1A","ACAAAATATAATACTTTATATACAAATGCTTATAAAAAATTTTAACTCGAACGTACTTCAAAATAATATAAATGAAGAAGAAGTAATACATAATAACATCAACATTAATAATATAAAAGAAGAACAAATTATACCAAATAATATCAAGAATATCCATAATAATGACAATATTAATCATTGTGATGATAATAAAATAA","Pf3D7_04_v3-544454-544718-1A.8","33+8N77G",19,0.024203821656051,3
"IM-23-122-IOGO","8039832543","Maziba","Pf3D7_04_v3-648065-648332-1A","TATAACTTCTGATTCAGTTTTGTTAAGATATATACCAAGAGATCTTAACAAATATAATAATTTTTCACCACTAACTCCATCTTTATTAGTATCGTATTCTTTAAATATTGATTCAATCTCAGCTCTCTTAAAGAAAACAAATATATATACATATATATATGTATTTATATGAATTTGTATCAATAAATAATAACATTCTTA","Pf3D7_04_v3-648065-648332-1A.2","4A141+30N",430,0.930735930735931,2
"IM-23-122-IOGO","8039832543","Maziba","Pf3D7_04_v3-648065-648332-1A","TATGACTTCTGATTCAGTTTTGTTAAGATATATACCAAGAGATCTTAACAAATATAATAATTTTTCACCACTAACTCCATCTTTATTAGTATCGTATTCTTTAAATATTGATTCAATCTCAGCTCTCTTAAAGAAAACAAATATATATACATATATATATGTATTTATATGAATTTGTATCAATAAATAATAACATTCTTA","Pf3D7_04_v3-648065-648332-1A.1","141+30N",32,0.0692640692640693,2
"IM-23-122-IOGO","8039832543","Maziba","Pf3D7_04_v3-748105-748359-1B","TGTGCATGTTGTAAGGTTGAAAGCAAAAATGAGGGGAAAAAAAATGAGGTTTTTAATAACTACACATTTAGAGGTCTAGGAAATAAAGGAGTATTACCATGGAAATGTATTTCCCTAGATATGAAATATTTTCGTGCAGTTACAACATATGTGAATGAATCAAAATATGAAAAATTGAAATATAAGAGATGTAAAT","Pf3D7_04_v3-748105-748359-1B.1","36+10N110T133C",539,1,1
"IM-23-122-IOGO","8039832543","Maziba","Pf3D7_04_v3-748374-748611-1B","AAACTGGGAAAGCATTCCAAAAAAATTTAAACCTTTAAGCAATAGGATAAATGTTATATTGTCTAGAACCTTAAAAAAAGAAGATTTTGATGAAGATGTTTATATCATTAACAAAGTTGAAGATCTAATAGTTTTACTTGGGAAATTAAATTACTATAAATGTTTTATATTAG","Pf3D7_04_v3-748374-748611-1B.3","3A18+9N72+9N169A170T",59,0.0363524337646334,2
"IM-23-122-IOGO","8039832543","Maziba","Pf3D7_03_v3-891553-891827-1A","CAAGAGCTAAGAAAACATATAGAATCATCATAAGGATGTTGATAATATAAATGTGTTTTTATTTGTGTATTTATGTCAGAATATTGTTCCTTTGATTTATCTTTAAAATAATCAATATTATTTATGTTGGTGGCTTTATTATTATTAAAATAATTTTGATTTGTTACATGATGACTAGGGGTATATTTGTATTTTACGTTTTTATTA","Pf3D7_03_v3-891553-891827-1A.2",".",55,0.105162523900574,3
"IM-23-122-IOGO","8039832543","Maziba","Pf3D7_13_v3-2504481-2504734-1B","TAAAATGTGTTGATGATTTTAACAATATGGTTATAACGATAAAAGAGGAAGTAAACAATCATTGGGAAAATAATATATACAATAAAAAGGATATGGTTAATTATACAAATGAAAATTATAATGATAATATATTAACATATGAATATATTAATGAAACACTTAGAAAAGAAAAAAAAAGATATTATA","Pf3D7_13_v3-2504481-2504734-1B.1","168+11N",484,1,1
"IM-23-122-IOGO","8039832543","Maziba","Pf3D7_07_v3-1066661-1066903-1A","TATGGTTTTGTAATTTATTGGTATGTGTTGTTAAAGGAGAATTTTTTTAATATCCCTTGTCATGGGCAAAATGAGAAAAAAGAAATAAAAAACTTTTATGTTCAACATGAAGATATTTGTGAACACACTATTGGTAATCATATGTTAGGTGATAAATTAAAAATGTGTACATCTAATATTAATG","Pf3D7_07_v3-1066661-1066903-1A.2","41+9N75+8N86+8N",138,0.0518018018018018,2
"IM-23-122-IOGO","8039832543","Maziba","Pf3D7_13_v3-2545065-2545291-1A","ATGATTCCTCAAAAGTTTAACATTCCACATAGTATCTGTTAAATTGATAGTTTGCAAACAATTATACGTTTGGTTATTTTTATTTTTAAAAAAGGATATATGATCATCTAAAGATTTATTTTTGAGAAAGATTTCCATATATTCATATATATCATGAATACACCA","Pf3D7_13_v3-2545065-2545291-1A.1","87+8N154A",1634,0.700686106346484,3
"IM-23-122-IOGO","8039832543","Maziba","Pf3D7_13_v3-2545065-2545291-1A","ATGATTCCTCAAAAGTTTAACATTCCACATAGTATCTGTTAAATTGATAGTTTGCAAACAATTATACGTTTGGTTATTTTTATTTTTAAAAAAGGATATATGATCATCTAAAGATTTATTTTTGAGAAAGATTTCCATATATTCATATATATCTTGAATACACCA","Pf3D7_13_v3-2545065-2545291-1A.5","87+8N",517,0.221698113207547,3
"IM-23-122-IOGO","8039832543","Maziba","Pf3D7_13_v3-2770591-2770863-2","ACACATCGATTTTATCAAAAGGAAATATTCCAAGAAATATTTTTAAAAAAAAATAGTGAGTTAGATGATCACGTATGGAATATAGAAAGTATTACTACGAATATATTAGAGAGGAATAAATTAAGTGATCAAAATAATGAAGATAACCATGATGTTAATAATAATAATGAAGACCCATCTGGGGGTAATTTAAAAACCAATCTAAT","Pf3D7_13_v3-2770591-2770863-2.1","44+11N156+13N",1547,1,1
"IM-23-122-IOGO","8039832543","Maziba","Pf3D7_09_v3-82006-82236-1A","TTTATCATCTTTAGGCCATAACCAGAGTACAAGCAATCCAACTATAACAATTGTAATTAACATTATAAATACTGTAATACCATAAACACTACCAGAAGCGATCAGAAATGCACTAAAAGTATAAGAACATTCACTTGGAATAAGAGTAGCGATAAAACTAAAAATAGC","Pf3D7_09_v3-82006-82236-1A.4","95G125G137G",370,0.128606187000348,5
"IM-23-122-IOGO","8039832543","Maziba","Pf3D7_01_v3-145388-145662-1A","GATATGTTTAAATATATGATTCTCGAAAAAACTTTTTTTATTTTTTTTGTCAATAGATAAATGATCAATATTTTCTATATTTAATCTATCAAGAATTTTTATATATCTATTATTTCTTTCTTCGATGGATAAATTATATGAATCAATATCCTTTCTTTCATCAACAAACTTTTTTATTGTTAACTCCATTTTTTTATTTAAGATACCA","Pf3D7_01_v3-145388-145662-1A.3","25+25N94A139T169+8N188+9N",80,0.218579234972678,3
"IM-23-122-IOGO","8039832543","Maziba","Pf3D7_13_v3-2780346-2780575-1B","GTTGGATAGAATGCCCGACTACGGATCGGGAGGTCGTGGGTTCGACTCCTGCCCGGCCTAATTTTTTTCGTTTTCCTTTTTAAAGTAAAAAAGGATAATATTTTTAAAAAACATTTAGTATATATATTTTTTTTAAATAATAAATCTATTATATTATTAAATATTATGAGAAGA","Pf3D7_13_v3-2780346-2780575-1B.2","61+9N76C86+8N105+8N126+10N",198,0.218061674008811,2
"IM-23-122-IOGO","8039832543","Maziba","Pf3D7_10_v3-1392371-1392620-1A","TGATGAAAATGATGATTCCCATTTTTCTAATTCTTTAGTATCTGAAACGAGTTACAATCAAGATTACTCTTTATACACTATTAATATTTTGAATGGACTTCCTGATAAAAAAAGTAATATGAAAAATATTGATTTAGAAAAATTTAAAGATACTTCAATACATACAAAGGAAGAGGGACCCATTGTA","Pf3D7_10_v3-1392371-1392620-1A.3","21A23T41T43T49G106+9N",50,0.0462107208872458,4
"IM-23-122-IOGO","8039832543","Maziba","Pf3D7_10_v3-1392371-1392620-1A","TGATGAAAATGATGATTCCCATTTTTCTAATTCTTTAGTATCTGAAACGAGTTACAATCAAGATTACTCTTTATACACTATTAATATTTTGAATGGACTTCCTGATAAAGAAAGTAATATGAAAAATATTGATTTAGAAAAATTTAAAGATACTTCAATACATACAAAGGAAGAGGGACCCATTGTA","Pf3D7_10_v3-1392371-1392620-1A.5","21A23T41T43T49G106+9N",1,0.000924214417744917,4
"IM-23-122-IOGO","8039832543","Maziba","Pf3D7_05_v3-1322099-1322341-1A","TTCCAATAGAAACTAGATTACGATTTTCTTCATGAGGTAAATTGACATTCATCTTATATGTATAATTAAGGATGAGTAATAAATTGTATAGAAATATTTTTATTTAATAATTTATATGTATTATTAATAATTCTGAATTTATCAATTGATATATTATTTTTGTTTTTCTTTATGCCATTC","Pf3D7_05_v3-1322099-1322341-1A.2","16G27T91G",82,0.172995780590717,3
"IM-23-122-IOGO","8039832543","Maziba","Pf3D7_11_v3-1295103-1295335-1A","ACTACTGCTTTGTCCCATCCCATCGAAGTTGAAAACAATTTTCCATGTTCATTATATAAAGATGAAATAATGAAAGAAATCGAAAGAGAATCAAAACGAATTAAATTAAATGATAATGATGATGAAGGGAATAAAAAAATTATAGCTCCAAGAATTTTTATTTCAGATGATAAA","Pf3D7_11_v3-1295103-1295335-1A.1","132+9N",502,0.170748299319728,5
"IM-23-122-IOGO","8039832543","Maziba","Pf3D7_13_v3-2816310-2816554-1B","CAAATACTTTTCAATATAGGTCTAGTGAAAGTGTGGAAGTAATAACTAATAAACCTGATGAAATGGAAATGACAACTAAACCACCATCACAATACATTGAAAAGGAAATTGGAGAAATTGATTCTACAAAAAATCAAGATAATGATGAACAAAGCAATTCTATAATTCCTTTAATTAATAAAAATAATGAA","Pf3D7_13_v3-2816310-2816554-1B.1","127+8N",145,0.111026033690658,3
"IM-23-122-IOGO","8039832543","Maziba","Pf3D7_13_v3-2816310-2816554-1B","CAAATACTTTTCAATATAGGTCTAGTGAAAGTGTGGAAGTAATAACTAATAAACCTGATGAAATGGAAATGACAACTAAACCACCATCACAATATATTGAAAAGGAAATTGGAGAAATTGATTCTACAAAAAATCAAGATAATGATGAACAAAGCAATTCTATAATTCCTTTAATTAATAAAAATAATGAA","Pf3D7_13_v3-2816310-2816554-1B.2","95T127+8N",180,0.137825421133231,3
"IM-23-122-IOGO","8039832543","Maziba","Pf3D7_11_v3-1374917-1375148-1A","TTTTTAAATGAAAATCTCCAAAGCTTCTGGTTGGTTGTAATCTACCTTTAACATAACAATTATCATAATGATGTGATAAGAGATGAAAAGGTGTTTTACATAATTTATATGTATTATTATTATTAACAGTTTTATAATCTCGAGTACATATTTTACATACTAATATA","Pf3D7_11_v3-1374917-1375148-1A.4","106T112+14N",303,0.155704008221994,4
"IM-23-122-IOGO","8039832543","Maziba","Pf3D7_13_v3-2840462-2840736-1B","AATAAACACATATGTTTATTAATAAAATTGTTAGTTATTTTTATGTATACATAATAAATTAAAGATACTAAAACAATATTTTTAAATATAAATAAATGAATAATGATATTATTTATATGATTCATCATTCTATATTTACATGGAAGATTAAAAAATTATATATATATATATATATGGTAATTTCTGTGTTTATGTTTTTATTTTTATAATA","Pf3D7_13_v3-2840462-2840736-1B.7","88A149+23N",12,0.25531914893617,3
"IM-23-122-IOGO","8039832543","Maziba","Pf3D7_05_v3-350808-351052-1A","TAATATAATTTGAGTTGATAATATTATAATTATTTTTTATATGTTGCTCATTTATATTATTATGATAAATATGAGTTGTATTTTTATTAGAATTGTAGGACATTTTCCCATACATGAGTTGTTTTACATTTTTAACATTTTTATAATTATGTATTAAACATAAAATTATTAGATAAA","Pf3D7_05_v3-350808-351052-1A.7","32+8N92A164A",149,0.0918052988293284,4
"IM-23-122-IOGO","8039832543","Maziba","Pf3D7_05_v3-350808-351052-1A","TAATATAATTTGAGTTGATAATATTATAATTATTTTTTATATGTTGCTCATTTATATTATTATGATAAATATGAGTTGTATTTTTATTAGAGTTGTAGGACATTTTCCCATACATGAGTTGTTTTACATTTTTAACATTTTTATAATTATGTATTAAACATAAAATTATTAGATAAA","Pf3D7_05_v3-350808-351052-1A.4","32+8N164A",2,0.00123228589032656,4
"IM-23-122-IOGO","8039832543","Maziba","Pf3D7_13_v3-479569-479811-1A","CTAGAGACGAATTTGATGATAAAAGAAAATTAAAAGAAGAGAAAATTAAACAATGCCAACTATTAAATGAAAAACAACTAGAAGAAAAAGAAAAAGAAAAAAGAATTCTGAGAGAAAAAGCTGTTGAATATACCATACAAAATGAAGAAGAATATAAACAACTAAAAGGAAAATT","Pf3D7_13_v3-479569-479811-1A.6","96+8N135A168G",22,0.0142949967511371,2
"IM-23-122-IOGO","8039832543","Maziba","Pf3D7_13_v3-1726174-1726408-2","TTTCTAATTCTTTGTACAATCGTACTCTTTCCATTTCTAGTTCTTTCTTATCTTTAAATAATTTATCTTTTTCTCGAATAAAATTCATTTGTGTCTTTTTTAACCAATTAATAAATGTAATTCTTAAATCACCTACCATATTTTCAAAATCACTAGCATCACTTAAT","Pf3D7_13_v3-1726174-1726408-2.1","95+8N",4037,1,1
"IM-23-122-IOGO","8039832543","Maziba","Pf3D7_01_v3-145388-145662-1A","GATATGTTTAAATATATGATTCTCGAAAAAACTTTTTTTATTTTTTTTGTCAATAGATAAATGATCAATATTTTCTATATTTAATCTATCAAGTATTTTTATATATCTATTATTTCTTTCTTCGATGGATAAATTATAAGAATCAATATCCTTTCTTTCATCAACAAACTTTTTTATTGTTAACTCCATTTTTTTATTTAAGATACCA","Pf3D7_01_v3-145388-145662-1A.1","25+25N169+8N188+9N",279,0.762295081967213,3
"IM-23-122-IOGO","8039832543","Maziba","Pf3D7_11_v3-1902041-1902278-2","ATGAAACAAAATGTCCACCTAGATACCCTTTAAAATCAAAAGTTTTTGGAACCTTTGACCAAAAAACAGGAAAATGTAAAAGTCTCATGGACAAAGCATATGAAGTTGGAATTAATAAATTTTCAGTCTGTTTAGAATATTTATTTTTAGTATCACCTAAGGATTTATATAATAGAGGAAG","Pf3D7_11_v3-1902041-1902278-2.10","60+8N176A",308,0.0827067669172932,3
"IM-23-122-IOGO","8039832543","Maziba","Pf3D7_11_v3-1902041-1902278-2","ATGAAACAAAATGTCCACCTAGATACCCTTTAAAATCAAAAGTTTTTGGAACCTTTGACCAAAAAACAGGAAAATGTAAAAGTCTCATGGACAAAGCATATGAAGTTGGAATTAATAAATTTTCAGTCTGTTTAGAATATTTATTTTTAGTATCACCTAAGGATTTATATAATAGCAGAAG","Pf3D7_11_v3-1902041-1902278-2.2","60+8N177A",461,0.123791621911923,3
"IM-23-122-IOGO","8039832543","Maziba","Pf3D7_13_v3-156713-156986-1A","TCCTTTTATGTGAACAAATTAAATATTGTAAATGATTTCTTTTTTGAAACACACCATAAAGATACACATCAAGACAGTCAAAATGAACACAAAACGGATGAACCTAAAATACATAATGTTTTCAAAAAAAAAAATAACGATATCTTTGTTAATATTCCTCTACCAAAAATATTTAAAAATTTCTTACATTCCATATATTTTAGAACTCC","Pf3D7_13_v3-156713-156986-1A.2","39+8N50C123+13N",499,0.848639455782313,2
"IM-23-122-IOGO","8039832543","Maziba","Pf3D7_13_v3-156713-156986-1A","TCCTTTTATGTGAACAAATTAAATATTGTAAATGATTTCTTTTTTGGAACACACCATAAAGATACACCTCAAGACAGTCAAAATGAACACAAAACGGATGAACCTAAAATACATAATGTTTTCAAAAAAAAAAATAACGATATCTTTGTTAATATTCCTCTACCAAAAATATTTAAAAATTTCTTACATTCCATATATTTTAGAACTCC","Pf3D7_13_v3-156713-156986-1A.1","39+8N47G50C68C123+13N",89,0.151360544217687,2
"IM-23-122-IOGO","8039832543","Maziba","Pf3D7_04_v3-140317-140548-1A","TCGGGACAATATTATAAGGATTTTATCACATCAAGGAAAAATATTTATAATATAAGGGAAAATATATCCAAAAATGTAGATATGATAAAAAATGAAGAAAAGAAGAAAATACAGAATTGTGTAGATAAATATAATTCTATAAAACAATATGTAAAAATGCTTAAA","Pf3D7_04_v3-140317-140548-1A.1","86+8N",3301,0.9335407239819,2
"IM-23-122-IOGO","8039832543","Maziba","Pf3D7_04_v3-140317-140548-1A","TCGGGACAATATTATAAGGATTTTATCACATCAAGGAAAAATATTTATAATATAAGGGAAAATATATCCAAAAATGTAGATATGATAAAAAATGAAGAAAAGAAGAAAATACAGAATTGTGTAGATAAATATAATTCTATAAAACAATATGTAAAAATGTTTAAA","Pf3D7_04_v3-140317-140548-1A.2","86+8N160T",235,0.0664592760180995,2
"IM-23-122-IOGO","8039832543","Maziba","Pf3D7_04_v3-141741-141990-1A","TGAATACCATATAGCCCTTTCAAATTATATAAAGACAGAACTAAGAAATATAAACCTGCAAGAAATAAAAAACAATATAATAAAAATATTTAAAGAATTCGAATCTGCACACAAAGAAATTAAAAAAGAATCAAAACAAATTAATAAAGAATTTACCAAAATGGATGTCGTCATAAATCAATTAAGAGATATAG","Pf3D7_04_v3-141741-141990-1A.2","66+8N101G121+8N134A",1520,0.831055221432477,2
"IM-23-122-IOGO","8039832543","Maziba","Pf3D7_04_v3-141741-141990-1A","TGAATACCATATAGCCCTTTCAAATTATATAAAGACAGAACTAAGAAATATAAACCTGCAAGAAATAAAAAACAATATAATAAAAATATTTAAAGAATTCGAATCTGCACACAAAGAAATTAAAAAAGAATCAGAACAAATTAATAAAGAATTTACCAAAATGGATGTCGTCATAAATCAATTAAGAGATATAG","Pf3D7_04_v3-141741-141990-1A.8","66+8N101G121+8N",309,0.168944778567523,2
"IM-23-122-IOGO","8039832543","Maziba","Pf3D7_04_v3-284121-284364-1A","ATATTGTATATTATCATAAGATTTATATGGAGGACCACATTGAAATCCGACAATTTCATTTGATGCATGTAGTACACATTCCGTATTTCTGTTTGAATTATTTAAAATAATTTTATTACTTAGAAATGATTCTTTTTCACTATAATCTTTATATAACAAAGCGTCTTCATCAATTTGA","Pf3D7_04_v3-284121-284364-1A.2","162C",798,0.721518987341772,4
"IM-23-122-IOGO","8039832543","Maziba","Pf3D7_04_v3-284121-284364-1A","ATATTGTATATTATCATAAGATTTATATGGAGGACCACATTGAAATCCGACAATTTCATTTGATGCATGTAGTACACATTCCGTATTTCTGTTTGAATTATTTAAAATAATTTTATTACTTAGAAATGATTCTTTTTCACTATAATCTTTATATAACAAAGGGTTTTCATCAATTTGA","Pf3D7_04_v3-284121-284364-1A.6","165T",183,0.165461121157324,4
"IM-23-122-IOGO","8039832543","Maziba","Pf3D7_04_v3-284121-284364-1A","ATATTGTATATTATCATAAGATTTATATGGAGGACCACATTGAAATCCGACAATTTCATTTGATGCATGTAGTACACATTCCGTATTTCTGTTTGAATTATTTAAAATAATTTTATTACTTAGAAATGATTCTTTTTCACTATAATCTTTATATAACAAAGGTTCTTCATCAATTTGA","Pf3D7_04_v3-284121-284364-1A.4","163T",77,0.069620253164557,4
"IM-23-122-IOGO","8039832543","Maziba","Pf3D7_11_v3-1295103-1295335-1A","ACTACTGCTTTGTCCCATCCCAACGAAGTTGAACACAATTTTCCATGTTCATTATATAAAGATGAAATAAAGAAAGAAATCGAAAGAGAATCAAAACGAATTAAATTAAATGATAATGATGATGAAGGGAATAAAAAAATTATAGCTCCAAGAATTTTTATTTCAGATGATAAA","Pf3D7_11_v3-1295103-1295335-1A.4","23A34C71A132+9N",2112,0.718367346938775,5
"IM-23-122-IOGO","8039832543","Maziba","Pf3D7_13_v3-1876391-1876664-1A","AACTATCTGTAAAAGTATGTTTAGAACTAACATTTGAAGAGAAGTTACATCCGTGTATGACTTTTTTTTCATATTTTGGTTTTAAAACTATTTTATAATTATTATTTTTAAATTTGCATGTACATTCTGTATTAACATCTTTTGATGTAACATAAAATGGAGCTTTAAAGATAGTTAACTTTTCATGATAAATTATTTTATTACTTTTATATA","Pf3D7_13_v3-1876391-1876664-1A.2","61+10N179C184C",507,0.800947867298578,2
"IM-23-122-IOGO","8039832543","Maziba","Pf3D7_13_v3-1876391-1876664-1A","AACTATCTGTAAAAGTATGTTTAGAACTAACATTTGAAGAGAAGTTACATCCGTGTATGACTTTTTTTTCATATTTTGGTTTTAAAACTATTTTATAATTATTATTTTTAAATTTGCATGTACATTCTGTATTAACATCTTTTGATGTAACATAAAATGGAGCTTTAAAGATAGTTAAGTTTTTATGATAAATTATTTTATTACTTTTATATA","Pf3D7_13_v3-1876391-1876664-1A.1","61+10N",126,0.199052132701422,2
"IM-23-122-IOGO","8039832543","Maziba","Pf3D7_09_v3-595828-596094-1A","ATAATTTTTTCATCGTTCTTATACATTAATGATAAAGTCTTTTTGCAAAATTTTTTGAAGAGATCAGATTTGAGATAAAGACGTTTGGCTAATTTATACGAGAATTCGAGAGCATCTAATTTTATATTTAAACATTTTTTCGTATCCAATATATTATAATTTTGTTCATAAGTCTGTTCATTTATATTATTTAATACTTTT","Pf3D7_09_v3-595828-596094-1A.1","4+8N50+8N134+8N",455,0.716535433070866,3
"IM-23-122-IOGO","8039832543","Maziba","Pf3D7_07_v3-105172-105442-1A","GACTACTAACAGAGTGACTACCTACGCTATGTTGAGATGAATTCCTTCCATCTGAATTACTTCCAGATAGGTGATTTTCTGTACTTCCATCTGAATTGTTTTCATATAATTGACTTTCCTTTTGTCCATCTAAATTATGCACTGCACTATGAGTTCCTTCACCCAAATTATTACTGTTTGTTGTATCATCATTTAAATCAAATCCATTTCTT","Pf3D7_07_v3-105172-105442-1A.6","103C",89,0.139280125195618,3
"IM-23-122-IOGO","8039832543","Maziba","Pf3D7_07_v3-105172-105442-1A","GACTACTAACAGAGTGACTACCTACGCTATGTTGAGATGAATTCCTTCCATCTGAATTACTTCCAGATAGGTGATTTTCTGTACTTCCATCTGAATTGTTTTTATATAATTGACTTTCCTTTTGTCCATCTAAATTATGCACTGCACTATGAGTTCCTTCACCCAAATTATTACTGTTTGTTGTATCATCATTTAAATCAAATCCATTTCTT","Pf3D7_07_v3-105172-105442-1A.1",".",462,0.723004694835681,3
"IM-23-122-IOGO","8039832543","Maziba","Pf3D7_03_v3-891553-891827-1A","CAAGAGCTAAGAAAACATATAGAATCATCATAAGGATGTTGATAATATAAATGTGTTTTTATTTGTGTATTTATGTCAGAATATTGTTCCTTCGATTTATCTTTAAAATAATCAAGATTATTTATGTTGGTGGCTTTATTATTATTAAAATAATTTTGATTTGTTACATGATGACTATGGGTATATTTGTATTTTACGTTTTTATTA","Pf3D7_03_v3-891553-891827-1A.1","93C116G178T",5,0.00956022944550669,3
"IM-23-122-IOGO","8039832543","Maziba","Pf3D7_08_v3-1056678-1056903-1A","GTGTTAAGGATAATTATAATGCAATAAGCACAACTAATTTTTCAGATGACATGGATGAATTGATAAAGAATCTTTCTATTATGGGTTTGTGTAAAGAGAAAATAGTGTTAACAGAAAAGGCAACACTATTTAATAACATTGAATTGTTGTATTCATATTATCTTATAGTTCAGA","Pf3D7_08_v3-1056678-1056903-1A.14","8G",1,0.000181752090149037,4
"IM-23-122-IOGO","8039832543","Maziba","Pf3D7_07_v3-1066661-1066903-1A","TATAGTTTTGTAATTTATTGGTATGTGTTGTTAAAGGAGAATTTTTTTAATATCCCTTGTCATGGGCAAAATGAGAAAAAAGAAATAAAAAACTTTTATGTTCAACATGAAGATATTTGTGAACACACTATTGGTAATCATATGTTAGGTGATAAATTAAAAATGTGTACATCTAATATTAATG","Pf3D7_07_v3-1066661-1066903-1A.1","4A41+9N75+8N86+8N",2526,0.948198198198198,2
"IM-23-122-IOGO","8039832543","Maziba","Pf3D7_11_v3-1294664-1294910-1A","AAAAGATAAATCATTTCAAAACTATACATATTTAAGTAAAAATGTAGTTGATAACTGGGAAAAAGTTTGCCCTAGAAAGAATTTAGAGAATGCAAAATTCGGATTATGGGTCGATGGAAATTGTGAAGATATACCACATGTAAATGAATTTTCAGCAAATGATCTTTTTGAATGTAATAAATTAGTTTTTGAATTG","Pf3D7_11_v3-1294664-1294910-1A.10","9A40A86G152T159A",204,0.0913160250671441,4
"IM-23-122-IOGO","8039832543","Maziba","Pf3D7_09_v3-82006-82236-1A","TTTATCATCTTTAGGCCATAACCAGAGTACAAGCAATCCAACTATAACAATTGTAATTAACATTATAAATACTGTAATACCATAAACACTACCAGAAGCGATCAGAAATGCACTAAAAATATAACCATATTCACTTGTAATAAGAGTAGCGATAAAACTAAAAATAGC","Pf3D7_09_v3-82006-82236-1A.36","95G119A126C128T137G138T",2161,0.751129648939868,5
"IM-23-122-IOGO","8039832543","Maziba","Pf3D7_09_v3-82006-82236-1A","TTTATCATCTTTAGGCCATAACCAGAGTACAAGCAATCCAACTATAACAATTGTAATTAACATTATAAATACTGTAATACCATAAACACTACCAGAAGCGATCAGAAATGCACTAAAAGTATAACAACATTCACTTAGAATAAGAGTAGCGATAAAACTAAAAATAGC","Pf3D7_09_v3-82006-82236-1A.10","95G",31,0.010775112964894,5
"IM-23-122-IOGO","8039832543","Maziba","Pf3D7_09_v3-82006-82236-1A","TTTATCATCTTTAGGCCATAACCAGAGTACAAGCAATCCAACTATAACAATTGTAATTAACATTATAAATACTGTAATACCATAAACACTACCAGAAGCGATCAGAAATGCACTAAAAGTATAACCATATTCACTTGGAATAAGAGTAGCGATAAAACTAAAAATAGC","Pf3D7_09_v3-82006-82236-1A.22","95G126C128T137G",268,0.0931525895029545,5
"IM-23-122-IOGO","8039832543","Maziba","Pf3D7_13_v3-388138-388408-1A","ATATATCTTTATTCATATGTTCTATATATTGTCTTTGTCTCTTTTCCTTTCTCATATCAGATATTATTGAATAATTTCCTTTATCACATACATATCTAGGATTATGTGATAATTCATAAGCTGCTCTTTTTAAAACTCTATTCTTTTCTTTAAAACTATTAAATTTTATATTATTGTTCATATTAGATGTGTTCCTTTTAATAATA","Pf3D7_13_v3-388138-388408-1A.1","194C",904,1,1
"IM-23-122-IOGO","8039832543","Maziba","Pf3D7_04_v3-1113397-1113639-1A","GATTCTGCATGCAGTAATGAATCTATTGAAATCATCTAAGAATAAACTTTTTTGTTTAAACCATTTATTGAACATTTCACTTAAATGTGATTCAATTTTTTTTTCTGAGCTTTCCATAATTTGATTACATCTATTCAATTTGTTTGTATAAGTTTTAGGTGTTATTATTCTTTTACGTTTTAAATCATC","Pf3D7_04_v3-1113397-1113639-1A.1","47+8N95+11N130T161G",126,0.0606060606060606,4
"IM-23-122-IOGO","8039832543","Maziba","Pf3D7_11_v3-1816152-1816378-1A","TTGGGTAGATATCGTTATAAGGGCTATAATGTATTGACTTCTCCGGGTTGGTTACATTATCATTACAACCAATATTATTAAGGTTCATATTATTTTTATCATTATTATTGTTGTTTTCATTTGTGTGGTTATATAATAATAATGATGTGTCGTCTATTGGATCATT","Pf3D7_11_v3-1816152-1816378-1A.80","86C90T140T",27,0.00753348214285714,3
"IM-23-122-IOGO","8039832543","Maziba","Pf3D7_13_v3-2780346-2780575-1B","GTTGGATAGAATGCCCGACTACGGATCGGGAGGTCGTGGGTTCGACTCCTGCCCGGCCTAATTTTTTTCGTTTTCGTTTTTAAAGTAAAAAAGGATAATATTTTTAAAAAACATTTAGTATATATATTTTTTTTAAATAATAAATCTATTATATTATTAAATATTATGAGAAGA","Pf3D7_13_v3-2780346-2780575-1B.1","61+9N86+8N105+8N126+10N",710,0.781938325991189,2
"IM-23-122-IOGO","8039832543","Maziba","Pf3D7_13_v3-2814583-2814832-2","TCAGTCTTCTAATTCTAGCGATAATGATCCTGCAGTAGTAAGTGGTAGAGAATCTAAAGATGTAAATCTTCATACTTCTGAAAGGATTAAAGAAAATGAAGAAGGTGTGATTAAAACAGATGATAGTTCAAAAAGTATTGAAATTTCTAAAATACCATCTGACCAAAATAATCATAGTGATTTATCACAG","Pf3D7_13_v3-2814583-2814832-2.1","124T",2991,1,1
"IM-23-122-IOGO","8039832543","Maziba","Pf3D7_11_v3-1295103-1295335-1A","ACTACTGCTTTGTCCCATCCCATCGAAGTTGAAAACAATTTTCCATGTTCATTATATAAAAATGAAATAATGAAAGAAATCGAAAGAGAATCAAAACGAATTAAATTAAATGATAATGATGATGAAGGGAATAAAAAAATTATAGCTCCAAGAATTTTTATTTCAGATGATATA","Pf3D7_11_v3-1295103-1295335-1A.9","61A132+9N173T",3,0.00102040816326531,5
"IM-23-122-IOGO","8039832543","Maziba","Pf3D7_11_v3-1006693-1006917-1A","GTGGGGGAGAGAATTTTACCTTGATACGCTCCCATGTTTTATCCTTTATACAATACATATAAGTGTCATTGGTAATATATGACCCTCTTTTACCTCCGTAAAGAAATAAACAATCTTCTTTTTTTTCAGTGGAGTAAATTAAATTTAATTTTGCAAAATAGCGTGG","Pf3D7_11_v3-1006693-1006917-1A.5","27C118+10N",5,0.00159540523292916,3
"IM-23-122-IOGO","8039832543","Maziba","Pf3D7_13_v3-2814606-2814855-1B","TAGCGATAATGATCCTGCAGTAGTAAGTGGTAGAGAATCTAAAGATGTAAATCTTCATACTTCTGAAAGGATTAAAGAAAATGAAGAAGGTGTGATTAAAACAGATGATAGTTCAAAAAGTATTGAAATTTCTAAAATACCATCTGACCAAAATAATCATAGTGATTTATCACAGAATGCAAATGAGGACTCTA","Pf3D7_13_v3-2814606-2814855-1B.1","109T",1548,1,1
"IM-23-122-IOGO","8039832543","Maziba","Pf3D7_11_v3-1374917-1375148-1A","TTTTTAAATGAAAATCTCCAAAGCTTCTGGTTGGTTGTAATCTACCTTTAACATAACAATTATCATAATGATGTGATAAGAGATGAAAAGGTGTTTTACATAATTCATATGTATTATTATTATTAACAGTTTTATAATCTCGAGTACATATTTTACATACTAATATA","Pf3D7_11_v3-1374917-1375148-1A.1","112+14N",164,0.0842754367934224,4
"IM-23-122-IOGO","8039832543","Maziba","Pf3D7_11_v3-1374917-1375148-1A","TTTTTAAATGAAAATCTCCAAAGCTTCTGGTTGGTTGTAATCTACCTTTAACATAACAATTATCATAATGATGTGATAAGAGATGAAAAGGTGTTTTACATAATTCATATTTATTATTATTATTAACAGTTTTATAATCTCGAGTACATATTTTACATACTAATATA","Pf3D7_11_v3-1374917-1375148-1A.2","111T112+14N",1335,0.686022610483042,4
"IM-23-122-IOGO","8039832543","Maziba","Pf3D7_11_v3-1374917-1375148-1A","TTTTTAAATGAAAATCTCCAAAGCTTCTGGTTGGTTGTAATCTACCTTTAACATAACAATTATCATAATGATGTGATAAGAGATGAAAAGGTGTTTTACATAATTCATATCTATTATTATTATTAACAGTTTTATAATCTCGAGTACATATTTTACATACTAATATA","Pf3D7_11_v3-1374917-1375148-1A.3","111C112+14N",144,0.0739979445015416,4
"IM-23-122-IOGO","8039832543","Maziba","Pf3D7_13_v3-2840462-2840736-1B","AATAAACACATATGTTTATTAATAAAATTGTTAGTTATTTTTATGTATACATAATAAATTAAAGATACTAAAACAATATTTTTAAATGTAAATAAATGAATAATGATATTATTTATATGATTCATCATTCTATATTTACATGGAAGATTAAAAAATTATATATATATATATATATGGTAATTTCTGTGTTTATGTTTTTATTTTTATAATA","Pf3D7_13_v3-2840462-2840736-1B.5","149+23N",30,0.638297872340426,3
"IM-23-122-IOGO","8039832543","Maziba","Pf3D7_13_v3-2840462-2840736-1B","AATAAACACATATGTTTATTAATAAAATTGTTAGTTATTTTTATGTATACATAATAAATTAAAGATACTAAAACAATATTTTTAAATGTAAATAAATGAATAATGATATTATTTATATGATTCATCATTCTATATTTACATGGAAGATTAAAAAATTATATATATATATATATGGTAATTTCTGTGTTTATGTTTTTATTTTTATAATA","Pf3D7_13_v3-2840462-2840736-1B.4","149+23N",5,0.106382978723404,3
"IM-23-122-IOGO","8039832543","Maziba","Pf3D7_13_v3-1725464-1725719-1B","ATCATAGTTATTACCACCAAAAACGTATAAGAAATTATTCAATACAGCACTTCCAAAATAAGCTTTTTTGGTAGACATAGGTGTACACATACGCCAGCATTGTTGACTAATATCTAATAATTCCATCGAATTTAAATATTCTACACCATCAAATCCACCTATACAAAATACTAATGGGAATAGTAAAAATTTAATACCA","Pf3D7_13_v3-1725464-1725719-1B.8","63+8N182A",608,0.743276283618582,2
"IM-23-122-IOGO","8039832543","Maziba","Pf3D7_13_v3-1725464-1725719-1B","ATCATAGTTATTACCACCAAAAACGTATAAGAAATTATTCAATACAGCACTTCCAAAATAAGCTTTTTTGGTAGACATAGGTGTACACATACGCCAGCATTGTTGACTAATATCTAATAATTCCATCGAATTTAAATATTCTACACCATCAAATCCACCTATACAAAATACTAATGGGAATGGTAAAAATTTAATACCA","Pf3D7_13_v3-1725464-1725719-1B.1","63+8N",210,0.256723716381418,2
"IM-23-122-IOGO","8039832543","Maziba","Pf3D7_13_v3-1725887-1726123-2","AAATAGCTCCACCAACATTAATATCAATCATAGTTTCAGTAGCAATATTTGCATCAACAATTTTTTTTTTATCATTCTCAAAATTTTTATATTCTTGATAATATTTTTCTTTTTCTAAATATAATACTAATTTAATTTTATCGATTTCTTGTAAAAATCTTAATCTTTCTTCATCAA","Pf3D7_13_v3-1725887-1726123-2.1","60+12N",1819,1,1
"IM-23-122-IOGO","8039832543","Maziba","Pf3D7_11_v3-1816152-1816378-1A","TTGGGTAGATATCGTTATAAGGGCTATAATGTATTGACTTCTCCGGGTTTGTTACATTATCATTACAACCAATATTATTAAGGTTCATATTATTTTTATCATTATTATTGTTGTTTTCATTTGTGTGGTTATATAATAACAATGATGTGTCGTCTATTGGATCATT","Pf3D7_11_v3-1816152-1816378-1A.4","50T86C90T",454,0.126674107142857,3
"IM-23-122-IOGO","8039832543","Maziba","Pf3D7_10_v3-992596-992869-1A","GAAAATAATAAAATGCACAGTATCAATTCTGATAGAAATAAAAATGATTATATTCCATCTTCCTATTTACATACAATATATAAAACATTTAGCGAACATATAAACCGAGATAATGGAAATATTTATGATGATGAAAAAAAAAATTTATATGATGGAACTGTTTTTTATATAGAAACATTAAACGAATTAAGAATTATAAATATATTATTTTCA","Pf3D7_10_v3-992596-992869-1A.1","133+12N160+8N",194,1,1
"IM-23-122-IOGO","8039832543","Maziba","Pf3D7_11_v3-1006693-1006917-1A","GTGGGGGAGAGAATTTTACCTTGATACGCTCCCATGTTTTATCCTTTATACAATACACATAAGTGTCATTGGTAATATATGACCCTCTTTTACCTCCGTAAAGAAATAAACAATCTTCTTTTTTTTCAGTGGAGTAAATTAAATTTAATTTTGCAAAATAGCGTGG","Pf3D7_11_v3-1006693-1006917-1A.3","27C58C118+10N",19,0.00606253988513082,3
"IM-23-122-IOGO","8039832543","Maziba","Pf3D7_08_v3-1056678-1056903-1A","GTGTTAACGATAATTATAATGCAATAAGCACAACTAATTTTTCAGATGACATGGATGAATTGATAAAGAATCTTTCTATTATGGGTTTGTGTAAAGAGAAAATAGTGTTAACAGAAAAGGCAACACTATTTAATAACATTGAATTGTTGTATTCATATTATCTTATAGTTCAGA","Pf3D7_08_v3-1056678-1056903-1A.1",".",4423,0.803889494729189,4
"IM-23-122-IOGO","8039832543","Maziba","Pf3D7_11_v3-1950431-1950680-2","AGATATATTTCAAGGAAAGGATATGTGGAATGATGGGAAATATGGTGAAGCGAAAAATCATATTAAGAATGCTTTTGGTGATATGAACAATAGAAAAACTATGTTAAATGAAATTGAGAAAGGAATTAAAGATGAAACGTTTAGTCGTGAAAATGGTTTAGACGTTTGTAAATCTCAATGTGAGGAAAG","Pf3D7_11_v3-1950431-1950680-2.2",".",377,0.147323173114498,2
"IM-23-122-IOGO","8039832543","Maziba","Pf3D7_11_v3-1950431-1950680-2","AGATATATTTCAAGGAAAGGATATGTGGAATGATGGGAAATATGGTGAAGCGAAAAATCATATTAAGAATGCTTTTGGTGATATGAACAATAGAAAAGCTATGTTAAATGAAATTGAGAAAGGAATTAAAGATGAAACGTTTAGTCGTGAAAATGGTTTAGACGTTTGTAAATCTCAATGTGAGGAAAG","Pf3D7_11_v3-1950431-1950680-2.1","98G",2182,0.852676826885502,2
"IM-23-122-IOGO","8039832543","Maziba","Pf3D7_13_v3-1725124-1725365-2","TGGAAATTGTTCCCATTTATTCATTTTTTCTTCATATACTTCAATAGAATTTAATCTCTCACCATTAGTTCCACCAATGACATAAATTTTATTATCAAAAGCAACACACATAGCTGATGATCTAGGGGTATTCAAAGGTGCCACCTCTACCCATGCTTTCATACGATGATCATATGCTTCTAC","Pf3D7_13_v3-1725124-1725365-2.1","23+8N",4311,1,1
"IM-23-122-IOGO","8039832543","Maziba","Pf3D7_13_v3-1725208-1725471-1B","CATAAATTTTATTATCAAAAGCAACACACATAGCTGATGATCTAGGGGTATTCAAAGGTGCCACCTCTACCCATGCTTTCATACGATGATCATATGCTTCTACATTCGGTATAATAGAAGAGCCATCATATCCCCCAATACAATAAATTCTACCATTTGACGTAACACCACAATTATTTCTTCTAGGTATATTTAAATTACTTGAAAC","Pf3D7_13_v3-1725208-1725471-1B.1",".",772,1,1
"IM-23-122-IOGO","8039832543","Maziba","Pf3D7_13_v3-1725379-1725652-2","ATTATTTCTTCTAGGTATATTTAAATTACTTGAAACATACCATACATCTCTTAAACGATCATACACCTCAGTTTCAAATAAAGCCTTATAATCATAGTTATTACCACCAAAAACGTATAAGAAATTATTCAATACAGCACTTCCAAAATAAGCTTTTTTGGTAGACATAGGTGTACACATACGCCAGCATTGTTGACTAATATCTAATAATTCCA","Pf3D7_13_v3-1725379-1725652-2.1","153+8N",727,0.961640211640212,2
"IM-23-122-IOGO","8039832543","Maziba","Pf3D7_13_v3-1725379-1725652-2","ATTATTTCTTCTAGGTATATTTAAATTACTTGAAACATACCATACATCTCTTAAACGATCATACACCTCAGTTTCAAATAAAGCCTTATAATCATAGTTATTACCACCAAAAACGTATAAGAAATTATTCAATACAGCACTTCCAAAATAAGCTTTTTTGGTAGACATAGGTGTACACATACGCCAGTATTGTTGACTAATATCTAATAATTCCA","Pf3D7_13_v3-1725379-1725652-2.2","153+8N188T",29,0.0383597883597884,2
"IM-23-122-IOGO","8039832543","Maziba","Pf3D7_11_v3-1294664-1294910-1A","AAAAGATGAATCATTTCAAAACTATACATATTTAAGTAAAAATGTAGTTCATAACTGGGAAAAAGTTTGCCCTAGAAAGAATTTACAGAATGCAAAATTCGGATTATGGGTCGATGGAAATTGTGAAGATATACCACATGTAAATGAATTTTCAGCAAATGATCTTTTTGAATGTAATAAATTAGTTTTTGAATTG","Pf3D7_11_v3-1294664-1294910-1A.20","8G9A40A50C152T159A",99,0.0443151298119964,4
"IM-23-122-IOGO","8039832543","Maziba","Pf3D7_11_v3-1375807-1376056-1A","TCGTTATGTACCCTAATAAATTTTTTTTCATTATTTGAATCTATATTATTTACATTAGTATTTTGAGTTGTACCATAAATTTCAGTGTTATTATTATTTCTATTCATATAATTATGTCCGCTTATATAATTATGACCATTAAAAAAATGTCTTCCATGTATATCATCTCTTCTAATGTATTTA","Pf3D7_11_v3-1375807-1376056-1A.2","20+10N140+9N",37,0.0719844357976654,2
"IM-23-122-IOGO","8039832543","Maziba","Pf3D7_01_v3-145388-145662-1A","GATATGTTTAAATATATGATTCTCGAAAAAACTTTTTTTATTTTTTTTGTCAATAGATAAATGATCAATATTTTCTATATTTAATCTATCAAGAATTTTTATATATCTATTATTTCTTTCTTCGATGGATAAATTATAAGAATCAATATCCTTTCTTTCATCAACAAACTTTTTTATTGTTAACTCCATTTTTTTATTTAAGATACCA","Pf3D7_01_v3-145388-145662-1A.4","25+25N94A169+8N188+9N",7,0.0191256830601093,3
"IM-23-122-IOGO","8039832543","Maziba","Pf3D7_11_v3-115913-116184-1A","ACCTCCAGATGTTATAAATATTATATTATCATCATCATTTGGAAGGAAATTCTCCTCTAATGTTTTTAATATTTCATCTATATTTTTAGGTCTCAATTTACTATTGAAAAATTTTGAATACTTCAAAAAATAATCATCATCTTTTACATTACATATATTATCATTATTTTCATTTTGTTTTAGTAGTTCATCTTTTTTATTATC","Pf3D7_11_v3-115913-116184-1A.1","7A124+8N197T",380,0.913461538461538,3
"IM-23-122-IOGO","8039832543","Maziba","Pf3D7_08_v3-102277-102527-1A","TACCTTCATCTATTGAATTAATTTTCTCAAGTAACATATTTTTGTCTTGACTACTTTCATCTGTAAATGGAACGACTACTCTTTGCTTACCTGCAAAAAGGACAACTGACATATGAGCCTTATCCTTACTTACATTCGAATTAAAGACCATAGATTCTAAAAATGGTATAGTTCCTTTTAACCAATAATC","Pf3D7_08_v3-102277-102527-1A.4",".",1844,0.913323427439326,3
"IM-23-122-IOGO","8039832543","Maziba","Pf3D7_08_v3-1056678-1056903-1A","GTGTTAACGATAATTATAATGCAATAAGCACAACTAATTTTTCAGATGACATGGATGAATTGATAAAGAATCTTTCTATTATGGGTTTGTGTAAAGAGAAAATAGTGTTAACAGAAAAGGCAACAATATTTAATAACATTGAATTGTTGTATTCATATTATCTTATAGTTCAGA","Pf3D7_08_v3-1056678-1056903-1A.2","126A",1064,0.193384223918575,4
"IM-23-122-IOGO","8039832543","Maziba","Pf3D7_13_v3-2114242-2114482-1A","CTTCCATTAACTCAATATATAATTTATTAATAATTTTTAATTTGTTTATTTCAAAAAGGCATAGTTGTAACAAGGTTCTTAAGGTTCTATTACCCCCTAAGAGGTTAAAATGAATATTTCCTTTTTCTCGTATATGCAAAAAATCCCTTAACAATAAATCATATTCATCAGTATGAAATGT","Pf3D7_13_v3-2114242-2114482-1A.1","67G76T137+8N",1310,0.933713471133286,3
"IM-23-122-IOGO","8039832543","Maziba","Pf3D7_08_v3-1056678-1056903-1A","GTGTTAAGGATAATTATAATGCAATAAGCACAACTAATTTTTCAGATGACATGGATGAATTGATAAAGAATCTTTCTATTATGGGTTTGTGTAAAGAGAAAATAGTGTTAACAGAAAAGGCAACAATATTTAATAACATTGAATTGTTGTATTCATATTATCTTATAGTTCAGA","Pf3D7_08_v3-1056678-1056903-1A.4","8G126A",14,0.00254452926208651,4
"IM-23-122-IOGO","8039832543","Maziba","Pf3D7_07_v3-105172-105442-1A","GACTACTAACAGAGTGACTACCTACGCTATGTTGAGATGAATTGCTTCCATTTGAATTACTTCCAGATAGGTGATTTTCTGTACTTCCATCTGAATTGTTTTTATATAATTGACTTTCCTTTTGTCCATCTAAATTATGCACTGCACTATGAGTTCCTTCACCCAAATTATTACTGTTTGTTGTATCATCATTTAAATCAAATCCATTTCTT","Pf3D7_07_v3-105172-105442-1A.2","44G52T",88,0.137715179968701,3
"IM-23-122-IOGO","8039832543","Maziba","Pf3D7_13_v3-2114829-2115090-1A","ATTCAATATATATAAAAATATAGCTAATAAACATTTCAAATCTCCATTAAGAACTTTATTCATCTTAACAAAAGCTCTATGAACTTCTGTATCTATAGTCGATTTTGTTATTCTAAGCATATCATTAAGTAAAAAATTTACGGTATCGACATTAACAGTGTAATAATTTCTTCCTAAATTTAAATGTTCTATATAATTCAA","Pf3D7_13_v3-2114829-2115090-1A.5","130+8N",37,0.0389473684210526,2
"IM-23-122-IOGO","8039832543","Maziba","Pf3D7_13_v3-1350855-1351093-1A","TCTTTTATATTAGTTGTTTCGTTATTTTCATTATGTTCCATATTTTGGTTATTTGTATATTTTATATTTTTTAAAAATTGGTAAATATATTCAGAGATGAAAGGTGTAAAAGGGGCCATAATTATTGTAAACAAATATAATGTTCTACATAAAACATTTAATGATTGGTGAGT","Pf3D7_13_v3-1350855-1351093-1A.2","66+8N93A",88,0.0430528375733855,2
"IM-23-122-IOGO","8039832543","Maziba","Pf3D7_11_v3-1294664-1294910-1A","AAAAGATAAATTATTTCAAAACTATACATATTTAAGTAAAAATGTAGTTGATAACTGGGAAAAAGTTTGCCCTAGAAAGAATTTAAAGAATGCAAAATTCGGATTATGGGTCGATGGAAATTGTGAAGATATACCACATGTAAATGAATTTCCAGCAATTGATCTTTTTGAATGTAATAAATTAGTTTTTGAATTG","Pf3D7_11_v3-1294664-1294910-1A.74","9A12T40A86A",211,0.094449418084154,4
"IM-23-122-IOGO","8039832543","Maziba","Pf3D7_11_v3-1294664-1294910-1A","AAAAGATAAATTATTTGAAAACTATACATATTTAAGTAAAAATGTAGTTGATAACTGGGAAAAAGTTTGCCCTAGAAAGAATTTAGAGAATGCAAAATTCGGATTATGGGTCGATGGAAATTGTGAAGATATACCACATGTAAATGAATTTTCAGCAAATGATCTTTTTGAATGTAATAAATTAGTTTTTGAATTG","Pf3D7_11_v3-1294664-1294910-1A.13","9A12T17G40A86G152T159A",1720,0.769919427036705,4
"IM-23-122-IOGO","8039832543","Maziba","Pf3D7_11_v3-1375807-1376056-1A","TCGTTATGTACCCTAATAAATTTTTTTTCATTATTTGAATCTATATTATTTACATTAGTATTTTGAGTTGTACCATAAATTTCAGTGTTATTATTATTTCTATTCATATAATTATGTCCGCTTATATAATTATGACCATTAAAAAAACGTCTTCCATGTATATCATCTCTTCTAATGTATTTA","Pf3D7_11_v3-1375807-1376056-1A.1","20+10N140+9N",477,0.928015564202335,2
"IM-23-122-IOGO","8039832543","Maziba","Pf3D7_11_v3-1127074-1127316-1A","AACATTTTAATAGTCCTAATTTCGAAAATATGATGAAAGGAATTTTTGGAATTATTCAAAATCCTTTTGAAAATGGCCAACCCACTTTCCCATTCTTTAAAAATATTAATTCGATCTCTGGAATCGGTAATGTTGATATCCCCAAAAATTTTATGAATGATTTTTTGAATAATGGAAATGATCAAAACA","Pf3D7_11_v3-1127074-1127316-1A.5","42A160+8N",5,0.00227479526842584,3
"IM-23-122-IOGO","8039832543","Maziba","Pf3D7_11_v3-1127074-1127316-1A","AACATTTTAATAGTCCTAATTTCGAAAATATGATGAAAGGAGTTTTTGGAATTATTCAAAATCCTTTTGAAAATGGCCAACCCACTTTCCCATTCTTTAAAAATATTAATTCGATCTCTGGAATCGGTAATGTTGATATCCCCAAAAATTTTATGAATGATTTTTTGAATAATGGAAATGATCAAAACA","Pf3D7_11_v3-1127074-1127316-1A.2","160+8N",433,0.196997270245678,3
"IM-23-122-IOGO","8039832543","Maziba","Pf3D7_11_v3-1816152-1816378-1A","TTGGGTAGATATCGTTATAAGGGCTATAATGTATTGACTTCTCCGGGTTGGTTACATTATCATTACAACCAATATTATTAAGGTTAATATTATTTTTATCATTATTATTGTTGTTTTCATTTGTGTGGTTATATAATAACAATGATGTGTCGTCTATTGGATCATT","Pf3D7_11_v3-1816152-1816378-1A.2","90T",3103,0.865792410714286,3
"IM-23-122-IOGO","8039832543","Maziba","Pf3D7_11_v3-115913-116184-1A","ACCTCCAGATGTTATAAATATTATATTATCATCATCATTTGGAAGGAAATTCTCCTCTAATGTTTTTAATATTTCATCTATATTTTTAGGTCTCAATTTACTATTGAAAAATTTTGAATACTTCAAAAAATAATCATCATCTTTTACATTACATATATTATCATTATTTTCATTTTGTTTTAGTAGTTCATCTTTTATATTATC","Pf3D7_11_v3-115913-116184-1A.4","7A124+8N",34,0.0817307692307692,3
"IM-23-122-IOGO","8039832543","Maziba","Pf3D7_11_v3-115913-116184-1A","ACCTCCCGATGTTATAAATATTATATTATCATCATCATTTGGAAGGAAATTCTCCTCTAATGTTTTTAATATTTCATCTATATTTTTAGGTCTCAATTTACTATTGAAAAATTTTGAATACTTCAAAAAATAATCATCATCTTTTACATTACATATATTATCATTATTTTCATTTTGTTTTAGTAGTTCATCTTTTATATTATC","Pf3D7_11_v3-115913-116184-1A.3","124+8N",2,0.00480769230769231,3
"IM-23-122-IOGO","8039832543","Maziba","Pf3D7_11_v3-1295371-1295597-1A","AAGTAACATCAAATAATGAAGTTGTAGTTAAAGAAGAATATAAAGATGAATATGCAGATATTCCTGAACATAAACCAACTTATGATAAAATGAAAATTATAATTGCATCATCAGCTGCTGTCGCTGTATTAGCAACTATTTTAATGGTTTATCTTTATAAAAGAA","Pf3D7_11_v3-1295371-1295597-1A.1",".",4195,1,1
"IM-23-122-IOGO","8039832543","Maziba","Pf3D7_09_v3-685560-685825-1A","GAACCAAACAACGACAAAGGAACAAGATAATTTTTTCAATTTTTATAAAAGTAATATATATGATATGGAAAATAGAACCTGTAATAATAATATATTACAATATTGTGTTATGAATAATAAATCATATTTATTTCATAATATATCATCCAAAAAAAATATATATATAAAAAAAAAGAATCATCAGTTTTCTTTATTCATATATT","Pf3D7_09_v3-685560-685825-1A.4","30+8N38A148+10N165+11N",29,0.725,3
"IM-23-122-IOGO","8039832543","Maziba","Pf3D7_11_v3-1006693-1006917-1A","GTGGGGGAGAGAATTTTACCTTGATATGCTCCCATGTTTTATCCTTTATACAATACATATAAGTGTCATTGGTAATATATGACCCTCTTTTACCTCCGTAAAGAAATAAACAATCTTCTTTTTTTTCAGTGGAGTAAATTAAATTTAATTTTGCAAAATAGCGTGG","Pf3D7_11_v3-1006693-1006917-1A.1","118+10N",3110,0.99234205488194,3
"IM-23-122-IOGO","8039832543","Maziba","Pf3D7_11_v3-1295103-1295335-1A","ACTACTGCTTTGTCCCATCCCATCGAAGTTGAAAACAATTTTCCATGTTCATTATATAAAGATGAAATAATGAAAGAAATCGAAAGAGAATCAAAACGAATTAAATTAAATGATAATGATGATGAAGGGAATAAAAAAATTATAGCTCCAAGAATTTTTATTTCAGATGATATA","Pf3D7_11_v3-1295103-1295335-1A.11","132+9N173T",27,0.00918367346938776,5
"IM-23-122-IOGO","8039832543","Maziba","Pf3D7_09_v3-685560-685825-1A","GAACCAAACAACGACAAAGGAACAAGATAATTTTTTCCATTTTTATAAAAGTAATATATATGATATGGAAAATAGAACCTGTAATAATAATATATTACAATATTGTGTTATGAATAATAAATCATATTTATTTCATAATATATCATCCAAAAAAAATATATATATAAAAAAAAAGAATCATCAGTTTTCTTTATTCATATATT","Pf3D7_09_v3-685560-685825-1A.2","30+8N148+10N165+11N",6,0.15,3
"IM-23-122-IOGO","8039832543","Maziba","Pf3D7_11_v3-1018781-1019053-1A","TTTTTGATTCATATCATTATCATAATTATATATATATTGATCTCTGTCTATATGGGGAGCAAAAAAATATAAAGGATGTTGTGTTAAGGCTAATAATAATTCTGTAGCTATACTACTACTTATGTTACTTATACCACATCTAGTGACTGTACATTTTTCATCTAATGTTCTATAGGATAAAGAATCTGAAGGACAATGCATATCAT","Pf3D7_11_v3-1018781-1019053-1A.2","60+9N",73,0.243333333333333,3
"IM-23-122-IOGO","8039832543","Maziba","Pf3D7_11_v3-1018781-1019053-1A","TTTTTGATTCATATCATTATCATAATTATATATATATTGATCTCTGTCTATATGGGGAGCAAAAAAATATAAAGGATGTTGTGTTAAGGCTAATAATAATTCTGTAGCTATACTACTACTTATGTTACTTATACCACATCTAGTGACTGTGCATTTTTCATCTAATGTTCTATAGGATAAAGAATCTGAAGGACAATGCATATCAT","Pf3D7_11_v3-1018781-1019053-1A.4","60+9N151G",1,0.00333333333333333,3
"IM-23-122-IOGO","8039832543","Maziba","Pf3D7_11_v3-1019050-1019319-1A","TCAAAACTTATTGCTACCGTAATACCTAAAGGAGGCATTTTACATAATCTTTTTACACTCGTAAGAATATTATTATAAAAGATTTCTTGATATCTATCATACATATGAATATTATTTAGAGATTTATATATATTATTATTTTGTTCATATAATAATATATTATTTAAAGACTTATCCATAATTTTTGTACATTTTATATTTTCTATA","Pf3D7_11_v3-1019050-1019319-1A.1",".",422,1,1
"IM-23-122-IOGO","8039832543","Maziba","Pf3D7_13_v3-1724895-1725166-1B","CGCCATTTTCTCCTCCTGTAATTATATAAGAATCTGACAATGTGGCAGCTCCAAAATTCATTTTTTTCTCTGGTACACCATTTAGAAATTGCCATCTTTTATTAAATGGTTGATATTGTTCAACGGAATCTAATATGTTATGTTCATTATCAATACCTCCAACAACATATATTTGATTAAGGTAATTAAAAGCTGCTCCTGAACTTCTAG","Pf3D7_13_v3-1724895-1725166-1B.1","60+9N",388,1,1
"IM-23-122-IOGO","8039832543","Maziba","Pf3D7_11_v3-1018781-1019053-1A","TTTTTGATTCATATCATTATCATAATTATATATATATTGATCTCTGTCTATATGGGGAGCAAAAAAATATAAAGGATGTTGTGTCAAGGCTAATAATAATTCTGTAGCTATACTACTACTTATGTTACTTATACCACATCTAGTGACTGTGCATTTTTCATCTAATGTTCTATAGGATAAAGAATCTGAAGGACAATGCATATCAT","Pf3D7_11_v3-1018781-1019053-1A.1","60+9N85C151G",226,0.753333333333333,3
"IM-23-122-IOGO","8039832543","Maziba","Pf3D7_11_v3-1127074-1127316-1A","AACATTTTAATATTCCTAATTTCGAAAATATGATGAAAGGAGTTTTTGGAATTATTCAAAATCCTTTTGAAAATGGCCAACCCACTTTCCCATTCTTTAAAAATATTAATTCGATCTCTGGAATCGGTAATGTTGATATCCCCAAAAATTTTATGAATGATTTTTTGAATAATGGAAATGATCAAAACA","Pf3D7_11_v3-1127074-1127316-1A.1","13T160+8N",1760,0.800727934485896,3
"IM-23-122-IOGO","8039832543","Maziba","Pf3D7_09_v3-685560-685825-1A","GAACCAAACAACGACAAAGGAACAAGATAATTTTTTCCATTTTTATAAAAGTAATATATATGATATGGAAAATAGAACATGTAATAATAATATATTACAATATTGTGTTATGAATAATAAATCATATTTATTTCATAATATATCATCCAAAAAAAATATATATATAAAAAAAAAGAATCATCAGTTTTCTTTATTCATATATT","Pf3D7_09_v3-685560-685825-1A.1","30+8N79A148+10N165+11N",5,0.125,3
"IM-23-122-IOGO","8039832543","Maziba","Pf3D7_11_v3-1293919-1294168-1A","TCCATATCAAAATAGTGATGTGTATCGTCCAATCAACGAACATAGGGAACATCCAAAAGAATACGAATATCCATTACACCAGGAACATACATACCAACAAGAAGATTCAGGAGAAGACGAAAATACATTACAACACGCATATCCAATAGACCACGAAGGTGCCGAACCCGCACCACAAGAACAAAATTTAT","Pf3D7_11_v3-1293919-1294168-1A.1",".",251,0.201444622792937,4
"IM-23-122-IOGO","8039832543","Maziba","Pf3D7_13_v3-2114829-2115090-1A","ATTCAATATATATAAAAATATAGCTAATAAACATTTCAAATCTCCATTAAGAACTTTATTCATCTTAACAAAAGCTCTATGAACTTCTGTATCTATAGTCGATTTTGTTATTCTAAGCATATCATTAAGTAAAAAATTTACGGTATCGACATTAACAGTGTAATAATTTCTTCCTAAATTTAAATGTTCTAAATAATTCAA","Pf3D7_13_v3-2114829-2115090-1A.1","130+8N192A",913,0.961052631578947,2
"IM-23-122-IOGO","8039832543","Maziba","Pf3D7_11_v3-1293919-1294168-1A","TCCATATCAAAATAGTAATGTGTATCATCCAATCAACGAACATAGGGAACATCCAAAAAAATACGAATATCCATTACACCAGGAACATACATACCAACAAGAAGATTCAGGAGAAGACGAAAATACATTACAACACGCATATCCAATAGACCACGAAGGTGCCGAACCCGCACCACAAGAACAAAATTTAT","Pf3D7_11_v3-1293919-1294168-1A.12","17A27A59A",908,0.728731942215088,4
"IM-23-122-IOGO","8039832543","Maziba","Pf3D7_13_v3-1350855-1351093-1A","TCTTTTATATTAGTTGTTTCGTTATTTTCATTATGTTCCATATTTTGGTTATTTGTATATTTTATATTTTTTAAAAATTGGTAAATATATTCCGAGATGAAAGGTGTAAAAGGGGCCATAATTATTGTAAACAAATATAATGTTCTACATAAAACATTTAATGATTGGTGAGT","Pf3D7_13_v3-1350855-1351093-1A.1","66+8N",1956,0.956947162426614,2
"IM-23-122-IOGO","8039832543","Maziba","Pf3D7_13_v3-2114242-2114482-1A","CTTCCATTAACTCAATATATAATTTATTAATAATTTTTAATTTGTTTATTTCAAAAAGGCATAGTTTTAACAAGGTTCTTAAGGTTCTATTACCCCCTAAGAGGTTAAAATGAATATTTCCTTTTTCTCGTATATGCAAAAAATCCCTTAACAATAAATCATATTCATCAGTATGAAATGT","Pf3D7_13_v3-2114242-2114482-1A.11","76T137+8N",43,0.0306486101211689,3
"IM-23-122-IOGO","8039832543","Maziba","Pf3D7_11_v3-1293919-1294168-1A","TCCATATCAAAATAGTAATGTGTATCATCCAATCAACGAACATAGGGAACATCCAAAAGAATACGAATATCCATTACACCAGGAACATACATACCAACAAGAAGATTCAGGAGAAGACGAAAATACATTACAACACGCATATCCAATAGACCACGAAGGTGCCGAACCCGCACCACAAGAACAAAATTTAT","Pf3D7_11_v3-1293919-1294168-1A.6","17A27A",69,0.0553772070626003,4
"IM-23-122-IOGO","8039832543","Maziba","Pf3D7_11_v3-1293919-1294168-1A","ACCATATCAAAATAGTGATGTGTATCATCCAATCAACGAACATAGGGAACATTCAAAAGAATACGAATATCCATTACACCAGGAACATACATACCAACAAGAAGATTCAGGAGAAGACGAAAATACATTACAACACGCATATCCAATAGACCACGAAGGTGCCGAACCCGCACCACAAGAACAAAATTTAT","Pf3D7_11_v3-1293919-1294168-1A.7","1A27A53T",18,0.014446227929374,4
"IM-23-122-IOGO","8039832543","Maziba","Pf3D7_11_v3-1376058-1376305-1A","TTTCTGGCTCGATATAATCCATTTCAATATTTATATTAGATATGAAACATCTATCTTCAATAGGTGAATTTGCTGCAAATTGAGCCATAGAAAAATGATTCTCATTCCTTTGAAAATATGAACTATTCAACTCATCAAGGTTTTCATATGTTATTTCATAACTGCCATCATCTGAATCCTCTTCATCA","Pf3D7_11_v3-1376058-1376305-1A.1","140G",1323,1,1
"IM-23-122-IOGO","8039832543","Maziba","Pf3D7_11_v3-119432-119705-1A","CTCCTTTATATTCATCAAGAAATTTCATCCAAGAGTAATTATGTTTTTCTTGTTGATATTTTGCTTTATACAAACGAGCAAGATACTTTTTATACGATTCATGCTCTTTAATTTTCTTTTCAAAAGTTTTGGTTATAATGTGTTCAAGTGATTGTAAAGTATTTTTCTTTAATTTTCTCCATATTAATCTACATGCGATTATAAGAA","Pf3D7_11_v3-119432-119705-1A.1",".",161,0.202770780856423,3
"IM-23-122-IOGO","8039832543","Maziba","Pf3D7_13_v3-2114242-2114482-1A","CTTCCATTAACTCAATATATAATTTATTAATAATTTTTAATTTGTTTATTTCAAAAAGGCATAGTTTTAACAAGGTTCTTAAGTTTCTATTACCCCCTAAGAGGTTAAAATGAATATTTCCTTTTTCTCGTATATGCAAAAAATCCCTTAACAATAAATCATATTCATCAGTATGAAATGT","Pf3D7_13_v3-2114242-2114482-1A.4","76T84T137+8N",50,0.0356379187455453,3
"IM-23-122-IOGO","8039832543","Maziba","Pf3D7_11_v3-119432-119705-1A","CTCCTTTATATTCATCAAGAAATTTCATCCAAGAGTAATTATGTTTTTCTTGTTGATATTTTGCTTTATACAAACGAGCAAGATACTTTTTATACGATTCATGCTCTTTAATTTTCTTTTCAAAAGTTTTGGTTATAATGTGTTGAAGTGATTGTAAAGTATTTTTCTTTAATTTTCTCCATATTAATCTACATGCGATTATAAGAA","Pf3D7_11_v3-119432-119705-1A.3","145G",1,0.00125944584382872,3
"IM-23-122-IOGO","8039832543","Maziba","Pf3D7_11_v3-119432-119705-1A","CTCCTTTATATTCATCAAGAAATTTCATCCAAAAGTAATTATGTTTTTCTTGTTGATATTTTGCTTTATACAAACGAGCAAGATACTTATTATACGATTCATGCTCTTTAATTTTCTTTTCAAAAGTTTTGGTTATAATGTGTTGAAGTGATTGTAAAGTATTTTTCTTTAATTTTCTCCATATTAATCTACATGCGATTATAAGAA","Pf3D7_11_v3-119432-119705-1A.4","33A89A145G",632,0.795969773299748,3
"IM-23-122-JVIK","8039832487","Maziba","Pf3D7_06_v3-1136091-1136364-1A","CATTATTTTTGTATCCAACGTCGTTATTATTAAAACTTATTATTTGATTAATAACTGACGAACCACATATATTTACACAATGGAATACATAACTTAAGAAAGAGTAGTAATTGCATTTTACTTTTTGCATTTTCCCTCTGGTGGAGAAATAATTATTATGCTGCTTATTACTCTTTGTATTATGATAATTTTTGGTAATCATTTTTTTT","Pf3D7_06_v3-1136091-1136364-1A.1","173C201+9N",540,0.510879848628193,2
"IM-23-122-JVIK","8039832487","Maziba","Pf3D7_09_v3-163813-164052-1A","GTAATAATAATAATAATAATGTATTTCTTTCATCAAGTGATCCAAATAAATTAAACACAACACCATCACCATTTGGTTTATCATCTATTGGAAATCTAAATACAAACAATAAATTAAATAGCTTTCCAGATTTTAGTCAAGCTAATAAAACATTTCTACAAAATGATAGCTTAT","Pf3D7_09_v3-163813-164052-1A.1","2+19N28T131T",1127,1,1
"IM-23-122-JVIK","8039832487","Maziba","Pf3D7_03_v3-891553-891827-1A","CAAGAGCTAAGAAAACATATAGAATCATCATAAGGATGTTGATAATATAAATGTGTTTTTATTTGTGTATTTATGTCAGAATATTGTTCCTTTGATTTATCTTTAAAATAATCAAGATTATTTATGTTGGTGGCTTTATTATTATTAAAATAATTTTGATTTGTTACATGATGACTAGGGGTATATTTGTATTTTACGTTTTTATTA","Pf3D7_03_v3-891553-891827-1A.8","116G",234,0.444866920152091,3
"IM-23-122-JVIK","8039832487","Maziba","Pf3D7_14_v3-377765-378020-1A","AAAGATATATCAACTGAAAAGATTTTATCAAATAATTGCTTTAATAATAAGTTAAAAAATTGATTTCCAATATCTATCATATTCATATAATCTAATGATTTAAAAATATATAATATACTCTTTGGACTAAATTTTAATTCATCATTTATTATTCTCTCTTTTACTATTGTTTTAATTTGATTAAAATATATAA","Pf3D7_14_v3-377765-378020-1A.1","21G53+8N71T154C170T",186,0.402597402597403,2
"IM-23-122-JVIK","8039832487","Maziba","Pf3D7_05_v3-1188456-1188706-1A","CGAAATTTAAATCAATAGCGGTTACGTTCATAATTTTGCCTTCAAAACTAACTTCTGTATGATATATAAATTTATTTTCCTTTACACTAAATACATATATAAAAATGGTACTTAATAATTTATCTTTATCATATTTAAATAATATTAAATCTGTTTTTACATCTGAGTTGTAATCACCGAAAT","Pf3D7_05_v3-1188456-1188706-1A.4","2G",376,0.22130665097116,2
"IM-23-122-JVIK","8039832487","Maziba","Pf3D7_04_v3-748374-748611-1B","AAACTGGGAAAGCATTCCAAAAAAATTTAAACCTTTAAGCAATAGGATAAATGTTATATTGTCTAGAACCTTAAAAAAAGAAGATTTTGATGAAGATGTTTATATCATTAACAAAGTTGAAGATCTAATAGTTTTACTTGGGAAATTAAATTACTATAAATGTTTTATTATAG","Pf3D7_04_v3-748374-748611-1B.1","3A18+9N72+9N",681,0.507451564828614,2
"IM-23-122-JVIK","8039832487","Maziba","Pf3D7_14_v3-137398-137668-1A","ACCATTCATATTTTCTAGGTTTGTTTAACCAATTACATATATATAATATATTACAAAATAATTGTTTTAATAATATATGTTTAGTTAATATTAATTCAATACTACTTAATTTATTTCTTATATTTTTTAAAAGATCTTCATAAACAAAATCAAAATTATCTATTAATAATAAATAACCAAATCTTTTATGCACATTTTTTATTC","Pf3D7_14_v3-137398-137668-1A.1","122+8N191C194+8N",95,0.620915032679739,2
"IM-23-122-JVIK","8039832487","Maziba","Pf3D7_04_v3-748585-748822-2","TTAATAAAAAAAATATATTTTACTAGAATAAATAGTACATATGAATGTGATGTATTTTTTCCAGAAATAAATGAAAATGAGTATCAAATTATTTCTGTTAGCGATGTATATACTAGTAACAATACAACATTGGATTTTATCATTTATAAGAAAACGAATAATAAAATGTT","Pf3D7_04_v3-748585-748822-2.1","5+10N54+8N",976,1,1
"IM-23-122-JVIK","8039832487","Maziba","Pf3D7_01_v3-181512-181761-1A","TTCATTATTGTTTTCATTCTTTTTTTAACGAAAACTATTCACCTCAAAAATATAAGATATTTTATATGACGAATGCCATTGTATTTTTTGTTACGTAAAACCTGACTTCTTCAAGGAAAACACATGCGCATTTTCACCAATTTTTGCCTAAGCTTATTATAAAAAGTATATTAAATGTATGAC","Pf3D7_01_v3-181512-181761-1A.5","19+9N42C83+8N",730,0.505190311418685,2
"IM-23-122-JVIK","8039832487","Maziba","Pf3D7_04_v3-900526-900759-1A","TTAACAACTTATCATCATTTATTAGATTCTTTTCATGGAACAGATTATTAACAGTATCCATAATTTTATGATCATCCGTGTTATATGTATCTATACAAGTATTTAACTTGCTTATATAATTTACATATTTCAACGGATCATGTTGAAGTATGCAATCATCGAATGAATA","Pf3D7_04_v3-900526-900759-1A.28","142G",871,0.513258691809075,2
"IM-23-122-JVIK","8039832487","Maziba","Pf3D7_09_v3-164045-164311-1A","ATCAACTGGTGTTGCAAAACCATTAGTTACCAATTTTAATTCTCCATTTAGTGCTTTTGGTAAAACAAATACCAGTGATATATTTAAAACTAATACTACTGCATCAACTACAAATGCAACTGCAACTGCAACTCCTGCTCCCTTTGGATCAGCATTTGGAGCGCAAAAGAATAATGATAGCTTGTTTGGAAATAATGCATTCAAGCTTTCG","Pf3D7_09_v3-164045-164311-1A.1",".",1160,1,1
"IM-23-122-JVIK","8039832487","Maziba","Pf3D7_05_v3-1322099-1322341-1A","TTCCAATAGAAACTATATTACGATTTTCTTCATGAGGTAAATTGACATTCATCTTATATGTATAATTAAGGATGAGTAATAAATTGTATAGAAATATTTTTATTTAATAATTTATATGTATTATTAATAATTCTGAATTTATCAATTGATATATTATTTTTTTTTTTCTTTATGCCATTC","Pf3D7_05_v3-1322099-1322341-1A.5","27T91G162T",93,0.241558441558442,3
"IM-23-122-JVIK","8039832487","Maziba","Pf3D7_08_v3-412801-413062-1A","ATGAAGAAATATACGAATATATACTTATAAACGATATTTTTAATTTAAAAAAAGAAATAAAAAATTTCAATATATTAAATAAATATGATGTATTTGAATATATTATTATTATTTTAAAATTGTATGATAAAATATATCCTGATGCAAAGTACATCGAATGTGTACGAGAAACATCACAGAATGGTGACCTTTTA","Pf3D7_08_v3-412801-413062-1A.1","46+9N58+8N101+13N188C190T",58,0.260089686098655,2
"IM-23-122-JVIK","8039832487","Maziba","Pf3D7_14_v3-3214249-3214516-1A","TAAATAAAAAAGGATTAGATGATTTAATAAAAGATTTGTTAAAATATTTTCCAAAGAATTCAATTAGCGATCGTTTTGAATTGTTAGAATTTAAAATGACGGAGGATTGTTATACAAAAATGTGGTTTGATTTTATGAATGATTTTGGAATAGCTACAATGAATGAAACCGAACATACTAGATCTTTTTATGGCTTAATCGAA","Pf3D7_14_v3-3214249-3214516-1A.7","5+8N139A194C",1234,0.76125848241826,2
"IM-23-122-JVIK","8039832487","Maziba","Pf3D7_06_v3-1136091-1136364-1A","CATTATTTTTGTATCCAACGTCGTTATTATTAAAACTTATTATTTGATTAATAACTGACGAACCACATATATTTACACAATGGAATACATAACTTAAGAAAGAGTAGTAATTGCATTTTACTTTTTGCATTTTCCCTCTGGTGGAGAAATAATTATTATGCTGCTTATTACTTTTTGTATTATGATAATTTTTGGTAATCATTTTTTTT","Pf3D7_06_v3-1136091-1136364-1A.2","201+9N",517,0.489120151371807,2
"IM-23-122-JVIK","8039832487","Maziba","Pf3D7_03_v3-891553-891827-1A","CAAGAGCTAAGAAAACATATAGAATTATCATAAGGATGTTGATAATATAAATGTGTTTTTATTTGTGTATTTATGTCAGAATATTGTTCCTTTGATTTATCTTTAAAATAATCAATATTATTTATGTTGGTGGCTTTATTATTATTAAAATAATTTTGATTTGTTACATGATGACTAGGGGTATATTTGTATTTTACGTTTTTATTA","Pf3D7_03_v3-891553-891827-1A.6","26T",1,0.00190114068441065,3
"IM-23-122-JVIK","8039832487","Maziba","Pf3D7_14_v3-421322-421547-1A","TAAGAAAGATGAAGTAATAGAAAAAACTGAAGTATCAAAGAAAACATTTTCAGGTATAGGTTTTAATCTTACTGAAAAAGAAGCTAAAGTATTAGGTGTAGGTGTAACCTATCAAGAATATCCAGAAACCATGTTATATAACTGTCCAAACAATTCTA","Pf3D7_14_v3-421322-421547-1A.2","20+8N76A",389,0.52638700947226,2
"IM-23-122-JVIK","8039832487","Maziba","Pf3D7_07_v3-627351-627625-1A","TCACTAAGATAATTATTATTACCATTTTCAGCATAATAAAACTTCTGATGTTTTATAAGAGGAGTTTGGTTAGAAGCAAAATTATCAGCAGTTGTCGAATAATTATTATGTTCTTGATAAAAGAGATTATTCATATAGTTATTATTATTTTTCATATCATCCATAGTATTATTGTTAATATAAAATTCCTCATATGAATTATATATATA","Pf3D7_07_v3-627351-627625-1A.5","23C42C",123,0.222423146473779,2
"IM-23-122-JVIK","8039832487","Maziba","Pf3D7_06_v3-1135605-1135855-1A","TATAAAGAATTTATACCACCTAAATTGTTAACATTAGAAGTATTATTTGTTTCTGTATTTTCTTGTAACGTATTTGTATTATTAATATTGTTAGATGAAATATTATGACTATTTCTTCTATTTGTTATATTTAAATTGTAAATAGTTTCATTACTAACACTACTGATACCATTGAAATGATTATTTAG","Pf3D7_06_v3-1135605-1135855-1A.1","172T",544,0.538613861386139,2
"IM-23-122-JVIK","8039832487","Maziba","Pf3D7_04_v3-748374-748611-1B","AAACTGGGAAAGCATTCCAAAAAAATTTAAACCTTTAAGCAATAGGATAAATGTTATATTGTCTAGAACCTTAAAAAAAGAAGATTTTGATGAAGATGTTTATATCATTAACAAAGTTGAAGATCTAATAGTTTTACTTGGGAAATTAAATTACTATAAATGTTTTATTTTAG","Pf3D7_04_v3-748374-748611-1B.2","3A18+9N72+9N170T",661,0.492548435171386,2
"IM-23-122-JVIK","8039832487","Maziba","Pf3D7_14_v3-1166107-1166371-1A","TTTTTGAATTATTAAATATATCTTCTATAAAAAAAGAATATCAAGCTATACATAACAATAAGTATTTTTTATGGAATATGGATGCAAATTTTTTTACTATAAAAAATCATCATAAGGATAATAAGGATAACAATGATGAAAATGTGAATGTAATAATACAACAAAATAATTTAGTTCTCGAAAAATATGATCATTTAATAGA","Pf3D7_14_v3-1166107-1166371-1A.6","28+9N64+8N87A88+9N100+8N",305,0.495934959349593,4
"IM-23-122-JVIK","8039832487","Maziba","Pf3D7_05_v3-213027-213251-1A","ATGTACTTATCCCCTGATATGATTCCTCCAATATCATCAAAATCAGTAATCTCTAAATCATTTATATGATTTATATGTATAAATTCTTTTATCTTGTTCAAATAATTTCTGTAATAAAATATATTCTCTTTATCATCATCAATTATTTTCATATAATC","Pf3D7_05_v3-213027-213251-1A.2",".",1594,0.784448818897638,2
"IM-23-122-JVIK","8039832487","Maziba","Pf3D7_05_v3-369676-369949-1A","TGTAATATTATATATCCTGTTATAAATAAATCATTGGATATGGATGTGAAAAAAGAAGATATAAAAAAAAATGTAGAAGAAAATAAATATATAGAACATACACAGAATTTGAAAAATTATTTAGAAAATGATGAAAATGAGAAAAAAAAAAGAAGAAAAAGATCAAATAATAATGACAATTATAATTCTCATGATAATAATATTTTTCA","Pf3D7_05_v3-369676-369949-1A.1","48+8N62+11N141+12N",536,1,1
"IM-23-122-JVIK","8039832487","Maziba","Pf3D7_05_v3-1188456-1188706-1A","CAAAATTTAAATCAATAGCGGTTACGTTCATAATTTTGCCTTCAAAACTAACTTCTGTATGATATATAAATTTATTTTCCTTTACACTAAATACATATATAAAAATGGTACTTAATAATTTATCTTTATCATATTTAAATAATATTAAATCTGTTTTTACATCTGAGTTGTAATCACCGAAAT","Pf3D7_05_v3-1188456-1188706-1A.1",".",1323,0.77869334902884,2
"IM-23-122-JVIK","8039832487","Maziba","Pf3D7_03_v3-85507-85756-1A","TATCATTTAAATTCTCTTTTTCCACAGCTCCAGCATTTTTATTTATATCATCTACAACTACATCTTCCTTCACATAAATATTTATATAAAAAGTATTATCATCTAAAGCATCTGAAAATTCTTCATTTAATACTTCTTCATCTTCTACATTAAATGTTTTCGTTCTTTCATCATCTAATAAA","Pf3D7_03_v3-85507-85756-1A.8","78A93G",390,0.770750988142292,2
"IM-23-122-JVIK","8039832487","Maziba","Pf3D7_14_v3-120101-120365-1A","TTTTACAACATTATTTTTTTCTTCCTCCTCAGATAAAATAGGTACACATATCGCGTCCTTATCACATCCTCCATTGTTTACCTTACAATGTTCTTCGCATTCGAAATTTTTTTCAGGATTACTTGAAAAGCCTTCTGGACAATTACAATATTCATATCCATGAGCATTCTTACAAACACCTTTTCCACAATTTAAAA","Pf3D7_14_v3-120101-120365-1A.1","13+9N106+9N165C",713,1,1
"IM-23-122-JVIK","8039832487","Maziba","Pf3D7_01_v3-162867-163115-1A","ATATACCAATAATACTTTTTTTTTTAAATAATGTAAAAAATGATTTATATAATTGTTATAAACAAATGATCACATATCATAATAATAATAATAATATGCTAAATCATAACTCTAATATTTTATCAAAAGAAAATGAAAAAAAACAACCTTTTTCAACATATAATATATCAAATCTTTGTTCTCCTGACCAAATGGTGATAAATAAAAA","Pf3D7_01_v3-162867-163115-1A.4","15+12N34+8N91I=ATAATA92G129+10N",1996,1,1
"IM-23-122-JVIK","8039832487","Maziba","Pf3D7_14_v3-2858894-2859160-1A","ATAGATTTTAATGACATAAAAAACACAACAAATGAGTATAATAATTTTGAGGAACATAATTATCAAGATGATAAATTTATATTTAATAAAGATATACATAATATTCTTTTAGAATTAAAGGAATCATTAAATGACATATCACGTGGAAGACTAAATACATTGATAAGAGATAATAAAATAAGTAGTTATATAATATATCA","Pf3D7_14_v3-2858894-2859160-1A.2","15C17+8N28A188A",612,0.765,2
"IM-23-122-JVIK","8039832487","Maziba","Pf3D7_14_v3-421322-421547-1A","TAAGAAAGATGAAGTAATAGAAAAAACTGAAGTATCAAAGAAAACATTTTCAGGTATAGGTTTTAATCTTACTGAGAAAGAAGCTAAAGTATTAGGTGTAGGTGTAACCTATCAAGAATATCCAGAAACCATGTTATATAACTGTCCAAACAATTCTA","Pf3D7_14_v3-421322-421547-1A.1","20+8N",350,0.47361299052774,2
"IM-23-122-JVIK","8039832487","Maziba","Pf3D7_03_v3-85507-85756-1A","TATCATTTAAATTCTCTTTTTCCACAGCTCCAGCATTTTTATTTATATCATCTACAACTACATCTTCCTTCACATAAATATTTATATAAAAATTATTATCATCTAAAGCATCTGAAAATTCTTCATTTAATACTTCTTCATCTTCTACATTAAATGTTTTCGTTCTTTCATCATCTAATAAA","Pf3D7_03_v3-85507-85756-1A.6","78A",116,0.229249011857708,2
"IM-23-122-JVIK","8039832487","Maziba","Pf3D7_14_v3-407306-407542-1A","CTTTCTTTCGTCTTTCTGTTCATTATCCATATAATCTTTTTCTCCTTCCTTTTCATTCTTTACTTTATTTCTATTAATACACAATTCTCCTTGAGTTAAGAGATTTACGATATTATCAATATTGTTTTCTTTCATATACTTCAACTTTTTACTATTCATTTTTAAAAGA","Pf3D7_14_v3-407306-407542-1A.14","85T",749,0.539625360230548,2
"IM-23-122-JVIK","8039832487","Maziba","Pf3D7_06_v3-1115900-1116168-1A","ATTTTTTAATAAAGCAGTACCATCTATATCTCTTCCTTTTTTTAAAACACATAAAGTTTCATCAAAATTGCTTGTGCTATTTTTATCAGGTTCAGGAAAATATTGTTTATTTGTAGAATATCCATTCTGATTACAAGTTATAATATTATTAATATTTATAAATTTTTTTTTTGTTTTTAAATCAGCAAATTGATTATCGTTAT","Pf3D7_06_v3-1115900-1116168-1A.5","1+8N36+9N162+12N185G",392,0.475151515151515,2
"IM-23-122-JVIK","8039832487","Maziba","Pf3D7_05_v3-350808-351052-1A","TAATATAATTTGAGTTGATAATATTATAATTATTTTTTATATGTTGCTCATTTATATTATTATGATAAATATGAGTTGTATTTTTATTAGAGTTGTAGGACATTTTCCCATACATTAGTTGTTTTACATTTTTAACATTTTTATAATTATGTATTAAACATAAGATTATTAGATAAA","Pf3D7_05_v3-350808-351052-1A.1","32+8N116T",764,0.505625413633355,2
"IM-23-122-JVIK","8039832487","Maziba","Pf3D7_14_v3-106867-107115-1A","AATGACATGAACAAGTCAGGCGAAAAAGAGGAACATGTTATAAATAGTAAATGGAAAAATAAATTTTTCCATGAAGTTATACAAAATATGTTATATGATGATAATATAAATGATCATAAAGAAGAAATTAAGGAAGATAATTCTAATGAATATAATATCAATAATAAAAATGATAATTTATATGATATA","Pf3D7_14_v3-106867-107115-1A.2","120A",118,0.147869674185464,2
"IM-23-122-JVIK","8039832487","Maziba","Pf3D7_14_v3-1038300-1038538-1A","ATTAATGATTTATACACTTCAACTACACTTTTTAATTTAGCCCATACAATTAATAAAGCTCTACGATAAATTTCTTTTTTATTTGATTTAGAAAAAGGAGAAAACCATTGAAACTTTTTGGCTAGATATTTATGGTCTTTATCAAAAATATATTCTGAAACTTCATCTTCTAGAAGT","Pf3D7_14_v3-1038300-1038538-1A.1","74+8N",1364,1,1
"IM-23-122-JVIK","8039832487","Maziba","Pf3D7_01_v3-145388-145662-1A","GATATGTTTAAATATATGATTCTCGAAAAAACTTTTTTTATTTTTTTTGTCAATAGATAAATGATCAATATTTTCTATATTTAATCTATCAAGTATTTTTATATATCTATTATTTCTTTCTTCGATGGATAAATTATATGAATCAATATCCTTTCTTTCATCAACAAACTTTTTTATTGTTAACTCCATTTTTTTATTTAAGATACCA","Pf3D7_01_v3-145388-145662-1A.2","25+25N139T169+8N188+9N",149,0.468553459119497,2
"IM-23-122-JVIK","8039832487","Maziba","Pf3D7_14_v3-3214249-3214516-1A","TAAATAAAAAAGGATTAGATGATTTAATAAAAGATTTGTTAAAATATTTTCCAAAGAATTCAATTAGCGATCGTTTTGAATTGTTAGAATTTAAAATGACGGAGGATTGTTATACAAAAATGTGGTTTGATTTTATGATTGATTTTGGAATAGCTACAATGAATGAAAACGAACATACTAGATCTTTTTATGGCTTAATCGAA","Pf3D7_14_v3-3214249-3214516-1A.3","5+8N139T169A194C",387,0.23874151758174,2
"IM-23-122-JVIK","8039832487","Maziba","Pf3D7_04_v3-748105-748359-1B","TGTGCATGTTGTAAGGTTGAAAGCAAAAATGAGGGGAAAAAAAATGAGGTTTTTAATAACTACACATTTAGAGGTCTAGGAAATAAAGGAGTATTACCATGGAAATGTATTTCCCTAGATATGAAATATTTTCGTGCAGTTACAACATATGTGAATGAATCAAAATATGAAAAATTGAAATATAAGAGATGTAAAT","Pf3D7_04_v3-748105-748359-1B.1","36+10N110T133C",839,1,1
"IM-23-122-JVIK","8039832487","Maziba","Pf3D7_09_v3-1406342-1406614-1A","TCTCAGATTATCATAGTGTTGTGGATGAAGATTTAATTAATTTTAATGATGATGTTACTTTAGAAACACAATCCATGATAGCACACGGAGGGTCTTTGTCAGAAATAGAAGAAACTGAAGATTTATCTTCAGATGTTGATAGATTACTTTCATCAATCGAAACTACTCCAAGAGATGATGTTGTATATATACGAGGTGATATTATATT","Pf3D7_09_v3-1406342-1406614-1A.3","118A148T204A",1497,1,1
"IM-23-122-JVIK","8039832487","Maziba","Pf3D7_06_v3-1140900-1141174-1A","CTTCCATGTGAGCTTCAAAATCGTCTGAAGGTCGACTAGACATGAAAAATTCAGATTGAGGTAAATCATCAAATGGATGATTTCTATATGATATTCTAGGTATTAATCCTAAGATATTATTTATGCTATTACATTGAGAATTTCCTTCATTGGTTGTGGTACTTATATCCACATTTTGGTGATCATCAAGATATAATGTATTTTCTTTAGAACTT","Pf3D7_06_v3-1140900-1141174-1A.1","189A",388,0.520805369127517,2
"IM-23-122-JVIK","8039832487","Maziba","Pf3D7_01_v3-181512-181761-1A","TTCATTATTGTTTTCATTCTTTTTTTAACTAAAACTATTCATCTCAAAAATATAAGATATTTTATATGACGAATGCCATTGTATTTTTTGTTACGTAAAACCTGACTTCTTCAAGGAAAACACATGCGCATTTTCACCAATTTTTGCCTAAGCTTATTATAAAAAGTATATTAAATGTATGAC","Pf3D7_01_v3-181512-181761-1A.1","19+9N30T83+8N",715,0.494809688581315,2
"IM-23-122-JVIK","8039832487","Maziba","Pf3D7_03_v3-891553-891827-1A","CAAGAGCTAAGAAAACATATAGAATTATCATAAGGATGTTGATAATATAAATGTGTTTTTATTTGTGTATTTATGTCAGAATATTGTTCCTTTGATTTATCTTTAAAATAATCAATATTATTTATGTTGGTGGCTTTATTATTATTAAAATAATTTTGATTTGTTACATGATGACTATGGGTATATTTGTATTTTACGTTTTTATTA","Pf3D7_03_v3-891553-891827-1A.4","26T178T",291,0.553231939163498,3
"IM-23-122-JVIK","8039832487","Maziba","Pf3D7_14_v3-3125801-3126073-1A","ATTCTTATAATATTTAAGAATGAAGGGATTAAATATTTATATTTTAGCGAGGATACTCTGAAATATGTTAATTTTAATTATCCTGATTTTAACTTATATAAATGTATGAATTTATATAAGAAAAATTATGTTGATAGGGATGAGAAAGATATCTGTGATTTTTCAAATGAAGATATTCCGTTAATAAAAGAAAATAACAAGAGAATCAG","Pf3D7_14_v3-3125801-3126073-1A.8","40T175A",279,0.74798927613941,3
"IM-23-122-JVIK","8039832487","Maziba","Pf3D7_05_v3-1322099-1322341-1A","TTCCAATAGAAACTATATTACGATTTCCTTCATGAGGTAAATTGACATTCATCTTATATGTATAATTAAGGATGAGTAATAAATTGTATAAAAATATTTTTATTTAATAATTTATATGTATTATTAATAATTCTGAATTTATCAATTGATATATTATTTTTGTTTTTCTTTATGCCATTC","Pf3D7_05_v3-1322099-1322341-1A.1",".",291,0.755844155844156,3
"IM-23-122-JVIK","8039832487","Maziba","Pf3D7_05_v3-213027-213251-1A","ATGTACTTATCCCCTGATATGATTTCTCCAATATCATCAAAATCAGTAATCTCTAAATCATTTATATGATTTATATGTATAAATTCTTTTATCTTGTTCAAATAATTTCTGTAATAAAATATATTCTCTTTATCATCATCAATTATTTTCATATAATC","Pf3D7_05_v3-213027-213251-1A.7","25T",438,0.215551181102362,2
"IM-23-122-JVIK","8039832487","Maziba","Pf3D7_05_v3-350808-351052-1A","TAATATAATTTGAGTTGATAATATTATAATTATTTTTTATATGTTGCTCATTTATATTATTATGATAAATATGAGTTGTATTTTTATTAGAGTTGTAGGACATTTTCCCATACATTAGTTGTTTTACATTTTTAACATTTTTATAATTATGTATTAAACATAAAATTATTAGATAAA","Pf3D7_05_v3-350808-351052-1A.5","32+8N116T164A",747,0.494374586366645,2
"IM-23-122-JVIK","8039832487","Maziba","Pf3D7_04_v3-900526-900759-1A","TTAACAACTTATCATCATTTATTAGATTCTTTTCATGGAACAGATTATTAACAGTATCCATAATTTTATGATCATCCGTGTTATATGTATCTATACAAGTATTTAACTTGCTTATATAATTTACATATTTCAACGGATCATTTTGAAGTATGCAATCATCGAATGAATA","Pf3D7_04_v3-900526-900759-1A.2",".",826,0.486741308190925,2
"IM-23-122-JVIK","8039832487","Maziba","Pf3D7_09_v3-1015103-1015350-1A","ATTATTTAATTTTTCATCTTTTATATTTTTCAGATTTTTTATATGAAGATTTAGGAATACAACTAAATTAACAGCTGAAAATAATCTTACTAACAAAAATAATTTGAGGAATTCTTCATCATATAAATCTTTTGGAATATTATTTGTGTATTCATAAATTTCTATTAAGGATATAATAGTTATGA","Pf3D7_09_v3-1015103-1015350-1A.4","34+8N51T",340,0.510510510510511,2
"IM-23-122-JVIK","8039832487","Maziba","Pf3D7_14_v3-2733345-2733593-1A","TCGATGTACATGCAGAAAAAATATTGGAACGTTTATTTGTAATTTATTTATGTGTATTAAAAGAATATGAAAAACATCCTCCTAAAATATTAAAATATTCATTACGTGCTATATCTAGATACTCGATGTATATAAATAAATTTATCATGGATGATATATTATTTGAAATTAAAAACCTTGCTGCA","Pf3D7_14_v3-2733345-2733593-1A.1","15+8N",1643,1,1
"IM-23-122-JVIK","8039832487","Maziba","Pf3D7_13_v3-911757-912005-1A","GAGCCAACAATTTGATTTTCCACAACTTACTGAATCTTTAAAACATTGTGAACAGGTATCTGACATTTTTTTATTATCTTTGGCTAGTTCCTTTTGAACACATTCCATAGTACTATCACCTGAACCTAAGTTATCAACAGAACATTTTAATAATATACTAAAAAATTTATTGCTAGGAGAAAGTTGTAAA","Pf3D7_13_v3-911757-912005-1A.1","65+9N159+8N",1194,0.761479591836735,2
"IM-23-122-JVIK","8039832487","Maziba","Pf3D7_10_v3-992331-992603-1A","TCATTATATTTTTAAAAAAAAAAATTATGATATAAAATCTTCAATTAATAAAAGATCTATCCAGTTCTTTAGAGACACTAATATAGATCATTATATAGCATATGAATATTATAAGGAGGACCGTACGGAATTTATATTAACTATTATGAATGAAAAAAATATTACTCATCAAGAAACTCAAAGTCTTGAAATGAAAAAGTTGAAAG","Pf3D7_10_v3-992331-992603-1A.4","13+13N72G152+9N",1,0.00133155792276964,4
"IM-23-122-JVIK","8039832487","Maziba","Pf3D7_10_v3-992596-992869-1A","GAAAATAATAAAATGCACAGTATCAATTCTGATAGAAATAAAAATGATTATATTCCATCTTCCTATTTACATACAATATATAAAACATTTAGCGAACATATAAACCGAGATAATGGAAATATTTATGATGATGAAAAAAAAAATTTATATGATGGAACTGTTTTTTATATAGAAACATTAAACGAATTAAGAATTATAAATATATTATTTTCA","Pf3D7_10_v3-992596-992869-1A.1","133+12N160+8N",210,1,1
"IM-23-122-JVIK","8039832487","Maziba","Pf3D7_08_v3-336421-336651-1A","TAACAACGAACCCATAAATTTACAGAAAAATTTAGATTTAATCATATGGCTAAAAAAGAATATAAAAGAAGGAGAAGCTTTAATTTCTGATATACCCACATCAAGTTTTTTAAGGTGTACTACAAATTATAAATTTGTATTGCATCCCCAATATGAAGATAGT","Pf3D7_08_v3-336421-336651-1A.4","51+8N105+8N148C",401,0.247530864197531,2
"IM-23-122-JVIK","8039832487","Maziba","Pf3D7_08_v3-399693-399961-1A","CTTTTCTTCACCTTGGTTTATTACATTATTATTTTCATCATTGTGTTGAATGTCCTTATAAATATGTTCATTAATAATATCTTTGGAAGTATCTTCCATATTTTCTTCTTTATCAATTTTAAATACTTTTTCATAACTTTCATTTTCTTTTTTCTCCTTGGATGTTTCTAATTTATTCTCGTCATTTTTATCAAAATTATTTTTATAACTTTCA","Pf3D7_08_v3-399693-399961-1A.1","147+8N",1212,1,1
"IM-23-122-JVIK","8039832487","Maziba","Pf3D7_08_v3-336421-336651-1A","TAACAACGAACCCATAAATTTACAGAAAAATTTAGATTTAATCATATGGCTAAAAAAGAATATAAAAGAAGGAGAAGCTTTAATTTCTGATATACCTACATCAAGTTTTTTAAGGTGTACTACAAATTATAAATTTGTATTGCATCCCCAATATGAAGATAGT","Pf3D7_08_v3-336421-336651-1A.3","51+8N97T105+8N148C",1219,0.752469135802469,2
"IM-23-122-JVIK","8039832487","Maziba","Pf3D7_08_v3-1386795-1387043-1B","TCCTTTGTCGCAGCATGCCTTTCATTAGCTGCTATAGCTTGTGTTATCTTAACTTCATTATAAAAAAAATATACTTCGATAAAAGGTACATATACCATGCTGGTCAATGATATTAGCATGCGACATTCTAATATATCCATTATGAACAAGGTGAACAAGAATATTGGGATTATTGAAATTGTTTGCATTA","Pf3D7_08_v3-1386795-1387043-1B.15","61+10N183T",150,0.224550898203593,2
"IM-23-122-JVIK","8039832487","Maziba","Pf3D7_14_v3-771407-771633-1A","ACCCACGGGACATTTTAATTTATACCTATTGGAACATTTTTTATTAGGTCTTTCTTTATGATTCTTCTTTAAAATAGGTTCATCATTATTTGAGTAAACTAACAGATCATTATGGTTCTCAAAATTATTATAACCATCAATATTTTTATTTCCATATACATCTATAA","Pf3D7_14_v3-771407-771633-1A.3","36+8N108C114G",1270,0.506783719074222,2
"IM-23-122-JVIK","8039832487","Maziba","Pf3D7_14_v3-106867-107115-1A","AATGACATGAACAAGTCAGGCGAAAAAGAGGAACATGTTATAAATAGTAAATGGAAAAATAAATTTTTCCATGAAGTAATACAAAATATGTTATATGATGATAATATAAATGATCATAAGGAAGAAATTAAGGAAGATAATTCTAATGAATATAATATCAATAATAAAAATGATAATTTATATGATATA","Pf3D7_14_v3-106867-107115-1A.1","78A",680,0.852130325814536,2
"IM-23-122-JVIK","8039832487","Maziba","Pf3D7_14_v3-1166107-1166371-1A","TTTTTGAATTATTAAATATATCTTCTATAAAAAAAGAATATCAAGCTATACATAACAATAAGTATTTTTTATGGAATATGGATGCAAGATTTTTTTACTATAAAAAATCATCATAAGGATAATAAGGATAACAATGATGAAAATGTGAATGTAATAATACAACAAAATAATTTAGTTCTAGAAAAATATGATCATTTAATAGA","Pf3D7_14_v3-1166107-1166371-1A.7","28+9N64+8N87I=A88+9N100+8N179A",1,0.0016260162601626,4
"IM-23-122-JVIK","8039832487","Maziba","Pf3D7_14_v3-137398-137668-1A","ACCATTCATATTTTCTAGGTTTGTTTAACCAATTACATATATATAATATATTACAAAATAATTGTTTTAATAATATATGTTTAGTTAATATTAATTCAATACTACTTAATTTATTTCTTATATTTTTTAAAAGATCTTCATAAACAAAATCAAAATTATCTATTAATAATAAATAACCAAATCTTTTATGTACATTTTTTATTC","Pf3D7_14_v3-137398-137668-1A.2","122+8N194+8N",58,0.379084967320261,2
"IM-23-122-JVIK","8039832487","Maziba","Pf3D7_14_v3-2858894-2859160-1A","ATAGATTTTAATGACATAAAAAACACAACAAATGAGTATAATAATTTTGAGGAACATAATTATCAAGATGATAAATTTATATTTAATAAAGATATACATAATATTATTTTAGAATTAAAGGAATCATTAAATGACATATCACGTGGAAGACTAAATACATTGATAAGAGATAATAAAATAAGTAGTTATATAATATATCA","Pf3D7_14_v3-2858894-2859160-1A.18","15C17+8N28A106A188A",188,0.235,2
"IM-23-122-JVIK","8039832487","Maziba","Pf3D7_13_v3-958247-958510-1B","TTTATATTATCTGTAATATGCACATTTTGTATAATATTATCAATATTTGTAGCATTTTGACCGTATGTTTCATTTTCATCGTATGTTCCATTTATATTGTATGTTTCATTTTCATCGTATGTTCCATTTATATTGTATGTTCCATTTTCATCGTATGTTCCATTTATATTGTATGTTCCATTTTTATCATATGTTATGTCCACAT","Pf3D7_13_v3-958247-958510-1B.2",".",337,0.529042386185243,2
"IM-23-122-JVIK","8039832487","Maziba","Pf3D7_14_v3-279563-279833-1A","CATTTTTCTTTTAAATGAGAGCAATATATTTCTTAGGTTTATTCCGGATAAATGTTTAGTTATTAGCCAGGTGAGTAATAGTGATTCATATAAGGTAAATTGTATTAATTTCTCTGAAGGATTTTGTTGCTGTCATCCAATAAATAATTTAGCACTATTATATGGAGAGTATCAACAAAATCAAGAATCAAAAATTATGAAATTACCG","Pf3D7_14_v3-279563-279833-1A.1",".",236,0.417699115044248,2
"IM-23-122-JVIK","8039832487","Maziba","Pf3D7_14_v3-2695837-2696082-1A","CGTTTTGTATCATATTATTAGATATAGTTATTTTATTATTATTTTCTACATTATTATTCAATATATTACATCCTGTTATGGAATTATTGTTAAAATATAAATTATTCGAATTGTTATTATTAAATTCTAATCCACTAACTGCTGCTGTATATAATGATGATGAGTTATTATTATAGAAATC","Pf3D7_14_v3-2695837-2696082-1A.24","28+16N53A145C",227,0.239199157007376,2
"IM-23-122-JVIK","8039832487","Maziba","Pf3D7_14_v3-293575-293829-1B","TTTTGTAGTGTAATGTGTGGTTTATTTTATTATGTGTATGAAAATGTATGGCTTCAAAGAGATAATGAAATGAATGAAATTTTAAAAAATTCCGAACATTTAACTATTGGATTTAAAGTTGAAAATGCACATGATAGAATTTTGAAAACTATAAAAACACATAAATTAAAAAATTACATTAAAGAAT","Pf3D7_14_v3-293575-293829-1B.1","83+8N167+8N",454,1,1
"IM-23-122-JVIK","8039832487","Maziba","Pf3D7_11_v3-1006693-1006917-1A","GTGGGGGAGAGAATTTTACCTTGATATGCTCCCATGTTTTATCCTTTATACAATACATATAAGTGTCATTGGTAATATATGACCCTCTTTTACCTCCGTAAAGAAATAAACAATCTTCTTTTTTTTCAGTGGAGTAAATTAAATTTAATTTTGCAAAATAGCGTGG","Pf3D7_11_v3-1006693-1006917-1A.1","118+10N",2008,1,1
"IM-23-122-JVIK","8039832487","Maziba","Pf3D7_03_v3-855426-855697-1A","GTTATTTCAGTATGAGTTTCAACAGTTAATACTACTTCAGGATATGGATTGATACTTAACGTATGTACTCTCAATAATCTAGTATCAAATATATATGAAAATGTATACTCAGGAAAACATATAGTAGATAATCCATTATTATTCTCTATACATATTTTACTTATAGCTATATAATCGTAATTATCTTCTATTACTATTGGTTCTGTG","Pf3D7_03_v3-855426-855697-1A.1","32C",609,1,1
"IM-23-122-JVIK","8039832487","Maziba","Pf3D7_07_v3-475313-475545-1A","AGCTTTATTATCTACAAAAAATCCACGTGGATATATGAAACAAATGAAATTGTATTTTATATTCCAAATTAAAGAAATTGCATTAAGAAAACATGGCTCTTTACTTACAGTCAAAAATTTATATGATAATAAACTTTTAAATATAAATTCATCATCTTCTACAAATA","Pf3D7_07_v3-475313-475545-1A.2","15+8N125G",322,0.249806051202483,2
"IM-23-122-JVIK","8039832487","Maziba","Pf3D7_13_v3-1465616-1465890-1A","TCTTGTGGATTATTATCTATTATATTTTCTTCTGGTTTTTGGACAGAAGAATTATCTCCTCTTGGTCTAGGTTGATCATCTTCGGGTTCTTCTGGAACATCTAATGGTTCCCATTTTGGAGGACATCTTTCTTCTTCACATAGTTCTTGTATTTCACTTGTACATCCTTCGTGTAAGATTTCTCTTTTTCTTGACCTGGTACCTTTACCACAAGTTACACTACATGGAGA","Pf3D7_13_v3-1465616-1465890-1A.239","30T32C41G47A49G90T113A121G142A152T",298,0.229938271604938,2
"IM-23-122-JVIK","8039832487","Maziba","Pf3D7_05_v3-395887-396136-1A","TCTAAGGATTGTTGGTTTTTTAGGATGCTCATCTTTTTAAGATAATCCTCTTTACTGTCGTTATTATTTAAATCGTTTTGTATAATATTATATTGTGAATTCCTTGTGTTTTTCATAATACTATTAGTCCTATTGGTGTTCTTCTTATTATTATTATTATTATTGTTCTTCTTCTTAATAAA","Pf3D7_05_v3-395887-396136-1A.2","15+8N145+20N",581,0.991467576791809,2
"IM-23-122-JVIK","8039832487","Maziba","Pf3D7_05_v3-1322099-1322341-1A","TTCCAATAGAAACTATATTACGATTTTCTTCATGAGGTAAATTGACATTCATCTTATATGTATAATTAAGGATGAGTAATAAATTGTATAAAAATATTTTTATTTAATAATTTATATGTATTATTAATAATTCTGAATTTATCAATTGATATATTATTTTTGTTTTTCTTTATGCCATTC","Pf3D7_05_v3-1322099-1322341-1A.4","27T",1,0.0025974025974026,3
"IM-23-122-JVIK","8039832487","Maziba","Pf3D7_08_v3-585703-585949-1A","AAACACATCATCAAAAGTTTCTGATATTGGCTTGTTTGATTCTTTATATTTAAAATCTTTATATAAATAAAATCTATCTTTCTTAAAATATGGATCTTTACGTACTTCAATCGAATCACTATCAGTTACAATATTTATATCTTTTAATGTTAAGTGGAAATTAGAATCAATAATAGCTA","Pf3D7_08_v3-585703-585949-1A.1",".",1384,1,1
"IM-23-122-JVIK","8039832487","Maziba","Pf3D7_14_v3-1166107-1166371-1A","TTTTTGAATTATTAAATATATCTTCTATAAAAAAAGAATATCAAGCTATACATAACAATAAGTATTTTTTATGGAATATGGATGCAGATTTTTTTACTATAAAAAATCATCATAAGGATAATAAGGATAACAATGATGAAAATGTGAATGTAATAATACAACAAAATAATTTAGTTCTCGAAAAATATGATCATTTAATAGA","Pf3D7_14_v3-1166107-1166371-1A.1","28+9N64+8N88+9N100+8N",1,0.0016260162601626,4
"IM-23-122-JVIK","8039832487","Maziba","Pf3D7_09_v3-1015103-1015350-1A","ATTATTTAATTTTTCATCTTTTATATTTTTCAGATTTTTTATATGAAGATATAGGAATACAACTAAATTAACAGCTGAAAATAATCTTACTAACAAAAATAATTTGAGGAATTCTTCATCATATAAATCTTTTGGAATATTATTTGTGTATTCATAAATTTCTATTAAGGATATAATAGTTATGA","Pf3D7_09_v3-1015103-1015350-1A.1","34+8N",326,0.48948948948949,2
"IM-23-122-JVIK","8039832487","Maziba","Pf3D7_14_v3-2695837-2696082-1A","CGTTTTGTATCATATTATTAGATATAGTTATTTTATTATTATTTTCTACATTATTATTCAATATATTACATCCTGTTATGGAATTATTGTTAAAATATAAATTATTCGAATTGTTATTATTAAATTCTAATCCACTAACTGCTGTTGTATATAATGATGATGAGTTATTATTATAGAAATC","Pf3D7_14_v3-2695837-2696082-1A.2","28+16N53A",722,0.760800842992624,2
"IM-23-122-JVIK","8039832487","Maziba","Pf3D7_05_v3-960810-961048-1B","TAATACAGGAAGCATTTTATAATATGCATACTGTTATTAATTATGGTTTAGAAGATTATTTCTGTAATTTGATAGAAAAAGCTATTGATTATAAAAATAAAGGACAAAAAAGAAGAATTATTGTAAATGCAGCTTTATGGGGATTCAGTCAAAGCGCTCAATTATTTATTAATAGTTT","Pf3D7_05_v3-960810-961048-1B.1","105+8N",1256,1,1
"IM-23-122-JVIK","8039832487","Maziba","Pf3D7_05_v3-961511-961758-1B","CTGCAGAAGATTATACTGTATTTAATAATAATGGAGAAATATTATTAGATGATATTAATATATGTGATTATAACTTAAGAGATCTTAGAAACTTATTTTCAATAGTTAGTCAAGAACCCATGTTATTTAATATGTCCATATATGAAAATATCAAATTTGGAAGAGAAGATGCAACATTGGAAGAT","Pf3D7_05_v3-961511-961758-1B.1",".",1099,1,1
"IM-23-122-JVIK","8039832487","Maziba","Pf3D7_04_v3-648065-648332-1A","TATGACTTCTGATTCAGTTTTGTTAAGATATATACCAAGAGATCTTAACAAATATAATAATTTTTCACCACTAACTCCATCTTTATTAGTATCGTATTCTTTAAATATTGATTCAATCTCAGCTCTCTTAAAGAAAACAAATATATATACATATATATATGTATTTATATGAATTTGTATCAATAAATAATAACATTCTTA","Pf3D7_04_v3-648065-648332-1A.1","141+30N",479,1,1
"IM-23-122-JVIK","8039832487","Maziba","Pf3D7_04_v3-316593-316858-1A","TTATTCATTTTTTGTATATTATCCTTTTCTACATCATCAAAATTTGTTAATGATTCACACGTTATATTTGGTGATATTATATTTCTACCTGTACATACACCAATATTTGTTGTACCTATTATTTTATACCCTTCTTGACATTTAAATTCTATTTTTTCACCAAGTAAATAATATTTTTTATCAGGGATAAGGGAAACATA","Pf3D7_04_v3-316593-316858-1A.1","7+8N151+8N173+8N",1069,1,1
"IM-23-122-JVIK","8039832487","Maziba","Pf3D7_08_v3-1375205-1375450-2","ACAAAAGTACGGAGGCAAAAACGGCAGCGGATAATACTTTATTTTTTGAGAAGGAAACCATTTTTATTAAATAACTATATAAATAGAAAAAGAAATAATAACAAAAATGTATAAATATAATTGTATAATATATGATATATATAAAATATAGAATACTAATTTTTTGCATATACAAAAAA","Pf3D7_08_v3-1375205-1375450-2.1","41+8N159+8N173+7N",525,1,1
"IM-23-122-JVIK","8039832487","Maziba","Pf3D7_14_v3-294506-294753-1B","AATTTAGATGTTATCAAAGTCCCATTCTTACCTTTCTATGTAACTCTTTGTAACAACAGCAAATTACCAACATTTGAATTTACCTCAGAAAATGGTAAATACACATTAGAACCTGAATACTACCTTCAACACATAGAAGATGTTGGTCCAGGATTATGTATGCTTAATATCATAGGATTAGATTTTCCAGT","Pf3D7_14_v3-294506-294753-1B.17","72A",718,0.432269717037929,2
"IM-23-122-JVIK","8039832487","Maziba","Pf3D7_10_v3-1414599-1414832-1A","ATCTAGATCAACGAGGGAATATAACAACATCTCAAGGAAATTCACACCGTGCAACTGTTGTGCAACAAGCTGATCAAACCAACAGATTAGATAATGTAAACTCTGTAACGCAAAGAGGAAATAATAACTACAACAATAATTTAGAGCGTGGATTGGGTTCTGGTGCT","Pf3D7_10_v3-1414599-1414832-1A.1","70C",1759,1,1
"IM-23-122-JVIK","8039832487","Maziba","Pf3D7_06_v3-1115900-1116168-1A","ATTTTTTAATAAAGCAGTACCATCTATATCTCTTCCTTTTTTTAAAACACATAAAGTTTCATCAAAATTGCTTGTGCTATTTTTATCAGGTTCAGGAAAATATTGTTTATTTGGAGAATATCCATTCTGATTACAAGTTATAATATTATTAATATTTATAAATTTTTTGTTTGTTTTTAAATCACCAAATTGATTATCGTTAT","Pf3D7_06_v3-1115900-1116168-1A.2","1+8N36+9N114G162+12N",433,0.524848484848485,2
"IM-23-122-JVIK","8039832487","Maziba","Pf3D7_08_v3-549960-550215-1B","GATGAACTAACAAATTATGATAATCTAGTTTATGATATAAAAAATTATTTAGAACAAAGATTAAATTTTCTTGTATTAAATGGAATACCTCGTTATAGGATACTATTTGATATTGGATTAGGATTTGCGAAGAAACATGATCAATCTATTAAACTCTTACAAAATATACATGTATATGATGAGTATCCACTT","Pf3D7_08_v3-549960-550215-1B.1","4G38+8N",733,1,1
"IM-23-122-JVIK","8039832487","Maziba","Pf3D7_08_v3-550057-550318-2","ACTATTTGATATTGGATTAGGATTTGCGAAGAAACATGATCAATCTATTAAACTCTTACAAAATATACATGTATATGATGAGTATCCACTTTTTATTGGATATTCAAGAAAAAGATTTATTGCCCATTGCATGAATGATCAAAATGTTGTAATAAATACACAACAAAAATTACATGATGAACAACAAAATGAAAATAAAAATA","Pf3D7_08_v3-550057-550318-2.1",".",2062,1,1
"IM-23-122-JVIK","8039832487","Maziba","Pf3D7_14_v3-1166107-1166371-1A","TTTTTGAATTATTAAATATATCTTCTATAAAAAAAGAATATCAAGCTATACATAACAATAAGTATTTTTTATGGAATATGGATGCAGATTTTTTTACTATAAAAAATCATCATAAGGATAATAAGGATAACAATGATGAAAATGTGAATGTAATAATACAACAAAATAATTTAGTTCTAGAAAAATATGATCATTTAATAGA","Pf3D7_14_v3-1166107-1166371-1A.2","28+9N64+8N88+9N100+8N179A",308,0.500813008130081,4
"IM-23-122-JVIK","8039832487","Maziba","Pf3D7_13_v3-958247-958510-1B","TTTATATTATCTGTAATATGCACATTTTGTATAATATTATCAATATTTGTAGCATTTTGACCGTATGTTTCATTTTCATCGTATGTTCCATTTATATTGTATGTTCCATTTTCATCGTATGTTCCATTTATATTGTATGTTCCATTTTCATCGTATGTTCCATTTATATTGTATGTTCCATTTTTATCATATGTTATGTCCACAT","Pf3D7_13_v3-958247-958510-1B.1","106C",300,0.470957613814757,2
"IM-23-122-JVIK","8039832487","Maziba","Pf3D7_05_v3-958372-958608-1B","ATTTATAACAATTTTTACATATGCCAGTTCCTTTTTAGGTTTATTTATTTGGTCATTAATAAAAAATGCACGTTTGACTTTATGTATTACTTGCGTTTTTCCGTTAATTTATGTTTGTGGTGTCATATGTAATAAGAAAGTAAAATTAAATAAAAAAACATCTTTGTTATATAATAACAATACC","Pf3D7_05_v3-958372-958608-1B.1","45T60+8N151+9N",1102,0.795667870036101,3
"IM-23-122-JVIK","8039832487","Maziba","Pf3D7_13_v3-935613-935884-1A","CAAAATAATATGAATAGTAATAGTAATAGTTATAATAATTTTAATATAACAGATAGAAGTAAAGAAATAAAAAAAGATTATAAAAGAAACAAAATTTTAATAGTTATTAATAATATTAATACAAATCATATTTTATTATTAAATGAAAGTGTTATAAAAAAAAAAATACTTACATTTTATCTAGATCTTTTTTTTGATGATAATGAACAAAT","Pf3D7_13_v3-935613-935884-1A.2","68+11N155+13N187+10N",653,0.59417652411283,2
"IM-23-122-JVIK","8039832487","Maziba","Pf3D7_06_v3-1135605-1135855-1A","TATAAAGAATTTATACCACCTAAATTGTTAACATTAGAAGTATTATTTGTTTCTGTATTTTCTTGTAACGTATTTGTATTATTAATATTGTTAGATGAAATATTATGACTATTTCTTCTATTTGTTATATTTAAATTGTAAATAGTTTCATTACTAACACTACTGATACCACTGAAATGATTATTTAG","Pf3D7_06_v3-1135605-1135855-1A.2",".",466,0.461386138613861,2
"IM-23-122-JVIK","8039832487","Maziba","Pf3D7_03_v3-221463-221712-1B","ACTTGAATACCATTTCCACAAGTTACACTACATGGGGACCATTCAGTTGAAAGAGAATTTTGTATTGTCTTTAAATATTTTTCTATGTGCTGATCACTTGGTTCTTCGTTATTATTATTTTTTACAGCATTGTTGGCATTAGCATTTTCATCTACATTTCGGTTTGGGTCATTTGGCATATTGTGACCTTGTC","Pf3D7_03_v3-221463-221712-1B.27","67G69C80T83C92G117+8N130T",632,0.748815165876777,2
"IM-23-122-JVIK","8039832487","Maziba","Pf3D7_03_v3-653961-654206-1A","CTCGTACAATATTTTTATAATTTCCTTTCATCTTATTTTTTTCTTTATATTTTTTTTTTTCATATGTAAGATTTATATAATCACTTTCGCTTTTTCTAACGCTTTTGAACTTTTTAAATGTACTTCGTTCATTATTTCTAATTCTCGTAAACACAAGAATAAATATTTTGATATATCTTATA","Pf3D7_03_v3-653961-654206-1A.1","35+9N49+13N101G",1016,1,1
"IM-23-122-JVIK","8039832487","Maziba","Pf3D7_07_v3-405570-405844-1B","ATAGCAATTGCTTATTACTTTAAATTCTTAGCCGTAAGAATTAAAAAGATATAAATATATAAATATATATGTGAAATATATGATATATATGATATATATTTTTTATATGTAATGTTTTTTTTTTTTTTCACAATATACATTTAAATGTTTATGATGGTACAACGTATCATATTTTATAATAATTTTATGCATTCATGTATATTATTTTTACTTTTT","Pf3D7_07_v3-405570-405844-1B.2","49+57N114+16N",335,1,1
"IM-23-122-JVIK","8039832487","Maziba","Pf3D7_14_v3-377765-378020-1A","AAAGATATATCAACTGAAAATATTTTATCAAATAATTGCTTTAATAATAAGTTAAAAAATTGATTTCCAACATCTATCATATTCATATAATCTAATGATTTAAAAATATATAATATACTCTTTGGACTAAATTTTAATTCATCATTTATTATTTTCTCTTTTACTATTGCTTTAATTTGATTAAAATATATAA","Pf3D7_14_v3-377765-378020-1A.5","53+8N",276,0.597402597402597,2
"IM-23-122-JVIK","8039832487","Maziba","Pf3D7_11_v3-1018781-1019053-1A","TTTTTGATTCATATCATTATCATAATTATATATATATTGATCTCTGTCTATATGGGGAGCAAAAAAATATAAAGGATGTTGTGTTAAGGCTAATAATAATTCTGTAGCTATACTACTACTTATGTTACTTATACCACATCTAGTGACTGTACATTTTTCATCTAATGTTCTATAGGATAAAGAATCTGAAGGACAATGCATATCAT","Pf3D7_11_v3-1018781-1019053-1A.2","60+9N",129,0.781818181818182,2
"IM-23-122-JVIK","8039832487","Maziba","Pf3D7_06_v3-1140900-1141174-1A","CTTCCATGTGAGCTTCAAAATCGTCTGAAGGTCGACTAGACATGAAAAATTCAGATTGAGGTAAATCATCAAATGGATGATTTCTATATGATATTCTAGGTATTAATCCTAAGATATTATTTATGCTATTACATTGAGAATTTCCTTCATTGGTTGTGGTACTTATATCCGCATTTTGGTGATCATCAGGATATAATGTATTTTCTTTAGAACTT","Pf3D7_06_v3-1140900-1141174-1A.12","171G",357,0.479194630872483,2
"IM-23-122-JVIK","8039832487","Maziba","Pf3D7_08_v3-412801-413062-1A","ATGAAGAAATATACGAATATATACTTATAAACGATATTTTTAATTTAAAAAAAGAAATAAAAAATTTCAATATATTAAATAAATATGATGTATTTGAATATATTATTATTATTTTAAAATTGTATGATAAAATATATCCTGATGCAAAGTACATCGAATGTGTACGAGAAACATCACAGAATGGTGATCCTTTA","Pf3D7_08_v3-412801-413062-1A.2","46+9N58+8N101+13N",165,0.739910313901345,2
"IM-23-122-JVIK","8039832487","Maziba","Pf3D7_08_v3-549583-549807-1B","ACGTGCTGTTCAAAGAATGTTTGAAATGATAAATGAAGGTGCTAGTGTTATAGATATAGGTGGAGAATCCTCTGGTCCTTTTGTTATACCTAATCCAAAAATTAGTGAAAGAGATTTAGTAGTACCTGTATTACAATTATTTCAAAAAGAATGGAATGATATAAA","Pf3D7_08_v3-549583-549807-1B.1",".",1349,1,1
"IM-23-122-JVIK","8039832487","Maziba","Pf3D7_08_v3-585993-586266-1A","TGTAAATATAAATCATACGTATGACATGAATCATCATTTAATGCATTCTTAATTGTTAATGCTAATCTACTTACAATAATATAAGCAAAGTTTATATGAGAATGAATACCTTCTTTTCCTAAAAAGTTATAAAGACTAACAAATGGAGCATATATTATAAATTTATCATACTTTTTTTTGTGCATAACTTCATTTAATAAAATATTT","Pf3D7_08_v3-585993-586266-1A.1","171+10N",1193,1,1
"IM-23-122-JVIK","8039832487","Maziba","Pf3D7_14_v3-279563-279833-1A","CATTTTTCTTTTAAATGAGAGCAATATATTTCTTAGGTTTATTCCGGATAAATGTTTAGTTATTAGCCAGGTGAGTTATAGTGATTCATATAAGGTAAATTGTATTAATTTCTCTGAAGGATTTTGTTGCTGTCATCCAATAAATAATTTAGCACTATTATATGGAGAGTATGAACAAAATCAAGAATCAAAAATTATGAAATTACCG","Pf3D7_14_v3-279563-279833-1A.3","77T173G",329,0.582300884955752,2
"IM-23-122-JVIK","8039832487","Maziba","Pf3D7_13_v3-935613-935884-1A","CAAAATAATATGAATAGTAATAGTAATAGTTATAATAATTTTAATATAACAGATAGAAGTAAAGAAATAAAAAAAAATTATAAAAGAAACAAAATTTTAATAGTTATTAATAATATTAATACAAATCATATTTTATTATTAAATGAAAGTGTTATAAAAAAAAAAATACTTACATTTTATCTAGATCTTTTTTTTGATGATAATGAACAAAT","Pf3D7_13_v3-935613-935884-1A.1","68+11N155+13N187+10N",446,0.40582347588717,2
"IM-23-122-JVIK","8039832487","Maziba","Pf3D7_14_v3-2020604-2020849-1A","CAAGAACATGAATATTTCTGTAAATACATAGACAAGTCCTCATTATGTCTTATCACAGGGTGCTCTTCTTTAATATGACAATATAATTTTATATGTTTTATTATTTCTTGATGAATTTCACATAATAAAAATAATGTGTGATTCATATGTTGACTACCCAATATAGAAAAGCCACTAACTAATTG","Pf3D7_14_v3-2020604-2020849-1A.1","65+8N",284,0.243986254295533,2
"IM-23-122-JVIK","8039832487","Maziba","Pf3D7_05_v3-668763-669004-1A","TAATATTATCTGGCTCTGTAACCATGTCCGAACATATGTTAACAGGAGAATCTGTTCCTATACATAAAGAGCAGTTACCTTTTGAAGGAAATGCTATTATAAATAAAAATAATAAATATGAGAGTAACGATGAAAAGGATGATTACCTTCGTATTTATAATAATCATGCTAGTATTAATATGATCAAGCG","Pf3D7_05_v3-668763-669004-1A.7",".",383,0.216139954853273,2
"IM-23-122-JVIK","8039832487","Maziba","Pf3D7_14_v3-2481033-2481276-1B","CCATGTGGATAAAGACAGTAGAGAGCAATTCGAAATAAAACAGTACTCTTGCAAATTAGATATTTTTTTGAACTCATCTGTTCCTATAAAAAATTCTGAATGTAAGCAGAATAAATTATACACAAAAGAATATATATTCATTTTTATTTATTCACTTTATATATGTTTGTA","Pf3D7_14_v3-2481033-2481276-1B.1","62+9N87+8N172D=TGTATGTA",854,1,1
"IM-23-122-JVIK","8039832487","Maziba","Pf3D7_09_v3-685560-685825-1A","GAACCAAACAACGACAAAGGAACAAGATAATTTTTTCCATTTTTATAAAAGTAATATATATGATATGGAAAATAGAACATGTAATAATAATATATTACAATATTGTGTTATGAATAATAAATCATATTTATTTCATAATATATCATCCAAAAAAAATATATATATAAAAAAAAAGAATCATCAGTTTTCTTTATTCATATATT","Pf3D7_09_v3-685560-685825-1A.1","30+8N79A148+10N165+11N",17,0.386363636363636,2
"IM-23-122-JVIK","8039832487","Maziba","Pf3D7_14_v3-294503-294768-2","CAGAATTTAGATGTTATCAAAGTCCCATTCTTACCTTTCTATGTAACTCTTTGTAACAACAGCAAATTACCAACATTTGAATTTACCTCAGAAAATGGTAAATACACATTAGAACCTGAATACTACCTTCAACACATAGAAGATGTTGGTCCAGGATTATGTATGCTTAATATCATAGGATTAGATTTTCCAGTACCAACCTTTA","Pf3D7_14_v3-294503-294768-2.19","75A",838,0.478583666476299,2
"IM-23-122-JVIK","8039832487","Maziba","Pf3D7_11_v3-1018781-1019053-1A","TTTTTGATTCATATCATTATCATAATTATATATATATTGATCTCTGTCTATATGGGGAGCAAAAAAATATAAAGGATGTTGTGTCAAGGCTAATAATAATTCTGTAGCTATACTACTACTTATGTTACTTATACCACATCTAGTGACTGTGCATTTTTCATCTAATGTTCTATAGGATAAAGAATCTGAAGGACAATGCATATCAT","Pf3D7_11_v3-1018781-1019053-1A.1","60+9N85C151G",36,0.218181818181818,2
"IM-23-122-JVIK","8039832487","Maziba","Pf3D7_05_v3-796518-796759-1A","TGGTTCTTCAATTGTTCATATAAGTTCTTTATTAGTAGGTGTATATTTATGTAGTAGTAGTGCAAATGCATTTAATCAAATTATTGAAAGAAATATAGATAAGTTAATGAAAAGAACCCAAAAAAGACCCTTAGCAAATAATAATCCAAATATGTCAGTTAAACATGCTGAAATAT","Pf3D7_05_v3-796518-796759-1A.4","119+8N",1,0.000826446280991736,4
"IM-23-122-JVIK","8039832487","Maziba","Pf3D7_14_v3-294506-294753-1B","AATTTAGATGTTATCAAAGTCCCATTCTTACCTTTCTATGTAACTCTTTGTAACAACAGCAAATTACCAACTTTTGAATTTACCTCAGAAAATGGTAAATACACATTAGAACCTGAATACTACCTTCAACACATAGAAGATGTTGGTCCAGGATTATGTATGCTTAATATCATAGGATTAGATTTTCCAGT","Pf3D7_14_v3-294506-294753-1B.1",".",943,0.567730282962071,2
"IM-23-122-JVIK","8039832487","Maziba","Pf3D7_14_v3-1392837-1393086-1A","ACATGTATTGTCCCCAGCATGAATCGGGTGATAAATATTATCAAGCGTATCAAAAAATGGATTGTAATTATTACTACTATTCATATCATTATTTTTTGTGGTGGTGGACTGTGAAATGTTTTCCTTATGATTTTGACTTGTGTGTATATCCCTACCAACAACATATTCAACATTATTATTATCAAAAA","Pf3D7_14_v3-1392837-1393086-1A.2","51+8N91+8N",310,0.238461538461538,2
"IM-23-122-JVIK","8039832487","Maziba","Pf3D7_14_v3-1392837-1393086-1A","ACATGTATTGTCCCCAGCATGAATCGGGTGATAAATATTATCAAGCGTATCAAAAAATGGATTGTAATTATTACTACTATTCATATCATTATTTTTTGTGGTGGTGGACTGTGAAATGTTTTCCTTATGATTTTGACTTGTGTGTATATCCCTACCAACAATATATTCAACATTATTATTATCAAAAA","Pf3D7_14_v3-1392837-1393086-1A.3","51+8N91+8N162T",990,0.761538461538461,2
"IM-23-122-JVIK","8039832487","Maziba","Pf3D7_08_v3-585331-585590-1A","TGAAAACTTTTCATGTACGGTTAATAAACAAAATAATTCTGAATTATATATAAGTAAAACTTCTTCTACATCTCTAAATTTATGCATTGTAGCTCTTTTAATATAATAAGGCAAATATTTTACAATATATTTTTGTTTAAAAAAACCTTGATGACCAACATTAATATCTTCCATTTTGGAAAAGGTTCCACTTAACG","Pf3D7_08_v3-585331-585590-1A.2","102T138+9N",1400,1,1
"IM-23-122-JVIK","8039832487","Maziba","Pf3D7_05_v3-958920-959168-1B","AATAATAAATCGAAAACCATTAGTTGAAAATAATGATGATGGAGAAACATTACCAAATATTAAAAAAATTGAATTTAAAAATGTAAGATTTCATTATGATACTAGAAAAGATGTTGAAATTTATAAAGATTTAAGTTTTACTCTAAAAGAAGGGAAAACATATGCATTTGTGGGAGAATCA","Pf3D7_05_v3-958920-959168-1B.1","61+9N",782,1,1
"IM-23-122-JVIK","8039832487","Maziba","Pf3D7_05_v3-641131-641404-1A","GGAATTTTTTTTTTGGTGTTTTATTTTTTCGAAGGATACAGTATAATCTAAGACATTAAAATTATTGGGTTTGAAAAAGAGTTTCCTTTTTATGATGTGCAATAGAGGTATATTTATATAGGAAATATAAACATATAAAAGGAATATGATAAAAAGGAAATATTGACTTAATAAAATATTAATATTTCTTTTTTTAAAATATATTTCGT","Pf3D7_05_v3-641131-641404-1A.3","4+12N23+8N42T188+9N",276,0.713178294573643,2
"IM-23-122-JVIK","8039832487","Maziba","Pf3D7_02_v3-291770-292017-1A","TAATATCATAAGGTTTGAATATTTTCCTCTCAGGTATTATACCAACAGAAGGTTTATCATCATCTTTAAAACCTGCTCTATCTTTAACCCAATGATTAGGATTTTTTAAACATAAAGCTGGATTCTTTAATAAATCTTTCATATGTTCCATATTATTTTCTTCATTTATATATGATTCTAC","Pf3D7_02_v3-291770-292017-1A.3","92A101+8N",535,0.46562228024369,2
"IM-23-122-JVIK","8039832487","Maziba","Pf3D7_02_v3-290580-290821-1A","TTATTATAAGGATTATAATTATTATCATTCTTATTATATGGATTAATATAATTTTGATCATAATCATTACTGTTTTTATCATATTGTGGATAATTATTTCTATTTCTATTTTGATTAAAATCCGATTGTCTATATCTAACTCTAATATCTGTAGATGCTAAATCATTAGGTAATGGG","Pf3D7_02_v3-290580-290821-1A.5","12+26N55T62A",1051,0.477510222626079,2
"IM-23-122-JVIK","8039832487","Maziba","Pf3D7_06_v3-851492-851765-1A","ACAATAGTACATTGTGCATTTACATCACAACCTCCATTATTTTTTGAACAGTTCATATCTTTCATAGGTATACATTTAAAATAATTTACACTCATATCAACTATATAATTAGGTCGGCATCTACATTGTTCTTTATCTTTTTCGACAATATAACAACGTGAATTGGGTCCACATTTGGAATATTCACAAATATAATTTACTTTAAATATAACAAAATTTCTCA","Pf3D7_06_v3-851492-851765-1A.3","14G39+8N",660,0.510046367851623,2
"IM-23-122-JVIK","8039832487","Maziba","Pf3D7_07_v3-1028330-1028603-1A","TAAAGAATATTTTTATTTCTAATATTATGGCTAAAAGGAAAATTATTTAATTTCATTTTTTGTGGGTTACTTGTATCATTACAACTCATCATCATGACCATATTATTATTATTATTATTGTTGTTGTTGTTGTTGTGGTGGTTCATTACCAATAAATTTGTGTTATTATGTTCATCCTTTTTTATATTAACAATTTCATTTCTATAA","Pf3D7_07_v3-1028330-1028603-1A.2","55+8N101+36N177+8N202C",593,1,1
"IM-23-122-JVIK","8039832487","Maziba","Pf3D7_04_v3-544454-544718-1A","ACAAAATATAATACTTTATATACAAATGCTTATAAAAAATTTTAACTCGAACGTACTTCAAAATAATATAAATGAACAAGAAGTAATACATAATAACATCAACATTAATAATATAAAAGAAGAACAAATTATACCAAATAATATCAAGAATATCCATAATAATGACAATATTAATCATTGTGATGGTAATAAAATAA","Pf3D7_04_v3-544454-544718-1A.1","33+8N186G",1070,1,1
"IM-23-122-JVIK","8039832487","Maziba","Pf3D7_08_v3-1375025-1375284-1B","CAAGTTATTATTAAATGCGGAATTATTCTATATAAAAATAAAAAAGCATTTAAAAATGAAAAAATTTATATATATACAATATATAAATATAGATATATATATATATATATATATTATTATTATATGTATTTTTATAATTGAATGATATATTTATTTCTATTTGCAATTAAAATGCTTACGTTATCTAACAAAAGTACGGAGGCAAAA","Pf3D7_08_v3-1375025-1375284-1B.30","39+8N58+8N67+53N",25,1,1
"IM-23-122-JVIK","8039832487","Maziba","Pf3D7_08_v3-1386786-1387035-2","TTGTCTCCTTTGTCGCAGCATGCCTTTCATTAGCTGCTATAGCTTGTGTTATCTTAACTTCATTATAAAAAAAATATACTTCGATAAAAGGTACATATACCATGCTGGTCAATGATATTAGCATGCGACATTCTAATATATCCATTATGAACAAGGTGAACAAGAATATTGGGATTATTGAAATTGT","Pf3D7_08_v3-1386786-1387035-2.1","66+10N",1519,1,1
"IM-23-122-JVIK","8039832487","Maziba","Pf3D7_07_v3-1149367-1149613-1A","TATTTGACTAGTCGAATAATATTTAATATTTTTGTTTAGGAAGTTTTCAAAATTGATGACATTGATAACCGTTTTTATTAAATCGCTTGGGTTGTTTGTGTGTTCTATAGTAGAAGACATAATTTTAAGAATGTGTTTTTGTGTTATTAAACAAAACTTTGTTACTATATGGAATCGTATGTTAT","Pf3D7_07_v3-1149367-1149613-1A.1","106T109A",2637,1,1
"IM-23-122-JVIK","8039832487","Maziba","Pf3D7_07_v3-403479-403716-1B","TTAGGTGGAGGTTCTTGTCTTGGTAAATGTGCTCATGTGTTTAAACTTATTTTTAAAGAGATTAAGGATAATATTTTTATTTATATTTTAAGTATTATTTATTTAAGTGTATGTGTAATGAATAAAATTTTTGCTAAAAGAACTTTAAACAAAATTGGTAACTATAGTTTTGTAACATCCGA","Pf3D7_07_v3-403479-403716-1B.1",".",1225,1,1
"IM-23-122-JVIK","8039832487","Maziba","Pf3D7_14_v3-407306-407542-1A","CTTTCTTTCGTCTTTGTTTTCATTATCCATATAATCTTTTTCTCCTTCCTTTTCATTCTTTACTTTATTTCTATTAATACACAACTCTCCTTGAGTTAAGAGATTTACGATATTATCAATATTGTTTTCTTTCATATACTTCAACTTTTTACTATTCATTTTTAAAAGA","Pf3D7_14_v3-407306-407542-1A.7","16G18T",639,0.460374639769452,2
"IM-23-122-JVIK","8039832487","Maziba","Pf3D7_13_v3-852647-852921-1A","TACGAAATGATGAATTAAAAGAATTAACATTTATGAAAAATAAAGAAAATAGGAATGCAGATACATATGTTTTTGATTATCCTAAAAAAGAGAAATATGACCAATTAGTTTTTGAATTACGTAAACATAATTTTAATATAACAAGCATGGATACATATAAAAAACTAAAAAATGAAACATCATCACAAAAAGAAGAAAATGCTTCTATAATAAGTT","Pf3D7_13_v3-852647-852921-1A.12","83+8N150G158+8N169A",420,0.748663101604278,2
"IM-23-122-JVIK","8039832487","Maziba","Pf3D7_13_v3-911757-912005-1A","GAGCCAACAATTTGATTTTCCACAACTTACTGAATCTTTAAAACATTGTGAACAGGTATATGACATTTTTTTATTATCTTTGGCTAGTTCCTTTTGAACACATTCCATAGTACTATCACCTGAACCTAAGTTATCAACAGAACATTTTAATAATATACTAAAAAATTTATTGCTAGGAGAAAGTTGTAAA","Pf3D7_13_v3-911757-912005-1A.5","60A65+9N159+8N",374,0.238520408163265,2
"IM-23-122-JVIK","8039832487","Maziba","Pf3D7_14_v3-298368-298636-1B","ACGATTTAATGTGGCAAGTTGATTTAGATGTACATTTTGGTAATGTATCTTCCAAAAAAGCAAACGTTATTTTAGATAGTGCCACCAGTGTCATAACTGTACCAACAGAATTTTTTAATCAATTCGTAGAATCTGCAAGTGTTTTCAAAGTTCCATTCTTATCTTTGTATGTAACCACTTGTGGTAACACGAAATTACCAA","Pf3D7_14_v3-298368-298636-1B.1","53+8N110+8N",486,1,1
"IM-23-122-JVIK","8039832487","Maziba","Pf3D7_14_v3-921176-921432-1A","ACAATATTAATTTTTTAAGTTCATTATTTCAATTTTATATTTAGGAGGATCTATATCCATATATTATTCATTTTAAAAATATTAAAATAAATACATATATAAATATATAAACATATAAATACAGTCTTTTAAAAATTAATAAGATTTATATAAAATATGGTTATAAATCCTATTTTGTATTATATCAAA","Pf3D7_14_v3-921176-921432-1A.6","15T120T",307,0.454814814814815,2
"IM-23-122-JVIK","8039832487","Maziba","Pf3D7_01_v3-145388-145662-1A","GATATGTTTAAATATATGATTCTCGAAAAAACTTTTTTTATTTTTTTTGTCAATAGATAAATGATCAATATTTTCTATATTTAATCTATCAAGAATTTTTATATATCTATTATTTCTTTCTTCGATGGATAAATTATATGAATCAATATCCTTTCTTTCATCAACAAACTTTTTTATTGTTAACTCCATTTTTTTATTTAAGATACCA","Pf3D7_01_v3-145388-145662-1A.3","25+25N94A139T169+8N188+9N",169,0.531446540880503,2
"IM-23-122-JVIK","8039832487","Maziba","Pf3D7_03_v3-515418-515657-1A","TTTCCTTAATTTCTATATGTTTGAATTCCCTTATAGACATATTTGAATCATTATTACTTTTATATGAAGTGTTATTATCGAAATTATTATTAATACATTTTATTTTAATGATTTTGTTAAAATTTTTATTATTTACTATAATGGAAGTCAGATATGTACTTATCGTATGGAAAGCTAATCATCAACA","Pf3D7_03_v3-515418-515657-1A.2","5C",3114,1,1
"IM-23-122-JVIK","8039832487","Maziba","Pf3D7_03_v3-221185-221419-1B","AAATAAATTAAATAGGAAAATATAAAGAAAAATGAAAATTAAGAAAAAAAGTAGTATATATTTTTATAAATATTGTACAACTCAAACTAAGATGTGTTCTTTATCTAATTAAGGAACAAGAAGGATAATACCATTATTAATCCTATTGAACTATTTACGACATTAAACA","Pf3D7_03_v3-221185-221419-1B.1","43+9N",800,1,1
"IM-23-122-JVIK","8039832487","Maziba","Pf3D7_03_v3-221295-221532-2","AAGGAACAAGAAGGATAATACCATTATTAATCCTATTGAACTATTTACGACATTAAACACACTGGAACATTTTTCCATTTTACAAATTTTTTTTTCAATATCATTTGCATAATCTAATTGGTCTTTAGGTTTATTAGCAGAGCCAGGCTTTATTCTAACTTGAATACCATTTCCACAAGTTA","Pf3D7_03_v3-221295-221532-2.1","86+11N120G",2344,1,1
"IM-23-122-JVIK","8039832487","Maziba","Pf3D7_03_v3-221463-221712-1B","ACTTGAATACCATTTCCACAAGTTACACTACATGGGGACCATTCAGTTGAAAGAGAATTTTTTATTGTCTTTAAATATTTTTCTATGTGCTGATCACTTGGTTCTTCGTTATTATTATTTTTTACAGCATTGTTGGCATTAGCATTTTCATCTACATTTCGGTTTGGGTCATTTGGCATATTGTGACCTTGTC","Pf3D7_03_v3-221463-221712-1B.8","62T67G69C80T83C92G117+8N130T",212,0.251184834123223,2
"IM-23-122-JVIK","8039832487","Maziba","Pf3D7_07_v3-432832-433091-1A","TTGAAAAAGTCATCATCAGAATGGGGATGATTATTATTGTTATTATGAGTTTGGTTCGTATTAATATTATGCTCCTTTTCGTTATTTAATTTATGTTCATTTATATTTTTATAAATAAATAATTTTCCAAGAAGTATACCATTAATAAACTTACTAGTTAACATATTAGACTGCTCAATATTTGTACATTTTTTTAATGTATGTATT","Pf3D7_07_v3-432832-433091-1A.1","30+17N188+9N",1724,1,1
"IM-23-122-JVIK","8039832487","Maziba","Pf3D7_07_v3-475313-475545-1A","AGCTTTATTATCTACAAAAAATCCACGTGGATATATGAAACAAATGAAATTGTATTTTATATTCCAAATTAAAGAAATTGCATTAAGAAAACATGGCTCTTTACTTACAGTCAAAAATTTATATAATAATAAACTTTTAAATATAAATTCATCATCTTCTACAAATA","Pf3D7_07_v3-475313-475545-1A.1","15+8N",967,0.750193948797517,2
"IM-23-122-JVIK","8039832487","Maziba","Pf3D7_13_v3-1419363-1419626-1A","TTTTGAAATCTGTATATTTTTTATCATGTTCATCGAGATTTATTTTGTTCTTTTTGTTTGAAATATCAACTACATGATTAAAAACATCTCCTAAATTATATAATTTCTTATCTAGGTCTTTTTGAAATGTCGATTCTCCTCCTTGTGCTGGTTTTTGTACTTCTTGTCCTTGTGTTGATATCTCTTGTTCATTTTTAGATTGAG","Pf3D7_13_v3-1419363-1419626-1A.2","16+8N24T28G",377,0.790356394129979,2
"IM-23-122-JVIK","8039832487","Maziba","Pf3D7_07_v3-627351-627625-1A","TCACTAAGATAATTATTATTACTATTTTCAGCATAATAAAATTTCTGATGTTTTATAAGAGGAGTTTGGTTAGAAGCAAAATTATCAGCAGTTGTCGAATAATTATTATGTTCTTGATAAAAGAGATTATTCATATAGTTATTATTATTTTTCATATCATCCATAGTATTATTGTTAATATAAAATTCCTCATATGAATTATATATATA","Pf3D7_07_v3-627351-627625-1A.1",".",430,0.777576853526221,2
"IM-23-122-JVIK","8039832487","Maziba","Pf3D7_08_v3-476232-476475-1A","CAAACACATGATAAACAAAAGTGTAAGGAAAATTTTTCAAATTCATTTGTTAATGAAATATATGAAAAAGAAGAAAAAGAAACGCAAAAAATGAAAGAATATTTAGAACAACATGAAGAACATTTTTCAACGTTTAGAAATTCAATTTTATGTAAATTAAGAATAGCTGAAGAATT","Pf3D7_08_v3-476232-476475-1A.1","85+8N",1053,1,1
"IM-23-122-JVIK","8039832487","Maziba","Pf3D7_13_v3-852647-852921-1A","TACGAAATGATGAATTAAAAGAATTAACATTTATGAAAAATAAAGAAAATAGGAATGCAGATACATATGTTTTTGATTATCCTAAAAAAGAGAAATATGACCAATTAGTTTTTGAATTACGTAAACATAATTTTAATATAACAAGCATGAATACATATAAAAAACTAACAAATGAAACATCATCACAAAAAGAAGAAAATGCTTCTATAATAAGTT","Pf3D7_13_v3-852647-852921-1A.4","83+8N158+8N",141,0.251336898395722,2
"IM-23-122-JVIK","8039832487","Maziba","Pf3D7_13_v3-815862-816091-1A","ATGATGTAGATGCTAATAGCACATCCTGGTCAGTATCTTGTGATAAATAATTTAATTTATCCGCTAAAAAATAAAGTATAATTTCACAGCTTTTTTTATTTGTATCTGTGTTTTTCATGTTATCATAAAAAGACAAAGATGAAGTAGCACATGAGTTAATTA","Pf3D7_13_v3-815862-816091-1A.2","59A65+8N90+9N",211,0.239772727272727,2
"IM-23-122-JVIK","8039832487","Maziba","Pf3D7_05_v3-641131-641404-1A","GGAATTTTTTTTTTGGTGTTTTATTTTTTCGAAGGATACAGGATAATCTAAGACATTAAAATTATTGGGTTTGAAAAAGAGTTTCCTTTTTATGATGTGCAATAGAGGTATATTTATATAGGAAATATAAACATATAAAAGGAATATGATAAAAAGGAAATATTGACTTAATAAAATATTAATATTTCTTTTTTTAAAATATATTTCGT","Pf3D7_05_v3-641131-641404-1A.2","4+12N23+8N188+9N",111,0.286821705426357,2
"IM-23-122-JVIK","8039832487","Maziba","Pf3D7_14_v3-2004362-2004606-1A","TATTTCCATATTATTGTAATAGGGCTTTTTCTTGCTCTTCTAATTTTTGTATATCTTGCTTATCCTTATCTAATTGTCCAAGAGCATCTAATTCATCATCTACATTTATTTTATTTTCTTGAGAATATTCTTCAATTTTGTCTTCGAAACTGTTATATAATCTATTTATAATTGGTTG","Pf3D7_14_v3-2004362-2004606-1A.4","88C98A",489,0.759316770186335,2
"IM-23-122-JVIK","8039832487","Maziba","Pf3D7_14_v3-1992121-1992370-1A","ATTAAAACATTCCAACAATTTTATTTCCTTCTTTATAAAATTATATAAATTAATTATTTTCTTTTTATCACATTCAAAGACGGCATAAGGTGCACCCCATGAACATTTTTTACTTTTGCTACCATCAGGCATAATATAAACACCAGTACCATTTTTTTCTGATAAATTAATATTTTTTTGTATAACATCATA","Pf3D7_14_v3-1992121-1992370-1A.1","105+8N151+9N172+9N",393,1,1
"IM-23-122-JVIK","8039832487","Maziba","Pf3D7_05_v3-668763-669004-1A","TAATATTATCTGGCTCTGTAACCATGTCCGAACATATGTTAACAGGAGAATCTGTTCCTATACATAAAGAGCGGTTACCTTTTGAAGGAAATGCTATTATAAATAAAAATAATAAATATGACAGTAACGATGAAAAGGATGATTACCTTCGTATTTATAATAATAATGCTAGTATTAATATGATCAAGCG","Pf3D7_05_v3-668763-669004-1A.8","73G122C165A",1389,0.783860045146727,2
"IM-23-122-JVIK","8039832487","Maziba","Pf3D7_09_v3-685560-685825-1A","GAACCAAACAACGACAAAGGAACAAGATAATTTTTTCAATTTTTATAAAAGTAATATATATGATATGGAAAATAGAACATGTAATAATAATATATTACAATATTGTGTTATGAATAATAAATCATATTTATTTCATAATATATCATCCAAAAAAAATATATATATAAAAAAAAAGAATCATCAGTTTTCTTTATTCATATATT","Pf3D7_09_v3-685560-685825-1A.3","30+8N38A79A148+10N165+11N",27,0.613636363636364,2
"IM-23-122-JVIK","8039832487","Maziba","Pf3D7_05_v3-796518-796759-1A","TGGTTCTTCAATTATTCATATAAGTTCTTTATTAGTAGGTGTATATTTATGTAGTAGTAGTGCAAATGCATTTAATCAAATTATTGAAAGAAATATAGATAAGTTAATGAAAAGAACCCAAAAAAGACCCTTAGCAAATAATAATCCAAATATGTCAGTTAAACATGCTGAAATAT","Pf3D7_05_v3-796518-796759-1A.1","14A119+8N",280,0.231404958677686,4
"IM-23-122-JVIK","8039832487","Maziba","Pf3D7_14_v3-294503-294768-2","CAGAATTTAGATGTTATCAAAGTCCCATTCTTACCTTTCTATGTAACTCTTTGTAACAACAGCAAATTACCAACTTTTGAATTTACCTCAGAAAATGGTAAATACACATTAGAACCTGAATACTACCTTCAACACATAGAAGATGTTGGTCCAGGATTATGTATGCTTAATATCATAGGATTAGATTTTCCAGTACCAACCTTTA","Pf3D7_14_v3-294503-294768-2.1",".",913,0.521416333523701,2
"IM-23-122-JVIK","8039832487","Maziba","Pf3D7_09_v3-82006-82236-1A","TTTATCATCTTTAGGCCATAACCAGAGTACAAGCAATCCAACTATAACAATTGTAATTAACATTATAAATACTGTAATACCATAAACACTACCAGAAGCGATCAGAAATGCACTAAAAGTATTACAACATTCACTTGAAATAAGAGTAGCGATAAAACTAAAAATAGC","Pf3D7_09_v3-82006-82236-1A.18","95G123T137G138A",499,0.244968090328915,2
"IM-23-122-JVIK","8039832487","Maziba","Pf3D7_05_v3-796518-796759-1A","TGGTTCTTCAATTGTTCATATAAGTTCTTTATTAGTAGGTGTATATTTATGTAGTAGTAGTGCAAATGCATTTAATCAAATTATTGAAAGAAATATAGATAAGTTAATGAAAAGAACCCAAAAAAGACCCTTAGCAAATAATAATCCAAATATGTCAGTTAAGCATGCTGAAATAT","Pf3D7_05_v3-796518-796759-1A.2","119+8N163G",927,0.766115702479339,4
"IM-23-122-JVIK","8039832487","Maziba","Pf3D7_14_v3-3124416-3124655-1A","TAATTGATCTTCTAGAGGAATTAGATATTTTGTCTATATCGAATAAAGATGAAGTAGAAAAACGAAGAAAGAAAACAACTCAAGAGACGCGGTTGTTAGGAAATATTGATTTAGGATATGGAAAATTAGGAGAGGGAATAAAGCATGAAAATTTACAGGAAGAATTAGGAAACAGATTATTTG","Pf3D7_14_v3-3124416-3124655-1A.5","72A",1974,0.749430523917995,2
"IM-23-122-JVIK","8039832487","Maziba","Pf3D7_09_v3-202854-203106-1A","AATATACAAAGAATGCATATGATAAAATATTCTTTGTCCTTTAAAATTTTTTGTTCTTGTACTTTGTTTTTTATAATCTATTAAATTCATATCTGATGAAATATCATATTTATATTCCCCTTTATGAGCATTTACAAAAGTTTCGCTATTTCTTTTATTAATATATGTATTTGAGCACATATTTTTAT","Pf3D7_09_v3-202854-203106-1A.1","16C46+8N66+8N183T",309,0.217605633802817,2
"IM-23-122-JVIK","8039832487","Maziba","Pf3D7_14_v3-3125801-3126073-1A","ATTCTTATAATATTTAAGAATGAAGGGATTAAATATTTACATTTTAGCGACGATACTCTGAAATATGTTAATTTTAATTATCCTGATTTTAACTTATATAAATGTATGAATTTATATAAGAAAAATTATGTTGATAGGGATGAGAAAGATATCTGTGATTTTTCAAATGAAGATTTTCCGTTAATAAAAGAAAATAACAAGAGAATCAG","Pf3D7_14_v3-3125801-3126073-1A.1","51C",93,0.249329758713137,3
"IM-23-122-JVIK","8039832487","Maziba","Pf3D7_14_v3-3125801-3126073-1A","ATTCTTATAATATTTAAGAATGAAGGGATTAAATATTTACATTTTAGCGACGATACTCTGAAATATGTTAATTTTAATTATCCTGATTTTAACTTATATAAATGTATGAATTTATATAAGAAAAATTATGTTGATAGGGATGAGAAAGATATCTGTGATTTTTCAAATGAAGATATTCCGTTAATAAAAGAAAATAACAAGAGAATCAG","Pf3D7_14_v3-3125801-3126073-1A.7","51C175A",1,0.00268096514745308,3
"IM-23-122-JVIK","8039832487","Maziba","Pf3D7_05_v3-958372-958608-1B","ATTTATAACAATTTTTACATATGCCAGTTCCTTTTTAGGTTTATATATTTGGTCATTAATAAAAAATGCACGTTTGACTTTATGTATTTCTTGCGTTTTTCCGTTAATTTATGTTTGTGGTGTCATATGTAATAAGAAAGTAAAATTAAATAAAAAAACATCTTTGTTATATAATAACAATACC","Pf3D7_05_v3-958372-958608-1B.4","60+8N89T151+9N",282,0.203610108303249,3
"IM-23-122-JVIK","8039832487","Maziba","Pf3D7_13_v3-2545065-2545291-1A","ATGATTCCTCAAAAGTTTAACATTCCACATAGTATCTGTTAAATTGATAGTTTGCAAACAATTATACGTTTGGTTATTTTTATTTTTAAAAAAGGATATATCATCATCTAAAGATTTATTTTTGAGAAAGATTTCCATATATTCATATATATCATGAATACACCA","Pf3D7_13_v3-2545065-2545291-1A.18","87+8N102C154A",2205,1,1
"IM-23-122-JVIK","8039832487","Maziba","Pf3D7_04_v3-133581-133830-1A","CTCTCGATTATCATTACCTACTTCAGTCTTTACAATTGTAGGAGGTGTTTTAACATGATTATCCCCTCCATGAGGAGTAACCCTTAAAGGTTCTTCTTGAATATTTGGTGTCGCTTCGCCTGTTTCTGTAGAAAGGATATTTATTCTATCAACATATTCATCACCTTCTTCAACTGTACTATTTAAA","Pf3D7_04_v3-133581-133830-1A.1",".",304,1,1
"IM-23-122-JVIK","8039832487","Maziba","Pf3D7_04_v3-133928-134154-1A","TTTTGAAATATCTAATTTATCCATTTGCCTTTTTATTTCATAGTCCCAACTACTTACCCAGGTATTAAAATTAATACAATCCTGTTCTGCATATTTTATGGCTTTTAAATCCCTCAATTTAGTAGCCCTATCTTCACAATAATCTTCTAATATTTTAAT","Pf3D7_04_v3-133928-134154-1A.1","21C",1716,1,1
"IM-23-122-JVIK","8039832487","Maziba","Pf3D7_04_v3-140317-140548-1A","TCGGGACAATATTATAAGGATTTTATCACATCAAGGAAAAATATTTATAATATAAGGGAAAATATATCCAAAAATGTAGATATGATAAAAAATGAAGAAAAGAAGAAAATACAGAATTGTGTAGATAAATATAATTCTATAAAACAATATGTAAAAATGCTTAAA","Pf3D7_04_v3-140317-140548-1A.1","86+8N",2526,1,1
"IM-23-122-JVIK","8039832487","Maziba","Pf3D7_02_v3-470437-470709-1A","AATATTGACATGAAACATTATAATACACATAAGAAAAAAAAAATTTATTTATTCTTACAAAAAGAATATAAAAACAAAATTTTGGGATTTATAAATTTTTATAAACATATAACACACAAAATAAAAAAGAAACAAGAAAATGTTCATGATAAAATCACTTTTTTAAAATGTCTAAAGGAACTCTTTTTTGTCACACATACAAATA","Pf3D7_02_v3-470437-470709-1A.2","33+12N122+8N158+8N183+8N",268,0.408536585365854,2
"IM-23-122-JVIK","8039832487","Maziba","Pf3D7_04_v3-284121-284364-1A","ATATTGTATATTATCATAAGATTTATATGGAGGACCACATTGAAATCCGACAATTTCATTTGATGCATGTAGTACACATTCCGTATTTCTGTTTGAATTATTTAAAATAATTTTATTACTTAGAAATGATTCTTTTTCACTATAATCTTTATATAAGAAAGGGTCTTCATCAATTTGA","Pf3D7_04_v3-284121-284364-1A.1","157G",997,1,1
"IM-23-122-JVIK","8039832487","Maziba","Pf3D7_02_v3-503040-503288-1A","ATTATGATTAATAATAATATTTCTCATAATTTCGTTAAATACATCTAAACTATTTATAGAACCATCTATATCATCTTCATTCCTATTTTGGTGAACTGATTCGGTGTTTATAACATCTAAGGTGTCTTTTTCTTCTCCTCTGTAACTTTTTATAATTTTTTGATAAATGTTGTTATAAGAATTATCA","Pf3D7_02_v3-503040-503288-1A.1","155+8N",970,0.501551189245088,2
"IM-23-122-JVIK","8039832487","Maziba","Pf3D7_13_v3-2840462-2840736-1B","AATAAACACATATGTTTATTAATAAAATTGTTAGTTATTTTTATGTATACATAATAAATTAAAGATACTAAAACAATATTTTTAAATATAAATAAATGAATAATGATATTATTTATATGATTCATCATTCTATATTTACATGGAAGATTAAAAAATTATATATATATATATGGTAATTTCTGTGTTTATGTTTTTATTTTTATAATA","Pf3D7_13_v3-2840462-2840736-1B.3","88A149+23N",41,1,1
"IM-23-122-JVIK","8039832487","Maziba","Pf3D7_08_v3-1386795-1387043-1B","TCCTTTGTCGCAGCATGCCTTTCATTAGCTGCTATAGCTTGTGTTATCTTAACTTCATTATAAAAAAAATATACTTCGATAAAAGGTACATATACCATGCTGGTCAATGATATTAGCATGCGACATTCTAATATATCCATTATGAACAAGGTGAACAAGAATATTGGGATTATTGAAATTGTCTGCATTA","Pf3D7_08_v3-1386795-1387043-1B.1","61+10N",518,0.775449101796407,2
"IM-23-122-JVIK","8039832487","Maziba","Pf3D7_13_v3-388138-388408-1A","ATATATCTTTATTCATATGTTCTATATATTGTCTTTGTCTCTTTTCCTTTCTCATATCAGATATTATTGAATAATTTCCTTTATCACATACATATCTAGGATTATGTGATAATTCATAAGCTGCTCTTTTTAAAACTCTATTCTTTTCTTTAAAACTATTAAATTTTATATTATTGTTCATATTAGATGTGTTCCTTTTAATAATA","Pf3D7_13_v3-388138-388408-1A.1","194C",1156,1,1
"IM-23-122-JVIK","8039832487","Maziba","Pf3D7_13_v3-479569-479811-1A","CTAGAGACGAATTTGATGATAAAAGAAAATTAAAAGAAGAGAAAATTAAACAATGCCAACTATTAAATGAAAAACAACTAGAAGAAAAAGAAAAAGAAAAAAGAATTCTGAGAGAAAAAGCTGTTGAATATACCTTACAAAATGAAGAAGAATATAAACAACTAAAACGAAAATT","Pf3D7_13_v3-479569-479811-1A.1","96+8N",1296,1,1
"IM-23-122-JVIK","8039832487","Maziba","Pf3D7_14_v3-771407-771633-1A","ACCCACGGGACATTTTAATTTATACCTATTGGAACATTTTTTATTAGGTCTTTCTTTATGATTCTTCTTTAAAATAGGTTCATCATTATTTGAGTAAACTAACAGATTATTATCGTTCTCAAAATTATTATAACCATCAATATTTTTATTTCCATATACATCTATAA","Pf3D7_14_v3-771407-771633-1A.1","36+8N",1236,0.493216280925778,2
"IM-23-122-JVIK","8039832487","Maziba","Pf3D7_14_v3-921176-921432-1A","ACAATATTAATTTTTTAAGTTCATTATTTCAATTTTATATTTAGGAGGATCTATATCCATATATTATTCATTTTAAAAATATTAAAATAAATACATATATAAATATATAAACATATAAAAACAGTCTTTTAAAAATTAATAAGATTTATATAAAATATGGTTATAAATCCTATTTTGTATTATATTAAA","Pf3D7_14_v3-921176-921432-1A.5","15T186T",368,0.545185185185185,2
"IM-23-122-JVIK","8039832487","Maziba","Pf3D7_02_v3-628941-629172-1A","ACTTTTTTTAGATTTTTCTTGATCGTTTTCATCATTTTTTATTTCCTGTTCATCTGAGGTTTTCTTTTGTAAACGCTTAGTGCGTTGCTTTTGACCTTTTAATTTTTTTTTAAATATATTTTTAACTTGATCAATGAAGAAAGCATAATCTTGTATGACAGAAAATCT","Pf3D7_02_v3-628941-629172-1A.2","2+9N34+8N87G102+11N",947,0.769293257514216,2
"IM-23-122-JVIK","8039832487","Maziba","Pf3D7_06_v3-1128558-1128797-1A","ATTGAATCGTTGGTGTTTATTTTATTATTCCTCTTTTGTTTTTCAATGAATACAAATGTTTCATCGACACTATCTTTATGATCTATTGGTATGGCATGATTTTCTAAATTGCTATTTCTTTCATTAGAATTGTATTTTTCACTATTATAGGTTGAGGTTTTACTACATTTTATATTTTT","Pf3D7_06_v3-1128558-1128797-1A.1",".",500,0.462107208872458,2
"IM-23-122-JVIK","8039832487","Maziba","Pf3D7_10_v3-992331-992603-1A","TCATTATATTTTTAAAAAAAAAAATTATGATATAAAATCTTCAATTAATAAAAGATCTATCCAGTTCTTTAGAGACACTAATATAGATCATTATATAGCATATGAATATTATAAGGAGGACCGTACAGAATTTATATTAACTATTATGAATGAAAAAAATATTACTCATCAAGAAACTCAAAGTCTTGAAATGAAAAAGTTGAAAG","Pf3D7_10_v3-992331-992603-1A.1","13+13N72G127A152+9N",367,0.488681757656458,4
"IM-23-122-JVIK","8039832487","Maziba","Pf3D7_02_v3-630641-630907-1A","CTAAGTTATCTAAAATTATTAATTTTTTCAAATATGGTAATTTATGTCTATGAAGTAATAAGCCATCAACTAAATCTAAATCTAAACATAACCATTCTAATTTCGTTTCATTTAATATGTTTACAATTACATCTATACTAAAGTTAGAATGTAAAATCAAGGTTGTTACACCACTCATCATAGCTGCCATATCAACAAT","Pf3D7_02_v3-630641-630907-1A.1","22+8N43T",652,0.75990675990676,2
"IM-23-122-JVIK","8039832487","Maziba","Pf3D7_07_v3-404325-404590-1B","GAAACACAAGAAGAAAATTCTATCATATTTAATCTTGTCTTAATTAGTGCCTTAATTGTAAGAAAACAAAATATATAAATAAATAAATATATATATATATATATATATATATATATTTTAATATTTAATTTATATTAACACTTAAACTTTTTTTTTATTATATTAATTTATATTCTTTATCATTTTTTTTTTTTTTTCCTTCTTTTTTTT","Pf3D7_07_v3-404325-404590-1B.1003","71+40N112T124T145T176+19N195T197C198+8N",5,0.238095238095238,5
"IM-23-122-JVIK","8039832487","Maziba","Pf3D7_07_v3-404325-404590-1B","GAAACACAAGAAGAAAATTCTATCATATTTAATCTTGTCTTAATTAGTGCCTTAATTGTAAGAAAACAAAATATATAAATAAATAAATATATATATATATATATATATATATATTGTAATATTTAATATATATTAACACTTAAACTTTGTTTTTATTATATTAATTTATATTCTTTATCATTTTTTTTTTTTTTTTTCCTTCTTTTTTT","Pf3D7_07_v3-404325-404590-1B.72","71+40N176+19N198+8N",1,0.0476190476190476,5
"IM-23-122-JVIK","8039832487","Maziba","Pf3D7_07_v3-405517-405773-2","TTTTCTACCATGACATATACTATTGTTAGTTGTATACAAGGTCCAGCAATAGCAATTGCTTATTACTTTAAATTCTTAGCCGTAAGAATTAAAAAGATATAAATATATAAATATATATGTGAAATATATGATATATATGATATATATTTTTTATATGTAATGTTTTTTTTTTTTTTCACAATATACATTTAA","Pf3D7_07_v3-405517-405773-2.2","97+57N162+16N",701,1,1
"IM-23-122-JVIK","8039832487","Maziba","Pf3D7_13_v3-1406713-1406975-1A","TTTCATGTCTTCTTAAATATGTTTTAAATTCATTATTTAATTTTTCATCATATTTAGGTACATTTTTTTTTGGAAATCTAGATGTTTCATTATTATCGTGATTTGATGAATATATATAATGAGTTTGTTTAAAATGTGGTTCATTCAAATTATCTTTTTTCTTATCTTCGTGTATATTTTTATTATAATTTGAATACTTC","Pf3D7_13_v3-1406713-1406975-1A.1","6T62+11N154+8N",860,1,1
"IM-23-122-JVIK","8039832487","Maziba","Pf3D7_13_v3-1419363-1419626-1A","TTTTGAAATCTGTATATTTTTTATCATGTTCATCGAGATTTATTTTGTTCTCTTTGTTTGAAATATCAACTACATGATTAAAAACATCTCCTAAATTATATAATTTCTTATGTAGGTCTTTTTGAAATGTCGATTCTCCTCCTTGTGCTGGTTTTTGTACTTCTTGTCCTTGTGTTGATATCTCTTGTTCATTTTTAGATTGAG","Pf3D7_13_v3-1419363-1419626-1A.10","16+8N24T28G52C112G",100,0.209643605870021,2
"IM-23-122-JVIK","8039832487","Maziba","Pf3D7_13_v3-1465616-1465890-1A","TCTTGTGGATTATTATCTATTATATTTTCTTCTGGTTTTTGGACAGAAGAATTATCTCCTCTTGGTCTAGGTTGATCATCTTCGGGTTCATCTGGAACATCTAATGGTTCCCATTTTGGAGGACATCTTTCTTCTTCACATTGTTCTTGTAATTCACTTGTACATCCTTCGTGTAAGATTTCTCTTTTTCTTGACCTGGTACCTTTACCACAAGTTACACTACATGGAGA","Pf3D7_13_v3-1465616-1465890-1A.39","30T32C41G47A49G113A121G",998,0.770061728395062,2
"IM-23-122-JVIK","8039832487","Maziba","Pf3D7_03_v3-980853-981120-2","TAAGATTCTTTTGAGTTATTTATTTTCCAAATAATTTGGTTATATATATATGAAAATTCGATCATACCACATGCTCCAAGAATAATAGATGCATCGTCATTATATTGGAATGTAAAACTTTCATCATACTCATTTGTATTAGGTACACAAGAATCATCTTTATTTTTATAATTTTCTTTACATGTACAATTAATTTTACTATATT","Pf3D7_03_v3-980853-981120-2.1",".",817,1,1
"IM-23-122-JVIK","8039832487","Maziba","Pf3D7_05_v3-395887-396136-1A","TCTAAGGATTGTTGGTTTTTTAGGATGCTCATCTTTTTAAGATAATCCTCTTTACTGTCGTTATTATTTAAATCGTTTTGTATAATATTATATTGTGAATTCCTTGTGTTTTTCATAATACTATTAGTCCTATTGGTGTTCTTCTTCTTATTATTATTATTATTGTTCTTCTTCTTAATAAA","Pf3D7_05_v3-395887-396136-1A.4","15+8N145+20N",5,0.00853242320819113,2
"IM-23-122-JVIK","8039832487","Maziba","Pf3D7_05_v3-550803-551072-1A","ATATAATACACCTTTCTTATTTATATTAATCTTTTCATTTTTACAAGAAATCACCTCCCTACTTATTCGGTTGTCCTCATTTTCATATTTCATAACACCATCATTTATTTTTTCTATTTCTTTAATATTATTTTCTCCTTCGACGTAATTATGCTTTCCTATCATCTCCTTTGCTCTACTTCCTATATATACTAATTTCTCTCTGAA","Pf3D7_05_v3-550803-551072-1A.2","107+8N141C",645,1,1
"IM-23-122-JVIK","8039832487","Maziba","Pf3D7_14_v3-2004362-2004606-1A","TATTTCCATATTATTGTAATAGGGCTTTTTCTTGCTCTTCTAATTTTTGTATATCTTGCTTATCCTTATCTAATTGTCCAAGAGCAGCTAATTCATCATCTACATTTATTTTATTTTCTTGAGAATATTCTTCAATTTTGTCTTCGAAACTGTTATATAATCTATTTATAATTGGTTG","Pf3D7_14_v3-2004362-2004606-1A.7","87G88C98A",155,0.240683229813665,2
"IM-23-122-JVIK","8039832487","Maziba","Pf3D7_11_v3-1375807-1376056-1A","TCGTTATGTACTCTAATAAATTTTTTTTCATTATTTGAATCTATATTATTTACATTAGTATTTTGAGTTGTACCATAAATTTCAGTGTTATTATTATTTCTATTCATATAATTATGTCCGCTTATATAATTATGACCATTAAAAAAACGTCTTTCATGTATATCATCTCTTCTAATGTATTTA","Pf3D7_11_v3-1375807-1376056-1A.24","12T20+10N140+9N154T",473,1,1
"IM-23-122-JVIK","8039832487","Maziba","Pf3D7_01_v3-528859-529104-1A","TTTGATTCTTTTTAATGAAAAAGAAGCTAAAGATATGTCAGACCATATAATTTCCCAACAAAAACGTTATTGCTCTACCAATATTCATAGTAATTATAATAATAAAATATGTATATGTAAAAATAAGCGACATCATAACAAAAGAGGGAAAGGAATAAAGCATCCTGACATACATCAAAAGG","Pf3D7_01_v3-528859-529104-1A.2",".",1745,0.465581643543223,2
"IM-23-122-JVIK","8039832487","Maziba","Pf3D7_14_v3-2020604-2020849-1A","CAAGAACATGAATATTTCTGTAAATACATAGACAAGTCCTCATTATGTCTTATCACAGGGTGCTCTTTTTTAATATGACAATATAATTTTATATGTTTTATTATTTCTTGATGAATTTCACATAATAAAAATAATGTGTGATTCATATGTTGACTACCCAATATAGAAAAGCCACTAACTAATTG","Pf3D7_14_v3-2020604-2020849-1A.6","65+8N",880,0.756013745704467,2
"IM-23-122-JVIK","8039832487","Maziba","Pf3D7_14_v3-2355614-2355853-1A","ACTTTTCTCGATTCACATTATCCAAACCCATTTAACGAGTATGAAAAATATGACAAACATTATTATGAACTTGAAAATATTTTAAAAAACAAACTTAATGAACATTCCTTAAATTATCAATCTTTGTTAAAAATGAAAAGATTTATAAGTATGAACCATATGGAAAATAATAA","Pf3D7_14_v3-2355614-2355853-1A.3","83+8N157C",578,0.498705780845557,2
"IM-23-122-JVIK","8039832487","Maziba","Pf3D7_14_v3-2355614-2355853-1A","ACTTTTCTCGATTCACATTATCCAAACCCATTTAACGAGTATGAAAAATATGACAAACATTATTATGAACTTGAAAATATTTTAAAAAACAAACTTAATGAACAATCCTTAAATTATCAATCTTTGTTAAAAATGAAAAGATTTATAAGTATGAACGATATGGAAAATAATAA","Pf3D7_14_v3-2355614-2355853-1A.2","83+8N105A",581,0.501294219154443,2
"IM-23-122-JVIK","8039832487","Maziba","Pf3D7_05_v3-796518-796759-1A","TGGTTCTTCAATTATTCATATAAGTTCTTTATTAGTAGGTGTATATTTATGTAGTAGTAGTGCAAATGCATTTAATCAAATTATTGAAAGAAATATAGATAAGTTAATGAAAAGAACCCAAAAAAGACCCTTAGCAAATAATAATCCAAATATGTCAGTTAAGCATGCTGAAATAT","Pf3D7_05_v3-796518-796759-1A.3","14A119+8N163G",2,0.00165289256198347,4
"IM-23-122-JVIK","8039832487","Maziba","Pf3D7_11_v3-1968050-1968296-2","TCATTACACTAGTCATGATTGGTTTAGATTATTACGCCAAGGGAATAAAGCTCAAAATTCCATTTCTCAGGAAGTAGACATATTAACGGAAAAGTATAAAAAATTAATTTCAGAGGAAGACAATAAAAAAGAAAATAACAATAATAATGATGATGAAGTAAAACCAGAACTAAAAGACAATATA","Pf3D7_11_v3-1968050-1968296-2.2","97+8N124+8N",4536,1,1
"IM-23-122-JVIK","8039832487","Maziba","Pf3D7_10_v3-1386657-1386909-1A","CGATTTTGGTAGAGAACAGGTTAAATATATTGAAGACGTGGTTTGATAATCAGGTATTTCTTTAATTAAATATTCATGATATTGTTCGTTAGATACATAAATTAATTCATCCTCCACATTTTGCTGTTCTGTTATAATTTGTGAAGAAGCTTGGTTTGTTTTATTTGGTAATTGCTCTTTTATGA","Pf3D7_10_v3-1386657-1386909-1A.2","13A109A160T",1546,1,1
"IM-23-122-JVIK","8039832487","Maziba","Pf3D7_05_v3-958079-958350-1B","TTTTTATATCTGTGTTTGGTGTAATATTAAAGAACATGAATTTAGGTGATGATATTAATCCTATAATATTATCATTAGTATCTATAGGTTTAGTACAATTTATATTATCAATGATATCAAGTTATTGTATGGATGTAATTACATCAAAAATATTAAAAACTTTAAAGCTTGAATATTTAAGAAGTGTTTTTTATCAAGATGGACAATTTC","Pf3D7_05_v3-958079-958350-1B.1","186+8N",259,1,1
"IM-23-122-JVIK","8039832487","Maziba","Pf3D7_05_v3-958372-958608-1B","ATTTATAACAATTTTTACATATGCCAGTTCCTTTTTAGGTTTATATATTTGGTCATTAATAAAAAATGCACGTTTGACTTTATGTATTACTTGCGTTTTTCCGTTAATTTATGTTTGTGGTGTCATATGTAATAAGAAAGTAAAATTAAATAAAAAAACATCTTTGTTATATAATAACAATACC","Pf3D7_05_v3-958372-958608-1B.2","60+8N151+9N",1,0.000722021660649819,3
"IM-23-122-JVIK","8039832487","Maziba","Pf3D7_14_v3-3124416-3124655-1A","TAATTGATCTTCTAGAGGAATTAGATATTTTGTCTATATCGAATAAAGATGAAGTAGAAAAACGAAGAAAGGAAACAACTCAAGAGACGCGGTTGTTAGGAAATATTGATTTAGGATATGGAAAATTAGGAGAGGGAATAAAGCATGAAAATTTACAGGAAGAATTAGGAAACAGATTATTTG","Pf3D7_14_v3-3124416-3124655-1A.1",".",660,0.250569476082005,2
"IM-23-122-JVIK","8039832487","Maziba","Pf3D7_14_v3-297583-297856-1B","AGGAGGTTTTTCTTATTATATTTTTGAAAATTTCGTTTTTCAAAAGAACCGTAAAATTAATCACATAATTAAGACTTCAAAATATTCGACAGTAGGATTTAATATTGAAAATTCTTATGATAGACTTATGAAAACAATTAAAGAGCATAAATTAAAAAATTATATAAAAGAATCAGTAAAACTTTTTAATAAAGGTTTAACCAAAAA","Pf3D7_14_v3-297583-297856-1B.1","153+8N",413,1,1
"IM-23-122-JVIK","8039832487","Maziba","Pf3D7_02_v3-291770-292017-1A","TAATATCATAAGGTTTGAATATTTTCCTCTCAGGTATTATACCAACAGAAGGTTTATCATCATCTTTAAAACCTGCTCTATCTTTAACCCATTGATTAGGATTTTTTAAACATAAAGCTGGATTCTTTAATAAATCTTTCATATGTTCCATATTATTTTCTTCATTTATATATGATGCTAC","Pf3D7_02_v3-291770-292017-1A.1","101+8N177G",614,0.53437771975631,2
"IM-23-122-JVIK","8039832487","Maziba","Pf3D7_06_v3-416462-416720-1A","AAGAAAAAATGGACATTGTGGAGAATATAAAAAATAGAGGAAAGGAAAAAACAGAATTAACATATAAAGAAGTATATAAAACACAACAGAATCAAAATGATGCAAGTTTAAATTCATTTTGGGGTGATGAAAAAAAAAATAATAATTATGATATAGATATAGTAAAAGAGAAATATAGTGAGTTAATGAAAAAAAAAGAA","Pf3D7_06_v3-416462-416720-1A.1","3+8N28+8N45+8N129+12N188+11N",580,0.48494983277592,2
"IM-23-122-JVIK","8039832487","Maziba","Pf3D7_01_v3-535965-536239-1A","GCTCATTTGATATTTTCCAGTTGTTTGATTTTAAAAATGATGTATATTTTTTAGATGATAATTTGTTCGACAAGGATATGGTATATTGTACAAGTACCAACAATTATGGCGTTATGGGAAATGATAATGATGATGATAAAATAATAAAAATACAAAATTTAAATGAGAAATTAAAAAATGGAAAAGCTGAATTTAAAGATATATTATTAT","Pf3D7_01_v3-535965-536239-1A.1","46+8N121+17N172+8N",302,0.478605388272583,2
"IM-23-122-JVIK","8039832487","Maziba","Pf3D7_02_v3-290580-290821-1A","TTATTATAAGGATTATAATTATTATCATTCTTATTATATGGATTAATATAATTTCGATCATAATCATTACTGTTTTTATCATATTGTGGATAATTATTTCTATTTCTATTTTGATTAAAATCCGATTGTCTATATCTAACTCTAATATCTGTAGATGCTAAATCATTAGGTAATGGG","Pf3D7_02_v3-290580-290821-1A.6","12+26N62A",1150,0.522489777373921,2
"IM-23-122-JVIK","8039832487","Maziba","Pf3D7_12_v3-233418-233671-1A","CAAAAATATCATTCCCCAAATTTGTACTACTAATTGTTCCAATAGTTCCTATAGTTGTGGTAATTTGCTCATATGTATTTTTTCCTAAAGATTTATTAGACACATTTGAAGGATCATTATTTTGTTCCAAATTCTTGGGCACAGTATTATTACATGAGAATAATGAAAAGTTATTATCATAATTCTTTTGTT","Pf3D7_12_v3-233418-233671-1A.3","77+8N",695,0.566884176182708,2
"IM-23-122-JVIK","8039832487","Maziba","Pf3D7_04_v3-141741-141990-1A","TGAATACCATATAGCCCTTTCAAATTATATAAAGACAGAACTAAGAAATATAAACCTGCAAGAAATAAAAAACAATATAATAAAAATATTTAAAGAATTCAAATCTGCACACAAAGAAATTAAAAAAGAATCAGAACAAATTAATAAAGAATTTACCAAAATGGATGTCGTCATAAATCAATTAAGAGATATAG","Pf3D7_04_v3-141741-141990-1A.1","66+8N121+8N",2315,1,1
"IM-23-122-JVIK","8039832487","Maziba","Pf3D7_07_v3-1043981-1044225-1A","ATAATGATATGTTATTTCATCATCAGCATCGACTTCTTTCTTATTATGTTCAAACAAATTCTTATATTTTATATTATTGCATTTTTGTCTTTCCATATTTATAAAAGATTCTATTTTCTTTTTATAATCATTCCTTTTTATATAATTACACATTCCTTCATTTTGGTTGTCATAACTCTTCT","Pf3D7_07_v3-1043981-1044225-1A.2","36+8N",952,0.56,2
"IM-23-122-JVIK","8039832487","Maziba","Pf3D7_13_v3-2816310-2816554-1B","CAAATACTTTTCAATATAGGTCTAGTGAAAGTGTGGAAGTAATAACTAATAAACCTGATGAAATGGAAATGACAACTAAACCACCATCACAATACATTGAAAAGGAAATTGGAGAAATTGATTCTACAAAAAATCAAGATAATGATGAACAAAGCAATTCTATAATTCCTTTAATTAATAAAAATAATGAA","Pf3D7_13_v3-2816310-2816554-1B.1","127+8N",1498,1,1
"IM-23-122-JVIK","8039832487","Maziba","Pf3D7_07_v3-1066661-1066903-1A","TATGGTTTTGTAATTTATTGGTATGTGTTGTTAAAGGAGAATTTTTTTAATATCCCTTGTCATGGGCAAAATGAGAAAAAAGAAATAAAAAACTTTTATGTTCAACATGAAGATATTTGTGAACACACTATTGGTAATCATATGTTAGGTGATAAATTAAAAATGTGTACATCTAATATTAATG","Pf3D7_07_v3-1066661-1066903-1A.2","41+9N75+8N86+8N",2585,1,1
"IM-23-122-JVIK","8039832487","Maziba","Pf3D7_12_v3-857050-857323-1A","ATATAATTTTAAGATGTCCTATCAAGACGTTCAGGAAAAAAAAAATGAAGATATAAATTATGATGAAATAGCTAGCAGCATGCTAGAGAAGATGGACAAACATATAAATGGAGAAAAACAACCAACGATACATTATGAAAATTTAAATGTACAAGAGCAAGAGGGAGCACATGCTTATTACTCAAATCAAGATATAAATAACATAAATA","Pf3D7_12_v3-857050-857323-1A.1","35+12N",676,1,1
"IM-23-122-JVIK","8039832487","Maziba","Pf3D7_10_v3-992331-992603-1A","TCATTATATTTTTAAAAAAAAAAATTATGATATAAAATCTTCAATTAATAAAAGATCTATCCAGTTCTTTAAAGACACTAATATAGATCATTATATAGCATATGAATATTATAAGGAGGACCGTACAGAATTTATATTAACTATTATGAATGAAAAAAATATTACTCATCAAGAAACTCAAAGTCTTGAAATGAAAAAGTTGAAAG","Pf3D7_10_v3-992331-992603-1A.3","13+13N127A152+9N",4,0.00532623169107856,4
"IM-23-122-JVIK","8039832487","Maziba","Pf3D7_12_v3-659881-660127-1A","GGTGGTTTAACATTTTCAGCTATGAGATTTTCGACTGATGGCAATCCTACTTTGATTAATTCCTTTAACATATATTTTGCGTGTTTTTTTACTTCTGATTTGATATCAAAGCTTGATTCTAAAAAGGTTGGTGAATTTTTTTGTAAAACACTGACAAGTTCATTTGATATGGTCTCTGCTAAATCATCACCA","Pf3D7_12_v3-659881-660127-1A.6","23T35C73T83+9N135+9N",874,0.795268425841674,2
"IM-23-122-JVIK","8039832487","Maziba","Pf3D7_13_v3-748254-748510-1B","ATACCAAAAAAAATAAAATAAAATGAAATAATAAATAAATAAATATACATATATTTACATATATATATATATAATTACACATATTTTTGATTGAGGACAAATTACATGTCGTGTAGTTCGTCTTCCTTGTGCGTTTCAATCACACAATCCGATTTAGGATAACATGTACACAAAAGAATATATTTTTTCTT","Pf3D7_13_v3-748254-748510-1B.1","5+10N39+33N180+8N",563,1,1
"IM-23-122-JVIK","8039832487","Maziba","Pf3D7_13_v3-815862-816091-1A","ATGATGTAGATGCTAACACAACATCCTGGTCAGTATCTTGTGATAAATAATTTAATTTATCCGCTAAAAAATAAAGTATAATTTCACAGCTTTTTTTATTTGTATCTGTGTTTTTCATGTTATCATAAAAAGACAAAGATGAAGTAGCACATGAGTTAATTA","Pf3D7_13_v3-815862-816091-1A.3","17C19C20A59A65+8N90+9N",669,0.760227272727273,2
"IM-23-122-JVIK","8039832487","Maziba","Pf3D7_07_v3-403487-403750-2","AGGTTCTTGTCTTGGTAAATGTGCTCATGTGTTTAAACTTATTTTTAAAGAGATTAAGGATAATATTTTTATTTATATTTTAAGTATTATTTATTTAAGTGTATGTGTAATGAATAAAATTTTTGCTAAAAGAACTTTAAACAAAATTGGTAACTATAGTTTTGTAACATCCGAAACTCACAACTTTATTTGTATGATTATGTTCTTT","Pf3D7_07_v3-403487-403750-2.1",".",1266,1,1
"IM-23-122-JVIK","8039832487","Maziba","Pf3D7_06_v3-1128558-1128797-1A","ATTGAATCGTTGGTGTTTATTTTATTATTCCTCTTTTGTTTTTCAATGAATACAAATGTTTCATCGACACTATCTTTATGATCTATTGGTATGGCATGATTTTCTAAATTGCTATTTCTTTCATTAGAATTGTATTTTTCACTATTATAGGTTGAGATTTTACTACATTTTATATTTTT","Pf3D7_06_v3-1128558-1128797-1A.2","157A",582,0.537892791127542,2
"IM-23-122-JVIK","8039832487","Maziba","Pf3D7_10_v3-992331-992603-1A","TCATTATATTTTTAAAAAAAAAAATTATGATATAAAATCTTCAATTAATAAAAGATCTATCCAGTTCTTTAAAGACACTAATATAGATCATTATATAGCATATGAATATTATAAGGAGGACCGTACGGAATTTATATTAACTATTATGAATGAAAAAAATATTACTCATCAAGAAACTCAAAGTCTTGAAATGAAAAAGTTGAAAG","Pf3D7_10_v3-992331-992603-1A.2","13+13N152+9N",379,0.504660452729694,4
"IM-23-122-JVIK","8039832487","Maziba","Pf3D7_13_v3-1233093-1233332-1A","TCTATATGATCCTTATTTTTATCTTCATCACATTTATAATTTACATAATTTTCGACGTCATCATTTTCATTATTACTCATAATTGAATTATCCACAATGCTTGCCTCTTTTACAGCTTTACAAAGTTGGTAAAAAATATGATAATTCCTTTCACCTTCTTGTTGATCACACACCCGAACC","Pf3D7_13_v3-1233093-1233332-1A.2","100C130+8N",1665,1,1
"IM-23-122-JVIK","8039832487","Maziba","Pf3D7_13_v3-1265494-1265726-1A","TGTCATATACAGATTATAAAAATGATCATAGAATAAGCGAAATTTTAAATCGTTGTATTTTACGATTAAACGAGTTTGATCTAATTCATTTATCTTCTTTGGTCATATCTTTAAGTAAAATGAATTTTAGGAGTGTGTATTTTCTGGAACAAGTACAAAAGAAATT","Pf3D7_13_v3-1265494-1265726-1A.6","44T",1209,0.473746081504702,2
"IM-23-122-JVIK","8039832487","Maziba","Pf3D7_07_v3-404325-404590-1B","GAAACACAAGAAGAAAATTCTATCATATTTAATCTTGTCTTAATTAGTGCCTTAATTGTAAGAAAACAAAATATATAAATAAATAAATATATATATATATATATATATATATATATTGTAATATTTAATATATATTAACACTTAAACTTTGTTTTTATTATATTAATTTATATTCTTTATCATTTTTTTTTTTTTTTTTCCTTCTTTTTTT","Pf3D7_07_v3-404325-404590-1B.73","71+40N176+19N198+8N",13,0.619047619047619,5
"IM-23-122-JVIK","8039832487","Maziba","Pf3D7_13_v3-1350855-1351093-1A","TCTTTTATATTAGTTGTTTCGTTATTTTCATTATGTTCCATATTTTGGTTATTTGTATATTTTATATTTTTTAAAAATTGGTAAATATATTCAGAGATGAAAGGTGTAAAAGGGGCCATAATTATTGTAAACAAATATAATGTTCTACATAAAACATTTAATGATTGGTGAGT","Pf3D7_13_v3-1350855-1351093-1A.2","66+8N93A",1816,0.99725425590335,2
"IM-23-122-JVIK","8039832487","Maziba","Pf3D7_13_v3-1350855-1351093-1A","TCTTTTATATTAGTTGTTTCGTTATTTTCATTATGTTCCATATTTTGGTTATTTGTATATTTTATATTTTTTAAAAATTGGTAAATATATTCCGAGATGAAAGGTGTAAAAGGGGCCATAATTATTGTAAACAAATATAATGTTCTACATAAAACATTTAATGATTGGTGAGT","Pf3D7_13_v3-1350855-1351093-1A.1","66+8N",5,0.00274574409665019,2
"IM-23-122-JVIK","8039832487","Maziba","Pf3D7_01_v3-528859-529104-1A","TTTGATTCTTTTTAATGAAAAAGAAGCTAAAGATATGTCAGACCATATAATTTCCCAACAAAAACGTTATTGCTCTACCAATATTCATAGTATTTATAATAATAAAATATGTATATGTAAAAATAAGCGACATCATAACAAAAGAGGGAAAGGAATAAAGCATCATGACATACACCAAAAGG","Pf3D7_01_v3-528859-529104-1A.5","93T165A175C",2003,0.534418356456777,2
"IM-23-122-JVIK","8039832487","Maziba","Pf3D7_11_v3-1019050-1019319-1A","TCAAAACTTATTGCTACCGTAATACCTAAAGGAGGCATTTTACATAATCTTTTTACACTCGTAAGAATATTATTATAAAAGATTTCTTGATATCTATCATACATATGAATATTATTTAGAGATTTATATATATTATTATTTTGTTCATATAATAATATATTATTTAAAGACTTATCCATAATTTTTGTACATTTTATATTTTCTATA","Pf3D7_11_v3-1019050-1019319-1A.1",".",295,1,1
"IM-23-122-JVIK","8039832487","Maziba","Pf3D7_13_v3-1465901-1466157-1A","CATAAAGGGTCCGATAACATTTTTTACATTTTCCCATGCAGAATCAGCATACAAGTTACATTTACCATCTGATGGATGACAACCTACAAGAAATCTGTTGAAAGCTACATTAATACCTTGTCCAATACCAAAAACAGCTATTTTAACACCAAGATCATTTAATTTTCTTGATTCTTTTAATGAACCTTGAATACTAT","Pf3D7_13_v3-1465901-1466157-1A.5","19+8N152A158T185C",1086,0.771855010660981,2
"IM-23-122-JVIK","8039832487","Maziba","Pf3D7_09_v3-202854-203106-1A","AATATACAAAGAATGCATATGATAAAATATTCTTTGTCCTTTAAAATTTTTTGTTCTTGTACTTTGTTTTTTATAATCTATTAAATTCATATCTGATGAAATATCATATTTATATTCCCCTTTATGAGCATTTACAAAAGTTTCGTTATTTCTTTTATTAATATATGTATTTGAGCACATATATTTAT","Pf3D7_09_v3-202854-203106-1A.7","16C46+8N66+8N146T",1111,0.782394366197183,2
"IM-23-122-JVIK","8039832487","Maziba","Pf3D7_09_v3-270915-271160-1A","CTTTGTATGTATTATCTGTTGTTTTATCTTCACCTTGATTTCCTGTACTTGTAGATTCAGTAGATGGACCTTCAGAACCTGATAATTCATCACTAGTAGATGCAGCACTTGTACTTTTAGATTGTTCTTTTAATGGTCCCATATATTTGTATAATTCTATTTCTAAATCTTGATCCTTGGTTTTTTCTTCTAA","Pf3D7_09_v3-270915-271160-1A.3","85A180+8N",1230,0.749542961608775,2
"IM-23-122-JVIK","8039832487","Maziba","Pf3D7_01_v3-455794-456054-1A","AGAAAAAAAATTTATTAAGAGGTATTTCGATTTTAAAAATTTAAGAATTAATTTTTAATTATGTCTATAAAAACTTAATAGAAAATAAATATTATTTTGTTTTTCAAAAAAATGTTTAAGAATAATATTTCTTTATTCTTTTACAATTTAGAACATATAATGCTATTTCTTTTAATTTTAATTTAATTTCAAA","Pf3D7_01_v3-455794-456054-1A.1","2+10N105+9N",240,0.521739130434783,2
"IM-23-122-JVIK","8039832487","Maziba","Pf3D7_14_v3-1956056-1956330-1B","CTAATTTTTTTTCTCCACTTTGTAATTTTTATTGTTGAATATATATATAAAGTTAAACCTATAAATAATACACTACCTAATAAACTATTCTTATATTTAAAAATAAATATAACACATGTTATTAATCCTTCTATTGTTGCCGGAATAATATACATTAAAACAGAACTCATCAAATTATTAGCACTCTCGGTACCTCTATCAACTATTCTCA","Pf3D7_14_v3-1956056-1956330-1B.1","4+10N113C",129,0.21864406779661,2
"IM-23-122-JVIK","8039832487","Maziba","Pf3D7_14_v3-1956056-1956330-1B","CTAATTTTTTTTCTCCACTTTGTAATTTTTATTGTTGAATATATATATAAAGTTAAACCTATAAATAATACACTACCTAATAAACTATTCTTATATTTAAAAATAAATATAATACATGTTATTAATCCTTCTATTGTTGCCGGAATAATATACATTAAAACAGAACTCATCAAATTATTAGCACTCTCGGTACCTCTATCAACTATTCTCA","Pf3D7_14_v3-1956056-1956330-1B.2","4+10N",461,0.78135593220339,2
"IM-23-122-JVIK","8039832487","Maziba","Pf3D7_09_v3-516735-517007-1A","ATAGAAGGATATATAAAAAATTATCAAGAATCATATAATATAAATGACCATTGTAAATTAGTTCCATTAAATTTTTATAAAGATTCTATTTCTAATGATTTAGGTACTCCATGCCCTGTGAATAGTATTACCTTAAATGTGGGCGCAAAAACTATAAATGAATGTTTGTGTAATAAAGGATATTTCTATAATGTCAAGAAACAACAATGTGA","Pf3D7_09_v3-516735-517007-1A.1","14+8N",537,0.806306306306306,2
"IM-23-122-JVIK","8039832487","Maziba","Pf3D7_14_v3-2260533-2260765-1A","AATAACCATCAAATACAAACTCAACCAACAAATACAGTACAATATATTCAACCAAATTATGAACAAGTCATAACACAAGTAGATCAAAATGGTAATCTATTCAATCAACAGCTTGTAGGAAGTACAGTAATGCAAAATATGACACCACAAGGTGTAAACACGTTAAATTATCCTGCAACG","Pf3D7_14_v3-2260533-2260765-1A.1","91G",1727,1,1
"IM-23-122-JVIK","8039832487","Maziba","Pf3D7_09_v3-595828-596094-1A","ATAATTTTTTCATCGTTCTTATACATGAATGATAAAGTCTTTTTGCAAAATTTTTTGAAGAGATCAGATTTGAGATAAAGACGTTTGGCTAATTTATACGAGAATTCTAGAGCATCTAATTTTATATTTAAACATTTTTTCGTATCCAATATATTATAATTTTGTTCATAAGTCTGTTCATTTATATTATTTAATACTTTT","Pf3D7_09_v3-595828-596094-1A.14","4+8N27G50+8N108T134+8N",597,0.77431906614786,2
"IM-23-122-JVIK","8039832487","Maziba","Pf3D7_09_v3-82006-82236-1A","TTTATCATCTTTAGGCCATAACCAGAGTACAAGAAATCCAACTATAACAATTGTAATTAACATTATAAATACTGTAATACCATAAACACTACCAGAAGCGATCAGAAATGCACTAAAAGTATAACCATATCCACTTGGAATAAGAGTAGCGATAAAACTAAAAATAGC","Pf3D7_09_v3-82006-82236-1A.23","34A95G126C128T131C137G",1538,0.755031909671085,2
"IM-23-122-JVIK","8039832487","Maziba","Pf3D7_04_v3-109939-110184-1A","CAACATCTGAATTATATAAATCTTTAGAAAAACAACTAATATCCTTACTCGATATATTTATTTTTATACCAAGAATAACAGCCATATAAACCAAAACTCTCTCAAATGCATGTGATACAGGTAAATAAGAAAAATGGGTTTTCGGTTTCATGTTTTTTATTACATTATGATCACATAATGGTGCTACT","Pf3D7_04_v3-109939-110184-1A.6","108G152+8N",5,0.00482160077145612,3
"IM-23-122-JVIK","8039832487","Maziba","Pf3D7_02_v3-503040-503288-1A","ATTATGATTAATAATAATATTTCTCATAATTTCGTTAAATACATCTAAACTATTTATAGAACCATCTATATCATCTTCATTCCTATTTTGGTGAACCGATTCGGTGTTTATAACATCTAAGGTGTCTTTTTCTTCTCCTCTGTAACTTTTTATAATTTTTTGATAAATGTTGTTATAAGAATTATCA","Pf3D7_02_v3-503040-503288-1A.2","97C155+8N",964,0.498448810754912,2
"IM-23-122-JVIK","8039832487","Maziba","Pf3D7_10_v3-1392371-1392620-1A","TGATGAAAATGATGATTCCCTTATTTCTAATTCTTTAGTACCCGAAACAAGTTACAATCAAGATTACTCTTTATACACTATTAATATTTTGAATGGACTTCCTGATAAAGAAAGTAATATGAAAAATATTGATTTAGAAAAATTTAAAGATACTTCAATACATACAAAGGAAGAGGGACCCATTGTA","Pf3D7_10_v3-1392371-1392620-1A.2","106+9N",1138,1,1
"IM-23-122-JVIK","8039832487","Maziba","Pf3D7_10_v3-1414337-1414596-1A","GACCTGAATGGAAAGGTCAATGTGATAAATTTGAAAAAGAAAAAAGTAAATATGAAGATACTAAAAGTAGAACTGCTGAAATATATTTAAAAGAAATATGTTCTGAATGTGATTGTAAATATAAAGATTTGGATAATACATTTAAAGAATTTAAAGATAACGTTACGCTTCTTAAAGCAGTAATTGATAACAAA","Pf3D7_10_v3-1414337-1414596-1A.1","17T39+8N70G82T167G",782,0.77120315581854,2
"IM-23-122-JVIK","8039832487","Maziba","Pf3D7_10_v3-1414337-1414596-1A","GACCTGAATGGAAAGGTCAATGTGATAAATTTGAAAAAGAAAAAAGTAAATATGAAGATACTAAAAGTAGAACTGCTGAAATATATTTAAAAGAAATATGTTCTGAATGTGATTGTAAATATAAAGATTTGGATAATACATTTAAAGAATTTAATGATAACGTTACGCTTCTTAAAGCAGTAATTGATAACAAA","Pf3D7_10_v3-1414337-1414596-1A.5","17T39+8N70G82T155T167G",232,0.22879684418146,2
"IM-23-122-JVIK","8039832487","Maziba","Pf3D7_04_v3-115455-115684-1A","TATTAATGTCATTTTGTTTTTCTTTATTATTATTATTTTTATTTTTTCCCTGGTTATCTTCCTTATTACCTAGCTTTTTTTTGTTGTCATTATTTTCTGTCTGATTATTATTTTTGACTTTCTTCATCTTTGAATTATCCGTTCTGTTTGTATGTCTCAAGCAAGGT","Pf3D7_04_v3-115455-115684-1A.11","24+25N74+10N122C",1079,0.537350597609562,3
"IM-23-122-JVIK","8039832487","Maziba","Pf3D7_04_v3-115455-115684-1A","TATTAATGTCATTTTGTTTTTCTTTATTATTATTATTTTTATTTTTTCCCTGGTTATCTTCCTTATTACCTAGCTTTTTTTTGTTGTCATTATTTTCTGTCTGATTATTATTTTTGACTTTGTTCATCTTTGAATTATCCGTTCTGTTTGTATGTCTCAAGCAAGGT","Pf3D7_04_v3-115455-115684-1A.1","24+25N74+10N",18,0.00896414342629482,3
"IM-23-122-JVIK","8039832487","Maziba","Pf3D7_08_v3-1344618-1344845-1A","TATCTTTTCCATATATAATAACGCATGAATTCTTTAAATATATCTTTTACTTTATCTGTAAGTTTCATGGAATCTATTATTTCTTCTGCATATTTTATTTTTGCCTCGTTTATATATTTACCTGCTTCTAATTTACATAAACATTTTTCTATTAAGTTTTG","Pf3D7_08_v3-1344618-1344845-1A.7","84T86C128C",1583,1,1
"IM-23-122-JVIK","8039832487","Maziba","Pf3D7_08_v3-1365709-1365954-1B","ATTTTCATCTTGTAATGTGTTTTTAACATTATAGCAGTAATTTTCTAGGTTGTTTCTTGCTTCAATTCTATTTTTATTTTGTTCATCCTCTTCTTTATATTTTTCTGCATCATTTACCATACGATCGATATCATCTTTTGATAATCTTCCTTTATCATTTGTAATAGTAATTTGGTTTTGT","Pf3D7_08_v3-1365709-1365954-1B.1",".",675,1,1
"IM-23-122-JVIK","8039832487","Maziba","Pf3D7_08_v3-1365750-1365999-2","TTTCTAGGTTGTTTCTTGCTTCAATTCTATTTTTATTTTGTTCATCCTCTTCTTTATATTTTTCTGCATCATTTACCATACGATCGATATCATCTTTTGATAATCTTCCTTTATCATTTGTAATAGTAATTTGGTTTTGTTTACCAGTACCTTTATCTAATGCTGTTACATTTAGGATACCATT","Pf3D7_08_v3-1365750-1365999-2.1",".",1912,1,1
"IM-23-122-JVIK","8039832487","Maziba","Pf3D7_08_v3-1366575-1366822-2","TTTAGCTTTTTCACATTGTGTTCTTAATCTTCTTAATGATTTTGAATTTTTGGAAACATCTTTACCTCCATTTTTTTTTTTAAAATCTTGTACACAGAAGTTTACTAATTTATTATCAAAATCTTCTCCTCCTAAATGTGTATCTCCTGAGGTAGCTTTAACTTCAAAAATTCCATCTTCAAGTGTTAATAAGG","Pf3D7_08_v3-1366575-1366822-2.1","70+13N",2119,1,1
"IM-23-122-JVIK","8039832487","Maziba","Pf3D7_12_v3-233418-233671-1A","CAAAAATATCATTCCCCAAATTTGTACTACTAATTGTTCCAATAGTTCCTATAGTTGTGGTAATTTGCTCATATGTCTTTTTTCCTAAAGATTTATTAGACACATTTGAAGGATCATTATTTTGTTCCAAATTCTTGGGCACAGTATTATTACATGAGAATAATGAAAAGTTATTATCATAATTCTTTTGTT","Pf3D7_12_v3-233418-233671-1A.1","77+8N",531,0.433115823817292,2
"IM-23-122-JVIK","8039832487","Maziba","Pf3D7_08_v3-1370603-1370853-1B","AAAAGTAATTAAAAAAAAAAAAAATGAAAATAAAAAAAAACATTACATATTTTTTTATGTATAAAATATTTTAAAGCACTGAGATTATTTATGTTATAAATTAATTGAATGTTTAAAAGATTATAAAATTTTATTTATGAAAATATATGAATATATATAATATAAGCAGGTATTAAATAACCAAATAATAT","Pf3D7_08_v3-1370603-1370853-1B.2","10+32N49+9N",294,1,1
"IM-23-122-JVIK","8039832487","Maziba","Pf3D7_13_v3-2814606-2814855-1B","TAGCGATAATGATCCTGCAGTAGTAAGTGGTAGAGAATCTAAAGATGTAAATCTTCATACTTCTGAAAGGATTAAAGAAAATGAAGAAGGTGTGATTAAAACAGATGATAGTTCAAAAAGTATTGAAATTTCTAAAATACCATCTGACCAAAATAATCATAGTGATTTATCACAGAATGCAAATGAGGACTCTA","Pf3D7_13_v3-2814606-2814855-1B.1","109T",1553,1,1
"IM-23-122-JVIK","8039832487","Maziba","Pf3D7_04_v3-109939-110184-1A","CAACATCTGAATTATATAAATCTTTAGAAAAACAACTAATATCCTTACTCGATATATTTATTTTTATACCAAGAATAACAGCCATATAAACCAAAACTCTCTCAAATACATGTGATACAGGTAAATAAGAAAAATGGGTTTTCGGTTTCATGTTTTTTATTACATTATGATCACATAATGGTGCTACT","Pf3D7_04_v3-109939-110184-1A.3","152+8N",475,0.458052073288332,3
"IM-23-122-JVIK","8039832487","Maziba","Pf3D7_07_v3-105172-105442-1A","GACTACTAACAGAGTGACTACCTACGCTATGTTGAGATGAATTGCTTCCATTTGAATTACTTCCAGATAGGTGATTTTCTGTTCTTCCATCTGAATTGTTTTCATATAATTGACTTTCCTTTTGTCCATCTAAATTATGCACTGCACTATGAGTTCCTTCACCCAAATTATTACTGTTTGTTGTATCATCATTTAAATCAAATCCATTTCTT","Pf3D7_07_v3-105172-105442-1A.4","44G52T83T103C",273,0.47313691507799,2
"IM-23-122-JVIK","8039832487","Maziba","Pf3D7_13_v3-1004740-1005002-1A","TTACATCGTAAAAATAATTTAAAATATTATATATATTATCTTTTCCTTTTCGGGGGTCTCTTTTCTTTATATATATATTTACATTTCTCTTCATTTTATTACATGATAAATTAATATTTAATGTACTAATATATATATTATTAATTTTTATTTTCTTCTTCTTTTTTATATTAAAACAAAATGAAGATTCTTTAA","Pf3D7_13_v3-1004740-1005002-1A.2","50+8N161+8N",31,0.508196721311475,2
"IM-23-122-JVIK","8039832487","Maziba","Pf3D7_12_v3-63081-63314-1A","TTTCCGTCATAATAGTTGCATACATTCTATTAAAAACTTTGGGTACTCCTAATATAATTTCAGCTTTTGAATTACATATGTCTGTATTCAAAAATTTTATATCTCTACTCCATATATTTATCTTTACACCCAAAAACAAAGTAATGAAAAAAATAACCCTTTCATA","Pf3D7_12_v3-63081-63314-1A.3","63G142T146+9N",764,0.499672988881622,2
"IM-23-122-JVIK","8039832487","Maziba","Pf3D7_13_v3-1004740-1005002-1A","TTACATCGTAAAAATAATTTAAAATATTATATATATTATCTTTTCCTTTTGGGGGGTCTCTTTTCTTTATATATATATTTACATTTCTCTTCATTTTATTACATGATAAATTAATATTTAATGTACTAATATATATATTATTAATTTTTATTTTCTTCTTCTTTTTTATATTAAAACAAAATGAAGATTCTTTAA","Pf3D7_13_v3-1004740-1005002-1A.1","50+8N161+8N",30,0.491803278688525,2
"IM-23-122-JVIK","8039832487","Maziba","Pf3D7_02_v3-628941-629172-1A","ACTTTTTTTAGATTTTTCTTGATCGTTTTCATCATTTTTTATTTCCTGTTCATCTGAGGTTTTCTTTTGTAAACGCTTAGTGCGTCCCTTTTGACCTTTTAATTTTTTTTTAAATATATTTTTAACTTGATCAATGAAGAAAGCATAATCTTGTATGACAGAAAATCT","Pf3D7_02_v3-628941-629172-1A.4","2+9N34+8N86C102+11N",284,0.230706742485784,2
"IM-23-122-JVIK","8039832487","Maziba","Pf3D7_04_v3-1005938-1006187-1A","GTCTTAACATTAATCTTAGTTACAAAGTTACATGGATTTATTGAAAAGATATTTTCGTCATTATATTTCTTTTTTTCCATATCTGTTTGATCATTTTGATATGTTTTCATATTATCCATATGTTCATTATTTTGATCAATATAATTTTTTTTTATAATAAATTTAGAATTATTTTTAAAGAAA","Pf3D7_04_v3-1005938-1006187-1A.5","61T69+9N144+11N",442,0.577023498694517,2
"IM-23-122-JVIK","8039832487","Maziba","Pf3D7_07_v3-403801-404052-1B","TATATATATATATATGTATGTATGTTGATTAATTTGTTTATATATTTATATTTATTTCTTATGACCTTTTTAGGAACGACACCGAAGCTTTAATTTACAATTTTTTGCTATATCCATGTTAGATGCCTGTTCAGTCATTTTGGCCTTCATAGGTCT","Pf3D7_07_v3-403801-404052-1B.4","1+45N130+8N",200,1,1
"IM-23-122-JVIK","8039832487","Maziba","Pf3D7_02_v3-630641-630907-1A","CTAAGTTATCTAAAATTATTAATTTTTTCAAATATGGTAATTCATGTCTATGAAGTAATAAGCCATCAACTAAATCTAAATCTAAACATAACCATTCTAATTTCGTTTCATTTAATATGTTTACAATTACATCTATACTAAAGTTAGAATGTAAAATCAAGGTTGTTACACCACTCATCATAGCTGCCATATCAACAAT","Pf3D7_02_v3-630641-630907-1A.3","22+8N",206,0.24009324009324,2
"IM-23-122-JVIK","8039832487","Maziba","Pf3D7_11_v3-1902041-1902278-2","ATGAAACAAAATGTCCACCTAGATACCCTTTAAAATCAAAAGTTTTTGGAACCTTTGACCAAAAAACAGGAAAATGTAAAAGTCTCATGGACAAAGCATATGAAGTTGGAATTAATAAATTTTCAGTCTGTTTAGAATATTTATTTTTAGTATCACCTAAGGATTTATATAATAGCGGAAG","Pf3D7_11_v3-1902041-1902278-2.1","60+8N",5796,1,1
"IM-23-122-JVIK","8039832487","Maziba","Pf3D7_09_v3-516735-517007-1A","ATAGAAGGATATATAAAAAATTATCAAGAATCATATAATATAAATGACCATTGTAAATTAGTTCCATTAAATTTTTATAAAGATTCTATTTCTAATGATTTAGGTACTCCATGCCCTGTGAATAGTATTACCTTAAATGTGGGCGCAAAAACTATAAATGAATGTTTGTGTAATAAAGGATATTTCTATAATGTCAAGAAACAACAATGTAA","Pf3D7_09_v3-516735-517007-1A.2","14+8N211A",129,0.193693693693694,2
"IM-23-122-JVIK","8039832487","Maziba","Pf3D7_07_v3-404325-404590-1B","GAAACACAAGAAGAAAATTCTATCATATTTAATCTTGTCTTAATTAGTGCCTTAATTGTAAGAAAACAAAATATATAAATAAATAAATATATATATATATATATATATATATATATATTGTAATATTTAATATATATTAACACTTAAACTTTGTTTTTATTATATTAATTTATATTCTTTATCATTTTTTTTTTTTTTTTTCCTTCTTTTTTT","Pf3D7_07_v3-404325-404590-1B.83","71+40N176+19N198+8N",1,0.0476190476190476,5
"IM-23-122-JVIK","8039832487","Maziba","Pf3D7_13_v3-1265494-1265726-1A","TGTCATATACAGATTATAAAAATGATCATAGAATAAGCGAAATTTTAAATCGTTGTATTTTACGATTAAACGAGTTTGATCTAATTCATTTATCTTCTTTGGTCATATCTTTAAGTAAAATGAATTTTAGGAGTGTGTATTTTTTGGAACAAGTACAAAAGAAATT","Pf3D7_13_v3-1265494-1265726-1A.9","44T144T",1343,0.526253918495298,2
"IM-23-122-JVIK","8039832487","Maziba","Pf3D7_08_v3-1370814-1371045-2","TGTTGCAATATATTACTAAAAAATAGAATTATTATGTTATTTTGATCATATGGGAATACATTTAAATATTTATATTCTGATGAATATTCTTATAAAAAAAAAAGGGGGGGGGGAAATAATACGTTCATGATTTATTTATATTTCAATATATTTTCTATTTTGCGA","Pf3D7_08_v3-1370814-1371045-2.2","17+8N93+21N",862,1,1
"IM-23-122-JVIK","8039832487","Maziba","Pf3D7_13_v3-1725379-1725652-2","ATTATTTCTTCTAGGTATATTTAAATTACTTGAAACATACCATACATCTCTTAAACGATCATACACCTCAGTTTCAAATAAAGCCTTATAATCATAGTTATTACCACCAAAAACGTATAAGAAATTATTCAATACAGCACTTCCAAAATAAGCTTTTTTGGTAGACATAGGTGTACACATACGCCAGCATTGTTGACTAATATCTAATAATTCCA","Pf3D7_13_v3-1725379-1725652-2.1","153+8N",1269,1,1
"IM-23-122-JVIK","8039832487","Maziba","Pf3D7_11_v3-2001725-2001999-2","GGATGTAAGAACTAAGAATGTAAATACAAGTAAGAGAAATGAAGGACTTAATGATATAAATGAATCAGAAAAAACAAGAACAAGAAGGGCATCAACAAAATCAAATAATAATAATAATAATGTATCATACGAGAATGAATTAGAGAGTGTATCTGAATGGTTTGATAACTTTTTGGAGGATCATATGAAGGAAGGTGTTTTTTTAGATGGGGAAAA","Pf3D7_11_v3-2001725-2001999-2.1","1G68+8N89G116I=AATAAT153G191+9N",917,1,1
"IM-23-122-JVIK","8039832487","Maziba","Pf3D7_01_v3-194742-194973-1B","TACCTATAAAAATGAAAAAAATAAAGAAGAAGATAAATATGGAAAAAATGAAAAAAACGAAAAATATGACAAATATGAAAAATATGACAAATATGAAAAATATGAAAAATATGATAAATACAAAAAAGATAATAAAAATCAACATGATGATCCACTTTATGATAATATTAATAAAAATTACGATAA","Pf3D7_01_v3-194742-194973-1B.26","14+9N42+17N79I=AAAATATGA112+8N",917,0.491425509110397,2
"IM-23-122-JVIK","8039832487","Maziba","Pf3D7_07_v3-717260-717493-1A","GAGCTTGCTTTTTTGTTGCGTTACTTGCTGGGCTGATCAAAAAAAAAGTTGAATGTATTGAACTTAGTGCCAGCGAAATTTCCCCTCATGAAAACAAATCGACGAGTTCATCAATATTCCAAGAGGAATTAAAATTTGATAAGTCTCTGAAAAATTTTTTCAAACAA","Pf3D7_07_v3-717260-717493-1A.1","8+8N38+11N154+8N",920,0.524216524216524,2
"IM-23-122-JVIK","8039832487","Maziba","Pf3D7_04_v3-1005938-1006187-1A","GTCTTAACATTAATCTTAGTTACAAAGTTACATGGATTTATTGAAAAGATATTTTCGTCACTATATTTCTTTTTTTCCATATCCGTTTGATCATTTTTATATGTTTTCATATTATCCATATGTTCATTATTTTGATCAATATAATTTTTTTTTATAATAAATTTAGAATTATTTTTAAAGAAA","Pf3D7_04_v3-1005938-1006187-1A.1","69+9N84C98T144+11N",324,0.422976501305483,2
"IM-23-122-JVIK","8039832487","Maziba","Pf3D7_13_v3-2504481-2504734-1B","TAAAATGTGTTGATGATTTTAACAATATGGTTATAACGATAAAAGAGGAAGTAAACAATCATTGGGAAAATAATATATACAATAAAAAGGATATGGTTAATTATACAAATGAAAATTATAATGATAATATATTAACATATGAATATATTAATGAAACACTTAGAAAAGAAAAAAAAAGATATTATA","Pf3D7_13_v3-2504481-2504734-1B.1","168+11N",515,1,1
"IM-23-122-JVIK","8039832487","Maziba","Pf3D7_11_v3-1816152-1816378-1A","TTGGGTAGATATCGTTATAAGGGCTATAATGTATTGACTTCTCCGGGTTGGTTACATTATCATTACAACCAATATTATTAAGGTTAATATTATTTTTATCATTATTATTGTTGTTTTCATTTGTGTGGTTATATAATAACAATGATGTGTCGTCTATTGGATCATT","Pf3D7_11_v3-1816152-1816378-1A.2","90T",2605,1,1
"IM-23-122-JVIK","8039832487","Maziba","Pf3D7_06_v3-1235395-1235658-1A","GAATATGATAAAATATATATACCAAACAATAAAAATAAAATTAATAATATAAATAATTTTTTAATAAAAAACAATTTGTTGTTGAAATCCAAATTTATGAGAATAACTCCTAATACCTATTTATGTCGTAATTGTGTCCTGTTATATCAAAATGATTTTTCGTATAATACATATGAAGAAGAAATTAATAAAATGG","Pf3D7_06_v3-1235395-1235658-1A.2","56+8N65+8N79T",219,0.551637279596977,2
"IM-23-122-JVIK","8039832487","Maziba","Pf3D7_06_v3-532166-532407-1A","AGAACAATTGCTAAACACCAAATTGGGTGAAACAAAAAACCACCTGAACAGAACCCCATTTATACCTGAATCGGTCATACGAGAAAGGAAATTACGCCAAGAAAAAGCGCAATCCACAAACAACATGTTCGATTCAACAAACGCAGATAGTATTACTTCCCCATGTGATCCAACGAATGCCACG","Pf3D7_06_v3-532166-532407-1A.1","33+8N109G157T",3252,1,1
"IM-23-122-JVIK","8039832487","Maziba","Pf3D7_06_v3-851492-851765-1A","ACAATAGTACATTCTGCATTTACATCACAACCTCCATTATTTTTTGAACAGTTCATATCTTTCATAGGTATACATTTAAAATAATTTACACTCATATCAACTATATAATTAGGTCGGCATCTACATTGTTCTTTATCTTTTTCGACAATATAACAACGTGAATTGGGTCCACATTTGGAATATTCACAAATATTATTTACTTTAAATATAACAAAATTTTTCA","Pf3D7_06_v3-851492-851765-1A.2","39+8N194T220T",634,0.489953632148377,2
"IM-23-122-JVIK","8039832487","Maziba","Pf3D7_11_v3-1934962-1935236-1A","TGATGTGCCAATATTAAGGATACATTTTCTAAAGCTTCTATCAGATAATGAAAATTTTTTCTGCGATTTTCATTTAAATCATTAAATATATTGGTTAGTTCTTGTATTGACGTTTTTGGATCTAAGGATGTAATTTGTTCATTTAATTCTTCTGTATATTCTAGATTAAAGTTTAAATTATTAAAATAACCTTCAGCATTATTTTCATTTTT","Pf3D7_11_v3-1934962-1935236-1A.1","54+10N98G",206,1,1
"IM-23-122-JVIK","8039832487","Maziba","Pf3D7_09_v3-595828-596094-1A","ATAATTTTTTCATCGTTCTTATACATTAATGATAAAGTCTTTTTGCAAAATTTTTTGAAGAGATCAGATTTGAGATAAAGACGTTTGGCTAATTTATACGAGAATTCGAGAGCATCTAATTTTATATTTAAACATTTTTTCGTATCCAATATATTATAATTTTGTTCATAAGTCTGTTCATTTATATTATTTAATACTTTT","Pf3D7_09_v3-595828-596094-1A.1","4+8N50+8N134+8N",174,0.22568093385214,2
"IM-23-122-JVIK","8039832487","Maziba","Pf3D7_07_v3-404325-404590-1B","GAAACACAAGAAGAAAATTCTATCATATTTAATCTTGTCTTAATTAGTGCCTTAATTGTAAGAAAACAAAATATATAAATAAATAAATATATATATATATATATATATATATATATATTTTAATATTTAATTTATATTAACACTTAAACTTTTTTTTTATTATATTAATTTATATTCTTTATCATTTTTTTTTTTTTTTCCTTCTTTTTTTT","Pf3D7_07_v3-404325-404590-1B.1004","71+40N112T124T145T176+19N195T197C198+8N",1,0.0476190476190476,5
"IM-23-122-JVIK","8039832487","Maziba","Pf3D7_02_v3-470437-470709-1A","AATATTGACATGAAACATTATAATACACATAAGAAAAAAAAAATTTATTTATTCTTACAAAAAGAATATAAAAACAAAATTTTGGGATTTATAAATTTTTATAAACGTATAACACACAAAATAAAAAAGAAACAAGAAAATGTTCATGATAAAATCACTTTTTTAAAATGTCTAAAGGAACTCTTTTTTGTCACACATACAAATA","Pf3D7_02_v3-470437-470709-1A.3","33+12N107G122+8N158+8N183+8N",388,0.591463414634146,2
"IM-23-122-JVIK","8039832487","Maziba","Pf3D7_07_v3-1043981-1044225-1A","ATAATGATATGTTATTTCATCATCAGCATCGACTTCTTTTTTATTATGTTCAAACAAATTCTTATATTTTATATTATTGCATTTTTGTCTTTCCATATTTATAAAAGATTCTATTTTCTTTTTATAATCATTCCTTTTTATATAATTACACATTCCTTCATTTTGGTTGTCATAACTCTTCT","Pf3D7_07_v3-1043981-1044225-1A.1","36+8N",748,0.44,2
"IM-23-122-JVIK","8039832487","Maziba","Pf3D7_11_v3-408285-408534-1A","TACGAAGAAGGTTTAAAATATTGTGCGTCATCAATTAATTTATGGATATGTGCTATCGATTTACAAATAGAAAAAAAGAATTATACAGGTGCTAGAGCTTTGACGGAGAAAGCAAAAATCAAAATCAAGTATTTAAATTCTTTTAATAATAATAGTCATATTTTAAAAAGTAAAGAAATTATTGAA","Pf3D7_11_v3-408285-408534-1A.2","3C70+9N",471,0.504282655246253,2
"IM-23-122-JVIK","8039832487","Maziba","Pf3D7_01_v3-535965-536239-1A","GCTCATTCGATATTTTCCAGTTGTTTGATTTTAAAAATGATGTATATTTTTTAGATGATAATTTGTTCGACAAGGATATGGTATATTGTACAAGTACCAACAATTATGGCGTTATGGAAAATGATAATGATGATGATAAAATAATAAAAATACAAAATTTAAATGAGAAATTAAAAAATGGAAAAGCTGAATTTAAAGATATATTATTAT","Pf3D7_01_v3-535965-536239-1A.5","8C46+8N118A121+17N172+8N",329,0.521394611727417,2
"IM-23-122-JVIK","8039832487","Maziba","Pf3D7_11_v3-408543-408771-1A","AGAGTGTTAATAATACTACAGCTAGTAATATTTCCAAATCCAAAAATGAACTTGAAAAAAAGTCATCAGTTAATAATAATGCTTATATTAAAATTATCGAAAATTATGATTTATTATGGTTAAAATTAATAGAAATTGAATTATGTTGTAATAATAAAAATTTAAATCCTATA","Pf3D7_11_v3-408543-408771-1A.1","54+9N",1188,0.945107398568019,2
"IM-23-122-JVIK","8039832487","Maziba","Pf3D7_12_v3-684011-684240-1A","ACCTAATGTTGGTAAGTCTACCATTTTTAATCGACTAACTCGAAAATATCAAGATGGTAGTATTGTATTAGATGTTAGTAGTACGAGAGATAAACTTTATGGAGAAGTTGAGTGGGAAGGATATAAATTTGAACTTGTGGATACAGGAGGTTTAGTTTTTGA","Pf3D7_12_v3-684011-684240-1A.1","67A",1324,1,1
"IM-23-122-JVIK","8039832487","Maziba","Pf3D7_06_v3-176108-176338-1A","ATTATTATTATTATTATTATGATGATGATGATGATGATGATCTGTGTTAAGATCATCTTCTATACCATTAGTTAAACATTTTATATTTTTATTCATATAAACATTAATCTTCACAACAGATTTATCAGATCTAGAAAATCTTGTACCTGTTGCTTTATGTAACAATAT","Pf3D7_06_v3-176108-176338-1A.5","1+38N",520,0.441051738761662,2
"IM-23-122-JVIK","8039832487","Maziba","Pf3D7_12_v3-1959644-1959891-1A","ATGGGAAGACGATAAGAGAAGAGAAATTAATTTCTGAGGGAGCGTATTCATTTGTTTATATGGCGAAGGATTTAAACACGAATCGAGCTTATACTATAAAGAAGACCATATGTCAAGATAAAGAGAAAATAGATATGGCGAAAAAAGAAATCAACATTCTTAAAAGTTTACCTCCACATAAAAATATA","Pf3D7_12_v3-1959644-1959891-1A.1","143A",1063,1,1
"IM-23-122-JVIK","8039832487","Maziba","Pf3D7_13_v3-1146764-1147010-1A","AAATTTTCTCCTAAAGTTATGCCTTTGTTAATGAAGGAGAAGAACGTGAAACATAAAGCACCTCCTAAAGGTACTATAAAGCATACGCTAGAATATTTAAAAAGAGCAGGAGAATCAAGAATGAAAGAAAATGAATTATACAAATCAAAAAAAGATAGCACACTTAGTTCAATTGCAATTAGAAAAAATTCC","Pf3D7_13_v3-1146764-1147010-1A.1","64C110G146+9N182+8N",2029,1,1
"IM-23-122-JVIK","8039832487","Maziba","Pf3D7_09_v3-270915-271160-1A","CTTTGTATGTATTATCTGTTGTTTTATCTTCACCTTGATTTCCTGTACTTGTAGATTCAGTAGATGGACCTTCAGAACCTGCTAATTCATCACTAGTAGATGCAGCACTTGTACTTTTAGATTGTTCTTTTAATGGTCCCATATATTTGTATAATTCTATTTCTAAATCTTGATCCTTGGTTTTTTCTTCTAA","Pf3D7_09_v3-270915-271160-1A.1","82C85A180+8N",411,0.250457038391225,2
"IM-23-122-JVIK","8039832487","Maziba","Pf3D7_08_v3-1366626-1366856-1B","CTTTACCTCCATTTTTTTTTTTAAAATCTTGTACACAGAAGTTTACTAATTTATTATCAAAATCTTCTCCTCCTAAATGTGTATCTCCTGAGGTAGCTTTAACTTCAAAAATTCCATCTTCAAGTGTTAATAAGGAAACATCAAATGTTCCTCCTCCTAAATC","Pf3D7_08_v3-1366626-1366856-1B.1","11+13N",338,1,1
"IM-23-122-JVIK","8039832487","Maziba","Pf3D7_13_v3-2770621-2770854-1B","ATTCCAAGAAATATTTTTAAAAAAAAATAGTGAGTTAGATGATCACGTATGGAATATAGAAAGTATTACTACGAATATATTAGAGAGGAATAAATTAAGTGATCAAAATAATGAAGATAACCATGATGTTAATAATAATAATGAAGACCCATCTGGGGGTAATTTAAAAAC","Pf3D7_13_v3-2770621-2770854-1B.1","18+11N130+13N",628,1,1
"IM-23-122-JVIK","8039832487","Maziba","Pf3D7_11_v3-1950431-1950680-2","AGATATATTTCAAGGAAAGGATATGTGGAATGATGGGAAATATGGTGAAGCGAAAAATCATATTAAGAATGCTTTTGGTGATATGAACAATAGAAAAGCTATGTTAAATGAAATTGAGAAAGGAATTAAAGATGAAACGTTTAGTCGTGAAAATGGTTTAGACGTTTGTAAATCTCAATGTGAGGAAAG","Pf3D7_11_v3-1950431-1950680-2.1","98G",2995,1,1
"IM-23-122-JVIK","8039832487","Maziba","Pf3D7_11_v3-1294664-1294910-1A","AAAAGATGAATCATTTCAAAACTATACATATTTAAGTAAAAATGTAGTTCATAACTGGGAAAAAGTTTGCCCTAGAAAGAATTTACAGAATGCAAAATTCGGATTATGGGTCGATGGAAATTGTGAAGATATACCACATGTAAATGAATTTTCAGCAAATGATCTTTTTGAATGTAATAAATTAGTTTTTGAATTG","Pf3D7_11_v3-1294664-1294910-1A.20","8G9A40A50C152T159A",2166,0.76510067114094,4
"IM-23-122-JVIK","8039832487","Maziba","Pf3D7_04_v3-109939-110184-1A","CAACATCTGAATTATATAAATCTTTAGAAAAACAACTAATATCCTTACTCCATATATTTATTTTTATACCAAGAATAACAGCCATATAAACCAAAACTCTCTCAAATGCATGTGATACAGGTAAATAAGAAAAATGGGTTTTCGGTTTCATGTTTTTTATTACATTATGATCACATAATGGTGCTACT","Pf3D7_04_v3-109939-110184-1A.2","51C108G152+8N",557,0.537126325940212,3
"IM-23-122-JVIK","8039832487","Maziba","Pf3D7_12_v3-659881-660127-1A","GGTGGTTTAACATTTTCAGCTACGACTTTTTCGACTGATGGCAATCCTAATTTGATTAATTCCTTTAACATATGTTTTGCGTGTTTTTTTACTTCTGATTTGATATCAAAGCTTGATTCTAAAAAGGTTGGTGAATTTTTTTGTAAAACACTGACAAGTTCATTTGATATGGTCTCTGCTAAATCATCACCA","Pf3D7_12_v3-659881-660127-1A.4","26C27T35C50A73T74G83+9N135+9N",225,0.204731574158326,2
"IM-23-122-JVIK","8039832487","Maziba","Pf3D7_12_v3-529495-529767-1A","GCTCCCCAAAAGTTAACTGCTTCATTATTTTTTGGATCCCAAAAACTAACATTCGTTACCCATCCAACATAATCGGTAGATATCCTATATTCATAACTACTACAGAAATATTTATACTCATGGTATACATTTGCATCATTTACATCTACCAAATTAACAGTTTTACACAAATTGTGAATGCCATTCAAGTTATAAAAACCTGTACAT","Pf3D7_12_v3-529495-529767-1A.1","32T",483,0.527292576419214,2
"IM-23-122-JVIK","8039832487","Maziba","Pf3D7_13_v3-1726174-1726408-2","TTTCTAATTCTTTGTACAATCGTACTCTTTCCATTTCTAGTTCTTTCTTATCTTTAAATAATTTATGTTTTTCTCGAATAAAATTCATTTGTGTCTTTTTTAACCAATTAATAAATGTAATTCTTAAATCACCTACCATATTTTCAAAATCACTAGCATCACTTAAT","Pf3D7_13_v3-1726174-1726408-2.12","67G95+8N",2783,0.761214442013129,2
"IM-23-122-JVIK","8039832487","Maziba","Pf3D7_06_v3-1192628-1192867-1A","GATTATATATTTCTATATTTTAATAAGAAGGCGTTACACAAACATGATGCCTCTAATGAAATGTGTTTTGTGAAAAACGAAGATTCTACACGCACAAAAGGACATATGAATGATGAACAAAATGATTTATATAAAATAAATAATAATACAACATATTTTTTTAACAAAAACCACT","Pf3D7_06_v3-1192628-1192867-1A.2","155+9N",752,0.502673796791444,2
"IM-23-122-JVIK","8039832487","Maziba","Pf3D7_06_v3-1192628-1192867-1A","GATTATATATTTCTATATTTTAATAAGAATGCGTTACACAAACATGATGCCTCTAATGAAATGTGTTTTGTGAAAAACGAAGATTCTACACGCACAAAAGGACATATGAATGATGAACAAAATGATTTATATAAAATAAATAATAATACAACATATTTTTTTAACAAAAACCACT","Pf3D7_06_v3-1192628-1192867-1A.1","30T155+9N",744,0.497326203208556,2
"IM-23-122-JVIK","8039832487","Maziba","Pf3D7_13_v3-1041593-1041860-1AB","CAAGATTGAAGTATTACATATCTCAGAAATTAAATGTATGCCCAAGAGATGTAAATGCACACATTGTAGGTGCTCATGGAAATAAAATGGTTCTTTTAAAAAGATACATTACTGTAGGTGGTATCCCTTTACAAGAATTTATTAATAACAAGTTAATTTCTGATGCTGAATTAGAAGCTATATTTGATAGAACTGTTAATACT","Pf3D7_13_v3-1041593-1041860-1AB.1",".",982,1,1
"IM-23-122-JVIK","8039832487","Maziba","Pf3D7_11_v3-1376058-1376305-1A","TTTCTGGCTCGATATAATCCATTTCAATATTTATATTAGATATGAAACATCTATCTTCAATAGGTGAATTTGCTGCAAATTGAGCCATAGAAAAATGATTCTCATTCCTTTGAAAATATGAACTATTCAACTCATCAAGGTTTTCATATGTTATTTCATAACTGCCATCATCTGAATCCTCTTCATCA","Pf3D7_11_v3-1376058-1376305-1A.1","140G",1204,1,1
"IM-23-122-JVIK","8039832487","Maziba","Pf3D7_08_v3-1314717-1314986-1A","ATAAAAAAGAAAAAATTATTGTCAAAAGTTTTCATAGATATATATATGATGGTATTAGAAGATTTTAAAGAAGAAGAATGTAAAAAAAATAAAGAAATATTTCTTGATACTTATATAGATGAACTAAAAAAAGATTCACAAAGTGAAAAAAATAAAAGCATGTTAAATATATTAGATGAAATAAAAAGTGATATTCATATAGGATATC","Pf3D7_08_v3-1314717-1314986-1A.1","2+15N87A125+9N138A145+9N",96,0.225352112676056,3
"IM-23-122-JVIK","8039832487","Maziba","Pf3D7_06_v3-1282656-1282930-1A","AAAATATGGAAGAAATATGATAAAGAAAACAATAAATATATATTGTCTCATTTTATTCCTCAATTTATTGAAGACTTAAATTTGAAGGATGAATTCCGAAATTTATTTGATGGATTTGTAAATGATTTGGATATTCTATTATATTCAGAATTTAAAGCATTTTATTTACAAATGAAGCAAAAAGATATAAATGAACTGAAAAATTCTGA","Pf3D7_06_v3-1282656-1282930-1A.1","3A60T",300,0.423131170662906,2
"IM-23-122-JVIK","8039832487","Maziba","Pf3D7_11_v3-1374917-1375148-1A","TTTTTAAATGAAAATCTCCAAAGCTTCTGGTTGGTTGTAATCTACCTTTAACATAACAATTATCATAATGATGTGATAAGAGATGAAAAGGTGTTTTACATAATTCATATCTATTATTATTATTAACAGTTTTATAATCTCGAGTACATATTTTACATACTAATATA","Pf3D7_11_v3-1374917-1375148-1A.3","111C112+14N",1353,1,1
"IM-23-122-JVIK","8039832487","Maziba","Pf3D7_07_v3-729480-729750-1A","TGAATGTTCAGAAATTTTATATCACTTAAATCGTTTGAGTGCGTTAGATCAAATATTGTTGAAAGATAAAATAAGTATATATGAGTATCAGCTAAAGGACACGTTTTTAACAACGTATGATATAGGTTGTTTATTAAAAATAGCTCAAGTGTTGAATGAACAAAATTATTATGATAACATTCCATTTTTGCATATATTTTTATATAACATACATAA","Pf3D7_07_v3-729480-729750-1A.2",".",368,0.494623655913978,2
"IM-23-122-JVIK","8039832487","Maziba","Pf3D7_12_v3-529495-529767-1A","GCTCCCCAAAAGTTAACTGCTTCATTATTTTGTGGATCCCAAAAACTAACATTCGTTACCCATCCAACATAATCGGTAGATATCCTATATTCATAACTACTACAGAAATATTTATACTCATGGTATACATTTGCATCATTTACATCTACCAAATTAACAGTTTTACACAAATTGTGAATGCCATTCAAGTTATAAAAACCTGTACAT","Pf3D7_12_v3-529495-529767-1A.2",".",433,0.472707423580786,2
"IM-23-122-JVIK","8039832487","Maziba","Pf3D7_13_v3-2814583-2814832-2","TCAGTCTTCTAATTCTAGCGATAATGATCCTGCAGTAGTAAGTGGTAGAGAATCTAAAGATGTAAATCTTCATACTTCTGAAAGGATTAAAGAAAATGAAGAAGGTGTGATTAAAACAGATGATAGTTCAAAAAGTATTGAAATTTCTAAAATACCATCTGACCAAAATAATCATAGTGATTTATCACAG","Pf3D7_13_v3-2814583-2814832-2.1","124T",4445,1,1
"IM-23-122-JVIK","8039832487","Maziba","Pf3D7_04_v3-1113397-1113639-1A","GATTCTGCATGCAGTAATGAATCTATTGAAATCATCTAAGAATAAACTTTTTTGTTTAAACCATTTATTGAACATTTCACTTAAATGTGATTCAATTTTTTTTTCTGAGATTTCCATAATTTGATTACATCTATTCAATTTGTTTGTATAATTATTAGGTCTTATTATTCTTTTACGTTTTAAATCATC","Pf3D7_04_v3-1113397-1113639-1A.4","47+8N95+11N110A130T152T154A",962,0.483417085427136,3
"IM-23-122-JVIK","8039832487","Maziba","Pf3D7_13_v3-1726174-1726408-2","TTTCTAATTCTTTGTACAATCGTACTCTTTCCATTTCTAGTTCTTTCTTATCTTTAAATAATTTATCTTTTTCTCGAATAAAATTCATTTGTGTCTTTTTTAACCAATTAATAAATGTAATTCTTAAATCACCTACCATATTTTCAAAATCACTAGCATCACTTAAT","Pf3D7_13_v3-1726174-1726408-2.1","95+8N",873,0.238785557986871,2
"IM-23-122-JVIK","8039832487","Maziba","Pf3D7_13_v3-1725464-1725719-1B","ATCATAGTTATTACCACCAAAAACGTATAAGAAATTATTCAATACAGCACTTCCAAAATAAGCTTTTTTGGTAGACATAGGTGTACACATACGCCAGCATTGTTGACTAATATCTAATAATTCCATCGAATTTAAATATTCTACACCATCAAATCCACCTATACAAAATACTAATGGGAATGGTAAAAATTTAATACCA","Pf3D7_13_v3-1725464-1725719-1B.1","63+8N",793,1,1
"IM-23-122-JVIK","8039832487","Maziba","Pf3D7_04_v3-1113397-1113639-1A","GATTCTGCATGCAGTAATGAATCTATTGAAATCATCTAAGAATAAACTTTTTTGTTTAAACCATTTATTGAACATTTCACTTAAATGTGATTCAATTTTTTTTTCTGAGCTTTCCATAATTTGATTACATCTATTCAATTTGTTTGTATAAGTTTTAGGTGTTATTATTCTTTTACGTTTTAAATCATC","Pf3D7_04_v3-1113397-1113639-1A.1","47+8N95+11N130T161G",1026,0.515577889447236,3
"IM-23-122-JVIK","8039832487","Maziba","Pf3D7_06_v3-416462-416720-1A","AAGAAAAAATGGACATTGTGGAGAATATAAAAAATAGAGGAAAGGAAAAAACAGAATTAACATATAAAGAAGTATATAAAACACAACAGAATCAAAATGATGCAAGTTTAAATTCATTTTGGGGTGATGAAAAAAAAAATAATAATTATGATATAGATATAGTAAAAGAGAAATATAGTGAGCTAATGAAAAAAAAAGAA","Pf3D7_06_v3-416462-416720-1A.3","3+8N28+8N45+8N129+12N183C188+11N",616,0.51505016722408,2
"IM-23-122-JVIK","8039832487","Maziba","Pf3D7_04_v3-1037644-1037891-1A","GAAAGAGATTTAACAGATGATGCTGTGATTTTTGCACACTCACTTTATTTACCATTTGAAAAAGAAGAAATGTGGTGGATCGTTATCGGAATTAAAAAAATGAACTTACTTTTATCTATCAAAAAATTATCTTTATTGAAAAGTATCAATAATATAAAAATTAATTTCGAATTGCCTGACA","Pf3D7_04_v3-1037644-1037891-1A.2","93+9N120+8N145A",585,0.497026338147833,2
"IM-23-122-JVIK","8039832487","Maziba","Pf3D7_13_v3-2114829-2115090-1A","ATTCAATATATATAAAAATATAGCTAATAAACATTTCAAATCTCCATTAAGAACTTTATTCATCTTAACAAAAGCTCTATGAACTTCTGTATCTATAGTCGATTTTGTTATTCTAAGCATATCATTAAGTAAAAAATTTACGGTATCGACATTAACAGTGTAATAATTTCTTCCTAAATTTAAATGTTCTAAATAATTCAA","Pf3D7_13_v3-2114829-2115090-1A.1","130+8N192A",979,0.776367961934972,2
"IM-23-122-JVIK","8039832487","Maziba","Pf3D7_07_v3-729480-729750-1A","TGAATGTTCAGAAATTTTATATCACTTAAATCGTTTGAGTGAGTTAGATCAAATATTGTTGAAAGATAAAATAAGTATATATGAGTATCAGCTAAAGGACACGTTTTTAACAACGTATGATATAGGTTGTTTATTAAAAATAGCTCAAGTGTTGAATGAACAAAATTATTATGATAACATTCCATTTTTGCATATATTTTTATATAACATACATAA","Pf3D7_07_v3-729480-729750-1A.1","42A",376,0.505376344086022,2
"IM-23-122-JVIK","8039832487","Maziba","Pf3D7_12_v3-2092529-2092798-1B","AGTTGAAGGGGGAGGAATGATCGGAGTTATCAGATTAGAAAATCAAGTGAGAAATCCCCCTGTAATAAAATTGAAGAGTCATACATCTCCCATCCTTGATTTGTCATTTAACCCGTGTTATAGTGAGATATTAGCTTCATGTTCAGAAGATATGTCTATAAGAATATGGGAGATACGTCATGAGGATGAGAATGTGAATGAGGTA","Pf3D7_12_v3-2092529-2092798-1B.1",".",859,1,1
"IM-23-122-JVIK","8039832487","Maziba","Pf3D7_13_v3-2770591-2770863-2","ACACATCGATTTTATCAAAAGGAAATATTCCAAGAAATATTTTTAAAAAAAAATAGTGAGTTAGATGATCACGTATGGAATATAGAAAGTATTACTACGAATATATTAGAGAGGAATAAATTAAGTGATCAAAATAATGAAGATAACCATGATGTTAATAATAATAATGAAGACCCATCTGGGGGTAATTTAAAAACCAATCTAAT","Pf3D7_13_v3-2770591-2770863-2.1","44+11N156+13N",2082,1,1
"IM-23-122-JVIK","8039832487","Maziba","Pf3D7_12_v3-2092654-2092884-2","GAGATATTAGCTTCATGTTCAGAAGATATGTCTATAAGAATATGGGAGATACGTCATGAGGATGAGAATGTGAATGAGGTAAAGGATCCTTTATGTATATTAAATGGTCATAAGAAAAAAGTAAATATATTATCATGGAATCCTATGAATTATTTTATATTATCATCT","Pf3D7_12_v3-2092654-2092884-2.1","114+8N",4084,1,1
"IM-23-122-JVIK","8039832487","Maziba","Pf3D7_11_v3-1295103-1295335-1A","ACTACTGCTTTGTCCCATCCCAACGAAGTTGAACACAATTTTCCATGTTCATTATATAAAGATGAAATAAAGAAAGAAATCGAAAGAGAATCAAAACGAATTAAATTAAATGATAATGATGATGAAGGGAATAAAAAAATTATAGCTCCAAGAATTTTTATTTCAGATGATAAA","Pf3D7_11_v3-1295103-1295335-1A.4","23A34C71A132+9N",482,0.271549295774648,2
"IM-23-122-JVIK","8039832487","Maziba","Pf3D7_13_v3-156713-156986-1A","TCCTTTTATGTGAACAAATTAAATATTGTAAATGATTTCTTTTTTGAAACACACCATAAAGATACACATCAAGACAGTCAAAATGAACACAAAACGGATGAACCTAAAATACATAATGTTTTCAAAAAAAAAAATAACGATATCTTTGTTAATATTCCTCTACCAAAAATATTTAAAAATTTCTTACATTCCATATATTTTAGAACTCC","Pf3D7_13_v3-156713-156986-1A.2","39+8N50C123+13N",616,1,1
"IM-23-122-JVIK","8039832487","Maziba","Pf3D7_11_v3-1294664-1294910-1A","AAAAGATAAATTATTTGAAAACTATACATATTTAAGTAAAAATGTAGTTGATAACTGGGAAAAAGTTTGCCCTAGAAAGAATTTACAGAATGCAAAATTCGGATTATGGGTCGATGGAAATTGTGAAGATATACCACATGTAAATGAATTTTCAGCAAATGATCTTTTTGAATGTAATAAATTAGTTTTTGAATTG","Pf3D7_11_v3-1294664-1294910-1A.5","9A12T17G40A152T159A",2,0.000706464146944543,4
"IM-23-122-JVIK","8039832487","Maziba","Pf3D7_07_v3-105172-105442-1A","GACTACTAACAGAGTGACTACCTACGCTATGTTGAGATGAATTCCTTCCATCTGAATTACTTCCAGATAGGTGATTTTCTGTACTTCCATCTGAATTGTTTTTATATAATTGACTTTCCTTTTGTCCATCTAAATTATGCACTGCACTATGAGTTCCTTCACCCAAATTATTACTGTTTGTTGTATCATCATTTAAATCAAATCCATTTCTT","Pf3D7_07_v3-105172-105442-1A.1",".",304,0.52686308492201,2
"IM-23-122-JVIK","8039832487","Maziba","Pf3D7_12_v3-63081-63314-1A","TTTCCGTCATAATAGTTGCATACATTCTATTAAAAACTTTGGGTACTCCTAATATAATTTCACCTTTTGAATTACATATGTCTGTATTCAAAAATTTTATATCTCTACTCCATATATTTATCTTTACACCCAAAAACAAAGCAATGAAAAAAACAACCCTTTCATA","Pf3D7_12_v3-63081-63314-1A.1","146+9N",765,0.500327011118378,2
"IM-23-122-JVIK","8039832487","Maziba","Pf3D7_13_v3-1725887-1726123-2","AAATAGCTCCACCAACATTAATATCAATCATAGTTTCAGTAGCAATATTTGCATCAACAATTTTTTTTTTATCATTCTCAAAATTTTTATATTCTTGATAATATTTTTCTTTTTCTAAATATAATACTAATTTAATTTTATCGATTTCTTGTAAAAATCTTAATCTTTCTTCATCAA","Pf3D7_13_v3-1725887-1726123-2.1","60+12N",1401,1,1
"IM-23-122-JVIK","8039832487","Maziba","Pf3D7_11_v3-408285-408534-1A","TATGAAGAAGGTTTAAAATATTGTGCGTCATCAATTAATTTATGGATATGTGCTATCGATTTACAAATAGAAAAAAAGAATTATACAGGTGCTAGAGCTTTGACGGAGAAAGCAAAAATCAAAATCAAGTATTTAAATTCTTTTAATAATAATAGTCATATTTTAAAAAGTAAAGAAATTATTGAA","Pf3D7_11_v3-408285-408534-1A.1","70+9N",463,0.495717344753747,2
"IM-23-122-JVIK","8039832487","Maziba","Pf3D7_04_v3-115455-115684-1A","TATTAATGTCATTTTGTTTTTCTTTATTATTATTATTTTTATTTTTTCCCTGGTTATCTTCCTTATTACCTAGCTTTTTTTTGTTGTCATTATTTTCTGTCTGATTATTATTTTTGACTCTGTTCATCTTTGAATTATCCGTTCTGTTTGTATGTCTCAAGCAAGGT","Pf3D7_04_v3-115455-115684-1A.2","24+25N74+10N120C",911,0.453685258964143,3
"IM-23-122-JVIK","8039832487","Maziba","Pf3D7_07_v3-717260-717493-1A","GAGCTTGCTTTTTTGTTGCGTTACTTGCTGGGCTGATCAAAAAAAAAGTTGAATGTATTGAACTTAGTGCCAGCGAAATTTCCCCTCATGAAAACAAATCGACGAGTTCATCAATATTCCAAGAGGAATTAAAATTTGATGAGTCTCTGAAAAATTTTTTCAAACAA","Pf3D7_07_v3-717260-717493-1A.2","8+8N38+11N141G154+8N",835,0.475783475783476,2
"IM-23-122-JVIK","8039832487","Maziba","Pf3D7_11_v3-497277-497548-1A","TTTTAGATTTAATTGAATATTCATTTTTAAATTATACTAGTTCTAATTTAAATACAATAAATAATAATAATGACAAAAAAAAACAAAATCAAAAAAATAAAAATCGCAAATATAGTAAAAATAATATTTTAGATCTCTATGAACACGTACGTACGATCAGTTTATTTTATCACACGTTTAATTTACCTAAGGAGTATAATGAAAAATTGTT","Pf3D7_11_v3-497277-497548-1A.1","74+11N90+9N148T150C",508,1,1
"IM-23-122-JVIK","8039832487","Maziba","Pf3D7_11_v3-1295371-1295597-1A","AAGTAACATCAAATAATGAAGTTGTAGTTAAAGAAGAATATAAAGATGAATATGCAGATATTCCTGAACATAAACCAACTTATGATAAAATGAAAATTATAATTGCATCATCAGCTGCTGTCGCTGTATTAGCAACTATTTTAATGGTTTATCTTTATAAAAGAA","Pf3D7_11_v3-1295371-1295597-1A.1",".",1912,1,1
"IM-23-122-JVIK","8039832487","Maziba","Pf3D7_04_v3-1083299-1083563-2","ATACACTTTCCATATGTAGAGGACTTATGATATATAGAATTATAAGATAAATGTTTATAATAATCTAAAAAAGTATAATGAGGTATTATAACAAAATCCAAATGTCCTTCTTTTTCTTGTAAAATATCAATAGAATTTGCAATGTTATAATTTGATAACTCTTTAAAATGATATTGTAAAAAATTAACATTTTTATA","Pf3D7_04_v3-1083299-1083563-2.1","66+8N177+8N",1428,1,1
"IM-23-122-JVIK","8039832487","Maziba","Pf3D7_11_v3-1295103-1295335-1A","ACTACTGCTTTGTCCCATCCCATCGAAGTTGAAAACAATTTTCCATGTTCATTATATAAAAATGAAATAATGAAAGAAATCGAAAGAGAATCAAAACGAATTAAATTAAATGATAATGATGATGAAGGGAATAAAAAAATTATAGCTCCAAGAATTTTTATTTCAGATGATAAA","Pf3D7_11_v3-1295103-1295335-1A.5","61A132+9N",1293,0.728450704225352,2
"IM-23-122-JVIK","8039832487","Maziba","Pf3D7_11_v3-1294664-1294910-1A","AAAAGATAAATCATTTCAAAACTATACATATTTAAGTAAAAATGTAGTTGATAACTGGGAAAAAGTTTGCCCTAGAAAGAATTTAGAGAATGCAAAATTCGGATTATGGGTCGATGGAAATTGTGAAGATATACCACATGTAAATGAATTTTCAGCAAATGATCTTTTTGAATGTAATAAATTAGTTTTTGAATTG","Pf3D7_11_v3-1294664-1294910-1A.10","9A40A86G152T159A",1,0.000353232073472271,4
"IM-23-122-JVIK","8039832487","Maziba","Pf3D7_13_v3-2780346-2780575-1B","GTTGGATAGAATGCCCGACTACGGATCGGGAGGTCGTGGGTTCGACTCCTGCCCGGCCTAATTTTTTTCGTTTTCCTTTTTAAAGTAAAAAAGGATAATATTTTTAAAAAACATTTAGTATATATATTTTTTTTAAATAATAAATCTATTATATTATTAAATATTATGAGAAGA","Pf3D7_13_v3-2780346-2780575-1B.2","61+9N76C86+8N105+8N126+10N",633,1,1
"IM-23-122-JVIK","8039832487","Maziba","Pf3D7_13_v3-156456-156685-1A","ATTATATGATATTTATATAAAATTAGAAAATCTAATTTTAGAAAAAATAACTGAAAGTATATACAATAGTACACCTCCATATAGAGTTATTATGTTCGAATTAATGACCAGATTGTTTCGATTTTATACAAAACCAATAGACCTTATTATTACTATGAATACAC","Pf3D7_13_v3-156456-156685-1A.2","41+8N115G",226,0.484978540772532,2
"IM-23-122-JVIK","8039832487","Maziba","Pf3D7_13_v3-1725124-1725365-2","TGGAAATTGTTCCCATTTATTCATTTTTTCTTCATATACTTCAATAGAATTTAATCTCTCACCATTAGTTCCACCAATGACATAAATTTTATTATCAAAAGCAACACACATAGCTGATGATCTAGGGGTATTCAAAGGTGCCACCTCTACCCATGCTTTCATACGATGATCATATGCTTCTAC","Pf3D7_13_v3-1725124-1725365-2.1","23+8N",4862,1,1
"IM-23-122-JVIK","8039832487","Maziba","Pf3D7_13_v3-1724895-1725166-1B","CGCCATTTTCTCCTCCTGTAATTATATAAGAATCTGACAATGTGGCAGCTCCAAAATTCATTTTTTTCTCTGGTACACCATTTAGAAATTGCCATCTTTTATTAAATGGTTGATATTGTTCAACGGAATCTAATATGTTATGTTCATTATCAATACCTCCAACAACATATATTTGATTAAGGTAATTAAAAGCTGCTCCTGAACTTCTAG","Pf3D7_13_v3-1724895-1725166-1B.1","60+9N",498,1,1
"IM-23-122-JVIK","8039832487","Maziba","Pf3D7_08_v3-102277-102527-1A","TACCTTCATCTATTGAATTAATTTTCTCAAGTAACATATTTTTGTCTTGACTACTTTCATCTGTAAATGGAACCAATACTCTTTGCTTACCTGCAAAAAGGACAACTGACATATGAGCCTTATCCTTACTTACATTCGAATTAAAGACCATAGATTCTAAAAATGGTATAGTTCCTTTTAACCAATAATC","Pf3D7_08_v3-102277-102527-1A.3","74C76A",833,0.454446262956901,2
"IM-23-122-JVIK","8039832487","Maziba","Pf3D7_13_v3-1725208-1725471-1B","CATAAATTTTATTATCAAAAGCAACACACATAGCTGATGATCTAGGGGTATTCAAAGGTGCCACCTCTACCCATGCTTTCATACGATGATCATATGCTTCTACATTCGGTATAATAGAAGAGCCATCATATCCCCCAATACAATAAATTCTACCATTTGACGTAACACCACAATTATTTCTTCTAGGTATATTTAAATTACTTGAAAC","Pf3D7_13_v3-1725208-1725471-1B.1",".",935,1,1
"IM-23-122-JVIK","8039832487","Maziba","Pf3D7_11_v3-1127074-1127316-1A","AACATTTTAATATTCCTAATTTCGAAAATATGATGAAAGGAGTTTTTGGAATTATTCAAAATCCTTTTGAAAATGGCCAACCCACTTTCCCATTCTTTAAAAATATTAATTCGATCTCTGGAATCGGTAATGTTGATATCCCCAAAAATTTTATGAATGATTTTTTGAATAATGGAAATGATCAAAACA","Pf3D7_11_v3-1127074-1127316-1A.1","13T160+8N",1585,1,1
"IM-23-122-JVIK","8039832487","Maziba","Pf3D7_11_v3-408543-408771-1A","AGAGTGTTAATAATACTACAGCTAGTCATATTTCCAAATCCAAAAATGAACTTGAAAAAAAGTCATCAGCTAATAATAATGCTTATATTAAAATAATCGAAAATTATGATTTATTATGGTTAAAATTAATAGAAATTGAATTATGTTGTAATAATAAAAATTTAAATCCTATA","Pf3D7_11_v3-408543-408771-1A.2","27C54+9N70C95A",69,0.0548926014319809,2
"IM-23-122-JVIK","8039832487","Maziba","Pf3D7_01_v3-194742-194973-1B","TACCTATAAAAATGAAAAAAATAAAGAAGAAGATAAATATGGAAAAAATGAAAAAAACGAAAAATATGACAAATATGACAAATATGAAAAATATGAAAAATATGATAAATACAAAAAAGATAATAAAAATCAACATGATGATCCACTTTATGATAATATTAATAAAAATTACGATAA","Pf3D7_01_v3-194742-194973-1B.2","14+9N42+17N112+8N",949,0.508574490889603,2
"IM-23-122-JVIK","8039832487","Maziba","Pf3D7_08_v3-1314717-1314986-1A","ATAAAAAAGAAAAAATTATTGTCAAAAGTTTTCATAGATATATATATGATGGTATTAGAAGATTTTAAAGAAGAAGAATGTAAAAAGAATAAAGAAATATTTCTTGATACTTATATAGATGAACTAAAAAAAGATTCGCAAAGTGAAAAAAATAAAAGCATGTTAAATATATTAGATGAAATAAAAAGTGATATTCATATAGGATATC","Pf3D7_08_v3-1314717-1314986-1A.3","2+15N125+9N145+9N",328,0.769953051643192,3
"IM-23-122-JVIK","8039832487","Maziba","Pf3D7_08_v3-1313088-1313338-1A","TGAGAGACATAGATATATGATAGAAAAATGGAAAAAAGAAGATTGGTTTTGTGATTTAAAAGAAACGTTGAAAAATGAATTTGAAGAACAGATGGATATAGGAAAAGTATCTTTTTTATATGAAAATAATAGAGAGTATGGAAAAAATTTTTATTTGGAAAGGCAAAAAATTATATGGAAAAGATGG","Pf3D7_08_v3-1313088-1313338-1A.5","31+8N111+8N141+8N162G164+8N",221,0.230688935281837,2
"IM-23-122-JVIK","8039832487","Maziba","Pf3D7_08_v3-1314717-1314986-1A","ATAAAAAAGAAAAAATTATTGTCAAAAGTTTTCATAGATATATATATGATGGTATTAGAAGATTTTAAAGAAGAAGAATGTAAAAAGAATAAAGAAATATTTCTTGATACTTATATAGATGAACTAAAAAAAGATTCACAAAGTGAAAAAAATAAAAGCATGTTAAATATATTAGATGAAATAAAAAGTGATATTCATATAGGATATC","Pf3D7_08_v3-1314717-1314986-1A.2","2+15N125+9N138A145+9N",2,0.00469483568075117,3
"IM-23-122-JVIK","8039832487","Maziba","Pf3D7_08_v3-1313088-1313338-1A","TGAGAGACATAGATATATGATAGAAAAATGGAAAAAAGAAGATTGGTTTTGTGATTTAAAAGAAACGTTGAAAAATGAATTTGAAGAACAGATGGATATAGGAAAAGTATCTTTTTTATATGAAAATAATAGAGAGTATGGAAAAAATTTTTATTTGGAAAAGCAAAAAATTATATGGAAAAGATGG","Pf3D7_08_v3-1313088-1313338-1A.1","31+8N111+8N141+8N164+8N",737,0.769311064718163,2
"IM-23-122-JVIK","8039832487","Maziba","Pf3D7_11_v3-1294664-1294910-1A","AAAAGATAAATTATTTGAAAACTATACATATTTAAGTAAAAATGTAGTTGATAACTGGGAAAAAGTTTGCCCTAGAAAGAATTTAGAGAATGCAAAATTCGGATTATGGGTCGATGGAAATTGTGAAGATATACCACATGTAAATGAATTTTCAGCAAATGATCTTTTTGAATGTAATAAATTAGTTTTTGAATTG","Pf3D7_11_v3-1294664-1294910-1A.13","9A12T17G40A86G152T159A",662,0.233839632638644,4
"IM-23-122-JVIK","8039832487","Maziba","Pf3D7_11_v3-119432-119705-1A","CTCCTTTATATTCATCAAGAAATTTCATCCAAGAGTAATTATGTTTTTCTTGTTGATATTTTGCTTTATACAAACGAGCAAGATACTTTTTATACGATTCATGCTCTTTAATTTTCTTTTCAAAAGTTTTGGTTATAATGTGTTCAAGTGATTGTAAAGTATTTTTCTTTAATTTTCTCCATATTAATCTACATGCGATTATAAGAA","Pf3D7_11_v3-119432-119705-1A.1",".",312,0.473444613050076,2
"IM-23-122-JVIK","8039832487","Maziba","Pf3D7_11_v3-1293919-1294168-1A","TCCATATCAAAATAGTAATGTGTATCATCCAATCAACGAACATAGGGAACATCCAAAAAAATACGAATATCCATTACACCAGGAACATACATACCAACAAGAAGATTCAGGAGAAGACGAAAATACATTACAACACGCATATCCAATAGACCACGAAGGTGCCGAACCCGCACCACAAGAACAAAATTTAT","Pf3D7_11_v3-1293919-1294168-1A.12","17A27A59A",378,0.214528944381385,2
"IM-23-122-JVIK","8039832487","Maziba","Pf3D7_06_v3-145285-145531-1A","TCAACAAAAGCTGATGAATCATCATAATTTGAATAAAATTTATCATTCACAATATTATATTTTTGTTTCTTCTTTTTTCCCATAATATTATTATTTTGTTCACAATATATGTTCATGTGTCCCCTCTTTTTCTGTAAAATATTAAAATGTTTCTTACTATGCTTTTCTTCATTTTTAATAACA","Pf3D7_06_v3-145285-145531-1A.1","72+8N165T",1190,0.469242902208202,2
"IM-23-122-JVIK","8039832487","Maziba","Pf3D7_13_v3-2114242-2114482-1A","CTTCCATTAACTCAATATATAATTTATTAATAATTTTTAATTTGTTTATTTCAAAAAGGCATAGTTGTAACAAGGTTCTTAAGGTTCTATTACCCCCTAAGAGGTTAAAATGAATATTTCCTTTTTCTCGTATATGCAAAAAATCCCTTAACAATAAATCATATTCATCAGTATGAAATGT","Pf3D7_13_v3-2114242-2114482-1A.1","67G76T137+8N",1357,1,1
"IM-23-122-JVIK","8039832487","Maziba","Pf3D7_07_v3-896613-896849-1B","ACAATGAAAAAATGTATTAATGATGAATTATATAAAATAAAAATAAATGTAGGTTTATATAAAAAGGATAGAAAAAAATTATCCTTTTTTATATTGTTGCATAAATTTTATTTAGATAATTATAATATTGTTATTAATAAATTAAAAAATATGAATAATTTAATAGAAA","Pf3D7_07_v3-896613-896849-1B.1","6+8N71+9N84+8N143+8N",715,1,1
"IM-23-122-JVIK","8039832487","Maziba","Pf3D7_04_v3-1113397-1113639-1A","GATTCTGCATGCAGTAATGAATCTATTGAAATCATCTAAGAATAAACTTTTTTGTTTAAACCATTTATTGAACATTTCACTTAAATGTGATTCAATTTTTTTTTCTGAGCTTTCCATAATTTGATTACATCTATTCAATTTGTTTGTATAATTATTAGGTCTTATTATTCTTTTACGTTTTAAATCATC","Pf3D7_04_v3-1113397-1113639-1A.3","47+8N95+11N130T152T154A",2,0.00100502512562814,3
"IM-23-122-JVIK","8039832487","Maziba","Pf3D7_11_v3-1293919-1294168-1A","TCCATATCAAAATAGTGATGTGTATCGTCCAATCAACGAACATAGGGAACATCCAAAAGAATACGAATATCCATTACACCAGGAACATACATACCAACAAGAAGATTCAGGAGAAGACGAAAATACATTACAACACGCATATCCAATAGACCACGAAGGTGCCGAACCCGCACCACAAGAACAAAATTTAT","Pf3D7_11_v3-1293919-1294168-1A.1",".",1384,0.785471055618615,2
"IM-23-122-JVIK","8039832487","Maziba","Pf3D7_13_v3-156456-156685-1A","ATTATATGATATTTATATAAAATTAGAAAATCTAATTTTAGAAAAAATAACTGAAAGTATATACAATAGTACACCTCCATATAGAGTTATTATGTTCGAATTAATGACCAGATTATTTCGATTTTATACAAAACCAATAGACCTTATTATTACTATGAATACAC","Pf3D7_13_v3-156456-156685-1A.1","41+8N",240,0.515021459227468,2
"IM-23-122-JVIK","8039832487","Maziba","Pf3D7_01_v3-455794-456054-1A","AGAAAAAAAATTTATTAAGAGGTATTTAGATTTTAAAAATTTAAGAATTAATTTTTAATTATGTCTATAAAAACTTAATAGAAAATAAATATTATTTTGTTTTTCAAAAAAATGTTTAAGAATAATATTTCTTTATTCTTTTACAATTTAGAACATATAATGCTATTTCTTTTAATTTTAATTTAATTTCAAA","Pf3D7_01_v3-455794-456054-1A.2","2+10N28A105+9N",220,0.478260869565217,2
"IM-23-122-JVIK","8039832487","Maziba","Pf3D7_04_v3-1037644-1037891-1A","GAAAGAGATTTAACAGATGATGCTGTGATTTTTGCACACTCACTTTATTTACCATTTGAAAAAGAAGAAATGTGGTGGATCGTTATCGGAATTAAAAAAATGAACTTACTTTTATCTATCAAAAAATTATCTTTATTGAAAAGTGTCAATAATATAAAAATTAATTTCGAATTGCCTGACA","Pf3D7_04_v3-1037644-1037891-1A.1","93+9N120+8N",592,0.502973661852167,2
"IM-23-122-JVIK","8039832487","Maziba","Pf3D7_08_v3-1056678-1056903-1A","GTGTTAACGATAATTATAATGCAATAAGCACAACTAATTTTTCAGATGACATGGATGAATTGATAAAGAATCTTTCTATTATGGGTTTGTGTAAAGAGAAAATAGTGTTAACAGAAAAGGCAACACTATTTAATAACATTGAATTGTTGTATTCATATTATCTTATAGTTCAGA","Pf3D7_08_v3-1056678-1056903-1A.1",".",3887,1,1
"IM-23-122-JVIK","8039832487","Maziba","Pf3D7_08_v3-102277-102527-1A","TACCTTCATCTATTGAATTAATTTTCTCAAGTAACATATTTTTGTCTTGACTACTTTCATCTGTAAATGGAACGACTACTCTTTGCTTACCTGCAAAAAGGACAACTGACATATGAGCCTTATCCTTACTTACATTCGAATTAAAGACCATAGATTCTAAAAATGGTATAGTTCCTTTTAACCAATAATC","Pf3D7_08_v3-102277-102527-1A.4",".",1000,0.545553737043099,2
"IM-23-122-JVIK","8039832487","Maziba","Pf3D7_08_v3-1176313-1176549-1A","TACATCCAATGAATATTTTACACTTAAAAGAAATAAACAAATTATTCATAATAAAATACATATACTTTCTATGCAAAAAAATAAACAAAATACAAACGAGCTAAACAAATTATGTAATATTAACGCCATCATATTCAATATTAATTCTGATGATTTTGAGGTAGGCGATGAAATTGT","Pf3D7_08_v3-1176313-1176549-1A.1","74+9N111T136C",412,0.205486284289277,2
"IM-23-122-JVIK","8039832487","Maziba","Pf3D7_11_v3-115913-116184-1A","ACCTCCAGATGTTATAAATATTATATTATCATCATCATTTGGAAGGAAATTCTCCTCTAATGTTTTTAATATTTCATCTATATTTTTAGGTCTCAATTTACTATTGAAAAATTTTGAATACTTCAAAAAATAATCATCATCTTTTACATTACATATATTATCATTATTTTCATTTTGTTTTAGTAGTTCATCTTTTTTATTATC","Pf3D7_11_v3-115913-116184-1A.1","7A124+8N197T",154,0.445086705202312,2
"IM-23-122-JVIK","8039832487","Maziba","Pf3D7_06_v3-176108-176338-1A","ATTATTATTATTATTATTATGATGATGATGATGATGATCTGTGTTAAGATCATCTTCTATACCATTAGTTAAACATTTTATATTTTTATTCATATAAACATTAATCTTCACAACAGATTTATCAGATCTAGAAAATCTTGTACCTGTTGCTTTATGTAACAATAT","Pf3D7_06_v3-176108-176338-1A.1","1+38N",659,0.558948261238338,2
"IM-23-122-JVIK","8039832487","Maziba","Pf3D7_08_v3-1176313-1176549-1A","TACATCCAATGAATATTTTACACTTAAAAGAAATAAACAAATTATTCATAATAAAATACATATACTCTCTATGCAAAAAAATAAACAAAATACAAACGAGCTAAACAAATCATGTAATATTAACGCCATCATATTCAATATTAATTCTGATGATTTTGAGGTAGGCGATGAAATTGT","Pf3D7_08_v3-1176313-1176549-1A.7","67C74+9N136C",1593,0.794513715710723,2
"IM-23-122-JVIK","8039832487","Maziba","Pf3D7_13_v3-1876391-1876664-1A","AACTATCTGTAAAAGTATGTTTAGAACTAACATTTGAAGAGAAGTTACATCCGTGTATGACTTTTTTTTCATATTTTGGTTTTAAAACTATTTTATAATTATTATTTTTAAATTTGCATGTACATTCTGTATTAACATCTTTTGATGTAACATAAAATGGAGCTTTAAAGATAGTTAAGTTTTTATGATAAATTATTTTATTACTTTTATATA","Pf3D7_13_v3-1876391-1876664-1A.1","61+10N",757,1,1
"IM-23-122-JVIK","8039832487","Maziba","Pf3D7_13_v3-2114829-2115090-1A","ATTCAATATATATAAAAATATAGCTAATAAACATTTCAAATCTCCATTAAGAACTTTATTCATCTTAACAAAAGCTCTATGAACTTCTGTATCTATAGTCGCTTTTGTTATTCTAAGCATATCATTAAGTAAAAAATTTACGGTATCGACATTAACAGTGTAATAATTTCTTCCTAAATTTAAATGTTCTAAATAATTCAA","Pf3D7_13_v3-2114829-2115090-1A.8","102C130+8N192A",282,0.223632038065028,2
"IM-23-122-JVIK","8039832487","Maziba","Pf3D7_11_v3-115913-116184-1A","ACCTCCAGATGTTATAAATATTATATTATCATCATCATTTGGAAGGAAATTCTCCTCTAATGTTTTTAATATTTCATCTATATTTTTAGGTCTCAATTTACTATTGAAAAATTTTGAATACTTCAAAAAATAATCATCATCTTTTACATTACATATATTATCATTATTTTCATTTTGTTTTAGTAGTTCATCTTTTATATTATC","Pf3D7_11_v3-115913-116184-1A.4","7A124+8N",192,0.554913294797688,2
"IM-23-122-JVIK","8039832487","Maziba","Pf3D7_13_v3-1465901-1466157-1A","CATAAAGGGTCCGATAACATTTTTTACATTTTCCCATGCAGAATCAGCATACAAGTTACATTTACCATCTGATGGATGACAACCTACAAGAAATCTGTTGAAAGCTACATTAATACCTTGTCCAATACCAAAAACAGCTATTTTAACACCACGATCATTTAATTTTCTTGATTCTTTTAATGAATCTTGAATACTAT","Pf3D7_13_v3-1465901-1466157-1A.1","19+8N158T",321,0.228144989339019,2
"IM-23-122-JVIK","8039832487","Maziba","Pf3D7_13_v3-146695-146934-1A","AAAGTATTTGTAATAGATTAAACGATGAACTAAATGAAGAAATATGTGGTTATCAAATTAGGTTTGAAAAATCGTATTTTTTAAAACATAGTAAAATTAAAGTTATGACAGAAGGAATTTTATTGAAAGAAATTATGAGTGATTTTATTTTATCAAAATATAGTGTTATTATTCTTGA","Pf3D7_13_v3-146695-146934-1A.4","76+8N",2510,1,1
"IM-23-122-JVIK","8039832487","Maziba","Pf3D7_11_v3-119432-119705-1A","CTCCTTTATATTCATCAAGAAATTTCATCCAAGAGTAATTATGTTTTTCTTGTTGATATTTTGCTTTATACAAACGAGCAAGATACTTTTTATACGATTCATGCTCTTTAATTTTCTTTTCAAAAGTTTTGGTTATAATGTGTTGAAGTGATTGTAAAGTATTTTTCTTTAATTTTCTCCATATTAATCTACATGCGATTATAAGAA","Pf3D7_11_v3-119432-119705-1A.3","145G",347,0.526555386949924,2
"IM-23-122-JVIK","8039832487","Maziba","Pf3D7_06_v3-1235395-1235658-1A","GAATATGATAAAATATATATACCAAACAATAAAAATAAAATTAATAATATAAATAATTTTTTAATAAAAAACAATTTGCTGTTGAAATCCAAATTTATGAGAATAACTCCTAATACCTATTTATGTCGTAATTGTGTCCTGTTATATCAAAATGATTTTTCGTATAATACATATGAAGAAGAAATTAATAAAATGG","Pf3D7_06_v3-1235395-1235658-1A.1","56+8N65+8N",178,0.448362720403023,2
"IM-23-122-JVIK","8039832487","Maziba","Pf3D7_06_v3-1282656-1282930-1A","AAGATATGGAAGAAATATGATAAAGAAAACAATAAATATATATTGTCTCATTTTATTCCCCAATTTATTGAAGACTTAAATTTGAAGGATGAATTCCGAAATTTATTTGATGGATTTGTAAATGATTTGGATATTCTATTATATTCAGAATTTAAAGCATTTTATTTACAAATGAAGCAAAAAGATATAAATGAACTGAAAAATTCTGA","Pf3D7_06_v3-1282656-1282930-1A.4",".",409,0.576868829337094,2
"IM-23-122-JVIK","8039832487","Maziba","Pf3D7_06_v3-1197245-1197515-1A","CATTAGGAAAAACAACAGAGCCTTCTTCCATACCATAAATACATAAATCATTTCCACTAATCTTTTCTAAATATTGCACAAAAGAATCAATATCATTATAAGATGACATCTTCTTTCTTATAAAATCTAATTGAGCTTTGGTAAATCGAAAACAATTAATATATTTTATTACTTCATATACACCAGCTAATATAGCAAATTGAC","Pf3D7_06_v3-1197245-1197515-1A.1","20G",1102,1,1
"IM-23-122-JVIK","8039832487","Maziba","Pf3D7_08_v3-1099719-1099977-1A","AAAAAATAAAAAATCAAACAAGATAAATAATAATGTATATAATACTAGTGGTATAAAAAATAATGATCAAAATATGGATAATATGAATCAAAAAGGGAAAAGTAACAAAAATTCAAATAAATATAATTTTGATGAAGAGGATTTATGGTTTTTATGTGATTTATGTAATAATCCTATAAGTCCGTTATGTTA","Pf3D7_08_v3-1099719-1099977-1A.3","1+14N54+8N",610,0.776081424936387,2
"IM-23-122-JVIK","8039832487","Maziba","Pf3D7_06_v3-145285-145531-1A","TCAACAAAAGCTGATGAATCATCATAATTTGAATAAAATTTATCATTCACAATATTATATTTTTGTTTCTTCTTTTTTCCCATAATATTATTATTTTGTTCACAATATATGTTCATGTGTCCCCTCTTTTTCTGTAAAATATTAAAATGTTTCTTAGTATGCTTCTCTTCATTTTTAATAACA","Pf3D7_06_v3-145285-145531-1A.2","72+8N157G",1346,0.530757097791798,2
"IM-23-122-JVIK","8039832487","Maziba","Pf3D7_08_v3-1099719-1099977-1A","AAAAAATAAAAAATCAAACAAGATAAATAATAATGTATATAATACTAGTGGTATAAAAAATAATGATCAAAATATGGATAATATGAATCAAAAAGGAAAAAGTAACAAAAATTCAAATAAATATAATTTTGATGAAGAGGATTTATGGTTTTTATGTGATTTATGTAATAATCCTATAAGTCCGTTATGTTA","Pf3D7_08_v3-1099719-1099977-1A.4","1+14N54+8N97A",176,0.223918575063613,2
"IM-23-122-KGAH","8073804614","Maziba","Pf3D7_05_v3-641131-641404-1A","GGAATTTTTTTTTTGGTGTTTTATTTTTTCGAAGGATACAGTATAATCTAAGACATTAAAATTATTGGGTTTGAAAAAGAGTTTCCTTTTTATGATGTGCAATAGAGGTATATTTATATAGGAAATATAAACATATAAAAGGAATATGATAAAAAGGAAATATTGACTTAATAAAATATTAATATTTCTTTTTTTAAAATATATTTCGT","Pf3D7_05_v3-641131-641404-1A.3","4+12N23+8N42T188+9N",20,1,1
"IM-23-122-KGAH","8073804614","Maziba","Pf3D7_05_v3-395887-396136-1A","TCTAAGGATTGTTGGTTTTTTAGGATGCTCATCTTTTTAAGATAATCCTCTTTACTGTCGTTATTATTTAAATCGTTTTGTATAATATTATATTGTGAATTCCTTGTGTTTTTCATAATACTATTAGTCCTATTGGTGTTCTTCTTCTTATTATTATTATTATTGTTCTTCTTCTTAATAAA","Pf3D7_05_v3-395887-396136-1A.4","15+8N145+20N",142,0.979310344827586,2
"IM-23-122-KGAH","8073804614","Maziba","Pf3D7_05_v3-550803-551072-1A","ATATAATACACCTTTCTTATTTATATTAATCTTTTCATTTTTACAAGAAATCACCTCCCTACTTATTCGGTTGTCCTCATTTTCATATTTCATAACACCATCATTTATTTTTTCTATTTCTTTAATATTATTTTCTCCTTGGACGTAATTATGCTTTCCTATCATCTCCTTTGCTCTACTTCCTATATATACTAATTTCTCTCTGAA","Pf3D7_05_v3-550803-551072-1A.1","107+8N",51,1,1
"IM-23-122-KGAH","8073804614","Maziba","Pf3D7_04_v3-544454-544718-1A","ACAAAATATAATACTTTATATACAAATGCTTATAAAAAATTTTAACTCGAACGTACTTCAAAATAATATAAATGAACAAGAAGTAATACATAATAACATCAACATTAATAATATAAAAGAAGAACAAATTATACCAAATAATATCAAGAATATCCATAATAATGACAATATTAATCATTGTGATGGTAATAAAATAA","Pf3D7_04_v3-544454-544718-1A.1","33+8N186G",86,0.966292134831461,3
"IM-23-122-KGAH","8073804614","Maziba","Pf3D7_05_v3-369676-369949-1A","TGTAATATTATATATCCTGTTATAAATAAATCATTGGATATGGATGTGAAAAAAGAAGATATAAAAAAAAATGTAGAAGAAAATAAATATATAGAACATACACAGAATTTGAAAAATTATTTAGAAAATGATGAAAATGAGAAAAAAAAAAGAAGAAAAAGATCAAATAATAATGACAATTATAATTCTCATGATAATAATATTTTTCA","Pf3D7_05_v3-369676-369949-1A.1","48+8N62+11N141+12N",36,1,1
"IM-23-122-KGAH","8073804614","Maziba","Pf3D7_05_v3-395887-396136-1A","TCTAAGGATTGTTGGTTTTTTAGGATGCTCATCTTTTTAAGATAATCCTCTTTACTGTCGTTATTATTTAAATCGTTTTGTATAATATTATATTGTGAATTCCTTGTGTTTTTCATAACACTATTAGTCCTATTGGTGTTCTTCTTATTATTATTATTATTATTGTTCTTCTTCTTAATAAA","Pf3D7_05_v3-395887-396136-1A.5","15+8N119C145+20N",3,0.0206896551724138,2
"IM-23-122-KGAH","8073804614","Maziba","Pf3D7_04_v3-544454-544718-1A","ACAAAATATAATACTTTATATACAAATGCTTATAAAAAATTTTAACTCGAACGTACTTCAAAATAATATAAATGAACAAGAAGTAATACATAATAACATCAACATTAATAATATAAAAGAAGAACAAATTATACCAAATAATATCAAGAATATCCATAATAATGACAATATTAATCATTGTGATGATAATAAAATAA","Pf3D7_04_v3-544454-544718-1A.3","33+8N",2,0.0224719101123595,3
"IM-23-122-KGAH","8073804614","Maziba","Pf3D7_05_v3-958079-958350-1B","TTTTTATATCTGTGTTTGGTGTAATATTAAAGAACATGAATTTAGGTGATGATATTAATCCTATAATATTATCATTAGTATCTATAGGTTTAGTACAATTTATATTATCAATGATATCAAGTTATTGTATGGATGTAATTACATCAAAAATATTAAAAACTTTAAAGCTTGAATATTTAAGAAGTGTTTTTTATCAAGATGGACAATTTC","Pf3D7_05_v3-958079-958350-1B.1","186+8N",34,1,1
"IM-23-122-KGAH","8073804614","Maziba","Pf3D7_04_v3-648065-648332-1A","TATAACTTCTGATTCAGTTTTGTTAAGATATATACCAAGAGATCTTAACAAATATAATAATTTTTCACCACTAACTCCATCTTTATTAGTATCGTATTCTTTAAATATTGATTCAATCTCAGCTCTCTTAAAGAAAACAAATATATATACATATATATATGTATTTATATGAATTTGTATCAATAAATAATAACATTCTTA","Pf3D7_04_v3-648065-648332-1A.2","4A141+30N",52,1,1
"IM-23-122-KGAH","8073804614","Maziba","Pf3D7_05_v3-668763-669004-1A","TAATATTATCTGGCTCTGTAACCATGTCCGAACATATGTTAACAGGAGAATCTGTTCCTATACATAAAGAGCAGTTACCTTTTGAAGGAAATGCTATTATAAATAAAAATAATAAATATGAGAGTAACGATGAAAAGGATGATTACCTTCGTATTTATAATAATCATGCTAGTATTAATATGATCAACCG","Pf3D7_05_v3-668763-669004-1A.5","188C",5,0.0108459869848156,2
"IM-23-122-KGAH","8073804614","Maziba","Pf3D7_04_v3-1083299-1083563-2","ATACACTTTCCATATGTAGAGGACTTATGATATATAGAATTATAAGATAAATGTTTATAATAATCTAAAAAAGTATAATGAGGTATTATAACAAAATCCAAATGTCCTTCTTTTTCTTGTAAAATATCAATAGAATTTGCAATGTTATAATTTGATAACTCTTTAAAATGATATTGTAAAAAATTAACATTTTTATA","Pf3D7_04_v3-1083299-1083563-2.1","66+8N177+8N",73,1,1
"IM-23-122-KGAH","8073804614","Maziba","Pf3D7_04_v3-109939-110184-1A","CAACATCTGAATTATATAAATCTTTAGAAAAACAACTAATATCCTTACTACATATATTTATTTTTATACCAAGAATAACAGCCATATAAACCAAAACTCTCTCAAATACATGTGATACAGGTAAATAAGAAAAATGGGTTTTCGGTTTCATGTTTTTTATTACATTATGATCACATAATGGTGCTACT","Pf3D7_04_v3-109939-110184-1A.4","50A51C152+8N",5,0.0179856115107914,3
"IM-23-122-KGAH","8073804614","Maziba","Pf3D7_04_v3-109939-110184-1A","CAACATCTGAATTATATAAATCTTTAGAAAAACAACTAATATCCTTACTACATATATTTATTTTTATACCAAGAATAACAGCCATATAAACCAAAACTCTCTCAAATGCATGTGATACAGGTAAATAAGAAAAATGGGTTTTCGGTTTCATGTTTTTTATTACATTATGATCACATAATGGTGCTACT","Pf3D7_04_v3-109939-110184-1A.5","50A51C108G152+8N",4,0.0143884892086331,3
"IM-23-122-KGAH","8073804614","Maziba","Pf3D7_04_v3-109939-110184-1A","CAACATCTGAATTATATAAATCTTTAGAAAAACAACTAATATCCTTACTCCATATATTTATTTTTATACCAAGAATAACAGCCATATAAACCAAAACTCTCTCAAATACATGTGATACAGGTAAATAAGAAAAATGGGTTTTCGGTTTCATGTTTTTTATTACATTATGATCACATAATGGTGCTACT","Pf3D7_04_v3-109939-110184-1A.1","51C152+8N",269,0.967625899280576,3
"IM-23-122-KGAH","8073804614","Maziba","Pf3D7_03_v3-221463-221712-1B","ACTTGAATACCATTTCCACAAGTTACACTACATGGGGACCATTCAGTTGAAAGAGAATTTTGTATTGTCTTTAAATATTGTTCTATGTGCTTATCACTTGGTTCTTCGTTATTATTATTTTTTACAGCATTGTTGGCTTTAGCATTTTCATCTACATTTCGGTTTGGGTCATTTGGCATATTGTGACCTTGTC","Pf3D7_03_v3-221463-221712-1B.12","67G69C80G83C117+8N130T138T",246,0.995951417004049,2
"IM-23-122-KGAH","8073804614","Maziba","Pf3D7_03_v3-221463-221712-1B","ACTTGAATACCATTTCCACAAGTTACACTACATGGGGACCATTCAGTTGAAAGAGAATTTTTTATTTTGTTTAAATATTTTTCTATGTGCTGATCACTTGGTTCTTCGTTATTATTATTTTTTACAGCATTGTTGGCATTAGCATTTTCATCTACATTTCGGTTTGGGTCATTTGGCATATTGTGACCTTGTC","Pf3D7_03_v3-221463-221712-1B.3","62T80T83C92G117+8N130T",1,0.00404858299595142,2
"IM-23-122-KGAH","8073804614","Maziba","Pf3D7_03_v3-515418-515657-1A","TTTCCTTAATTTCTATATGTTTGAATTCCCTTATAGACATATTTGAATCATTATTACTTTTATATGAAGTGTTATTATCGAAATTATTATTAATACATTTTATTTTAATGATTTTGTTAAAATTTTTATTATTTACTATAATGGAAGTCAGATATGTACTTATCGTATGGAAAGCTAATCATCAACA","Pf3D7_03_v3-515418-515657-1A.2","5C",897,1,1
"IM-23-122-KGAH","8073804614","Maziba","Pf3D7_03_v3-653961-654206-1A","CTCGTACAATATTTTTATAATTTCCTTTCATCTTATTTTTTTCTTTATATTTTTTTTTTTCATATGTAAGATTTATATAATCACTTTCGCTTTTTCTAACGCTTTTGAACTTTTTAAATGTACTTCGTTCATTATTTCTAATTCTCGTAAACACAAGAATAAATATTTTGATATATCTTATA","Pf3D7_03_v3-653961-654206-1A.1","35+9N49+13N101G",233,1,1
"IM-23-122-KGAH","8073804614","Maziba","Pf3D7_03_v3-85507-85756-1A","TATCATTTAAATTCTCTTTTTCCACAGCTCCAGCATTTTTATTTATATCATCTACAACTACATCTTCCTTCACATAATTATTTATATAAAAATTATTATCATCTAAAGCATCTGAAAATTCTTCATTTAATACTTCTTCATCTACATTAAATGTTTTCGTTCTTTCATCATCTAATAAA","Pf3D7_03_v3-85507-85756-1A.1","144D=TCT",106,1,1
"IM-23-122-KGAH","8073804614","Maziba","Pf3D7_05_v3-668763-669004-1A","TAATATTATCTGGCTCTGTAACCATGTCCGAACATATGTTAACAGGAGAATCTGTTCCTATACATAAAGAGCGGTTACCTTTTGAAGGAAATGCTATTATAAATAAAAATAATAAATATGACAGTAACGATGAAAAGGATGATTACCTTCGTATTTATAATAATAATGCTAGTATTAATATGATCAAGCG","Pf3D7_05_v3-668763-669004-1A.8","73G122C165A",456,0.989154013015184,2
"IM-23-122-KGAH","8073804614","Maziba","Pf3D7_05_v3-796518-796759-1A","TGGTTCTTCAATTGTTCATATAAGTTCTTTATTAGTAGGTGTATATTTATGTAGTAGTAGTGCAAATGCATTTAATCAAATTATTGAAAGAAATATAGATAAGTTAATGAAAAGAACCCAAAAAAGACCCTTAGCAAATAATAATCCAAATATGTCAGTTAAACATGCTGAAATAT","Pf3D7_05_v3-796518-796759-1A.4","119+8N",338,1,1
"IM-23-122-KGAH","8073804614","Maziba","Pf3D7_04_v3-1005938-1006187-1A","GTCTTAACATTAATTCTAGTTACAAAGTTACATGGATTTATTGAAAAGATATTTTCGTCATTATATTTCTTTTTTTCCATATCTGTTTGATCATTTTGATATGTTTTCATATTATCCATATGTTCATTATTTTGATCAATATAATTTTTTTTTATAATAAATTTAGAATTATTTTTAAAGAAA","Pf3D7_04_v3-1005938-1006187-1A.2","15T16C61T69+9N144+11N",184,1,1
"IM-23-122-KGAH","8073804614","Maziba","Pf3D7_04_v3-1037644-1037891-1A","GAAAGAGATTTAACAGATGATGCTGTGATTTTTGCACACTCACTTTATTTACCATTTGAAAAAGAAGAAATGTGGTGGATCGTTATCGGAATTAAAAAAATGAACTTACTTTTATCTATCAAAAAATTATCTTTATTGAAAAGTATCAATAATATAAAAATTAATTTCGAATTGCCTGACA","Pf3D7_04_v3-1037644-1037891-1A.2","93+9N120+8N145A",236,1,1
"IM-23-122-KGAH","8073804614","Maziba","Pf3D7_05_v3-1188456-1188706-1A","CAAAATTTAAATCAATAGCGGTTACGTTCATAATTTTGCCTTCAAAACTAACTTCTGTATGATATATAAATTTATTTTCCTTTACACTAAATACATATATAAAAATGGTACTTAATAATTTATCTTTATCATATTTAAATAATATTAAATCTGTTTTTACATCTGAGTTGTAATCACCGAAAT","Pf3D7_05_v3-1188456-1188706-1A.1",".",449,0.991169977924945,2
"IM-23-122-KGAH","8073804614","Maziba","Pf3D7_05_v3-1322099-1322341-1A","TTCCAATAGAAACTAGATTACGATTTTCTTCATGAGGTAAATTGACATTCATCTTATATGTATAATTAAGGATGAGTAATAAATTGTATAGAAATATTTTTATTTAATAATTTATATGTATTATTAATAATTCTGAATTTATCAATTGATATATTATTTTTGTTTTTCTTTATGCCATTC","Pf3D7_05_v3-1322099-1322341-1A.2","16G27T91G",60,1,1
"IM-23-122-KGAH","8073804614","Maziba","Pf3D7_05_v3-213027-213251-1A","ATGTACTTATCCCCTGATATGATTTTTCCAATATCATCAAAATCAGTAATCTCTAAATCATTTATATGATTTATATGTATAAATTCTTTTATCTTGTTCAAATAATTTCTGTAATAAAATATATTCTCTTTATCATCATCAATTATTTTCATATAATC","Pf3D7_05_v3-213027-213251-1A.4","25T26T",779,1,1
"IM-23-122-KGAH","8073804614","Maziba","Pf3D7_05_v3-350808-351052-1A","TAATATAATTTGAGTTGATAATATTATAATTATTTTTTATATGTTGCTCATTTATATTATTATGATAAATATGAGTTGTATTTTTATTAGAGTTGTAGGACATTTTCCCATACATTAGTTGTTTTACATTTTTAACATTTTTATAATTATGTATTAAACATAAGATTATTAGATAAA","Pf3D7_05_v3-350808-351052-1A.1","32+8N116T",321,1,1
"IM-23-122-KGAH","8073804614","Maziba","Pf3D7_12_v3-684011-684240-1A","ACCTAATGTTGGTAAGTCTACCATTTTTAATCGACTAACTCGAAAATATCAAGATGGTAGTATTGTTTTAGAGGTTAGTAGTACGAGAGATAAACTTTATGGAGAAGTTGAGTGGGAAGGATATAAATTTGAACTTGTGGATACAGGAGGTTTAGTTTTTGA","Pf3D7_12_v3-684011-684240-1A.4","73G",5,0.00784929356357928,2
"IM-23-122-KGAH","8073804614","Maziba","Pf3D7_04_v3-1113397-1113639-1A","GATTCTGCATGCAGTAATGAATCTATTGAAATCATCTAAGAATAAACTTTTTTGTTTAAACCATTTATTGAACATTTCACTTAAATGTGATTCAATTTTTTTTTCTGAGCTTTCCATAATTTGATTACATCTATTCAATTTGTTTGTATAAGTTTTAGGTGTTATTATTCTTTTACGTTTTAAATCATC","Pf3D7_04_v3-1113397-1113639-1A.1","47+8N95+11N130T161G",535,1,1
"IM-23-122-KGAH","8073804614","Maziba","Pf3D7_04_v3-115455-115684-1A","TATTAATGTCATTTTGTTTTTCTTTATTATTATTATTTTTATTTTTTCCCTGGTTATCTTCCTTATTACCTAGCTTTTTTTTGTTGTCATTATTTTCTGTCTGATTATTATTTTTGACTTTGTTCATCCTTGAATTATTCGTTCTGTTTGTATGTCTCAAGCAAGGT","Pf3D7_04_v3-115455-115684-1A.14","24+25N74+10N129C139T",2,0.00214362272240086,4
"IM-23-122-KGAH","8073804614","Maziba","Pf3D7_04_v3-115455-115684-1A","TATTAATGTCATTTTGTTTTTCTTTATTATTATTATTTTTATTTTTTCCCTGGTTATCTTCCTTATTACCTAGCTTTTTTTTGTTGTCATTATTTTCTGTCTGATTATTATTTTTGACTTTGTTCATCTTTGAATTATCCGTTCTGTTTGTATGTCTCAAGCAAGGT","Pf3D7_04_v3-115455-115684-1A.1","24+25N74+10N",3,0.00321543408360129,4
"IM-23-122-KGAH","8073804614","Maziba","Pf3D7_04_v3-115455-115684-1A","TATTAATGTCATTTTGTTTTTCTTTATTATTATTATTTTTATTTTTTCCCTGGTTATCTTCCTTATTACCTAGCTTTTTTTTGTTGTCATTATTTTCTGTCTGATTATTATTTTTGACTTTGTTCATCTTTGAATTATTCGTTCTGTTTGTATGTCTCAAGCAAGGT","Pf3D7_04_v3-115455-115684-1A.5","24+25N74+10N139T",3,0.00321543408360129,4
"IM-23-122-KGAH","8073804614","Maziba","Pf3D7_03_v3-855426-855697-1A","GTTATTTCAGTATGAGTTTCAACAGTTAATACTACTTCAGGATATGGATTGATACTTAACGTATGTACTCTCAATAATCTAGTATCAAATATATATGAAAATGTATACTCAGGAAAACATATAGTAGATAATCCATTATTATTCTCTATACATATTTTACTTATAGCTATATAATCGTAATTATCTTCTATTACTATTGGTTCTGTG","Pf3D7_03_v3-855426-855697-1A.1","32C",42,1,1
"IM-23-122-KGAH","8073804614","Maziba","Pf3D7_03_v3-891553-891827-1A","CAAGAGCTAAGAAAACATATAGAATTATCATAAGGATGTTGATAATATAAATGTGTTTTTATTTGTGTATTTATGTCAGAATATTGTTCCTTTGATTTATCTTTAAAATAATCAAGATTATTTATGTTGGTGGCTTTATTATTATTAAAATAATTTTGATTTGTTACATGATGACTATGGGTATATTTGTATTTTACGTTTTTATTA","Pf3D7_03_v3-891553-891827-1A.15","26T116G178T",50,1,1
"IM-23-122-KGAH","8073804614","Maziba","Pf3D7_03_v3-980853-981120-2","TAAGATTCTTTTGAGTTATTTATTTTCCAAATAATTTGGTTATATATATATGAAAATTCGATCATACCACATGCTCCAAGAATAATAGATGCATCGTCATTATATTGGAATGTAAAACTTTCATCATACTCATTTGTATTAGGTACACAAGAATCATCTTTATTTTTATAATTTTCTTTACATGTACAATTAATTTTACTATATT","Pf3D7_03_v3-980853-981120-2.1",".",40,1,1
"IM-23-122-KGAH","8073804614","Maziba","Pf3D7_12_v3-529495-529767-1A","GCTCCCCAAAAGTTAACTGCTTCATTATTTTTTGGATCCCAAAAACTAACATTCGTTACCCATCCAACATAATCGGTAGATATCCTATATTCATAACTACTACAGAAATATTTATACTCATGGTATACATTTGCATCATTTACATCTACCAAATTAACAGTTTTACACAAATTGTGAATGCCATTCAAGTTATAAAAACCTGTACAT","Pf3D7_12_v3-529495-529767-1A.1","32T",143,1,1
"IM-23-122-KGAH","8073804614","Maziba","Pf3D7_12_v3-63081-63314-1A","TTTCCGTCATAATAGTTGCATACATTCTATTAAAAACTTTGGGTACTCCTAATATAATTTCACCTTTTGAATTACATATGTCTGTATTCAAAAATTTTATATCTCTACTCCATATATTTATCTTTACACCCAAAAACAAAGCAATGAAAAAAACAACCCTTTCATA","Pf3D7_12_v3-63081-63314-1A.1","146+9N",531,1,1
"IM-23-122-KGAH","8073804614","Maziba","Pf3D7_12_v3-659881-660127-1A","GGTGGTTTAACATTTTCAGCTACGACTTTTTCGACTGATGGCAATCCTACTTTGATTAATTCCTTTAACATAGATTTTGCGTGTTTTTTTACTTCTGATTTGATATCAAAGCTTGATTCTAAAAAGGTTGGTGAATTTTTTTGTAAAACACTGACAAGTTCATTTGATATGGTCTCTGCTAAATCATCACCA","Pf3D7_12_v3-659881-660127-1A.1","26C27T35C83+9N135+9N",1,0.00206611570247934,2
"IM-23-122-KGAH","8073804614","Maziba","Pf3D7_12_v3-659881-660127-1A","GGTGGTTTAACATTTTCAGCTATGAGTTTTTCGAATGATGGCAATCCTACTTTGATTAATTCCTTTAACATAAGTTTTGCGTGGTTTTTTACTTCTGATTTGATATCAAAGCTTGATTCTAAAAAGGTTGGTGAATTTTTTTGTAAAACACTGACAAGTTCATTTGATATGGTCTCTGCTAAATCATCACCA","Pf3D7_12_v3-659881-660127-1A.26","23T27T73A74G83+9N135+9N",483,0.997933884297521,2
"IM-23-122-KGAH","8073804614","Maziba","Pf3D7_12_v3-684011-684240-1A","ACCTAATGTTGGTAAGTCTACCATTTTTAATCGACTAACTCGAAAATATCAAGATGGTAGTATTGTATTAGATGTTAGTAGTACGAGAGATAAACTTTATGGAGAAGTTGAGTGGGAAGGATATAAATTTGAACTTGTGGATACAGGAGGTTTAGTTTTTGA","Pf3D7_12_v3-684011-684240-1A.1","67A",632,0.992150706436421,2
"IM-23-122-KGAH","8073804614","Maziba","Pf3D7_13_v3-1465901-1466157-1A","CATAAAGGGTCCGATAACATTTTTTACATTTTCCCATGCAGAATCAGCATACAAGTTACATTTACCATCTGATGGATGACAACCTACAAGAAATCTGTTGAAAGCTACATTAATACCTTGTCCAATACCAAAAACAGCTATTTTAACACCACGATCATTTAATTTTCTTGATTCTTTTAATGAATCTTGAATACTAT","Pf3D7_13_v3-1465901-1466157-1A.1","19+8N158T",10,0.0338983050847458,2
"IM-23-122-KGAH","8073804614","Maziba","Pf3D7_13_v3-146695-146934-1A","AAAGTATTTGTAATAGATTGAACGATGAACTAAATGAAGAAATATGTGGTTATCAAATTAGGTTTGAAAAATCGTATTTTTTAAAACATAGTAAAATTAAAGTTATGACAGAAGGAATTTTATTGAAAGAAATTATGAGTGATTTTATTTTATCAAAATATAGTGTTATTATTCTTGA","Pf3D7_13_v3-146695-146934-1A.3","20G76+8N",598,1,1
"IM-23-122-KGAH","8073804614","Maziba","Pf3D7_13_v3-156456-156685-1A","ATTATATGATATTTATATAAAATTAGAAAATCTAATTTTAGAAAAAATAACTGAAAGTATATACAATAGTACACCTCCATATAGAGTTATTATGTTCGAATTAATGACCAGATTATTTCGATTTTATACAAAACCAATAGACCTTATTATTACTATGAATACAC","Pf3D7_13_v3-156456-156685-1A.1","41+8N",180,1,1
"IM-23-122-KGAH","8073804614","Maziba","Pf3D7_13_v3-156713-156986-1A","TCCTTTTATGTGAACAAATTAAATATTGTAAATGATTTCTTTTTTGGAACACACCATAAAGATACACCTCAAGACAGTCAAAATGAACACAAAACGGATGAACCTAAAATACATAATGTTTTCAAAAAAAAAAATAACGATATCTTTGTTAATATTCCTCTACCAAAAATATTTAAAAATTTCTTACATTCCATATATTTTAGAACTCC","Pf3D7_13_v3-156713-156986-1A.1","39+8N47G50C68C123+13N",85,1,1
"IM-23-122-KGAH","8073804614","Maziba","Pf3D7_13_v3-1724895-1725166-1B","CGCCATTTTCTCCTCCTGTAATTATATAAGAATCTGACAATGTGGCAGCTCCAAAATTCATTTTTTTCTCTGGTACACCATTTAGAAATTGCCATCTTTTATTAAATGGTTGATATTGTTCAACGGAATCTAATATGTTATGTTCATTATCAATACCTCCAACAACATATATTTGATTAAGGTAATTAAAAGCTGCTCCTGAACTTCTAG","Pf3D7_13_v3-1724895-1725166-1B.1","60+9N",67,1,1
"IM-23-122-KGAH","8073804614","Maziba","Pf3D7_04_v3-748105-748359-1B","TGTGCATGTTGTAAGGTTGAAAGCAAAAATGAGGGGAAAAAAAATGAGGTTTTTAATAACTACACATTTAGAGGTCTAGGAAATAAAGGAGTATTACCATGGAAATGTATTTCCCTAGATATGAAATATTTTCGTGCAGTTACAACATATGTGAATGAATCAAAATATGAAAAATTGAAATATAAGAGATGTAAAT","Pf3D7_04_v3-748105-748359-1B.1","36+10N110T133C",127,1,1
"IM-23-122-KGAH","8073804614","Maziba","Pf3D7_04_v3-748374-748611-1B","AAACTGGGAAAGCATTCCAAAAAAATTTAAACCTTTAAGCAATAGGATAAATGTTATATTGTCTAGAACCTTAAAAAAAGAAGATTTTGATGAAGATGTTTATATCATTAACAAAGTTGAAGATCTAATAGTTTTACTTGGGAAATTAAATTACTATAAATGTTTTATTTTAG","Pf3D7_04_v3-748374-748611-1B.2","3A18+9N72+9N170T",585,1,1
"IM-23-122-KGAH","8073804614","Maziba","Pf3D7_04_v3-748585-748822-2","TTAATAAAAAAAATATATTTTACTAGAATAAATAGTACATATGAATGTGATGTATTTTTTCCAGAAATAAATGAAAATGAGTATCAAATTATTTCTGTTAGCGATGTATATACTAGTAACAATACAACATTGGATTTTATCATTTATAAGAAAACGAATAATAAAATGTT","Pf3D7_04_v3-748585-748822-2.1","5+10N54+8N",92,1,1
"IM-23-122-KGAH","8073804614","Maziba","Pf3D7_04_v3-900526-900759-1A","TTAACAACTTATCATCATTTATTAGATTCTTTTCATGGAACAGATTATTAACAGTATCCATAATTTTATGATCATCCGTGTTATATGTATCTATACAAGTATTTAGCTTGCTTATATAATTTACATATTTCAACGGATCATTTTGAAGTATGCAATCATCGAATGAATA","Pf3D7_04_v3-900526-900759-1A.1","106G",566,0.980935875216638,2
"IM-23-122-KGAH","8073804614","Maziba","Pf3D7_04_v3-900526-900759-1A","TTAACAACTTATCATCATTTATTAGATTCTTTTCATTGAACAGATTATTAACAGTATCCATAATTTTATGATCATCCGTGTTATATGTATCTATACAAGTATTTAGCTTGCTTATATAATTTACATATTTCAACGGATCATTTTGAAGTATGCAATCATCGAATGAATA","Pf3D7_04_v3-900526-900759-1A.3","37T106G",11,0.0190641247833622,2
"IM-23-122-KGAH","8073804614","Maziba","Pf3D7_05_v3-1188456-1188706-1A","CAAAATTTAAATCAATAGCGGTTACGTTCATAATTTTGCCTTCAAAACTAACTTCTGTATGATATATAAATTTATTTTCCTTTACACTAAATACATATATAAAAATGGTACTTAATAATTTATCTTTATCATATTTAAATAATATTAAATCTGTTTTTACATCTGAGTTATAATCACCGAAAT","Pf3D7_05_v3-1188456-1188706-1A.10","170A",4,0.00883002207505519,2
"IM-23-122-KGAH","8073804614","Maziba","Pf3D7_11_v3-1934962-1935236-1A","TGATGTGCCAATATTAAGGATACATTTTCTAAAGCTTCTATCAGATAATGAAAATTTTTTTTGCGATTTTCATTTAAATCATTAAATATATTGGTTAGTTCTTGTATTGACGTTTTTGGATCTAAGGATGTAATTTGTTCATTTAATTCTTCTGTATATTCTAGATTAAAGTTTAAATTATTAAAATAACCTTCAGCATTATTTTCATTTTT","Pf3D7_11_v3-1934962-1935236-1A.2","54+10N98G",25,1,1
"IM-23-122-KGAH","8073804614","Maziba","Pf3D7_11_v3-1950431-1950680-2","AGATATATTTCAAGGAAAGGATATGTGGAATGATGGGAAATATGGTGAAGCGAAAAATCATATTAAGAATGCTTTTGGTGATATGAACAATAGAAAAGCTATGTTAAATGAAATTGAGAAAGGAATTAAAGATGAAACGTTTAGTCGTGAAAATGGTTTAGACGTTTGTAAATCTCAATGTGAGGAAAG","Pf3D7_11_v3-1950431-1950680-2.1","98G",260,1,1
"IM-23-122-KGAH","8073804614","Maziba","Pf3D7_11_v3-1968050-1968296-2","TCATTACACTAGTCATGATTGGTTTAGATTATTACGCCAAGGGAATAAAGCTCAAAATTCCATTTCTCAGGAAGTAGACATATTAAAGGAAAAGTATAAAAAATTAATTTCAGAGGAAGACAATAAAAAAGAAAATAACAATAATAATGATGATGAAGTAAAACCAGAACTAAAAGACAATATA","Pf3D7_11_v3-1968050-1968296-2.1","87A97+8N124+8N",342,1,1
"IM-23-122-KGAH","8073804614","Maziba","Pf3D7_11_v3-2001725-2001999-2","GGATGTAAGAACTAAGAATGTAAATACAAGTAAGAGAAATGAAGGACTTAATGATATAAATGAATCAGAAAAAACAAGAACAAGAAGGGCATCAACAAAATCAAATAATAATAATAATAATGTATCATACGAGAATGAATTAGAGAGTGTATCTGAATGGTTTGATAACTTTTTGGAGGATCATATGAAGGAAGGTGTTTTTTTAGATGGGGAAAA","Pf3D7_11_v3-2001725-2001999-2.1","1G68+8N89G116I=AATAAT153G191+9N",35,1,1
"IM-23-122-KGAH","8073804614","Maziba","Pf3D7_11_v3-408285-408534-1A","TATGAAGAAGGTTTAAAATATTGTGCGTCATCAATTAATTTATGGATATGTGCTATCGATTTACAAATAGAAAAAAAGAATTATACAGGTGCTAGAGCTTTGACGGAGAAAGCAAAAATCAAAATCAAGTATTTAAATTCTTTTAATAATAATAGTCATATTTTAAAAAGTAAAGAAATTATTGAA","Pf3D7_11_v3-408285-408534-1A.1","70+9N",245,1,1
"IM-23-122-KGAH","8073804614","Maziba","Pf3D7_11_v3-408543-408771-1A","AGAGTGTTAATAATACTACAGCTAGTAATATTTCCAAATCCAAAAATGAACTTGAAAAAAAGTCATCAGTTAATAATAATGCTTATATTAAAATTATCGAAAATTATGATTTATTATGGTTAAAATTAATAGAAATTGAATTATGTTGTAATAATAAAAATTTAAATCCTATA","Pf3D7_11_v3-408543-408771-1A.1","54+9N",1120,1,1
"IM-23-122-KGAH","8073804614","Maziba","Pf3D7_11_v3-497277-497548-1A","TTTTAGATTTAATTGAATATTCATTTTTAAATTATACTAGTTCTAATTTAAATACAATAAATAATAATAATGACAAAAAAAAACAAAATCAAAAAAATAAAAATCGCAAATATAGTAAAAATAATATTTTAGATCTCTATGAACACGTAAGTACGATCAGTTTATTTTATCACACGTTTAATTTACCTAAGGAGTATAATGAAAAATTGTT","Pf3D7_11_v3-497277-497548-1A.2","74+11N90+9N148T",44,1,1
"IM-23-122-KGAH","8073804614","Maziba","Pf3D7_12_v3-1959644-1959891-1A","ATGGGAAGACGATAAGAGAAGAGAAATTAATTTCTGAGGGAGCGTATTCATTTGTTTATATGGCGAAGGATTTAAACACGAATCGAGCTTATACTATAAAGAAGACCATATGTCAAGATAAAGAGAAAATAGATATGGCGAAAAAAGAAATCAACATTCTTAAAAGTTTACCTCCACATAAAAATATA","Pf3D7_12_v3-1959644-1959891-1A.1","143A",61,1,1
"IM-23-122-KGAH","8073804614","Maziba","Pf3D7_12_v3-2092529-2092798-1B","AGTTGAAGGGGGAGGAATGATCGGAGTTATCAGATTAGAAAATCAAGTGAGAAATCCCCCTGTAATAAAATTGAAGAGTCATACATCTCCCATCCTTGATTTGTCATTTAACCCGTGTTATAGTGAGATATTAGCTTCATGTTCAGAAGATATGTCTATAAGAATATGGGAGATACGTCATGAGGATGAGAATGTGAATGAGGTA","Pf3D7_12_v3-2092529-2092798-1B.1",".",152,1,1
"IM-23-122-KGAH","8073804614","Maziba","Pf3D7_12_v3-2092654-2092884-2","GAGATATTAGCTTCATGTTCAGAAGATATGTCTATAAGAATATGGGAGATACGTCATGAGGATGAGAATGTGAATGAGGTAAAGGATCCTTTATGTATATTAAATGGTCATAAGAAAAAAGTAAATATATTATCATGGAATCCTATGAATTATTTTATATTATCATCT","Pf3D7_12_v3-2092654-2092884-2.1","114+8N",539,1,1
"IM-23-122-KGAH","8073804614","Maziba","Pf3D7_12_v3-233418-233671-1A","CAAAAATATCATTCCCCAAATTTGTACTACTAATTGTTCCAATAGTTCCTATAGTTGTGGTAATTTGCTCATATGTATTTTTTCCTAAAGATTTATTAGACACATTTGAAGGATCATTATTTTGTTCCAAATTCTTGGGCACAGTATTATTACATGAGAATAATGAAAAGTTATTATCATAATTCTTTTGTT","Pf3D7_12_v3-233418-233671-1A.3","77+8N",238,1,1
"IM-23-122-KGAH","8073804614","Maziba","Pf3D7_07_v3-729480-729750-1A","TGAATGTTCAGAAATTTTATATCACTTAAATCGTTTGAGTGAGTTAGATCAAATATTGTTGAAAGATAAAATAAGTATATATGAGTATCAGCTAAAGGACACGTTTTTAACAACGTATGATATAGGTTGTTTATTAAAAATAGCTCAAGTCTTGAATGAACAAAATTATTATGATAACATTCCATTTTTGCATATATTTTTATATAACATACATAA","Pf3D7_07_v3-729480-729750-1A.27","42A151C",90,0.978260869565217,2
"IM-23-122-KGAH","8073804614","Maziba","Pf3D7_07_v3-729480-729750-1A","TGAATGTTCAGAAATTTTATATCACTTAAATCGTTTGAGTGAGTTAGATCAAATATTGTTGAAAGATAAAATAAGTATATATGAGTATCAGCTAAAGGACACGTTTTTAACAACGTATGATATAGGTTGTTTATTAAAAATAGCTCAAGTGTTGAATGAACAAAATTATTATGATAACATTCCATTTTTGCATATATTTTTATATAACATACATAA","Pf3D7_07_v3-729480-729750-1A.1","42A",2,0.0217391304347826,2
"IM-23-122-KGAH","8073804614","Maziba","Pf3D7_07_v3-896613-896849-1B","ACAATGAAAAAATGTATTAATGATGAATTATATAAAATAAAAATAAATGTAGGTTTATATAAAAAGGATAGAAAAAAATTATCCTTTTTTATATTGTTGCATAAATTTTATTTAGATAATTATAATATTGTTATTAATAAATTAAAAAATATGAATAATTTAATAGAAA","Pf3D7_07_v3-896613-896849-1B.1","6+8N71+9N84+8N143+8N",126,1,1
"IM-23-122-KGAH","8073804614","Maziba","Pf3D7_08_v3-102277-102527-1A","TACCTTCATCTATTGAATTAATTTTCTCAAGTAACATATTTTTGTCTTGACTACTTTCATCTGTAAATGGAACGAATACTCTTTGCTTACCTGCAAAAAGGACAACTGACATATGAGCCTTATCCTTACTTACATTCGAATTAAAGACCATAGATTCTAAAAATGGTATAGTTCCTTTTAACCAATAATC","Pf3D7_08_v3-102277-102527-1A.5","76A",4,0.00628930817610063,2
"IM-23-122-KGAH","8073804614","Maziba","Pf3D7_08_v3-102277-102527-1A","TACCTTCATCTATTGAATTAATTTTCTCAAGTAACATATTTTTGTCTTGACTACTTTCATCTGTAAATGGAACGAGTACTCTTTGCTTACCTGCAAAAAGGACAACTGACATATGAGCCTTATCCTTACTTACATTCGAATTAAAGACCATAGATTCTAAAAATGGTATAGTTCCTTTTAACCAATAATC","Pf3D7_08_v3-102277-102527-1A.1","76G",632,0.993710691823899,2
"IM-23-122-KGAH","8073804614","Maziba","Pf3D7_08_v3-1056678-1056903-1A","GTGTTAACGATAATTATAATGCAATAAGCACAACTAATTTTTCAGATGACATGGATGAATTGATAAAGAATCTTTCTATTATGGGTTTGTGTAAAGAGAAAATAGTGTTAACAGAAAAGGCAACACTATTTAATAACATTGAATTGTTGTATTCATATTATCTTATAGTTCAGA","Pf3D7_08_v3-1056678-1056903-1A.1",".",1868,1,1
"IM-23-122-KGAH","8073804614","Maziba","Pf3D7_12_v3-857050-857323-1A","ATATAATTTTAAGATGTCCTATCAAGACGTTCAGGAAAAAAAAAATGAAGATATAAATTATGATGAAATAGCTAGCAGCATGCTAGAGAAGATGGACAAACATATAAATGGAGAAAAACAACCAACGATACATTATGAAAATTTAAATGTACAAGAGCAAGAGGGAGCACATGCTTATTACTCAAATCAAGATATAAATAACATAAATA","Pf3D7_12_v3-857050-857323-1A.1","35+12N",50,1,1
"IM-23-122-KGAH","8073804614","Maziba","Pf3D7_13_v3-1004740-1005002-1A","TTACATCGTAAAAATAATTTAAAATATTATATATATTATCTTTTCCTTTTGGGGGGTCTCTTTTCTTTATATATATATTTACATTTCTCTTCATTTTATTACATGATAAATTAATATTTAATGTACTAATATATATATTATTAATTTTTATTTTCTTCTTCTTTTTTATATTAAAACAAAATGAAGATTCTTTAA","Pf3D7_13_v3-1004740-1005002-1A.1","50+8N161+8N",4,1,1
"IM-23-122-KGAH","8073804614","Maziba","Pf3D7_13_v3-1041593-1041860-1AB","CAAGATTGAAGTATTACATATCTCAGAAATTAAATGTATGCCCAAGAGATGTAAATGCACACATTGTAGGTGCTCATGGAAATAAAATGGTTCTTTTAAAAAGATACATTACTGTAGGTGGTATCCCTTTACAAGAATTTATTAATAACAAGTTAATTTCTGATGCTGAATTAGAAGCTATATTTGATAGAACTGTTAATACT","Pf3D7_13_v3-1041593-1041860-1AB.1",".",163,1,1
"IM-23-122-KGAH","8073804614","Maziba","Pf3D7_13_v3-1146764-1147010-1A","AAATTTTCTCCTAAAGTTATGCCTTTGTTAATGAAGGAGAAGAACGTGAAAAATAAAGCACCTCCTAAAGGTATTATAAAGCATACGCTAGAATATTTAAAAAGAGCAGCAGAATCAAGAATGAAAGAAAATGAATTATACAAATCAAAAAAAGATAGCACACTTAGTTCAATTGCAATTAGAAAAAATTCC","Pf3D7_13_v3-1146764-1147010-1A.31","52A64C74T146+9N182+8N",1,0.00199203187250996,2
"IM-23-122-KGAH","8073804614","Maziba","Pf3D7_13_v3-1146764-1147010-1A","AAATTTTCTCCTAAAGTTATGCCTTTGTTAATGAAGGAGAAGAACGTGAAACATAAAGCACCTCCTAAAGGTATTATAAAGCATACGCTAGAATATTTAAAAAGAGCAGCAGAATCAAGAATGAAAGAAAATGAATTATACAAATCAAAAAAAGATAGCACACTTAGTTCAATTGCAATTAGAAAAAATTCC","Pf3D7_13_v3-1146764-1147010-1A.10","64C74T146+9N182+8N",501,0.99800796812749,2
"IM-23-122-KGAH","8073804614","Maziba","Pf3D7_13_v3-1233093-1233332-1A","TCTATATGATCCTTATTTTTATCTTCATCACATTTATAATTTACATAATTTTCGACGTCATCATTTTCATTATTACTCATAATTGAATTATCCACAATGTTTGCCTCTTTTACAGCTTTACAAAGTTGGTAAAAAATATGATAATTCCTTTCACCTTCTTGTTGATCACACACCCGAACC","Pf3D7_13_v3-1233093-1233332-1A.1","130+8N",502,1,1
"IM-23-122-KGAH","8073804614","Maziba","Pf3D7_13_v3-1265494-1265726-1A","TGTCATATACAGATTATAAAAATGATCATAGAATAAGCGAAATCTTAAATCGTTGTATTTTACGATTAAACGAGTTTGATCTAATTCATTTATCTTCTTTGGTCATATCTTTAAGTAAAATGAATTTTAGGAGTGTGTATTTTCTGGAACAAGTACAAAAGAAATT","Pf3D7_13_v3-1265494-1265726-1A.8",".",1229,1,1
"IM-23-122-KGAH","8073804614","Maziba","Pf3D7_13_v3-1350855-1351093-1A","TCTTTTATATTAGTTGTTTCGTTATTTTCATTATGTTCCATATTTTGGTTATTTGTATATTTTATATTTTTTAAAAATTGGTAAATATATTCCGAGATGAAAGGTGTAAAAGGGGCCATAATTATTGTAAACAAATATAATGTTCTACATAAAACATTTAATGATTGGTGAGT","Pf3D7_13_v3-1350855-1351093-1A.1","66+8N",355,1,1
"IM-23-122-KGAH","8073804614","Maziba","Pf3D7_13_v3-1406713-1406975-1A","TTTCATGTCTTCTTAAATATGTTTTAAATTCATTATTTAATTTTTCATCATATTTAGGTACATTTTTTTTTGGAAATCTAGATGTTTCATTATTATCGTGATTTGATGAATATATATAATGAGTTTGTTTAAAATGTGGTTCATTCAAATTATCTTTTTTCTTATCTTCGTGTATATTTTTATTATAATTTGAATACTTC","Pf3D7_13_v3-1406713-1406975-1A.1","6T62+11N154+8N",94,1,1
"IM-23-122-KGAH","8073804614","Maziba","Pf3D7_13_v3-1419363-1419626-1A","TTTTGAAATCTGTATATTTTTTATCATGTTCATCGAGATTTATTTTGTTCTCTTTGTTTGAAATATCAACTACATGATTAAAAACATCTCCTAAATTATATAATTTCTTATGTAGGTCTTTTTGAAATGTCGATTCTCCTCCTTGTGCTGGTTTTTGTACTTCTTGTCCTTGTGTTGATATCTCTTGTTCATTTTTAGATTGAG","Pf3D7_13_v3-1419363-1419626-1A.10","16+8N24T28G52C112G",71,1,1
"IM-23-122-KGAH","8073804614","Maziba","Pf3D7_13_v3-1465616-1465890-1A","TCTTGTGGATTATTATCTATTATATTTTCTTCTGGTTTTTGGACAGAAGAATTATCTCCTCTTGGTCTAGGTTGATCATCTTCGGGTTCATCTGGAACATCTAATGGTTCCCATTTTGGAGGACATCTTTCTTCTTCACATTGTTCTTGTATTTCACTTGTACATCCTTCGTGTAAGATTTCTCTTTTTCTTGACCTGGTACCTTTACCACAAGTTACACTACATGGAGA","Pf3D7_13_v3-1465616-1465890-1A.8","30T32C41G47A49G113A121G152T",218,1,1
"IM-23-122-KGAH","8073804614","Maziba","Pf3D7_13_v3-1465901-1466157-1A","CATAAAGGGTCCGATAACATTTTTTACATTTTCCCATGCAGAATCAGCATACAAGTTACATTTACCATCTGATGGATGACAACCTACAAGAAATCTGTTGAAAGCTACATTAATACCTTGTCCAATACCAAAAACAGCTATTTTAACACCAAGATCATTTAATTTTCTTGATTCTTTTAATGAACCTTGAATACTAT","Pf3D7_13_v3-1465901-1466157-1A.5","19+8N152A158T185C",285,0.966101694915254,2
"IM-23-122-KGAH","8073804614","Maziba","Pf3D7_01_v3-145388-145662-1A","GATATGTTTAAATATATGATTCTCGAAAAAACTTTTTTTATTTTTTTTGTCAATAGATAAATGATCAATATTTTCTATATTTAATCTATCAAGAATTTTTATATATCTATTATTTCTTTCTTCGATGGATAAATTATATGAATCAATATCCTTTCTTTCATCAACAAACTTTTTTATTGTTAACTCCATTTTTTTATTTAAGATACCA","Pf3D7_01_v3-145388-145662-1A.3","25+25N94A139T169+8N188+9N",15,1,1
"IM-23-122-KGAH","8073804614","Maziba","Pf3D7_01_v3-162867-163115-1A","ATATACCAATAATACTTTTTTTTTTAAATAATGTAAAAAATGATTTATATAATTGTTATAAACAAATGATCACATATCATAATAATAATAATAATATGCTAAATCATAACTCTAATATTTTATCAAAAGAAAATGAAAAAAAACAACCTTTTTCAACATATAATATATCAAATCTTTGTTCTCCTGACCAAATGGTGATAAATAAAAA","Pf3D7_01_v3-162867-163115-1A.4","15+12N34+8N91I=ATAATA92G129+10N",196,0.99492385786802,2
"IM-23-122-KGAH","8073804614","Maziba","Pf3D7_01_v3-162867-163115-1A","ATATACCAATAATACTTTTTTTTTTAAATAATGTAAAAAATGATTTATATAATTGTTATAAACAAATGATCACATATCATAATAATAATAATAATATGCTAAATCATAACTCTAATATTTTATCAAAAGAAAATGAAAAAAAACAACCTTTTTCAACATATAATATATCAAATCTTTGTTCTCCTGATCAAATGGTAATAAATAAAAA","Pf3D7_01_v3-162867-163115-1A.5","15+12N34+8N91I=ATAATA92G129+10N182T191A",1,0.0050761421319797,2
"IM-23-122-KGAH","8073804614","Maziba","Pf3D7_01_v3-181512-181761-1A","TTCATTATTGTTTTCATTCTTTTTTTAACTAAAACTATTCATCTCAAAAATATAAGATATTTTATATGACGAATGCCATTGTATTTTTTGTTACGTAAAACCTGACTTCTTCAAGGAAAACACATGCGCATTTTCACCAATTTTTGCCTAAGCTTATTATAAAAAGTATATTAAATGTATGAC","Pf3D7_01_v3-181512-181761-1A.1","19+9N30T83+8N",362,1,1
"IM-23-122-KGAH","8073804614","Maziba","Pf3D7_01_v3-194742-194973-1B","TACCTATAAAAATGAAAAAAATAAAGAAGAAGATAAATATGGAAAAAATGAAAAAAACGAAAAATATGACAAATATGACAAATATGAAAAATATGATAAATACAAAAAAGATAATAAAAATCAACATGATGATCCACTTTATGATAATATTAATAAAAATTACGATAA","Pf3D7_01_v3-194742-194973-1B.1","14+9N42+17N97D=AAAATATGA112+8N",666,1,1
"IM-23-122-KGAH","8073804614","Maziba","Pf3D7_01_v3-455794-456054-1A","AGAAAAAAAATTTATTAAGAGGTATTTCGATTTTAAAAATTTAAGAATTAATTTTTAATTATGTCTATAAAAACTTAATAGAAAATAAATATTATTTTGTTTTTCAAAAAAATGTTTAAGAATAATATTTCTTTATTCTTTTACAATTTAGAACATATAATGCTATTTCTTTTAATTTTAATTTAATTTCAAA","Pf3D7_01_v3-455794-456054-1A.1","2+10N105+9N",44,1,1
"IM-23-122-KGAH","8073804614","Maziba","Pf3D7_01_v3-528859-529104-1A","TTTGATTCTTTTTAATGAAAAAGAAGCTAAAGATATGTCAGACCATATAATTTCCCAACAAAAACGTTATTGCTCTACCAATATTCATAGTAATTATAATAATAAAATATGTATATGTAAAAATAAGCGACATCATAACAAAAGAGGGAAAGGAATAAAGCATCATGACATACATCAAAAGG","Pf3D7_01_v3-528859-529104-1A.1","165A",1455,1,1
"IM-23-122-KGAH","8073804614","Maziba","Pf3D7_01_v3-535965-536239-1A","GCTCATTTGATATTTTCCAGTTGTTTGATTTTAAAAATGATGTATATTTTTTAGATGATAATTTGTTCGACAAGGATATGGTATATTGTACAAGTACCAACAATTATGGCGTTATGGGAAATGATAATGATGATGATAAAATAATAAAAATACAAAATTTAAATGAGAAATTAAAAAATGGAAAAGCTGAATTTAAAGATATATTATTAT","Pf3D7_01_v3-535965-536239-1A.1","46+8N121+17N172+8N",53,1,1
"IM-23-122-KGAH","8073804614","Maziba","Pf3D7_02_v3-290580-290821-1A","TTATTATAAGGATTATAATTATTATCATTCTTATTATATGGATTAATATAATTTCGATCATTATCATTACTGTTTTTATCATATTGTGGATAATTATTTCTATTTCTATTTTGATTAAAATCCGATTGTCTATATCTAACTCTAATATCTGTAGATGCTAAATCATTAGGTAATGGG","Pf3D7_02_v3-290580-290821-1A.1","12+26N",585,1,1
"IM-23-122-KGAH","8073804614","Maziba","Pf3D7_02_v3-291770-292017-1A","TAATATCATAAGGTTTGAATATTTTCCTCTCAGGTATTATACCAACAGAAGGTTTATCATCATCTTTAAAACCTGCTCTATCTTTAACCCATTGATTAGGATTTTTTAAACATAAAGCTGGATTCTTTAATAAATCTTTCATATGTTCCATATTATTTTCTTCATTTATATATGATGCTAC","Pf3D7_02_v3-291770-292017-1A.1","101+8N177G",191,1,1
"IM-23-122-KGAH","8073804614","Maziba","Pf3D7_02_v3-470437-470709-1A","AATATTGACATGAAACATTATAATACACATAAGAAAAAAAAAATTTATTTATTCTTACAAAAAGAATATAAAAACAAAATTTTGGGATTTATAAATTTTTATAAACGTATAACACACAAAATAAAAAAGAAACAAGAAAATGTTCATGATAAAATCACTTTTTTAAAATGTCTAAAGGAACTCTTTTTTGTCACACATACAAATA","Pf3D7_02_v3-470437-470709-1A.3","33+12N107G122+8N158+8N183+8N",76,1,1
"IM-23-122-KGAH","8073804614","Maziba","Pf3D7_02_v3-503040-503288-1A","ATTATGATTAATAATAATATTTCTCATAATTTCGTTAAATACATCTAAACTATTTATAGAACCATCTATATCATCTTCATTCCTATTTTGGTGAACTGATTCGGTGTTTATAACATCTAAGGTGTCTTTTTCTTCTCCTCTGTAACTTTTTATAATTTTTTGATAAATGTTGTTATAAGAATTATCA","Pf3D7_02_v3-503040-503288-1A.1","155+8N",319,1,1
"IM-23-122-KGAH","8073804614","Maziba","Pf3D7_02_v3-628941-629172-1A","ACTTTTTTTAGATTTTTCTTGATCGTTTTCATCATTTTTTATTTCCTGTTCATCTGAGGTTTTCTTTTGTAAACGCTTAGTGCGTTTCTTTTGACCTTTTAATTTTTTTTTAAATATATTTTTAACTTGATCAATGAAGAAAGCATAATCTTGTATGACAGAAAATCT","Pf3D7_02_v3-628941-629172-1A.1","2+9N34+8N87T102+11N",382,1,1
"IM-23-122-KGAH","8073804614","Maziba","Pf3D7_02_v3-630641-630907-1A","CTAAGTTATCTAAAATTATTAATTTTTTCAAATATGGTAATTTATGTCTATGAAGTAATAAGCCATCAACTAAATCTAAATCTAAACATAACCATTCTAATTTCGTTTCATTTAATATGTTTACAATTACATCTATACTAAAGTTAGAATGTAAAATCAAGGTTGTTACACCACTCATCATAGCTGCCATATCAACAAT","Pf3D7_02_v3-630641-630907-1A.1","22+8N43T",112,1,1
"IM-23-122-KGAH","8073804614","Maziba","Pf3D7_03_v3-221185-221419-1B","AAATAAATTAAATAGGAAAATATAAAGAAAAATGAAAATTAAGAAAAAAAGTAGTATATATTTTTATAAATATTGTACAACTCAAACTAAGATGTGTTCTTTATCTAATTAAGGAACAAGAAGGATAATACCATTATTAATCCTATTGAACTATTTACGACATTAAACA","Pf3D7_03_v3-221185-221419-1B.1","43+9N",248,1,1
"IM-23-122-KGAH","8073804614","Maziba","Pf3D7_03_v3-221295-221532-2","AAGGAACAAGAAGGATAATACCATTATTAATCCTATTGAACTATTTACGACATTAAACACACTGGAACATTTTTCCATTTTACAAATTTTTTTTTCAATATCATTTTCATAATCTAATTGGTCTTTAGGTTTATTAGCAGAGCCAGGCTTTATTCTAACTTGAATACCATTTCCACAAGTTA","Pf3D7_03_v3-221295-221532-2.2","86+11N107T120G",263,1,1
"IM-23-122-KGAH","8073804614","Maziba","Pf3D7_09_v3-1406342-1406614-1A","TCTCAGATTATCATAGTGTTGTGGATGAAGATTTAATTAATTTTAATGATGATGTTACTTTAGAAACACAATCCATGATAGCACACGGAGGGTCTTTGTCAGAAATAGAAGAAACTGGAGATTTATCTTCAGATGTTGATAGATTACTTTCATCAATCGAAACTACTCCAAGAGATGATGTTGTATATATACGAGGTGATATTATATT","Pf3D7_09_v3-1406342-1406614-1A.1","148T204A",17,1,1
"IM-23-122-KGAH","8073804614","Maziba","Pf3D7_09_v3-163813-164052-1A","GTAATAATAATAATAATAATGTATTTCTTTCATCAAGTGATCCAAATAAATTAAACACAACACCATCACCATTTGGTTTATCATCTATTGGAAATCTAAATACAAACAATAAATTAAATAGCTTTCCAGATTTTAGTCAAGCTAATAAAACATTTCTACAAAATGATAGCTTAT","Pf3D7_09_v3-163813-164052-1A.1","2+19N28T131T",346,1,1
"IM-23-122-KGAH","8073804614","Maziba","Pf3D7_09_v3-164045-164311-1A","ATCAACTGGTGTTGCAAAACCATTAGTTACCAATTTTAATTCTCCATTTAGTGCTTTTGGTAAAACAAATACCAGTGATATATTTAAAACTAATACTACTGCATCAACTACAAATGCAACTGCAACTGCAACTCCTGCTCCCTTTGGATCAGCATTTGGAGCGCAAAAAAATAATGATAGCTTGTTTGGAAATAATGCATTCAAGCTTTCG","Pf3D7_09_v3-164045-164311-1A.3","169A",3,0.00917431192660551,2
"IM-23-122-KGAH","8073804614","Maziba","Pf3D7_09_v3-164045-164311-1A","ATCAACTGGTGTTGCAAAACCATTAGTTACCAATTTTAATTCTCCATTTAGTGCTTTTGGTAAAACAAATACCAGTGATATATTTAAAACTAATACTACTGCATCAACTACAAATGCAACTGCAACTGCAACTCCTGCTCCCTTTGGATCAGCATTTGGAGCGCAAAAGAATAATGATAGCTTGTTTGGAAATAATGCATTCAAGCTTTCG","Pf3D7_09_v3-164045-164311-1A.1",".",324,0.990825688073395,2
"IM-23-122-KGAH","8073804614","Maziba","Pf3D7_09_v3-202854-203106-1A","AATATACAAAGAATGCATATGATAAAATATTCTTTGTCCTTTAAAATTTTTTGTTCTTGTACTTTGTTTTTTATAATCTATTAAATTCATATCTGATGAAATATCATATTTATATTCCCCTTTATGAGCATTTACAAAAGTTTCGCTATTTCTTTTATTAATATATGTATTTGAGCACATATTTTTAT","Pf3D7_09_v3-202854-203106-1A.1","16C46+8N66+8N183T",303,1,1
"IM-23-122-KGAH","8073804614","Maziba","Pf3D7_09_v3-270915-271160-1A","CTTTGTATGTATTATCTGTTGTTTTATCTTCACCTTGATTTCCTGTACTTGTAGATTCAGTAGATGGACCTTCAGAACCTGCTAATTCATCACTAGTAGATGCAGCACTTGTACTTTTAGATTGTTCTTTTAATGGTCCCATATATTTGTATAATTCTATTTCTAAATCTTGATCCTTGGTTTTTTCTTCTAA","Pf3D7_09_v3-270915-271160-1A.1","82C85A180+8N",436,1,1
"IM-23-122-KGAH","8073804614","Maziba","Pf3D7_09_v3-516735-517007-1A","ATAGAAGGATATATAAAAAATTATCAAGAATCATATAATATAAATGACCATTGTAAATTAGTTCCATTAAATTTTTATAAAGATTCTATTTCTAATGATTTAGGTACTCCATGCCCTGTGAATAGTATTACCTTAAATGTGGGCGCAAAAACTATAAATGAATGTTTGTGTAATAAAGGATATTTCTATAATGTCAAGAAACAACAATGTGA","Pf3D7_09_v3-516735-517007-1A.1","14+8N",56,1,1
"IM-23-122-KGAH","8073804614","Maziba","Pf3D7_09_v3-595828-596094-1A","ATAATTTTTTCATCGTTCTTATACATGAATGATAAAGTCTTTTTGCAAAATTTTTTGAAGAGATCAGATTTGAGATAAAGACGTTTGGCTAATTTATACGAGAATTCGAGAGCATCTAATTTTATATTTAAACATTTTTTCGTATCCAATATATTATAATTTTGTTCATAAGTCTGTTCATTTATATTATTTAATACTTTT","Pf3D7_09_v3-595828-596094-1A.6","4+8N27G50+8N134+8N",91,1,1
"IM-23-122-KGAH","8073804614","Maziba","Pf3D7_09_v3-685560-685825-1A","GAACCAAACAACGACAAAGGAACAAGATAATTTTTTCCATTTTTATAAAAGTAATATATATGATATGGAAAATAGAACATGTAATAATAATATATTACAATATTGTGTTATGAATAATAAATCATATTTATTTCATAATATATCATCCAAAAAAAATATATATATAAAAAAAAAGAATCATCAGTTTTCTTTATTCATATATT","Pf3D7_09_v3-685560-685825-1A.1","30+8N79A148+10N165+11N",4,1,1
"IM-23-122-KGAH","8073804614","Maziba","Pf3D7_09_v3-82006-82236-1A","TTTATCATCTTTAGGCCATAACCAGAGTACAAGCAATCCAACTATAACAATTGTAATTAACATTATAAATACTGTAATACCATAAACACTACCAGAAGCGATCAGAAATGCACTAAAAGTATAAGAACATTCACTTGGAATAAGAGTAGCGATAAAACTAAAAATAGC","Pf3D7_09_v3-82006-82236-1A.4","95G125G137G",861,0.998839907192575,2
"IM-23-122-KGAH","8073804614","Maziba","Pf3D7_09_v3-82006-82236-1A","TTTATCATCTTTAGGCCATAACCAGAGTACAAGCAATCCAACTATAACAATTGTAATTAACATTATAAATACTGTAATACCATAAACACTACCAGAAGCGATCAGAAATGCACTAAAAGTATTACAACATTCACTTGAAATAAGAGTAGCGATAAAACTAAAAATAGC","Pf3D7_09_v3-82006-82236-1A.18","95G123T137G138A",1,0.00116009280742459,2
"IM-23-122-KGAH","8073804614","Maziba","Pf3D7_10_v3-1386657-1386909-1A","CGATTTTGGTAGAGAACAGGTTAAATATATTGAAGACGTGGTTTGATAATCAGGTATTTCTTTAATTAAATATTCATGATATTGTTCGTTAGATACATAAATTAATTCATCCTCCACATTTTGCTGTTCTGTTATAATTTGTGAAGAAGCTTGGTTTGTTTTATTTGGTAATTGCTCTTTTATGA","Pf3D7_10_v3-1386657-1386909-1A.2","13A109A160T",376,0.986876640419947,2
"IM-23-122-KGAH","8073804614","Maziba","Pf3D7_10_v3-1386657-1386909-1A","CGATTTTGGTAGGGAACAGGTTAAATATATTGAAGACGTGGTTTGATAATCAGGTATTTCTTTAATTAAATATTCATGATATTGTTCGTTAGATACATAAATTAATTCGTCCTCCACATTTTGCTGTTCTGTTATAATTTGTGAAGAAGCTTGGTTTGTCTTATTTGGTAATTGCTCTTTTATGA","Pf3D7_10_v3-1386657-1386909-1A.1",".",5,0.0131233595800525,2
"IM-23-122-KGAH","8073804614","Maziba","Pf3D7_10_v3-1392371-1392620-1A","TGATGAAAATGATGATTCCCTTATTTCTAATTCTTTAGTACCCGAAACAAGTTACAATCAAGATTACTCTTTATACACTATTAATATTTTGAATGGACTTCCTGATAAAGAAAGTAATATGAAAAATATTGATTTAGAAAAATTTAAAGATACTTCAATACATACAAAGGAAGAGGGACCCATTGTA","Pf3D7_10_v3-1392371-1392620-1A.2","106+9N",236,1,1
"IM-23-122-KGAH","8073804614","Maziba","Pf3D7_10_v3-1414337-1414596-1A","GACCTGAATGGAAAGGCCAATGTGATAAATTTGAAAAAGAAAAAAGTAAATATGAAGATACTAAAAGTATAACTGCTGAAAAATATTTAAAAGAAATATGTTCTGAATGTGATTGTAAATATAAAGATTTGGATAATACATTTAAAGAATTTAAAGATAACGTTACGCTTCTTAAAGCAGTAATTGATAACAAA","Pf3D7_10_v3-1414337-1414596-1A.8","39+8N167G",253,1,1
"IM-23-122-KGAH","8073804614","Maziba","Pf3D7_10_v3-1414599-1414832-1A","ATCTAGATCAACGAGGGAATATAACAACATCTCAAGGAAATTCACACCGTGCAACTGTTGTGCAACAAGCTGATCAAACCAACAGATTAGATAATGTAAACTCTGTAACGCAAAGAGGAAATAATAACTACAACAATAATTTAGAGCGTGGATTGGGTTCTGGTGCT","Pf3D7_10_v3-1414599-1414832-1A.1","70C",1326,1,1
"IM-23-122-KGAH","8073804614","Maziba","Pf3D7_10_v3-992331-992603-1A","TCATTATATTTTTAAAAAAAAAAATTATGATATAAAATCTTCAATTAATAAAAGATCTATCCAGTTCTTTAGAGACACTAATATAGATCATTATATAGCATATGAATATTATAAGGAGGACCGTACAGAATTTATATTAACTATTATGAATGAAAAAAATATTACTCATCAAGAAACTCAAAGTCTTGAAATGAAAAAGTTGAAAG","Pf3D7_10_v3-992331-992603-1A.1","13+13N72G127A152+9N",72,1,1
"IM-23-122-KGAH","8073804614","Maziba","Pf3D7_04_v3-115455-115684-1A","TATTAATGTCATTTTGTTTTTCTTTATTATTATTATTTTTATTTTTTCCCTGGTTATCTTCCTTATTACCTAGCTTTTTTTTGTTGTCATTATTTTCTGTCTGATTATTATTTTTGACTTTTTTCATCTTTGAATTATCCGTTCTGTTTGTATGTCTCAAGCAAGGT","Pf3D7_04_v3-115455-115684-1A.3","24+25N74+10N122T",925,0.991425509110397,4
"IM-23-122-KGAH","8073804614","Maziba","Pf3D7_04_v3-133581-133830-1A","CTCTCGATTATCATTACCTACTTCAGTCTTTACAATTGTAGGAGGTGTTTTAACATGATTATCCCCTCCATGAGGAGTAACCCTTAAAGGTTCTTCTTGAATATTTGGTGTCGCTTCGCCTGTTTCTGTAGAAAGGATATTTATTCTATCAACATATTCATCACCTTCTTCAACTGTACTATTTAAA","Pf3D7_04_v3-133581-133830-1A.1",".",114,1,1
"IM-23-122-KGAH","8073804614","Maziba","Pf3D7_04_v3-133928-134154-1A","TTTTGAAATATCTAATTTATCCATTTGCCTTTTTATTTCATAGTCCCAACTACTTACCCAGGTATTAAAATTAATACAATCCTGTTCTGCATATTTTATGGCTTTTAAATCCCTCAATTTAGTAGCCCTATCTTCACAATAATCTTCTAATATTTTAAT","Pf3D7_04_v3-133928-134154-1A.1","21C",712,0.988888888888889,2
"IM-23-122-KGAH","8073804614","Maziba","Pf3D7_04_v3-133928-134154-1A","TTTTGAAATATCTAATTTATTCATTTGCCTTTTTATTTCATAGTCCCAACTACTTACCCAGGTATTAAAATTAATACAATCCTGTTCTGCATATTTTATGGCTTTTAAATCCCTCAATTTAGTAGCCCTATCTTCACAATAATCTTCTAATATTTTAAT","Pf3D7_04_v3-133928-134154-1A.2",".",8,0.0111111111111111,2
"IM-23-122-KGAH","8073804614","Maziba","Pf3D7_04_v3-140317-140548-1A","TCGGGACAATATTATAAGGATTTTATCACATCAAGGAAAAATATTTATAATATAAGGGAAAATATATCCAAAAATGTAGATATGATAAAAAATGAAGAAAAGAAGAAAATACAGAATTGTGTAGATAAATATAATTCTATAAAACAATATGTAAAAATGCTTAAA","Pf3D7_04_v3-140317-140548-1A.1","86+8N",1027,1,1
"IM-23-122-KGAH","8073804614","Maziba","Pf3D7_04_v3-141741-141990-1A","TGAATACCATATAGCCCTTTCAAATTATATAAAGACAGAACTAAGAAATATAAACCTGCAAGAAATAAAAAACAATATAATAAAAATATTTAAAGAATTCGAATCTGCACACAAAGAAATTAAAAAAGAATCAAAACAAATTAATAAAGAATTTACCAAAATGGATGTCGTCATAAATCAATTAAGAGATATAG","Pf3D7_04_v3-141741-141990-1A.2","66+8N101G121+8N134A",377,0.997354497354497,2
"IM-23-122-KGAH","8073804614","Maziba","Pf3D7_04_v3-141741-141990-1A","TGAATACCATATAGCCCTTTCAAATTATATAAAGACAGAACTAAGAAATATAAACCTGCAAGAAATAAAAAACAATATAATAAAAATATTTAAAGAATTCGAATCTGCACACAAAGAAATTAAAAAAGAATCAGAACAAATTAATAAAGAATTTACCAAAATGGATGTCGTCATAAATCAATTAAGAGATATAG","Pf3D7_04_v3-141741-141990-1A.8","66+8N101G121+8N",1,0.00264550264550265,2
"IM-23-122-KGAH","8073804614","Maziba","Pf3D7_04_v3-284121-284364-1A","ATATTGTATATTATCATAAGATTTATATGGAGGACCACATTGAAATCCGACAATTTCATTTGATGCATGTAGTACACATTCCGTATTTCTGTTTGAATTATTTAAAATAATTTTATTACTTAGAAATGATTCTTTTTCACTATAATCTTTATATAAGAAAGGGTCTTCATCAATTTGA","Pf3D7_04_v3-284121-284364-1A.1","157G",269,1,1
"IM-23-122-KGAH","8073804614","Maziba","Pf3D7_04_v3-316593-316858-1A","TTATTCATTTTTTCTATATTATCCTTTTCTACATCATCAAAATTTGTTAATGATTCACACGTTATATTTGGTGATATTATATTTCTACCTGTACATACACCAATATTTGTTGTACCTATTATTTTATACCCTTCTTGACATTTAAATTCTATTTTTTCACCAAGTAAATAATATTTTTTATCAGGGATAAGGGAAACATA","Pf3D7_04_v3-316593-316858-1A.2","7+8N151+8N173+8N",161,1,1
"IM-23-122-KGAH","8073804614","Maziba","Pf3D7_04_v3-544454-544718-1A","ACAAAATATAATACTTTATATACAAATGCTTATAAAAAATTTTAACGCGGACGTACTTCAAAATAATATAAATGAACAAGAAGTAATACATAATAACATCAACATTAATAATATAAAAGAAGAACAAATTATACCAAATAATATCAAGAATATCCATAATAATGACAATATTAATCATTGTGATGGTAATAAAATAA","Pf3D7_04_v3-544454-544718-1A.9","33+8N47G50G186G",1,0.0112359550561798,3
"IM-23-122-KGAH","8073804614","Maziba","Pf3D7_11_v3-1295103-1295335-1A","ACTACTGCTTTGTCCCATCCCAACGAAGTTGAAAACAATTTTCCATGTTCATTATATAAAGATGAAATAAAGAAAGAAATCGAAAGAGAATCAAAACGAATTAAATTAAATGATAATGATGATGAAGGGAATAAAAAAATTATAGCTCCAAGAATTTTTATTTCAGATGATAAA","Pf3D7_11_v3-1295103-1295335-1A.7","23A71A132+9N",1155,0.996548748921484,2
"IM-23-122-KGAH","8073804614","Maziba","Pf3D7_11_v3-1295103-1295335-1A","ACTACTGCTTTGTCCCATCCCATCGAAGTTGAACACAATTTTCCATGTTCATTATATAAAGATGAAATAAAGAAAGAAATCGAAAGAGAATCAAAACGAATTAAATTAAATGATAATGATGATGAAGGGAATAAAAAAATTATAGCTCCAAGAATTTTTATTTCAGATGATAAA","Pf3D7_11_v3-1295103-1295335-1A.16","34C71A132+9N",4,0.00345125107851596,2
"IM-23-122-KGAH","8073804614","Maziba","Pf3D7_11_v3-1295371-1295597-1A","AAGTAACATCAAATAATGAAGTTGTAGTTAAAGAAGAATATAAAGATGAATATGCAGATATTCCTGAACATAAACCAACTTATGATAAAATGAAAATTATAATTGCATCATCAGCTGCTGTCGCTGTATTAGCAACTATTTTAATGGTTTATCTTTATAAAAGAA","Pf3D7_11_v3-1295371-1295597-1A.1",".",2,0.00404040404040404,2
"IM-23-122-KGAH","8073804614","Maziba","Pf3D7_11_v3-1295371-1295597-1A","AAGTAACATCAAATAATGAAGTTGTAGTTAAAGAAGAATATAAAGATGAATATGCAGATATTCCTGAACATAAACCAACTTATGATAACATGAAAATTATAATTGCATCATCAGCTGCTGTCGCTGTATTAGCAACTATTTTAATGGTTTATCTTTATAAAAGAA","Pf3D7_11_v3-1295371-1295597-1A.2","89C",493,0.995959595959596,2
"IM-23-122-KGAH","8073804614","Maziba","Pf3D7_11_v3-1374917-1375148-1A","TTTTTAAATGAAAATCTCCAAAGCTTCTGGTTGGTTGTAATCTACCTTTAACATAACAATTATCATAATGATGTGATAAGAGATGAAAAGGTGTTTTACATAATTCATATGTATTATTATTATTAACAGTTTTATAATCTCGAGTACATATTTTACATACTAATATA","Pf3D7_11_v3-1374917-1375148-1A.1","112+14N",583,1,1
"IM-23-122-KGAH","8073804614","Maziba","Pf3D7_11_v3-1375807-1376056-1A","TCGTTATGTACCCTAATAAATTTTTTTTCATTATTTGAATCTATATTATTTACATTAGTATTTTGAGTTGTACCATAAATTTCAGTGTTATTATTATTTCTATTCATATAATTATGTCCGCTTATATAATTATGACCATTAAAAAAACGTCTTCCATGTATATCATCTCTTCTAATGTATTTA","Pf3D7_11_v3-1375807-1376056-1A.1","20+10N140+9N",80,1,1
"IM-23-122-KGAH","8073804614","Maziba","Pf3D7_11_v3-1376058-1376305-1A","TTTCTGGCTCGATATAATCCATTTCAATATTTATATTAGATATGAAACATCTATCTTCAATAGGTGAATTTGCTGCAAATTGAGCCATAGAAAAATGATTCTCATTCCTTTGAAAATATGAACTATTCAACTCATCAAGGTTTTCATATGTTATTTCATAACTGCCATCATCTGAATCCTCTTCATCA","Pf3D7_11_v3-1376058-1376305-1A.1","140G",406,1,1
"IM-23-122-KGAH","8073804614","Maziba","Pf3D7_11_v3-1816152-1816378-1A","TTGGGTAGATATCGTTATAAGGGCTATAATGTATTGACTTCTCCGGGTTTGTTACATTATCATTACAACCAATATTATTAAGGTTAATATTATTTTTATCATTATTATTGTTGTTTTCATTTGTGTGGTTATATAATAACAATGATGTGTCGTCTATTGGATCATT","Pf3D7_11_v3-1816152-1816378-1A.1","50T90T",1274,0.997650743931088,2
"IM-23-122-KGAH","8073804614","Maziba","Pf3D7_11_v3-1816152-1816378-1A","TTGGGTAGATATCGTTATAAGGGCTATAATGTATTGACTTCTCCGGGTTTGTTACATTATCATTACAATCAATATTATTAAGGTTCATATTATTTTTATCATTATTATTGTTGTTTTCATTTGTGTGGTTATATAATAACAATGATGTGTCGTCTATTGGATCATT","Pf3D7_11_v3-1816152-1816378-1A.77","50T69T86C90T",3,0.00234925606891151,2
"IM-23-122-KGAH","8073804614","Maziba","Pf3D7_11_v3-1902041-1902278-2","ATGAAACAAAATGTCCACCTAGATACCCTTTAAAATCAAAAGTTTTTGGAACCTTTGACCAAAAAACAGGAAAATGTAAAAGTCTCATGGACAAAGCATATGAAGTTGGAATTAATAAATTTTCAGTCTGTTTAGAATATTTATTTTTAGTATCACCTAAGGATTTATATAATAGCGGAAG","Pf3D7_11_v3-1902041-1902278-2.1","60+8N",550,1,1
"IM-23-122-KGAH","8073804614","Maziba","Pf3D7_07_v3-1149367-1149613-1A","TATTTGACTAGTCGAATAATATTTAATATTTTTGTTTAGGAAGTTTTCAAAATTGATGACATTGATAACCGTTTTTATTAAATCGCTTGGGTTGTTTGTGTGTTCCATTGTAGATGACATAATTTTAAGAATGTGTTTTTGTGTTATTAAACAAAACTTTGTTACTATATGGAATCGTATGTTAT","Pf3D7_07_v3-1149367-1149613-1A.8","115T",977,1,1
"IM-23-122-KGAH","8073804614","Maziba","Pf3D7_07_v3-403479-403716-1B","TTAGGTGGAGGTTCTTGTCTTGGTAAATGTGCTCATGTGTTTAAACTTATTTTTAAAGAGATTAAGGATAATATTTTTATTTATATTTTAAGTATTATTTATTTAAGTGTATGTGTAATGAATAAAATTTTTGCTAAAAGAACTTTAAACAAAATTGGTAACTATAGTTTTGTAACATCCGA","Pf3D7_07_v3-403479-403716-1B.1",".",340,1,1
"IM-23-122-KGAH","8073804614","Maziba","Pf3D7_07_v3-403487-403750-2","AGGTTCTTGTCTTGGTAAATGTGCTCATGTGTTTAAACTTATTTTTAAAGAGATTAAGGATAATATTTTTATTTATATTTTAAGTATTATTTATTTAAGTGTATGTGTAATGAATAAAATTTTTGCTAAAAGAACTTTAAACAAAATTGGTAACTATAGTTTTGTAACATCCGAAACTCACAACTTTATTTGTATGATTATGTTCTTT","Pf3D7_07_v3-403487-403750-2.1",".",97,1,1
"IM-23-122-KGAH","8073804614","Maziba","Pf3D7_07_v3-403801-404052-1B","TATATATATATATATATGTATGTATGTTGATTAATTTGTTTATATATTTATATTTATTTCTTATGACCTTTTTAGGAACGACACCGAAGCTTTAATTTACAATTTTTTGCTATATCCATGTTAGATGCCTGTTCAGTCATTTTGGCCTTCATAGGTCT","Pf3D7_07_v3-403801-404052-1B.18","1+45N130+8N",290,1,1
"IM-23-122-KGAH","8073804614","Maziba","Pf3D7_07_v3-405517-405773-2","TTTTCTACCATGACATATACTATTGTTAGTTGTATACAAGGTCCAGCAATAGCAATTGCTTATTACTTTAAATTCTTAGCCGTAAGAATTAAAAAGATATAAATATATAAATATATATGTGAAATATATGATATATATGATATATATTTTTTATATGTAATGTTTTTTTTTTTTTTCACAATATACATTTAA","Pf3D7_07_v3-405517-405773-2.2","97+57N162+16N",28,1,1
"IM-23-122-KGAH","8073804614","Maziba","Pf3D7_07_v3-405570-405844-1B","ATAGCAATTGCTTATTACTTTAAATTCTTAGCCGTAAGAATTAAAAAGATATAAATATATAAATATATATGTGAAATATATGATATATATGATATATATTTTTTATATGTAATGTTTTTTTTTTTTTTCACAATATACATTTAAATGTTTATGATGGTACAACGTATCATATTTTATAATAATTTTATGCATTCATGTATATTATTTTTACTTTTT","Pf3D7_07_v3-405570-405844-1B.2","49+57N114+16N",12,1,1
"IM-23-122-KGAH","8073804614","Maziba","Pf3D7_07_v3-432832-433091-1A","TTGAAAAAGTCATCATCAGAATGGGGATGATTATTATTGTTATTATGAGTTTGGTTCGTATTAATATTATGATCCTTTTCGTTATTTAATTTATGTTCATTTATATTTTTATAAATAAATAATTTTCCAAGAAGTATACCATTAATAAACTTACTAGTTAACATATTAGACTGCTCAATATTTGTACATTTTTTTAATGTATGTATT","Pf3D7_07_v3-432832-433091-1A.4","30+17N72A188+9N",174,1,1
"IM-23-122-KGAH","8073804614","Maziba","Pf3D7_07_v3-475313-475545-1A","AGCTTTATTATCTACAAAAAATCCACGTGGATATATGAAACAAATGAAATTGTATTTTATATTCCAAATTAAAGAAATTGCATTAAGAAAACATGGCTCTTTACTTACAGTCAAAAATTTATATAATAATAAACTTTTAAATATAAATTCATCATCTTCTACAAATA","Pf3D7_07_v3-475313-475545-1A.1","15+8N",377,1,1
"IM-23-122-KGAH","8073804614","Maziba","Pf3D7_07_v3-627351-627625-1A","TCACTAAGATAATTATTATTACTATTTTCAGCATAATAAAATTTCTGATGTTTTATAAGAGGAGTTTGGTTAGAAGCAAAATTATCAGCAGTTGTCGAATAATTATTATGTTCTTGATAAAAGAGATTATTCATATAGTTATTATTATTTTTCATATCATCCATAGTATTATTGTTAATATAAAATTCCTCATATGAATTATATATATA","Pf3D7_07_v3-627351-627625-1A.1",".",48,1,1
"IM-23-122-KGAH","8073804614","Maziba","Pf3D7_07_v3-717260-717493-1A","GAGCTTGCTTTTTTGTTGCGTTACTTGCTGGGCTGATCAAAAAAAAAGTTGAATGTATTGAACTTAGTGCCAGCGAAATTTCCCCTCATGAAAACAAATCGACGAGTTCATCAATATTCCAAGAGGAATTAAAATTTGATGAGTCTCTGAAAAATTTTTTCAAACAA","Pf3D7_07_v3-717260-717493-1A.2","8+8N38+11N141G154+8N",1027,1,1
"IM-23-122-KGAH","8073804614","Maziba","Pf3D7_13_v3-2814606-2814855-1B","TAGCGATAATGATCCTGCAGTAGTAAGTGGTAGAGAATCTAAAGATGTAAATCTTCATACTTCTGAAAGGATTAAAGAAAATGAAGAAGGTGTGATTAAAACAGATGAAAGTTCAAAAAGTATTGAAATTTCTAAAATACCATCTGACCAAAATAATCATAGTGATTTATCACAGAATGCAAATGAGGACTCTA","Pf3D7_13_v3-2814606-2814855-1B.2",".",480,1,1
"IM-23-122-KGAH","8073804614","Maziba","Pf3D7_13_v3-2816310-2816554-1B","CAAATACTTTTCAATATAGGTCTAGTGAAAGTGTGGAAGTAATAACTAATAAACCTGATGAAATGGAAATGACAACTAAACCACCATCACAATATATTGAAAAGGAAATTGGAGAAATTGATTCTACAAAAAATCAAGATAATGATGAACAAAGCAATTCTATAATTCCTTTAATTAATAAAAATAATGAA","Pf3D7_13_v3-2816310-2816554-1B.2","95T127+8N",435,1,1
"IM-23-122-KGAH","8073804614","Maziba","Pf3D7_13_v3-2840462-2840736-1B","AATAAACACATATGTTTATTAATAAAATTGTTAGTTATTTTTATGTATACATAATAAATTAAAGATACTAAAACAATATTTTTAAATGTAAATAAATGAATAATGATATTATTTATATGATTCATCATTCTATATTTACATGGAAGATTAAAAAATTATATATATATATATATATGGTAATTTCTGTGTTTATGTTTTTATTTTTATAATA","Pf3D7_13_v3-2840462-2840736-1B.5","149+23N",3,0.75,2
"IM-23-122-KGAH","8073804614","Maziba","Pf3D7_05_v3-958372-958608-1B","ATTTATAACAATTTTTACATATGCCAGTTCCTTTTTAGGTTTATATATTTGGTCATTAATAAAAAATGCACGTTTGACTTTATGTATTACTTGCGTTTTTCCGTTAATTTATGTTTGTGGTGTCATATGTAATAAGAAAGTAAAATTAAATAAAAAAACATCTTTGTTATATAATAACAATACC","Pf3D7_05_v3-958372-958608-1B.2","60+8N151+9N",312,1,1
"IM-23-122-KGAH","8073804614","Maziba","Pf3D7_05_v3-958920-959168-1B","AATAATAAATCGAAAACCATTAGTTGAAAATAATGATGATGGAGAAACATTACCAAATATTAAAAAAATTGAATTTAAAAATGTAAGATTTCATTATGATACTAGAAAAGATGTTGAAATTTATAAAGATTTAAGTTTTACTCTAAAAGAAGGGAAAACATATGCATTTGTGGGAGAATCA","Pf3D7_05_v3-958920-959168-1B.1","61+9N",138,1,1
"IM-23-122-KGAH","8073804614","Maziba","Pf3D7_05_v3-960810-961048-1B","TAATACAGGAAGCATTTTATAATATGCATACTGTTATTAATTATGGTTTAGAAGATTATTTCTGTAATTTGATAGAAAAAGCTATTGATTATAAAAATAAAGGACAAAAAAGAAGAATTATTGTAAATGCAGCTTTATGGGGATTCAGTCAAAGCGCTCAATTATTTATTAATAGTTT","Pf3D7_05_v3-960810-961048-1B.1","105+8N",339,1,1
"IM-23-122-KGAH","8073804614","Maziba","Pf3D7_05_v3-961511-961758-1B","CTGCAGAAGATTATACTGTATTTAATAATAATGGAGAAATATTATTAGATGATATTAATATATGTGATTATAACTTAAGAGATCTTAGAAACTTATTTTCAATAGTTAGTCAAGAACCCATGTTATTTAATATGTCCATATATGAAAATATCAAATTTGGAAGAGAAGATGCAACATTGGAAGAT","Pf3D7_05_v3-961511-961758-1B.1",".",271,1,1
"IM-23-122-KGAH","8073804614","Maziba","Pf3D7_06_v3-1115900-1116168-1A","ATTTTTTAATAAAGCAGTACCATCTATATCTCTTCCTTTTTTTAAAACACATAAAGTTTCATCAAAATTGCTTGTGCTATTTTTATCAGGTTCAGGAAAATATTGTTTATTTGGAGAATATCCATTCTGATTACAAGTTATAATATTATTAATATTTATAAATTTTTTGTTTGTTTTTAAATCACCAAATTGATTATCGTTAT","Pf3D7_06_v3-1115900-1116168-1A.2","1+8N36+9N114G162+12N",66,0.970588235294118,2
"IM-23-122-KGAH","8073804614","Maziba","Pf3D7_06_v3-1115900-1116168-1A","ATTTTTTAATAAAGCAGTACCATCTATATCTCTTCCTTTTTTTAAAACACATAAAGTTTCATCAAAATTGCTTGTGCTATTTTTATCAGGTTCAGGAAAATATTGTTTATTTGTAGAATATCCATTCTGATTACAAGTTATAATATTATTAATATTTATAAATTTTTTTTTTGTTTTTAAATCACCAAATTGATTATCGTTAT","Pf3D7_06_v3-1115900-1116168-1A.1","1+8N36+9N162+12N",2,0.0294117647058824,2
"IM-23-122-KGAH","8073804614","Maziba","Pf3D7_06_v3-1128558-1128797-1A","ATTGAATCGTTGGTGTTTATTTTATTATTCCTCTTTTGTTTTTCAATGAATACAAATGTTTCATCGACACTATCTTTATGATCTATTGGTATGGCATGATTTTCTAAATTGCTATTTCTTTCATTAGAATTGTATTTTTCACTATTATAGGTTGAGATTTTACTACATTTTATATTTTT","Pf3D7_06_v3-1128558-1128797-1A.2","157A",354,1,1
"IM-23-122-KGAH","8073804614","Maziba","Pf3D7_06_v3-1135605-1135855-1A","TATAAAGAATTTATACCACCTAAATTGTTAACATTAGAAGTATTATTTGTTTCTGTATTTTCTTGTAACGTATTTGTATTATTAATATTGTTAGATGAAATATTATGACTATTTCTTCTATTTGTTATATTTAAATTGTAAATAGTTTCATTACTAACACTACTGATACCATTGAAATGATTATTTAG","Pf3D7_06_v3-1135605-1135855-1A.1","172T",156,1,1
"IM-23-122-KGAH","8073804614","Maziba","Pf3D7_06_v3-1136091-1136364-1A","CATTATTTTTGTATCCAACGTCGTTATTATTAAAACTTATTATTTGATTAATAACTGACGAACCACATATATTTACACAATGGAATACATAACTTAAGAAAGAGTAGTAATTGCATTTTACTTTTTGCATTTTCCCTCTGGTGGAGAAATAATTATTATGCTGCTTATTACTCTTTGTATTATGATAATTTTTGGTAATCATTTTTTTT","Pf3D7_06_v3-1136091-1136364-1A.1","173C201+9N",157,1,1
"IM-23-122-KGAH","8073804614","Maziba","Pf3D7_06_v3-1140900-1141174-1A","CTTCCATGTGAGCTTCAAAATCGTCTGAAGGTCGACTAGACATGAAAAATTCAGATTGAGGTAAATCATCAAATGGATGATTTCTATATGATATTCTAGGTATTAATCCTAAGATATTATTTATGCTATTACATTGAGAATTTCCTTCATTGGTTGTGGTACTTATATCCACATTTTGGTGATCATCAAGATATAATGTATTTTCTTTAGAACTT","Pf3D7_06_v3-1140900-1141174-1A.1","189A",56,1,1
"IM-23-122-KGAH","8073804614","Maziba","Pf3D7_06_v3-1192628-1192867-1A","GATTATATATTTCTATATTTTAATAAGAATGCGTTACACAAACATGATGCCTCTAATGAAATGTGTTTTGTGAAAAACGAAGATTCTACACGCACAAAAGGACATATGAATGATGAACAAAATGATTTATATAAAATAAATAATAATACAACATATTTTTTTAACAAAAACCACT","Pf3D7_06_v3-1192628-1192867-1A.1","30T155+9N",416,1,1
"IM-23-122-KGAH","8073804614","Maziba","Pf3D7_06_v3-1197245-1197515-1A","CATTAGGAAAAACAACAGAGCCTTCTTCCATACCATAAATACATAAATCATTTCCACTAATCTTTTCTAAATATTGCACAAAAGAATCAATATCATTATAAGATGACATCTTCTTTCTTATAAAATCTAATTGAGCTTTGGTAAATCGAAAACAATTAATATATTTTATTACTTCATATACACCAGCTAATATAGCAAATTGAC","Pf3D7_06_v3-1197245-1197515-1A.1","20G",169,1,1
"IM-23-122-KGAH","8073804614","Maziba","Pf3D7_06_v3-1235395-1235658-1A","GAATATGATAAAATATATATACCAAACAATAAAAATAAAATTAATAATATAAATAATTTTTTAATAAAAAACAATTTGCTGTTGAAATCCAAATTTATGAGAATAACTCCTAATACCTATTTATGTCGTAATTGTGTCCTGTTATATCAAAATGATTTTTCGTATAATACATATGAAGAAGAAATTAATAAAATGG","Pf3D7_06_v3-1235395-1235658-1A.1","56+8N65+8N",32,1,1
"IM-23-122-KGAH","8073804614","Maziba","Pf3D7_06_v3-1282656-1282930-1A","AAGATATGGAAGAAATATGATAAAGAAAACAATAAATATATATTGTCTCATTTTATTCCCCAATTTATTGAAGACTTAAATTTGAAGGATGAATTCCGAAATTTATTTGATGGATTTGTAAATGATTTGGATATTCTATTATATTCAGAATTTAAAGCATTTTATTTACAAATGAAGCAAAAAGATATAAATGAACTGAAAAATTCTGA","Pf3D7_06_v3-1282656-1282930-1A.4",".",60,1,1
"IM-23-122-KGAH","8073804614","Maziba","Pf3D7_06_v3-145285-145531-1A","TCAACAAAAGCTGATGAATCATCATAATTTGAATAAAATTTATCATTCACAATATTATATTTTTGTTTCTTCTTTTTTCCCATAATATTATTATTTTGTTCACAATATATGTTCATGTGTCCCCTCTTTTTCTGTAAAATATTAAAATGTTTCTTACTATGCTTTTCTTCATTTTTAATAACA","Pf3D7_06_v3-145285-145531-1A.1","72+8N165T",459,0.995661605206074,2
"IM-23-122-KGAH","8073804614","Maziba","Pf3D7_06_v3-145285-145531-1A","TCAACAAAAGCTGATGAATCATCATAATTTGAATAAAATTTATCATTCACAATATTATATTTTTGTTTCTTCTTTTTTCCCATAATATTATTATTTTGTTCACAATATATGTTCATGTGTCCCCTCTTTTTCTGTAAAATATTAAAATGTTTCTTAGTATGCTTCTCTTCATTTTTAATAACA","Pf3D7_06_v3-145285-145531-1A.2","72+8N157G",2,0.00433839479392625,2
"IM-23-122-KGAH","8073804614","Maziba","Pf3D7_06_v3-176108-176338-1A","ATTATTATTATTATTATTATGATGATGATGATGATGATCTGTGTTAAGATCATCTTCTATACCATTAGTTAAACATTTTATATTTTTATTCATATAAACATTAATCTTCACAACAGATTTATCAGATCTAGAAAATCTTGTACCTGTTGCTTTATGTAACAATAT","Pf3D7_06_v3-176108-176338-1A.1","1+38N",9,0.0311418685121107,2
"IM-23-122-KGAH","8073804614","Maziba","Pf3D7_06_v3-176108-176338-1A","ATTATTATTATTATTATTATGATGATGATGATGATGATGATCTGTGTTAAGATCATCTTCTATACCATTAGTTAAACATTTTATATTTTTATTCATATAAACATTAATCTTCACAACAGATTTATCAGATCTAGAAAATCTTGTACCTGTTGCTTTATGTAACAATAT","Pf3D7_06_v3-176108-176338-1A.5","1+38N",280,0.968858131487889,2
"IM-23-122-KGAH","8073804614","Maziba","Pf3D7_06_v3-416462-416720-1A","AAGAAAAAATGGACATTGTGGAGAATATAAAAAATAGAGGAAAGGAAAAAACAGAATTAACATATAAAGAAGTATATAAAACACAACAGAATCAAAATGATGCAAGTTTAAATTCATTTTGGGGTGATGAAAAAAAAAATAATAATTATGATATAGATATAGTAAAAGAGAAATATAGTGAGTTAATGAAAAAAAAAGAA","Pf3D7_06_v3-416462-416720-1A.1","3+8N28+8N45+8N129+12N188+11N",88,1,1
"IM-23-122-KGAH","8073804614","Maziba","Pf3D7_06_v3-532166-532407-1A","AGAACAATTGCTAAACACCAAATTGGGTGAAACAAAAAACCACCTGAACAGAACCCCATTTATACCTGAATCGGTCATACGAGAAAGGAAATTACGCCAAGAAAAAGCTCAATCCACAAACAACATGTTCGATTCAACAAACGCAGATAGTATTACGTCCCCATGTGATCCAACGAATGCCACG","Pf3D7_06_v3-532166-532407-1A.8","33+8N",1,0.00110497237569061,2
"IM-23-122-KGAH","8073804614","Maziba","Pf3D7_06_v3-532166-532407-1A","AGAACAATTGCTAAACACCAAATTGGGTGAAACAAAAAACCACCTGAACAGAACCCCATTTATACCTGAATCGGTCATACGAGAAAGGAAATTACGCCAAGAAAAAGCTCAATCCACAAACAACATGTTCGATTCAACAAACGCAGATAGTATTACTTCCCCATGTGATCCAACGAATGCCACG","Pf3D7_06_v3-532166-532407-1A.5","33+8N157T",904,0.998895027624309,2
"IM-23-122-KGAH","8073804614","Maziba","Pf3D7_06_v3-851492-851765-1A","ACAATAGTACATTCTGCATTTACATCACAACCTCCATTATTTTTTGAACAGTTCATATCTTTCATAGGTATACATTTAAAATAATTTACACTCATATCAACTATATAATTAGGTCGGCATCTACATTGTTCTTTATCTTTTTCGACAATATAACAACGTGAATTGGGTCCACATTTGGAATATTCACAAATATAATTTACTTTAAATATAACAAAATTTCTCA","Pf3D7_06_v3-851492-851765-1A.1","39+8N",97,1,1
"IM-23-122-KGAH","8073804614","Maziba","Pf3D7_07_v3-1028330-1028603-1A","TAAAGAATATTTTTATTTCTAATATTATGGCTAAAAGGAAAATTATTTAATTTCATTTTTTGTGGGTTACTTGTATCATTACAACTCATCATCATGACCATATTATTATTATTATTATTGTTGTTGTTGTTGTTGTGGTGGTTCATTACCAATAAATTTGTGTTATTATGTTCATCCTTTTTTATATTAACAATTTCATTTCTATAA","Pf3D7_07_v3-1028330-1028603-1A.2","55+8N101+36N177+8N202C",60,1,1
"IM-23-122-KGAH","8073804614","Maziba","Pf3D7_07_v3-1043981-1044225-1A","ATAATGATATGTTATTTCATCATCAGCATCGACTTCTTTTTTATTATGTTCAAACAAATTCTTATATTTTATATTATTGCATTTTTGTCTTTCCATATTTATAAAAGATTCTATTTTCTTTTTATAATCATTCCTTTTTATATAATTACACATTCCTTCATTTTGGTTGTCATAACTCTTCT","Pf3D7_07_v3-1043981-1044225-1A.1","36+8N",500,1,1
"IM-23-122-KGAH","8073804614","Maziba","Pf3D7_07_v3-105172-105442-1A","GACTACTAACAGAGTGACTACCTACGCTATGTTGAGATGAATTCCTTCCATCTGAATTACTTCCAGATAGGTGATTTTCTGTACTTCCATCTGAATTGTTTTCATATAATTGACTTTCCTTTTGTCCATCTAAATTATGCACTGCACTATGAGTTCCTTCACCCAAATTATTACTGTTTGTTGTATCATCATTTAAATCAAATCCATTTCTT","Pf3D7_07_v3-105172-105442-1A.6","103C",112,0.982456140350877,2
"IM-23-122-KGAH","8073804614","Maziba","Pf3D7_07_v3-105172-105442-1A","GACTACTAACAGAGTGACTACCTACGCTATGTTGAGATGAATTGCTTCCATTTGAATTACTTCCAGATAGGTGATTTTCTGTACTTCCATCTGAATTGTTTTCATATAATTGACTTTCCTTTTGTCCATCTAAATTATGCACTGCACTATGAGTTCCTTCACCCAAATTATTACTGTTTGTTGTATCATCATTTAAATCAAATCCATTTCTT","Pf3D7_07_v3-105172-105442-1A.5","44G52T103C",2,0.0175438596491228,2
"IM-23-122-KGAH","8073804614","Maziba","Pf3D7_07_v3-1066661-1066903-1A","TATAGTTTTGTAATTTATTGGTATGTGTTGTTAAAGGAGAATTTTTTTAATATCCCTTGTCATGGGCAAAATGAGAAAAAAGAAATAAAAAACTTTTATGTTCAACATGAAGATATTTGTGAACACACTATTGGTAATCATATGTTAGGTGATAAATTAAAAATGTGTACATCTAATATTAATG","Pf3D7_07_v3-1066661-1066903-1A.1","4A41+9N75+8N86+8N",570,1,1
"IM-23-122-KGAH","8073804614","Maziba","Pf3D7_08_v3-585703-585949-1A","AAACACATCATCAAAAGTTTCTGATATTGGCTTGTTTGATTCTTTATATTTAAAATCTTTATATAAATAAAATCTATCTTTCTTAAAATATGGATCTTTACGTAGTTCAATCGAATCCCTATCAGTTACAATATTTATATCTTTTAATGTTAAGTGGAAATTAGAATCAATAATAGCTA","Pf3D7_08_v3-585703-585949-1A.3","105G118C",365,1,1
"IM-23-122-KGAH","8073804614","Maziba","Pf3D7_08_v3-585993-586266-1A","TGTAAATATAAATCATACGTATGACATGAATCATCATTTAATGCATTCTTAATTGTTAATGCTAATCTACTTACAATAATATAAGCAAAGTTTATATGAGAATGAATACCTTCTTTTCCTAAAAAGTTATAAAGACTAACAAATGGAGCATATATTATAAATTTATCATACTTTTTTTTGTGCATAACTTCATTTAATAAAATATTT","Pf3D7_08_v3-585993-586266-1A.1","171+10N",148,0.973684210526316,2
"IM-23-122-KGAH","8073804614","Maziba","Pf3D7_08_v3-585993-586266-1A","TGTAAATATAAATCATACGTATGACATGTATCATCATTTAATGCATTCTTAATTGTTAATGCTAATCTACTTACAATAATATAAGCAAAGTTTATATGAGAATGAATACCTTCTTTTCCTAAAAAGTTATAAAGACTAACAAATGGAGCATATATTATAAATTTATCATACTTTTTTTTGTGCATAACTTCATTTAATAAAATATTT","Pf3D7_08_v3-585993-586266-1A.2","29T171+10N",4,0.0263157894736842,2
"IM-23-122-KGAH","8073804614","Maziba","Pf3D7_09_v3-1015103-1015350-1A","ATTATTTAATTTTTCATCTTTTATATTTTTCAGATTTTTTATATGAAGATATAGGAATACAACTAAATTAACAGCTGAAAATAATCTTACTAACAAAAATAATTTGAGGAATTCTTCATCATATAAATCTTTTGGAATATTATTTGTGTATTCATAAATTTCTATTAAGGATATAATAGTTATGA","Pf3D7_09_v3-1015103-1015350-1A.1","34+8N",32,1,1
"IM-23-122-KGAH","8073804614","Maziba","Pf3D7_14_v3-2858894-2859160-1A","ATAGATTTTAATGACATAAAAAACACAACAAATGAGTATAATAATTTTGAGGAACATAATTATCAAGATGATAAATTTATATTTAATAAAGATATACATAATATTCTTTTAGAATTAAAGGAATCATTAAATGACATATCACGTGGAAGACTAAATACATTGATAAGAGATAATAAAATAAGTAGTTATATAATATATCA","Pf3D7_14_v3-2858894-2859160-1A.2","15C17+8N28A188A",3,0.025,2
"IM-23-122-KGAH","8073804614","Maziba","Pf3D7_14_v3-2858894-2859160-1A","ATAGATTTTAATGACATAAAAAACACAACAAATGAGTATAATAATTTTGAGGAACATAATTATCAAGATGATAAATTTATATTTAATAAAGATATACATAATATTCTTTTAGAATTAAAGGAATCATTAAATGACATATCACGTGGAAGACTAAATACATTGATAAGAGATAATAAAATAAGTAGTTGTATAATATATCA","Pf3D7_14_v3-2858894-2859160-1A.1","15C17+8N28A",117,0.975,2
"IM-23-122-KGAH","8073804614","Maziba","Pf3D7_14_v3-293575-293829-1B","TTTTGTAGTGTAATGTGTGGTTTATTTTATTATGTGTATGAAAATGTATGGCTTCAAAGAGATAATGAAATGAATGAAATTTTAAAAAATTCCGAACATTTAACTATTGGATTTAAAGTTGAAAATGCACATGATAGAATTTTGAAAACTATAAAAACACATAAATTAAAAAATTACATTAAAGAAT","Pf3D7_14_v3-293575-293829-1B.1","83+8N167+8N",66,1,1
"IM-23-122-KGAH","8073804614","Maziba","Pf3D7_14_v3-294503-294768-2","CAGAATTTAGATGTTATCAAAGTCCCATTCTTACCTTTCTATGTAACTCTTTGTAACAACAGCAAATTACCAACTTTTGAATTTACCTCAGAAAATGGTAAATACACATTAGAACCTGAATACTACCTTCAACACATAGAAGATGTTGGTCCAGGATTATGTATGCTTAATATCATAGGATTAGATTTTCCAGTACCAACCTTTA","Pf3D7_14_v3-294503-294768-2.1",".",117,1,1
"IM-23-122-KGAH","8073804614","Maziba","Pf3D7_14_v3-294506-294753-1B","AATTTAGATGTTATCAAAGTCCCATTCTTACCTTTCTATGTAACTCTTTGTAACAACAGCAAATTACCAACTTTTGAATTTACCTCAGAAAATGGTAAATACACATTAGAACCTGAATACTACCTTCAACACATAGAAGATGTTGGTCCAGGATTATGTATGCTTAATATCATAGGATTAGATTTTCCAGT","Pf3D7_14_v3-294506-294753-1B.1",".",512,1,1
"IM-23-122-KGAH","8073804614","Maziba","Pf3D7_14_v3-297583-297856-1B","AGGAGGTTTTTCTTATTATATTTTTGAAAATTTCGTTTTTCAAAAGAACCGTAAAATTAATCACATAATTAAGACTTCAAAATATTCGACAGTAGGATTTAATATTGAAAATTCTTATGATAGACTTATGAAAACAATTAAAGAGCATAAATTAAAAAATTATATAAAAGAATCAGTAAAACTTTTTAATAAAGGTTTAACCAAAAA","Pf3D7_14_v3-297583-297856-1B.1","153+8N",47,1,1
"IM-23-122-KGAH","8073804614","Maziba","Pf3D7_14_v3-298368-298636-1B","ACGATTTAATGTGGCAAGTTGATTTAGATGTACATTTTGGTAATGTATCTTCCAAAAAAGCAAACGTTATTTTAGATAGTGCCACCAGTGTCATAACTGTACCAACAGAATTTTTTAATCAATTCGTAGAATCTGCAAGTGTTTTCAAAGTTCCATTCTTATCTTTGTATGTAACCACTTGTGGTAACACGAAATTACCAA","Pf3D7_14_v3-298368-298636-1B.1","53+8N110+8N",135,1,1
"IM-23-122-KGAH","8073804614","Maziba","Pf3D7_14_v3-3124416-3124655-1A","TAATTGATCTTCTAGAGGATTTAGATATTTTGTCTATATCGAATAAAGATGAAGTAGAAAAACGAAGAAAGAAAACAACTCAAGAGACGCGGTTGTTAGGAAATATTGATTTAGGATATGGAAAATTAGGAGAGGGAATAAAGTATGAAAATTTACAGGAAGAATTAGGAAACAGATTATTTG","Pf3D7_14_v3-3124416-3124655-1A.6","20T72A144T",805,1,1
"IM-23-122-KGAH","8073804614","Maziba","Pf3D7_14_v3-3125801-3126073-1A","ATTCTTATAATATTTAAGAATGAAGGGATTAAATATTTACATTTTAGCGACGATACTCTGAAATATGTTAATTTTAATTATCCTGATTTTAACTTATATAAATGTATGAATTTATATAAGAAAAATTATGTTGATAGGGATGAGAAAGATATCTGTGATTTTTCAAATGAAGATATTCCGTTAATAAAAGAAAATAACAAGAGAATCAG","Pf3D7_14_v3-3125801-3126073-1A.7","51C175A",1,0.0238095238095238,2
"IM-23-122-KGAH","8073804614","Maziba","Pf3D7_13_v3-2840462-2840736-1B","AATAAACACATATGTTTATTAATAAAATTGTTAGTTATTTTTATGTATACATAATAAATTAAAGATACTAAAACAATATTTTTAAATGTAAATAAATGAATAATGATATTATTTATATGATTCATCATTCTATATTTTCATGGAAGATTATAAAATTATATATATATATATATATGGTAATTTCTGTGTTTATGTTTTTATTTTTATAATA","Pf3D7_13_v3-2840462-2840736-1B.98","138T149+23N",1,0.25,2
"IM-23-122-KGAH","8073804614","Maziba","Pf3D7_13_v3-388138-388408-1A","ATATATCTTTATTCATATGTTCTATATATTGTCTTTGTCTCTTTTCCTTTCTCATATCAGATATTATTGAATAATTTCCTTTATCACATACATATCTAGGATTATGTGATAATTCATAAGCTGCTCTTTTTAAAACTCTATTCTTTTCTTTAAAACTATTAAATTTTATATTATTGTTCATATTAGATGTGTTCCTTTTAATAATA","Pf3D7_13_v3-388138-388408-1A.1","194C",173,1,1
"IM-23-122-KGAH","8073804614","Maziba","Pf3D7_13_v3-479569-479811-1A","CTAGAGACGAATTTGATGATAAAAGAAAATTAAAAGAAGAGAAAATTAAACAATGCCAACTATTAAATGAAAAACAACTAGAAGAAAAAGAAAAAGAAAAAAGAATTCTGAGAGAAAAAGCTGTTGAATATACCTTACAAAATGAAGAAGAATATAAACAACTAAAACGAAAATT","Pf3D7_13_v3-479569-479811-1A.1","96+8N",350,0.985915492957746,2
"IM-23-122-KGAH","8073804614","Maziba","Pf3D7_08_v3-1099719-1099977-1A","AAAAAATAAAAAATCAAACAAGATAAATAATAATGTATATAATACTAGTGGTATAAAAAATAATGATCAAAATATGGATAATATGAATCAAAAAGGAAAAAGTAACAAAAATTCAAATAAATATAATTTTGATGAAGAGGATTTATGGTTTTTATGTGATTTATGTAATAATCCTATAAGTCCGTTATGTTA","Pf3D7_08_v3-1099719-1099977-1A.4","1+14N54+8N97A",66,1,1
"IM-23-122-KGAH","8073804614","Maziba","Pf3D7_08_v3-1176313-1176549-1A","TACATCCAATGAATATTTTACACTTAAAAGAAATAAACAAATTATTCATAATAAAATACATATACTTTCTATGCAAAAAAATAAACAAAATACAAACGAGCTAAACAAATCATGTAATATTAACGCCATCATATTCAATATTAATTCTGATGATTTTGAGGTAGGCGATGAAATTGT","Pf3D7_08_v3-1176313-1176549-1A.2","74+9N136C",645,1,1
"IM-23-122-KGAH","8073804614","Maziba","Pf3D7_08_v3-1313088-1313338-1A","TGAGAGACATAGATATATGATAGAAAAATGGAAAAAAGAAGATTGGTTTTGTGATTTAAAAGAAACGTTGAAAAATGAATTTGAAGAAGAGATGGATATAGGAAAAGTATCTTTTTTATATGAAAATAATAGAGAGTATGGAAAAAATTTTTATTTGGAAAAGCAAAAAATTATATGGAAAAGATGG","Pf3D7_08_v3-1313088-1313338-1A.6","31+8N89G111+8N141+8N164+8N",108,1,1
"IM-23-122-KGAH","8073804614","Maziba","Pf3D7_08_v3-1314717-1314986-1A","ATAAAAAAGAAAAAATTATTGTCAAAAGTTTTCATAGATATATATATGATGGTATTAGAAGATTTTAAAGAAGAAGAATGTAAAAAAAATAAAGAAATATTTCTTGATACTTATATAGATGAACTAAAAAAAGATTCACAAAGTGAAAAAAATAAAAGCATGTTAAATATATTAGATGAAATAAAAAGTGATATTCATATAGGATATC","Pf3D7_08_v3-1314717-1314986-1A.1","2+15N87A125+9N138A145+9N",21,1,1
"IM-23-122-KGAH","8073804614","Maziba","Pf3D7_08_v3-1344618-1344845-1A","TATCTTTTCCATATATAATAACGCATGAATTCTTTAAATATATCTTTTACTTTATCTGTAAGTTTCATGGAATCTATTATTTCATGTGCATATTTTATTTTTGCCTCGTTTATATATTTACCTGCTTCTAATTTACATAAACATTTTTCTATTAAGTTTTG","Pf3D7_08_v3-1344618-1344845-1A.1","128C",661,1,1
"IM-23-122-KGAH","8073804614","Maziba","Pf3D7_08_v3-1365709-1365954-1B","ATTTTCATCTTGTAATGTGTTTTTAACATTATAGCAGTAATTTTCTAGGTTGTTTCTTGCTTCAATTCTATTTTTATTTTGTTCATCCTCTTCTTTATATTTTTCTGCATCATTTACCATACGATCGATATCATCTTTTGATAATCTTCCTTTATCATTTGTAATAGTAATTTGGTTTTGT","Pf3D7_08_v3-1365709-1365954-1B.1",".",239,1,1
"IM-23-122-KGAH","8073804614","Maziba","Pf3D7_08_v3-1365750-1365999-2","TTTCTAGGTTGTTTCTTGCTTCAATTCTATTTTTATTTTGTTCATCCTCTTCTTTATATTTTTCTGCATCATTTACCATACGATCGATATCATCTTTTGATAATCTTCCTTTATCATTTGTAATAGTAATTTGGTTTTGTTTACCAGTACCTTTATCTAATGCTGTTACATTTAGGATACCATT","Pf3D7_08_v3-1365750-1365999-2.1",".",164,1,1
"IM-23-122-KGAH","8073804614","Maziba","Pf3D7_08_v3-1366575-1366822-2","TTTAGCTTTTTCACATTGTGTTCTTAATCTTCTTAATGATTTTGAATTTTTGGAAACATCTTTACCTCCATTTTTTTTTTTAAAATCTTGTACACAGAAGTTTACTAATTTATTATCAAAATCTTCTCCTCCTAAATGTGTATCTCCTGAGGTAGCTTTAACTTCAAAAATTCCATCTTCAATTGTTAATAAGG","Pf3D7_08_v3-1366575-1366822-2.2","70+13N183T",254,1,1
"IM-23-122-KGAH","8073804614","Maziba","Pf3D7_08_v3-1366626-1366856-1B","CTTTACCTCCATTTTTTTTTTTAAAATCTTGTACACAGAAGTTTACTAATTTATTATCAAAATCTTCTCCTCCTAAATGTGTATCTCCTGAGGTAGCTTTAACTTCAAAAATTCCATCTTCAAGTGTTAATAAGGAAACATCAAATGTTCCTCCTCCTAAATC","Pf3D7_08_v3-1366626-1366856-1B.1","11+13N",2,0.0147058823529412,2
"IM-23-122-KGAH","8073804614","Maziba","Pf3D7_08_v3-1366626-1366856-1B","CTTTACCTCCATTTTTTTTTTTAAAATCTTGTACACAGAAGTTTACTAATTTATTATCAAAATCTTCTCCTCCTAAATGTGTATCTCCTGAGGTAGCTTTAACTTCAAAAATTCCATCTTCAATTGTTAATAAGGAAACATCAAATGTTCCTCCTCCTAAATC","Pf3D7_08_v3-1366626-1366856-1B.2","11+13N124T",134,0.985294117647059,2
"IM-23-122-KGAH","8073804614","Maziba","Pf3D7_08_v3-1370603-1370853-1B","AAAAGTAATTAAAAAAAAAAAAAATGAAAATAAAAAAAAACATTACATATTTTTTTATGTATAAAATATTTTAAAGCACTGAGATTATTTATGTTATAAATTAATTGAATGTTTAAAAGATTATAAAATTTTATTTATGAAAATATATGAATATATATAATATAAGCAGGTATTAAATAACCAAATAATAT","Pf3D7_08_v3-1370603-1370853-1B.2","10+32N49+9N",24,0.631578947368421,2
"IM-23-122-KGAH","8073804614","Maziba","Pf3D7_08_v3-1370603-1370853-1B","AAAAGTAATTAAAAAAAAAAAAATGAAAATAAAAAAAAACATTACATATTTTTTTATGTATAAAATATTTTAAAGCACTGAGATTATTTATGTTATAAATTAATTGAATGTTTAAAAGATTATAAAATTTTATTTATGAAAATATATGAATATATATAATATAAGCAGGTATTAAATAACCAAATAATAT","Pf3D7_08_v3-1370603-1370853-1B.1","10+32N49+9N",14,0.368421052631579,2
"IM-23-122-KGAH","8073804614","Maziba","Pf3D7_08_v3-1370814-1371045-2","TGTTGCAATATATTACTAAAAAATAGAATTATTATGTTATTTTGATCATATGGGAATACATTTAAATATTTATATTCTGATGAATATTCTTATAAAAAAAAAAGGGGGGGGGGAAATAATACGTTCATGATTTATTTATATTTCAATATATTTTCTATTTTGCGA","Pf3D7_08_v3-1370814-1371045-2.2","17+8N93+21N",17,1,1
"IM-23-122-KGAH","8073804614","Maziba","Pf3D7_08_v3-1375205-1375450-2","ACAAAAGTACGGAGGCAAAAACGGCAGCGGATAATACTTTATTTTTTGAGAAGGAAACCATTTTTATTAAATAACTATATAAATAGAAAAAGAAATAATAACAAAAATGTATAAATATAATTGTATAATATATGATATATATAAAATATAGAATACTAATTTTTTGCATATACAAAAAA","Pf3D7_08_v3-1375205-1375450-2.1","41+8N159+8N173+7N",75,1,1
"IM-23-122-KGAH","8073804614","Maziba","Pf3D7_08_v3-1386786-1387035-2","TTGTCTCCTTTGTCGCAGCATGCCTTTCATTAGCTGCTATAGCTTGTGTTATCTTAACTTCATTATAAAAAAAATATACTTCGATAAAAGGTACATATACCATGCTGGTCAATGATATTAGCATGCGACATTCTAATATATCCATTATGAACAAGGTGAACAAGAATATTGGGATTATTGAAATTGT","Pf3D7_08_v3-1386786-1387035-2.1","66+10N",140,1,1
"IM-23-122-KGAH","8073804614","Maziba","Pf3D7_08_v3-1386795-1387043-1B","TCCTTTGTCGCAGCATGCCTTTCATTAGCTGCTATAGCTTGTGTTATCTTAACTTCATTATAAAAAAAATATACTTCGATAAAAGGTACATATACCATGCTGGTCAATGATATTAGCATGCGACATTCTAATATATCCATTATGAACAAGGTGAACAAGAATATTGGGATTATTGAAATTGTCTGCATTA","Pf3D7_08_v3-1386795-1387043-1B.1","61+10N",228,1,1
"IM-23-122-KGAH","8073804614","Maziba","Pf3D7_08_v3-336421-336651-1A","TAACAACGAACCCATAAATTTACAGAAAAATTTAGATTTAATCATATGGCTAAAAAAGAATATAAAAGAAGGAGAAGCTTTAATTTCTGATATACCTACATCAAGTTTTTTAAGGTGTACTACAAATTATAAATTTGTATTGCATCCCCAATATGAAGATAGT","Pf3D7_08_v3-336421-336651-1A.3","51+8N97T105+8N148C",633,1,1
"IM-23-122-KGAH","8073804614","Maziba","Pf3D7_08_v3-399693-399961-1A","CTTTTCTTCACCTTGGTTTATTACATTATTATTTTCATCATTGTGTTGAATGTCCTTATAAATATGTTCATTAATAATATCTTTGGAAGTATCTTCCATATTTTCTTCTTTATCAATTTTAAATACTTTTTCATAACTTTCATTTTCTTTTTTCTCCTTGGATGTTTCTAATTTATTCTCGTCATTTTTATCAAAATTATTTTTATAACTTTCA","Pf3D7_08_v3-399693-399961-1A.1","147+8N",145,1,1
"IM-23-122-KGAH","8073804614","Maziba","Pf3D7_08_v3-412801-413062-1A","ATGAAGAAATATACGAATATATACTTATAAACGATATTTTTAATTTAAAAAAAGAAATAAAAAATTTCAATATATTAAATAAATATGATGTATTTGAATATATTATTATTATTTTAAAATTGTATGATAAAATATATCCTGATGCAGAGTACATCGAATGTGTACGAGAAACATCACAGAATGGTGACCTTTTA","Pf3D7_08_v3-412801-413062-1A.4","46+9N58+8N101+13N147G188C190T",20,1,1
"IM-23-122-KGAH","8073804614","Maziba","Pf3D7_08_v3-476232-476475-1A","CAAACACATGATAAACAAAAGTGTAAGGAAAATTTTTCAAATTCATTTGTTAATGAAATATATGAAAAAGAAGAAAAAGAAACGCAAAAAATGAAAGAATATTTAGAACAACATGAAGAACATTTTTCAACGTTTAGAAATTCAATTTTATGTAAATTAAGAATAGCTGAAGAATT","Pf3D7_08_v3-476232-476475-1A.1","85+8N",293,1,1
"IM-23-122-KGAH","8073804614","Maziba","Pf3D7_08_v3-549583-549807-1B","ACGTGCTGTTCAAAGAATGTTTGAAATGATAAATGAAGGTGCTAGTGTTATAGATATAGGTGGAGAATCCTCTGGTCCTTTTGTTATACCTAATCCAAAAATTAGTGAAAGAGATTTAGTAGTACCTGTATTACAATTATTTCAAAAAGAATGGAATGATATAAA","Pf3D7_08_v3-549583-549807-1B.1",".",803,1,1
"IM-23-122-KGAH","8073804614","Maziba","Pf3D7_08_v3-549960-550215-1B","GATGAACTAACAAATTATGATAATCTAGTTTATGATATAAAAAATTATTTAGAACAAAGATTAAATTTTCTTGTATTAAATGGAATACCTCGTTATAGGATACTATTTGATATTGGATTAGGATTTGCGAAGAAACATGATCAATCTATTAAACTCTTACAAAATATACATGTATATGATGAGTATCCACTT","Pf3D7_08_v3-549960-550215-1B.1","4G38+8N",123,1,1
"IM-23-122-KGAH","8073804614","Maziba","Pf3D7_08_v3-550057-550318-2","ACTATTTGATATTGGATTAGGATTTGCGAAGAAACATGATCAATCTATTAAACTCTTACAAAATATACATGTATATGATGAGTATCCACTTTTTATTGGATATTCAAGAAAAAGATTTATTGCCCATTGCATGAATGATCAAAATGTTGTAATAAATACACAACAAAAATTACATGATGAACAACAAAATGAAAATAAAAATA","Pf3D7_08_v3-550057-550318-2.1",".",169,1,1
"IM-23-122-KGAH","8073804614","Maziba","Pf3D7_08_v3-585331-585590-1A","TGAAAACTTTTCATGTACGGTTAATAAACAAAATAATTCTGAATTATATATAAGTAAAACTTCTTCTACATCTCTAAATTTATGCATTGTAGCTCTTTTAAGATAATAAGGCAAATATTTTACAATATATTTTTGTTTAAAAAAACCTTGATGACCAACATTAATATCTTCCATTTTGGAAAAGGTTCCACTTAACG","Pf3D7_08_v3-585331-585590-1A.1","138+9N",230,1,1
"IM-23-122-KGAH","8073804614","Maziba","Pf3D7_13_v3-1726174-1726408-2","TTTCTAATTCTTTGTACAATCGTACTCTTTCCATTTCTAGTTCTTTCTTATCTTTAAATAATTTATCTTTTTCTCGAATAAAATTCATTTGTGTCTTTTTTAACCAATTAATAAATGTAATTCTTAAATCACCTACCATATTTTCAAAATCACTAGCATCACTTAAT","Pf3D7_13_v3-1726174-1726408-2.1","95+8N",501,1,1
"IM-23-122-KGAH","8073804614","Maziba","Pf3D7_13_v3-1876391-1876664-1A","AACTATCTGTAAAAGTATGTTTAGAACTAACATTTGAAGAGAAGTTACATCCGTGTATGACTTTTTTTTCATATTTTGGTTTTAAAACTATTTTATAATTATTATTTTTAAATTTGCATGTACATTCTGTATTAACATCTTTTGATGTAACATAAAATGGAGCTTTAAAGATAGTTAAGTTTTTATGATAAATTATTTTATTACTTTTATATA","Pf3D7_13_v3-1876391-1876664-1A.1","61+10N",57,1,1
"IM-23-122-KGAH","8073804614","Maziba","Pf3D7_13_v3-2114242-2114482-1A","CTTCCATTAACTCAATATATAATTTATTAATAATTTTTAATTTGTTTATTTCAAAAAGGCATAGTTTTAACAAGGCTCTTAAGGTTCTATTACCCCCTAAGAGGTTAAAATGAATATTTCCTTTTTCTCGTATATGCAAAAAATCCCTTAACAATAAATCATATTCATCAGTATGAAATGT","Pf3D7_13_v3-2114242-2114482-1A.2","137+8N",8,0.0225352112676056,2
"IM-23-122-KGAH","8073804614","Maziba","Pf3D7_13_v3-2114242-2114482-1A","CTTCCATTAACTCAATATATAATTTATTAATAATTTTTAATTTGTTTATTTCAAAAAGGCATAGTTTTAACATGGTTCTTAAGGTTCTATTACCCCCTAAGAGGTTAAAATGAATATTTCCTTTTTCTCGTATATGCAAAAAATCCCTTAACAATAAATCATATTCATCAGTATGAAATGT","Pf3D7_13_v3-2114242-2114482-1A.7","73T76T137+8N",347,0.977464788732394,2
"IM-23-122-KGAH","8073804614","Maziba","Pf3D7_13_v3-2114829-2115090-1A","ATTCAATATATATAAAAATATAGCTAATAAACATTTCAAATCTCCATTAAGAACTTTATTCATCTTAACAAAAGCTCTATGAACTTCTGTATCTATAGTCGATTTTGTTATTCTAAGCATATCATTAAGTAAAAAATTTACGGTATCGACATTAACAGTGTAATAATTTCTTCCTAAATTTAAATGTTCTAAATAATTCAA","Pf3D7_13_v3-2114829-2115090-1A.1","130+8N192A",198,1,1
"IM-23-122-KGAH","8073804614","Maziba","Pf3D7_13_v3-2504481-2504734-1B","TAAAATGTGTTGATGATTTTAACAATATGGTTATAACGATAAAAGAGGAAGTAAACAATCATTGGGAAAATAATATATACAATAAAAAGGATATGGTTAATTATACAAATGAAAATTATAATGATAATATATTAACATATGAATATATTAATGAAACACTTAGAAAAGAAAAAAAAAGATATTATA","Pf3D7_13_v3-2504481-2504734-1B.1","168+11N",75,1,1
"IM-23-122-KGAH","8073804614","Maziba","Pf3D7_13_v3-2545065-2545291-1A","ATGATTCCTCAAAAGTTTAACATTCCACATAGTATCTGTTAAATTGATAGTTTGCAAACAATTATACGTTTCGTTATTTTTATTTTTAAAAAAGGATATATGATCATCTAAAGATTTATTTTTGAGAAAGATTTCCATATATTCATATATATCATGAATACACCA","Pf3D7_13_v3-2545065-2545291-1A.7","72C87+8N154A",646,1,1
"IM-23-122-KGAH","8073804614","Maziba","Pf3D7_13_v3-2770591-2770863-2","ACACATCGATTTTATCAAAAGGAAATATTCCAAGAAATATTTTTAAAAAAAAATAGTGAGTTAGATGATCACGTATGGAATATAGAAAGTATTACTACGAATATATTAGAGAGGAATAAATTAAGTGATCAAAATAATGAAGATAACCATGATGTTAATAATAATAATGAAGACCCATCTGGGGGTAATTTAAAAACCAATCTAAT","Pf3D7_13_v3-2770591-2770863-2.1","44+11N156+13N",105,1,1
"IM-23-122-KGAH","8073804614","Maziba","Pf3D7_13_v3-2770621-2770854-1B","ATTCCAAGAAATATTTTTAAAAAAAAATAGTGAGTTAGATGATCACGTATGGAATATAGAAAGTATTACTACGAATATATTAGAGAGGAATAAATTAAGTGATCAAAATAATGAAGATAACCATGATGTTAATAATAATAATGAAGACCCATCTGGGGGTAATTTAAAAAC","Pf3D7_13_v3-2770621-2770854-1B.1","18+11N130+13N",134,1,1
"IM-23-122-KGAH","8073804614","Maziba","Pf3D7_13_v3-2780346-2780575-1B","GTTGGATAGAATGCCCGACTACGGATCGGGAGGTCGTGGGTTCGACTCCTGCCCGGCCTAATTTTTTTCGTTTTCCTTTTTAAAGTAAAAAAGGATAATATTTTTAAAAAACATTTAGTATATATATTTTTTTTAAATAATAAATCTATTATATTATTAAATATTATGAGAAGA","Pf3D7_13_v3-2780346-2780575-1B.2","61+9N76C86+8N105+8N126+10N",257,1,1
"IM-23-122-KGAH","8073804614","Maziba","Pf3D7_13_v3-2814583-2814832-2","TCAGTCTTCTAATTCTAGCGATAATGATCCTGCAGTAGTAAGTGGTAGAGAATCTAAAGATGTAAATCTTCATACTTCTGAAAGGATTAAAGAAAATGAAGAAGGTGTGATTAAAACAGATGAAAGTTCAAAAAGTATTGAAATTTCTAAAATACCATCTGACCAAAATAATCATAGTGATTTATCACAG","Pf3D7_13_v3-2814583-2814832-2.2",".",431,1,1
"IM-23-122-KGAH","8073804614","Maziba","Pf3D7_11_v3-1019050-1019319-1A","TCAAAACTTATTGCTACCGTAATACCTAAAGGAGGCATTTTACATAATCTTTTTACACTCGTAAGAATATTATTATAAAAGATTTCTTGATATCTATCATACATATGAATATTATTTAGAGATTTATATATATTATTATTTTGTTCATATAATAATATATTATTTAAAGACTTATCCATAATTTTTGTACATTTTATATTTTCTATA","Pf3D7_11_v3-1019050-1019319-1A.1",".",18,1,1
"IM-23-122-KGAH","8073804614","Maziba","Pf3D7_11_v3-1127074-1127316-1A","AACATTTTAATAGTCCTAATTTCGAAAATATGATGAAAGGAATTTTTGGAATTATTCAAAATCCTTTTGAAAATGGCCAACCCACTTTCCCATTCTTTAAAAATATTAATTCGATCTCTGGAATCGGTAATGTTGATATCCCCAAAAATTTTATGAATGATTTTTTGAATAATGGAAATGATCAAAACA","Pf3D7_11_v3-1127074-1127316-1A.5","42A160+8N",1,0.00231481481481481,2
"IM-23-122-KGAH","8073804614","Maziba","Pf3D7_14_v3-3125801-3126073-1A","ATTCTTATAATATTTAAGAATGAAGGGATTAAATATTTACATTTTAGCGAGGATACTCTGAAATATGTTAATTTTAATTATCCTGATTTTAACTTATATAAATGTATGAATTTATATAAGAAAAATTATGTTGATAGGGATGAGAAAGATATCTGTGATTTTTCAAATGAAGATATTCCGTTAATAAAAGAAAATAACAAGAGAATCAG","Pf3D7_14_v3-3125801-3126073-1A.3","175A",41,0.976190476190476,2
"IM-23-122-KGAH","8073804614","Maziba","Pf3D7_14_v3-3214249-3214516-1A","TAAATAAAAAAGGATTAGATGATTTAATAAAAGATTTGTTAAAATATTTTCCAAAGAATTCAATTAGCGATCGTTTTGAATTGTTAGAATTTAAAATGACGGAGGATTGTTATACAAAAATGTGGTTTGATTTTATGAGTGATTTTGGAATAGCTACAATGAATGAAACCGAACATACTAGATCTTTTTATGGCTTAATCGAA","Pf3D7_14_v3-3214249-3214516-1A.1","5+8N194C",287,0.972881355932203,2
"IM-23-122-KGAH","8073804614","Maziba","Pf3D7_14_v3-3214249-3214516-1A","TAAATAAAAAAGGATTAGATGATTTAATAAAAGATTTGTTAAAATATTTTCCAAAGAATTCAATTAGCGATCGTTTTGAATTGTTAGAATTTAAAATGACGGAGGATTGTTATACAAAAATGTGGTTTGATTTTATGAGTGATTTTGGAATAGCTACAATGAATGAAAGCGAACATACTAGATCTTTTTATGGCTTAATCGAA","Pf3D7_14_v3-3214249-3214516-1A.2","5+8N169G194C",8,0.0271186440677966,2
"IM-23-122-KGAH","8073804614","Maziba","Pf3D7_14_v3-377765-378020-1A","AAAGATATATCAACTGAAAAGATTTTATCAAATAATTGCTTTAATAATAAGTTAAAAAATTGATTTCCAATATCTATCATATTCATATAATCTAATGATTTAAAAATATATAATATACTCTTTGGACTAAATTTTAATTCATCATTTATTATTTTCTCTTTTACTATTGCTTTAATTTGATTAAAATATATAA","Pf3D7_14_v3-377765-378020-1A.2","21G53+8N71T",40,1,1
"IM-23-122-KGAH","8073804614","Maziba","Pf3D7_14_v3-407306-407542-1A","CTTTCTTTCGTCTTTCTGTTCATTATCCATATAATCTTTTTCTCCTTCCTTTTCATTCTTTACTTTATTTCTATTAATACACAACTCTCCTTGAGTTAAGAGATTTACGATATTATCAATATTGTTTTCTTTCATATACTTCAACTTTTTACTATTCATTTTTAAAAGA","Pf3D7_14_v3-407306-407542-1A.1",".",411,1,1
"IM-23-122-KGAH","8073804614","Maziba","Pf3D7_14_v3-421322-421547-1A","TAAGAAAGATGAAGTAATAGAAAAAACTGAAGTATCAAAGAAAACATTTTCAGGTATAGGTTTTAATCTTACTGAAAAAGAAGCTAAAGTATTAGGTGTAGGTGTAACCTATCAAGAATATCCAGAAACCATGTTATATAACTGTCCAAACAATTCTA","Pf3D7_14_v3-421322-421547-1A.2","20+8N76A",301,1,1
"IM-23-122-KGAH","8073804614","Maziba","Pf3D7_14_v3-771407-771633-1A","ACCCACGGGACATTTTAATTTATACCTATTGGAACATTTTTTATTAGGTCTTTCTTTATGATTCTTCTTTAAAATAGGTTCATCATTATTTGAGTAAACTAACAGATTATTATCGTTCTCAAAATTATTATAACCATCAATATTTTTATTTCCATATACATCTATAA","Pf3D7_14_v3-771407-771633-1A.1","36+8N",932,1,1
"IM-23-122-KGAH","8073804614","Maziba","Pf3D7_14_v3-921176-921432-1A","ACAATATTAATTTTATAAGTTCATTATTTCAATTTTATATTTAGGAGGATCTATATCCATATATTATTCATTTTAAAAATATTAAAATAAATACATATATAAATATATAAACATATAAATACAGTCTTTTAAAAATTAATAAGATTTATATAAAATATGGTTATAAATCCTATTTTGTATTATATTAAA","Pf3D7_14_v3-921176-921432-1A.8","120T186T",38,1,1
"IM-23-122-KGAH","8073804614","Maziba","Pf3D7_10_v3-992596-992869-1A","GAAAATAATAAAATGCACAGTATCAATTCTGATAGAAATAAAAATGATTATATTCCATCTTCCTATTTACATACAATATATAAAACATTTAGCGAACATATAAACCGAGATAATGGAAATATTTATGATGATGAAAAAAAAAATTTATATGATGGAACTGTTTTTTATATAGAAACATTAAACGAATTAAGAATTATAAATATATTATTTTCA","Pf3D7_10_v3-992596-992869-1A.1","133+12N160+8N",22,1,1
"IM-23-122-KGAH","8073804614","Maziba","Pf3D7_11_v3-1006693-1006917-1A","GTGGGGGAGAGAATTTTACCTTGATATGCTCCCATGTTTTATCCTTTATACAATACATATAAGTGTCATTGGTAATATATGACCCTCTTTTACCTCCGTAAAGAAATAAACAATCTTCTTTTTTTTCAGTGGAGTAAATTAAATTTAATTTTGCAAAATAGCGTGG","Pf3D7_11_v3-1006693-1006917-1A.1","118+10N",963,1,1
"IM-23-122-KGAH","8073804614","Maziba","Pf3D7_11_v3-1018781-1019053-1A","TTTTTGATTCATATCATTATCATAATTATATATATATTGATCTCTGTCTATATGGGGAGCAAAAAAATATAAAGGATGTTGTGTTAAGGCTAATAATAATTCTGTAGCTATACTACTACTTATGTTACTTATACCACATCTAGTGACTGTACATTTTTCATCTAATGTTCTATAGGATAAAGAATCTGAAGGACAATGCATATCAT","Pf3D7_11_v3-1018781-1019053-1A.2","60+9N",35,1,1
"IM-23-122-KGAH","8073804614","Maziba","Pf3D7_13_v3-1725379-1725652-2","ATTATTTCTTCTAGGTATATTTAAATTACTTGAAACATACCATACATCTCTTAAACGATCATACACCTCAGTTTCAAATAAAGCCTTATAATCATAGTTATTACCACCAAAAACGTATAAGAAATTATTCAATACAGCACTTCCAAAATAAGCTTTTTTGGTAGACATAGGTGTACACATACGCCAGCATTGTTGACTAATATCTAATAATTCCA","Pf3D7_13_v3-1725379-1725652-2.1","153+8N",68,1,1
"IM-23-122-KGAH","8073804614","Maziba","Pf3D7_13_v3-1725464-1725719-1B","ATCATAGTTATTACCACCAAAAACGTATAAGAAATTATTCAATACAGCACTTCCAAAATAAGCTTTTTTGGTAGACATAGGTGTACACATACGCCAGCATTGTTGACTAATATCTAATAATTCCATCGAATTTAAATATTCTACACCATCAAATCCACCTATACAAAATACTAATGGGAATGGTAAAAATTTAATACCA","Pf3D7_13_v3-1725464-1725719-1B.1","63+8N",147,1,1
"IM-23-122-KGAH","8073804614","Maziba","Pf3D7_11_v3-1127074-1127316-1A","AACATTTTAATATTCCTAATTTCGAAAATATGATGAAAGGAGTTTTTGGAATTATTCAAAATCCTTTTGAAAATGGCCAACCCACTTTCCCATTCTTTAAAAATATTAATTCGATCTCTGGAATCGGTAATGTTGATATCCCCAAAAATTTTATGAATGATTTTTTGAATAATGGAAATGATCAAAACA","Pf3D7_11_v3-1127074-1127316-1A.1","13T160+8N",431,0.997685185185185,2
"IM-23-122-KGAH","8073804614","Maziba","Pf3D7_11_v3-115913-116184-1A","ACCTCCAGATGTTATAAATATTATATTATCATCATCATTTGGAAGGAAATTCTCCTCTAATGTTTTTAATATTTCATCTATATTTTTAGGTCTCAATTTACTATTGAAAAATTTTGAATACTTCAAAAAATAATCATCATCTTTTACATTACATATATTATCATTATTTTCATTTTGTTTTAGTAGTTCATCTTTTATATTATC","Pf3D7_11_v3-115913-116184-1A.4","7A124+8N",41,1,1
"IM-23-122-KGAH","8073804614","Maziba","Pf3D7_11_v3-119432-119705-1A","CTCCTTTATATTCATCAAGAAATTTCATCCAAGAGTAATTATGTTTTTCTTGTTGATATTTTGCTTTATACAAACGAGCAAGATACTTTTTATACGATTCATGCTCTTTAATTTTCTTTTCAAAAGTTTTGGTTATAATGTGTTCAAGTGATTGTAAAGTATTTTTCTTTAATTTTCTCCATATTAATCTACATGCGATTATAAGAA","Pf3D7_11_v3-119432-119705-1A.1",".",97,1,1
"IM-23-122-KGAH","8073804614","Maziba","Pf3D7_11_v3-1293919-1294168-1A","TCCATATCAAAATAGTGATGTGTATCGTCCAATCAACGAACATAGGGAACATCCAAAAGAATACGAATATCCATTACACCAGGAACATACATACCAACAAGAAGATTCAGGAGAAGACGAAAATATATTACAACACGCATATCCAATAGACCACGAAGGTGCCGAACCCGCACCACAAGAACAAAATTTAT","Pf3D7_11_v3-1293919-1294168-1A.20","126T",437,1,1
"IM-23-122-KGAH","8073804614","Maziba","Pf3D7_11_v3-1294664-1294910-1A","AAAAGATAAATTATTTGAAAACTATACATATTTAAGTAAAAATGTAGTTGATAACTGGGAAGAAGTTTGCCCTAGAAAGAATTTAGAGAATGCAAAATTCGGATTATGGGTCGATGGAAATTGTGAAGATATACCACATGTAAATGAATTTTCAGCAAATGATCTTTTTGAATGTAATAAATTAGTTTTTGAATTG","Pf3D7_11_v3-1294664-1294910-1A.12","9A12T17G40A62G86G152T159A",868,1,1
"IM-23-122-KGAH","8073804614","Maziba","Pf3D7_14_v3-120101-120365-1A","TTTTACAACATTATTTTTTTCTTCCTCCTCAGATAAAATAGGTACACATATCGCGTCCTTATCACATCCTCCATTGTTTACCTTACAATGTTCTTCGCATTCGAAATTTTTTTCAGGATTACTTGAAAAGCCTTCTGGACAATTACAATATTCATATCCATGAACATTCTTACAAACACCTTTTCCACAATTTAAAA","Pf3D7_14_v3-120101-120365-1A.3","13+9N106+9N164A165C",88,1,1
"IM-23-122-KGAH","8073804614","Maziba","Pf3D7_14_v3-137398-137668-1A","ACCATTCATATTTTCTAGGTTTGTTTAACCAATTACATATATATAATATATTACAAAATAATTGTTTTAATAATATATGTTTAGTTAATATTAATTCAATACTACTTAATTTATTTCTTATATTTTTTAAAAGATCTTCATAAACAAAATCAAAATTATCTATTAATAATAAATAACCAAATCTTTTATGCACATTTTTTATTC","Pf3D7_14_v3-137398-137668-1A.1","122+8N191C194+8N",10,1,1
"IM-23-122-KGAH","8073804614","Maziba","Pf3D7_14_v3-1392837-1393086-1A","ACATGTATTGTCCCCAGCATGAATCGGGTGATAAATATTATCAAGCGTATCAAAAAATGGATTGTAATTATTACTACTATTCATATCATTATTTTTTGTGGTGGTGGACTGTGAAATGTTTTCCTTATGATTTTGACTTGTGTGTATATCCCTACCAACAACATATTCAACATTATTATTATCAAAAA","Pf3D7_14_v3-1392837-1393086-1A.2","51+8N91+8N",371,1,1
"IM-23-122-KGAH","8073804614","Maziba","Pf3D7_14_v3-1956056-1956330-1B","CTAATTTTTTTTCTCCACTTTGTAATTTTTATTGTTGAATATATATATAAAGTTAAACCTATAAATAATACACTACCTAATAAACTATTCTTATATTTAAAAATAAATATAATACATGTTATTAATCCTTCTATTGTTGCCGGAATAATATACATTAAAACAGAACTCATCAAATTATTAGCACTCTCGGTACCTCTATCAACTATTCTCA","Pf3D7_14_v3-1956056-1956330-1B.2","4+10N",49,1,1
"IM-23-122-KGAH","8073804614","Maziba","Pf3D7_13_v3-1725124-1725365-2","TGGAAATTGTTCCCATTTATTCATTTTTTCTTCATATACTTCAATAGAATTTAATCTCTCACCATTAGTTCCACCAATGACATAAATTTTATTATCAAAAGCAACACACATAGCTGATGATCTAGGGGTATTCAAAGGTGCCACCTCTACCCATGCTTTCATACGATGATCATATGCTTCTAC","Pf3D7_13_v3-1725124-1725365-2.1","23+8N",693,1,1
"IM-23-122-KGAH","8073804614","Maziba","Pf3D7_13_v3-1725208-1725471-1B","CATAAATTTTATTATCAAAAGCAACACACATAGCTGATGATCTAGGGGTATTCAAAGGTGCCACCTCTACCCATGCTTTCATACGATGATCATATGCTTCTACATTCGGTATAATAGAAGAGCCATCATATCCCCCAATACAATAAATTCTACCATTTGACGTAACACCACAATTATTTCTTCTAGGTATATTTAAATTACTTGAAAC","Pf3D7_13_v3-1725208-1725471-1B.1",".",158,1,1
"IM-23-122-KGAH","8073804614","Maziba","Pf3D7_13_v3-852647-852921-1A","TACGAAATGATGAATTAAAAGAATTAACATTTATGAAAAATAAAGAAAATAGGAATGCAGATACATATGTTTTTGATTATCCTAAAAAAGAGAAATATGACCAATTAGTTTTTGAATTACGTAAACATAATTTTAATATAACAAGCATGAATACATATAAAAAACTAACAAATGAAACATCATCACAAAAAGAAGAAAATGCTTCTATAATAAGTT","Pf3D7_13_v3-852647-852921-1A.4","83+8N158+8N",31,1,1
"IM-23-122-KGAH","8073804614","Maziba","Pf3D7_13_v3-911757-912005-1A","GAGCCAACAATTTGATTTTCCACAACTTACTGAATCTTTAAAACATTGTGAACAGGTATCTGACATTTTTTTATTATCTTTGGCTAGTTCCTTTTGAACACATTCCATAGTACTATCACCTGAACCTAAGTTATCAACAGAACATTTTAATAATATACTAAAAAATTTATTGCTAGGAGAAAGTTGTAAA","Pf3D7_13_v3-911757-912005-1A.1","65+9N159+8N",538,1,1
"IM-23-122-KGAH","8073804614","Maziba","Pf3D7_13_v3-1725887-1726123-2","AAATAGCTCCACCAACATTAATATCAATCATAGTTTCAGTAGCAATATTTGCATCAACAATTTTTTTTTTATCATTCTCAAAATTTTTATATTCTTGATAATATTTTTCTTTTTCTAAATATAATACTAATTTAATTTTATCGATTTCTTGTAAAAATCTTAATCTTTCTTCATCAA","Pf3D7_13_v3-1725887-1726123-2.1","60+12N",155,1,1
"IM-23-122-KGAH","8073804614","Maziba","Pf3D7_14_v3-2355614-2355853-1A","ACTTTTCTCGATTCACATTATCCAAACCCATTTAACGAGTATGAAAAATATGACAAACATTATTATGAACTTGAAAATATTTTAAAAAACAAACTTAATGAACATTCCTTAAATTATCAATCTTTGTTAAAAATGAAAAGATTTATAAGTATGAACGATATGGAAAATAATAA","Pf3D7_14_v3-2355614-2355853-1A.1","83+8N",339,0.976945244956772,2
"IM-23-122-KGAH","8073804614","Maziba","Pf3D7_14_v3-2481033-2481276-1B","CCATGTGGATAAAGACAGTAGAGAGCAATTCGAAATAAAACAGTACTCTTGCAAATTAGATATTTTTTTGAACTCATCTGTTCCTATAAAAAATTCTGAATGTAAGCAGAATAAATTATACACAAAAGAATATATATTCATTTTTATTTATTCACTTTATATATGTTTGTA","Pf3D7_14_v3-2481033-2481276-1B.1","62+9N87+8N172D=TGTATGTA",450,1,1
"IM-23-122-KGAH","8073804614","Maziba","Pf3D7_14_v3-2695837-2696082-1A","CGTTTTGTATCATATTATTAGATATAGTTATTTTATTATTATTTTCTACATTATTATTCAATATATTACATCCTGTTATGGAATTATTGTTAAAATATAAATTATTCGAATTGTTATTATTAAATTCTAATCCACTAACTGCTGTTGTATATAATGATGATGAGTTATTATTATAGAAATC","Pf3D7_14_v3-2695837-2696082-1A.2","28+16N53A",175,1,1
"IM-23-122-KGAH","8073804614","Maziba","Pf3D7_14_v3-2733345-2733593-1A","TCGATGTACATGCAGAAAAAATATTGGAACGTTTATTTGTAATTTATTTATGTGTATTAAAAGAATATGAAAAACATCCTCCTAAAATATTAAAATATTCATTACGTGCTATATCTAGATACTCGATGTATATAAATAAATTTATCATGGATGATATATTATTTGAAATTAAAAACCTTGCTGCA","Pf3D7_14_v3-2733345-2733593-1A.1","15+8N",369,1,1
"IM-23-122-KGAH","8073804614","Maziba","Pf3D7_14_v3-279563-279833-1A","CATTTTTCTTTTAAATGAGAGCAATATATTTCTTAGGTTTATTCCGGATAAATGTTTAGTTATTAGCCAGGTGAATTATAGTGATTCATATAAGGTAAATTGTATTAATTTCTCTGAAGGATTTTGTTGCTGTCATCCAATAAATAATTTAGCACTATTATATGGAGAGTATCAACAAAATCAAGAATCAAAAATTATGAAATTACCG","Pf3D7_14_v3-279563-279833-1A.5","75A77T",67,1,1
"IM-23-122-KGAH","8073804614","Maziba","Pf3D7_13_v3-815862-816091-1A","ATGATGTAGATGCTAATAGCACATCCTGGTCAGTATCTTGTGATAAATAATTTAATTTGTCCGCTAAAAAATAAAGTATAATTTCACAGCTTTTTTTATTTGTATCTGTGTTTTTCATGTTATCATAAAAAGACAAAGATGAAGTAGCACATGAGTTAATTA","Pf3D7_13_v3-815862-816091-1A.4","65+8N90+9N",259,0.992337164750958,2
"IM-23-122-KGAH","8073804614","Maziba","Pf3D7_13_v3-479569-479811-1A","CTAGAGACGAATTTGATGATAAAAGAAAATTAAAAGAAGAGAAAATTAAACAATGCCAACTATTAAATGAAAAACAACTAGAAGAAAAAGAAAAAGAAAAAAGAATTCTGAGAGAAAAAGCTGTTGAATATACCTTACAAAATGAAGAAGAATATAAACAACTAAAAGGAAAATT","Pf3D7_13_v3-479569-479811-1A.3","96+8N168G",5,0.0140845070422535,2
"IM-23-122-KGAH","8073804614","Maziba","Pf3D7_13_v3-748254-748510-1B","ATACCAAAAAAAATAAAATAAAATGAAATAATAAATAAATAAATATACATATATTTACATATATATATATATAATTACACATATTTTTGATTGAGGACAAATTACATGTCGTGTAGTTCGTCTTCCTTGTGCGTTTCAATCACACAATCCGATTTAGGATAACATGTACACAAAAGAATATATTTTTTCTT","Pf3D7_13_v3-748254-748510-1B.1","5+10N39+33N180+8N",69,1,1
"IM-23-122-KGAH","8073804614","Maziba","Pf3D7_13_v3-815862-816091-1A","ATGATGTAGATGCTAACACAACATCCTGGTCAGTATCTTGTGATAAATAATTTAATTTGTCCGCTAAAAAATAAAGTATAATTTCACAGCTTTTTTTATTTGTATCTGTGTTTTTCATGTTATCATAAAAAGACAAAGATGAAGTAGCACATGAGTTAATTA","Pf3D7_13_v3-815862-816091-1A.1","17C19C20A65+8N90+9N",2,0.00766283524904215,2
"IM-23-122-KGAH","8073804614","Maziba","Pf3D7_13_v3-958247-958510-1B","TTTATATTATCTGTAATATGCACATTTTGTATAATATTATCAATATTTGTAGCATTTTGACCGTATGTTTCATTTTCATCGTATGTTCCATTTATATTGTATGTTCCATTTTCATCGTATGTTCCATTTATATTGTATGTTCCATTTTCATCGTATGTTCCATTTATATTGTATGTTCCATTTTTATCATATGTTATGTCCACAT","Pf3D7_13_v3-958247-958510-1B.1","106C",9,1,1
"IM-23-122-KGAH","8073804614","Maziba","Pf3D7_14_v3-2004362-2004606-1A","TATTTCCATATTATTGTAATAGGGCTTTTTCTTGCTCTTCTAATTTTTGTATATCTTGCTTATCCTTATCTAATTGTCCAAGAGCATTTAATTCATCTTCTACATTTATTTTATTTTCTTGAGAATATTCTTCAATTTTGTCTTCGAAACTGTTATATAATCTATTTATAATTGGTTG","Pf3D7_14_v3-2004362-2004606-1A.1",".",167,1,1
"IM-23-122-KGAH","8073804614","Maziba","Pf3D7_14_v3-2020604-2020849-1A","CAAGAACATGAATATTTCTGTAAATACATAGACAAGTCCTCATTATGTCTTATCACAGGGTGCTCTTCTTTAATATGACAATATAATTTTATATGTTTTATTATTTCTTGATGAATTTCACATAATAAAAATAATGTGTGATTCATATGTTGACTACCCAATATAGAAAAGCCACTAACTAATTG","Pf3D7_14_v3-2020604-2020849-1A.1","65+8N",302,1,1
"IM-23-122-KGAH","8073804614","Maziba","Pf3D7_13_v3-935613-935884-1A","CAAAATAATATGAATAGTAATAGTAATAGTTATAATAATTTTAATATAACAGATAGAAGTAAAGAAATAAAAAAAGATTATAAAAGAAACAAAATTTTAATAGTTATTAATAATATTAATACAAATCATATTTTATTATTAAATGAAAGTGTTATAAAAAAAAAAATACTTACATTTTATCTAGATCTTTTTTTTGATGATAATGAACAAAT","Pf3D7_13_v3-935613-935884-1A.2","68+11N155+13N187+10N",54,1,1
"IM-23-122-KGAH","8073804614","Maziba","Pf3D7_14_v3-1166107-1166371-1A","TTTTTGAATTATTAAATATATCTTCTATAAAAAAAGAATATCAAGCTATACATAACAATAAGTATTTTTTATGGAATATGGATGCAGATTTTTTTACTATAAAAAATCATCATAAGGATAATAAGGATAACAATGATGAAAATGTGAATGTAATAATACAACAAAATAATTTAGTTCTAGAAAAATATGATCATTTAATAGA","Pf3D7_14_v3-1166107-1166371-1A.2","28+9N64+8N88+9N100+8N179A",48,1,1
"IM-23-122-KGAH","8073804614","Maziba","Pf3D7_14_v3-1038300-1038538-1A","ATTAATGATTTATACACTTCAACTACACTTTTTAATTTAGCCCATACAACTAATAAAGCTCTACGATAAATTTCTTTTTTATTTGATTTAGAAAAAGGAGAAAACCATTGAAACTTTTTGGCTAGATATTTATGGTCTTTATCAAAAATATATTCTGAAACTTCATCTTCTAGAAGT","Pf3D7_14_v3-1038300-1038538-1A.3","50C74+8N",422,1,1
"IM-23-122-KGAH","8073804614","Maziba","Pf3D7_14_v3-106867-107115-1A","AATGACATGAACAAGTCAGGCGAAAAAGAGGAACATGTTATAAATAGTAAATGGAAAAATAAATTTTTCCATGAAGTAATACAAAATATGTTATATGATGATAATATAAATGATCATAAGGAAGAAATTAAGGAAGATAATTCTAATGAATATAATATCAATAATAAAAATGATAATTTATATGATATA","Pf3D7_14_v3-106867-107115-1A.1","78A",133,0.963768115942029,2
"IM-23-122-KGAH","8073804614","Maziba","Pf3D7_14_v3-106867-107115-1A","AATGACATGAACAAGTCAGGCGAAAAAGAGGAACATGTTATAAATAGTAAATGGAAAAATAAATTTTTCCATGAAGTTATACAAAATATGTTATATGATGATAATATAAATGATCATAAGGAAGAAATTAAGGAAGATAATTCTAATGAATATAATATCAATAATAAAAATGATAATTTATATGATATA","Pf3D7_14_v3-106867-107115-1A.3",".",5,0.036231884057971,2
"IM-23-122-KGAH","8073804614","Maziba","Pf3D7_14_v3-2260533-2260765-1A","AATAACCATCAAATACAAACTCAACCAACAAATACAGTACAATATATTCAACCAAATTATGAACAAGTCATAACACAAGTAGATCAAAATCGTAATCTATTCAATCAACAGCTTGTAGGAAGTACAGTAATGCAAAATATGACACCACAAGGTGTAAACACGTTAAATTATCCTGCAACG","Pf3D7_14_v3-2260533-2260765-1A.2",".",479,1,1
"IM-23-122-KGAH","8073804614","Maziba","Pf3D7_14_v3-1992121-1992370-1A","ATTAAAACATTCCAACAATTTTATTTCCTTCTTTATAAAATTATATAAATTAATTATTTTCTTTTTATCACATTCAAAGACGGCATAAGGTGCACCCCATGAACATTTTTTACTTTTGCTACCATCAGGCATAATATAAACACCAGTACCATTTTTTTCTGATAAATTAATATTTTTTTGTATAACATCATA","Pf3D7_14_v3-1992121-1992370-1A.1","105+8N151+9N172+9N",59,1,1
"IM-23-122-KGAH","8073804614","Maziba","Pf3D7_14_v3-2355614-2355853-1A","ACTTTTCTCGATTCACATTATCCAAACCCATTTAACGAGTATGAAAAATATGACAAACATTATTATGAACTTGAAAATATTTTAAAAAACAAACTTAATGAACAATCCTTAAATTATCAATCTTTGTTAAAAATGAAAAGATTTATAAGTATGAACGATATGGAAAATAATAA","Pf3D7_14_v3-2355614-2355853-1A.2","83+8N105A",8,0.0230547550432277,2
"IM-23-122-KXSC","8039832262","Maziba","Pf3D7_08_v3-1365750-1365999-2","TTTCTAGGTTGTTTCTTGCTTCAATTCTATTTTTATTTTGTTCATCCTCTTCTTTATATTTTTCTGCATCATTTACCATACGATCGATATCATCTTTTGATAATCTTCCTTTATCATTTGTAATAGTAATTTGGTTTTGTTTACCAGTACCTTTATCTAATGCTGTTACATTTAGGATACCATT","Pf3D7_08_v3-1365750-1365999-2.1",".",766,1,1
"IM-23-122-KXSC","8039832262","Maziba","Pf3D7_04_v3-900526-900759-1A","TTAACAACTTATCATCATTTATTAGATTCTTTTCATGGAACAGATTATTAACAGTATCCATAATTTTATGATCATCCGTGTTATATGTATCTATACAAGTATTTAACTTGCTTATATAATTTACATATTTCAACGGATCATTTTGAAGTATGCAATCATCGAATGAATA","Pf3D7_04_v3-900526-900759-1A.2",".",142,0.0788450860632982,2
"IM-23-122-KXSC","8039832262","Maziba","Pf3D7_04_v3-748585-748822-2","TTAATAAAAAAAATATATTTTACTAGAATAAATAGTACATATGAATGTGATGTATTTTTTCCAGAAATAAATGAAAATGAGTATCAAATTATTTCTGTTAGCGATGTATATACTAGTAACAATACAACATTGGATTTTATCATTTATAAGAAAACGAATAATAAAATGTT","Pf3D7_04_v3-748585-748822-2.1","5+10N54+8N",366,1,1
"IM-23-122-KXSC","8039832262","Maziba","Pf3D7_05_v3-1188456-1188706-1A","CAAAATTTAAATCAATAGTGGTTACGTTCATAATTTTGCCTTCAAAACTAACCTCTGTATGATATATAAATTTATTTTCCTTTACACTAAATACATATATAAAAATGGTACTTAATAATTTATCTTTATCATATTTAAATAATATTAAATCTGTTTTTACATCTGAGTTATAATCACCGAAAT","Pf3D7_05_v3-1188456-1188706-1A.7","19T53C170A",115,0.0722815839094909,2
"IM-23-122-KXSC","8039832262","Maziba","Pf3D7_05_v3-1188456-1188706-1A","CGAAATTTAAATCAATAGCGGTTACGTTCATAATTTTGCCTTCAAAACTAACTTCTGTATGATATATAAATTTATTTTCCTTTACACTAAATACATATATAAAAATGGTACTTAATAATTTATCTTTATCATATTTAAATAATATTAAATCTGTTTTTACATCTGAGTTATAATCACCGAAAT","Pf3D7_05_v3-1188456-1188706-1A.3","2G170A",1476,0.927718416090509,2
"IM-23-122-KXSC","8039832262","Maziba","Pf3D7_03_v3-855426-855697-1A","GTTATTTCAGTATGAGTTTCAACAGTTAATACTACTTCAGGATATGGATTGATACTTAACGTATGTACTCTCAATAATCTAGTATCAAATATATATGAAAATGTATACTCAGGAAAACATATAGTAGATAATCCATTATTATTCTCTATACATATTTTACTTATAGCTATATAATCGTAATTATCTTCTATTACTATTGGTTCTGTG","Pf3D7_03_v3-855426-855697-1A.1","32C",53,0.107070707070707,2
"IM-23-122-KXSC","8039832262","Maziba","Pf3D7_08_v3-1344618-1344845-1A","TATCTTTTCCATATATAATAACGCATGAATTCTTTAAATATATCTTTTACTTTATCTGTAAGTTTCATGGAATCTATTATTTCATGTGCATATTTTATTTTTGCCTCGTTTATATATTTACCTGCTTTTAATTTACATAAACATTTTTCTATTAAGTTTTG","Pf3D7_08_v3-1344618-1344845-1A.6",".",1601,0.914334665905197,2
"IM-23-122-KXSC","8039832262","Maziba","Pf3D7_08_v3-1314717-1314986-1A","ATAAAAAAGAAAAAATTATTGTCAAAAGTTTTCATAGATATATATATGATGGTATTAGAAGATTTTAAAGAAGAAGAATGTAAAAAGAATAAAGAAATATTTCTTGATACTTATATAGATGAACTAAAAAAAGATTCACAAAGTGAAAAAAATAAAAGCATGTTAAATATATTAGATGAAATAAAAAGTGATATTCATATAGGATATC","Pf3D7_08_v3-1314717-1314986-1A.2","2+15N125+9N138A145+9N",241,0.902621722846442,2
"IM-23-122-KXSC","8039832262","Maziba","Pf3D7_08_v3-1056678-1056903-1A","GTGTTAACGATAATTATAATGCAATAAGCACAACTAATTTTTCAGATGACATGGATGAATTGATAAAGAATCTTTCTATTATGGGTTTGTGTAAAGAGAAAATAGTGTTAACAGAAAAGGCAACAATATTTAATAACATTGAATTGTTGTATTCATATTATCTTATAGTTCAGA","Pf3D7_08_v3-1056678-1056903-1A.2","126A",4722,1,1
"IM-23-122-KXSC","8039832262","Maziba","Pf3D7_06_v3-1192628-1192867-1A","GATTATATATTTCTATATTTTAATAAGAATGCGTTACACAAACATGATGCCTCTAATGAAATGTGTTTTGTGAAAAACGAAGATTCTACACGCACAAAAGGACATATGAATGATGAACAAAATGATTTATATAAAATAAATAATAATACAACATATTTTTTTAACAAAAACCACT","Pf3D7_06_v3-1192628-1192867-1A.1","30T155+9N",143,0.0988251554941258,2
"IM-23-122-KXSC","8039832262","Maziba","Pf3D7_08_v3-1099719-1099977-1A","AAAAAATAAAAAATCAAACAAGATAAATAATAATGTATATAATACTAGTGGTATAAAAAATAATGATCAAAATATGGATAATATGAATCAAAAAGGAAAAAGTAACAAAAATTCAAATAAATATAATTTTGATGAAGAGGACTTATGGTTTTTATGTGATTTATGTAATAATCCTATAAGTCCGTTATGTTA","Pf3D7_08_v3-1099719-1099977-1A.1","1+14N54+8N97A142C",482,0.921606118546845,3
"IM-23-122-KXSC","8039832262","Maziba","Pf3D7_13_v3-958247-958510-1B","TTTATATTATCTGTAATATGCACATTTTGTATAATATTATCAATATTTGTAGCATTTTGACCGTATGTTTCATTTTCATCGTATGTTCCATTTATATTGTATGTTTCATTTTCATCGTATGTTCCATTTATATTGTATGTTCCATTTTCATCGTATGTTCCATTTATATTGTATGTTCCATTTTTATCATATGTTATGTCCACAT","Pf3D7_13_v3-958247-958510-1B.2",".",487,1,1
"IM-23-122-KXSC","8039832262","Maziba","Pf3D7_05_v3-213027-213251-1A","ATGTACTTATCCCCTGATATGATTTTTCCAATATCATCAAAATCAGTAATCTCTAAATCATTTATATGATTTATATGTATAAATTCTTTTATCTTGTTCAAATAATTTCTGTAATAAAATATATTCTCTTTATCATCATCAATTATTTTCATATAATC","Pf3D7_05_v3-213027-213251-1A.4","25T26T",165,0.0846153846153846,3
"IM-23-122-KXSC","8039832262","Maziba","Pf3D7_05_v3-350808-351052-1A","TAATATAATTTGAGTTGATAATATTATAATTATTTTTTATATGTTGCTCATTTATATTATTATGATAAATATGAGTTGTATTTTTATTAGAATTGTAGGACATTTTCCCATACATGAGTTGTTTTACATTTTTAACATTTTTATAATTATGTATTAAACATAAAATTATTAGATAAA","Pf3D7_05_v3-350808-351052-1A.7","32+8N92A164A",96,0.0738461538461539,2
"IM-23-122-KXSC","8039832262","Maziba","Pf3D7_08_v3-1365709-1365954-1B","ATTTTCATCTTGTAATGTGTTTTTAACATTATAGCAGTAATTTTCTAGGTTGTTTCTTGCTTCAATTCTATTTTTATTTTGTTCATCCTCTTCTTTATATTTTTCTGCATCATTTACCATACGATCGATATCATCTTTTGATAATCTTCCTTTATCATTTGTAATAGTAATTTGGTTTTGT","Pf3D7_08_v3-1365709-1365954-1B.1",".",564,1,1
"IM-23-122-KXSC","8039832262","Maziba","Pf3D7_05_v3-369676-369949-1A","TGTAATATTATATATCCTGTTATAAATAAATCATTGGATATGGATGTGAAAAAAGAAGATATAAAAAAAAATGTAGAAGAAAATAAATATATAGAACATACACAGAATTTGAAAAATTATTTAGAAAATGATGAAAATGAGAAAAAAAAAAGAAGAAAAAGATCAAATAATAATGACAATTATAATTCTCATGATAATAATATTTTTCA","Pf3D7_05_v3-369676-369949-1A.1","48+8N62+11N141+12N",293,0.921383647798742,2
"IM-23-122-KXSC","8039832262","Maziba","Pf3D7_13_v3-1876391-1876664-1A","AACTATCTGTAAAAGTATGTTTAGAACTAACATTTGAAGAGAAGTTACATCCGTGTATGACTTTTTTTTCATATTTTGGTTTTAAAACTATTTTATAATTATTATTTTTAAATTTGCATGTACATTCTGTATTAACATCTTTTGATGTAACATAAAATGGAGCTTTAAAGATAGTTAAGTTTTTATGATAAATTATTTTATTACTTTTATATA","Pf3D7_13_v3-1876391-1876664-1A.1","61+10N",566,1,1
"IM-23-122-KXSC","8039832262","Maziba","Pf3D7_05_v3-550803-551072-1A","ATATAATACACCTTTCTTATTTATATTAATCTTTTCATTTTTACAAGAAATCACCTCCCTACTTATTCGGTTGTCCTCATTTTCATATTTCATAACACCATCATTTATTTTTTCTATTTCTTTAATATTATTTTCTCCTTGGACGTAATTATGCTTTCCTATCATCTCCTTTGCTCTACTTCCTATATATACTAATTTCTCTCTGAA","Pf3D7_05_v3-550803-551072-1A.1","107+8N",40,1,1
"IM-23-122-KXSC","8039832262","Maziba","Pf3D7_03_v3-891553-891827-1A","CAAGAGCTAAGAAAACATATAGAATCATCATAAGGATGTTGATAATATAAATGTGTTTTTATTTGTGTATTTATGTCAGAATATTGTTCCTTCGATTTATCTTTAAAATAATCAAGATTATTTATGTTGGTGGCTTTATTATTATTAAAATAATTTTGATTTGTTACATGATGACTAGGGGTATATTTGTATTTTACGTTTTTATTA","Pf3D7_03_v3-891553-891827-1A.7","93C116G",2,0.00873362445414847,3
"IM-23-122-KXSC","8039832262","Maziba","Pf3D7_13_v3-1465901-1466157-1A","CATAAAGGGTCCGATAACATTTTTTACATTTTCCCATGCAGAATCAGCATACAAGTTACATTTACCATCTGATGGATGACAACCTACAAGAAATCTGTTGAAAGCTACATTAATACCTTGTCCAATACCAAAAACAGCTATTTTAACACCACGATCATTTAATTTTCTTGATTCTTTTAATGAATCTTGAATACTAT","Pf3D7_13_v3-1465901-1466157-1A.1","19+8N158T",1002,1,1
"IM-23-122-KXSC","8039832262","Maziba","Pf3D7_09_v3-1015103-1015350-1A","ATTATTTAATTTTTCATCTTTTATATTTTTCAGATTTTTTATATGAAGATATAGGAATACAACTAAATTAACAGCTGAAAATAATCTTACTAACAAAAATAATTTGAGGAATTCTTCATCATATAAATCTTTTGGAATATTATTTGTGTATTCATAAATTTCTATTAAGGATATAATAGTTATGA","Pf3D7_09_v3-1015103-1015350-1A.1","34+8N",508,1,1
"IM-23-122-KXSC","8039832262","Maziba","Pf3D7_08_v3-550057-550318-2","ACTATTTGATATTGGATTAGGATTTGCGAAGAAACATGATCAATCTATTAAACTCTTACAAAATATACATGTATATGATGAGTATCCACTTTTTATTGGATATTCAAGAAAAAGATTTATTGCCCATTGCATGAATGATCAAAATGTTGTAATAAATACACAACAAAAATTACATGATGAACAACAAAATGAAAATAAAAATA","Pf3D7_08_v3-550057-550318-2.1",".",828,1,1
"IM-23-122-KXSC","8039832262","Maziba","Pf3D7_04_v3-544454-544718-1A","ACAAAATATAATACTTTATATACAAATGCTTATAAAAAATTTTAACTCGAACGTACTTCAAAATAATATAAATGAACAAGAAGTAATACATAATAACATCAACATTAATAATATAAAAGAAGAACAAATTATACCAAATAATATCAAGAATATCCATAATAATGACAATATTAATCATTGTGATGATAATAAAATAA","Pf3D7_04_v3-544454-544718-1A.3","33+8N",72,0.0929032258064516,2
"IM-23-122-KXSC","8039832262","Maziba","Pf3D7_08_v3-1370603-1370853-1B","AAAAGTAATTAAAAAAAAAAAAAATGAAAATAAAAAAAAACATTACATATTTTTTTATGTATAAAATATTTTAAAGCACTGAGATTATTTATGTTATAAATTAATTGAATGTTTAAAAGATTATAAAATTTTATTTATGAAAATATATGAATATATATAATATAAGCAGGTATTAAATAACCAAATAATAT","Pf3D7_08_v3-1370603-1370853-1B.2","10+32N49+9N",244,1,1
"IM-23-122-KXSC","8039832262","Maziba","Pf3D7_06_v3-416462-416720-1A","AAGAAAAAATGGACATTGTGGAGAATATAAAAAATAGAGGAAAGGAAAAAACAGAATTAACATATAAAGAAGTATATAAAACACAACAGAATCAAAATGATGCAAGTTTAAATTCATTTTGGGGTGATGAAAAAAAAAATAATAATTATGATATAGATATAGTAAAAGAGAAATATAGTGAGTTAATGAAAAAAAAAGAA","Pf3D7_06_v3-416462-416720-1A.1","3+8N28+8N45+8N129+12N188+11N",723,1,1
"IM-23-122-KXSC","8039832262","Maziba","Pf3D7_08_v3-102277-102527-1A","TACCTTCATCTATTGAATTAATTTTCTCAAGTAACATATTTTTGTCTTGACTACTTTCATCTGTAAATGGAACGAGTACTCTTTGCTTACCTGCAAAAAGGACAACTGACATATGAGCCTTATCCTTACTTACATTCGAATTAAAGACCATAGATTCTAAAAATGGTATAGTTCCTTTTAACCAATAATC","Pf3D7_08_v3-102277-102527-1A.1","76G",9,0.00473684210526316,2
"IM-23-122-KXSC","8039832262","Maziba","Pf3D7_04_v3-648065-648332-1A","TATGACTTCTGATTCAGTTTTGTTAAGATATATACCAAGAGATCTTAACAAATATAATAATTTTTCACCACTAACTCCATCTTTATTAGTATCGTATTCTTTAAATATTGATTCAATCTCAGCTCTCTTAAAGAAAACAAATATATATACATATATATATGTATTTATATGAATTTGTATCAATAAATAATAACATTCTTA","Pf3D7_04_v3-648065-648332-1A.1","141+30N",389,1,1
"IM-23-122-KXSC","8039832262","Maziba","Pf3D7_05_v3-369676-369949-1A","TGTAATATTATATATCCTGTTATAAATAAATCATTGGATATGGATGTGAAAAAAGAAGATATAAAAAAAAATGTAGAAGAAAATAAATATATAGAACATACACAGAATTTGAAAAATCATTTAGAAAATGATGAAAATGAGAAAAAAAAAAGAAGAAAAAGATCAAATAATAATGACAATTATAATTCTCATGATAATAATATTTTTCA","Pf3D7_05_v3-369676-369949-1A.3","48+8N62+11N118C141+12N",25,0.0786163522012579,2
"IM-23-122-KXSC","8039832262","Maziba","Pf3D7_12_v3-233418-233671-1A","CAAAAATATCATTCCCCAAATTTGTACTACTAATTGTTCCAATAGTTCCTATAGTTGTGGTAATTTGCTCATATGTATTTTTTCCTAAAGATTTATTAGACACATTTGAAGGATCATTATTTTGTTCCAAATTCTTGGGCACAGTATTATTACATGAGAATAATGAAAAGTTATTATCATAATTCTTTTGTT","Pf3D7_12_v3-233418-233671-1A.3","77+8N",1029,0.901840490797546,2
"IM-23-122-KXSC","8039832262","Maziba","Pf3D7_04_v3-900526-900759-1A","TTAACAACTTATCATCATTTATTAGATTCTTTTCATGGAACAGATTATTAACAGTATCCATAATTTTATGATCATCCGTGTTATATGTATCTATACAAGTATTTAGCTTGCTTATATAATTTACATATTTCAACGGATCATTTTGAAGTATGCAATCATCGAATGAATA","Pf3D7_04_v3-900526-900759-1A.1","106G",1659,0.921154913936702,2
"IM-23-122-KXSC","8039832262","Maziba","Pf3D7_05_v3-213027-213251-1A","ATGTACTTATCCCCTGATATGATTTCTCCAATATCATCAAAATCAGTAATCTCTAAATCATTTATATGATTTATATGTATAAATTCTTTTATCTTGTTCAAATAATTTCTGTAATAAAATATATTCTCTTTATCATCATCAATTATTTTCATATAATC","Pf3D7_05_v3-213027-213251-1A.7","25T",1770,0.907692307692308,3
"IM-23-122-KXSC","8039832262","Maziba","Pf3D7_04_v3-748105-748359-1B","TGTGCATGTTGTAAGGTTGAAAGCAAAAATGAGGGGAAAAAAAATGAGGTTTTTAATAACTACACATTTAGAGGTCTAGGAAATAAAGGAGTATTACCATGGAAATGTATTTCCCTAGATATGAAATATTTTCGTGCAGTTACAACATATGTGAATGAATCAAAATATGAAAAATTGAAATATAAGAGATGTAAAT","Pf3D7_04_v3-748105-748359-1B.1","36+10N110T133C",700,1,1
"IM-23-122-KXSC","8039832262","Maziba","Pf3D7_08_v3-585993-586266-1A","TGTAAATATAAATCATACGTATGACATGAATCATCATTTAATGCATTCTTAATTGTTAATGCTAATCTACTTACAATAATATAAGCAAAGTTTATATGAGAATGAATACCTTCTTTTCCTAAAAAGTTATAAAGACTAACAAATGGAGCATATATTATAAATTTATCATACTTTTTTTTGTGCATAACTTCATTTAATAAAATATTT","Pf3D7_08_v3-585993-586266-1A.1","171+10N",102,0.0982658959537572,2
"IM-23-122-KXSC","8039832262","Maziba","Pf3D7_05_v3-213027-213251-1A","ATGTACTTATCCCCTGATATGATTTCCCCAATATCATCAAAATCAGTAATCTCTAAATCATTTATATGATTTATATGTATAAATTCTTTTATCTTGTTCAAATAATTTCTGTAATAAAATATATTCTCTTTATCATCATCAATTATTTTCATATAATC","Pf3D7_05_v3-213027-213251-1A.1","25T27C",15,0.00769230769230769,3
"IM-23-122-KXSC","8039832262","Maziba","Pf3D7_08_v3-1176313-1176549-1A","TACATCCAATGAATATTTTACACTTAAAAGAAATAAACAAATTATTCATAATAAAATACATATACTCTCTATGCAAAAAAATAAACAAAATACAAACGAGCTAAACAAATCATGTAATATTAACGCCATCATATTTAATATTAATTCTGATGATTTTGAGGTAGGCGATGAAATTGT","Pf3D7_08_v3-1176313-1176549-1A.4","67C74+9N",1779,1,1
"IM-23-122-KXSC","8039832262","Maziba","Pf3D7_08_v3-1313088-1313338-1A","TGAGAGACATAGATATATGATAGAAAAATGGAAAAAAGAAGATTGGTTTTGTGATTTAAAAGAAACGTTGAAAAATGAATTTGAAGAACAGATGGATATAGGAAAAGTATCTTTTTTATATGAAAATAATAGAGAGTATGGAAAAAATTTTTATTTGGAAAAGCAAAAAATTATATGGAAAAGATGG","Pf3D7_08_v3-1313088-1313338-1A.1","31+8N111+8N141+8N164+8N",784,1,1
"IM-23-122-KXSC","8039832262","Maziba","Pf3D7_08_v3-1314717-1314986-1A","ATAAAAAAGAAAAAATTATTGTCAAAAGTTTTCATAGATATATATATGATGGTATTAGAAGATTTTAAAGAAGAAGAATGTAAAAAAAATAAAGAAATATTTCTTGATACTTATATAGATGAACTAAAAAAAGATTCACAAAGTGAAAAAAATAAAAGCATGTTAAATATATTAGATGAAATAAAAAGTGATATTCATATAGGATATC","Pf3D7_08_v3-1314717-1314986-1A.1","2+15N87A125+9N138A145+9N",26,0.0973782771535581,2
"IM-23-122-KXSC","8039832262","Maziba","Pf3D7_05_v3-350808-351052-1A","TAATATAATTTGAGTTGATAATATTATAATTATTTTTTATATGTTGCTCATTTATATTATTATGATAAATATGAGTTGTATTTTTATTAGAGTTGTAGGACATTTTCCCATACATTAGTTGTTTTACATTTTTAACATTTTTATAATTATGTATTAAACATAAGATTATTAGATAAA","Pf3D7_05_v3-350808-351052-1A.1","32+8N116T",1204,0.926153846153846,2
"IM-23-122-KXSC","8039832262","Maziba","Pf3D7_05_v3-395887-396136-1A","TCTAAGGATTGTTGGTTTTTTAGGATGCTCATCTTTTTAAGATAATCCTCTTTACTGTCGTTATTATTTAAATCGTTTTGTATAATATTATATTGTGAATTCCTTGTGTTTTTCATAACACTATTAGTCCTATTGGTGTTCTTCTTATTATTATTATTATTATTGTTCTTCTTCTTAATAAA","Pf3D7_05_v3-395887-396136-1A.5","15+8N119C145+20N",531,1,1
"IM-23-122-KXSC","8039832262","Maziba","Pf3D7_06_v3-532166-532407-1A","AGAACAATTGTTAAACACCAAATTGGGTGAAACAAAAAACCACCTGAACAGAACCCCATTTATACCTGAATCGGTCATACGAGAAAGGAAATTACGCCAAGAAAAAGCTCAATCCACAAACAACATGTTCGATTCAACAAACGCAGATAGTATTACTTCCCCATGTGATCCAACGAATGCCACG","Pf3D7_06_v3-532166-532407-1A.6","11T33+8N157T",11,0.00371872887085869,2
"IM-23-122-KXSC","8039832262","Maziba","Pf3D7_06_v3-851492-851765-1A","ACAATAGTACATTCTGCATTTACATCACAACCTCCATTATTTTTTGAACAGTTCATATCTTTCATAGGTATACATTTAAAATAATTTACACTCATATCAACTATATAATTAGGTCGGCATCTACATTGTTCTTTATCTTTTTCGACAATATAACAACGTGAATTGGGTCCACATTTGGAATATTCACAAATATAATTTACTTTAAATATAACAAAATTTCTCA","Pf3D7_06_v3-851492-851765-1A.1","39+8N",1018,0.999018645731109,2
"IM-23-122-KXSC","8039832262","Maziba","Pf3D7_08_v3-102277-102527-1A","TACCTTCATCTATTGAATTAATTTTCTCAAGTAACATATTTTTGTCTTGACTACTTTCATCTGTAAATGGAACGACTACTCTTTGCTTACCTGCAAAAAGGACAACTGACATATGAGCCTTATCCTTACTTACATTCGAATTAAAGACCATAGATTCTAAAAATGGTATAGTTCCTTTTAACCAATAATC","Pf3D7_08_v3-102277-102527-1A.4",".",1891,0.995263157894737,2
"IM-23-122-KXSC","8039832262","Maziba","Pf3D7_03_v3-891553-891827-1A","CAAGAGCTAAGAAAACATATAGAATCATCATAAGGATGTTGATAATATAAATGTGTTTTTATTTGTGTATTTATGTCAGAATATTGTTCCTTCGATTTATCTTTAAAATAATCAAGATTATTTATGTTGGTGGCTTTATTATTATTAAAATAATTTTGATTTGTTACATGATGACTATGGGTATATTTGTATTTTACGTTTTTATTA","Pf3D7_03_v3-891553-891827-1A.1","93C116G178T",204,0.890829694323144,3
"IM-23-122-KXSC","8039832262","Maziba","Pf3D7_05_v3-1322099-1322341-1A","TTCCAATAGAAACTAGATTACGATTTTCTTCATGAGGTAAATTGACATTCATCTTATATGTATAATTAAGGATGAGTAATAAATTGTTTAGAAATATTTTTATTTAATAATTTATATGTATTATTAATAATTCTGAATTTATCAATTGATATATTATTTTTGTTTTTCTTTATGCCATTC","Pf3D7_05_v3-1322099-1322341-1A.3","16G27T88T91G",38,0.125827814569536,2
"IM-23-122-KXSC","8039832262","Maziba","Pf3D7_05_v3-1322099-1322341-1A","TTCCAATAGAAACTATATTACGATTTTCTTCATGAGGTAAATTGACATTCATCTTATATGTATAATTAAGGATGAGTAATAAATTGTATAAAAATATTTTTATTTAATAATTTATATGTATTATTAATAATTCTGAATTTATCAATTGATATATTATTTTTGTTTTTCTTTATGCCATTC","Pf3D7_05_v3-1322099-1322341-1A.4","27T",264,0.874172185430464,2
"IM-23-122-KXSC","8039832262","Maziba","Pf3D7_03_v3-891553-891827-1A","CAAGAGCTAAGAAAACATATAGAATTATCATAAGGATGTTGATAATATAAATGTGTTTTTATTTGTGTATTTATGTCAGAATATTGTTCCTTCGATTTATCTTTAAAATAATCAAGATTATTTATGTTGGTGGCTTTATTATTATTAAAATAATTTTGATTTGTTACATGATGACTATGGGTATATTTGTATTTTACGTTTTTATTA","Pf3D7_03_v3-891553-891827-1A.3","26T93C116G178T",23,0.100436681222707,3
"IM-23-122-KXSC","8039832262","Maziba","Pf3D7_08_v3-1366626-1366856-1B","CTTTACCTCCATTTTTTTTTTTAAAATCTTGTACACAGAAGTTTACTAATTTATTATCAAAATCTTCTCCTCCTAAATGTGTATCTCCTGAGGTAGCTTTAACTTCAAAAATTCCATCTTCAAGTGTTAATAAGGAAACATCAAATGTTCCTCCTCCTAAATC","Pf3D7_08_v3-1366626-1366856-1B.1","11+13N",317,1,1
"IM-23-122-KXSC","8039832262","Maziba","Pf3D7_08_v3-1375025-1375284-1B","CAAGTTATTATTAAATGCGGAATTATTCTATATAAAAATAAAAAAGCATTTAAAAATGAAAAAATTTATATATATACAATATATAAATATATATATATATATATATATATATATATATTATTATTATATGTATTTTTATAATTGAATGATATATTTATTTCTATTTGCAATTAAAATGCTTACGTTATCTAACAAAAGTACGGAGGCAAAA","Pf3D7_08_v3-1375025-1375284-1B.6","39+8N58+8N67+53N",3,1,1
"IM-23-122-KXSC","8039832262","Maziba","Pf3D7_13_v3-815862-816091-1A","ATGATGTAGATGCTAATAGCACATCCTGGTCAGTATCTTGTGATAAATAATTTAATTTATCCGCTAAAAAATAAAGTATAATTTCACAGCTTTTTTTATTTGTATCTGTGTTTTTCATGTTATCATAAAAAGACAAAGATGAAGTAGCACATGAGTTAATTA","Pf3D7_13_v3-815862-816091-1A.2","59A65+8N90+9N",770,0.916666666666667,2
"IM-23-122-KXSC","8039832262","Maziba","Pf3D7_04_v3-115455-115684-1A","TATTAATGTCATTTTGTTTTTCTTTATTATTATTATTTTTATTTTTTCCCTGGTTATCTTCCTTATTACCTAGCTTTTTTTTGTTGTCATTATTTTCTGTCTGATTATTATTTTTGACTTTGTTCATCTTTGAATTATTCGTTCTGTTTGTATGTCTCAAGCAAGGT","Pf3D7_04_v3-115455-115684-1A.5","24+25N74+10N139T",1,0.000527148128624143,3
"IM-23-122-KXSC","8039832262","Maziba","Pf3D7_04_v3-544454-544718-1A","ACAAAATATAATACTTTATATACAAATGCTTATAAAAAATTTTAACTCGAACGTACTTCAAAATAATATAAATGAACAAGAAGTAATACATAATAACATCAACATTAATAATATAAAAGAAGAACAAATTATACCAAATAATATCAAGAATATCCATAATAATGACAATATTAATCATTGTGATGGTAATAAAATAA","Pf3D7_04_v3-544454-544718-1A.1","33+8N186G",703,0.907096774193548,2
"IM-23-122-KXSC","8039832262","Maziba","Pf3D7_06_v3-532166-532407-1A","AGAACAATTGCTAAACACCAAATTGGGTGAAACAAAAAACCACCTGAACAGAACCCCATTTATACCTGAATCGGTCATACGAGAAAGGAAATTACGCCAAGAAAAAGCTCAATCCACAAACAACATGTTCGATTCAACAAACGCAGATAGTATTACTTCCCCATGTGATCCAACGAATGCCACG","Pf3D7_06_v3-532166-532407-1A.5","33+8N157T",2947,0.996281271129141,2
"IM-23-122-KXSC","8039832262","Maziba","Pf3D7_13_v3-1725464-1725719-1B","ATCATAGTTATTACCACCAAAAACGTATAAGAAATTATTCAATACAGCACTTCCAAAATAAGCTTTTTTGGTAGACATAGGTGTACACATACGCCAGCATTGTTGACTAATATCTAATAATTCCATCGAATTTAAATATTCTACACCATCAAATCCACCTATACAAAATACTAATGGGAATGGTAAAAATTTAATACCA","Pf3D7_13_v3-1725464-1725719-1B.1","63+8N",707,1,1
"IM-23-122-KXSC","8039832262","Maziba","Pf3D7_06_v3-1140900-1141174-1A","CTTCCATGTGAGCTTCAAAATCGTCTGAAGGTCGACTAGACATGAAAAATTCAGATTGAGGTAAATCATCAAATGGATGATTTCTATATGATATTCTAGGTATTAATCCTAAGATATTATTTATGCTATTACATTGAGAATTTCCTTCATTGGTTGTGGTACTTATATCCACATTTTGGTGATCATCAAGATATAATGTATTTTCTTTAGAACTT","Pf3D7_06_v3-1140900-1141174-1A.1","189A",580,1,1
"IM-23-122-KXSC","8039832262","Maziba","Pf3D7_13_v3-1726174-1726408-2","TTTCTAATTCTTTGTACAATCGTACTCTTTCCATTTCTAGTTCTTTCTTATCTTTAAATAATTTATCTTTTTCTCGAATAAAATTCATTTGTGTCTTTTTTAACCAATTAATAAATGTAATTCTTAAATCACCTACCATATTTTCAAAATCACTAGCATCACTTAAT","Pf3D7_13_v3-1726174-1726408-2.1","95+8N",1783,1,1
"IM-23-122-KXSC","8039832262","Maziba","Pf3D7_13_v3-935613-935884-1A","CAAAATAATATGAATAGTAATAGTAATAGTTATAATAATTTTAATATAACAGATAGAAGTAAAGAAATAAAAAAAGATTATAAAAGAAACAAAATTTTAATAGTTATTAATAATATTAATACAAATCATATTTTATTATTAAATGAAAGTGTTATAAAAAAAAAAATACTTACATTTTATCTAGATCTTTTTTTTGATGATAATGAACAAAT","Pf3D7_13_v3-935613-935884-1A.2","68+11N155+13N187+10N",714,1,1
"IM-23-122-KXSC","8039832262","Maziba","Pf3D7_13_v3-146695-146934-1A","AAAGTATTTGTAATAGATTAAACGATGAACTAAATGAAGAAATATGTGGTTATCAAATTAGGTTTGAAAAATCGTATTTTTTAAAACATAGTAAAATTAAAGTTATGACAGAAGGAATTTTATTGAAAGAAATTATGAGTGATTTTATTTTATCAAAATATAGTGTTATCATTCTTGA","Pf3D7_13_v3-146695-146934-1A.2","76+8N170C",213,0.087943848059455,2
"IM-23-122-KXSC","8039832262","Maziba","Pf3D7_14_v3-1038300-1038538-1A","ATTAATGATTTATACACTTCAACTACACTTTTTAATTTAGCCCATACAACTAATAAAGCTCTACGATAAATTTCTTTTTTATTTGATTTAGAAAAAGGAGAAAACCATTGAAACTTTTTGGCTAGATATTTATGGTCTTTATCAAAAATATATTCTGAAACTTCATCTTCTAGAAGT","Pf3D7_14_v3-1038300-1038538-1A.3","50C74+8N",2,0.00153846153846154,2
"IM-23-122-KXSC","8039832262","Maziba","Pf3D7_04_v3-284121-284364-1A","ATATTGTATATTATCATAAGATTTATATGGAGGACCACATTGAAATCCGACAATTTCATTTGATGCATGTAGTACACATTCCGTATTTCTGTTTGAATTATTTAAAATAATTTTATTACTTAGAAATGATTCTTTTTCACTATAATCTTTATATAACAAAGGGTCTTCATCAATTTGA","Pf3D7_04_v3-284121-284364-1A.5",".",71,0.0756123535676251,2
"IM-23-122-KXSC","8039832262","Maziba","Pf3D7_08_v3-1099719-1099977-1A","AAAAAATAAAAAATCAAACAAGATAAATAATAATGTATATAATACTAGTGGTATAAAAAATAATGATCAAAATATGGATAATATGAATCAAAAAGGAAAAAGTAACAAAAATTCAAATAAATATAATTTTGATGAAGAGGATTTATGGTTTTTATGTGATTTATGTAATAATCCTATAAGTCCGTTATGTTA","Pf3D7_08_v3-1099719-1099977-1A.4","1+14N54+8N97A",1,0.00191204588910134,3
"IM-23-122-KXSC","8039832262","Maziba","Pf3D7_08_v3-585993-586266-1A","TGTAAATATAAATCATACGTATGACATGTATCATCATTTAATGCATTCTTAATTGTTAATGCTAATCTACTTACAATAATATAAGCAAAGTTTATATGAGAATGAATACCTTCTTTTCCTAAAAAGTTATAAAGACTAACAAATGGAGCATATATTATAAATTTATCATACTTTTTTTTGTGCATAACTTCATTTAATAAAATATTT","Pf3D7_08_v3-585993-586266-1A.2","29T171+10N",936,0.901734104046243,2
"IM-23-122-KXSC","8039832262","Maziba","Pf3D7_14_v3-106867-107115-1A","AATGACATGAACAAGTCAGGCGAAAAAGAGGAACATGTTATAAATAGTAAATGGAAAAATAAATTTTTCCATGAAGTTATACAAAATATGTTATATGATGATAATATAAATGATCATAAAGAAGAAATTAAGGAAGATAATTCTAATGAATATAATATCAATAATAAAAATGATAATTTATATGATATA","Pf3D7_14_v3-106867-107115-1A.2","120A",395,1,1
"IM-23-122-KXSC","8039832262","Maziba","Pf3D7_13_v3-852647-852921-1A","TACGAAATGATGAATTAAAAGAATTAACATTTATGAAAAATAAAGAAAATAGGAATGCAGATACATATGTTTTTCATTATCCTAAAAAAGAGAAATATGACCAATTAGTTTTTGAATTACGTAAACATAATTTTAATATAACAAGCATGAATACATATAAAAAACTAACAAATGAAACATCATCACAAAAAGAAGAAAATGCTTCTATAATAAGTT","Pf3D7_13_v3-852647-852921-1A.1","75C83+8N158+8N",398,1,1
"IM-23-122-KXSC","8039832262","Maziba","Pf3D7_06_v3-1282656-1282930-1A","AAGATATGGAAGAAATATGATAAAGAAAACAATAAATATATATTGTCTCATTTTATTCCCCAATTTATTGAAGACTTAAATTTGAAGGATGAATTCCGAAATTTATTTGATGGATTTGTAAATGATTTGGATATTCTATTATATTCAGAATTTAAAGCATTTTATTTACAAATGAAGCAAAAAGATATAAATGAACTGAAAAATTCTGA","Pf3D7_06_v3-1282656-1282930-1A.4",".",469,1,1
"IM-23-122-KXSC","8039832262","Maziba","Pf3D7_08_v3-1344618-1344845-1A","TATCTTTTCCATATATAATAACGCATGAATTCTTTAAATATATCTTTTACTTTATCTGTAAGTTTCATGGAATCTATTATTTCATGTGCATATTTTATTTTTGCCTCGTTTATATATTTACCTGCTTCTAATTTACATAAACATTTTTCTATTAAGTTTTG","Pf3D7_08_v3-1344618-1344845-1A.1","128C",150,0.085665334094803,2
"IM-23-122-KXSC","8039832262","Maziba","Pf3D7_04_v3-748374-748611-1B","AAACTGGGAAAGCATTCCAAAAAAATTTAAACCTTTAAGCAATAGGATAAATGTTATATTGTCTAGAACCTTAAAAAAAGAAGATTTTGATGAAGATGTTTATATCATTAACAAAGTTGAAGATCTAATAGTTTTACTTGGGAAATTAAATTACTATAAATGTTTTATTTTAG","Pf3D7_04_v3-748374-748611-1B.2","3A18+9N72+9N170T",4,0.00267558528428094,2
"IM-23-122-KXSC","8039832262","Maziba","Pf3D7_13_v3-1725887-1726123-2","AAATAGCTCCACCAACATTAATATCAATCATAGTTTCAGTAGCAATATTTGCATCAACAATTTTTTTTTTATCATTCTCAAAATTTTTATATTCTTGATAATATTTTTCTTTTTCTAAATATAATACTAATTTAATTTTATCGATTTCTTGTAAAAATCTTAATCTTTCTTCATCAA","Pf3D7_13_v3-1725887-1726123-2.1","60+12N",805,1,1
"IM-23-122-KXSC","8039832262","Maziba","Pf3D7_07_v3-896613-896849-1B","ACAATGAAAAAATGTATTAATGATGAATTATATAAAATAAAAATAAATGTAGGTTTATATAAAAAGGATAGAAAAAAATTATCCTTTTTTATATTGTTGCATAAATTTTATTTAGATAATTATAATATTGTTATTAATAAATTAAAAAATATGAATAATTTAATAGAAA","Pf3D7_07_v3-896613-896849-1B.1","6+8N71+9N84+8N143+8N",616,1,1
"IM-23-122-KXSC","8039832262","Maziba","Pf3D7_03_v3-855426-855697-1A","GTTATTTCAGTATGAGTTTCAACAGTTAATACTACTTCAGGATATGGATTGATACTTAACATATGTACTCTCAATAATCTAGTATCAAATATATATGAAAATGTATACTCAGGAAAACATATAGTAGATAATCCATTATTATTCTCTATACATATTTTACTTATAGCTATATAATCGTAATTATCTTCTATTACTATTGGTTCTGTG","Pf3D7_03_v3-855426-855697-1A.2","32C61A",442,0.892929292929293,2
"IM-23-122-KXSC","8039832262","Maziba","Pf3D7_09_v3-202854-203106-1A","AATATACAAAGAATGTATATGATAAAATATTCTTTGTCCTTTAAAATTTTTTGTTCTTGTACTTTGTTTTTTATAATCTATTAAATTCATATCTGATGAAATATCATATTTATATTCCCCTTTATGAGCATTTACAAAAGTTTCGCTATTTCTTTTATTAATATATGTATTTGAGCACATATTTTTAT","Pf3D7_09_v3-202854-203106-1A.3","46+8N66+8N183T",1,0.000701262272089762,3
"IM-23-122-KXSC","8039832262","Maziba","Pf3D7_08_v3-1366575-1366822-2","TTTAGCTTTTTCACATTGTGTTCTTAATCTTCTTAATGATTTTGAATTTTTGGAAACATCTTTACCTCCATTTTTTTTTTTAAAATCTTGTACACAGAAGTTTACTAATTTATTATCAAAATCTTCTCCTCCTAAATGTGTATCTCCTGAGGTAGCTTTAACTTCAAAAATTCCATCTTCAAGTGTTAATAAGG","Pf3D7_08_v3-1366575-1366822-2.1","70+13N",983,1,1
"IM-23-122-KXSC","8039832262","Maziba","Pf3D7_13_v3-146695-146934-1A","AAAGTATTTGTAATAGATTAAACGATGAACTAAATGAAGAAATATGTGGTTATCAAATTAGGTTTGAAAAATCGTATTTTTTAAAACATAGTAAAATTAAAGTTATGACAGAAGGAATTTTATTGAAAGAAATTATGAGTGATTTTATTTTATCAAAATATAGTGTTATTATTCTTGA","Pf3D7_13_v3-146695-146934-1A.4","76+8N",2209,0.912056151940545,2
"IM-23-122-KXSC","8039832262","Maziba","Pf3D7_09_v3-516735-517007-1A","ATAGAAGGATATATAAAAAATTATCAAGAATCATATAATATAAATGACCATTGTAAATTAGTTCCATTAAATTTTTATAAAGATTCTATTTCTAATGATTTAGGTACTCCATGCCCTGTGAATAGTATTACCTTAAATGTGGGCGCAAAAACTATAAATGAATGTTTGTGTAATAAAGGATATTTCTATAATGTCAAGAAACAACAATGTAA","Pf3D7_09_v3-516735-517007-1A.2","14+8N211A",498,1,1
"IM-23-122-KXSC","8039832262","Maziba","Pf3D7_05_v3-641131-641404-1A","GGAATTTTTTTTTTGGTGTTTTATTTTTTCGAAGGATACAGGATAATCTAAGACATTAAAATTATTGGGTTTGAAAAAGAGTTTCCTTTTTATGATGTGCAATAGAGGTATATTTATATAGGAAATATAAACATATAAAAGGAATATGATAAAAAGGAAATATTGACTTAATAAAATATTAATATTTCTTTTTTTCAAATATATTTCGT","Pf3D7_05_v3-641131-641404-1A.1","4+12N23+8N188+9N",206,1,1
"IM-23-122-KXSC","8039832262","Maziba","Pf3D7_13_v3-2545065-2545291-1A","ATGATTCCTCAAAAGTTTAACATTCCACATAGTATCTGTTAAATTGATAGTTTGCAAACAATTATACGTTTGGTTATTTTTATTTTTAAAAAAGGATATATGATCATCTAATGATTTATTTTTGAGAAAGATTTCCATATATTCATATATATCTTGAATACACCA","Pf3D7_13_v3-2545065-2545291-1A.88","87+8N112T",2288,0.994350282485876,2
"IM-23-122-KXSC","8039832262","Maziba","Pf3D7_14_v3-1166107-1166371-1A","TTTTTGAATTATTAAATATATCTTCTATAAAAAAAGAATATCAAGCTATACATAACAATAAGTATTTTTTATGGAATATGGATGCAAATTTTTTTACTATAAAAAATCATCATAAGGATAATAAGGATAACAATGATGAAAATGTGAATGTAATAATACAACAAAATAATTTAGTTCTCGAAAAATATGATCATTTAATAGA","Pf3D7_14_v3-1166107-1166371-1A.6","28+9N64+8N87A88+9N100+8N",368,1,1
"IM-23-122-KXSC","8039832262","Maziba","Pf3D7_08_v3-1386786-1387035-2","TTGTCTCCTTTGTCGCAGCATGCCTTTCATTAGCTGCTATAGCTTGTGTTATCTTAACTTCATTATAAAAAAAATATACTTCGATAAAAGGTACATATACCATGCTGGTCAATGATATTAGCATGCGACATTCTAATATATCCATTATGAACAAGGTGAACAAGAATATTGGGATTATTGAAATTGT","Pf3D7_08_v3-1386786-1387035-2.1","66+10N",621,1,1
"IM-23-122-KXSC","8039832262","Maziba","Pf3D7_13_v3-1725208-1725471-1B","CATAAATTTTATTATCAAAAGCAACACACATAGCTGATGATCTAGGGGTATTCAAAGGTGCCACCTCTACCCATGCTTTCATACGATGATCATATGCTTCTACATTCGGTATAATAGAAGAGCCATCATATCCCCCAATACAATAAATTCTACCATTTGACGTAACACCACAATTATTTCTTCTAGGTATATTTAAATTACTTGAAAC","Pf3D7_13_v3-1725208-1725471-1B.1",".",824,1,1
"IM-23-122-KXSC","8039832262","Maziba","Pf3D7_09_v3-1406342-1406614-1A","TCTCAGATTATCATAGTGTTGTGGATGAAGATTTAATTAATTTTAATGATGATGTTACTTTAGAAACACAATCCATGATAGCACACGGAGGGTCTTTGTCAGAAATAGAAGAAACTGGAGATTTATCTTCAGATGTTGATAGATTACTTTCATCAATCGAAACTACTCCAAGAGATGATGTTGTATATATACGAGGTGATATTATATT","Pf3D7_09_v3-1406342-1406614-1A.1","148T204A",115,0.0895638629283489,2
"IM-23-122-KXSC","8039832262","Maziba","Pf3D7_09_v3-163813-164052-1A","GTAATAATAATAATAATAATGTATTTCTTTCATCAAGTGATCCAAATAAATTAAACACAACACCATCACCATTTGGTTTATCATCTATTGGAAATCTAAATACAAACAATAAATTAAATAGCTTTCCAGACTTTAGTCAAGCTAATAAAACATTTCTACAAAATGATAGCTTAT","Pf3D7_09_v3-163813-164052-1A.2","2+19N28T",1030,0.90034965034965,2
"IM-23-122-KXSC","8039832262","Maziba","Pf3D7_09_v3-163813-164052-1A","GTAATAATAATAATAATAATGTATTTCTTTCATCAAGTGATCCAAATAAATTAAACACAACACCATCACCATTTGGTTTATCATCTATTGGAAATCTAAATACAAACAATAAATTAAATAGCTTTCCAGATTTTAGTCAAGCTAATAAAACATTTCTACAAAATGATAGCTTAT","Pf3D7_09_v3-163813-164052-1A.1","2+19N28T131T",114,0.0996503496503496,2
"IM-23-122-KXSC","8039832262","Maziba","Pf3D7_08_v3-585703-585949-1A","AAACACATCATCAAAAGTTTCTGATATTGGCTTGTTTGATTCTTTATATTTAAAATCTTTATATAAATAAAATCTATCTTTCTTAAAATATGGATCTTTACGTAGTTCAATCGAATCCCTATCAGTTACAATATTTATATCTTTTAATGTTAAGTGGAAATTAGAATCAATAATAGCTA","Pf3D7_08_v3-585703-585949-1A.3","105G118C",1285,0.897973445143256,3
"IM-23-122-KXSC","8039832262","Maziba","Pf3D7_06_v3-1192628-1192867-1A","GATTATATATTTCTATATTTTAATAAGAAGGCGTTACACAAACATGATGCCTCTAATGAAATGTGTTTTGTGAAAAACGAAGATTCTACACGCACAAAAGGACATATGAATGATGAACAAAATGATTTATATAAAATAAATAATAATACAACATATTTTTTTAACAAAAACCACT","Pf3D7_06_v3-1192628-1192867-1A.2","155+9N",1304,0.901174844505874,2
"IM-23-122-KXSC","8039832262","Maziba","Pf3D7_11_v3-1816152-1816378-1A","TTGGGTAGATATCGTTATAAGGGCTATAATGTATTGACTTCTCCGGGTTTGTTACATTATCATTACAACCAATATTATTAAGGTTAATATTATTTTTATCATTATTATTGTTGTTTTCATTTGTGTGGTTATATAATAACAATGATGTGTCGTCTATTGGATCATT","Pf3D7_11_v3-1816152-1816378-1A.1","50T90T",20,0.00597550044816253,2
"IM-23-122-KXSC","8039832262","Maziba","Pf3D7_13_v3-2114242-2114482-1A","CTTCCATTAACTCAATATATAATTTATTAATAATTTTTAATTTGTTTATTTCAAAAAGGCATAGTTGTAACAAGGTTCTTAAGGTTCTATTACCCCCTAAGAGGTTAAAATGAATATTTCCTTTTTCTCGTATATGCAAAAAATCCCTTAACAATAAATCATATTCATCAGTATGAAATGT","Pf3D7_13_v3-2114242-2114482-1A.1","67G76T137+8N",1283,0.908640226628895,2
"IM-23-122-KXSC","8039832262","Maziba","Pf3D7_04_v3-141741-141990-1A","TGAATACCATATAGCCCTTTCAAATTATATAAAGACAGAACTAAGAAATATAAACCTGCAAGAAATAAAAAACAATATAATAAAAATATTTAAAGAATTCAAATCTGCACACAAAGAAATTAAAAAAGAATCAGAACAAATTAATAAAGAATTTACCAAAATGGATGTCGTCATAAATCAATTAAGAGATATAG","Pf3D7_04_v3-141741-141990-1A.1","66+8N121+8N",1690,0.889005786428196,2
"IM-23-122-KXSC","8039832262","Maziba","Pf3D7_04_v3-284121-284364-1A","ATATTGTATATTATCATAAGATTTATATGGAGGACCACATTGAAATCCGACAATTTCATTTGATGCATGTAGTACACATTCCGTATTTCTGTTTGAATTATTTAAAATAATTTTATTACTTAGAAATGATTCTTTTTCACTATAATCTTTATATAAGAAAGGGTCTTCATCAATTTGA","Pf3D7_04_v3-284121-284364-1A.1","157G",868,0.924387646432375,2
"IM-23-122-KXSC","8039832262","Maziba","Pf3D7_04_v3-316593-316858-1A","TTATTCATTTTTTGTATATTATCCTTTTCTACATCATCAAAATTTGTTAATGATTCACACGTTATATTTGGTGATATTATATTTCTACCTGTACATACACCAATATTTGTTGTACCTATTATTTTATACCCTTCTTGACATTTAAATTCTATTTTTTCACCAAGTAAATAATATTTTTTATCAGGGATAAGGGAAACATA","Pf3D7_04_v3-316593-316858-1A.1","7+8N151+8N173+8N",820,1,1
"IM-23-122-KXSC","8039832262","Maziba","Pf3D7_13_v3-815862-816091-1A","ATGATGTAGATGCTAACACAACATCCTGGTCAGTATCTTGTGATAAATAATTTAATTTGTCCGCTAAAAAATAAAGTATAATTTCACAGCTTTTTTTATTTGTATCTGTGTTTTTCATGTTATCATAAAAAGACAAAGATGAAGTAGCACATGAGTTAATTA","Pf3D7_13_v3-815862-816091-1A.1","17C19C20A65+8N90+9N",70,0.0833333333333333,2
"IM-23-122-KXSC","8039832262","Maziba","Pf3D7_06_v3-1115900-1116168-1A","ATTTTTTAATAAAGCAGTACCATCTATATCTCTTCCTTTTTTTAAAACACATAAAGTTTCATCAAAATTGCTTGTGCTATTTTTATCAGGTTCAGGAAAATATTGTTTATTTGTAGAATATCCATTCTGATTACAAGTTATAATATTATTAATATTTATAAATTTTTTTTTTGTTTTTAAATCACCAAATTGATTATCGTTAT","Pf3D7_06_v3-1115900-1116168-1A.1","1+8N36+9N162+12N",578,1,1
"IM-23-122-KXSC","8039832262","Maziba","Pf3D7_08_v3-585331-585590-1A","TGAAAACTTTTCATGTACGGTTAATAAACAAAATAATTCTGAATTATATATAAGTAAAACTTCTTCTACATCTCTAAATTTATGCATTGTAGCTCTTTTAAGATAATAAGGCAAATATTTTACAATATATTTTTGTTTAAAAAAACCTTGATGACCAACATTAATATCTTCCATTTTGGAAAAGGTTCCACTTAACG","Pf3D7_08_v3-585331-585590-1A.1","138+9N",1364,1,1
"IM-23-122-KXSC","8039832262","Maziba","Pf3D7_04_v3-115455-115684-1A","TATTAATGTCATTTTGTTTTTCTTTATTATTATTATTTTTATTTTTTCCCTGGTTATCTTCCTTATTACCTAGCTTTTTTTTGTTGTCATTATTTTCTGTCTGATTATTATTTTTGACTTTTTTCATCTTTGAATTATCCGTTCTGTTTGTATGTCTCAAGCAAGGT","Pf3D7_04_v3-115455-115684-1A.3","24+25N74+10N122T",1710,0.901423299947285,3
"IM-23-122-KXSC","8039832262","Maziba","Pf3D7_08_v3-585703-585949-1A","AAACACATCATCAAAAGTTTCTGATATTGGCTTGTTTGATTCTTTATATTTAAAATCTTTATATAAATAAAATCTATCTTTCTTAAAATATGGATCTTTACGTAGTTCAATCGAATCACTATCAGTTACAATATTTATATCTTTTAATGTTAAGTGGAAATTAGAATCAATAATAGCTA","Pf3D7_08_v3-585703-585949-1A.4","105G",142,0.0992313067784766,3
"IM-23-122-KXSC","8039832262","Maziba","Pf3D7_04_v3-748374-748611-1B","AAACTGGGAAAGCATTCCAAAAAAATTTAAACCTTTAAGCAATAGGATAAATGTTATATTGTCTAGAACCTTAAAAAAAGAAGATTTTGATGAAGATGTTTATATCATTAACAAAGTTGAAGATCTAATAGTTTTACTTGGGAAATTAAATTACTATAAATGTTTTATTATAG","Pf3D7_04_v3-748374-748611-1B.1","3A18+9N72+9N",1491,0.997324414715719,2
"IM-23-122-KXSC","8039832262","Maziba","Pf3D7_09_v3-164045-164311-1A","ATCAACTGGTGTTGCAAAACCATTAGTTACCAATTTTAATTCTCCATTTAGTGCTTTTGGTAAAACAAATACCAGTGATATATTTAAAACTAATACTACTGCATCAACTACAAATGCAACTGCAACTGCAACTCCTGCTCCCTTTGGATCAGCATTTGGAGCGCAAAAGAATAATGATAGCTTGTTTGGAAATAATGCATTCAAGCTTTCG","Pf3D7_09_v3-164045-164311-1A.1",".",889,1,1
"IM-23-122-KXSC","8039832262","Maziba","Pf3D7_09_v3-202854-203106-1A","AATATACAAAGAATGCATATGATAAAATATTCTTTGTCCTTTAAAATTTTTTGTTCTTGTACTTTGTTTTTTATAATCTATTAAATTCATATCTGATGAAATATCATATTTATATTCCCCTTTATGAGCATTTACAAAAGTTTCGCTATTTCTTTTATTAATATATGTATTTGAGCACATATTTTTAT","Pf3D7_09_v3-202854-203106-1A.1","16C46+8N66+8N183T",1288,0.903225806451613,3
"IM-23-122-KXSC","8039832262","Maziba","Pf3D7_03_v3-85507-85756-1A","TATCATTTAAATTCTCTTTTTCCACAGCTCCAGCATTTTTATTTATATCATCTACAACTACATCTTCCTTCACATAATTATTTATATAAAAATTATTATCATCTAAAGCATCTGAAAATTCTTCATTTAATACTTCTTCATCTTCTACATTAAATGTTTTCGTTCTTTCATCATCTAATAAA","Pf3D7_03_v3-85507-85756-1A.3",".",525,1,1
"IM-23-122-KXSC","8039832262","Maziba","Pf3D7_02_v3-628941-629172-1A","ACTTTTTTTAGATTTTTCTTGATCGTTTTCATCATTTTTTATTTCCTGTTCATCTGAGGTTTTCTTTTGTAAACGCTTAGTGCGTTTCTTTTGACCTTTTAATTTTTTTTTAAATATATTTTTAACTTGATCAATGAAGAAAGCATAATCTTGTATGACAGAAAATCT","Pf3D7_02_v3-628941-629172-1A.1","2+9N34+8N87T102+11N",983,0.897716894977169,2
"IM-23-122-KXSC","8039832262","Maziba","Pf3D7_02_v3-630641-630907-1A","CTAAGTTATCTAAAATTATTAATTTTTTCAAATATGGTAATTCATGTCTATGAAGTAATAAGCCATCAACTAAATCTAAATCTAAACATAACCATTCTAATTTCGTTTCATTTAATATGTTTACAATTACATCTATACTAAATTTAGAATGTAAAATCAAGGTTGTTACACCACTCATCATAGCTGCCATATCAACAAT","Pf3D7_02_v3-630641-630907-1A.2","22+8N143T",50,0.0733137829912024,3
"IM-23-122-KXSC","8039832262","Maziba","Pf3D7_02_v3-630641-630907-1A","CTAAGTTATCTAAAATTATTAATTTTTTCAAATATGGTAATTTATGTCTATGAAGTAATAAGCCATCAACTAAATCTAAATCTAAACATAACCATTCTAATTTCGTTTCATTTAATATGTTTACAATTACATCTATACTAAATTTAGAATGTAAAATCAAGGTTGTTACACCACTCATCATAGCTGCCATATCAACAAT","Pf3D7_02_v3-630641-630907-1A.5","22+8N43T143T",1,0.00146627565982405,3
"IM-23-122-KXSC","8039832262","Maziba","Pf3D7_08_v3-1099719-1099977-1A","AAAAAATAAAAAATCAAACAAGATAAATAATAATGTATATAATACTAGTGGTATAAAAAATAATGATCAAAATATGGATAATATGAATCAAAAAGGGAAAAGTAACAAAAATTCAAATAAATATAATTTTGATGAAGAGGATTTATGGTTTTTATGTGATTTATGTAATAATCCTATAAGTCCGTTATGTTA","Pf3D7_08_v3-1099719-1099977-1A.3","1+14N54+8N",40,0.0764818355640535,3
"IM-23-122-KXSC","8039832262","Maziba","Pf3D7_06_v3-1235395-1235658-1A","GAATATGATAAAATATATATACCAAACAATAAAAATAAAATTAATAATATAAATAATTTTTTAATAAAAAACAATTTGCTGTTGAAATCCAAATTTATGAGAATAACTCCTAATACCTATTTATGTCGTAATTGTGTCCTGTTATATCAAAATGATTTTTCGTATAATACATATGAAGAAGAAATTAATAAAATGG","Pf3D7_06_v3-1235395-1235658-1A.1","56+8N65+8N",253,0.887719298245614,2
"IM-23-122-KXSC","8039832262","Maziba","Pf3D7_06_v3-1235395-1235658-1A","GAATATGATAAAATATATATACCAAACAATAAAAATAAAATTAATAATATAAATAATTTTTTAATAAAAAACAATTTGTTGTTGAAATCCAAATTTATGAGAATAACTCCTAATACCTATTTATGTCGTAATTGTGTCCTGTTATATCAAAATGATTTTTCGTATAATACATATGAAGAAGAAATTAATAAAATGG","Pf3D7_06_v3-1235395-1235658-1A.2","56+8N65+8N79T",32,0.112280701754386,2
"IM-23-122-KXSC","8039832262","Maziba","Pf3D7_13_v3-1724895-1725166-1B","CGCCATTTTCTCCTCCTGTAATTATATAAGAATCTGACAATGTGGCAGCTCCAAAATTCATTTTTTTCTCTGGTACACCATTTAGAAATTGCCATCTTTTATTAAATGGTTGATATTGTTCAACGGAATCTAATATGTTATGTTCATTATCAATACCTCCAACAACATATATTTGATTAAGGTAATTAAAAGCTGCTCCTGAACTTCTAG","Pf3D7_13_v3-1724895-1725166-1B.1","60+9N",391,1,1
"IM-23-122-KXSC","8039832262","Maziba","Pf3D7_09_v3-1406342-1406614-1A","TCTCAGATTATCATAGTGTTGTGGATGAAGATTTAATTAATTTTAATGATGATGTTACTTTAGAAACACAATCCATGATAGCACACGGAGGGTCTTTGTCAGAAATAGAAGAAACTGGAGATTTATCTTCAGATGTTGATAGATTACATTCATCAATCGAAACTACTCCAAGAGATGATGTTGTATATATACGAGGTGATATTGTATT","Pf3D7_09_v3-1406342-1406614-1A.2",".",1169,0.910436137071651,2
"IM-23-122-KXSC","8039832262","Maziba","Pf3D7_06_v3-176108-176338-1A","ATTATTATTATTATTATTATTATGATGATGATGATGATCTGTGTTAAGATCATCTTCTATACCATTAGTTAAACATTTTATATTTTTATTCATATAAACATTAATCTTCACAACAGATTTATCAGATCTAGAAAATCTTGTACCTGTTGCTTTATGTAACAATAT","Pf3D7_06_v3-176108-176338-1A.12","1+38N",42,0.0348837209302326,3
"IM-23-122-KXSC","8039832262","Maziba","Pf3D7_06_v3-176108-176338-1A","ATTATTATTATTATTATGATGATGATGATGATGATGATCTGTGTTAAGATCATCTTCTATACCATTAGTTAAACATTTTATATTTTTATTCATATAAACATTAATCTTCACAACAGATTTATCAGATCTAGAAAATCTTGTACCTGTTGCTTTATGTAACAATAT","Pf3D7_06_v3-176108-176338-1A.11","1+38N",9,0.00747508305647841,3
"IM-23-122-KXSC","8039832262","Maziba","Pf3D7_07_v3-729480-729750-1A","TGAATGTTCAGAAATTTTATATCACTTAAATCGTTTGAGTGCGTTAGATCAAATATTGTTGAAAGATAAAATAAGTATATATGAGTATCAGCTAAAGGACACGTTTTTAACAACGTATGATATAGGTTGTTTATTAAAAATAGCTCAAGTGTTGAATGAACAAAATTATTATGATAACATTCCATTTTTGCATATATTTTTATATAACATACATAA","Pf3D7_07_v3-729480-729750-1A.2",".",444,0.926931106471816,2
"IM-23-122-KXSC","8039832262","Maziba","Pf3D7_11_v3-1295371-1295597-1A","AAGTAACATCAAATAATGAAGTTGTAGTTAAAGAAGAATATAAAGATGAATATGCAGATATTCCTGAACATAAACCAACTTATGATAACATGAAAATTATAATTGCATCATCAGCTGCTGTCGCTGTATTAGCAACTATTTTAATGGTTTATCTTTATAAAAGAA","Pf3D7_11_v3-1295371-1295597-1A.2","89C",4,0.00245851259987707,2
"IM-23-122-KXSC","8039832262","Maziba","Pf3D7_04_v3-133928-134154-1A","TTTTGAAATATCTAATTTATTCATTTGCCTTTTTATTTCATAGTCCCAACTACTTACCCAGGTATTAAAATTAATACAATCCTGTTCTGCATATTTTATGGCTTTTAAATCCCTCAATTTAGTAGCCCTATCTTCACAATAATCTTCTAATATTTTAAT","Pf3D7_04_v3-133928-134154-1A.2",".",143,0.0834305717619603,2
"IM-23-122-KXSC","8039832262","Maziba","Pf3D7_14_v3-1956056-1956330-1B","CTAATTTTTTTTCTCCACTTTGTAATTTTTATTGTTGAATATATATATAAAGTTAAACCTATAAATAATACACTACCTAATAAACTATTCTTATATTTAAAAATAAATATAATACATGTTATTAATCCTTCTATTGTTGCCGGAATAATATACATTAAAACAGAACTCATCAAATTATTAGCACTCTCGGTACCTCTATCAACTATTCTCA","Pf3D7_14_v3-1956056-1956330-1B.2","4+10N",433,1,1
"IM-23-122-KXSC","8039832262","Maziba","Pf3D7_06_v3-851492-851765-1A","ACAATAGTACATTCTGCATTTACATCACAACCTCCATTATTTTTTGAACAGTTCATATCTTTCATAGGTATACATTTAAAATAATTTACACTCATATCAACTATATAATTAGGTCGGCATCTACATTGTTCTTTATCTTTTTCGACAATATAACAACGTGAATTGGGTCCACATTTGGAATATTCACAAATATTATTTACTTTAAATATAACAAAATTTTTCA","Pf3D7_06_v3-851492-851765-1A.2","39+8N194T220T",1,0.00098135426889107,2
"IM-23-122-KXSC","8039832262","Maziba","Pf3D7_07_v3-1028330-1028603-1A","TAAAGAATATTTTTATTTCTAATATTATGGCTAAAAGGAAAATTATTTAATTTCATTTTTTGTGGGTTACTTGTATCATTACAACTCATCATCATGACCATATTATTATTATTATTATTGTTGTTGTTGTTGTTGTTGTGGTGGTTCATTACCAATAAATTTGTGTTATTATGTTCATCCTTTTTTATATTAACAATTTCATTTCTATAA","Pf3D7_07_v3-1028330-1028603-1A.1","55+8N101+36N177+8N202C",424,1,1
"IM-23-122-KXSC","8039832262","Maziba","Pf3D7_07_v3-1043981-1044225-1A","ATAATGATATGTTATTTCATCATCAGCATCGACTTCTTTTTTATTATGTTCAAACAAATTCTTATATTTTATATTATTGCATTTTTGTCTTTCCATATTTATAAAAGATTCTATTTTCTTTTTATAATCATTCCTTTTTATATAATTACACATTCCTTCATTTTGGTTGTCATAACTCTTCT","Pf3D7_07_v3-1043981-1044225-1A.1","36+8N",1590,1,1
"IM-23-122-KXSC","8039832262","Maziba","Pf3D7_07_v3-105172-105442-1A","GACTACTAACAGAGTGACTACCTACGCTATGTTGAGATGAATTCCTTCCATCTGAATTACTTCCAGATAGGTGATTTTCTGTACTTCCATCTGAATTGTTTTTATATAATTGACTTTCCTTTTGTCCATCTAAATTATGCACTGCACTATGAGTTCCTTCACCCAAATTATTACTGTTTGTTGTATCATCATTTAAATCAAATCCATTTCTT","Pf3D7_07_v3-105172-105442-1A.1",".",586,1,1
"IM-23-122-KXSC","8039832262","Maziba","Pf3D7_13_v3-2770591-2770863-2","ACACATCGATTTTATCAAAAGGAAATATTCCAAGAAATATTTTTAAAAAAAAATAGTGAGTTAGATGATCACGTATGGAATATAGAAAGTATTACTACGAATATATTAGAGAGGAATAAATTAAGTGATCAAAATAATGAAGATAACCATGATGTTAATAATAATAATGAAGACCCATCTGGGGGTAATTTAAAAACCAATCTAAT","Pf3D7_13_v3-2770591-2770863-2.1","44+11N156+13N",652,1,1
"IM-23-122-KXSC","8039832262","Maziba","Pf3D7_08_v3-1375205-1375450-2","ACAAAAGTACGGAGGCAAAAACGGCAGCGGATAATACTTTATTTTTTGAGAAGGAAACCATTTTTATTAAATAACTATATAAATAGAAAAAGAAATAATAACAAAAATGTATAAATATAATTGTATAATATATGATATATATAAAATATAGAATACTAATTTTTTGCATATACAAAAAA","Pf3D7_08_v3-1375205-1375450-2.1","41+8N159+8N173+7N",183,1,1
"IM-23-122-KXSC","8039832262","Maziba","Pf3D7_04_v3-115455-115684-1A","TATTAATGTCATTTTGTTTTTCTTTATTATTATTATTTTTATTTTTTCCCTGGTTATCTTCCTTATTACCTAGCTTTTTTTTGTTGTCATTATTTTCTGTCTGATTATTATTTTTGACTCTGTTCATCTTTGAATTATTCGTTCTGTTTGTATGTCTCAAGCAAGGT","Pf3D7_04_v3-115455-115684-1A.22","24+25N74+10N120C139T",186,0.0980495519240907,3
"IM-23-122-KXSC","8039832262","Maziba","Pf3D7_04_v3-1113397-1113639-1A","GATTCTGCATGCAGTAATGAATCTATTGAAATCATCTAAGAATAAACTTTTTTGTTTAAACCATTTATTGAACATTTCACTTAAATGTGATTCAATTTTTTTTTCTGAGCTTTCCATAATTTGATTACATCTATTCAATTTGTTTGTATAAGTTTTAGGTGTTATTATTCTTTTACGTTTTAAATCATC","Pf3D7_04_v3-1113397-1113639-1A.1","47+8N95+11N130T161G",215,0.103864734299517,2
"IM-23-122-KXSC","8039832262","Maziba","Pf3D7_13_v3-2816310-2816554-1B","CAAATACTTTTCAATATAGGTCTAGTGAAAGTGTGGAAGTAATAACTAATAAACCTGATGAAATGGAAATGACAACTAAACCACCATCACAATATATTGAAAAGGAAATTGGAGAAATTGATTCTACAAAAAATCAAGATAATGATGAACAAAGCAATTCTATAATTCCTTTAATTAATAAAAATAATGAA","Pf3D7_13_v3-2816310-2816554-1B.2","95T127+8N",1379,1,1
"IM-23-122-KXSC","8039832262","Maziba","Pf3D7_12_v3-1959644-1959891-1A","ATGGGAAGACGATAAGAGAAGAGAAATTAATTTCTGAGGGAGCGTATTCATTTGTTTATATGGCGAAGGATTTAAACACGAATCGAGCTTATACTATAAAGAAGACCATATGTCAAGATAAAGAGAAAATAGATATGGCGAATAAAGAAATCAACATTCTTAAAAGTTTACCTCCACATAAAAATATA","Pf3D7_12_v3-1959644-1959891-1A.2",".",846,0.899043570669501,2
"IM-23-122-KXSC","8039832262","Maziba","Pf3D7_12_v3-2092529-2092798-1B","AGTTGAAGGGGGAGGAATGATCGGAGTTATCAGATTAGAAAATCAAGTGAGAAATCCCCCTGTAATAAAATTGAAGAGTCATACATCTCCCATCCTTGATTTGTCATTTAACCCGTGTTATAGTGAGATATTAGCTTCATGTTCAGAAGATATGTCTATAAGAATATGGGAGATACGTCATGAGGATGAGAATGTGAATGAGGTA","Pf3D7_12_v3-2092529-2092798-1B.1",".",770,1,1
"IM-23-122-KXSC","8039832262","Maziba","Pf3D7_13_v3-1465616-1465890-1A","TCTTGTGGATTATTATCTATTATATTTTCTTTTGGTTCTTCGACAGCAAAATTATCTCCTCTTGGTCTAGGTTGATCATCTTCGGGTTCATGTGGAACATCTAATGGTTCCCGTTTTGGAGGACATCTTTCTTCTTCACATTGTTCTTGTATTTCACTTGTACATCCTTCGTGTAAGATTTCTCTTTTTCTTGACCTGGTACCTTTACCACAAGTTACACTACATGGAGA","Pf3D7_13_v3-1465616-1465890-1A.14","30T38C92G121G152T",105,0.0987770460959548,2
"IM-23-122-KXSC","8039832262","Maziba","Pf3D7_08_v3-412801-413062-1A","ATGAAGAAATATACGAATATATACTTATAAACGATATTTTTAATTTAAAAAAAGAAATAAAAAATTTCAATATATTAAATAAATATGATGTATTTGAATATATTATTATTATTTTAAAATTGTATGATAAAATATATCCTGATGCAAAGTACATCGAATGTGTACGAGAAACATCACAGAATGGTGATCCTTTA","Pf3D7_08_v3-412801-413062-1A.2","46+9N58+8N101+13N",175,1,1
"IM-23-122-KXSC","8039832262","Maziba","Pf3D7_04_v3-140317-140548-1A","TCGGGACAATATTATAAGGATTTTATCACATCAAGGAAAAATATTTATAATATAAGGGAAAATATATCCAAAAATGTAGATATGATAAAAAATGAAGAAAAGAAGAAAATACAGAATTGTGTAGATAAATATAATTCTATAAAACAATATGTAAAAATGCTTAAA","Pf3D7_04_v3-140317-140548-1A.1","86+8N",2401,1,1
"IM-23-122-KXSC","8039832262","Maziba","Pf3D7_08_v3-476232-476475-1A","CAAACACATGATAAACAAAAGTGTAAGGAAAATTTTTCAAATTCTTTTGTTAATGAAATATATGAAAAAGAAGAAAAAGAAACGCAAAAAATGAAAGAATATTTAGAACAACATGAAGAACATTTTTCAACGTTTAGAAATTCAATTTTATGTAAATTAAGAATAGCTGAAGAATT","Pf3D7_08_v3-476232-476475-1A.2","45T85+8N",856,0.905820105820106,3
"IM-23-122-KXSC","8039832262","Maziba","Pf3D7_04_v3-141741-141990-1A","TGAATACCATATAGCCCTTTCAAATTATATAAAGACAGAACTAAGAAATATAAACCTGCAAGAAATAAAAAACAATATAATAAAAATATTTAAAGAATTCGAATCTGCACACAAAGAAATTAAAAAAGAATCAAAACAAATTAATAAAGAATTTACCAAAATGGATGTCGTCATAAATCAATTAAGAGATATAG","Pf3D7_04_v3-141741-141990-1A.2","66+8N101G121+8N134A",211,0.110994213571804,2
"IM-23-122-KXSC","8039832262","Maziba","Pf3D7_08_v3-549960-550215-1B","GATGAACTAACAAATTATGATAATCTAGTTTATGATATAAAAAATTATTTAGAACAAAGATTAAATTTTCTTGTATTAAATGGAATACCTCGTTATAGGATACTATTTGATATTGGATTAGGATTTGCGAAGAAACATGATCAATCTATTAAACTCTTACAAAATATACATGTATATGATGAGTATCCACTT","Pf3D7_08_v3-549960-550215-1B.1","4G38+8N",669,1,1
"IM-23-122-KXSC","8039832262","Maziba","Pf3D7_05_v3-961511-961758-1B","CTGCAGAAGATTATACTGTATTTAATAATAATGGAGAAATATTATTAGATGATATTAATATATGTGATTATAACTTAAGAGATCTTAGAAACTTATTTTCAATAGTTAGTCAAGAACCCATGTTATTTAATATGTCCATATATGAAAATATCAAATTTGGAAGAGAAGATGCAACATTGGAAGAT","Pf3D7_05_v3-961511-961758-1B.1",".",1071,1,1
"IM-23-122-KXSC","8039832262","Maziba","Pf3D7_07_v3-475313-475545-1A","AGCTTTATTATCTACAAAAAATCCACGTGGATATATGAAACAAATGAAATTGTATTTTATATTCCAAATTAAAGAAATTGCATTAAGAAAACATGGCTCTTTACTTACAGTCAAAAATTTATATGATAATAAACTTTTAAATATAAATTCATCATCTTCTACAAATA","Pf3D7_07_v3-475313-475545-1A.2","15+8N125G",1294,1,1
"IM-23-122-KXSC","8039832262","Maziba","Pf3D7_07_v3-627351-627625-1A","TCACTAAGATAATTATTATTACCATTTTCAGCATAATAAAACTTCTGATGTTTTATAAGAGGAGTTTGGTTAGAAGCAAAATTATCAGCAGTTGTTGAATAATTATTATGTTCTTGATAAAAGAGATTATTCATATAGTTATTATTATTTTTCATATCATCCATAGTATTATTGTTAATATAAAATTCCTCATATGAATTATATATATA","Pf3D7_07_v3-627351-627625-1A.2","23C42C96T",339,0.913746630727763,3
"IM-23-122-KXSC","8039832262","Maziba","Pf3D7_08_v3-585703-585949-1A","AAACACATCATCAAAAGTTTCTGATATTGGCTTGTTTGATTCTTTATATTTAAAATCTTTATATAAATAAAATCTATCTTTCTTAAAATATGGATCTTTACGTACTTCAATCGAATCACTATCAGTTACAATATTTATATCTTTTAATGTTAAGTGGAAATTAGAATCAATAATAGCTA","Pf3D7_08_v3-585703-585949-1A.1",".",4,0.00279524807826695,3
"IM-23-122-KXSC","8039832262","Maziba","Pf3D7_07_v3-627351-627625-1A","TCACTAAGATAATTATTATTACTATTTTCAGCATAATAAAATTTCTGATGTTTTATAAGAGGAGTTTGGTTAGAAGCAAAATTATCAGCAGTTGTCGAATAATTATTATGTTCTTGATAAAAGAGATTATTCATATAGTTATTATTATTTTTCATATCATCCATAGTATTATTGTTAATATAAAATTCCTCATATGAATTATATATATA","Pf3D7_07_v3-627351-627625-1A.1",".",29,0.078167115902965,3
"IM-23-122-KXSC","8039832262","Maziba","Pf3D7_13_v3-911757-912005-1A","GAGCCAACAATTTGATTTTCCACAACTTACTGAATCTTTAAAACATTGTGAACAGGTATCTGACATTTTTTTATTATCTTTGGCTAGTTCCTTTTGAACACATTCCATAGTACTATCACCTGAACCTAAGTTATCAACAGAACATTTTAATAATATACTAAAAAATTTATTGCTAGGAGAAAGTTGTAAA","Pf3D7_13_v3-911757-912005-1A.1","65+9N159+8N",1649,1,1
"IM-23-122-KXSC","8039832262","Maziba","Pf3D7_06_v3-1136091-1136364-1A","CATTATTTTTGTATCCAACGTCGTTATTATTAAAACTTATTATTTGATTAATAACTGACGAACCACATATATTTACACAATGGAATACATAACTTAAGAAAGAGTAGTAATTGCATTTTACTTTTTGCATTTTCCCTCTGGTGGAGAAATAATTATTATGCTGCTTATTACTCTTTGTATTATGATAATTTTTGGTAATCATTTTTTTT","Pf3D7_06_v3-1136091-1136364-1A.1","173C201+9N",704,0.991549295774648,2
"IM-23-122-KXSC","8039832262","Maziba","Pf3D7_12_v3-2092654-2092884-2","GAGATATTAGCTTCATGTTCAGAAGATATGTCTATAAGAATATGGGAGATACGTCATGAGGATGAGAATGTGAATGAGGTAAAGGATCCTTTATGTATATTAAATGGTCATAAGAAAAAAGTAAATATATTATCATGGAATCCTATGAATTATTTTATATTATCATCT","Pf3D7_12_v3-2092654-2092884-2.1","114+8N",2494,1,1
"IM-23-122-KXSC","8039832262","Maziba","Pf3D7_14_v3-771407-771633-1A","ACCCACGGGACATTTTAATTTATACCTATTGGAACATTTTTTATTAGGTCTTTCTTTATGATTCTTCTTTAAAATAGGTTCATCATTATTTGAGTAAACTAACAGATTATTATCGTTCTCAAAATTATTATAACCATCAATATTTTTATTTCCATATACATCTATAA","Pf3D7_14_v3-771407-771633-1A.1","36+8N",2937,0.99660671869698,2
"IM-23-122-KXSC","8039832262","Maziba","Pf3D7_11_v3-1374917-1375148-1A","TTTTTAAATGAAAATCTCCAAAGCTTCTGGTTGGTTGTAATCTACCTTTAACATAACAATTATCATAATGATGTGATAAGAGATGAAAAGGTGTTTTACATAATTCATATGTATTATTATTATTAACAGTTTTATAATCTCGAGTACATATTTTACATACTAATATA","Pf3D7_11_v3-1374917-1375148-1A.1","112+14N",1524,1,1
"IM-23-122-KXSC","8039832262","Maziba","Pf3D7_11_v3-1375807-1376056-1A","TCGTTATGTACCCTAATAAATTTTTTTTCATTATTTGAATCTATATTATTTACATTAGTATTTTGAGTTGTACCATAAATTTCAGTGTTATTATTATTTCTATTCATATAATTATGTCCGCTTATATAATTATGACCATTAAAAAAATGTCTTCCATGTATATCATCTCTTCTAATGTATTTA","Pf3D7_11_v3-1375807-1376056-1A.2","20+10N140+9N",373,1,1
"IM-23-122-KXSC","8039832262","Maziba","Pf3D7_11_v3-1376058-1376305-1A","TTTCTGGCTCGATATAATCCATTTCAATATTTATATTAGATATGAAACATCTATCTTCAATAGGTGAATTTGCTGCAAATTGAGCCATAGAAAAATGATTCTCATTCCTTTGAAAATATGAACTATTCAACTCATCAAGGTTTTCATATGTTATTTCATAACTGCCATCATCTGAATCCTCTTCATCA","Pf3D7_11_v3-1376058-1376305-1A.1","140G",1340,1,1
"IM-23-122-KXSC","8039832262","Maziba","Pf3D7_14_v3-1038300-1038538-1A","ATTAATGATTTATACACTTCAACTACACTTTTTAATTTAGCCCATACAATTAATAAAGCTCTACGATAAATTTCTTTTTTATTTGATTTAGAAAAAGGAGAAAACCATTGAAACTTTTTGGCTAGATATTTATGGTCTTTATCAAAAATATATTCTGAAACTTCATCTTCTAGAAGT","Pf3D7_14_v3-1038300-1038538-1A.1","74+8N",1298,0.998461538461539,2
"IM-23-122-KXSC","8039832262","Maziba","Pf3D7_13_v3-156713-156986-1A","TCCTTTTATGTGAACAAATTAAATATTGTAAATGATTTCTTTTTTGAAACACACCATAAAGATACACATCAAGACAGTCAAAATGAACACAAAACGGATGAACCTAAAATACATAATGTTTTCAAAAAAAAAAATAACGATATCTTTGTTAATATTCCTCTACCAAAAATATTTAAAAATTTCTTACATTCCATATATTTTAGAACTCC","Pf3D7_13_v3-156713-156986-1A.2","39+8N50C123+13N",49,0.102083333333333,2
"IM-23-122-KXSC","8039832262","Maziba","Pf3D7_13_v3-156713-156986-1A","TCCTTTTATGTGAACAAATTAAATATTGTAAATGATTTCTTTTTTGAAACACACCATAAAGATACACCTCAAGACAGTCAAAATGAACACAAAACGGATGAACCTAAAATACATAATGTTTTCAAAAAAAAAAATAACGATATCTTTGTTAATATTCCTCTACCAAAAATATTTAAAAATTTCTTACATTCCATATATTTTAGAACTCC","Pf3D7_13_v3-156713-156986-1A.3","39+8N50C68C123+13N",431,0.897916666666667,2
"IM-23-122-KXSC","8039832262","Maziba","Pf3D7_11_v3-2001725-2001999-2","GGATGTAAGAACTAAGAATGTAAATACAAGTAAGAGAAATGAAGGACTTAATGATATAAATGAATCAGAAAAAACAAGAACAAGAAGGGCGTCAACAAAATCAAATAATAATAATAATAATGTATCATACGAGAATGAATTAGAGAGTGTATCTGAATGGTTTGATAACTTTTTGGAGGATCATATGAAGGAAGGTGTTTTTTTAGATGGGGAAAA","Pf3D7_11_v3-2001725-2001999-2.68","1G68+8N89G91G116I=AATAAT153G191+9N",221,1,1
"IM-23-122-KXSC","8039832262","Maziba","Pf3D7_13_v3-1725124-1725365-2","TGGAAATTGTTCCCATTTATTCATTTTTTCTTCATATACTTCAATAGAATTTAATCTCTCACCATTAGTTCCACCAATGACATAAATTTTATTATCAAAAGCAACACACATAGCTGATGATCTAGGGGTATTCAAAGGTGCCACCTCTACCCATGCTTTCATACGATGATCATATGCTTCTAC","Pf3D7_13_v3-1725124-1725365-2.1","23+8N",2813,1,1
"IM-23-122-KXSC","8039832262","Maziba","Pf3D7_03_v3-221463-221712-1B","ACTTGAATACCATTTCCACAAGTTACACTACATGGGGACCATTCAGTTGAAAGAGAATTTTGTATTTCCTTTAAATATTTTTCTATGTGCTTATCACTTGGTTCTTCGTTATTATTATTTTTTACAGCATTGTTGGCATTAGCATTTTCATTTACATTTCGGTTTGGGTCATTTGGCATATTGTGACCTTGTC","Pf3D7_03_v3-221463-221712-1B.11","68C69C80T83C117+8N130T152T",45,0.073051948051948,3
"IM-23-122-KXSC","8039832262","Maziba","Pf3D7_13_v3-1725379-1725652-2","ATTATTTCTTCTAGGTATATTTAAATTACTTGAAACATACCATACATCTCTTAAACGATCATACACCTCAGTTTCAAATAAAGCCTTATAATCATAGTTATTACCACCAAAAACGTATAAGAAATTATTCAATACAGCACTTCCAAAATAAGCTTTTTTGGTAGACATAGGTGTACACATACGCCAGCATTGTTGACTAATATCTAATAATTCCA","Pf3D7_13_v3-1725379-1725652-2.1","153+8N",404,1,1
"IM-23-122-KXSC","8039832262","Maziba","Pf3D7_03_v3-221463-221712-1B","ACTTGAATACCATTTCCACAAGTTACACTACATGGGGACCATTCAGTTGAAAGAGAATTTTGTATTTTCTGTAAATATTTTTCTATGTGCTGATCACTTGGTTCTTCGTTATTATTATTTTTTACAGCATTGTTGGCATTAGCATTTTCATCTACATTTCGGTTTGGGTCATTTGGCATATTGTGACCTTGTC","Pf3D7_03_v3-221463-221712-1B.6","69C71G80T83C92G117+8N130T",570,0.925324675324675,3
"IM-23-122-KXSC","8039832262","Maziba","Pf3D7_13_v3-1465616-1465890-1A","TCTTGTGGATTATTATCTATTATATTTTCTTTTGGTTCTTCGACAGCAAAATTATCTCCTCTTGGTCTAGGTTCATCATCTTCGGGTTCATGTGGAACATCTAATGGTTCCCGTTTTGGAGGACATCTTTCTTCTTCACATTGTTCTTGTATTTCACTTGTACATCCTTCGTGTAAGATTTCTCTTTTTCTTGACCTGGTACCTTTACCACAAGTTACACTACATGGAGA","Pf3D7_13_v3-1465616-1465890-1A.16","30T38C74C92G121G152T",958,0.901222953904045,2
"IM-23-122-KXSC","8039832262","Maziba","Pf3D7_03_v3-653961-654206-1A","CTCGTACAATATTTTTATAATTTCCTTTCATCTTATTTTTTTCTTTATATTTTTTTTTTTCATATGTAAGATTTATATAATCACTTTCGCTTTTTCTAACGCTTTTGAACTTTTTAAATGTACTTCGTTCATTATTTCTAATTCTCGTAAACACAAGAATAAATATTTTGATATATCTTATA","Pf3D7_03_v3-653961-654206-1A.1","35+9N49+13N101G",800,0.909090909090909,2
"IM-23-122-KXSC","8039832262","Maziba","Pf3D7_03_v3-653961-654206-1A","CTCGTACAATATTTTTATAATTTCCTTTCATCTTATTTTTTTCTTTATATTTTTTTTTTTCATATGTAAGATTTATATAATCACTTTCGCTTTTTCTAACCCTTTTGAACTTTTTAAATGTACTTCGTTCATTATTTCTAATTCTCGTAAACACAAGAATAAATATTTTGATATATCTTATA","Pf3D7_03_v3-653961-654206-1A.2","35+9N49+13N",80,0.0909090909090909,2
"IM-23-122-KXSC","8039832262","Maziba","Pf3D7_14_v3-1992121-1992370-1A","ATTAAAACATTCCAACAATTTTATTTCCTTCTTTATAAAATTATATAAATTAATTATTTTCTTTTTATCACATTCAAAGACGGCATAAGGTGCACCCCATGAACATTTTTTACTTTTGCTACCATCAGGCATAATATAAACACCAGTACCATTTTTTTCTGATAAATTAATATTTTTTTGTATAACATCATA","Pf3D7_14_v3-1992121-1992370-1A.1","105+8N151+9N172+9N",306,1,1
"IM-23-122-KXSC","8039832262","Maziba","Pf3D7_14_v3-2004362-2004606-1A","TATTTCCATATTATTGTAATAGGGCTTTTTCTTGCTCTTCTAATTTTTGTATATCTTGCTTATCCTTATCTAATTGTCCAAGAGCATTTAATTCATCTTCTACATTTATTTTATTTTCTTGAGAATATTCTTCAATTTTGTCTTCGAAACTGTTATATAATCTATTTATAATTGGTTG","Pf3D7_14_v3-2004362-2004606-1A.1",".",612,1,1
"IM-23-122-KXSC","8039832262","Maziba","Pf3D7_13_v3-2114242-2114482-1A","CTTCCATTAACTCAATATATAATTTATTAATAATTTTTAATTTGTTTATTTCAAAAAGGCATAGTTTTAACAAGGCTCTTAAGGTTCTATTACCCCCTAAGAGGTTAAAATGAATATTTCCTTTTTCTCGTATATGCAAAAAATCCCTTAACAATAAATCATATTCATCAGTATGAAATGT","Pf3D7_13_v3-2114242-2114482-1A.2","137+8N",129,0.0913597733711048,2
"IM-23-122-KXSC","8039832262","Maziba","Pf3D7_13_v3-2114829-2115090-1A","ATTCAATATATATAAAAATATAGCTAATAAACATTTCAAATCTCCATTAAGAACTTTATTCATCTTAACAAAAGCTCTATGAACTTCTGTATCTATAGTCGATTTTGTTATTCTAAGCATATCATTAAGTAAAAAATTTACGGTATCGACATTAACAGTGTAATAATTTCTTCCTAAATTTAAATGTTCTAAATAATTCAA","Pf3D7_13_v3-2114829-2115090-1A.1","130+8N192A",1085,1,1
"IM-23-122-KXSC","8039832262","Maziba","Pf3D7_07_v3-1066661-1066903-1A","TATAGTTTTGTAATTTATTGGTATGTGTTGTTAAAGGAGAATTTTTTTAATATCCCTTGTCATGGGCAAAATGAGAAAAAAGAAATAAAAAACTTTTATGTTCAACATGAAGATATTTGTGAACACACTATTGGTAATCATATGTTAGGTGATAAATTAAAAATGTGTACATCTAATATTAATG","Pf3D7_07_v3-1066661-1066903-1A.1","4A41+9N75+8N86+8N",2408,1,1
"IM-23-122-KXSC","8039832262","Maziba","Pf3D7_07_v3-1149367-1149613-1A","TATTTGACTAGTCGAATAATATTTAATATTTTTGTTTAGGAAGTTTTCAAAATTGATGACATTGATAACCGTTTTTATTAAATCGCTTGGGTTGTTTGTGTGTTCCATTGTAGAAGACATAATTTTAAGAATGTGTTTTTGTGTTATTAAACAAAACTTTGTTACTATATGGAATCGTATGTTAT","Pf3D7_07_v3-1149367-1149613-1A.2",".",2596,1,1
"IM-23-122-KXSC","8039832262","Maziba","Pf3D7_08_v3-1386795-1387043-1B","TCCTTTGTCGCAGCATGCCTTTCATTAGCTGCTATAGCTTGTGTTATCTTAACTTCATTATAAAAAAAATATACTTCGATAAAAGGTACATATACCATGCTGGTCAATGATATTAGCATGCGACATTCTAATATATCCATTATGAACAAGGTGAACAAGAATATTGGGATTATTGAAATTGTCTGCATTA","Pf3D7_08_v3-1386795-1387043-1B.1","61+10N",628,1,1
"IM-23-122-KXSC","8039832262","Maziba","Pf3D7_04_v3-1113397-1113639-1A","GATTCTGCATGCAGTAATGAATCTATTGAAATCATCTAAGAATAAACTTTTTTGTTTAAACCATTTATTGAACATTTCACTTAAATGTGATTCAATTTTTTTTTCTGAGCTTTCCATAATTTGATTACAACTATTCAATTTGTTTGTATAAGTTTTAGGTGTTATTATTCTTTTACGTTTTAAATCATC","Pf3D7_04_v3-1113397-1113639-1A.6","47+8N95+11N161G",1855,0.896135265700483,2
"IM-23-122-KXSC","8039832262","Maziba","Pf3D7_08_v3-336421-336651-1A","TAACAACGAACCCATAAATTTACAGAAAAATTTAGATTTAATCATATGGCTAAAAAAGAATATAAAAGAAGGAGAAGCTTTAATTTCTGATATACCTACATCAAGTTTTTTAAGGTGTACTACAAATTATAAATTTGTATTGCATCCCCAATATGAAGATAGT","Pf3D7_08_v3-336421-336651-1A.3","51+8N97T105+8N148C",1733,0.911625460284061,3
"IM-23-122-KXSC","8039832262","Maziba","Pf3D7_04_v3-133581-133830-1A","CTCTCGATTATCATTACCTACTTCAGTCTTTACAATTGTAGGAGGTGTTTTAACATGATTATCCCCTCCATGAGGAGTAACCCTTAAAGGTTCTTCTTGAATATTTGGTGTCGCTTCGCCTGTTTCTGTAGAAAGGATATTTATTCTATCAACATATTCATCACCTTCTTCAACTGTACTATTTAAA","Pf3D7_04_v3-133581-133830-1A.1",".",243,0.893382352941177,2
"IM-23-122-KXSC","8039832262","Maziba","Pf3D7_03_v3-515418-515657-1A","TTTCTTTAATTTCTATATGTTTGAATTCCCTTATAGACATATTTGAATCATTATTACTTTTATATGAAGTGTTATTATCGAAATTATTATTAATACATTTTATTTTAATGATTTTGTTAAAATTTTTATTATTTACTATAATGGAAGTCAGATATGTACTTATCGTATGGAAAGCTAATCATCAACA","Pf3D7_03_v3-515418-515657-1A.1",".",3075,1,1
"IM-23-122-KXSC","8039832262","Maziba","Pf3D7_04_v3-133928-134154-1A","TTTTGAAATATCTAATTTATCCATTTGCCTTTTTATTTCATAGTCCCAACTACTTACCCAGGTATTAAAATTAATACAATCCTGTTCTGCATATTTTATGGCTTTTAAATCCCTCAATTTAGTAGCCCTATCTTCACAATAATCTTCTAATATTTTAAT","Pf3D7_04_v3-133928-134154-1A.1","21C",1571,0.91656942823804,2
"IM-23-122-KXSC","8039832262","Maziba","Pf3D7_13_v3-388138-388408-1A","ATATATCTTTATTCATATGTTCTATATATTGTCTTTGTCTCTTTTCCTTTCTCATATCAGATATTATTGAATAATTTCCTTTATCACATACATATCTAGGATTATGTGATAATTCATAAGCTGCTCTTTTTAAAACTCTATTCTTTTCTTTAAAACTATTAAATTTTATATTATTGTTCATATTAGATGTGTTACTTTTAATAATA","Pf3D7_13_v3-388138-388408-1A.2",".",860,0.913921360255048,2
"IM-23-122-KXSC","8039832262","Maziba","Pf3D7_08_v3-476232-476475-1A","CAAACACATGATAAACAAAAGTGTAAGGAAAATTTTTCAAATTCATTTGTTAATGAAATATATGAAAAAGAAGAAAAAGAAACGCAAAAAATGAAAGAATATTTAGAACAACATGAAGAACATTTTTCAACGTTTAGAAATTCAATTTTATGTAAATTAAGAATAGCTGAAGAATT","Pf3D7_08_v3-476232-476475-1A.1","85+8N",3,0.00317460317460317,3
"IM-23-122-KXSC","8039832262","Maziba","Pf3D7_13_v3-479569-479811-1A","CTAGAGACGAATTTGATGATAAAAGAAAATTAAAAGAAGAGAAAATTAAACAATGCCAACTATTAAATGAAAAACAACTAGAAGAAAAAGAAAAAGAAAAAAGAATTCTGAGAGAAAAAGCTGTTGAATATACCTTACAAAATGAAGAAGAATATAAACAACTAAAACGAAAATT","Pf3D7_13_v3-479569-479811-1A.1","96+8N",89,0.0737976782752902,2
"IM-23-122-KXSC","8039832262","Maziba","Pf3D7_08_v3-476232-476475-1A","CAAACACATGATAACCAAAAGTGTAAGGAAAATTTTTCAAATTCATTTGTTAATGAAATATATGAAAAAGAAGAAAAAGAAACGCAAAAAATGAAAGAATATTTAGAACAACATGAAGAACATTTTTCAACGTTTAGAAATTCAATTTTATGTAAATTAAGAATAGCTGAAGAATT","Pf3D7_08_v3-476232-476475-1A.3","15C85+8N",86,0.091005291005291,3
"IM-23-122-KXSC","8039832262","Maziba","Pf3D7_08_v3-549583-549807-1B","ACGTGCTGTTCAAAGAATGTTTGAAATGATAAATGAAGGTGCTAGTGTTATAGATATAGGTGGAGAATCCTCTGGTCCTTTTGTTATACCTAATCCAAAAATTAGTGAAAGAGATTTAGTAGTACCTGTATTACAATTATTTCAAAAAGAATGGAATGATATAAA","Pf3D7_08_v3-549583-549807-1B.1",".",1614,1,1
"IM-23-122-KXSC","8039832262","Maziba","Pf3D7_07_v3-432832-433091-1A","TTGAAAAAGTCATCATCAGAATGGGGATGATTATTATTGTTATTATGAGTTTGGTTCGTATTAATATTATGCTCCTTTTCGTTATTTAATTTATGTTCATTTATATTTTTATAAATAAATAATTTTCCAAGAAGTATACCATTAATAAACTTACTAGTTAACATATTAGACTGCTCAATATTTGTACATTTTTTTAATGTATGTATT","Pf3D7_07_v3-432832-433091-1A.1","30+17N188+9N",10,0.00729394602479942,4
"IM-23-122-KXSC","8039832262","Maziba","Pf3D7_11_v3-1127074-1127316-1A","AACATTTTAATATTCCTAATTTCGAAAATATGATGAAAGGAGTTTTTGGAATTATTCAAAATCCTTTTGAAAATGGCCAACCCACTTTCCCATTCTTTAAAAATATTAATTCGATCTCTGGAATCGGTAATGTTGATATCCCCAAAAATTTTATGAATGATTTTTTGAATAATGGAAATGATCAAAACA","Pf3D7_11_v3-1127074-1127316-1A.1","13T160+8N",6,0.00361663652802893,2
"IM-23-122-KXSC","8039832262","Maziba","Pf3D7_11_v3-115913-116184-1A","ACCTCCAGATGTTATAAATATTATATTATCATCATCATTTGGAAGGAAATTCTCCTCTAATGTTTTTAATATTTCATCTATATTTTTAGGTCTCAATTTACTATTGAAAAATTTTGAATACTTCAAAAAATAATCATCATCTTTTACATTACATATATTATCATTATTTTCATTTTGTTTTAGTAGTTCATCTTTTTTATTATC","Pf3D7_11_v3-115913-116184-1A.1","7A124+8N197T",276,0.985714285714286,2
"IM-23-122-KXSC","8039832262","Maziba","Pf3D7_06_v3-1128558-1128797-1A","ATTGAATCGTTGGTGTTTATTTTATTATTCCTCTTTTGTTTTTCAATGAATACAAATGTTTCATCGACACTATCTTTATGATCTATTGGTATGGCATGATTTTCTAAATTGCTATTTCTTTCATTAGAATTGTATTTTTCACTATTATAGGTTGAGGTTTTACTACATTTTATATTTTT","Pf3D7_06_v3-1128558-1128797-1A.1",".",974,1,1
"IM-23-122-KXSC","8039832262","Maziba","Pf3D7_06_v3-1135605-1135855-1A","TATAAAGAATTTATACCACCTAAATTGTTAACATTAGAAGTATTATTTGTTTCTGTATTTTCTTGTAACGTATTTGTATTATTAATATTGTTAGATGAAATATTATGACTATTTCTTCTATTTGTTATATTTAAATTGTAAATAGTTTCATTACTAACACTACTGATACCACTGAAATGATTATTTAG","Pf3D7_06_v3-1135605-1135855-1A.2",".",6,0.00688073394495413,2
"IM-23-122-KXSC","8039832262","Maziba","Pf3D7_07_v3-717260-717493-1A","GAGCTTGCTTTTTTGTTGCGTTACTTGCTGGGCTGATCAAAAAAAAAGTTGAATGTATTGAACTTAGTGCCAGCGAAATTTCCCCTCATGAAAACAAATCGACGAGTTCATCAATATTCCAAGAGGAATTAAAATTTGATAAGTCTCTGAAAAATTTTTTCAAACAA","Pf3D7_07_v3-717260-717493-1A.1","8+8N38+11N154+8N",1637,0.997562461913467,2
"IM-23-122-KXSC","8039832262","Maziba","Pf3D7_07_v3-717260-717493-1A","GAGCTTGCTTTTTTGTTGCGTTACTTGCTGGGCTGATCAAAAAAAAAGTTGAATGTATTGAACTTAGTGCCAGCGAAATTTCCCCTCATGAAAACAAATCGACGAGTTCATCAATATTCCAAGAGGAATTAAAATTTGATGAGTCTCTGAAAAAATTTTTCAAACAA","Pf3D7_07_v3-717260-717493-1A.3","8+8N38+11N141G154+8N",4,0.0024375380865326,2
"IM-23-122-KXSC","8039832262","Maziba","Pf3D7_06_v3-1136091-1136364-1A","CATTATTTTTGTATCCAACGTCGTTATTATTAAAACTTATTATTTGATTAATAACTGACGAACCACATATATTTACACAATGGAATACATAACTTAAGAAAGAGTAGTAATTGCATTTTACTTTTTGCATTTTCCCTCTGGTGGAGAAATAATTATTATGCTGCTTATTACTTTTTGTATTATGATAATTTTTGGTAATCATTTTTTTT","Pf3D7_06_v3-1136091-1136364-1A.2","201+9N",6,0.00845070422535211,2
"IM-23-122-KXSC","8039832262","Maziba","Pf3D7_13_v3-1419363-1419626-1A","TTTTGAAATCTGTATATTTTTTATCATGTTCATCGAGATTTATTTTGTTCTCTCTGTTTGAAATATCAACTACATGATTAAAAACATCTCCTAAATTATATAATTTCTTATCTAGGTCTTTTCGAAATGTCGATTCTCCTCCTTGTGCTGGTTTTTGTACTTCTTTTCCTTGTGTTGATATCTCTTGTTCATTTTTAGATTGAG","Pf3D7_13_v3-1419363-1419626-1A.4","16+8N24T28G52C54C123C166T",292,0.929936305732484,2
"IM-23-122-KXSC","8039832262","Maziba","Pf3D7_13_v3-1419363-1419626-1A","TTTTGAAATCTGTATATTTTTTATCATGTTCATCGAGATTTATTTTGTTCTCTTTGTTTGAAATATCAACTACATGATTAAAAACATCTCCTAAATTATATAATTTCTTATCTAGGTCTTTTCGAAATGTCGATTCTCCTCCTTGTGCTGGTTTTTGTACTTCTTTTCCTTGTGTTGATATCTCTTGTTCATTTTTAGATTGAG","Pf3D7_13_v3-1419363-1419626-1A.5","16+8N24T28G52C123C166T",22,0.0700636942675159,2
"IM-23-122-KXSC","8039832262","Maziba","Pf3D7_02_v3-628941-629172-1A","ACTTTTTTTAGATTTTTCTTGATCGTTTTCATCATTTTTTATTTCCTGTTCATCTGAGGTTTTCTTTTGTAAACGCTTAGTGCGTTCCTTTTGACCTTTTAATTTTTTTTTAAATATATTTTTAACTTGATCAATGAAGAAAGCATAATCTTGTATGACAGAAAATCT","Pf3D7_02_v3-628941-629172-1A.3","2+9N34+8N102+11N",112,0.102283105022831,2
"IM-23-122-KXSC","8039832262","Maziba","Pf3D7_14_v3-921176-921432-1A","ACAATATTAATTTTATAAGTTCATTATTTCAATTTTATATTTAGGAGGATCTATATCCATATATTATTCATTTTAAAAATATTAAAATAAATACATATATAAATATATAAACATATAAAAACAGTCTTTTAAAAATTAATAAGATTTATATAAAATATGGTTATAAATCCTATTTTGTATTATATCAAA","Pf3D7_14_v3-921176-921432-1A.1",".",45,0.101809954751131,2
"IM-23-122-KXSC","8039832262","Maziba","Pf3D7_13_v3-156456-156685-1A","ATTATATGATATTTATATAAAATTAGAAAATCTAATTTTAGAAAAAATAACTGAAAGTATATACAATAGTACACCTCCATATAGAGTTATTATGTTCGAATTAATGACCAGATTATTTCGATTTTATACAAAACCAATAGACCTTATTATTACTATGAATACAC","Pf3D7_13_v3-156456-156685-1A.1","41+8N",545,1,1
"IM-23-122-KXSC","8039832262","Maziba","Pf3D7_06_v3-1197245-1197515-1A","CATTAGGAAAAACAACAGATCCTTCTTCCATACCATAAATACATAAATCATTTCCACTAATCTTTTCTAAATATTGCACAAAAGAATCAATATCATTATAAGATGACATCTTCTTTCTTATAAAATCTAATTGAGCTTTGGTAAATCGAAAACAATTAATATATTTTATTACTTCATATACACCAGCTAATATAGCAAATTGAC","Pf3D7_06_v3-1197245-1197515-1A.3",".",834,0.92358803986711,2
"IM-23-122-KXSC","8039832262","Maziba","Pf3D7_11_v3-1968050-1968296-2","TCATTACACTAGTCATGATTGGTTTAGATTATTACGCCAAGGGAATAAAGCTCAAAATTCCATTTCTCAGGAAGTAGACATATTAAAGGAAAAGTATAAAAAATTAATTTCAGAGGAAGACAATAAAAAAGAAAATAACAATAATAATGATGATGAAGTAAAACCAGAACTAAAAGACAATATA","Pf3D7_11_v3-1968050-1968296-2.1","87A97+8N124+8N",1864,1,1
"IM-23-122-KXSC","8039832262","Maziba","Pf3D7_03_v3-221185-221419-1B","AAATAAATTAAATAGGAAAATATAAAGAAAAATGAAAATTAAGAAAAAAAGTAGTATATATTTTTATAAATATTGTACAACTCAAACTAAGATGTGTTCTTTATCTAATTAAGGAACAAGAAGGATAATACCATTATTAATCCTATTGAACTATTTACGACATTAAACA","Pf3D7_03_v3-221185-221419-1B.1","43+9N",712,1,1
"IM-23-122-KXSC","8039832262","Maziba","Pf3D7_11_v3-408285-408534-1A","TATGAAGAAGGTTTAAAATATTGTGCGTCATCAATTAATTTATGGATATGTGCTATCGATTTACAAATAGAAAAAAAGAATTATACAGGTGCTAGAGCTTTGACGGAGAAAGCAAAAATCAAAATCAAGTATTTAAATTCTTTTAATAATAATAGTCATATTTTAAAAAGTAAAGAAATTATTGAA","Pf3D7_11_v3-408285-408534-1A.1","70+9N",919,1,1
"IM-23-122-KXSC","8039832262","Maziba","Pf3D7_14_v3-120101-120365-1A","TTTTACAACATTATTTTTTTCTTCCTCCTCAGATAAAATAGGTACACATATCGCGTCCTTATCACATCCTCCATTGTTTACCTTACAATGTTCTTCGCATTCGAAATTTTTTTCAGGATTACTTGAAAAGCCTTCTGGACAATTACAATATTCATATCCATGAGCATTCTTACAAACACCTTTTCCACAATTTAAAA","Pf3D7_14_v3-120101-120365-1A.1","13+9N106+9N165C",512,0.986512524084778,2
"IM-23-122-KXSC","8039832262","Maziba","Pf3D7_14_v3-120101-120365-1A","TTTTACAACATTATTTTTTTCTTCCTCCTCAGATAAAATAGGTACACATATCGCGTCCTTATCACATCCTCCATTGTTTACCTTACAATGTTCTTCGCATTCGAAATTTTTTTCAGGATTACTTGAAAAGCCTTCTGGACAATTACAATATTCATATCCATGAGTATTCTTACAAACACCTTTTCCACAATTTAAAA","Pf3D7_14_v3-120101-120365-1A.2","13+9N106+9N",7,0.0134874759152216,2
"IM-23-122-KXSC","8039832262","Maziba","Pf3D7_14_v3-137398-137668-1A","ACCATTCATATTTTCTAGGTTTGTTTAACCAATTACATATATATAATATATTACAAAATAATTGTTTTAATAATATATGTTTAGTTAATATTAATTCAATACTACTTAATTTATTTCTTATATTTTTTAAAAGATCTTCATAAACAAAATCAAAATTATCTATTAATAATAAATAACCAAATCTTTTATGCACATTTTTTATTC","Pf3D7_14_v3-137398-137668-1A.1","122+8N191C194+8N",104,0.920353982300885,2
"IM-23-122-KXSC","8039832262","Maziba","Pf3D7_14_v3-137398-137668-1A","ACCATTCATATTTTCTAGGTTTGTTTAACCAATTACATATATATAATATATTACAAAATAATTGTTTTAATAATATATGTTTAGTTAATATTAATTCAATACTACTTAATTTATTTCTTATATTTTTTAAAAGATCTTCATAAACAAAATCAAAATTATCTATTAATAATAAATAACCAAATCTTTTATGTACATTTTTTATTC","Pf3D7_14_v3-137398-137668-1A.2","122+8N194+8N",9,0.079646017699115,2
"IM-23-122-KXSC","8039832262","Maziba","Pf3D7_14_v3-1392837-1393086-1A","ACATGTATTGTCCCCAGCATGAATCGGGTGATAAATATTATCAAGCGTATCAAAAAATGGATTGTAATTATTACTACTATTCATATCATTATTTTTTGTGGTGGTGGACTGTGAAATGTTTTCCTTATGATTTTGACTTGTGTGTATATCCCTACCAACAACATATTCAACATTATTATTATCAAAAA","Pf3D7_14_v3-1392837-1393086-1A.2","51+8N91+8N",1206,1,1
"IM-23-122-KXSC","8039832262","Maziba","Pf3D7_05_v3-958372-958608-1B","ATTTATAACAATTTTTACATATGCCAGTTCCTTTTTAGGTTTATATATTTGGTCATTAATAAAAAATGCACGTTTGACTTTATGTATTACTTGCGTTTTTCCGTTAATTTATGTTTGTGGTGTCATATGTAATAAGAAAGTAAAATTAAATAAAAAAACATCTTTGTTATATAATAACAATACC","Pf3D7_05_v3-958372-958608-1B.2","60+8N151+9N",1294,0.89426399447132,2
"IM-23-122-KXSC","8039832262","Maziba","Pf3D7_13_v3-388138-388408-1A","ATATATCTTTATTCATATGTTCTATATATTGTCTTTGTCTCTTTTCCTTTCTCATATCAGATATTATTGAATAATTTCCTTTATCACATACATATCTAGGATTATGTGATAATTCATAAGCTGCTCTTTTTAAAACTCTATTCTTTTCTTTAAAACTATTAAATTTTATATTATTGTTCATATTAGATGTGTTCCTTTTAATAATA","Pf3D7_13_v3-388138-388408-1A.1","194C",81,0.0860786397449522,2
"IM-23-122-KXSC","8039832262","Maziba","Pf3D7_11_v3-1006693-1006917-1A","GTGGGGGAGAGAATTTTACCTTGATATGCTCCCATGTTTTATCCTTTATACAATACATATAAGTGTCATTGGTAATATATGACCCTCTTTTACCTCCGTAAAGAAATAAACAATCTTCTTTTTTTTCAGTGGAGTAAATTAAATTTAATTTTGCAAAATAGCGTGG","Pf3D7_11_v3-1006693-1006917-1A.1","118+10N",202,0.370642201834862,2
"IM-23-122-KXSC","8039832262","Maziba","Pf3D7_09_v3-202854-203106-1A","AATATACAAAGAATGTATATGATAAAATATTCTTTGTCCTTTAAAATTTTTTGTTCTTGTACTTTGTTTTTTATAATCTATTAAATTCATATCTGATGAAATATCATATTTATATTCCCCTTTATGAGCATTTACAAAAGTTTCGTTATTTCTTTTATTAATATATGTATTTGAGCACATATATTTAT","Pf3D7_09_v3-202854-203106-1A.2","46+8N66+8N146T",137,0.0960729312762973,3
"IM-23-122-KXSC","8039832262","Maziba","Pf3D7_09_v3-595828-596094-1A","ATAATTTTTTCATCGTTCTTATACATTAATGATAAAGTCTTTTTGCAAAATTTTTTGAAGAGATCAGATTTGAGATAAAGACGTTTGGCTAATTTATACGAGAATTCGAGAGCATCTAATTTTATATTTAAACATTTTTTCGTATCCAATATATTATAATTTTGTTCATAAGTCTGTTCGTTTATATTATTTAATACTTTT","Pf3D7_09_v3-595828-596094-1A.3","4+8N50+8N134+8N180G",600,1,1
"IM-23-122-KXSC","8039832262","Maziba","Pf3D7_13_v3-2504481-2504734-1B","TAAAATGTGTTGATGATTTTAACAATATGGTTATAACGATAAAAGAGGAAGTAAACAATCATTGGGAAAATAATATATACAATAAAAAGGATATGGTTAATTATACAAATGAAAATTATAATGATAATATATTAACATATGAATATATTAATGAAACACTTAGAAAAGAAAAAAAAAGATATTATA","Pf3D7_13_v3-2504481-2504734-1B.1","168+11N",389,1,1
"IM-23-122-KXSC","8039832262","Maziba","Pf3D7_13_v3-2545065-2545291-1A","ATGATTCCTCAAAAGTTTAACATTCCACATAGTATCTGTTAAATTGATAGTTTGCAAACAATTATACGTTTGGTTATTTTTATTTTTAAAAAAGGATATATGATCATCTAAAGATTTATTTTTGAGAAAGATTTCCATATATTCATATATATCTTGGATACACCA","Pf3D7_13_v3-2545065-2545291-1A.20","87+8N157G",13,0.00564971751412429,2
"IM-23-122-KXSC","8039832262","Maziba","Pf3D7_04_v3-1005938-1006187-1A","GTCTTAACATTAATTCTAGTTACAAAGTTACATGGATTTATTGAAAAGATATTTTCGTCATTATATTTCTTTTTTTCCATATCTGTTTGATCATTTTGATATGTTTTCATATTATCCATATGTTCATTATTTTGATCAATATAATTTTTTTTTATAATAAATTTAGAATTATTTTTAAAGAAA","Pf3D7_04_v3-1005938-1006187-1A.2","15T16C61T69+9N144+11N",626,0.904624277456647,2
"IM-23-122-KXSC","8039832262","Maziba","Pf3D7_08_v3-336421-336651-1A","TAACAACGAACCCATAAATTTACAGAAAAATTTAGATTTAATCATATGGCTAAAAAAGAATATAAAAGAAGGAGAAGCTTTAATTTCTGATATACCCACATCAAGTTTTTTAAGGTGTACTACAAATTATAAATTTGTATTGCATCCACAATATGAAGATAGT","Pf3D7_08_v3-336421-336651-1A.1","51+8N105+8N",165,0.0867964229352972,3
"IM-23-122-KXSC","8039832262","Maziba","Pf3D7_08_v3-336421-336651-1A","TAACAACGAACCCATAAATTTACAGAAAAATTTAGATTTAATCATATGGCTAAAAAAGAATATAAAAGAAGGAGAAGCTTTAATTTCTGATATACCTACATCAAGTTTTTTAAGGTGTACTACAAATTATAAATTTGTATTGCATCCACAATATGAAGATAGT","Pf3D7_08_v3-336421-336651-1A.5","51+8N97T105+8N",3,0.00157811678064177,3
"IM-23-122-KXSC","8039832262","Maziba","Pf3D7_04_v3-109939-110184-1A","CAACATCTGAATTATATAAATCTTTAGAAAAACAACTAATATCCTTACTCCATATATTTATTTTTATACCAAGAATAACAGCCATATAAACCAAAACTCTCTCAAATGCATGTGATACAGGTAAATAAGAAAAATGGGTTTTCGGTTTCATGTTTTTTATTACATTATGATCACATAATGGTGCTACT","Pf3D7_04_v3-109939-110184-1A.2","51C108G152+8N",782,0.907192575406032,2
"IM-23-122-KXSC","8039832262","Maziba","Pf3D7_04_v3-133581-133830-1A","CTCTCGATTATCATTACCTTCTTCAGTCTTTACAATTATAGGAGATGTTTTAACATGATCATCCCCTCCATGAGGAGTAACCCTTAAAGGTTCTTCTTGAACATTTGGTGTCTCTTCGCCTGTTTCTATAGAAGGGATATTTTTTCTATCAGCATATTCATCACCTTCTTCAACTGTACTATTTAAA","Pf3D7_04_v3-133581-133830-1A.14","20T38A45A60C102C113T128A134G143T152G",29,0.106617647058824,2
"IM-23-122-KXSC","8039832262","Maziba","Pf3D7_08_v3-399693-399961-1A","CTTTTCTTCACCTTGGTTTATTACATTATTATTTTCATCATTGTGTTGAATGTCCTTATAAATATGTTCATTAATAATATCTTTGGAAGTATCTTCCATATTTTCTTCTTTATCAATTTTAAATACTTTTTCATAACTTTCATTTTCTTTTTTCTCCTTGGATGTTTCTAATTTATTCTCGTCATTTTTATCAAAATTATTTTTATAACTTTCA","Pf3D7_08_v3-399693-399961-1A.1","147+8N",817,1,1
"IM-23-122-KXSC","8039832262","Maziba","Pf3D7_11_v3-1295371-1295597-1A","AAGTAACATCAAATAATGAAGTTGTAGTTAAAGAAGAATATAAAGATGAATATGCAGATATTCCTGAACATAAACCAACTTATGATAAAATGAAAATTATAATTGCATCATCAGCTGCTGTCGCTGTATTAGCAACTATTTTAATGGTTTATCTTTATAAAAGAA","Pf3D7_11_v3-1295371-1295597-1A.1",".",1623,0.997541487400123,2
"IM-23-122-KXSC","8039832262","Maziba","Pf3D7_14_v3-771407-771633-1A","ACCCACGGGACATTTTAATTTATACCTATTGGAACATTTTTTATTAGGTCTTTCTTTATGATTCTTCTTTAAAATAGGTTCATCATTATTTGAGTAAACTAACAGATCATTATCGTTCTCAAATTTATTATAACCATCAATATTTTTATTTCCATATACATCTATAA","Pf3D7_14_v3-771407-771633-1A.2","36+8N108C124T",10,0.00339328130302002,2
"IM-23-122-KXSC","8039832262","Maziba","Pf3D7_14_v3-421322-421547-1A","TAAGAAAGATGAAGTAATAGAAAAAACTGAAGTATCAAAGAAAACATTTTCAGGTATAGGTTTTAATCTTACTGACAAAGAAGCTAAAGTATTAGGTGTAGGTGTAACCTATCAAGAATATCCAGAAACCATGTTATATAACTGTCCAAACAATTCTA","Pf3D7_14_v3-421322-421547-1A.3","20+8N76C",781,0.913450292397661,2
"IM-23-122-KXSC","8039832262","Maziba","Pf3D7_13_v3-479569-479811-1A","CTAGAGACGAATTTGATGATAAAAGAAAATTAAAAGAAGAGAAAATTAAACAATGCCAACTATTAAATGAAAAACAACTAGAAGAAAAAGAAAAAGAAAAAAGAATTCTGAGAGAAAAAGCTGTTGAATATACCTTACAAAATGAAGAAGAATATAAACAACTAAAAGGAAAATT","Pf3D7_13_v3-479569-479811-1A.3","96+8N168G",1117,0.92620232172471,2
"IM-23-122-KXSC","8039832262","Maziba","Pf3D7_13_v3-748254-748510-1B","ATACCAAAAAAAATAAAATAAAATGAAATAATAAATAAATAAATATACATATATTTACATATATATATATATATAATTACACATATTTTTGATTGAGGACAAATTACATGTCGTGTAGTTCGTCTTCCTTGTGCGTTTCAATCACACAATCCGATTTAGGATAACATGTACACAAAAGAATATATTTTTTCTT","Pf3D7_13_v3-748254-748510-1B.4","5+10N39+33N180+8N",373,1,1
"IM-23-122-KXSC","8039832262","Maziba","Pf3D7_05_v3-960810-961048-1B","TAATACAGGAAGCATTTTATAATATGCATACTGTTATTAATTATGGTTTAGAAGATTATTTCTGTAATTTGATAGAAAAAGCTATTGATTATAAAAATAAAGGACAAAAAAGAAGAATTATTGTAAATGCAGCTTTATGGGGATTCAGTCAAAGCGCTCAATTATTTATTAATAGTTT","Pf3D7_05_v3-960810-961048-1B.1","105+8N",1227,1,1
"IM-23-122-KXSC","8039832262","Maziba","Pf3D7_13_v3-1233093-1233332-1A","TCTATATGATCCTTATTTTTATCTTCATCACATTTATAATTTACATAATTTTCGACGTCATCATTTTCATTATTACTCATAATTGAATTATCCACAATGTTTGCCTCTTTTACAGCTTTACAAAGTTGGTAAAAAATATGATAATTCCTTTCACCTTCTTGTTGATCACACACCCGAACC","Pf3D7_13_v3-1233093-1233332-1A.1","130+8N",1588,1,1
"IM-23-122-KXSC","8039832262","Maziba","Pf3D7_13_v3-1265494-1265726-1A","TGTCATATACAGATTATAAAAATGATCATAGAATAAGCGAAATCTTAAATCGTTGTATTTTACGATTAAACGAGTTTGATCTAATTCATTTATCTTCTTTGGTCATATCTTTAAGTAAAATGAATTTTAGGAGTGTGTATTTTATGGAACAAGTACAAAAGAAATT","Pf3D7_13_v3-1265494-1265726-1A.1","144A",2,0.00078740157480315,4
"IM-23-122-KXSC","8039832262","Maziba","Pf3D7_13_v3-1265494-1265726-1A","TGTCATATACAGATTATAAAAATGATCATAGAATAAGCGAAATCTTAAATCGTTGTATTTTACGATTAAACGAGTTTGATCTAATTCATTTATCTTCTTTGGTCATATCTTTAAGTAAAATGAATTTTAGGAGTGTGTATTTTCTGGAACAAGTACAAAAGAAATT","Pf3D7_13_v3-1265494-1265726-1A.8",".",156,0.0614173228346457,4
"IM-23-122-KXSC","8039832262","Maziba","Pf3D7_07_v3-627351-627625-1A","TCACTAAGATAATTATTATTACTATTTTCAGCATAATAAAATTTCTGATGTTTCATAAGAGGAGTTTGGTTAGAAGCAAAATTATCAGCAGTTGTCGAATAATTATTATGTTCTTGATAAAAGAGATTATTCATATAGTTATTATTATTTTTCATATCATCCATAGTATTATTGTTAATATAAAATTCCTCATATGAATTATATATATA","Pf3D7_07_v3-627351-627625-1A.3","54C",3,0.00808625336927224,3
"IM-23-122-KXSC","8039832262","Maziba","Pf3D7_06_v3-1135605-1135855-1A","TATAAAGAATTTATACCACCTAAATTGTTAACATTAGAAGTATTATTTGTTTCTGTATTTTCTTGTAACGTATTTGTATTATTAATATTGTTAGATGAAATATTATGACTATTTCTTCTATTTGTTATATTTAAATTGTAAATAGTTTCATTACTAACACTACTGATACCATTGAAATGATTATTTAG","Pf3D7_06_v3-1135605-1135855-1A.1","172T",866,0.993119266055046,2
"IM-23-122-KXSC","8039832262","Maziba","Pf3D7_11_v3-1293919-1294168-1A","TCCATATCAAAATAGTAATGTGTATCATCCAATCAACGAACATAGGGAACATCCAAAAGAATACGAATATCCATTACACCAGGAACATACATACCAACAAGAAGATTCAGGAGAAGACGAAAATACATTACAACACGCATATCCAATAGACCACGAAGGTGCCGAACCCGCACCACAAGAACAAAATTTAT","Pf3D7_11_v3-1293919-1294168-1A.6","17A27A",2,0.00209643605870021,2
"IM-23-122-KXSC","8039832262","Maziba","Pf3D7_07_v3-729480-729750-1A","TGAATGTTCAGAAATTTTATATCACTTAAATCGTTTGAGTGAGTTAGATCAAATATTGTTGAAAGATAAAATAAGTATATATGAGTATCAGCTAAAGGACACGTTTTTAACAACGTATGATATAGGTTGTTTATTAAAAATAGCTCAAGTGTTGAATGAACAAAATTATTATGATAACATTCCATTTTTGCATATATTTTTATATAACATACATAA","Pf3D7_07_v3-729480-729750-1A.1","42A",35,0.0730688935281837,2
"IM-23-122-KXSC","8039832262","Maziba","Pf3D7_10_v3-1414599-1414832-1A","ATCTAGATCAACGAGGGAATATAACAACATCTCAAGGAAATTCACACCGTGCAACTGTTGTGCAACAAGCTGATCAAACCAACAGATTAGATAATGTAAACTCTGTAACGCAAAGAGGAAATAATAACTACAACAATAATTTAGAGCGTGGATTGGGTTCTGGTGCT","Pf3D7_10_v3-1414599-1414832-1A.1","70C",2258,1,1
"IM-23-122-KXSC","8039832262","Maziba","Pf3D7_05_v3-958079-958350-1B","TTTTTATATCTGTGTTTGGTGTAATATTAAAGAACATGAATTTAGGTGATGATATTAATCCTATAATATTATCATTAGTATCTATAGGTTTAGTACAATTTATATTATCAATGATATCAAGTTATTGTATGGATGTAATTACATCAAAAATATTAAAAACTTTAAAGCTTGAATATTTAAGAAGTGTTTTTTATCAAGATGGACAATTTC","Pf3D7_05_v3-958079-958350-1B.1","186+8N",238,1,1
"IM-23-122-KXSC","8039832262","Maziba","Pf3D7_11_v3-1006693-1006917-1A","GTGGGGGAGAGAATTTTACCTTGATACGCTCCCATGTTTTATCCTTTATACAATACACATAAGTGTCATTGGTAATATATGACCCTCTTTTACCTCCGTAAAGAAATAAACAATCTTCTTTTTTTTCAGTGGAGTAAATTAAATTTAATTTTGCAAAATAGCGTGG","Pf3D7_11_v3-1006693-1006917-1A.3","27C58C118+10N",343,0.629357798165138,2
"IM-23-122-KXSC","8039832262","Maziba","Pf3D7_07_v3-432832-433091-1A","TTGAAAAAGTCATCATCAGAATGGGGATGATTATTATTGTTATTATGAGTTTGGTTCGTATTAATATTATGATCCTTTTCGTTATTTAATATATGTTCATTTATATTTTTATAAATAAATAATTTTCCAAGAAGTATACCATTAATAAACTTACTAGTTAACATATTAGACTGCTCAATATTTGTACATTTTTTTAAAGTATGTATT","Pf3D7_07_v3-432832-433091-1A.7","30+17N72A91A188+9N198A",3,0.00218818380743982,4
"IM-23-122-KXSC","8039832262","Maziba","Pf3D7_02_v3-630641-630907-1A","CTAAGTTATCTAAAATTATTAATTTTTTCAAATATGGTAATTTATGTCTATGAAGTAATAAGCCATCAACTAAATCTAAATCTAAACATAACCATTCTAATTTCGTTTCATTTAATATGTTTACAATTACATCTATACTAAAGTTAGAATGTAAAATCAAGGTTGTTACACCACTCATCATAGCTGCCATATCAACAAT","Pf3D7_02_v3-630641-630907-1A.1","22+8N43T",631,0.925219941348974,3
"IM-23-122-KXSC","8039832262","Maziba","Pf3D7_06_v3-1197245-1197515-1A","CATTAGGAAAAACAACAGAGCCTTCTTCCATACCATAAATACATAAATCATTTCCACTAATCTTTTCTAAATATTGCACAAAAGAATCAATATCATTATAAGATGACATCTTCTTTCTTATAAAATCTAATTGAGCTTTGGTAAATCGAAAACAATTAATATATTTTATTACTTCATATACACCAGCTAATATAGCAAATTGAC","Pf3D7_06_v3-1197245-1197515-1A.1","20G",69,0.0764119601328904,2
"IM-23-122-KXSC","8039832262","Maziba","Pf3D7_11_v3-1902041-1902278-2","ATGAAACAAAATGTCCACCTAGATACCCTTTAAAATCAAAAGTTTTTGGAACCTTTGACCAAAAAACAGGAAAATGTAAAAGTCTCATGGACAAAGCATATGAAGTTGGAATTAATAAATTTTCAGTCTGTTTAGAATATTTATTTTTAGTATCACCTAAGGATTTATATAATAGCGGAAG","Pf3D7_11_v3-1902041-1902278-2.1","60+8N",2507,1,1
"IM-23-122-KXSC","8039832262","Maziba","Pf3D7_11_v3-1934962-1935236-1A","TGATGTGCCAATATTAAGGATACATTTTCTAAAGCTTCTATCAGATAATGAAAATTTTTTCTGCGATTTTCATTTAAATCATTAAATATATTGGTTAGTTCTTGTATTGACGTTTTTGGATCTAAGGATGTAATTTGTTCATTTAATTCTTCTGTATATTCTAGATTAAAGTTTAAATTATTAAAATAACCTTCAGCATTATTTTCATTTTT","Pf3D7_11_v3-1934962-1935236-1A.1","54+10N98G",145,1,1
"IM-23-122-KXSC","8039832262","Maziba","Pf3D7_11_v3-1950431-1950680-2","AGATATATTTCAAGGAAAGGATATGTGGAATGATGGGAAATATGGTGAAGCGAAAAATCATATTAAGAATGCTTTTGGTGATATGAACAATAGAAAAGCTATGTTAAATGAAATTGAGAAAGGAATTAAAGATGAAACGTTTAGTCGTGAAAATGGTTTAGACGTTTGTAAATCTCAATGTGAGGAAAG","Pf3D7_11_v3-1950431-1950680-2.1","98G",1287,1,1
"IM-23-122-KXSC","8039832262","Maziba","Pf3D7_06_v3-145285-145531-1A","TCAACAAAAGCTGATGAATCATCATAATTTGAATAAAATTTATCATTCACAATATTATATTTTTGTTTCTTCTTTTTTCCCATAATATTATTATTTTGTTCACAATATATGTTCATGTGTCCCCTCTTTTTCTGTAAAATATTAAAATGTTTCTTACTATGCTTTTCTTCATTTTTAATAACA","Pf3D7_06_v3-145285-145531-1A.1","72+8N165T",2329,1,1
"IM-23-122-KXSC","8039832262","Maziba","Pf3D7_06_v3-176108-176338-1A","ATTATTATTATTATTATTATGATGATGATGATGATGATCTGTGTTAAGATCATCTTCTATACCATTAGTTAAACATTTTATATTTTTATTCATATAAACATTAATCTTCACAACAGATTTATCAGATCTAGAAAATCTTGTACCTGTTGCTTTATGTAACAATAT","Pf3D7_06_v3-176108-176338-1A.1","1+38N",1153,0.957641196013289,3
"IM-23-122-KXSC","8039832262","Maziba","Pf3D7_12_v3-1959644-1959891-1A","ATGGGAAGACGATAAGAGAAGAGAAATTAATTTCTGAGGGAGCGTATTCATTTGTTTATATGGCGAAGGATTTAAACACGAATCGAGCTTATACTATAAAGAAGACCATATGTCAAGATAAAGAGAAAATAGATATGGCGAAAAAAGAAATCAACATTCTTAAAAGTTTACCTCCACATAAAAATATA","Pf3D7_12_v3-1959644-1959891-1A.1","143A",95,0.100956429330499,2
"IM-23-122-KXSC","8039832262","Maziba","Pf3D7_13_v3-2840462-2840736-1B","AATAAACACATATGTTTATTAATAAAATTGTTAGTTATTTTTATGTATACATAATAAATTAAAGATACTAAAACAATATTTTTAAATGTAAATAAATGAATAATGATATTATTTATATGATTCATCATTCTATATTTACATGGAAGATTAAAAAATTATATATATATATATATATATGGTAATTTCTGTGTTTATGTTTTTATTTTTATAATA","Pf3D7_13_v3-2840462-2840736-1B.10","149+23N",11,1,1
"IM-23-122-KXSC","8039832262","Maziba","Pf3D7_11_v3-1295103-1295335-1A","ACTACTGCTTTGTCCCATCCCATCGAAGTTGAACACAATTTTCCATGTTCATTATATAAAGATGAAATAAAGAAAGAAATCGAAAGAGAATCAAAACGAATTAAATTAAATGATAATGATGATGAAGGGAATAAAAAAATTATAGCTCCAAGAATTTTTATTTCAGATGATATA","Pf3D7_11_v3-1295103-1295335-1A.6","34C71A132+9N173T",1905,1,1
"IM-23-122-KXSC","8039832262","Maziba","Pf3D7_13_v3-1406713-1406975-1A","TTTCATGTCTTCTTAAATATGTTTTAAATTCATTATTTAATTTTTCATCATATTTAGGTACATTTTTTTTTGGAAATCTAGATGTTTCATTATTATCGTGATTTGATGAATATATATAATGAGTTTGTTTAAAATGTGGTTCATTCAAATTATCTTTTTTCTTATCTTCGTGTATATTTTTATTATAATTTGAATACTTC","Pf3D7_13_v3-1406713-1406975-1A.1","6T62+11N154+8N",566,0.918831168831169,2
"IM-23-122-KXSC","8039832262","Maziba","Pf3D7_02_v3-503040-503288-1A","ATTATGATTAATAATAATATTTCTCATAATTTCGTTAAATACATCTAAACTATTTATAGAACCATCTATATCATCTTCATTCCTATTTTGGTGAACTGATTCGGTGTTTATAACATCTAAGGTGTCTTTTTCTTCTCCTCTGTAACTTTTTATAATTTTTTGATAAATGTTGTTATAAGAATTATCA","Pf3D7_02_v3-503040-503288-1A.1","155+8N",13,0.00765606595995289,2
"IM-23-122-KXSC","8039832262","Maziba","Pf3D7_14_v3-421322-421547-1A","TAAGAAAGATGAAGTAATAGAAAAAACTGAAGTATCAAAGAAAACATTTTCAGGTATAGGTTTTAATCTTACTGAAAAAGAAGCTAAAGTATTAGGTGTAGGTGTAACCTATCAAGAATATCCAGAAACCATGTTATATAACTGTCCAAACAATTCTA","Pf3D7_14_v3-421322-421547-1A.2","20+8N76A",74,0.0865497076023392,2
"IM-23-122-KXSC","8039832262","Maziba","Pf3D7_12_v3-233418-233671-1A","CAAAAATATCATTCCCCAAATTTGTACTACTAATTGTTCCAATAGTTCCTATAGTTGTGGTAATTTGCTCATATGTCTTTTTTCCTAAAGATTTATTAGACACATTTGAAGGATCATTATTTTGTTCCAAATTCTTGGGCACAGTATTATTACATGAGAATAATGAAAAGTTATTATCATAATTCTTTTGTT","Pf3D7_12_v3-233418-233671-1A.1","77+8N",112,0.098159509202454,2
"IM-23-122-KXSC","8039832262","Maziba","Pf3D7_12_v3-529495-529767-1A","GCTCCCCAAAAGTTAACTGCTTCATTATTTTGTGGATCCCAAAAACTAACATTCGTTACCCATCCAACATAATCGGTAGATATCCTATATTCATAACTACTACAGAAATATTTATACTCATGGTATACATTTGCATCATTTACATCTACCAAATTAACAGTTTTACACAAATTGTGAATGCCATTCAAGTTATAAAAACCTGTACAT","Pf3D7_12_v3-529495-529767-1A.2",".",7,0.00892857142857143,3
"IM-23-122-KXSC","8039832262","Maziba","Pf3D7_09_v3-270915-271160-1A","CTTTGTATGTATTATCTGTTGTTTTATCTTCACCTTGATTTCCTGTACTTGTAGATTCAGTAGATGGACCTTCAGAACCTGCTAATTCATCACTAGTAGATGCAGCACTTGTACTTTTAGATTGTTCTTTTAATGGTCCCATATATTTGTATAATTCTATTTCTAAATCTTGATCCTTGGTTTTTTCTTCTAA","Pf3D7_09_v3-270915-271160-1A.1","82C85A180+8N",1643,1,1
"IM-23-122-KXSC","8039832262","Maziba","Pf3D7_12_v3-529495-529767-1A","GCTCCCCAAAAGTTAACTGCTTCATTATTTTGTGGATCCCAAAAACTAACATTCGTTACCCATCCAACATAATCGGTAGATATCCTATATTCATAACTACTACAGAAATATTTATACTCATGGTATACATTTGCATCATTTACATCTACCAAATTAACAGTTTTACACAAATTGTGAATTCCATTCAAGTTATAAAAACCTGTACAT","Pf3D7_12_v3-529495-529767-1A.4","180T",714,0.910714285714286,3
"IM-23-122-KXSC","8039832262","Maziba","Pf3D7_03_v3-980853-981120-2","TAAGATTCTTTTGAGTTATTTATTTTCCAAATAATTTGGTTATATATATATGAAAATTCGATCATACCACATGCTCCAAGAATAATAGATGCATCGTCATTATATTGGAATGTAAAACTTTCATCATACTCATTTGTATTAGGTACACAAGAATCATCTTTATTTTTATAATTTTCTTTACATGTACAATTAATTTTACTATATT","Pf3D7_03_v3-980853-981120-2.1",".",219,1,1
"IM-23-122-KXSC","8039832262","Maziba","Pf3D7_04_v3-1037644-1037891-1A","GAAAGAGATTTAACAGATGATGCTGTGATTTTTGCACACTCACTTTATTTACCATTTGAAAAAGAAGAAATGTGGTGGATCGTTATCGGAATTAAAAAAATGAACTTACTTTTATCTATCAAAAAATTATCTTTATTGAAAAGTATCAATAATATAAAAATTAATTTCGAATTGCCTGACA","Pf3D7_04_v3-1037644-1037891-1A.2","93+9N120+8N145A",104,0.0667522464698331,2
"IM-23-122-KXSC","8039832262","Maziba","Pf3D7_04_v3-1083299-1083563-2","ATACACTTTCCATATGTAGAGGACTTATGATATATAGAATTATAAGATAAATGTTTATAATAATCTAAAAAAGTATAATGAGGTATTATAACAAAATCCAAATGTCCTTCTTTTTCTTGTAAAATATCAATAGAATTTGCAATGTTATAATTTGATAACTCTTTAAAATGATATTGTAAAAAATTAACATTTTTATA","Pf3D7_04_v3-1083299-1083563-2.1","66+8N177+8N",403,1,1
"IM-23-122-KXSC","8039832262","Maziba","Pf3D7_04_v3-109939-110184-1A","CAACATCTGAATTATATAAATCTTTAGAAAAACAACTAATATCCTTACTACATATATTTATTTTTATACCAAGAATAACAGCCATATAAACCAAAACTCTCTCAAATGCATGTGATACAGGTAAATAAGAAAAATGGGTTTTCGGTTTCATGTTTTTTATTACATTATGATCACATAATGGTGCTACT","Pf3D7_04_v3-109939-110184-1A.5","50A51C108G152+8N",80,0.0928074245939675,2
"IM-23-122-KXSC","8039832262","Maziba","Pf3D7_13_v3-1350855-1351093-1A","TCTTTTATATTAGTTGTTTCGTTATTTTCATTATGTTCCATATTTTGGTTATTTGTATATTTTATATTTTTTAAAAATTGGTAAATATATTCCGAGATGAAAGGTGTAAAAGGGGCCATAATTATTGTAAACAAATATAATGTTCTACATAAAACATTTAATGATTGGTGAGT","Pf3D7_13_v3-1350855-1351093-1A.1","66+8N",1604,1,1
"IM-23-122-KXSC","8039832262","Maziba","Pf3D7_13_v3-2814606-2814855-1B","TAGCGATAATGATCCTGCAGTAGTAAGTGGTAGAGAATCTAAAGATGTAAATCTTCATACTTCTGAAAGGATTAAAGAAAATGAAGAAGGTGTGATTAAAACAGATGATAGTTCAAAAAGTATTGAAATTTCTAAAATACCATCTGACCAAAATAATCATAGTGATTTATCACAGAATGCAAATGAGGACTCTA","Pf3D7_13_v3-2814606-2814855-1B.1","109T",1403,1,1
"IM-23-122-KXSC","8039832262","Maziba","Pf3D7_07_v3-403487-403750-2","AGGTTCTTGTCTTGGTAAATGTGCTCATGTGTTTAAACTTATTTTTAAAGAGATTAAGGATAATATTTTTATTTATATTTTAAGTATTATTTATTTAAGTGTATGTGTAATGAATAAAATTTTTGCTAAAAGAACTTTAAACAAAATTGGTAACTATAGTTTTGTAACATCCGAAACTCACAACTTTATTTGTATGATTATGTTCTTT","Pf3D7_07_v3-403487-403750-2.1",".",405,1,1
"IM-23-122-KXSC","8039832262","Maziba","Pf3D7_10_v3-1386657-1386909-1A","CGATTTTGGTAGGGAACAGGTTAAATATATTGAAGACGTGGTTTGATAATCAGGTATTTCTTTAATTAAATATTCATGATATTGTTCGTTAGATACATAAATTAATTCATCCTCCACATTTTGCTGTTCTGTTATAATTTGTGAAGAAGCTTGGTTTGTTTTATTTGGTAATTGCTCTTTTATGA","Pf3D7_10_v3-1386657-1386909-1A.4","109A160T",10,0.00672043010752688,2
"IM-23-122-KXSC","8039832262","Maziba","Pf3D7_10_v3-1386657-1386909-1A","CGATTTTGGTAGGGAACAGGTTAAATATATTGAAGACGTGGTTTGATAATCAGGTATTTCTTTAATTAAATATTCATGATATTGTTCGTTAGATACATAAATTAATTCGTCCTCCACATTTTGCTGTTCTGTTATAATTTGTGAAGAAGCTTGGTTTGTCTTATTTGGTAATTGCTCTTTTATGA","Pf3D7_10_v3-1386657-1386909-1A.1",".",1478,0.993279569892473,2
"IM-23-122-KXSC","8039832262","Maziba","Pf3D7_05_v3-958372-958608-1B","ATTTATAACAATTTTTACATATGCCAGTTCCTTTTTAGGTTTATTTATTTGGTCATTAATAAAAAATGCACGTTTGACTTTATGTATTACTTGCGTTTTTCCGTTAATTTATGTTTGTGGTGTCATATGTAATAAGAAAGTAAAATTAAATAAAAAAACATCTTTGTTATATAATAACAATACC","Pf3D7_05_v3-958372-958608-1B.1","45T60+8N151+9N",153,0.10573600552868,2
"IM-23-122-KXSC","8039832262","Maziba","Pf3D7_05_v3-958920-959168-1B","AATAATAAATCGAAAACCATTAGTTGAAAATAATGATGATGGAGAAACATTACCAAATATTAAAAAAATTGAATTTAAAAATGTAAGATTTCATTATGATACTAGAAAAGATGTTGAAATTTATAAAGATTTAAGTTTTACTCTAAAAGAAGGGAAAACATATGCATTTGTGGGAGAATCA","Pf3D7_05_v3-958920-959168-1B.1","61+9N",776,1,1
"IM-23-122-KXSC","8039832262","Maziba","Pf3D7_07_v3-432832-433091-1A","TTGAAAAAGTCATCATCAGAATGGGGATGATTATTATTGTTATTATGAGTTTGGTTCGTATTAATATTATGATCCTTTTCGTTATTTAATTTATGTTCATTTATATTTTTATAAATAAATAATTTTCCAAGAAGTATACCATTAATAAACTTACTAGTTAACATATTAGACTGCTCAATATTTGTACATTTTTTTAATGTATGTATT","Pf3D7_07_v3-432832-433091-1A.4","30+17N72A188+9N",105,0.0765864332603939,4
"IM-23-122-KXSC","8039832262","Maziba","Pf3D7_11_v3-1019050-1019319-1A","TCAAAACTTATTGCTACCGTAATACCTAAAGGAGGCATTTTACATAATCTTTTTACACTCGTAAGAATATTATTATAAAAGATTTCTTGATATCTATCATACATATGAATATTATTTAGAGATTTATATATATTATTATTTTGTTCATATAATAATATATTATTTAAAGACTTATCCATAATTTTTGTACATTTTATATTTTCTATA","Pf3D7_11_v3-1019050-1019319-1A.1",".",22,1,1
"IM-23-122-KXSC","8039832262","Maziba","Pf3D7_11_v3-1127074-1127316-1A","AACATTTTAATAGTCCTAATTTCGAAAATATGATGAAAGGAGTTTTTGGAATTATTCAAAATCCTTTTGAAAATGGCCAACCCACTTTCCCATTCTTTAAAAATATTAATTCGATCTCTGGAATCGGTAATGTTGATATCCCCAAAAATTTTATGAATGATTTTTTGAATAATGGAAATGATCAAAACA","Pf3D7_11_v3-1127074-1127316-1A.2","160+8N",1653,0.996383363471971,2
"IM-23-122-KXSC","8039832262","Maziba","Pf3D7_14_v3-3214249-3214516-1A","TAAATAAAAAAGGATTAGATGATTTAATAAAAGATTTGTTAAAATATTTTCCAAAGAATTCAATTAGCGATCGTTTTGAATTGTTAGAATTTAAAATGACGGAGGATTGTTATACAAAAATGTGGTTTGATTTTATGAGTGATTTTGGAATAGCTACAATGAATGAAAGCGAACATACTAGATCTTTTTATGGCTTAATCGAA","Pf3D7_14_v3-3214249-3214516-1A.2","5+8N169G194C",1621,1,1
"IM-23-122-KXSC","8039832262","Maziba","Pf3D7_14_v3-377765-378020-1A","AAAGATATATCAACTGAAAAGATTTTATCAAATAATTGCTTTAATAATAAGTTAAAAAATTGATTTCCAATATCTATCATATTCATATAATCTAATGATTTAAAAATATATAATATACTCTTTGGACTAAATTTTAATTCATCATTTATTATTCTCTCTTTTACTATTGTTTTAATTTGATTAAAATATATAA","Pf3D7_14_v3-377765-378020-1A.1","21G53+8N71T154C170T",395,1,1
"IM-23-122-KXSC","8039832262","Maziba","Pf3D7_13_v3-1265494-1265726-1A","TGTCATATACAGATTATAAAAATGATCATAGAATAAGCGAAATTTTAAATCGTTGTATTTTACGATTAAACGAGTTTGATCTAATTCATTTATCTTCTTTGGTCATATCTTTAAGTAAAATGAATTTTAGGAGTGTGTATTTTCTGGAACAAGTACAAAAGAAATT","Pf3D7_13_v3-1265494-1265726-1A.6","44T",4,0.0015748031496063,4
"IM-23-122-KXSC","8039832262","Maziba","Pf3D7_03_v3-221463-221712-1B","ACTTGAATACCATTTCCACAAGTTACACTACATGGGGACCATTCAGTTGAAAGAGAATTTTGTATTGTCTTTAAATATTTTTCTATGTGCTGATCACTTGGTTCTTCGTTATTATTATTTTTTACAGCATTGTTGGCATTAGCATTTTCATCTACATTTCGGTTTGGGTCATTTGGCATATTGTGACCTTGTC","Pf3D7_03_v3-221463-221712-1B.27","67G69C80T83C92G117+8N130T",1,0.00162337662337662,3
"IM-23-122-KXSC","8039832262","Maziba","Pf3D7_11_v3-115913-116184-1A","ACCTCCCGATGTTATAAATATTATATTATCATCATCATTTGGAAGGAAATTCTCCTCTAATGTTTTTAATATTTCATCTATATTTTTAGGTCTCAATTTACTATTGAAAAATTTTGAATACTTCAAAAAATAATCATCATCTTTTACATTACATATATTATCATTATTTTCATTTTGTTTTAGTAGTTCATCTTTTTTATTATC","Pf3D7_11_v3-115913-116184-1A.2","124+8N197T",4,0.0142857142857143,2
"IM-23-122-KXSC","8039832262","Maziba","Pf3D7_13_v3-1406713-1406975-1A","TTTCAGGTCTTCTTAAATATGTTTTAAATTCATTATTTAATTTTTCATCATATTTAGGTACATTTTTTTTTGGAAATCTAGATGTTTCATTATTATCGTGATTTGATGAATATATATAATGAGTTTGTTTAAAATGTGGTTCATTCAAATTATCTTTTTTCTTATCTTCGTGTATATTTTTATTATAATTTGAATACTTC","Pf3D7_13_v3-1406713-1406975-1A.2","62+11N154+8N",50,0.0811688311688312,2
"IM-23-122-KXSC","8039832262","Maziba","Pf3D7_11_v3-1294664-1294910-1A","AAAAGATAAATCATTTCAAAACTATACATATTTAAGTAAAAATGTAGTTCATAACTGGGAAAAAGTTTGCCCTAGAAAGAATTTAGAGAATGCAAAATTCGGATTATGGGTCGATGGAAATTGTGAAGATATACCACATGTAAATGAATTTTCAGCAAATGATCTTTTTGAATGTAATAAATTAGTTTTTGAATTG","Pf3D7_11_v3-1294664-1294910-1A.7","9A40A50C86G152T159A",2791,0.996074232690935,2
"IM-23-122-KXSC","8039832262","Maziba","Pf3D7_11_v3-1294664-1294910-1A","AAAAGATAAATCATTTCAAAACTATACATATTTAAGTAAAAATGTAGTTGATAACTGGGAAAAAGTTTGCCCTAGAAAGAATTTACAGAATGCAAAATTCGGATTATGGGTCGATGGAAATTGTGAAGATATACCACATGTAAATGAATTTCCAGCAATTGATCTTTTTGAATGTAATAAATTAGTTTTTGAATTG","Pf3D7_11_v3-1294664-1294910-1A.15","9A40A",11,0.00392576730906495,2
"IM-23-122-KXSC","8039832262","Maziba","Pf3D7_10_v3-992331-992603-1A","TCATTATATTTTTAAAAAAAAAAATTATGATATAAAATCTTCAATTAATAAAAGATCTATCCAGTTCTTTAGAGACACTAATATAGATCATTATATAGCATATGAATATTATAAGGAGGACCGTACAGAATTTATATTAACTATTATGAATGAAAAAAATATTACTCATCAAGAAACTCAAAGTCTTGAAATGAAAAAGTTGAAAG","Pf3D7_10_v3-992331-992603-1A.1","13+13N72G127A152+9N",590,1,1
"IM-23-122-KXSC","8039832262","Maziba","Pf3D7_14_v3-921176-921432-1A","ACAATATTAATTTTTTAAGTTCATTATTTCAATTTTATATTTAGGAGGATCTATATCCATATATTATTCATTTTAAAAATATTAAAATAAATACATATATAAATATATAAACATATAAAAACAGTCTTTTAAAAATTAATAAGATTTATATAAAATATGGTTATAAATCCTATTTTGTATTATATCAAA","Pf3D7_14_v3-921176-921432-1A.3","15T",397,0.898190045248869,2
"IM-23-122-KXSC","8039832262","Maziba","Pf3D7_14_v3-2020604-2020849-1A","CAAGAACATGAATATTTCTGTAAATACATAGACAAGTCCTCATTATGTCTTATCACAGGGTGCTCTTCTTTAATATGACAATATAATTTTATATGTTTTATTATTTCTTGATGAATTTCACATAATAAAAATAATGTGTGATTCATATGTTGACTACCCAATATAGAAAAGCCACTAACTAATTG","Pf3D7_14_v3-2020604-2020849-1A.1","65+8N",1153,0.996542783059637,2
"IM-23-122-KXSC","8039832262","Maziba","Pf3D7_11_v3-1816152-1816378-1A","TTGGGTAGATATCGTTATAAGGGCTATAATGTATTGACTTCTCCGGGTTTGTTACATTATCATTACAACCAATATTATTAAGGTTCATATTATTTTTATCATTATTATTGTTGTTTTCATTTGTGTGGTTATATAATAACAATGATGTGTCGTCTATTGGATCATT","Pf3D7_11_v3-1816152-1816378-1A.4","50T86C90T",3327,0.994024499551837,2
"IM-23-122-KXSC","8039832262","Maziba","Pf3D7_05_v3-668763-669004-1A","TAATATTATCTGGCTCTGTAACCATGTCCGAACATATGTTAACAGGAGAATCTGTTCCTATACATAAAGAGCGGTTACCTTTTGAAGGAAATGCTATTATAAATAAAAATAATAAATATGACAGTAACGATGAAAAGGATGATTACCTTCGTATTTATAATAATCATGCTAGTATTAATATGATCAAGCG","Pf3D7_05_v3-668763-669004-1A.2","73G122C",1613,0.890176600441501,2
"IM-23-122-KXSC","8039832262","Maziba","Pf3D7_12_v3-529495-529767-1A","GCTCCCCAAAAGTTAACTGCTTCATTATTTTTTGGATCCCAAAAACTAACATTCGTTACCCATCCAACATAATCGGTAGATATCCTATATTCATAACTACTACAGAAATATTTATACTCATGGTATACATTTGCATCATTTACATCTACCAAATTAACAGTTTTACACAAATTGTGAATGCCATTCAAGTTATAAAAACCTGTACAT","Pf3D7_12_v3-529495-529767-1A.1","32T",63,0.0803571428571429,3
"IM-23-122-KXSC","8039832262","Maziba","Pf3D7_03_v3-221295-221532-2","AAGGAACAAGAAGGATAATACCATTATTAATCCTATTGAACTATTTACGACATTAAACACACTGGAACATTTTTCCATTTTACAAATTTTTTTTTCAATATCATTTTCATAATCTAATTCGTTTTTAGGTTTACCAGCAGAGCCAGGCTTTATTCTAACTTGAATACCATTTCCACAAGTTA","Pf3D7_03_v3-221295-221532-2.4","86+11N107T123T134C135C",95,0.0992685475444096,2
"IM-23-122-KXSC","8039832262","Maziba","Pf3D7_03_v3-221295-221532-2","AAGGAACAAGAAGGATAATACCATTATTAATCCTATTGAACTATTTACGACATTAAACACACTGGAACATTTTTCCATTTTACAAATTTTTTTTTCAATATCATTTTCATAATTTAATTGGTCTTTAGGTTTATTAGCAGAGCCAGGCTTTATTCTAACTTGAATACCATTTCCACAAGTTA","Pf3D7_03_v3-221295-221532-2.13","86+11N107T114T120G",862,0.90073145245559,2
"IM-23-122-KXSC","8039832262","Maziba","Pf3D7_04_v3-1037644-1037891-1A","GAAAGAGATTTAACAGATGATGCTGTGATTTTTGCACACTCACTTTATTTACCATTTGAAAAAGAAGAAATGTGGTGGATCGTTATCGGAATTAAAAAAATGAACTTACTTTTATCTATCAAAAAATTATCTTTATTGAAAAGTGTCAATAATATAAAAATTAATTTCGAATTGCCTGACA","Pf3D7_04_v3-1037644-1037891-1A.1","93+9N120+8N",1454,0.933247753530167,2
"IM-23-122-KXSC","8039832262","Maziba","Pf3D7_11_v3-497277-497548-1A","TTTTAGATTTAATTGAATATTCATTTTTAAATTATACTAGTTCTAATTTAAATACAATAAATAATAATAATGACAAAAAAAAACAAAATCAAAAAAATAAAAATCGCAAATATAGTAAAAATAATATTTTAGATCTCTATGAACACGTAAGGACGATCAGTTTATTTTATCACACGTTTAATTTACCTAAGGAGTATAATGAAAAATTGTT","Pf3D7_11_v3-497277-497548-1A.3","74+11N90+9N148T152G",341,1,1
"IM-23-122-KXSC","8039832262","Maziba","Pf3D7_13_v3-2814583-2814832-2","TCAGTCTTCTAATTCTAGCGATAATGATCCTGCAGTAGTAAGTGGTAGAGAATCTAAAGATGTAAATCTTCATACTTCTGAAAGGATTAAAGAAAATGAAGAAGGTGTGATTAAAACAGATGATAGTTCAAAAAGTATTGAAATTTCTAAAATACCATCTGACCAAAATAATCATAGTGATTTATCACAG","Pf3D7_13_v3-2814583-2814832-2.1","124T",2123,1,1
"IM-23-122-KXSC","8039832262","Maziba","Pf3D7_09_v3-82006-82236-1A","TTTATCATCTTTAGGCCATAACCAGAGTACAAGCAATCCAACTATAACAATTGTAATTAACATTATAAATACTGTAATACCATAAACACTACCAGAAGCGATCAGAAATGCACTAAAAGTATCAACAACATTCACTTGGAATAAGAGTAGCGATAAAACTAAAAATAGC","Pf3D7_09_v3-82006-82236-1A.7","95G123I=C137G",20,0.00758150113722517,4
"IM-23-122-KXSC","8039832262","Maziba","Pf3D7_07_v3-403801-404052-1B","TATATATATATATATATATATGTATGTATGTTGATTAATTTGTTTATATATTTATATTTATTTCTTATGACCTTTTTAGGAACGACACCGAAGCTTTAATTTACAATTTTTTGCTATATCCATGTTAGATGCCTGTTCAGTCATTTTGGCCTTCATAGGTCT","Pf3D7_07_v3-403801-404052-1B.5","1+45N130+8N",104,1,1
"IM-23-122-KXSC","8039832262","Maziba","Pf3D7_14_v3-407306-407542-1A","CTTTCTTTCGTCTTTGTTTTCATTATCCATATAATCTTTTTCTCCTTCCTTTTCATTCTTTACTTTATTTCTATTAATACACAACTCTCCTTGAGTTAAGAGATTTACGATATTATCAATATTGTTTTCTTTCATATACTTCAACTTTTTACTATTCATTTTTAAAAGA","Pf3D7_14_v3-407306-407542-1A.7","16G18T",127,0.089943342776204,4
"IM-23-122-KXSC","8039832262","Maziba","Pf3D7_10_v3-992596-992869-1A","GAAAATAATAAAATGCACAGTATCAATTCTGATAGAAATAAAAATGATTATATTCCATCTTCCTATTTACATACAATATATAAAACATTTAGCGAACATATAAACCGAGATAATGGAAATATTTATGATGATGAAAAAAAAAATTTATATGATGGAACTGTTTTTTATATAGAAACATTAAACGAATTAAGAATTATAAATATATTATTTTCA","Pf3D7_10_v3-992596-992869-1A.1","133+12N160+8N",161,1,1
"IM-23-122-KXSC","8039832262","Maziba","Pf3D7_11_v3-1018781-1019053-1A","TTTTTGATTCATATCATTATCATAATTATATATATATTGATCTCTGTCTATATGGGGAGCAAAAAAATATAAAGGATGTTGTGTCAAGGCTAATAATAATTCTGTAGCTATACTACTACTTATGTTACTTATACCACATCTAGTGACTGTACATTTTTCATCTAATGTTCTATAGGATAAAGAATCTGAAGGACAATGCATATCAT","Pf3D7_11_v3-1018781-1019053-1A.3","60+9N85C",152,0.899408284023669,2
"IM-23-122-KXSC","8039832262","Maziba","Pf3D7_11_v3-1018781-1019053-1A","TTTTTGATTCATATCATTATCATAATTATATATATATTGATCTCTGTCTATATGGGGAGCAAAAAAATATAAAGGATGTTGTGTTAAGGCTAATAATAATTCTGTAGCTATACTACTACTTATGTTACTTATACCACATCTAGTGACTGTACATTTTTCATCTAATGTTCTATAGGATAAAGAATCTGAAGGACAATGCATATCAT","Pf3D7_11_v3-1018781-1019053-1A.2","60+9N",17,0.100591715976331,2
"IM-23-122-KXSC","8039832262","Maziba","Pf3D7_13_v3-1146764-1147010-1A","AAATTTTCTCCTAAAGTTATGCCTTTGTTAATGAAGGAGAAGAACGTGAAACATAAAGCACCTCCTAAAGGTACTATAAAGCATACGCTAGAATATTTAAAAAGAGCAGCAGAATCAAGAATGAAAGAAAATGAATTATACAAATCAAAAAAAGATAGCACACTTAGTTCAATTGCAATTAGAAAAAATTCC","Pf3D7_13_v3-1146764-1147010-1A.2","64C146+9N182+8N",178,0.112020138451857,2
"IM-23-122-KXSC","8039832262","Maziba","Pf3D7_13_v3-1146764-1147010-1A","AAATTTTCTCCTAAAGTTATGCCTTTGTTAATGAAGGAGAAGAACGTGAAACATAAAGCACCTCCTAAAGGTACTATAAAGCATACGCTAGAATATTTAAAAAGAGCAGGAGAATCAAGAATGAAAGAAAATGAATTATACAAATCAAAAAAAGATAGCACACTTAGTTCAATTGCAATTAGAAAAAATTCC","Pf3D7_13_v3-1146764-1147010-1A.1","64C110G146+9N182+8N",1411,0.887979861548143,2
"IM-23-122-KXSC","8039832262","Maziba","Pf3D7_04_v3-1005938-1006187-1A","GTCTTAACATTAATCTTAGTTACAAAGTTACATGGATTTATTGAAAAGATATTTTCGTCACTATATTTCTTTTTTTCCATATCTGTTTGATCATTTTGATATGTTTTCATATTATCCATATGTTCATTATTTTGATCAATATAATTTTTTTTTATAATAAATTTAGAATTATTTTTAAAGAAA","Pf3D7_04_v3-1005938-1006187-1A.3","69+9N144+11N",66,0.0953757225433526,2
"IM-23-122-KXSC","8039832262","Maziba","Pf3D7_13_v3-2780346-2780575-1B","GTTGGATAGAATGCCCGACTACGGATCGGGAGGTCGTGGGTTCGACTCCTGCCCGGCCTAATTTTTTTCGTTTTCCTTTTTAAAGTAAAAAAGGATAATATTTTTAAAAAACATTTAGTATATATATTTTTTTTAAATAATAAATCTATTATATTATTAAATATTATGAGAAGA","Pf3D7_13_v3-2780346-2780575-1B.2","61+9N76C86+8N105+8N126+10N",713,1,1
"IM-23-122-KXSC","8039832262","Maziba","Pf3D7_14_v3-407306-407542-1A","CTTTCTTTCGTCTTTCTGTTCATTATCCATATAATCTTTTTCTACTACCTTTTCATTCTTTACTTTATTTCTATTAATACACAATTCTCCTTGAGTTAAGAGATTTACGATATTATCAATATTGTTTTCTTTCATATACTTCAACTTTTTACTATTCATTTTTAAAAGA","Pf3D7_14_v3-407306-407542-1A.4","44A47A85T",1277,0.904390934844193,4
"IM-23-122-KXSC","8039832262","Maziba","Pf3D7_05_v3-796518-796759-1A","TGGTTCTTCAATTATTCATATAAGTTCTTTATTAGTAGGTGTATATTTATGTAGTAGTAGTGCAAATGCATTTAATCAAATTATTGAAAGAAATATAGATAAGTTAATGAAAAGAACCCAAAAAAGACCCTTAGCAAATAATAATCCAAATATGTCAGTTAAACATGCTGAAATAT","Pf3D7_05_v3-796518-796759-1A.1","14A119+8N",100,0.0881057268722467,2
"IM-23-122-KXSC","8039832262","Maziba","Pf3D7_02_v3-291770-292017-1A","TAATATCATAAGGTTTGAATATTTTCCTCTCAGGTATTATACCAACAGAAGGTTTATCATCATCTTTAAAACCTGCTCTATCTTTAACCCAATGATTAGGATTTTTTAAACATAAAGCTGGATTCTTTAATAAATCTTTCATATGTTCCATATTATTTTCTTCATTTATATATGATTCTAC","Pf3D7_02_v3-291770-292017-1A.3","92A101+8N",972,0.98880976602238,2
"IM-23-122-KXSC","8039832262","Maziba","Pf3D7_11_v3-119432-119705-1A","CTCCTTTATATTCATCAAGAAATTTCATCCAAGAGTAATTATGTTTTTCTTGTTGATATTTTGCTTTATACAAACGAGCAAGATACTTTTTATACGATTCATGCTCTTTAATTTTCTTTTCAAAAGTTTTGGTTATAATGTGTTCAAGTGATTGTAAAGTATTTTTCTTTAATTTTCTCCATATTAATCTACATGCGATTATAAGAA","Pf3D7_11_v3-119432-119705-1A.1",".",608,1,1
"IM-23-122-KXSC","8039832262","Maziba","Pf3D7_02_v3-470437-470709-1A","AATATTGACATGAAACATTATAATACACATAAGAAAAAAAAAATTTATTTATTCTTACAAAAAGAATATAAAAACAAAATTTTGGGATTTATAAATTTTTATAAACATATAACACACAAAATAAAAAAGAAACAAGAAAATGTTCATGATAAAATCACTTTTTTAAAATGTCTAAAGGAACTCTTTTTTGTCACACATACAAATG","Pf3D7_02_v3-470437-470709-1A.1","33+12N122+8N158+8N183+8N205G",490,1,1
"IM-23-122-KXSC","8039832262","Maziba","Pf3D7_07_v3-404325-404590-1B","GAAACACAAGAAGAAAATTCTATCATATTTAATCTTGTCTTAATTAGTGCCTTAATTGTAAGAAAACAAAATATATAAATAAATAAATATATATATATATATATATATATATTGTAATATTTAATATATATTAACACTTAAACTTTGTTTTTATTATATTAATTTATATTCTTTATCATTTTTTTTTTTTTTTTTCCTTCTTTTTTT","Pf3D7_07_v3-404325-404590-1B.23","71+40N176+19N198+8N",23,1,1
"IM-23-122-KXSC","8039832262","Maziba","Pf3D7_07_v3-405570-405844-1B","ATAGCAATTGCTTATTACTTTAAATTCTTAGCCGTAAGAATTAAAAAGATATAAATATATAAATATATATGTGAAATATATGATATATATGATATATATTTTTTATATGTAATGTTTTTTTTTTTTTTTCACAATATACATTTAAATGTTTATGATGGTACAACGTATCATATTTTATAATAATTTTATGCATTCATGTATATTATTTTTACTTTTT","Pf3D7_07_v3-405570-405844-1B.3","49+57N114+16N",184,1,1
"IM-23-122-KXSC","8039832262","Maziba","Pf3D7_12_v3-684011-684240-1A","ACCTAATGTTGGTAAGTCTACCATTTTTAATCGACTAACTCGAAAATATCAAGATGGTAGTATTGTATTAGATGTTAGTAGTACGAGAGATAAACTTTATGGAGAAGTTGAGTGGGAAGGATATAAATTTGAACTTGTGGATACAGGAGGTTTAGTTTTTGA","Pf3D7_12_v3-684011-684240-1A.1","67A",4,0.0027972027972028,2
"IM-23-122-KXSC","8039832262","Maziba","Pf3D7_12_v3-684011-684240-1A","ACCTAATGTTGGTAAGTCTACCATTTTTAATCGACTAACTCGAAAATATCAAGATGGTAGTATTGTTTTAGAGGTTAGTAGTACGAGAGATAAACTTTATGGAGAAGTTGAGTGGGAAGGATATAAATTTGAACTTGTGGATACAGGAGGTTTAGTTTTTGA","Pf3D7_12_v3-684011-684240-1A.4","73G",1426,0.997202797202797,2
"IM-23-122-KXSC","8039832262","Maziba","Pf3D7_07_v3-432832-433091-1A","TTGAAAAAGTCATCATCAGAATGGGGATGATTATTATTGTTATTATGAGTTTGGTTCGTATTAATATTATGATCCTTTTCGTTATTTAATTTATGTTCATTTATATTTTTATAAATAAATAATTTTCCAAGAAGTATACCATTAATAAACTTACTAGTTAACATATTAGACTGCTCAATATTTGTACATTTTTTTAAAGTATGTATT","Pf3D7_07_v3-432832-433091-1A.3","30+17N72A188+9N198A",1253,0.913931436907367,4
"IM-23-122-KXSC","8039832262","Maziba","Pf3D7_14_v3-2020604-2020849-1A","CAAGAACATGAATATTTCTGTATATACATAGACAAGTCCTCATTATGTCTTATCACAGGGTGCTCTTCTTTAATATGACAATATAATTTTATATGTTTTATTATTTCTTGATGAATTTCACATAATAAAAATAATGTGTGATTCATATGTTGACTACCCAATATAGAAAAGCCACTAACTAATTG","Pf3D7_14_v3-2020604-2020849-1A.4","23T65+8N",4,0.00345721694036301,2
"IM-23-122-KXSC","8039832262","Maziba","Pf3D7_13_v3-1041593-1041860-1AB","CAAGATTGAAGTATTACATATCTCAGAAATTAAATGTATGCCCAAGAGATGTAAATGCACACATTGTAGGTGCTCATGGAAATAAAATGGTTCTTTTAAAAAGATACATTACTGTAGGTGGTATCCCTTTACAAGAATTTATTAATAACAAGTTAATTTCTGATGCTGAATTAGAAGCTATATTTGATAGAACTGTTAATACT","Pf3D7_13_v3-1041593-1041860-1AB.1",".",839,1,1
"IM-23-122-KXSC","8039832262","Maziba","Pf3D7_02_v3-290580-290821-1A","TTATTATAAGGATTATAATTATTATCATTCTTATTATATGGATTAATATAATTTCGATCATAATCATTACTGTTTTTATCATATTGTGGATAATTATTTCTATTTCTATTTTGATTAAAATCCGATTGTCTATATCTAACTCTAATATCTGTAGATGCTAAATCATTAGGTAATGGG","Pf3D7_02_v3-290580-290821-1A.6","12+26N62A",1,0.000466417910447761,3
"IM-23-122-KXSC","8039832262","Maziba","Pf3D7_11_v3-408543-408771-1A","AGAGTGTTAATAATACTACAGCTAGTAATATTTCCAAATCCAAAAATGAACTTGAAAAAAAGTCATCAGTTAATAATAATGCTTATATTAAAATTATCGAAAATTATGATTTATTATGGTTAAAATTAATAGAAATTGAATTATGTTGTAATAATAAAAATTTAAATCCTATA","Pf3D7_11_v3-408543-408771-1A.1","54+9N",2717,1,1
"IM-23-122-KXSC","8039832262","Maziba","Pf3D7_13_v3-1265494-1265726-1A","TGTCATATACAGATTATAAAAATGATCATAGAATAAGCGAAATTTTAAATCGTTGTATTTTACGATTAAACGAGTTTGATCTAATTCATTTATCTTCTTTGGTCATATCTTTAAGTAAAATGAATTTTAGGAGTGTGTATTTTATGGAACAAGTACAAAAGAAATT","Pf3D7_13_v3-1265494-1265726-1A.4","44T144A",2378,0.936220472440945,4
"IM-23-122-KXSC","8039832262","Maziba","Pf3D7_09_v3-82006-82236-1A","TTTATCATCTTTAGGCCATAACCAGAGTACAAGCAATCCAACTATAACAATTGTAATTAACATTATAAATACTGTAATACCATAAACACTACCAGAAGCGATCAGAAATGCACTAAAAGTACAACAACATTCACTTGGAATAAGAGTAGCGATAAAACTAAAAATAGC","Pf3D7_09_v3-82006-82236-1A.3","95G122C137G",248,0.0940106141015921,4
"IM-23-122-KXSC","8039832262","Maziba","Pf3D7_07_v3-403479-403716-1B","TTAGGTGGAGGTTCTTGTCTTGGTAAATGTGCTCATGTGTTTAAACTTATTTTTAAAGAGATTAAGGATAATATTTTTATTTATATTTTAAGTATTATTTATTTAAGTGTATGTGTAATGAATAAAATTTTTGCTAAAAGAACTTTAAACAAAATTGGTAACTATAGTTTTGTAACATCCGA","Pf3D7_07_v3-403479-403716-1B.1",".",1256,1,1
"IM-23-122-KXSC","8039832262","Maziba","Pf3D7_12_v3-63081-63314-1A","TTTCCGTCATAATAGTTGCATACATTCTATTAAAAACTTTGGGTACTCCTAATATAATTTCACCTTTTGAATTACATATGTCTGTATTCAAAAATTTTATATCTCTACTCCATATATTTATCTTTACACCCAAAAACAAAGCAATGAAAAAAACAACCCTTTCATA","Pf3D7_12_v3-63081-63314-1A.1","146+9N",1298,0.914728682170543,2
"IM-23-122-KXSC","8039832262","Maziba","Pf3D7_02_v3-503040-503288-1A","ATTATGATTAATAATAATATTTCTCATAATTTCGTTAAATACATCTAAACTATTTATAGAACCATCTATATCATCTTCATTCCTATTTTGGTGAACCGATTCGGTGTTTATAACATCTAAGGTGTCTTTTTCTTCTCCTCTGTAACTTTTTATAATTTTTTGATAAATGTTGTTATAAGAATTATCA","Pf3D7_02_v3-503040-503288-1A.2","97C155+8N",1685,0.992343934040047,2
"IM-23-122-KXSC","8039832262","Maziba","Pf3D7_14_v3-294503-294768-2","CAGAATTTAGATGTTATCAAAGTCCCATTCTTACCTTTCTATGTAACTCTTTGTAACAACAGCAAATTACCAACTTTTGAATTTACCTCAGAAAATGGTAAATACACATTAGAACCTGAATACTACCTTCAACACATAGAAGATGTTGGTCCAGGATTATGTATGCTTAATATCATAGGATTAGATTTTCCAGTACCAACCTTTA","Pf3D7_14_v3-294503-294768-2.1",".",712,1,1
"IM-23-122-KXSC","8039832262","Maziba","Pf3D7_14_v3-293575-293829-1B","TTTTGTAGTGTAATGTGTGGTTTATTTTATTATGTGTATGAAAATGTATGGCTTCAAAGAGATAATGAAATGAATGAAATTTTAAAAAATTCCGAACATTTAACTATTGGATTTAAAGTTGAAAATGCACATGATAGAATTTTGAAAACTATAAAAACACATAAATTAAAAAATTACATTAAAGAAT","Pf3D7_14_v3-293575-293829-1B.1","83+8N167+8N",352,1,1
"IM-23-122-KXSC","8039832262","Maziba","Pf3D7_14_v3-294506-294753-1B","AATTTAGATGTTATCAAAGTCCCATTCTTACCTTTCTATGTAACTCTTTGTAACAACAGCAAATTACCAACTTTTGAATTTACCTCAGAAAATGGTAAATACACATTAGAACCTGAATACTACCTTCAACACATAGAAGATGTTGGTCCAGGATTATGTATGCTTAATATCATAGGATTAGATTTTCCAGT","Pf3D7_14_v3-294506-294753-1B.1",".",1890,1,1
"IM-23-122-KXSC","8039832262","Maziba","Pf3D7_10_v3-1392371-1392620-1A","TGATGAAAATGATGATTCCCTTATTTCTAATTCTTTAGTACCCGAAACAAGTTACAATCAAGATTACTCTTTATACACTATTAATATTTTGAATGGACTTCCTGATAAAAAAAGTAATATGAAAAATATTGATTTAGAAAAATTTAAAGATACTTCAATACATACAAAGGAAGAGGGACCCATTGTA","Pf3D7_10_v3-1392371-1392620-1A.1","106+9N",865,1,1
"IM-23-122-KXSC","8039832262","Maziba","Pf3D7_14_v3-3124416-3124655-1A","TAATTGATCTTCTAGAGGATTTAGATATTTTGTCTATATCGAATAAAGATGAAGTAGAAAAACGAAGAAAGAAAACAACTCAAGAGACGCGGTTGTTAGGAAATATTGATTTAGGATATGGAAAATTAGGAGAGGGAATAAAGCATGAAAATTTACAGGAAGAATTAGGAAACAGATTATTTG","Pf3D7_14_v3-3124416-3124655-1A.3","20T72A",2,0.000716075904045829,2
"IM-23-122-KXSC","8039832262","Maziba","Pf3D7_14_v3-3124416-3124655-1A","TAATTGATCTTCTAGAGGATTTAGATATTTTGTCTATATCGAATAAAGATGAAGTAGAAAAACGAAGAAAGAAAACAACTCAAGAGACGCGGTTGTTAGGAAATATTGATTTAGGATATGGAAAATTAGGAGAGGGAATAAAGTATGAAAATTTACAGGAAGAATTAGGAAACAGATTATTTG","Pf3D7_14_v3-3124416-3124655-1A.6","20T72A144T",2791,0.999283924095954,2
"IM-23-122-KXSC","8039832262","Maziba","Pf3D7_01_v3-145388-145662-1A","GATATGTTTAAATATATGATTCTCGAAAAAACTTTTTTTATTTTTTTTGTCAATAGATAAATGATCAATATTTTCTATATTTAATCTATCAAGTATTTTTATATATCTATTATTTCTTTCTTCGATGGATAAATTATAAGAATCAATATCCTTTCTTTCATCAACAAACTTTTTTATTGTTAACTCCATTTTTTTATTTAAGATACCA","Pf3D7_01_v3-145388-145662-1A.1","25+25N169+8N188+9N",151,1,1
"IM-23-122-KXSC","8039832262","Maziba","Pf3D7_13_v3-2770621-2770854-1B","ATTCCAAGAAATATTTTTAAAAAAAAATAGTGAGTTAGATGATCACGTATGGAATATAGAAAGTATTACTACGAATATATTAGAGAGGAATAAATTAAGTGATCAAAATAATGAAGATAACCATGATGTTAATAATAATAATGAAGACCCATCTGGGGGTAATTTAAAAAC","Pf3D7_13_v3-2770621-2770854-1B.1","18+11N130+13N",718,1,1
"IM-23-122-KXSC","8039832262","Maziba","Pf3D7_01_v3-162867-163115-1A","ATATACCAATAATACTTTTTTTTTTAAATAATGTAAAAAATGATTTATATAATTGTTATAAACAAATGATCACATATCATAATAATAATAATAATATGCTAAATCATAACTCTAATATTTTATCAAAAGAAAATGAAAAAAAACAACCTTTTTCAACATATAATATATCAAATCTTTGTTCTCCTGACCAAATGGTGATAAATAAAAA","Pf3D7_01_v3-162867-163115-1A.4","15+12N34+8N91I=ATAATA92G129+10N",1417,0.990216631726066,2
"IM-23-122-KXSC","8039832262","Maziba","Pf3D7_05_v3-668763-669004-1A","TAATATTATCTGGCTCTGTAACCATGTCCGAACATATGTTAACAGGAGAATCTGTTCCTATACATAAAGAGCGGTTACCTTTTGAAGGAAATGCTATTATAAATAAAAATAATAAATATGAGAGTAACGATGAAAAGGATGATTACCTTCGTATTTATAATAATCATGCTAGTATTAATATGATCAAGCG","Pf3D7_05_v3-668763-669004-1A.3","73G",199,0.109823399558499,2
"IM-23-122-KXSC","8039832262","Maziba","Pf3D7_14_v3-2260533-2260765-1A","AATAACCATCAAATACAAACTCAACCAACAAATACAGTACAATATATTCAACCAAATTATGAACAAGTCATAACACAAGTAGATCAAAATCGTAATCTATTCAATCAACAGCTTGTAGGAAGTACAGTAATGCAAAATATGACACCACAAGGTGTAAACACGTTAAATTATCCTGCAACG","Pf3D7_14_v3-2260533-2260765-1A.2",".",1632,1,1
"IM-23-122-KXSC","8039832262","Maziba","Pf3D7_02_v3-291770-292017-1A","TAATATCATAAGGTTTGAATATTTTCCTCTTAGGTATTATACCAACAGAAGGTTTATCATCATCTTTAAAACCTGCTCTATCTTTAACCCATTGATTAGGATTTTTTAAACATAAAGCTGGATTCTTTAATAAATCTTTCATATGTTCCATATTATTTTCTTCATTTATATATGATTCTAC","Pf3D7_02_v3-291770-292017-1A.6","31T101+8N",11,0.0111902339776195,2
"IM-23-122-KXSC","8039832262","Maziba","Pf3D7_05_v3-796518-796759-1A","TGGTTCTTCAATTATTCATATAAGTTCTTTATTAGTAGGTGTATATTTATGTAGTAGTAGTGCAAATGCATTTAATCAAATTATTGAAAGAAATATAGATAAGTTAATGAAAAGAACCCAAAAAAGACCCTTAGCAAATAATAATCCAAATATGTCAGTTAAGCATGCTGAAATAT","Pf3D7_05_v3-796518-796759-1A.3","14A119+8N163G",1035,0.911894273127753,2
"IM-23-122-KXSC","8039832262","Maziba","Pf3D7_11_v3-1293919-1294168-1A","TCCATATCAAAAAAGTGATGTGTATCATCCAATCAACGAACATAGGGAACATCCAAAAGAATACGAATATCCATTACACCAGGAACATACATACCAACAAGAAGATTCAGGAGAAGACGAAAATACATTACAACACGCATATCCAATAGACCACGAAGGTGCCGAACCCGCACCACAAGAACAAAATTTAT","Pf3D7_11_v3-1293919-1294168-1A.17","13A27A",952,0.9979035639413,2
"IM-23-122-KXSC","8039832262","Maziba","Pf3D7_12_v3-659881-660127-1A","GGTGGTTTAACATTTTCAGCTACGACTTTTTCGACTGATGGCAATCCTACTTTGATTAATTCCTTTAACATAGATTTTGCGTGTTTTTTTACTTCTGATTTGATATCAAAGCTTGATTCTAAAAAGGTTGGTGAATTTTTTTGTAAAACACTGACAAGTTCATTTGATATGGTCTCTGCTAAATCATCACCA","Pf3D7_12_v3-659881-660127-1A.1","26C27T35C83+9N135+9N",1035,0.920818505338078,2
"IM-23-122-KXSC","8039832262","Maziba","Pf3D7_12_v3-659881-660127-1A","GGTGGTTTAACATTTTCAGCTATGAGTTTTTCGACTGGTGGCAATCCTACTTTGATTAATTCCTTTAACATAAGTTTTGCGTGGTTTTTTACTTCTGATTTGATATCAAAGCTTGATTCTAAAAAGGTTGGTGAATTTTTTTGTAAAACACTGACAAGTTCATTTGATATGGTCTCTGCTAAATCATCACCA","Pf3D7_12_v3-659881-660127-1A.13","23T27T35C38G73A74G83+9N135+9N",89,0.0791814946619217,2
"IM-23-122-KXSC","8039832262","Maziba","Pf3D7_07_v3-405517-405773-2","TTTTCTACCATGACATATACTATTGTTAGTTGTATACAAGGTCCAGCAATAGCAATTGCTTATTACTTTAAATTCTTAGCCGTAAGAATTAAAAAGATATAAATATATAAATATATATGTGAAATATATGATATATATGATATATATTTTTTATATGTAATGTTTTTTTTTTTTTTTCACAATATACATTTAA","Pf3D7_07_v3-405517-405773-2.3","97+57N162+16N",193,1,1
"IM-23-122-KXSC","8039832262","Maziba","Pf3D7_10_v3-1414337-1414596-1A","GACCTGAATGGAAAGGTCAATGTGATAAATTTGAAAAAGAAAAAAGTAAATATGAAGATACTAAAAGTAGAACTGCTGAAATATATTTAAAAGAAATATGTTCTGAATGTGATTGTAAATATAAAGATTTGGATAATACATTTAAAGAATTTAAAGATAACGTTACGCTTCTTAAAGCAGTAATTGATAACAAA","Pf3D7_10_v3-1414337-1414596-1A.1","17T39+8N70G82T167G",945,1,1
"IM-23-122-KXSC","8039832262","Maziba","Pf3D7_12_v3-857050-857323-1A","ATATAATTTTAAGATGTCCTATCAAGACGTTCAGGAAAAAAAAAATGAAGATATAAATTATGATGAAATAGCTAGCAGCATGCTAGAGAAGATGGACAAACATATAAATGGAGAAAAACAACCAACGATACATTATGAAAATTTAAATGTACAAGAGCAAGGGGGAGCACATGCTTATTACTCAAATCAAGATATAAATAACATAAATA","Pf3D7_12_v3-857050-857323-1A.2","35+12N162G",453,1,1
"IM-23-122-KXSC","8039832262","Maziba","Pf3D7_14_v3-3125801-3126073-1A","ATTCTTATAATATTTAAGAATGAAGGGATTAAATATTTACATTTTAGCGAGGATACTCTGAAATATGTTAATTTTAATTATCCTGATTTTAACTTATATAAATGTATGAATTTATATAAGAAAAATTATGTTGATAGGGATGAGAAAGATATCTGTGATTTTTCAAATGAAGATATTCCGTTAATAAAAGAAAATAACAAGAGAATCAG","Pf3D7_14_v3-3125801-3126073-1A.3","175A",243,1,1
"IM-23-122-KXSC","8039832262","Maziba","Pf3D7_02_v3-290580-290821-1A","TTATTATAAGGATTATAATTATTATCATTCTCATTATATGGATTAATATAATTTCGATCATAATCATTACTGTTTTTATCATATTGTGGATAATTATTTCTATTTCTATTTTGATTAAAATCCGATTGTCTATATCTAACTCTAATATCTGTAGATGCTAAATCATTAGGTAATGGG","Pf3D7_02_v3-290580-290821-1A.4","12+26N62A",2126,0.99160447761194,3
"IM-23-122-KXSC","8039832262","Maziba","Pf3D7_01_v3-535965-536239-1A","GCTCATTTGATATTTTCCAGTTGTTTGATTTTAAAAATGATGTATATTTTTTAGATGATAATTTGTTCGACAAGGATATGGTATATTGTACAAGTACCAACAATTATGGCATTATGGAAAATGATAATGATGATGATAAAATAATAAAAATACAGAATTTAAATGAGAAATTAAAAAATGGAAAAGCTGAATTTAAAGATATATTATTAT","Pf3D7_01_v3-535965-536239-1A.7","46+8N111A118A121+17N155G172+8N",448,0.997772828507795,2
"IM-23-122-KXSC","8039832262","Maziba","Pf3D7_12_v3-63081-63314-1A","TTTCCGTCATAATAGTTGCATACATTCTATTAAAAACTTTGGGTACTCCTAATATAATTTCACCTTTTGAATTACATATGTCTGTATTCAAAAATTTTATATCTCTACTCCATATATTTATCTTTACATCCAAAAACAAAGCAATGAAAAAAACAACCCTTTCATA","Pf3D7_12_v3-63081-63314-1A.6","129T146+9N",121,0.0852713178294574,2
"IM-23-122-KXSC","8039832262","Maziba","Pf3D7_14_v3-2695837-2696082-1A","CGTTCTGTATCATATTATTAGATATAGTTATTTTATTATTATTTTCTACATTATTATTCAATATATTACATCCTGTTATGGAATTATTGTTAAAATATAAATTATTCGAATTGTTATTATTAAATTCTAATCCACTAACTGCTGTTGTATATAATGATGATGAGTTATTATTATAGAAATC","Pf3D7_14_v3-2695837-2696082-1A.3","5C28+16N53A",9,0.010752688172043,2
"IM-23-122-KXSC","8039832262","Maziba","Pf3D7_09_v3-82006-82236-1A","TTTATCATCTTTAGGCCATAACCAGAGTACAAGCAATCCAACTATAACAATTGTAATTAACATTATAAATACTGTAATACCATAAACACTACCAGAAGCGATCAGAAATGCACTAAAAGTATAACAATATTCACATGAAATAAGAGTAGCGATAAAACTAAAAATAGC","Pf3D7_09_v3-82006-82236-1A.6","95G128T135A137G138A",2368,0.89764973464746,4
"IM-23-122-KXSC","8039832262","Maziba","Pf3D7_14_v3-407306-407542-1A","CTTTCTTTCGTCTTTGTTTTCATTATCCATATAATCTTTTTCTACTACCTTTTCATTCTTTACTTTATTTCTATTAATACACAATTCTCCTTGAGTTAAGAGATTTACGATATTATCAATATTGTTTTCTTTCATATACTTCAACTTTTTACTATTCATTTTTAAAAGA","Pf3D7_14_v3-407306-407542-1A.19","16G18T44A47A85T",1,0.000708215297450425,4
"IM-23-122-KXSC","8039832262","Maziba","Pf3D7_01_v3-455794-456054-1A","AGAAAAAAAATTTATTAAGAGGTATTTCGATTTTAAAAATTTAAGAATTAATTTTTAATTATGTCTATAAAAACTTAATAGAAAATAAATATTATTTTGTTTTTCAAAAAAATGTTTAAGAATAATATTTCTTTATTCTTTTACAATTTAGAACATATAATGCTATTTCTTTTAATTTTAATTTAATTTCAAA","Pf3D7_01_v3-455794-456054-1A.1","2+10N105+9N",3,0.00837988826815642,2
"IM-23-122-KXSC","8039832262","Maziba","Pf3D7_01_v3-455794-456054-1A","AGAAAAAAAATTTATTAAGAGGTATTTCGTTTTTAAAAATTTAAGAATTAATTTTTAATTATGTCTATAAAAACTTAATAGAAAATAAATATTATTTTGTTTTTCAAAAAAATGTTTAAGAATAATATTTCTTTATTCTTTTACAATTTAGAACATATAATGCTATTTCTTTTAATTTTAATTTAATTTCAAA","Pf3D7_01_v3-455794-456054-1A.5","2+10N30T105+9N",355,0.991620111731844,2
"IM-23-122-KXSC","8039832262","Maziba","Pf3D7_09_v3-82006-82236-1A","TTTATCATCTTTAGGCCATAACCAGAGTACAAGCAATCCAACTATAACAATTGTAATTAACATTATAAATACTGTAATACCATAAACACTACCAGAAGCGATCAGAAATGCACTAAAAGTATTACAACATTCACTTGTAATAAGAGTAGCGATAAAACTAAAAATAGC","Pf3D7_09_v3-82006-82236-1A.2","95G123T137G138T",2,0.000758150113722517,4
"IM-23-122-KXSC","8039832262","Maziba","Pf3D7_14_v3-279563-279833-1A","CATTTTTCTTTTAAATGAGAGCAATATATTTCTTAGGTTTATTCCGGATAAATGTTTAGTTATTAGCCAGGTGAGTAATAGTGATTCATATAAGGTAAATTGTATTAATTTCTCTGAAGGATTTTGTTGCTGTCATCCAATAAATAATTTAGCACTATTATATGGAGAGTATCAACAAAATCAAGAATCAAAAATTATGAAATTACCG","Pf3D7_14_v3-279563-279833-1A.1",".",429,1,1
"IM-23-122-KXSC","8039832262","Maziba","Pf3D7_01_v3-535965-536239-1A","GCTCATTCGATATTTTCCAGTTGTTTGATTTTAAAAATGATGTATATTTTTTAGATGATAATTTGTTCGACAAGGATATGGTATATTGTACAAGTGCCAACAATTATGGCGTTATGGAAAATGATAATGATGATGATAAAATAATAAAAATACAAAATTTAAATGAGAAATTAAAAAATGGAAAAGCTGAATTTAAAGATATATTATTAT","Pf3D7_01_v3-535965-536239-1A.2","8C46+8N96G118A121+17N172+8N",1,0.0022271714922049,2
"IM-23-122-KXSC","8039832262","Maziba","Pf3D7_02_v3-290580-290821-1A","TTATTATAAGGATTATAATTATTATCATTCTTATTATATGGATTAATATAATTTCGATCATTATCATTACTGTTTTTATCATATTGTGGATAATTATTTCTATTTCTATTTTGATTAAAATCCGATTGTCTATATCTAACTCTAATATCTGTAGATGCTAAATCATTAGGTAATGGG","Pf3D7_02_v3-290580-290821-1A.1","12+26N",17,0.00792910447761194,3
"IM-23-122-KXSC","8039832262","Maziba","Pf3D7_13_v3-1004740-1005002-1A","TTACATCGTAAAAATAATTTAAAATATTATATATATTATCTTTTCCTTTTCGGGGGTCTCTTTTCTTTATATATATATTTACATTTCTCTTCATTTTATTACATGATAAATTAATATTTAATGTACTAATATATATATTATTAATTTTTATTTTCTTCTTCTTTTTTATATTAAAACAAAATGAAGATTCTTTAA","Pf3D7_13_v3-1004740-1005002-1A.2","50+8N161+8N",36,0.878048780487805,2
"IM-23-122-KXSC","8039832262","Maziba","Pf3D7_09_v3-685560-685825-1A","GAACCAAACAACGACAAAGGAACAAGATAATTTTTTCAATTTTTATAAAAGTAATATATATGATATGGAAAATAGAACATGTAATAATAATATATTACAATATTGTGTTATGAATAATAAATCATATTTATTTCATAATATATCATCCAAAAAAAATATATATATAAAAAAAAAGAATCATCAGTTTTCTTTATTCATATATT","Pf3D7_09_v3-685560-685825-1A.3","30+8N38A79A148+10N165+11N",30,1,1
"IM-23-122-KXSC","8039832262","Maziba","Pf3D7_14_v3-2481033-2481276-1B","CCATGTGGATAAAGACAGTAGAGAGCAATTCGAAATAAAACAGTACTCTTGCAAATTAGATATTTTTTTGAACTCATCTGTTCCTATAAAAAATTCTGAATGTAAGCAGAATAAATTATACACAAAAGAATATATATTCATTTTTATTTATTCACTTTATATATGTTTGTA","Pf3D7_14_v3-2481033-2481276-1B.1","62+9N87+8N172D=TGTATGTA",944,1,1
"IM-23-122-KXSC","8039832262","Maziba","Pf3D7_14_v3-2858894-2859160-1A","ATAGATTTTAATGACATAAAAAACACAACAAATGAGTATAATAATTTTGAGGAACATAATTATCAAGATGATAAATTTATATTTAATAAAGATATACATAATATTCTTTTAGAATTAAAGGAATCATTAAATGACATATCACGTGGAAGACTAAATACATTGATAAGAGATAATAAAATAAGTAGTTATATAATATATCA","Pf3D7_14_v3-2858894-2859160-1A.2","15C17+8N28A188A",683,1,1
"IM-23-122-KXSC","8039832262","Maziba","Pf3D7_01_v3-194742-194973-1B","TACCTATAAAAATGAAAAAAATAAAGAAGAAGATAAATATGGAAAAAATGAAAAAAACGAAAAATATGACAAATATGAAAAATATGAAAAATATGATAAATACAAAAAAGATAATAAAAATCAACATGATGATCCACTTTATGATAATATTAATAAAAATTACGATAA","Pf3D7_01_v3-194742-194973-1B.4","14+9N42+17N79D=CAAATATGA112+8N",160,0.0940070505287897,2
"IM-23-122-KXSC","8039832262","Maziba","Pf3D7_14_v3-298368-298636-1B","ACGATTTAATGTGGCAAGTTGATTTAGATGTACATTTTGGTAATGTATCTTCCAAAAAAGCAAACGTTATTTTAGATAGTGCCACCAGTGTCATAACTGTACCAACAGAATTTTTTAATCAATTCGTAGAATCTGCAAGTGTTTTCAAAGTTCCATTCTTATCTTTGTATGTAACCACTTGTGGTAACACGAAATTACCAA","Pf3D7_14_v3-298368-298636-1B.1","53+8N110+8N",499,1,1
"IM-23-122-KXSC","8039832262","Maziba","Pf3D7_01_v3-162867-163115-1A","ATATACCAATAATACTTTTTTTTTTAAATAATGTAAAAAATGATTTATATAATTGTTATAAACAAATGATCACATATCATAATAATAATAATAATATGCTAAATCATAACTCTAATATTTTATCAAAAGAAAATGAAAAAAAACAACCTTTTTCAACATATAATATATCAAATCTTTGTTCTCCTGATCAAATGGTAATAAATAAAAA","Pf3D7_01_v3-162867-163115-1A.5","15+12N34+8N91I=ATAATA92G129+10N182T191A",14,0.00978336827393431,2
"IM-23-122-KXSC","8039832262","Maziba","Pf3D7_14_v3-407306-407542-1A","CTTTCTTTCGTCTTTCTGTTCATTATCCATATAATCTTTTTCTCCTTCCTTTTCATTCTTTACTTTATTTCTATTAATACACAATTCTCCTTGAGTTAAGAGATTTACGATATTATCAATATTGTTTTCTTTCATATACTTCAACTTTTTACTATTCATTTTTAAAAGA","Pf3D7_14_v3-407306-407542-1A.14","85T",7,0.00495750708215297,4
"IM-23-122-KXSC","8039832262","Maziba","Pf3D7_01_v3-181512-181761-1A","TTCATTATTGTTTTCATTCTTTTTTTAACGAAAACTATTCATCTCAAAAATATAAGATATTTTATATGACGAATGCCATTGTATTTTTTGTTACGTAAAACCTGACTTCTTCAAGGAAAACACATGCGCATTTTCACCAATTTTTGCCTAAGCTTATTATAAAAAGTATATTAAATGTATGAC","Pf3D7_01_v3-181512-181761-1A.2","19+9N83+8N",4,0.00296296296296296,2
"IM-23-122-KXSC","8039832262","Maziba","Pf3D7_01_v3-181512-181761-1A","TTCATTATTGTTTTCATTCTTTTTTTAACTAAAACTATTCATCTCAAAAATATAAGATATTTTATATGACGAATGCCATTGTATTTTTTGTTACGTAAAACCTGACTTCTTCAAGGAAAACACATGCGCATTTTCACCAATTTTTGCCTAAGCTTATTATAAAAAGTATATTAAATGTATGAC","Pf3D7_01_v3-181512-181761-1A.1","19+9N30T83+8N",1346,0.997037037037037,2
"IM-23-122-KXSC","8039832262","Maziba","Pf3D7_13_v3-1004740-1005002-1A","TTACATCGTAAAAATAATTTAAAATATTATATATATTATCTTTTCCTTTTGGGGGGTCTCTTTTCTTTATATATATATTTACATTTCTCTTCATTTTATTACATGATAAATTAATATTTAATGTACTAATATATATATTATTAATTTTTATTTTCTTCTTCTTTTTTATATTAAAACAAAATGAAGATTCTTTAA","Pf3D7_13_v3-1004740-1005002-1A.1","50+8N161+8N",5,0.121951219512195,2
"IM-23-122-KXSC","8039832262","Maziba","Pf3D7_01_v3-528859-529104-1A","TTTGATTCTTTTTAATGAAAAAGAAGCTAAAGATATGTCAGACCATATAATTTCCCAACAAAAACGTTATTGCTCTACCAATATTCATAGTATTTATAATAATAAAATATGTATATGTAAAAATAAGCGACATCATAACAAAAGAGGGAAAGGAATAAAGCATCATGACATACATCAAAAGG","Pf3D7_01_v3-528859-529104-1A.4","93T165A",3401,1,1
"IM-23-122-KXSC","8039832262","Maziba","Pf3D7_14_v3-2355614-2355853-1A","ACTTTTCTCGATTCACATTATCCAAACCCATTTAACGAGTATGAAAAATATGACAAACATTATTATGAACTTGAAAATATTTTAAAAAACAAACTTAATGAACAATCCTTAAATTATCAATCTTTGTTAAAAATGAAAAGATTTATAAGTATGAACGATATGGAAAATAATAA","Pf3D7_14_v3-2355614-2355853-1A.2","83+8N105A",1252,1,1
"IM-23-122-KXSC","8039832262","Maziba","Pf3D7_14_v3-297583-297856-1B","AGGAGGTTTTTCTTATTATATTTTTGAAAATTTCGTTTTTCAAAAGAACCGTAAAATTAATCACATAATTAAGACTTCAAAATATTCGACAGTAGGATTTAATATTGAAAATTCTTATGATAGACTTATGAAAACAATTAAAGAGCATAAATTAAAAAATTATATAAAAGAATCAGTAAAACTTTTTAATAAAGGTTTAACCAAAAA","Pf3D7_14_v3-297583-297856-1B.1","153+8N",315,1,1
"IM-23-122-KXSC","8039832262","Maziba","Pf3D7_14_v3-2733345-2733593-1A","TCGATGTACATGCAGAAAAAATATTGGAACGTTTATTTGTAATTTATTTATGTGTATTAAAAGAATATGAAAAACATCCTCCTAAAATATTAAAATATTCATTACGTGCTATATCTAGATACTCGATGTATATAAATAAATTTATCATGGATGATATATTATTTGAAATTAAAAACCTTGCTGCA","Pf3D7_14_v3-2733345-2733593-1A.1","15+8N",1587,1,1
"IM-23-122-KXSC","8039832262","Maziba","Pf3D7_01_v3-194742-194973-1B","TACCTATAAAAATGAAAAAAATAAAGAAGAAGATAAATATGGAAAAAATGAAAAAAACGAAAAATATGACAAATATGACAAATATGAAAAATATGAAAAATATGATAAATACAAAAAAGATAATAAAAATCAACATGATGATCCACTTTATGATAATATTAATAAAAATTACGATAA","Pf3D7_01_v3-194742-194973-1B.2","14+9N42+17N112+8N",1542,0.90599294947121,2
"IM-23-122-KXSC","8039832262","Maziba","Pf3D7_14_v3-2695837-2696082-1A","CGTTTTGTATCATATTATTAGATATAGTTATTTTATTATTATTTTCTACATTATTATTCAATATATTACATCCTGTTATGGAATTATTGTTAAAATATAAATTATTCGAATTGTTATTATTAAATTCTAATCCACTAACTGCTGTTGTATATAATGATGATGAGTTATTATTATAGAAATC","Pf3D7_14_v3-2695837-2696082-1A.2","28+16N53A",828,0.989247311827957,2
"IM-23-122-KXSM","8070933923","Maziba","Pf3D7_09_v3-1015103-1015350-1A","ATTATTTAATTTTTCATCTTTTATATTTTTCAGATTTTTTATATGAAGATGTAGGAATACAACTAAATTAACAGCTGAAAATAATCTTACTAACAAAAATAATTTGAGGAATTCTTCATCATATAAATCTTTTGGAATATTATTTGTGTATTCATAAATTTCTATTAAGGATATAATAGTTATGA","Pf3D7_09_v3-1015103-1015350-1A.3","34+8N51G",45,0.117801047120419,2
"IM-23-122-KXSM","8070933923","Maziba","Pf3D7_04_v3-316593-316858-1A","TTATTCATTTTTTCTATATTATCCTTTTCTACATCATCAAAATTTGTTAATGATTCACACGTTATATTTGGTGATATTATATTTCTACCTGTACATACACCAATATTTGTTGTACCTATTATTTTATACCCTTCTTGACATTTAAATTCTATTTTTTCACCAAGTAAATAATATTTTTTATCAGGGATAAGGGAAACATA","Pf3D7_04_v3-316593-316858-1A.2","7+8N151+8N173+8N",601,0.633966244725738,2
"IM-23-122-KXSM","8070933923","Maziba","Pf3D7_14_v3-1166107-1166371-1A","TTTTTGAATTATTAAATATATCTTCTATAAAAAAAGAATATCAAGCTATACATAACAATAAGTATTTTTTATGGAATATGGATGCAAATTTTTTTACTATAAAAAATCATCATAAGGATAATAAGGATAACAATGATGAAAATGTGAATGTAATAATACAACAAAATAATTTAGTTCTAGAAAAATATGATCATTTAATAGA","Pf3D7_14_v3-1166107-1166371-1A.3","28+9N64+8N87A88+9N100+8N179A",120,0.298507462686567,2
"IM-23-122-KXSM","8070933923","Maziba","Pf3D7_04_v3-316593-316858-1A","TTATTCATTTTTTGTATATTATCCTTTTCTACATCATCAAAATTTGTTAATGATTCACACGTTATATTTGGTGATATTATATTTCTACCTGTACATACACCAATATTTGTTGTACCTATTATTTTATACCCTTCTTGACATTTAAATTCTATTTTTTCACCAAGTAAATAATATTTTTTATCAGGGATAAGGGAAACATA","Pf3D7_04_v3-316593-316858-1A.1","7+8N151+8N173+8N",347,0.366033755274262,2
"IM-23-122-KXSM","8070933923","Maziba","Pf3D7_08_v3-585703-585949-1A","AAACACATCATCAAAAGTTTCTGATATTGGCTTGTTTGATTCTTTATATTTAAAATCTTTATATAAATAAAATCTATCTTTCTTAAAATATGGATCTTTACGTAGTTCAATCGAATCACTATCAGTTACAATATTTATATCTTTTAATGTTAAGTGGAAATTAGAATCAATAATAGCTA","Pf3D7_08_v3-585703-585949-1A.4","105G",427,0.329221279876638,2
"IM-23-122-KXSM","8070933923","Maziba","Pf3D7_09_v3-1406342-1406614-1A","TCTCAGATTATCATAGTGTTGTGGATGAAGATTTAATTAATTTTAATGATGATGTTACTTTAGAAACACAATCCATGATAGCACACGGAGGGTCTTTGTCAGAAATAGAAGAAACTGAAGATTTATCTTCAGATGTTGATAGATTACTTTCATCAATCGAAACTACTCCAAGAGATGATGTTGTATATATACGAGGTGATATTATATT","Pf3D7_09_v3-1406342-1406614-1A.3","118A148T204A",409,0.306596701649175,3
"IM-23-122-KXSM","8070933923","Maziba","Pf3D7_06_v3-532166-532407-1A","AGAACAATTGCTAAACACCAAATTGGGTGAAACAAAAAACCACCTGAACAGAACTCCATTTATACCTGAATCGGTCATACGAGAAAGGAAATTACGCCAAGAAAAAGCGCAATCCACAAACAACATGTTCGATTCAACAAACGCAGATAGTATTACTTCCCCATGTGATCCAACGAATGCCACG","Pf3D7_06_v3-532166-532407-1A.4","33+8N55T109G157T",8,0.00144587023314658,4
"IM-23-122-KXSM","8070933923","Maziba","Pf3D7_06_v3-532166-532407-1A","AGAACAATTGCTAAACACCAAATTGGGTGAAACAAAAAACCACCTGAACAGAACCCCATTTATACCTGAATCGGTCATACGAGAAAGGAAATTACGCCAAGAAAAAGCTCAATCCACAAACAACATGTTCGATTCAACAAACGCAGATAGTATTACTTCCCCATGTGATCCAACGAATGCCACG","Pf3D7_06_v3-532166-532407-1A.5","33+8N157T",11,0.00198807157057654,4
"IM-23-122-KXSM","8070933923","Maziba","Pf3D7_06_v3-416462-416720-1A","AAGAAAAAATGGACATTGTGGAGAATATAAAAAATAGAGGAAAGGAAAAAACAGAATTAACATATAAAGAAGTATATAAAACACAACAGAATCAAAATGATGCAAGTTTAAATTCATTTTGGGGTGATGAAAAAAAAAATAATAATTATGATATAGATATAGTAAAAGAGAAATATAGTGAGTTAATGAAAAAAAAAGAA","Pf3D7_06_v3-416462-416720-1A.1","3+8N28+8N45+8N129+12N188+11N",1002,1,1
"IM-23-122-KXSM","8070933923","Maziba","Pf3D7_13_v3-2770621-2770854-1B","ATTCCAAGAAATATTTTTAAAAAAAAATAGTGAGTTAGATGATCACGTATGGAATATAGAAAGTATTACTACGAATATATTAGAGAGGAATAAATTAAGTGATCAAAATAATGAAGATAACCATGATGTTAATAATAATAATGAAGACCCATCTGGGGGTAATTTAAAAAC","Pf3D7_13_v3-2770621-2770854-1B.1","18+11N130+13N",782,1,1
"IM-23-122-KXSM","8070933923","Maziba","Pf3D7_04_v3-141741-141990-1A","TGAATACCATATAGCCCTTTCAAATTATATAAAGACAGAACTAAGAAATATAAACCTGCAAGAAATAAAAAACAATATAATAAAAATATTTAAAGAATTCGAATCTGCACACAAAGAAATTAAAAAAGAATCAAAACAAATTAATAAAGAATTTACCAAAATGGATGTCGTCATAAATCAATTAAGAGATATAG","Pf3D7_04_v3-141741-141990-1A.2","66+8N101G121+8N134A",914,0.339020771513353,2
"IM-23-122-KXSM","8070933923","Maziba","Pf3D7_08_v3-585993-586266-1A","TGTAAATATAAATCATACGTATGACATGTATCATCATTTAATGCATTCTTAATTGTTAATGCTAATCTACTTACAATAATATAAGCAAAGTTTATATGAGAATGAATACCTTCTTTTCCTAAAAAGTTATAAAGACTAACAAATGGAGCATATATTATAAATTTATCATACTTTTTTTTGTGCATAACTTCATTTAATAAAATATTT","Pf3D7_08_v3-585993-586266-1A.2","29T171+10N",609,0.708139534883721,2
"IM-23-122-KXSM","8070933923","Maziba","Pf3D7_10_v3-992331-992603-1A","TCATTATATTTTTAAAAAAAAAAATTATGATATAAAATCTTCAATTAATAAAAGATCTATCCAGTTCTTTAAAGACACTAATATAGATCATTATATAGCATATGAATATTATAAGGAGGACCGTACGGAATTTATATTAACTATTATGAATGAAAAAAATATTACTCATCAAGAAACTCAAAGTCTTGAAATGAAAAAGTTGAAAG","Pf3D7_10_v3-992331-992603-1A.2","13+13N152+9N",392,0.685314685314685,2
"IM-23-122-KXSM","8070933923","Maziba","Pf3D7_04_v3-284121-284364-1A","ATATTGTATATTATCATAAGATTTATATGGAGGACCACATTGAAATCCGACAATTTCATTTGATGCATGTAGTACACATTCCGTATTTCTGTTTGAATTATTTAAAATAATTTTATTACTTAGAAATGATTCTTTTTCACTATAATCTTTATATAACAAAGGGTTTTCATCAATTTGA","Pf3D7_04_v3-284121-284364-1A.6","165T",660,0.704375667022412,2
"IM-23-122-KXSM","8070933923","Maziba","Pf3D7_04_v3-284121-284364-1A","ATATTGTATATTATCATAAGATTTATATGGAGGACCACATTGAAATCCGACAATTTCATTTGATGCATGTAGTACACATTCCGTATTTCTGTTTGAATTATTTAAAATAATTTTATTACTTAGAAATGATTCTTTTTCACTATAATCTTTATATAAGAAAGGGTCTTCATCAATTTGA","Pf3D7_04_v3-284121-284364-1A.1","157G",277,0.295624332977588,2
"IM-23-122-KXSM","8070933923","Maziba","Pf3D7_04_v3-748374-748611-1B","AAACTGGGAAAGCATTCCAAAAAAATTTAAACCTTTAAGCAATAGGATAAATGTTATATTGTCTAGAACCTTAAAAAAAGAAGATTTTGATGAAGATGTTTATATCATTAACAAAGTTGAAGATCTAATAGTTTTACTTGGGAAATTAAATTACTATAAATGTTTTATTATAG","Pf3D7_04_v3-748374-748611-1B.1","3A18+9N72+9N",1469,1,1
"IM-23-122-KXSM","8070933923","Maziba","Pf3D7_09_v3-1406342-1406614-1A","TCTCAGATTATCATAGTGTTGTGGATGAAGATTTAATTAATTTTAATGATGATGTTACTTTAGAAACACAATCCATGATAGCACACGGAGGGTCTTTGTCAGAAATAGAAGAAACTGGAAGATTTATCTTCAGATGTTGATAGATTACTTTCATCAATCGAAACTACTCCAAGAGATGATGTTGTATATATACGAGGTGATATTATATT","Pf3D7_09_v3-1406342-1406614-1A.7","120I=A148T204A",5,0.00374812593703148,3
"IM-23-122-KXSM","8070933923","Maziba","Pf3D7_13_v3-2770591-2770863-2","ACACATCGATTTTATCAAAAGGAAATATTCCAAGAAATATTTTTAAAAAAAAATAGTGAGTTAGATGATCACGTATGGAATATAGAAAGTATTACTACGAATATATTAGAGAGGAATAAATTAAGTGATCAAAATAATGAAGATAACCATGATGTTAATAATAATAATGAAGACCCATCTGGGGGTAATTTAAAAACCAATCTAAT","Pf3D7_13_v3-2770591-2770863-2.1","44+11N156+13N",685,1,1
"IM-23-122-KXSM","8070933923","Maziba","Pf3D7_14_v3-1166107-1166371-1A","TTTTTGAATTATTAAATATATCTTCTATAAAAAAAGAATATCAAGCTATACATAACAATAAGTATTTTTTATGGAATATGGATGCAGATTTTTTTACTATAAAAAATCATCATAAGGATAATAAGGATAACAATGATGAAAATGTGAATGTAATAATACAACAAAATAATTTAGTTCTAGAAAAATATGATCATTTAATAGA","Pf3D7_14_v3-1166107-1166371-1A.2","28+9N64+8N88+9N100+8N179A",282,0.701492537313433,2
"IM-23-122-KXSM","8070933923","Maziba","Pf3D7_09_v3-1015103-1015350-1A","ATTATTTAATTTTTCATCTTTTATATTTTTCAGATTTTTTATATGAAGATATAGGAATACAACTAAATTAACAGCTGAAAATAATCTTACTAACAAAAATAATTTGAGGAATTCTTCATCATATAAATCTTTTGGAATATTATTTGTGTATTCATAAATTTCTATTAAGGATATAATAGTTATGA","Pf3D7_09_v3-1015103-1015350-1A.1","34+8N",337,0.882198952879581,2
"IM-23-122-KXSM","8070933923","Maziba","Pf3D7_04_v3-748105-748359-1B","TGTGCATGTTGTAAGGTTGAAAGCAAAAATGAGGGGAAAAAAAATGAGGTTTTTAATAACTACACATTTAGAGGTCTAGGAAATAAAGGAGTATTACCATGGAAATGTATTTCCCTAGATATGAAATATTTTCGTGCAGTTACAACATATGTGAATGAATCAAAATATGAAAAATTGAAATATAAGAGATGTAAAT","Pf3D7_04_v3-748105-748359-1B.1","36+10N110T133C",855,1,1
"IM-23-122-KXSM","8070933923","Maziba","Pf3D7_14_v3-120101-120365-1A","TTTTACAACATTATTTTTTTCTTCCTCCTCAGATAAAATAGGTACACATATCGCGTCCTTATCACATCCTCCATTGTTTACCTTACAATGTTCTTCGCATTCGAAATTTTTTTCAGGATTACTTGAAAAGCCTTCTGGACAATTACAATATTCATATCCATGAGTATTCTTACAAACACCTTTTCCACAATTTAAAA","Pf3D7_14_v3-120101-120365-1A.2","13+9N106+9N",562,1,1
"IM-23-122-KXSM","8070933923","Maziba","Pf3D7_06_v3-532166-532407-1A","AGAACAATTGCTAAACACCAAATTGGGTGAAACAAAAAACCACCTGAACAGAACCCCATTTATACCTGAATCGGTCATACGAGAAAGGAAATTACGCCAAGAAAAAGCGCAATCCACAAACAACATGTTCGATTCAACAAACGCAGATAGTATTACTTCCCCATGTGATCCAACGAATGCCACG","Pf3D7_06_v3-532166-532407-1A.1","33+8N109G157T",3650,0.659678293873125,4
"IM-23-122-KXSM","8070933923","Maziba","Pf3D7_11_v3-1968050-1968296-2","TCATTACACTAGTCATGATTGGTTTAGATTATTACGCCAAGGGAATAAAGCTCAAAATTCCATTTCTCAGGAAGTAGACATATTAACGGAAAAGTATAAAAAATTAATTTCAGAGGAAGACAATAAAAAAGAAAATAACAATAATAATGATGATGAAGTAAAACCAGAACTAAAAGACAATATA","Pf3D7_11_v3-1968050-1968296-2.2","97+8N124+8N",630,0.334750265674814,2
"IM-23-122-KXSM","8070933923","Maziba","Pf3D7_08_v3-585703-585949-1A","AAACACATCATCAAAAGTTTCTGATATTGGCTTGTTTGATTCTTTATATTTAAAATCTTTATATAAATAAAATCTATCTTTCTTAAAATATGGATCTTTACGTAGTTCAATCGAATCCCTATCAGTTACAATATTTATATCTTTTAATGTTAAGTGGAAATTAGAATCAATAATAGCTA","Pf3D7_08_v3-585703-585949-1A.3","105G118C",870,0.670778720123362,2
"IM-23-122-KXSM","8070933923","Maziba","Pf3D7_06_v3-851492-851765-1A","ACAATAGTACATTCTGCATTTACATCACAACCTCCATTATTTTTTGAACAGTTCATATCTTTCATAGGTATACATTTAAAATAATTTACACTCATATCAACTATATAATTAGGTCGGCATCTACATTGTTCTTTATCTTTTTCGACAATATAACAACGTGAATTGGGTCCACATTTGGAATATTCACAAATATTATTTACTTTAAATATAACAAAATTTTTCA","Pf3D7_06_v3-851492-851765-1A.2","39+8N194T220T",772,0.661525278491859,2
"IM-23-122-KXSM","8070933923","Maziba","Pf3D7_06_v3-532166-532407-1A","AGAACAATTGCTAAACACCAAATTGGGTGAAACAAAAAACCACCTGAACAGAACTCCATTTATACCTGAATCGGTCATACGAGAAAGGAAATTACGCCAAGAAAAAGCTCAATCCACAAACAACATGTTCGATTCAACAAACGCAGATAGTATTACTTCCCCATGTGATCCAACGAATGCCACG","Pf3D7_06_v3-532166-532407-1A.2","33+8N55T157T",1864,0.336887764323152,4
"IM-23-122-KXSM","8070933923","Maziba","Pf3D7_04_v3-141741-141990-1A","TGAATACCATATAGCCCTTTCAAATTATATAAAGACAGAACTAAGAAATATAAACCTGCAAGAAATAAAAAACAATATAATAAAAATATTTAAAGAATTCGAATCTGCACACAAAGAAATTAAAAAAGAATCAGAACAAATTAATAAAGAATTTACCAAAATGGATGTCGTCATAAATCAATTAAGAGATATAG","Pf3D7_04_v3-141741-141990-1A.8","66+8N101G121+8N",1782,0.660979228486647,2
"IM-23-122-KXSM","8070933923","Maziba","Pf3D7_09_v3-164045-164311-1A","ATCAACTGGTGTTGCAAAACCATTAGTTACCAATTTTAATTCTCCATTTAGTGCTTTTGGTAAAACAAATACCAGTGATATATTTAAAACTAATACTACTGCATCAACTACAAATGCAACTGCAACTGCAACTCCTGCTCCCTTTGGATCAGCATTTGGAGCGCAAAAAAATAATGATAGCTTGTTTGGAAATAATGCATTCAAGCTTTCG","Pf3D7_09_v3-164045-164311-1A.3","169A",375,0.312239800166528,2
"IM-23-122-KXSM","8070933923","Maziba","Pf3D7_14_v3-106867-107115-1A","AATGACATGAACAAGTCAGGCGAAAAAGAGGAACATGTTATAAATAGTAAATGGAAAAATAAATTTTTCCATGAAGTTATACAAAATATGTTATATGATGATAATATAAATGATCATAAAGAAGAAATTAAGGAAGATAATTCTAATGAATATAATATCAATAATAAAAATGATAATTTATATGATATA","Pf3D7_14_v3-106867-107115-1A.2","120A",552,1,1
"IM-23-122-KXSM","8070933923","Maziba","Pf3D7_07_v3-1043981-1044225-1A","ATAATGATATGTTATTTCATCATCAGCATCGACTTCTTTCTTATTATGTTCAAACAAATTCTTATATTTTATATTATTGCATTTTTGTCTTTCCATATTTATAAAAGATTCTATTTTCTTTTTATAATCATTCCTTTTTATATAATTACACATTCCTTCATTTTGGTTGTCATAACTCTTCT","Pf3D7_07_v3-1043981-1044225-1A.2","36+8N",1163,0.6918500892326,2
"IM-23-122-KXSM","8070933923","Maziba","Pf3D7_07_v3-1043981-1044225-1A","ATAATGATATGTTATTTCATCATCAGCATCGACTTCTTTTTTATTATGTTCAAACAAATTCTTATATTTTATATTATTGCATTTTTGTCTTTCCATATTTATAAAAGATTCTATTTTCTTTTTATAATCATTCCTTTTTATATAATTACACATTCCTTCATTTTGGTTGTCATAACTCTTCT","Pf3D7_07_v3-1043981-1044225-1A.1","36+8N",518,0.3081499107674,2
"IM-23-122-KXSM","8070933923","Maziba","Pf3D7_08_v3-1314717-1314986-1A","ATAAAAAAGAAAAAATTATTGTCAAAAGTTTTCATAGATATATATATGATGGTATTAGAAGATTTTAAAGAAGAAGAATGTAAAAAGAATAAAGAAATATTTCTTGATACTTATATAGATGAACTAAAAAAAGATTCGCAAAGTGAAAAAAATAAAAGCATGTTAAATATATTAGATGAAATAAAAAGTGATATTCATATAGGATATC","Pf3D7_08_v3-1314717-1314986-1A.3","2+15N125+9N145+9N",251,0.705056179775281,2
"IM-23-122-KXSM","8070933923","Maziba","Pf3D7_13_v3-1725379-1725652-2","ATTATTTCTTCTAGGTATATTTAAATTACTTGAAACATACCATACATCTCTTAAACGATCATACACCTCAGTTTCAAATAAAGCCTTATAATCATAGTTATTACCACCAAAAACGTATAAGAAATTATTCAATACAGCACTTCCAAAATAAGCTTTTTTGGTAGACATAGGTGTACACATACGCCAGCATTGTTGACTAATATCTAATAATTCCA","Pf3D7_13_v3-1725379-1725652-2.1","153+8N",369,1,1
"IM-23-122-KXSM","8070933923","Maziba","Pf3D7_08_v3-585331-585590-1A","TGAAAACTTTTCATGTACGGTTAATAAACAAAATAATTCTGAATTATATATAAGTAAAACTTCTTCTACATCTCTAAATTTATGCATTGTAGCTCTTTTAATATAATAAGGCAAATATTTTACAATATATTTTTGTTTAAAAAAACCTTGATGACCAACATTAATATCTTCCATTTTGGAAAAGGTTCCACTTAACG","Pf3D7_08_v3-585331-585590-1A.2","102T138+9N",714,0.643243243243243,2
"IM-23-122-KXSM","8070933923","Maziba","Pf3D7_13_v3-1726174-1726408-2","TTTCTAATTCTTTGTACAATCGTACTCTTTCCATTTCTAGTTCTTTCTTATCTTTAAATAATTTATCTTTTTCTCGAATAAAATTCATTTGTGTCTTTTTTAACCAATTAATAAATGTAATTCTTAAATCACCTACCATATTTTCAAAATCACTAGCATCACTTAAT","Pf3D7_13_v3-1726174-1726408-2.1","95+8N",2196,1,1
"IM-23-122-KXSM","8070933923","Maziba","Pf3D7_06_v3-851492-851765-1A","ACAATAGTACATTCTGCATTTACATCACAACCTCCATTATTTTTTGAACAGTTCATATCTTTCATAGGTATACATTTAAAATAATTTACACTCATATCAACTATATAATTAGGTCGGCATCTACATTGTTCTTTATCTTTTTCGACAATATAACAACGTGAATTGGGTCCACATTTGGAATATTCACAAATATAATTTACTTTAAATATAACAAAATTTCTCA","Pf3D7_06_v3-851492-851765-1A.1","39+8N",395,0.338474721508141,2
"IM-23-122-KXSM","8070933923","Maziba","Pf3D7_04_v3-140317-140548-1A","TCGGGACAATATTATAAGGATTTTATCACATCAAGGAAAAATATTTATAATATAAGGGAAAATATATCCAAAAATGTAGATATGATAAAAAATGAAGAAAAGAAGAAAATACAGAATTGTGTAGATAAATATAATTCTATAAAACAATATGTAAAAATGCTTAAA","Pf3D7_04_v3-140317-140548-1A.1","86+8N",2657,1,1
"IM-23-122-KXSM","8070933923","Maziba","Pf3D7_05_v3-668763-669004-1A","TAATATTATCTGGCTCTGTAACCATGTCCGAACATATGTTAACAGGAGAATCTGTTCCTATACATAAAGAGCGGTTACCTTTTGAAGGAAATGCTATTATAAATAAAAATAATAAATATGAGAGTAACGATGAAAAGGATGATTACCTTCGTATTTATAATAATCATGCTAGTATTAATATGATCAACCG","Pf3D7_05_v3-668763-669004-1A.9","73G188C",1467,0.680111265646732,4
"IM-23-122-KXSM","8070933923","Maziba","Pf3D7_04_v3-544454-544718-1A","ACAAAATATAATACTTTATATACAAATGCTTATAAAAAATTTTAACGCGGACGTACTTCAAAATAATATAAATGAAGAAGAAGTAATACATAATAACATCAACATTAATAATATAAAAGAAGAACAAATTATACCAAATAATATCAAGAATATCCATAATAATGACAATATTAATCATTGTGATGATAATAAAATAA","Pf3D7_04_v3-544454-544718-1A.4","33+8N47G50G77G",621,0.672806067172264,2
"IM-23-122-KXSM","8070933923","Maziba","Pf3D7_13_v3-2545065-2545291-1A","ATGATTCCTCAAAAGTTTAACATTCCACATAGTATCTGTTAAATTGATAGTTTGCAAACAATTATACGTTTGGTTATTTTTATTTTTAAAAAAGGATATATGATCATCTAAACATTTATTTTTGAGAAAGATTTCCATATATTCATATATATCATGAATACACCA","Pf3D7_13_v3-2545065-2545291-1A.9","87+8N113C154A",1032,0.327307326355852,3
"IM-23-122-KXSM","8070933923","Maziba","Pf3D7_06_v3-145285-145531-1A","TCAACAAAAGCTGATGAATCATCATAATTTGAATAAAATTTATCATTCACAATATTATATTTTTGTTTCTTCTTTTTTCCCATAATATTATTATTTTGTTCACAATATATGTTCATGTGTCCCCTCTTTTTCTGTAAAATATTAAAATGTTTCTTAGTATGCTTCTCTTCATTTTTAATAACA","Pf3D7_06_v3-145285-145531-1A.2","72+8N157G",818,0.32306477093207,2
"IM-23-122-KXSM","8070933923","Maziba","Pf3D7_09_v3-163813-164052-1A","GTAATAATAATAATAATAATGTATTTCTTTCATCAAGTGATCCAAATAAATTAAACACAACACCATCACCATTTGGTTTATCATCTATTGGAAATCTAAATACAAACAATAAATTAAATAGCTTTCCAGACTTTAGTCAAGCTAATAAAACATTTCTACAAAATGATAGCTTAT","Pf3D7_09_v3-163813-164052-1A.2","2+19N28T",1205,1,1
"IM-23-122-KXSM","8070933923","Maziba","Pf3D7_08_v3-550057-550318-2","ACTATTTGATATTGGATTAGGATTTGCGAAGAAACATGATCAATCTATTAAACTCTTACAAAATATACATGTATATGATGAGTATCCACTTTTTATTGGATATTCAAGAAAAAGATTTATTGCCCATTGCATGAATGATCAAAATGTTGTAATAAATACACAACAAAAATTACATGATGAACAACAAAATGAAAATAAAAATA","Pf3D7_08_v3-550057-550318-2.1",".",605,0.689851767388826,2
"IM-23-122-KXSM","8070933923","Maziba","Pf3D7_06_v3-176108-176338-1A","ATTATTATTATTATTATGATGATGATGATGATGATGATCTGTGTTAAGATCATCTTCTATACCATTAGTTAAACATTTTATATTTTTATTCATATAAACATTAATCTTCACAACAGATTTATCAGATCTAGAAAATCTTGTACCTGTTGCTTTATGTAACAATAT","Pf3D7_06_v3-176108-176338-1A.11","1+38N",1012,0.832921810699588,2
"IM-23-122-KXSM","8070933923","Maziba","Pf3D7_06_v3-176108-176338-1A","ATTATTATTATTATTATTATGATGATGATGATGATGATCTGTGTTAAGATCATCTTCTATACCATTAGTTAAACATTTTATATTTTTATTCATATAAACATTAATCTTCACAACAGATTTATCAGATCTAGAAAATCTTGTACCTGTTGCTTTATGTAACAATAT","Pf3D7_06_v3-176108-176338-1A.1","1+38N",203,0.167078189300412,2
"IM-23-122-KXSM","8070933923","Maziba","Pf3D7_08_v3-585331-585590-1A","TGAAAACTTTTCATGTACGGTTAATAAACAAAATAATTCTGAATTATATATAAGTAAAACTTCTTCTACATCTCTAAATTTATGCATTGTAGCTCTTTTAAGATAATAAGGCAAATATTTTACAATATATTTTTGTTTAAAAAAACCTTGATGACCAACATTAATATCTTCCATTTTGGAAAAGGTTCCACTTAACG","Pf3D7_08_v3-585331-585590-1A.1","138+9N",396,0.356756756756757,2
"IM-23-122-KXSM","8070933923","Maziba","Pf3D7_13_v3-2780346-2780575-1B","GTTGGATAGAATGCCCGACTACGGATCGGGAGGTCGTGGGTTCGACTCCTGCCCGGCCTAATTTTTTTCGTTTTCCTTTTTAAAGTAAAAAAGGATAATATTTTTAAAAAACATTTAGTATATATATTTTTTTTAAATAATAAATCTATTATATTATTAAATATTATGAGAAGA","Pf3D7_13_v3-2780346-2780575-1B.2","61+9N76C86+8N105+8N126+10N",375,0.618811881188119,2
"IM-23-122-KXSM","8070933923","Maziba","Pf3D7_13_v3-1725887-1726123-2","AAATAGCTCCACCAACATTAATATCAATCATAGTTTCAGTAGCAATATTTGCATCAACAATTTTTTTTTTATCATTCTCAAAATTTTTATATTCTTGATAATATTTTTCTTTTTCTAAATATAATACTAATTTAATTTTATCGATTTCTTGTAAAAATCTTAATCTTTCTTCATCAA","Pf3D7_13_v3-1725887-1726123-2.1","60+12N",853,1,1
"IM-23-122-KXSM","8070933923","Maziba","Pf3D7_08_v3-585993-586266-1A","TGTAAATATAAATCATACGTATGACATGAATCATCATTTAATGCATTCTTAATTGTTAATGCTAATCTACTTACAATAATATAAGCAAAGTTTATATGAGAATGAATACCTTCTTTTCCTAAAAAGTTATAAAGACTAACAAATGGAGCATATATTATAAATTTATCATACTTTTTTTTGTGCATAACTTCATTTAATAAAATATTT","Pf3D7_08_v3-585993-586266-1A.1","171+10N",251,0.291860465116279,2
"IM-23-122-KXSM","8070933923","Maziba","Pf3D7_13_v3-2114242-2114482-1A","CTTCCATTAACTCAATATATAATTTATTAATAATTTTTAATTTGTTTATTTCAAAAAGGCATAGTTGTAACAAGGTTCTTAAGGTTCTATTACCCCCTAAGAGGTTAAAATGAATATTTCCTTTTTCTCGTATATGCAAAAAATCCCTTAACAATAAATCATATTCATCAGTATGAAATGT","Pf3D7_13_v3-2114242-2114482-1A.1","67G76T137+8N",1313,1,1
"IM-23-122-KXSM","8070933923","Maziba","Pf3D7_10_v3-992596-992869-1A","GAAAATAATAAAATGCACAGTATCAATTCTGATAGAAATAAAAATGATTATATTCCATCTTCCTATTTACATACAATATATAAAACATTTAGCGAACATATAAACCGAGATAATGGAAATATTTATGATGATGAAAAAAAAAATTTATATGATGGAACTGTTTTTTATATAGAAACATTAAACGAATTAAGAATTATAAATATATTATTTTCA","Pf3D7_10_v3-992596-992869-1A.1","133+12N160+8N",148,1,1
"IM-23-122-KXSM","8070933923","Maziba","Pf3D7_13_v3-2114829-2115090-1A","ATTCAATATATATAAAAATATAGCTAATAAACATTTCAAATCTCCATTAAGAACTTTATTCATCTTAACAAAAGCTCTATGAACTTCTGTATCTATAGTCGATTTTGTTATTCTAAGCATATCATTAAGTAAAAAATTTACGGTATCGACATTAACAGTGTAATAATTTCTTCCTAAATTTAAATGTTCTAAATAATTCAA","Pf3D7_13_v3-2114829-2115090-1A.1","130+8N192A",1005,1,1
"IM-23-122-KXSM","8070933923","Maziba","Pf3D7_05_v3-668763-669004-1A","TAATATTATCTGGCTCTGTAACCATGTCCGAACATATGTTAACAGGAGAATCTGTTCCTATACATAAAGAGCGGTTACCTTTTGAAGGAAATGCTATTATAAATAAAAATAATAAATATGAGAGTAACGATGAAAAGGATGATTACCTTCGTATTTATAATAATCATGCTAGTATTAATATGATCAAGCG","Pf3D7_05_v3-668763-669004-1A.3","73G",5,0.00231803430690774,4
"IM-23-122-KXSM","8070933923","Maziba","Pf3D7_09_v3-1406342-1406614-1A","TCTCAGATTATCATAGTGTTGTGGATGAAGATTTAATTAATTTTAATGATGATGTTACTTTAGAAACACAATCCATGATAGCACACGGAGGGTCTTTGTCAGAAATAGAAGAAACTGGAGATTTATCTTCAGATGTTGATAGATTACATTCATCAATCGAAACTACTCCAAGAGATGATGTTGTATATATACGAGGTGATATTGTATT","Pf3D7_09_v3-1406342-1406614-1A.2",".",920,0.689655172413793,3
"IM-23-122-KXSM","8070933923","Maziba","Pf3D7_13_v3-2545065-2545291-1A","ATGATTCCTCAAAAGTTTAACATTCCACATAGTATCTGTTAAATTGATAGTTTGCAAACAATTATACGTTTGGTTATTTTTATTTTTAAAAAAGGATATATGATCATCTAAAGATTTATTTTTGAGAAAGATTTCCATATATTCATATATATCTTGAATACACCA","Pf3D7_13_v3-2545065-2545291-1A.5","87+8N",2117,0.671424040596257,3
"IM-23-122-KXSM","8070933923","Maziba","Pf3D7_04_v3-648065-648332-1A","TATAACTTCTGATTCAGTTTTGTTAAGATATATACCAAGAGATCTTAACAAATATAATAATTTTTCACCACTAACTCCATCTTTATTAGTATCGTATTCTTTAAATATTGATTCAATCTCAGCTCTCTTAAAGAAAACAAATATATATACATATATATATGTATTTATATGAATTTGTATCAATAAATAATAACATTCTTA","Pf3D7_04_v3-648065-648332-1A.2","4A141+30N",227,1,1
"IM-23-122-KXSM","8070933923","Maziba","Pf3D7_14_v3-1992121-1992370-1A","ATTAAAACATTCCAACAATTTTATTTCCTTCTTTATAAAATTATATAAATTAATTATTTTCTTTTTATCACATTCAAAGACGGCATAAGGTGCACCCCATGAACATTTTTTACTTTTGCTACCATCAGGCATAATATAATCACCAGTACCATTTTTTTCTGATAAATTAATATTTTTTTGTATAACATCATA","Pf3D7_14_v3-1992121-1992370-1A.2","105+8N140T151+9N172+9N",112,0.788732394366197,2
"IM-23-122-KXSM","8070933923","Maziba","Pf3D7_08_v3-1313088-1313338-1A","TGAGAGACATAGATATATGATAGAAAAATGGAAAAAAGAAGATTGGTTTTGTGATTTAAAAGAAACGTTGAAAAATGAATTTGAAGAACAGATGGATATAGGAAAAGTATCTTTTTTATATGAAAATAATAGAGAGTATGGAAAAAATTTTTATTTGGAAAAGCAAAAAATTATATGGAAAAGATGG","Pf3D7_08_v3-1313088-1313338-1A.1","31+8N111+8N141+8N164+8N",864,1,1
"IM-23-122-KXSM","8070933923","Maziba","Pf3D7_08_v3-1314717-1314986-1A","ATAAAAAAGAAAAAATTATTGTCAAAAGTTTTCATAGATATATATATGATGGTATTAGAAGATTTTAAAGAAGAAGAATGTAAAAAAAATAAAGAAATATTTCTTGATACTTATATAGATGAACTAAAAAAAGATTCACAAAGTGAAAAAAATAAAAGCATGTTAAATATATTAGATGAAATAAAAAGTGATATTCATATAGGATATC","Pf3D7_08_v3-1314717-1314986-1A.1","2+15N87A125+9N138A145+9N",105,0.294943820224719,2
"IM-23-122-KXSM","8070933923","Maziba","Pf3D7_05_v3-961511-961758-1B","CTGCAGAAGATTATACTGTATTTAATAATAATGGAGAAATATTATTAGATGATATTAATATATGTGATTATAACTTAAGAGATCTTAGAAACTTATTTTCAATAGTTAGTCAAGAACCCATGTTATTTAATATGTCCATATATGAAAATATCAAATTTGGAAGAGAAGATGCAACATTGGAAGAT","Pf3D7_05_v3-961511-961758-1B.1",".",1026,1,1
"IM-23-122-KXSM","8070933923","Maziba","Pf3D7_06_v3-1115900-1116168-1A","ATTTTTTAATAAAGCAGTACCATCTATATCTCTTCCTTTTTTTAAAACACATAAAGTTTCATCAAAATTGCTTGTGCTATTTTTATCAGGTTCAGGAAAATATTGTTTATTTGTAGAATATCCATTCTGATTACAAGTTATAATATTATTAATATTTATAAATTTTTTTTTTGTTTTTAAATCACCAAATTGATTATCGTTAT","Pf3D7_06_v3-1115900-1116168-1A.1","1+8N36+9N162+12N",570,1,1
"IM-23-122-KXSM","8070933923","Maziba","Pf3D7_04_v3-1113397-1113639-1A","GATTCTGCATGCAGTAATGAATCTATTGAAATCATCTAAGAATAAATTTTTTTGTTTAAACCATTTATTGAACATTTCACTTAAATGTGATTCAATTTTTTTTTCTGAGCTTTCCATAATTTGATTACAACTATTCAATTTGTTTGTATAAGTTTTAGGTCTTATTATTCTTTTACGTTTTAAATCATC","Pf3D7_04_v3-1113397-1113639-1A.12","47+8N95+11N",786,0.318864097363083,2
"IM-23-122-KXSM","8070933923","Maziba","Pf3D7_14_v3-137398-137668-1A","ACCATTCATATTTTCTAGGTTTGTTTAACCAATTACATATATATAATATATTACAAAATAATTGTTTTAATAATATATGTTTAGTTAATATTAATTCAATACTACTTAATTTATTTCTTATATTTTTTAAAAGATCTTCATAAACAAAATCAAAATTATCTATTAATAATAAATAACCAAATCTTTTATGTACATTTTTTATTC","Pf3D7_14_v3-137398-137668-1A.2","122+8N194+8N",93,1,1
"IM-23-122-KXSM","8070933923","Maziba","Pf3D7_05_v3-668763-669004-1A","TAATATTATCTGGCTCTGTAACCATGTCCGAACATATGTTAACAGGAGAATCTGTTCCTATACATAAAGAGCAGTTACCTTTTGAAGGAAATGCTATTATAAATAAAAATAATAAATATGAGAGTAACGATGAAAAGGATGATTACCTTCGTATTTATAATAATCATGCTAGTATTAATATGATCAAGCG","Pf3D7_05_v3-668763-669004-1A.7",".",680,0.315252665739453,4
"IM-23-122-KXSM","8070933923","Maziba","Pf3D7_05_v3-369676-369949-1A","TGTAATATTATATATCCTGTTATAAATAAATCATTGGATATGGATGTGAAAAAAGAAGATATAAAAAAAAATGTAGAAGAAAATAAATATATAGAACATACACAGAATTTGAAAAATTATTTAGAAAATGATGAAAATGAGAAAAAAAAAAGAAGAAAAAGATCAAATAATAATGACAATTATAATTCTCATGATAATAATATTTTTCA","Pf3D7_05_v3-369676-369949-1A.1","48+8N62+11N141+12N",119,0.340974212034384,2
"IM-23-122-KXSM","8070933923","Maziba","Pf3D7_06_v3-1140900-1141174-1A","CTTCCATGTGAGCTTCAAAATCGTCTGAAGGTCGACTAGACATGAAAAATTCAGATTGAGGTAAATCATCAAATGGATGATTTCTATATGATATTCTAGGTATTAATCCTAAGATATTATTTATGCTATTACATTGAGAATTTCCTTCATTGGTTGTGGTACTTATATCCACATTTTGGTGATCATCAGGATATAATGTATTTTCTTTAGAACTT","Pf3D7_06_v3-1140900-1141174-1A.2",".",631,1,1
"IM-23-122-KXSM","8070933923","Maziba","Pf3D7_04_v3-544454-544718-1A","ACAAAATATAATACTTTATATACAAATGCTTATAAAAAATTTTAACTCGAACGTACTTCAAAATAATATAAATGAACAAGAAGTAATACATAATAACATCAACATTAATAATATAAAAGAAGAACAAATTATACCAAATAATATCAAGAATATCCATAATAATGACAATATTAATCATTGTGATGATAATAAAATAA","Pf3D7_04_v3-544454-544718-1A.3","33+8N",302,0.327193932827736,2
"IM-23-122-KXSM","8070933923","Maziba","Pf3D7_06_v3-145285-145531-1A","TCAACAAAAGCTGATGAATCATCATAATTTGAATAAAATTTATCATTCACAATATTATATTTTTGTTTCTTCTTTTTTCCCATAATATTATTATTTTGTTCACAATATATGTTCATGTGTCCCCTCTTTTTCTGTAAAATATTAAAATGTTTCTTACTATGCTTTTCTTCATTTTTAATAACA","Pf3D7_06_v3-145285-145531-1A.1","72+8N165T",1714,0.67693522906793,2
"IM-23-122-KXSM","8070933923","Maziba","Pf3D7_06_v3-1282656-1282930-1A","AAGATATGGAAGAAATATGATAAAGAAAACAATAAATATATATTGTCTCATTTTATTCCCCAATTTATTGAAGACTTAAATTTGAAGGATGAATTCCGAAATTTATTTGATGGATTTGTAAATGATTTGGATATTCTATTATATTCAGAATTTAAAGCATTTTATTTACAAATGAAGCAAAAAGATATAAATGAACTGAAAAATTCTGA","Pf3D7_06_v3-1282656-1282930-1A.4",".",159,0.332635983263598,2
"IM-23-122-KXSM","8070933923","Maziba","Pf3D7_08_v3-549583-549807-1B","ACGTGCTGTTCAAAGAATGTTTGAAATGATAAATGAAGGTGCTAGTGTTATAGATATAGGTGGAGAATCCTCTGGTCCTTTTGTTATACCTAATCCAAAAATTAGTGAAAGAGATTTAGTAGTACCTGTATTACAATTATTTCAAAAAGAATGGAATGATATAAA","Pf3D7_08_v3-549583-549807-1B.1",".",1844,1,1
"IM-23-122-KXSM","8070933923","Maziba","Pf3D7_08_v3-549960-550215-1B","GATGAACTAACAAATTATGATAATCTAGTTTATGATATAAAAAATTATTTAGAACAAAGATTAAATTTTCTTGTATTAAATGGAATACCTCGTTATAGGATACTATTTGATATTGGATTAGGATTTGCGAAGAAACATGATCAATCTATTAAACTCTTACAAAATATACATGTATATGATGAGTATCCACTT","Pf3D7_08_v3-549960-550215-1B.1","4G38+8N",477,0.684361549497848,2
"IM-23-122-KXSM","8070933923","Maziba","Pf3D7_08_v3-550057-550318-2","ACTATTTGATATTGGATTAGGATTTGGGAAGAAACATGATCAATCTATTAAACTCTTACAAAATATACATGTATATGATGAGTATCCACTTTTTATTGGATATTCAAGAAAAAGATTTATTGCCCATTGCATGAATGATCAAAATGTTGTAATAAATACACAACAAAAATTACATGATGAACAACAAAATGAAAATAAAAATA","Pf3D7_08_v3-550057-550318-2.2","27G",272,0.310148232611174,2
"IM-23-122-KXSM","8070933923","Maziba","Pf3D7_11_v3-1968050-1968296-2","TCATTACACTAGTCATGATTGGTTTAGATTATTACGCCAAGGGAATAAAGCTCAAAATTCCATTTCTCAGGAAGTAGACATATTAAAGGAAAAGTATAAAAAATTAATTTCAGAGGAAGACAATAAAAAAGAAAATAACAATAATAATGATGATGAAGTAAAACCAGAACTAAAAGACAATATA","Pf3D7_11_v3-1968050-1968296-2.1","87A97+8N124+8N",1252,0.665249734325186,2
"IM-23-122-KXSM","8070933923","Maziba","Pf3D7_13_v3-156713-156986-1A","TCCTTTTATGTGAACAAATTAAATATTGTAAATGATTTCTTTTTTGAAACACACCATAAAGATACACATCAAGACAGTCAAAATGAACACAAAACGGATGAACCTAAAATACATAATGTTTTCAAAAAAAAAAATAACGATATCTTTGTTAATATTCCTCTACCAAAAATATTTAAAAATTTCTTACATTCCATATATTTTAGAACTCC","Pf3D7_13_v3-156713-156986-1A.2","39+8N50C123+13N",345,0.679133858267717,2
"IM-23-122-KXSM","8070933923","Maziba","Pf3D7_05_v3-668763-669004-1A","TAATATTATCTGGCTCTGTAACCATGTCCGAACATATGTTAACAGGAGAATCTGTTCCTATACATAAAGAGCAGTTACCTTTTGAAGGAAATGCTATTATAAATAAAAATAATAAATATGAGAGTAACGATGAAAAGGATGATTACCTTCGTATTTATAATAATCATGCTAGTATTAATATGATCAACCG","Pf3D7_05_v3-668763-669004-1A.5","188C",5,0.00231803430690774,4
"IM-23-122-KXSM","8070933923","Maziba","Pf3D7_13_v3-1725464-1725719-1B","ATCATAGTTATTACCACCAAAAACGTATAAGAAATTATTCAATACAGCACTTCCAAAATAAGCTTTTTTGGTAGACATAGGTGTACACATACGCCAGCATTGTTGACTAATATCTAATAATTCCATCGAATTTAAATATTCTACACCATCAAATCCACCTATACAAAATACTAATGGGAATGGTAAAAATTTAATACCA","Pf3D7_13_v3-1725464-1725719-1B.1","63+8N",814,1,1
"IM-23-122-KXSM","8070933923","Maziba","Pf3D7_04_v3-115455-115684-1A","TATTAATGTCATTTTGTTTTTCTTTATTATTATTATTTTTATTTTTTCCCTGGTTATCTTCCTTATTACCTAGCTTTTTTTTGTTGTCATTATTTTCTGTCTGATTATTATTTTTGACTCTGTTCATCTTTGAATTATCCGTTCTGTTTGTATGTCTCAAGCAAGGT","Pf3D7_04_v3-115455-115684-1A.2","24+25N74+10N120C",2350,1,1
"IM-23-122-KXSM","8070933923","Maziba","Pf3D7_13_v3-1876391-1876664-1A","AACTATCTGTAAAAGTATGTTTAGAACTAACATTTGAAGAGAAGTTACATCCGTGTATGACTTTTTTTTCATATTTTGGTTTTAAAACTATTTTATAATTATTATTTTTAAATTTGCATGTACATTCTGTATTAACATCTTTTGATGTAACATAAAATGGAGCTTTAAAGATAGTTAAGTTTTTATGATAAATTATTTTATTACTTTTATATA","Pf3D7_13_v3-1876391-1876664-1A.1","61+10N",511,1,1
"IM-23-122-KXSM","8070933923","Maziba","Pf3D7_11_v3-1006693-1006917-1A","GTGGGGGAGAGAATTTTACCTTGATACGCTCCCATGTTTTATCCTTTATACAATACACATAAGTGTCATTGGTAATATATGACCCTCTTTTACCTCCGTAAAGAAATAAACAATCTTCTTTTTTTTCAGTGGAGTAAATTAAATTTAATTTTGCAAAATAGCGTGG","Pf3D7_11_v3-1006693-1006917-1A.3","27C58C118+10N",146,0.0889159561510353,2
"IM-23-122-KXSM","8070933923","Maziba","Pf3D7_13_v3-2504481-2504734-1B","TAAAATGTGTTGATGATTTTAACAATATGGTTATAACGATAAAAGAGGAAGTAAACAATCATTGGGAAAATAATATATACAATAAAAAGGATATGGTTAATTATACAAATGAAAATTATAATGATAATATATTAACATATGAATATATTAATGAAACACTTAGAAAAGAAAAAAAAAGATATTATA","Pf3D7_13_v3-2504481-2504734-1B.1","168+11N",315,1,1
"IM-23-122-KXSM","8070933923","Maziba","Pf3D7_13_v3-2545065-2545291-1A","ATGATTCCTCAAAAGTTTAACATTCCACATAGTATCTGTTAAATTGATAGTTTGCAAACAATTATACGTTTGGTTATTTTTATTTTTAAAAAAGGATATATGATCATCTAAAGATTTATTTTTGAGAAAGATTTCCATATATTCATATATATCATGAATACACCA","Pf3D7_13_v3-2545065-2545291-1A.1","87+8N154A",4,0.0012686330478909,3
"IM-23-122-KXSM","8070933923","Maziba","Pf3D7_14_v3-1956056-1956330-1B","CTAATTTTTTTTCTCCACTTTGTAATTTTTATTGTTGAATATATATATAAAGTTAAACCTATAAATAATACACTACCTAATAAACTATTCTTATATTTAAAAATAAATATAATACATGTTATTAATCCTTCTATTGTTGCCGGAATAATATACATTAAAACAGAACTCATCAAATTATTAGCACTCTCGGTACCTCTATCAACTATTCTCA","Pf3D7_14_v3-1956056-1956330-1B.2","4+10N",466,1,1
"IM-23-122-KXSM","8070933923","Maziba","Pf3D7_07_v3-1028330-1028603-1A","TAAAGAATATTTTTATTTCTAATATTATGGCTAAAAGGAAAATTATTTAATTTCATTTTTTGTGGGTTACTTGTATCATTACAACTCATCATCATGACCATATTATTATTATTATTATTGTTGTTGTTGTTGTTGTGGTGGTTCATTACCAATAAATTTGTGTTATTATGTTCATCCTTTTTTATATTAACAATTTCATTTCTATAA","Pf3D7_07_v3-1028330-1028603-1A.2","55+8N101+36N177+8N202C",376,1,1
"IM-23-122-KXSM","8070933923","Maziba","Pf3D7_08_v3-1099719-1099977-1A","AAAAAATAAAAAATCAAACAAGATAAATAATAATGTATATAATACTAGTGGTATAAAAAATAATGATCAAAATATGGATAATATGAATCAAAAAGGAAAAAGTAACAAAAATTCAAATAAATATAATTTTGATGAAGAGGACTTATGGTTTTTATGTGATTTATGTAATAATCCTATAAGTCCGTTATGTTA","Pf3D7_08_v3-1099719-1099977-1A.1","1+14N54+8N97A142C",434,0.642962962962963,2
"IM-23-122-KXSM","8070933923","Maziba","Pf3D7_11_v3-1018781-1019053-1A","TTTTTGATTCATATCATTATCATAATTATATATATATTGATCTCTGTCTATATGGGGAGCAAAAAAATATAAAGGATGTTGTGTTAAGGCTAATAATAATTCTGTAGCTATACTACTACTTATGTTACTTATACCACATCTAGTGACTGTACATTTTTCATCTAATGTTCTATAGGATAAAGAATCTGAAGGACAATGCATATCAT","Pf3D7_11_v3-1018781-1019053-1A.2","60+9N",143,1,1
"IM-23-122-KXSM","8070933923","Maziba","Pf3D7_11_v3-1019050-1019319-1A","TCAAAACTTATTGCTACCGTAATACCTAAAGGAGGCATTTTACATAATCTTTTTACACTCGTAAGAATATTATTATAAAAGATTTCTTGATATCTATCATACATATGAATATTATTTAGAGATTTATATATATTATTATTTTGTTCATATAATAATATATTATTTAAAGACTTATCCATAATTTTTGTACATTTTATATTTTCTATA","Pf3D7_11_v3-1019050-1019319-1A.1",".",188,1,1
"IM-23-122-KXSM","8070933923","Maziba","Pf3D7_12_v3-529495-529767-1A","GCTCCCCAAAAGTTAACTGCTTCATTATTTTGTGGATCCCAAAAACTAACATTCGTTACCCATCCAACATAATCGGTAGATATCCTATATTCATAACTACTACAGAAATATTTATACTCATGGTATACATTTGCATCATTTACATCTACCAAATTAACAGTTTTACACAAATTGTGAATGCCATTCAAGTTATAAAAACCTGTACAT","Pf3D7_12_v3-529495-529767-1A.2",".",281,0.35479797979798,2
"IM-23-122-KXSM","8070933923","Maziba","Pf3D7_13_v3-1725124-1725365-2","TGGAAATTGTTCCCATTTATTCATTTTTTCTTCATATACTTCAATAGAATTTAATCTCTCACCATTAGTTCCACCAATGACATAAATTTTATTATCAAAAGCAACACACATAGCTGATGATCTAGGGGTATTCAAAGGTGCCACCTCTACCCATGCTTTCATACGATGATCATATGCTTCTAC","Pf3D7_13_v3-1725124-1725365-2.1","23+8N",3976,1,1
"IM-23-122-KXSM","8070933923","Maziba","Pf3D7_05_v3-641131-641404-1A","GGAATTTTTTTTTTGGTGTTTTATTTTTTCGAAGGATACAGTATAATCTAAGACATTAAAATTATTGGGTTTGAAAAAGAGTTTCCTTTTTATGATGTGCAATAGAGGTATATTTATATAGGAAATATAAACATATAAAAGGAATATGATAAAAAGGAAATATTGACTTAATAAAATATTAATATTTCTTTTTTTAAAATATATTTCGT","Pf3D7_05_v3-641131-641404-1A.3","4+12N23+8N42T188+9N",234,1,1
"IM-23-122-KXSM","8070933923","Maziba","Pf3D7_05_v3-550803-551072-1A","ATATAATACACCTTTCTTATTTATATTAATCTTTTCATTTTTACAAGAAATCACCTCCCTACTTATTCGGTTGTCCTCATTTTCATATTTCATAACACCATCATTTATTTTTTCTATTTCTTTAATATTATTTTCTCCTTCGACGTAATTATGCTTTCCTATCATCTCCTTTGCTCTACTTCCTATATATACTAATTTCTCTCTGAA","Pf3D7_05_v3-550803-551072-1A.2","107+8N141C",262,0.632850241545894,2
"IM-23-122-KXSM","8070933923","Maziba","Pf3D7_05_v3-395887-396136-1A","TCTAAGGATTGTTGGTTTTTTAGGATGCTCATCTTTTTAAGATAATCCTCTTTACTGTCGTTATTATTTAAATCGTTTTGTATAATATTATATTGTGAATTCCTTGTGTTTTTCATAATACTATTAGTCCTATTGGTGTTCTTCTTATTATTATTATTATTATTGTTCTTCTTCTTAATAAA","Pf3D7_05_v3-395887-396136-1A.2","15+8N145+20N",155,0.311871227364185,2
"IM-23-122-KXSM","8070933923","Maziba","Pf3D7_05_v3-350808-351052-1A","TAATATAATTTGAGTTGATAATATTATAATTATTTTTTATATGTTGCTCATTTATATTATTATGATAAATATGAGTTGTATTTTTATTAGAGTTGTAGGACATTTTCCCATACATGAGTTGTTTTACATTTTTAACATTTTTATAATTATGTATTAAACATAAGATTATTAGATAAA","Pf3D7_05_v3-350808-351052-1A.2","32+8N",348,0.322520852641335,2
"IM-23-122-KXSM","8070933923","Maziba","Pf3D7_09_v3-595828-596094-1A","ATAATTTTTTCATCGTTCTTATACATGAATGATAAAGTCTTTTTGCAAAATTTTTTGAAGAGATCAGATTTGAGATAAAGACGTTTGGCTAATTTATACGAGAATTCTAGAGCATCTAATTTTATATTTAAACATTTTTTCGTATCCAATATATTATAATTTTGTTCATAAGTCTGTTCGTTTATATTATTTAATACTTTT","Pf3D7_09_v3-595828-596094-1A.8","4+8N27G50+8N108T134+8N180G",408,0.693877551020408,2
"IM-23-122-KXSM","8070933923","Maziba","Pf3D7_06_v3-1282656-1282930-1A","AAAATATGGAAGAAATATGATAAAGAAAACAATAAATATATATTGTCTCATTTTATTCCTCAATTTATTGAAGACTTAAATTTGAAGGATGAATTCCGAAATTTATTTGATGGATTTGTAAATGATTTGGATATTCTATTATATTCAGAATTTAAAGCATTTTATTTACAAATGAAGCAAAAAGATATAAATGAACTGAAAAATTCTGA","Pf3D7_06_v3-1282656-1282930-1A.1","3A60T",319,0.667364016736402,2
"IM-23-122-KXSM","8070933923","Maziba","Pf3D7_10_v3-992331-992603-1A","TCATTATATTTTTAAAAAAAAAAATTATGATATAAAATCTTCAATTAATAAAAGATCTATCCAGTTCTTTAAAGACACTAATATAGATCATTATATAGCATATGAATATTATAAGGAGGACCGTACAGAATTTATATTAACTATTATGAATGAAAAAAATATTACTCATCAAGAAACTCAAAGTCTTGAAATGAAAAAGTTGAAAG","Pf3D7_10_v3-992331-992603-1A.3","13+13N127A152+9N",180,0.314685314685315,2
"IM-23-122-KXSM","8070933923","Maziba","Pf3D7_08_v3-549960-550215-1B","GATGAACTAACAAATTATGATAATCTAGTTTATGATATAAAAAATTATTTAGAACAAAGATTAAATTTTCTTGTATTAAATGGAATACCTCGTTATAGGATACTATTTGATATTGGATTAGGATTTGGGAAGAAACATGATCAATCTATTAAACTCTTACAAAATATACATGTATATGATGAGTATCCACTT","Pf3D7_08_v3-549960-550215-1B.3","4G38+8N128G",220,0.315638450502152,2
"IM-23-122-KXSM","8070933923","Maziba","Pf3D7_08_v3-476232-476475-1A","CAAACACATGATAAACAAAAGTGTAAGGAAAATTTTTCAAATTCTTTTGTTAATGAAATATATGAAAAAGAAGAAAAAGAAACGCAAAAAATGAAAGAATATTTAGAACAACATGAAGAACATTTTTCAACGTTTAGAAATTCAATTTTATGTAAATTAAGAATAGCTGAAGAATT","Pf3D7_08_v3-476232-476475-1A.2","45T85+8N",332,0.495522388059702,2
"IM-23-122-KXSM","8070933923","Maziba","Pf3D7_08_v3-476232-476475-1A","CAAACACATGATAAACAAAAGTGTAAGGAAAATTTTTCAAATTCATTTGTTAATGAAATATATGAAAAAGAAGAAAAAGAAACGCAAAAAATGAAAGAATATTTAGAACAACATGAAGAACATTTTTCAACGTTTAGAAATTCAATTTTATGTAAATTAAGAATAGCTGAAGAATT","Pf3D7_08_v3-476232-476475-1A.1","85+8N",338,0.504477611940298,2
"IM-23-122-KXSM","8070933923","Maziba","Pf3D7_05_v3-960810-961048-1B","TAATACAGGAAGCATTTTATAATATGCATACTGTTATTAATTATGGTTTAGAAGATTATTTCTGTAATTTGATAGAAAAAGCTATTGATTATAAAAATAAAGGACAAAAAAGAAGAATTATTGTAAATGCAGCTTTATGGGGATTCAGTCAAAGCGCTCAATTATTTATTAATAGTTT","Pf3D7_05_v3-960810-961048-1B.1","105+8N",1267,1,1
"IM-23-122-KXSM","8070933923","Maziba","Pf3D7_10_v3-1386657-1386909-1A","CGATTTTGGTAGAGAACAGGTTAAATATATTGAAGACGTGGTTTGATAATCAGGTATTTCTTTAATTAAATATTCATGATATTGTTCGTTAGATACATAAATTAATTCGTCCTCCACATTTTGCTGTTCTGTTATAATTTGTGAAGAAGCTTGGTTTGTCTTATTTGGTAATTGCTCTTTTATGA","Pf3D7_10_v3-1386657-1386909-1A.3","13A",1032,0.673189823874755,2
"IM-23-122-KXSM","8070933923","Maziba","Pf3D7_05_v3-958920-959168-1B","AATAATAAATCGAAAACCATTAGTTGAAAATAATGATGATGGAGAAACATTACCAAATATTAAAAAAATTGAATTTAAAAATGTAAGATTTCATTATGATACTAGAAAAGATGTTGAAATTTATAAAGATTTAAGTTTTACTCTAAAAGAAGGGAAAACATATGCATTTGTGGGAGAATCA","Pf3D7_05_v3-958920-959168-1B.1","61+9N",803,1,1
"IM-23-122-KXSM","8070933923","Maziba","Pf3D7_13_v3-156713-156986-1A","TCCTTTTATGTGAACAAATTAAATATTGTAAATGATTTCTTTTTTGGAACACACCATAAAGATACACCTCAAGACAGTCAAAATGAACACAAAACGGATGAACCTAAAATACATAATGTTTTCAAAAAAAAAAATAACGATATCTTTGTTAATATTCCTCTACCAAAAATATTTAAAAATTTCTTACATTCCATATATTTTAGAACTCC","Pf3D7_13_v3-156713-156986-1A.1","39+8N47G50C68C123+13N",163,0.320866141732283,2
"IM-23-122-KXSM","8070933923","Maziba","Pf3D7_13_v3-1724895-1725166-1B","CGCCATTTTCTCCTCCTGTAATTATATAAGAATCTGACAATGTGGCAGCTCCAAAATTCATTTTTTTCTCTGGTACACCATTTAGAAATTGCCATCTTTTATTAAATGGTTGATATTGTTCAACGGAATCTAATATGTTATGTTCATTATCAATACCTCCAACAACATATATTTGATTAAGGTAATTAAAAGCTGCTCCTGAACTTCTAG","Pf3D7_13_v3-1724895-1725166-1B.1","60+9N",401,1,1
"IM-23-122-KXSM","8070933923","Maziba","Pf3D7_04_v3-109939-110184-1A","CAACATCTGAATTATATAAATCTTTAGAAAAACAACTAATATCCTTACTCGATATATTTATTTTTATACCAAGAATAACAGCCATATAAACCAAAACTCTCTCAAATGCATGTGATACAGGTAAATAAGAAAAATGGGTTTTCGGTTTCATGTTTTTTATTACATTATGATCACATAATGGTGCTACT","Pf3D7_04_v3-109939-110184-1A.6","108G152+8N",6,0.00741656365883807,3
"IM-23-122-KXSM","8070933923","Maziba","Pf3D7_04_v3-1113397-1113639-1A","GATTCTGCATGCAGTAATGAATCTATTGAAATCATCTAAGAATAAACTTTTTTGTTTAAACCATTTATTGAACATTTCACTTAAATGTGATTCAATTTTTTTTTCTGAGCTTTCCATAATTTGATTACAACTATTCAATTTGTTTGTATAAGTTTTAGGTCTTATTATTCTTTTACGTTTTAAATCATC","Pf3D7_04_v3-1113397-1113639-1A.2","47+8N95+11N",1679,0.681135902636917,2
"IM-23-122-KXSM","8070933923","Maziba","Pf3D7_10_v3-1414337-1414596-1A","GACCTGAATGGAAAGGTCAATGTGATAAATTTGAAAAAGAAAAAAGTAAATATGAAGATACTAAAAGTAGAACTGCTGAAATATATTTAAAAGAAATATGTTCTGAATGTGATTGTAAATATAAAGATTTGGATAATACATTTAAAGAATTTAATGATAACGTTACGCTTCTTAAAGCAGTAATTGATAACAAA","Pf3D7_10_v3-1414337-1414596-1A.5","17T39+8N70G82T155T167G",832,0.688172043010753,2
"IM-23-122-KXSM","8070933923","Maziba","Pf3D7_11_v3-1006693-1006917-1A","GTGGGGGAGAGAATTTTACCTTGATATGCTCCCATGTTTTATCCTTTATACAATACATATAAGTGTCATTGGTAATATATGACCCTCTTTTACCTCCGTAAAGAAATAAACAATCTTCTTTTTTTTCAGTGGAGTAAATTAAATTTAATTTTGCAAAATAGCGTGG","Pf3D7_11_v3-1006693-1006917-1A.1","118+10N",1496,0.911084043848965,2
"IM-23-122-KXSM","8070933923","Maziba","Pf3D7_04_v3-133928-134154-1A","TTTTGAAATATCTAATTTATTCATTTGCCTTTTTATTTCATAGTCCCAACTACTTACCCAGGTATTAAAATTAATACAATCCTGTTCTGCATATTTTATGGCTTTTAAATCCCTCAATTTAGTAGCCCTATCTTCACAATAATCTTCTAATATTTTAAT","Pf3D7_04_v3-133928-134154-1A.2",".",1459,0.675150393336418,2
"IM-23-122-KXSM","8070933923","Maziba","Pf3D7_07_v3-729480-729750-1A","TGAATGTTCAGAAATTTTATATCACTTAAATCGTTTGAGTGAGTTAGATCAAATATTGTTGAAAGATAAAATAAGTATATATGAGTATCAGCTAAAGGACACGTTTTTAACAACGTATGATATAGGTTGTTTATTAAAAATAGCTCAAGTGTTGAATGAACAAAATTATTATGATAACATTCCATTTTTGCATATATTTTTATATAACATACATAA","Pf3D7_07_v3-729480-729750-1A.1","42A",528,1,1
"IM-23-122-KXSM","8070933923","Maziba","Pf3D7_07_v3-717260-717493-1A","GAGCTTGCTTTTTTGTTGCGTTACTTGCTGGGCTGATCAAAAAAAAAGTTGAATGTATTGAACTTAGTGCCAGCGAAATTTCCCCTCATGAAAACAAATCGACGAGTTCATCAATATTCCAAGAGGAATTAAAATTTGATGAGTCTCTGAAAAATTTTTTCAAACAA","Pf3D7_07_v3-717260-717493-1A.2","8+8N38+11N141G154+8N",595,0.34593023255814,2
"IM-23-122-KXSM","8070933923","Maziba","Pf3D7_08_v3-1056678-1056903-1A","GTGTTAACGATAATTATAATGCAATAAGCACAACTAATTTTTCAGATGACATGGATGAATTGATAAAGAATCTTTCTATTATGGGTTTGTGTAAAGAGAAAATAGTGTTAACAGAAAAGGCAACAATATTTAATAACATTGAATTGTTGTATTCATATTATCTTATAGTTCAGA","Pf3D7_08_v3-1056678-1056903-1A.2","126A",6970,1,1
"IM-23-122-KXSM","8070933923","Maziba","Pf3D7_03_v3-980853-981120-2","TAAGATTCTTTTGAGTTATTTATTTTCCAAATAATTTGGTTATATATATATGAAAATTCGATCATACCACATGCTCCAAGAATAATAGATGCATCGTCATTATATTGGAATGTAAAACTTTCATCATACTCATTTGTATTAGGTACACAAGAATCATCTTTATTTTTATAATTTTCTTTACATGTACAATTAATTTTACTATATT","Pf3D7_03_v3-980853-981120-2.1",".",199,1,1
"IM-23-122-KXSM","8070933923","Maziba","Pf3D7_13_v3-156456-156685-1A","ATTATATGATATTTATATAAAATTAGAAAATCTAATTTTAGAAAAAATAACTGAAAGTATATACAATAGTACACCTCCATATAGAGTTATTATGTTCGAATTAATGACCAGATTGTTTCGATTTTATACAAAACCAATAGACCTTATTATTACTATGAATACAC","Pf3D7_13_v3-156456-156685-1A.2","41+8N115G",172,0.293515358361775,2
"IM-23-122-KXSM","8070933923","Maziba","Pf3D7_11_v3-1950431-1950680-2","AGATATATTTCAAGGAAAGGATATGTGGAATGATGGGAAATATGGTGAAGCGAAAAATCATATTAAGAATGCTTTTGGTGATATGAACAATAGAAAAGCTATGTTAAATGAAATTGAGAAAGGAATTAAAGATGAAACGTTTAGTCGTGAAAATGGTTTAGACGTTTGTAAATCTCAATGTGAGGAAAG","Pf3D7_11_v3-1950431-1950680-2.1","98G",465,0.311244979919679,2
"IM-23-122-KXSM","8070933923","Maziba","Pf3D7_13_v3-2780346-2780575-1B","GTTGGATAGAATGCCCGACTACGGATCGGGAGGTCGTGGGTTCGACTCCTGCCCGGCCTAATTTTTTTCGTTTTCGTTTTTAAAGTAAAAAAGGATAATATTTTTAAAAAACATTTAGTATATATATTTTTTTTAAATAATAAATCTATTATATTATTAAATATTATGAGAAGA","Pf3D7_13_v3-2780346-2780575-1B.1","61+9N86+8N105+8N126+10N",231,0.381188118811881,2
"IM-23-122-KXSM","8070933923","Maziba","Pf3D7_09_v3-164045-164311-1A","ATCAACTGGTGTTGCAAAACCATTAGTTACCAATTTTAATTCTCCATTTAGTGCTTTTGGTAAAACAAATACCAGTGATATATTTAAAACTAATACTACTGCATCAACTACAAATGCAACTGCAACTGCAACTCCTGCTCCCTTTGGATCAGCATTTGGAGCGCAAAAGAATAATGATAGCTTGTTTGGAAATAATGCATTCAAGCTTTCG","Pf3D7_09_v3-164045-164311-1A.1",".",826,0.687760199833472,2
"IM-23-122-KXSM","8070933923","Maziba","Pf3D7_05_v3-550803-551072-1A","ATATAATACACCTTTCTTATTTATATTAATCTTTTCATTTTTACAAGAAATCACCTCCCTACTTATTCGGTTGTCCTCATTTTCATATTTCATAACACCATCATTTATTTTTTCTATTTCTTTAATATTATTTTCTCCTTGGACGTAATTATGCTTTCCTATCATCTCCTTTGCTCTACTTCCTATATATACTAATTTCTCTCTGAA","Pf3D7_05_v3-550803-551072-1A.1","107+8N",152,0.367149758454106,2
"IM-23-122-KXSM","8070933923","Maziba","Pf3D7_05_v3-395887-396136-1A","TCTAAGGATTGTTGGTTTTTTAGGATGCTCATCTTTTTAAGATAATCCTCTTTACTGTCGTTATTATTTAAATCGTTTTGTATAATATTATATTGTGAATTCCTTGTGTTTTTCATAACACTATTAGTCCTATTGGTGTTCTTCTTCTTATTATTATTATTATTGTTCTTCTTCTTAATAAA","Pf3D7_05_v3-395887-396136-1A.1","15+8N119C145+20N",342,0.688128772635815,2
"IM-23-122-KXSM","8070933923","Maziba","Pf3D7_04_v3-133581-133830-1A","CTCTCGATTATCATTACCTTCTTCAGTCTTTACAATTATAGGAGATGTTTTAACATGATCATCCCCTCCATGAGGAGTAACCCTTAAAGGTTCTTCTTGAACATTTGGTGTCTCTTCGCCTGTTTCTATAGAAGGGATATTTTTTCTATCAGCATATTCATCACCTTCTTCAACTGTACTATTTAAA","Pf3D7_04_v3-133581-133830-1A.14","20T38A45A60C102C113T128A134G143T152G",261,0.711171662125341,2
"IM-23-122-KXSM","8070933923","Maziba","Pf3D7_05_v3-369676-369949-1A","TGTAATATTATATATCCTGTTATAAATAAATCACTGGATATGGATGTGAAAAAAGAAGATATAAAAAAAAATGTAGAAGAAAATAAATATATAGAACATACACAGAATTTGAAAAATTATTTAGAAAATGATGAAAATGAGAAAAAAAAAAGAAGAAAAAGATCAAATAATAATGACAATTATAATTCTCATGATAATAATATTTTTCA","Pf3D7_05_v3-369676-369949-1A.2","34C48+8N62+11N141+12N",230,0.659025787965616,2
"IM-23-122-KXSM","8070933923","Maziba","Pf3D7_09_v3-685560-685825-1A","GAACCAAACAACGACAAAGGAACAAGATAATTTTTTCCATTTTTATAAAAGTAATATATATGATATGGAAAATAGAACATGTAATAATAATATATTACAATATTGTGTTATGAATAATAAATCATATTTATTTCATAATATATCATCCAAAAAAAATATATATATAAAAAAAAAGAATCATCAGTTTTCTTTATTCATATATT","Pf3D7_09_v3-685560-685825-1A.1","30+8N79A148+10N165+11N",15,1,1
"IM-23-122-KXSM","8070933923","Maziba","Pf3D7_05_v3-796518-796759-1A","TGGTTCTTCAATTGTTCATATAAGTTCTTTATTAGTAGGTGTATATTTATGTAGTAGTAGTGCAAATGCATTTAATCAAATTATTGAAAGAAATATAGATAAGTTAATGAAAAGAACCCAAAAAAGACCCTTAGCAAATAATAATCCAAATATGTCAGTTAAGCATGCTGAAATAT","Pf3D7_05_v3-796518-796759-1A.2","119+8N163G",1250,1,1
"IM-23-122-KXSM","8070933923","Maziba","Pf3D7_05_v3-958079-958350-1B","TTTTTATATCTGTGTTTGGTGTAATATTAAAGAACATGAATTTAGGTGATGATATTAATCCTATAATATTATCATTAGTATCTATAGGTTTAGTACAATTTATATTATCAATGATATCAAGTTATTGTATGGATGTAATTACATCAAAAATATTAAAAACTTTAAAGCTTGAATATTTAAGAAGTGTTTTTTATCAAGATGGACAATTTC","Pf3D7_05_v3-958079-958350-1B.1","186+8N",203,1,1
"IM-23-122-KXSM","8070933923","Maziba","Pf3D7_05_v3-958372-958608-1B","ATTTATAACAATTTTTACATATGCCAGTTCCTTTTTAGGTTTATTTATTTGGTCATTAATAAAAAATGCACGTTTGACTTTATGTATTACTTGCGTTTTTCCGTTAATTTATGTTTGTGGTGTCATATGTAATAAGAAAGTAAAATTAAATAAAAAAACATCTTTGTTATATAATAACAATACC","Pf3D7_05_v3-958372-958608-1B.1","45T60+8N151+9N",1486,1,1
"IM-23-122-KXSM","8070933923","Maziba","Pf3D7_08_v3-1099719-1099977-1A","AAAAAATAAAAAATCAAACAAGATAAATAATAATGTATATAATACTAGTGGTATAAAAAATAATGATCAAAATATGGATAATATGAATCAAAAAGGAAAAAGTAACAAAAATTCAAATAAATATAATTTTGATGAAGAGGATTTATGGTTTTTATGTGATTTATGTAATAATCCTATAAGTCCGTTATGTTA","Pf3D7_08_v3-1099719-1099977-1A.4","1+14N54+8N97A",241,0.357037037037037,2
"IM-23-122-KXSM","8070933923","Maziba","Pf3D7_08_v3-1176313-1176549-1A","TACATCCAATGAATATTTTACACTTAAAAGAAATAAACAAATTATTCATAATAAAATACATATACTTTCTATGCAAAAAAATAAACAAAATACAAACGAGCTAAACAAATTATGTAATATTAACGCCATCATATTCAATATTAATTCTGATGATTTTGAGGTAGGCGATGAAATTGT","Pf3D7_08_v3-1176313-1176549-1A.1","74+9N111T136C",2353,1,1
"IM-23-122-KXSM","8070933923","Maziba","Pf3D7_12_v3-233418-233671-1A","CAAAAATATCATTCCCCAAATTTGTACTACTAATTGTTCCAATAGTTCCTATAGTTGTGGTAATTTTCTCATATGTATTTTTTCCTAAAGATTTATTAGACACATTTGAAGGATCATTATTTTGTTCCAAATTCTTGGGCACAGTATTATTACATGAGAATAATGAAAAGTTATTATCATAATTCTTTTGTT","Pf3D7_12_v3-233418-233671-1A.5","67T77+8N",340,0.290846877673225,3
"IM-23-122-KXSM","8070933923","Maziba","Pf3D7_13_v3-935613-935884-1A","CAAAATAATATGAATAGTAATAGTAATAGTTATAATAATTTTAATATAACAGATAGAAGTAAAGAAATAAAAAAAGATTATAAAAGAAACAAAATTTTAATAGTTATTAATAATATTAATACAAATCATATTTTATTATTAAATGAAAGTGTTATAAAAAAAAAAATACTTACATTTTATCTAGATCTTTTTTTTGATGATAATGAACAAAT","Pf3D7_13_v3-935613-935884-1A.2","68+11N155+13N187+10N",555,0.688585607940447,2
"IM-23-122-KXSM","8070933923","Maziba","Pf3D7_10_v3-1392371-1392620-1A","TGATGAAAATGATGATTCCCATTTTTCTAATTCTTTAGTATCTGAAACGAGTTACAATCAAGATTACTCTTTATACACTATTAATATTTTGAATGGACTTCCTGATAAAAAAAGTAATATGAAAAATATTGATTTAGAAAAATTTAAAGATACTTCAATACATACAAAGGAAGAGGGACCCATTGTA","Pf3D7_10_v3-1392371-1392620-1A.3","21A23T41T43T49G106+9N",265,0.282215122470714,2
"IM-23-122-KXSM","8070933923","Maziba","Pf3D7_06_v3-1192628-1192867-1A","GATTATATATTTCTATATTTTAATAAGAATGCGTTACACAAACATGATGCCTCTAATGAAATGTGTTTTGTGAAAAACGAAGATTCTACACGCACAAAAGGACATATGAATGATGAACAAAATGATTTATATAAAATAAATAATAATACAACATATTTTTTTAACAAAAACCACT","Pf3D7_06_v3-1192628-1192867-1A.1","30T155+9N",1306,1,1
"IM-23-122-KXSM","8070933923","Maziba","Pf3D7_06_v3-1197245-1197515-1A","CATTAGGAAAAACAACAGAGCCTTCTTCCATACCATAAATACATAAATCATTTCCACTAATCTTTTCTAAATATTGCACAAAAGAATCAATATCATTATAAGATGACATCTTCTTTCTTATAAAATCTAATTGAGCTTTGGTAAATCGAAAACAATTAATATATTTTATTACTTCATATACACCAGCTAATATAGCAAATTGAC","Pf3D7_06_v3-1197245-1197515-1A.1","20G",843,1,1
"IM-23-122-KXSM","8070933923","Maziba","Pf3D7_05_v3-350808-351052-1A","TAATATAATTTGAGTTGATAATATTATAATTATTTTTTATATGTTGCTCATTTATATTATTATGATAAATATGAGTTGTATTTTTATTAGAATTGTAGGACATTTTCCCATACATGAGTTGTTTTACATTTTTAACATTTTTATAATTATGTATTAAACATAAAATTATTAGATAAA","Pf3D7_05_v3-350808-351052-1A.7","32+8N92A164A",731,0.677479147358665,2
"IM-23-122-KXSM","8070933923","Maziba","Pf3D7_10_v3-1414337-1414596-1A","GACCTGAATGGAAAGGTCAATGTGATAAATTTGAAAAAGAAAAAAGTAAATATGAAGATACTAAAAGTAGAACTGCTGAAATATATTTAAAAGAAATATGTTCTGAATGTGATTGTAAATATAAAGATTTGGATAATACATTTAAAGAATTTAAAGATAACGTTACGCTTCTTAAAGCAGTAATTGATAACAAA","Pf3D7_10_v3-1414337-1414596-1A.1","17T39+8N70G82T167G",377,0.311827956989247,2
"IM-23-122-KXSM","8070933923","Maziba","Pf3D7_10_v3-1414599-1414832-1A","ATCTAGATCAACGAGGGAATATAACAACATCTCAAGGAAATTCACACCGTGCAACTGTTGTGCAACAAGCTGATCAAACCAACAGATTAGATAATGTAAACTCTGTAACGCAAAGAGGAAATAATAACTACAACAATAATTTAGAGCGTGGATTGGGTTCTGGTGCT","Pf3D7_10_v3-1414599-1414832-1A.1","70C",2941,1,1
"IM-23-122-KXSM","8070933923","Maziba","Pf3D7_14_v3-1038300-1038538-1A","ATTAATGATTTATACACTTCAACTACACTTTTTAATTTAGCCCATACAATTAATAAAGCTCTACGATAAATTTCTTTTTTATTTGATTTAGAAAAAGGAGAAAACCATTGAAACTTTTTGGCTAGATATTTATGGTCTTTATCAAAAATATATTCTGAAACTTCATCTTCTAGAAGT","Pf3D7_14_v3-1038300-1038538-1A.1","74+8N",895,0.625,2
"IM-23-122-KXSM","8070933923","Maziba","Pf3D7_11_v3-1902041-1902278-2","ATGAAACAAAATGTCCACCTAGATACCCTTTAAAATCAAAAGTTTTTGGAACCTTTGACCAAAAAACAGGAAAATGTAAAAGTCTCATGGACAAAGCATATGAAGTTGGAATTAATAAATTTTCAGTCTGTTTAGAATATTTATTTTTAGTATCACCTAAGGATTTATATAATAGAGGAAG","Pf3D7_11_v3-1902041-1902278-2.10","60+8N176A",1038,0.357314974182444,2
"IM-23-122-KXSM","8070933923","Maziba","Pf3D7_07_v3-405517-405773-2","TTTTCTACCATGACATATACTATTGTTAGTTGTATACAAGGTCCAGCAATAGCAATTGCTTATTACTTTAAATTCTTAGCCGTAAGAATTAAAAAGATATAAATATATAAATATATATGTGAAATATATGATATATATGATATATATTTTTTATATGTAATGTTTTTTTTTTTTTTTCACAATATACATTTAA","Pf3D7_07_v3-405517-405773-2.3","97+57N162+16N",67,0.752808988764045,2
"IM-23-122-KXSM","8070933923","Maziba","Pf3D7_08_v3-412801-413062-1A","ATGAAGAAATATACGAATATATACTTATAAACGATATTTTTAATTTAAAAAAAGAAATAAAAAATTTCAATATATTAAATAAATATGATGTATTTGAATATATTATTATTATTTTAAAATTGTATGATAAAATATATCCTGATGCAGAGTACATCGAATGTGTACGAGAAACATCACAGAATGGTGACCTTTTA","Pf3D7_08_v3-412801-413062-1A.4","46+9N58+8N101+13N147G188C190T",47,0.290123456790123,2
"IM-23-122-KXSM","8070933923","Maziba","Pf3D7_09_v3-82006-82236-1A","TTTATCATCTTTAGGCCATAACCAGAGTACAAGCAATCCAACTATAACAATTGTAATTAACATTATAAATACTGTAATACCATAAACACTACCAGAAGCGATCAGAAATGCACTAAAAGTATAACCATATTCACTTGGAATAAGAGTAGCGATAAAACTAAAAATAGC","Pf3D7_09_v3-82006-82236-1A.22","95G126C128T137G",2284,0.68836648583484,2
"IM-23-122-KXSM","8070933923","Maziba","Pf3D7_09_v3-82006-82236-1A","TTTATCATCTTTAGGCCATAACCAGAGTACAAGCAATCCAACTATAACAATTGTAATTAACATTATAAATACTGTAATACCATAAACACTACCAGAAGCGATCAGAAATGCACTAAAAGTATAAGAACATTCACTTGGAATAAGAGTAGCGATAAAACTAAAAATAGC","Pf3D7_09_v3-82006-82236-1A.4","95G125G137G",1034,0.31163351416516,2
"IM-23-122-KXSM","8070933923","Maziba","Pf3D7_11_v3-1934962-1935236-1A","TGATGTGCCAATATTAAGGATACATTTTCTAAAGCTTCTATCAGATAATGAAAATTTTTTCTGCGATTTTCATTTAAATCATTAAATATATTGGTTAGTTCTTGTATTGACGTTTTTGGATCTAAGGATGTAATTTGTTCATTTAATTCTTCTGTATATTCTAGATTAAAGTTTAAATTATTAAAATAACCTTCAGCATTATTTTCATTTTT","Pf3D7_11_v3-1934962-1935236-1A.1","54+10N98G",103,0.504901960784314,2
"IM-23-122-KXSM","8070933923","Maziba","Pf3D7_04_v3-1005938-1006187-1A","GTCTTAACATTAATCTTAGTTACAAAGTTACATGGATTTATTGAAAAGATATTTTCGTCACTATATTTCTTTTTTTCCATATCCGTTTGATCATTTTTATATGTTTTCATATTATCCATATGTTCATTATTTTGATCAATATAATTTTTTTTTATAATAAATTTAGAATTATTTTTAAAGAAA","Pf3D7_04_v3-1005938-1006187-1A.1","69+9N84C98T144+11N",483,0.661643835616438,2
"IM-23-122-KXSM","8070933923","Maziba","Pf3D7_04_v3-1005938-1006187-1A","GTCTTAACATTAATTCTAGTTACAAAGTTACATGGATTTATTGAAAAGATATTTTCGTCATTATATTTCTTTTTTTCCATATCTGTTTGATCATTTTGATATGTTTTCATATTATCCATATGTTCATTATTTTGATCAATATAATTTTTTTTTATAATAAATTTAGAATTATTTTTAAAGAAA","Pf3D7_04_v3-1005938-1006187-1A.2","15T16C61T69+9N144+11N",247,0.338356164383562,2
"IM-23-122-KXSM","8070933923","Maziba","Pf3D7_13_v3-1725208-1725471-1B","CATAAATTTTATTATCAAAAGCAACACACATAGCTGATGATCTAGGGGTATTCAAAGGTGCCACCTCTACCCATGCTTTCATACGATGATCATATGCTTCTACATTCGGTATAATAGAAGAGCCATCATATCCCCCAATACAATAAATTCTACCATTTGACGTAACACCACAATTATTTCTTCTAGGTATATTTAAATTACTTGAAAC","Pf3D7_13_v3-1725208-1725471-1B.1",".",973,1,1
"IM-23-122-KXSM","8070933923","Maziba","Pf3D7_04_v3-109939-110184-1A","CAACATCTGAATTATATAAATCTTTAGAAAAACAACTAATATCCTTACTCGATATATTTATTTTTATACCAAGAATAACAGCCATATAAACCAAAACTCTCTCAAATACATGTGATACAGGTAAATAAGAAAAATGGGTTTTCGGTTTCATGTTTTTTATTACATTATGATCACATAATGGTGCTACT","Pf3D7_04_v3-109939-110184-1A.3","152+8N",268,0.331273176761434,3
"IM-23-122-KXSM","8070933923","Maziba","Pf3D7_04_v3-109939-110184-1A","CAACATCTGAATTATATAAATCTTTAGAAAAACAACTAATATCCTTACTACATATATTTATTTTTATACCAAGAATAACAGCCATATAAACCAAAACTCTCTCAAATGCATGTGATACAGGTAAATAAGAAAAATGGGTTTTCGGTTTCATGTTTTTTATTACATTATGATCACATAATGGTGCTACT","Pf3D7_04_v3-109939-110184-1A.5","50A51C108G152+8N",535,0.661310259579728,3
"IM-23-122-KXSM","8070933923","Maziba","Pf3D7_04_v3-133928-134154-1A","TTTTGAAATATCTAATTTATCCATTTGCCTTTTTATTTCATAGTCCCAACTACTTACCCAGGTATTAAAATTAATACAATCCTGTTCTGCATATTTTATGGCTTTTAAATCCCTCAATTTAGTAGCCCTATCTTCACAATAATCTTCTAATATTTTAAT","Pf3D7_04_v3-133928-134154-1A.1","21C",702,0.324849606663582,2
"IM-23-122-KXSM","8070933923","Maziba","Pf3D7_14_v3-1392837-1393086-1A","ACATGTATTGTCCCCAGCATGAATCGGGTGATAAATATTATCAAGCGTATCAAAAAATGGATTGTAATTATTACTACTATTCATATCATTATTTTTTGTGGTGGTGGACTGTGAAATGTTTTCCTTATGATTTTGACTTGTGTGTATATCCCTACCAACAACATATTCAACATTATTATTATCAAAAA","Pf3D7_14_v3-1392837-1393086-1A.2","51+8N91+8N",1227,1,1
"IM-23-122-KXSM","8070933923","Maziba","Pf3D7_01_v3-181512-181761-1A","TTCATTATTGTTTTCATTCTTTTTTTAACGAAAACTATTCATCTCAAAAATATAAGATATTTTATATGACGAATGCCATTGTATTTTTTGTTACGTAAAACCTGACTTCTTCAGGGAAAACACATGCGCATTTTCACCAATTTTTGCCTAAGCTTATTATAAAAAGTATATTAAATGTATGAC","Pf3D7_01_v3-181512-181761-1A.3","19+9N83+8N114G",868,0.658573596358118,3
"IM-23-122-KXSM","8070933923","Maziba","Pf3D7_07_v3-717260-717493-1A","GAGCTTGCTTTTTTGTTGCGTTACTTGCTGGGCTGATCAAAAAAAAAGTTGAATGTATTGAACTTAGTGCCAGCGAAATTTCCCCTCATGAAAACAAATCGACGAGTTCATCAATATTCCAAGAGGAATTAAAATTTGATAAGTCTCTGAAAAATTTTTTCAAACAA","Pf3D7_07_v3-717260-717493-1A.1","8+8N38+11N154+8N",1125,0.654069767441861,2
"IM-23-122-KXSM","8070933923","Maziba","Pf3D7_12_v3-1959644-1959891-1A","ATGGGAAGACGATAAGAGAAGAGAAATTAATTTCTGAGGGAGCGTATTCATTTGTTTATATGGCGAAGGATTTAAACACGAATCGAGCTTATACTATAAAGAAGACCATATGTCAAGATAAAGAGAAAATAGATATGGCGAAAAAAGAAATCAACATTCTTAAAAGTTTACCTCCACATAAAAATATA","Pf3D7_12_v3-1959644-1959891-1A.1","143A",934,1,1
"IM-23-122-KXSM","8070933923","Maziba","Pf3D7_03_v3-891553-891827-1A","CAAGAGCTAAGAAAACATATAGAATCATCATAAGGATGTTGATAATATAAATGTGTTTTTATTTGTGTATTTATGTCAGAATATTGTTCCTTTGATTTATCTTTAAAATAATCAATATTATTTATGTTGGTGGCTTTATTATTATTAAAATAATTTTGATTTGTTACATGATGACTATGGGTATATTTGTATTTTACGTTTTTATTA","Pf3D7_03_v3-891553-891827-1A.5","178T",239,0.702941176470588,2
"IM-23-122-KXSM","8070933923","Maziba","Pf3D7_07_v3-432832-433091-1A","TTGAAAAAGTCATCATCAGAATGGGGATGATTATTATTGTTATTATGAGTTTGGTTCGTATTAATATTATGCTCCTTTTCGTTATTTAATTTATGTTCATTTATATTTTTATAAATAAATAATTTTCCAAGAAGTATACCATTAATAAACTTACTAGTTAACATATTAGACTGCTCAATATTTGTACATTTTTTTAATGTATGTATT","Pf3D7_07_v3-432832-433091-1A.1","30+17N188+9N",1473,1,1
"IM-23-122-KXSM","8070933923","Maziba","Pf3D7_14_v3-2004362-2004606-1A","TATTTCCATATTATTGTAATAGGGCTTTTTCTTGCTCTTCTAATTTTTGTATATCTTGCTTATCCTTATCTAATTGTCCAAGAGCATTTAATTCATCTTCTACATTTATTTTATTTTCTTGAGAATATTCTTCAATTTTGTCTTCGAAACTGTTATATAATCTATTTATAATTGGTTG","Pf3D7_14_v3-2004362-2004606-1A.1",".",581,1,1
"IM-23-122-KXSM","8070933923","Maziba","Pf3D7_02_v3-290580-290821-1A","TTATTATAAGGATTATAATTATTATCATTCTTATTATATGGATTAATATAATTTCGATCATAATCATTACTGTTTTTATCATATTGTGGATAATTATTTCTATTTCTATTTTGATTAAAATCCGATTGTCTATATCTAACTCTAATATCTGTAGATGCTAAATCATTAGGTAATGGG","Pf3D7_02_v3-290580-290821-1A.6","12+26N62A",347,0.344246031746032,2
"IM-23-122-KXSM","8070933923","Maziba","Pf3D7_12_v3-529495-529767-1A","GCTCCCCAAAAGTTAACTGCTTCATTATTTTTTGGATCCCAAAAACTAACATTCGTTACCCATCCAACATAATCGGTAGATATCCTATATTCATAACTACTACAGAAATATTTATACTCATGGTATACATTTGCATCATTTACATCTACCAAATTAACAGTTTTACACAAATTGTGAATGCCATTCAAGTTATAAAAACCTGTACAT","Pf3D7_12_v3-529495-529767-1A.1","32T",511,0.64520202020202,2
"IM-23-122-KXSM","8070933923","Maziba","Pf3D7_04_v3-900526-900759-1A","TTAACAACTTATCATCATTTATTAGATTCTTTTCATGGAACAGATTATTAACAGTATCCATAATTTTATGATCATCCGTGTTATATGTATCTATACAAGTATTTAGCTTGCTTATATAATTTACATATTTCAACGGATCATTTTGAAGTATGCAATCATCGAATGAATA","Pf3D7_04_v3-900526-900759-1A.1","106G",618,0.33387358184765,2
"IM-23-122-KXSM","8070933923","Maziba","Pf3D7_05_v3-1188456-1188706-1A","CGAAATTTAAATCAATAGCGGTTACGTTCATAATTTTGCCTTCAAAACTAACTTCTGTATGATATATAAATTTATTTTCCTTTACACTAAATACATATATAAAAATGGTACTTAATAATTTATCTTTATCATATTTAAATAATATTAAATCTGTTTTTACATCTGAGTTGTAATCACCGAAAT","Pf3D7_05_v3-1188456-1188706-1A.4","2G",1555,1,1
"IM-23-122-KXSM","8070933923","Maziba","Pf3D7_05_v3-1322099-1322341-1A","TTCCAATAGAAACTAGATTACGATTTTCTTCATGAGGTAAATTGACATTCATCTTATATGTATAATTAAGGATGAGTAATAAATTGTATAGAAATATTTTTATTTAATAATTTATATGTATTATTAATAATTCTGAATTTATCAATTGATATATTATTTTTGTTTTTCTTTATGCCATTC","Pf3D7_05_v3-1322099-1322341-1A.2","16G27T91G",358,1,1
"IM-23-122-KXSM","8070933923","Maziba","Pf3D7_05_v3-213027-213251-1A","ATGTACTTATCCCCTGATATGATTTTTCCAATATCATCAAAATCAGTAATCTCTAAATCATTTATATGATTTATATGTATAAATTCTTTTATCTTGTTCAAATAATTTCTGTAATAAAATATATTCTCTTTATCATCATCAATTATTTTCATATAATC","Pf3D7_05_v3-213027-213251-1A.4","25T26T",1394,0.661604176554343,2
"IM-23-122-KXSM","8070933923","Maziba","Pf3D7_13_v3-479569-479811-1A","CTAGAGACGAATTTGATGATAAAAGAAAATTAAAAGAAGAGAAAATTAAACAATGCCAACTATTAAATGAAAAACAACTAGAAGAAAAAGAAAAAGAAAAAAGAATTCTGAGAGAAAAAGCTGTTGAATATACCTTACAAAATGAAGAAGAATATAAACAACTAAAACGAAAATT","Pf3D7_13_v3-479569-479811-1A.1","96+8N",1520,1,1
"IM-23-122-KXSM","8070933923","Maziba","Pf3D7_13_v3-748254-748510-1B","ATACCAAAAAAAATAAAATAAAATAAAATGAAATAATAAATAAATAAATATACATATATTTACATATATATATATATAATTACACATATTTTTGATTGAGGACAAATTACATGTAGTGTAGTTCGTCTTCCTTGTGCGTTTCAATCACACAATCCGATTTAGGATAACATGTACACAAAAGAATATATTTTTTCTT","Pf3D7_13_v3-748254-748510-1B.2","5+10N25I=AAAAT39+33N108A180+8N",372,1,1
"IM-23-122-KXSM","8070933923","Maziba","Pf3D7_13_v3-815862-816091-1A","ATGATGTAGATGCTAACACAACATCCTGGTCAGTATCTTGTGATAAATAATTTAATTTGTCCGCTAAAAAATAAAGTATAATTTCACAGCTTTTTTTATTTGTATCTGTGTTTTTCATGTTATCATAAAAAGACAAAGATGAAGTAGCACATGAGTTAATTA","Pf3D7_13_v3-815862-816091-1A.1","17C19C20A65+8N90+9N",984,1,1
"IM-23-122-KXSM","8070933923","Maziba","Pf3D7_13_v3-852647-852921-1A","TACGAAATGATGAATTAAAAGAATTAACATTTATGAAAAATAAAGAAAATAGGAATGCAGATACATATGTTTTTCATTATCCTAAAAAAGAGAAATATGACCAATTAGTTTTTGAATTACGTAAACATAATTTTAATATAACAAGCATGAATACATATAAAAAACTAACAAATGAAACATCATCACAAAAAGAAGAAAATGCTTCTATAATAAGTT","Pf3D7_13_v3-852647-852921-1A.1","75C83+8N158+8N",294,0.67741935483871,2
"IM-23-122-KXSM","8070933923","Maziba","Pf3D7_08_v3-102277-102527-1A","TACCTTCATCTATTGAATTAATTTTCTCAAGTAACATATTTTTGTCTTGACTACTTTCATCTGTAAATGGAACGACTACTCTTTGCTTACCTGCAAAAAGGACAACTGACATATGAGCCTTATCCTTACTTACATTCGAATTAAAGACCATAGATTCTAAAAATGGTATAGTTCCTTTTAACCAATAATC","Pf3D7_08_v3-102277-102527-1A.4",".",1917,1,1
"IM-23-122-KXSM","8070933923","Maziba","Pf3D7_14_v3-1992121-1992370-1A","ATTAAAACATTTCAACAATTTTATTTCCTTCTTTATAAAATTATATAAATTAATTATTTTCTTTTTATCACATTCAAAGACGGCATAAGGTGCACCCCATGAACATTTTTTACTTTTGCTACCATCAGGCATAATATAAACACCAGTACCATTTTTTTCTGATAAATTAATATTTTTTTGTATAACATCATA","Pf3D7_14_v3-1992121-1992370-1A.8","12T105+8N151+9N172+9N",30,0.211267605633803,2
"IM-23-122-KXSM","8070933923","Maziba","Pf3D7_13_v3-911757-912005-1A","GAGCCAACAATTTGATTTTCCACAACTTACTGAATCTTTAAAACATTGTGAACAGGTATTTGACATTTTTTTATTATCTTTGGCTAGTTCCTTTTGAACACATTCCATAGTACTATCACCTGAACCTAAGTTATCAACAGAACATTTTAATAATATACTAAAAAATTTATTGCTAGGAGAAAGTTGTAAA","Pf3D7_13_v3-911757-912005-1A.3","60T65+9N159+8N",2087,1,1
"IM-23-122-KXSM","8070933923","Maziba","Pf3D7_13_v3-935613-935884-1A","CAAAATAATATGAATAGTAATAGTAATAGTTATAATAATTTTAATATAACAGATAGAAGTAAAGAAATAAAAAAAAATTATAAAAGAAACAAAATTTTAATAGTTATTAATAATATTAATACAAATCATATTTTATTATTAAATGAAAGTGTTATAAAAAAAAAAATACTTACATTTTATCTAGATCTTTTTTTTGATGATAATGAACAAAT","Pf3D7_13_v3-935613-935884-1A.1","68+11N155+13N187+10N",251,0.311414392059553,2
"IM-23-122-KXSM","8070933923","Maziba","Pf3D7_10_v3-1386657-1386909-1A","CGATTTTGGTAGGGAACAGGTTAAATATATTGAAGACGTGGTTTGATAATCAGGTATTTCTTTAATTAAATATTCATGATATTGTTCGTTAGATACATAAATTAATTCGTCCTCCACATTTTGCTGTTCTGTTATAATTTGTGAAGAAGCTTGGTTTGTCTTATTTGGTAATTGCTCTTTTATGA","Pf3D7_10_v3-1386657-1386909-1A.1",".",501,0.326810176125245,2
"IM-23-122-KXSM","8070933923","Maziba","Pf3D7_10_v3-1392371-1392620-1A","TGATGAAAATGATGATTCCCTTATTTCTAATTCTTTAGTACCCGAAACAAGTTACAATCAAGATTACTCTTTATACACTATTAATATTTTGAATGGACTTCCTGATAAAAAAAGTAATATGAAAAATATTGATTTAGAAAAATTTAAAGATACTTCAATACATACAAAGGAAGAGGGACCCATTGTA","Pf3D7_10_v3-1392371-1392620-1A.1","106+9N",674,0.717784877529286,2
"IM-23-122-KXSM","8070933923","Maziba","Pf3D7_06_v3-1135605-1135855-1A","TATAAAGAATTTATACCACCTAAATTGTTAACATTAGAAGTATTATTTGTTTCTGTATTTTCTTGTAACGTATTTGTATTATTAATATTGTTAGATGAAATATTATGACTATTTCTTCTATTTGTTATATTTAAATTGTAAATAGTTTCATTACTAACACTACTGATACCACTGAAATGATTATTTAG","Pf3D7_06_v3-1135605-1135855-1A.2",".",892,1,1
"IM-23-122-KXSM","8070933923","Maziba","Pf3D7_06_v3-1235395-1235658-1A","GAATATGATAAAATATATATACCAAACAATAAAAATAAAATTAATAATATAAATAATTTTTTAATAAAAAACAATTTGTTGTTGAAATCCAAATTTATGAGAATAACTCCTAATACCTATTTATGTCGTAATTGTGTCCTGTTATATCAAAATGATTTTTCGTATAATACATATGAAGAAGAAATTAATAAAATGG","Pf3D7_06_v3-1235395-1235658-1A.2","56+8N65+8N79T",306,1,1
"IM-23-122-KXSM","8070933923","Maziba","Pf3D7_07_v3-405517-405773-2","TTTTCTACCATGACATATACTATTGTTAGTTGTATACAAGGTCCAGCAATAGCAATTGCTTATTACTTTAAATTCTTAGCCGTAAGAATTAAAAAGATATAAATATATAAATATATATATGATATATATCATATATATCATATATATTTTTTATATGTAATTTTTTTTTTTTTTCACAATATACATTTAA","Pf3D7_07_v3-405517-405773-2.17","97+57N162+16N",22,0.247191011235955,2
"IM-23-122-KXSM","8070933923","Maziba","Pf3D7_07_v3-404325-404590-1B","GAAACACAAGAAGAAAATTCTATCATATTTAATCTTGTCTTAATTAGTGCCTTAATTGTAAGAAAACAAAATATATAAATAAATAAATATATATATATATATATATATATATATATTGTAATATTTAATATATATTAACACTTAAACTTTGTTTTTATTATATTAATTTATATTCTTTATCATTTTTTTTTTTTTTTTTTCTTCTTTTTTT","Pf3D7_07_v3-404325-404590-1B.1000","71+40N176+19N198+8N",1,0.0588235294117647,4
"IM-23-122-KXSM","8070933923","Maziba","Pf3D7_11_v3-1816152-1816378-1A","TTGGGTAGATATCGTTATAAGGGCTATAATGTATTGACTTCTCCGGGTTTGTTACATTATCATTACAACCAATATTATTAAGGTTCATATTATTTTTATCATTATTATTGTTGTTTTCATTTGTGTGGTTATATAATAACAATGATGTGTCGTCTATTGGATCATT","Pf3D7_11_v3-1816152-1816378-1A.4","50T86C90T",2792,0.678988326848249,2
"IM-23-122-KXSM","8070933923","Maziba","Pf3D7_08_v3-399693-399961-1A","CTTTTCTTCACCTTGGTTTATTACATTATTATTTTCATCATTGTGTTGAATGTCCTTATAAATATGTTCATTAATAATATCTTTGGAAGTATCTTCCATATTTTCTTCTTTATCAATTTTAAATACTTTTTCATAACTTTCATTTTCTTTTTTCTCCTTGGATGTTTCTAATTTATTCTCGTCATTTTTATCAAAATTATTTTTATAACTTTCA","Pf3D7_08_v3-399693-399961-1A.1","147+8N",1029,1,1
"IM-23-122-KXSM","8070933923","Maziba","Pf3D7_08_v3-412801-413062-1A","ATGAAGAAATATACGAATATATACTTATAAACGATATTTTTAATTTAAAAAAAGAAATAAAAAATTTCAATATATTAAATAAATATGATGTATTTGAATATATTATTATTATTTTAAAATTGTATGATAAAATATATCCTGATGCAAAGTACATCGAATGTGTACGAGAAACATCACAGAATGGTGACCTTTTA","Pf3D7_08_v3-412801-413062-1A.1","46+9N58+8N101+13N188C190T",115,0.709876543209877,2
"IM-23-122-KXSM","8070933923","Maziba","Pf3D7_11_v3-1902041-1902278-2","ATGAAACAAAATGTCCACCTAGATACCCTTTAAAATCAAAAGTTTTTGGAACCTTTGACCAAAAAACAGGAAAATGTAAAAGTCTCATGGACAAAGCATATGAAGTTGGAATTAATAAATTTTCAGTCTGTTTAGAATATTTATTTTTAGTATCACCTAAGGATTTATATAATAGCAGAAG","Pf3D7_11_v3-1902041-1902278-2.2","60+8N177A",1867,0.642685025817556,2
"IM-23-122-KXSM","8070933923","Maziba","Pf3D7_07_v3-1149367-1149613-1A","TATTTGACTAGTCGAATAATATTTAATATTTTTGTTTAGGAAGTTTTCAAAATTGATGACATTGATAACCGTTTTTATTAAATCGCTTGGGTTGTTTGTGTGTTCTATAGTAGAAGACATAATTTTAAGAATGTGTTTTTGTGTTATTAAACAAAACTTTGTTACTATATGGAATCGTATGTTAT","Pf3D7_07_v3-1149367-1149613-1A.1","106T109A",1797,0.639046941678521,2
"IM-23-122-KXSM","8070933923","Maziba","Pf3D7_13_v3-156456-156685-1A","ATTATATGATATTTATATAAAATTAGAAAATCTAATTTTAGAAAAAATAACTGAAAGTATATACAATAGTACACCTCCATATAGAGTTATTATGTTCGAATTAATGACCAGATTATTTCGATTTTATACAAAACCAATAGACCTTATTATTACTATGAATACAC","Pf3D7_13_v3-156456-156685-1A.1","41+8N",414,0.706484641638225,2
"IM-23-122-KXSM","8070933923","Maziba","Pf3D7_12_v3-233418-233671-1A","CAAAAATATCATTCCCCAAATTTGTACTACTAATTGTTCCAATAGTTCCTATAGTTGTGGTAATTTGCTCATATGTCTTTTTTCCTAAAGATTTATTAGACACATTTGAAGGATCATTATTTTGTTCCAAATTCTTGGGCACAGTATTATTACATGAGAATAATGAAAAGTTATTATCATAATTCTTTTGTT","Pf3D7_12_v3-233418-233671-1A.1","77+8N",828,0.708297690333618,3
"IM-23-122-KXSM","8070933923","Maziba","Pf3D7_11_v3-1950431-1950680-2","AGATATATTTCAAGGAAAGGATATGTGGAATGATGGGAAATATGGTGAAGCGAAAAATCATATTAAGAATGCTTTTGGTGATATGAACAATAGAAAAACTATGTTAAATGAAATTGAGAAAGGAATTAAAGATGAAACGTTTAGTCGTGAAAATGGTTTAGACGTTTGTAAATCTCAATGTGAGGAAAG","Pf3D7_11_v3-1950431-1950680-2.2",".",1029,0.688755020080321,2
"IM-23-122-KXSM","8070933923","Maziba","Pf3D7_01_v3-535965-536239-1A","GCTCATTCGATATTTTCCAGTTGTTTGATTTTAAAAATGATGTATATTTTTTAGATGATAATTTGTTCGACAAGGATATGGTATATTGTACAAGTACCAACAATTATGGCGTTATGGGAAATGATAATGATGATGATAAAATAATAAAAATACAAAATTTAAATGAGAAATTAAAAAATGGAAAAGCTGAATTTAAAGATATATTATTAT","Pf3D7_01_v3-535965-536239-1A.11","8C46+8N121+17N172+8N",148,0.32034632034632,2
"IM-23-122-KXSM","8070933923","Maziba","Pf3D7_07_v3-475313-475545-1A","AGCTTTATTATCTACAAAAAATCCACGTGGATATATGAAACAAATGAAATTGTATTTTATATTCCAAATTAAAGAAATTGCATTAAGAAAACATGGCTCTTTACTTACAGTCAAAAATTTATATGATAATAAACTTTTAAATATAAATTCATCATCTTCTACAAATA","Pf3D7_07_v3-475313-475545-1A.2","15+8N125G",1133,1,1
"IM-23-122-KXSM","8070933923","Maziba","Pf3D7_07_v3-627351-627625-1A","TCACTAAGATAATTATTATTACCATTTTCAGCATAATAAAACTTCTGATGTTTTATAAGAGGAGTTTGGTTAGAAGCAAAATTATCAGCAGTTGTTGAATAATTATTATGTTCTTGATAAAAGAGATTATTCATATAGTTATTATTATTTTTCATATCATCCATAGTATTATTGTTAATATAAAATTCCTCATATGAATTATATATATA","Pf3D7_07_v3-627351-627625-1A.2","23C42C96T",115,0.342261904761905,2
"IM-23-122-KXSM","8070933923","Maziba","Pf3D7_04_v3-1083299-1083563-2","ATACACTTTCCATATGTAGAGGACTTATGATATATAGAATTATAAGATAAATGTTTATAATAATCTAAAAAAGTATAATGAGGTATTATAACAAAATCCAAATGTCCTTCTTTTTCTTGTAAAATATCAATAGAATTTGCAATGTTATAATTTGATAACTCTTTAAAATGATATTGTAAAAAATTAACATTTTTATA","Pf3D7_04_v3-1083299-1083563-2.1","66+8N177+8N",402,1,1
"IM-23-122-KXSM","8070933923","Maziba","Pf3D7_04_v3-133581-133830-1A","CTCTCGATTATCATTACCTACTTCAGTCTTTACAATTGTAGGAGGTGTTTTAACATGATTATCCCCTCCATGAGGAGTAACCCTTAAAGGTTCTTCTTGAATATTTGGTGTCGCTTCGCCTGTTTCTGTAGAAAGGATATTTATTCTATCAACATATTCATCACCTTCTTCAACTGTACTATTTAAA","Pf3D7_04_v3-133581-133830-1A.1",".",106,0.288828337874659,2
"IM-23-122-KXSM","8070933923","Maziba","Pf3D7_01_v3-162867-163115-1A","ATATACCAATAATACTTTTTTTTTTAAATAATGTAAAAAATGATTTATATAATTGTTATAAACAAATGATCACATATCATAATAATAATAATAATATGCTAAATCATAACTCTAATATTTTATCAAAAGAAAATGAAAAAAAACAACCTTTTTCAACATATAATATATCAAATCTTTGTTCTCCTGATCAAATGGTAATAAATAAAAA","Pf3D7_01_v3-162867-163115-1A.5","15+12N34+8N91I=ATAATA92G129+10N182T191A",471,0.312956810631229,2
"IM-23-122-KXSM","8070933923","Maziba","Pf3D7_13_v3-2840462-2840736-1B","AATAAACACATATGTTTATTAATAAAATTGTTAGTTATTTTTATGTATACATAATAAATTAAAGATACTAAAACAATATTTTTAAATATAAATAAATGAATAATGATATTATTTATATGATTCATCATTCTATATTTACATGGAAGATTAAAAAATTATATATATATATATGGTAATTTCTGTGTTTATGTTTTTATTTTTATAATA","Pf3D7_13_v3-2840462-2840736-1B.3","88A149+23N",21,0.91304347826087,2
"IM-23-122-KXSM","8070933923","Maziba","Pf3D7_11_v3-408285-408534-1A","TATGAAGAAGGTTTAAAATATTGTGCGTCATCAATTAATTTATGGATATGTGCTATCGATTTACAAATAGAAAAAAAGAATTATACAGGTGCTAGGGCTTTGACGGAGAAAGCAAAAATCAAAATCAAGTATTTAAATTCTTTTAATAATAATAGTCATATTTTAAAAAGTAAAGAAATTATTGAA","Pf3D7_11_v3-408285-408534-1A.4","70+9N96G",579,0.678780773739742,2
"IM-23-122-KXSM","8070933923","Maziba","Pf3D7_11_v3-497277-497548-1A","TTTTAGATTTAATTGAATATTCATTTTTAAATTATACTAGTTCTAATTTAAATACAATAAATAATAATAATGACAAAAAAAAACAAAATCAAAAAAATAAAAATCGCAAATATAGTAAAAATAATATTTTAGATCTCTATGAACACGTACGTACGATCAGTTTATTTTATCACACGTTTAATTTACCTAAGGAGTATAATGAAAAATTGTT","Pf3D7_11_v3-497277-497548-1A.1","74+11N90+9N148T150C",152,0.364508393285372,2
"IM-23-122-KXSM","8070933923","Maziba","Pf3D7_07_v3-405570-405844-1B","ATAGCAATTGCTTATTACTTTAAATTCTTAGCCGTAAGAATTAAAAAGATATAAATATATAAATATATATATGATATATATCATATATATCATATATATTTTTTATATGTAATTTTTTTTTTTTTTCACAATATACATTTAAATGTTTATGATGGTACAACGTATCATATTTTATAATAATTTTATGCATTCATGTATATTATTTTTACTTTTT","Pf3D7_07_v3-405570-405844-1B.31","49+57N114+16N",114,0.606382978723404,2
"IM-23-122-KXSM","8070933923","Maziba","Pf3D7_12_v3-233418-233671-1A","CAAAAATATCATTCCCCAAATTTATACTACTAATTGTTCCAATAGTTCCTATAGTTGTGGTAATTTGCTCATATGTATTTTTTCCTAAAGATTTATTAGACACATTTGAAGGATCATTATTTTGTTCCAAATTCTTGGGCACAGTATTATTACATGAGAATAATGAAAAGTTATTATCATAATTCTTTTGTT","Pf3D7_12_v3-233418-233671-1A.6","24A77+8N",1,0.000855431993156544,3
"IM-23-122-KXSM","8070933923","Maziba","Pf3D7_14_v3-3125801-3126073-1A","ATTCTTATAATATTTAAGAATGAAGGGATTAAATATTTACATTTTAGCGAGGATACTCTGAAATATGTTAATTTTAATTATCCTGATTTTAACTTATATAAATGTATGAATTTATATAAGAAAAATTATGTTGATAGGGATGAGAAAGATATCTGTGATTTTTCAAATGAAGATTTTCCGTTAATAAAAGAAAATAACAAGAGAATCAG","Pf3D7_14_v3-3125801-3126073-1A.5",".",222,1,1
"IM-23-122-KXSM","8070933923","Maziba","Pf3D7_01_v3-528859-529104-1A","TTTGATTCTTTTTAATGAAAAAGAAGCTAAAGATATGTCAGACCATATAATTTCCCAACAAAAACGTTATTGCTCTACCAATATTCATAGTATTTATAATAATAAAATATGTATATGTAAAAATAAGCGACATCATAACAAAAGAGGGAAAGGAATAAAGCATCATGACATACATCAAAAGG","Pf3D7_01_v3-528859-529104-1A.4","93T165A",1485,0.330808643350412,2
"IM-23-122-KXSM","8070933923","Maziba","Pf3D7_08_v3-1386786-1387035-2","TTGTCTCCTTTGTCGCAGCATGCCTTTCATTAGCTGCTATAGCTTGTGTTATCTTAACTTCATTATAAAAAAAATATACTTCGATAAAAGGTACATATACCATGCTGGTCAATGATATTAGCATGCGACATTCTAATATATCCATTATGAACAAGGTGAACAAGAATATTGGGATTATTGAAATTGT","Pf3D7_08_v3-1386786-1387035-2.1","66+10N",734,1,1
"IM-23-122-KXSM","8070933923","Maziba","Pf3D7_04_v3-748585-748822-2","TTAATAAAAAAAATATATTTTACTAGAATAAATAGTACATATGAATGTGATGTATTTTTTCCAGAAATAAATGAAAATGAGTATCAAATTATTTCTGTTAGCGATGTATATACTAGTAACAATACAACATTGGATTTTATCATTTATAAGAAAACGAATAATAAAATGTT","Pf3D7_04_v3-748585-748822-2.1","5+10N54+8N",401,1,1
"IM-23-122-KXSM","8070933923","Maziba","Pf3D7_09_v3-202854-203106-1A","AATATACAAAGAATGTATATGATAAAATATTCTTTGTCCTTTAAAATTTTTTGTTCTTGTACTTTGTTTTTTATAATCTATTAAATTCATATCTGATGAAATATCATATTTATATTCCCCTTTATGAGCATTTACAAAAGTTTCGTTATTTCTTTTATTAATATATGTATTTGAGCACATATATTTAT","Pf3D7_09_v3-202854-203106-1A.2","46+8N66+8N146T",1420,1,1
"IM-23-122-KXSM","8070933923","Maziba","Pf3D7_09_v3-270915-271160-1A","CTTTGTATGTATTATCTGTTGTTTTATCTTCACCTTGATTTCCTGTACTTGTAGATTCAGTAGATGGACCTTCAGAACCTGATAATTCATTACTAGTAGATGCAGCACTTGTACTTTTAGATTGTTCTTTTAATGGTCCCATATATTTGTATAATTCTATTTCTAAATCTTGATCCTTGGTTTTTTCTTCTAA","Pf3D7_09_v3-270915-271160-1A.2","85A91T180+8N",680,0.303165403477485,2
"IM-23-122-KXSM","8070933923","Maziba","Pf3D7_05_v3-213027-213251-1A","ATGTACTTATCCCCTGATATGATTTCTCCATTATCATCAAAATCAGTAATCTCTAAATCATTTATATGATTTATATGTATAAATTCTTTTATCTTGTTCAAATAATTTCTGTAATAAAATATATTCTCTTTATCATCATCAATTATTTTCATATAATC","Pf3D7_05_v3-213027-213251-1A.16","25T31T",713,0.338395823445657,2
"IM-23-122-KXSM","8070933923","Maziba","Pf3D7_13_v3-388138-388408-1A","ATATATCTTTATTCATATGTTCTATATATTGTCTTTGTCTCTTTTCCTTTCTCATATCAGATATTATTGAATAATTTCCTTTATCACATACATATCTAGGATTATGTGATAATTCATAAGCTGCTCTTTTTAAAACTCTATTCTTTTCTTTAAAACTATTAAATTTTATATTATTGTTCATATTAGATGTGTTCCTTTTAATAATA","Pf3D7_13_v3-388138-388408-1A.1","194C",921,1,1
"IM-23-122-KXSM","8070933923","Maziba","Pf3D7_08_v3-336421-336651-1A","TAACAACGAACCCATAAATTTACAGAAAAATTTAGATTTAATCATATGGCTAAAAAAGAATATAAAAGAAGGAGAAGCTTTAATTTCTGATATACCTACATCAAGTTTTTTAAGGTGTACTACAAATTATAAATTTGTATTGCATCCCCAATATGAAGATAGT","Pf3D7_08_v3-336421-336651-1A.3","51+8N97T105+8N148C",1,0.000589275191514437,3
"IM-23-122-KXSM","8070933923","Maziba","Pf3D7_07_v3-1066661-1066903-1A","TATAGTTTTGTAATTTATTGGTATGTGTTGTTAAAGGAGAATTTTTTTAATATCCCTTGTCATGGGCAAAATGAGAAAAAAGAAATAAAAAACTTTTATGTTCAACATGAAGATATTTGTGAACACACTATTGGTAATCATATGTTAGGTGATAAATTAAAAATGTGTACATCTAATATTAATG","Pf3D7_07_v3-1066661-1066903-1A.1","4A41+9N75+8N86+8N",2287,1,1
"IM-23-122-KXSM","8070933923","Maziba","Pf3D7_07_v3-1149367-1149613-1A","TATTTGACTAGTCGAATAATATTTAATATTTTTGTTTAGGAAGTTTTCAAAATTGATGACATTGATAACCGTTTTTATTAAATCGCTTGGGTTGTTTGTGTGTTCCATTGTAGAAGACATAATTTTAAGAATGTGTTTTTGTGTTATTAAACAAAACTTTGTTACTATATGGAATCGTATGTTAT","Pf3D7_07_v3-1149367-1149613-1A.2",".",1015,0.360953058321479,2
"IM-23-122-KXSM","8070933923","Maziba","Pf3D7_07_v3-896613-896849-1B","ACAATGAAAAAATGTATTAATGATGAATTATATAAAATAAAAATAAATGTAGGTTTATATAAAAAGGATAGAAAAAAATTATCCTTTTTTATATTGTTGCATAAATTTTATTTAGATAATTATAATATTGTTATTAATAAATTAAAAAATATGAATAATTTAATAGAAA","Pf3D7_07_v3-896613-896849-1B.1","6+8N71+9N84+8N143+8N",522,1,1
"IM-23-122-KXSM","8070933923","Maziba","Pf3D7_14_v3-3124416-3124655-1A","TAATTGATCTTCTAGAGGAATTAGATATTTTGTCTATATCGAATAAAGATGAAGTAGAAAAACGAAGAGAGAAAACAACTCAAGAGACGCGGTTGTTAGGAAATATTGATTTAGGATATGGAAAATTAGGAGAGGGAATAAAGTATGAAAATTTACAGGAAGAATTAGGAAACAGATTATTTG","Pf3D7_14_v3-3124416-3124655-1A.22","69G72A144T",1269,0.320454545454545,2
"IM-23-122-KXSM","8070933923","Maziba","Pf3D7_07_v3-405570-405844-1B","ATAGCAATTGCTTATTACTTTAAATTCTTAGCCGTAAGAATTAAAAAGATATAAATATATAAATATATATGTGAAATATATGATATATATGATATATATTTTTTATATGTAATGTTTTTTTTTTTTTCACAATATACATTTAAATGTTTATGATGGTACAACGTATCATATTTTATAATAATTTTATGCATTCATGTATATTATTTTTACTTTTT","Pf3D7_07_v3-405570-405844-1B.4","49+57N114+16N",74,0.393617021276596,2
"IM-23-122-KXSM","8070933923","Maziba","Pf3D7_14_v3-3214249-3214516-1A","TAAATAAAAAAGGATTAGATGATTTAATAAAAGATTTGTTAAAATATTTTCCAAAGAATTCAATTAGCGATCGTTTTGAATTGTTAGAATTTAAAATGACGGAGGATTGTTATACAAAAATGTGGTTTGATTTTATGAGTGATTTTGGAATAGCTACAATGAATGAAACCGAACATACTAGATCTTTTTATGGCTTAATCGAA","Pf3D7_14_v3-3214249-3214516-1A.1","5+8N194C",1471,1,1
"IM-23-122-KXSM","8070933923","Maziba","Pf3D7_01_v3-528859-529104-1A","TTTGATTCTTTTTAATGAAAAAGAAGCTAAAGATATGTCAGACCATATAATTTCCCAACAAAAACGTTATTGCTCTACCAATATTCATAGTAATTATAATAATAAAATATGTATATGTAAAAATAAGCGACATCATAACAAAAGAGGGAAAGGAATAAAGCATCATGACATACATCAAAAGG","Pf3D7_01_v3-528859-529104-1A.1","165A",3004,0.669191356649588,2
"IM-23-122-KXSM","8070933923","Maziba","Pf3D7_13_v3-958247-958510-1B","TTTATATTATCTGTAATATGCACATTTTGTATAATATTATCAATATTTGTAGCATTTTGACCGTATGTTTCATTTTCATCGTATGTTCCATTTATATTGTATGTTCCATTTTCATCGTATGTTCCATTTATATTGTATGTTTCATTTTCATCGTATGTTCCATTTATATTGTATGTTCCATTTTTATCATATGTTATGTCCACAT","Pf3D7_13_v3-958247-958510-1B.15","106C142T",457,0.688253012048193,2
"IM-23-122-KXSM","8070933923","Maziba","Pf3D7_14_v3-1038300-1038538-1A","ATTAATGATTTATACACTTCAACTACACTTTTTAATTTAGCCCATACAACTAATAAAGCTCTACGATAAATTTCTTTTTTATTTGATTTAGAAAAAGGAGAAAACCATTGAAACTTTTTGGCTAGATATTTATGGTCTTTATCAAAAATATAATCTGAAACTTCATCTTCTAGAAGT","Pf3D7_14_v3-1038300-1038538-1A.5","50C74+8N153A",537,0.375,2
"IM-23-122-KXSM","8070933923","Maziba","Pf3D7_06_v3-1136091-1136364-1A","CATTATTTTTGTATCCAACGTCGTTATTATTAAAACTTATTATTTGATTAATAACTGACGAACCACATATATTTACACAATGGAATACATAACTTAAGAAAGAGTAGTAATTGCATTTTACTTTTTGCATTTTCCCTCTGGTGGAGAAATAATTATTATGCTGCTTATTACTTTTTGTATTATGATAATTTTTGGTAATCATTTTTTTT","Pf3D7_06_v3-1136091-1136364-1A.2","201+9N",889,1,1
"IM-23-122-KXSM","8070933923","Maziba","Pf3D7_07_v3-404325-404590-1B","GAAACACAAGAAGAAAATTCTATCATATTTAATCTTGTCTTAATTAGTGCCTTAATTGTAAGAAAACAAAATATATAAATAAATAAATATATATATATATATATATATATATTGTAATATTTAATATATATTAACACTTAAACTTTGTTTTTATTATATTAATTTATATTCTTTATCATTTTTTTTTTTTTTTTCCTTCTTTTTTT","Pf3D7_07_v3-404325-404590-1B.18","71+40N176+19N198+8N",13,0.764705882352941,4
"IM-23-122-KXSM","8070933923","Maziba","Pf3D7_07_v3-403801-404052-1B","TATATATATATATATATATATATATATATATGTATGTATGTTGATTAATTTGTTTATATATTTATATTTATTTCTTATGACCTTTTTAGGAACGACACCGAAGCTTTAATTTACAATTTTTTGCTATATCCATGTTAGATGCCTGTTCAGTCATTTTGGCCTTCATAGGTCT","Pf3D7_07_v3-403801-404052-1B.15","1+45N130+8N",53,1,1
"IM-23-122-KXSM","8070933923","Maziba","Pf3D7_09_v3-595828-596094-1A","ATAATTTTTTCATCGTTCTTATACATGAATGATAAAGTCTTTTTGCAAAATTTTTTGAAGAGATCAGATTTGAGATAAAGACGTTTGGCTAATCTATAGGAGAATTCTAGAGCATCTAATTTTATATTTAAACATTTTTTCGTATCCAATATATTATAATTTTGTTCATAAGTCTGTTCGTTTATATTATTTAATACTTTT","Pf3D7_09_v3-595828-596094-1A.4","4+8N27G50+8N94C99G108T134+8N180G",180,0.306122448979592,2
"IM-23-122-KXSM","8070933923","Maziba","Pf3D7_14_v3-921176-921432-1A","ACAATATTAATTTTATAAGTTCATTATTTCAATTTTATATTTAGGAGGATCTATATCCATATATTATTCATTTTAAAAATATTAAAATAAATACATATATAAATATATAAACATATAAAAACAGTCTTTTAAAAATTAATAAGATTTATATAAAATATGGTTATAAATCCTATTTTGTATTATATCAAA","Pf3D7_14_v3-921176-921432-1A.1",".",282,0.703241895261845,3
"IM-23-122-KXSM","8070933923","Maziba","Pf3D7_14_v3-921176-921432-1A","ACAATATTAATTTTTTAAGTTCATTATTTCAATTTTATATTTAGGAGGATCTATATCCATATATTATTCATTTTAAAAATATTAAAATAAATACATATATAAATATATAAACATATAAAAACAGTCTTTTAAAAATTAATAAGATTTATATAAAATATGGTTATAAATCCTATTTTGTATTATATCAAA","Pf3D7_14_v3-921176-921432-1A.3","15T",2,0.00498753117206983,3
"IM-23-122-KXSM","8070933923","Maziba","Pf3D7_03_v3-855426-855697-1A","GTTATTTCAGTATGAGTTTCAACAGTTAATACTACTTCAGGATATGGATTGATACTTAACGTATGTACTCTCAATAATCTAGTATCAAATATATATGAAAATGTATACTCAGGAAAACATATAGTAGATAATCCATTATTATTCTCTATACATATTTTACTTATAGCTATATAATCGTAATTATCTTCTATTACTATTGGTTCTGTG","Pf3D7_03_v3-855426-855697-1A.1","32C",416,1,1
"IM-23-122-KXSM","8070933923","Maziba","Pf3D7_03_v3-891553-891827-1A","CAAGAGCTAAGAAAACATATAGAATCATCATAAGGATGTTGATAATATAAATGTGTTTTTATTTGTGTATTTATGTCAGAATATTGTTCCTTTGATTTATCTTTAAAATAATCAATATTATTTATGTTGGTGGCTTTATTATTATTAAAATAATTTTGATTTGTTACATGATGACTAGGGGTATATTTGTATTTTACGTTTTTATTA","Pf3D7_03_v3-891553-891827-1A.2",".",101,0.297058823529412,2
"IM-23-122-KXSM","8070933923","Maziba","Pf3D7_12_v3-2092654-2092884-2","GAGATATTAGCTTCATGTTCAGAAGATATGTCTATAAGAATATGGGAGATACGTCATGAGGATGAGAATGTGAATGAGGTAAAGGATCCTTTATGTATATTAAATGGTCATAAGAAAAAAGTAAATATATTATCATGGAATCCTATGAATTATTTTATATTATCATCT","Pf3D7_12_v3-2092654-2092884-2.1","114+8N",2508,1,1
"IM-23-122-KXSM","8070933923","Maziba","Pf3D7_01_v3-455794-456054-1A","AGAAAAAAAATTTATTAAGAGGTATTTCGATTTTAAAAATTTAAGAATTAATTTTTAATTATGTCTATAAAAACTTAATAGAAAATAAATATTATTTTGTTTTTCAAAAAAATGTTTAAGAATAATATTTCTTTATTCTTTTACAATTTAGAACATATAATGCTATTTCTTTTAATTTTAATTTAATTTCAAA","Pf3D7_01_v3-455794-456054-1A.1","2+10N105+9N",317,1,1
"IM-23-122-KXSM","8070933923","Maziba","Pf3D7_08_v3-1375205-1375450-2","ACAAAAGTACGGAGGCAAAAACGGCAGCGGATAATACTTTATTTTTTGAGAAGGAAACCATTTTTATTAAATAACTATATAAATAGAAAAAGAAATAATAACAAAAATGTATAAATATAATTGTATAATATATGATATATATAAAATATAGAATACTAATTTTTTGCATATACAAAAAA","Pf3D7_08_v3-1375205-1375450-2.1","41+8N159+8N173+7N",164,1,1
"IM-23-122-KXSM","8070933923","Maziba","Pf3D7_11_v3-1295103-1295335-1A","ACTACTGCTTTGTCCCATCCCATCGAAGTTGAAAACAATTTTCCATGTTCATTATATAAAAATGAAATAATGAAAGAAATCGAAAGAGAATCAAAACGAATTAAATTAAATGATAATGATGATGAAGGGAATAAAAAAATTATAGCTCCAAGAATTTTTATTTCAGATGATAAA","Pf3D7_11_v3-1295103-1295335-1A.5","61A132+9N",989,0.379800307219662,2
"IM-23-122-KXSM","8070933923","Maziba","Pf3D7_04_v3-1037644-1037891-1A","GAAAGAGATTTAACAGATGATGCTGTGATTTTTGCACACTCACTTTATTTACCATTTGAAAAAGAAGAAATGTGGTGGATCGTTATCGGAATTAAAAAAATGAACTTACTTTTATCTATCAAAAAATTATCTTTATTGAAAAGTGTCAATAATATAAAAATTAATTTCGAATTGCCTGACA","Pf3D7_04_v3-1037644-1037891-1A.1","93+9N120+8N",1235,1,1
"IM-23-122-KXSM","8070933923","Maziba","Pf3D7_01_v3-145388-145662-1A","GATATGTTTAAATATATGATTCTCGAAAAAACTTTTTTTATTTTTTTTGTCAATAGATAAATGATCAATATTTTCTATATTTAATCTATCAAGAATTTTTATATATCTATTATTTCTTTCTTCGATGGATAAATTATATGAATCAATATCCTTTCTTTCATCAACAAACTTTTTTATTGTTAACTCCATTTTTTTATTTAAGATACCA","Pf3D7_01_v3-145388-145662-1A.3","25+25N94A139T169+8N188+9N",181,1,1
"IM-23-122-KXSM","8070933923","Maziba","Pf3D7_01_v3-162867-163115-1A","ATATACCAATAATACTTTTTTTTTTAAATAATGTAAAAAATGATTTATATAATTGTTATAAACAAATGATCACATATCATAATAATAATAATAATATGCTAAATCATAACTCTAATATTTTATCAAAAGAAAATGAAAAAAAACAACCTTTTTCAACATATAATATATCAAATCTTTGTTCTCCTGACCAAATGGTGATAAATAAAAA","Pf3D7_01_v3-162867-163115-1A.4","15+12N34+8N91I=ATAATA92G129+10N",1034,0.687043189368771,2
"IM-23-122-KXSM","8070933923","Maziba","Pf3D7_11_v3-408285-408534-1A","TATGAAGAAGGTTTAAAATATTGTGCGTCATCAATTAATTTATGGATATGTGCTATCGATTTACAAATAGAAAAAAAGAATTATACAGGTGCTAGAGCTTTGACGGAGAAAGCAAAAATCAAAATCAAGTATTTAAATTCTTTTAATAATAATAGTCATATTTTAAAAAGTAAAGAAATTATTGAA","Pf3D7_11_v3-408285-408534-1A.1","70+9N",274,0.321219226260258,2
"IM-23-122-KXSM","8070933923","Maziba","Pf3D7_14_v3-421322-421547-1A","TAAGAAAGATGAAGTAATAGAAAAAACTGAAGTATCAAAGAAAACATTTTCAGGTATAGGTTTTAATCTTACTGAAAAAGAAGCTAAAGTATTAGGTGTAGGTGTAACCTATCAAGAATATCCAGAAACCATGTTATATAACTGTCCAAACAATTCTA","Pf3D7_14_v3-421322-421547-1A.2","20+8N76A",833,1,1
"IM-23-122-KXSM","8070933923","Maziba","Pf3D7_13_v3-2840462-2840736-1B","AATAAACACATATGTTTATTAATAAAATTGCTAGTTATTTTTATGTATACATAATAAATTAAAGATACTAAAACAATATTTTTAAATGTAAATAAATGAATAATGATATTATTTATATGATTCATCATTCTATATTTACATGGAAGATTAAAAAATTATATATATATATATGGTAATTTCTGTGTTTATGTTTTTATTTTTATAATA","Pf3D7_13_v3-2840462-2840736-1B.15","31C149+23N",2,0.0869565217391304,2
"IM-23-122-KXSM","8070933923","Maziba","Pf3D7_08_v3-1366626-1366856-1B","CTTTACCTCCATTTTTTTTTTTAAAATCTTGTACACAGAAGTTTACTAATTTATTATCAAAATCTTCTCCTCCTAAATGTGTATCTCCTGAGGTAGCTTTAACTTCAAAAATTCCATCTTCAAGTGTTAATAAGGAAACATCAAATGTTCCTCCTCCTAAATC","Pf3D7_08_v3-1366626-1366856-1B.1","11+13N",332,1,1
"IM-23-122-KXSM","8070933923","Maziba","Pf3D7_07_v3-627351-627625-1A","TCACTAAGATAATTATTATTACTATTTTCAGCATAATAAAATTTCTGATGTTTCATAAGAGGAGTTTGGTTAGAAGCAAAATTATCAGCAGTTGTCGAATAATTATTATGTTCTTGATAAAAGAGATTATTCATATAGTTATTATTATTTTTCATATCATCCATAGTATTATTGTTAATATAAAATTCCTCATATGAATTATATATATA","Pf3D7_07_v3-627351-627625-1A.3","54C",221,0.657738095238095,2
"IM-23-122-KXSM","8070933923","Maziba","Pf3D7_01_v3-181512-181761-1A","TTCATTATTGTTTTCATTCTTTTTTTAACTAAAACTATTCATCTCAAAAATATAAGATATTTTATATGACGAATGCCATTGTATTTTTTGTTACGTAAAACCTGACTTCTTCAAGGAAAACACATGCGCATTTTCACCAATTTTTGCCTAAGCTTATTATAAAAAGTATATTAAATGTATGAC","Pf3D7_01_v3-181512-181761-1A.1","19+9N30T83+8N",447,0.339150227617602,3
"IM-23-122-KXSM","8070933923","Maziba","Pf3D7_08_v3-1375025-1375284-1B","CAAGTTATTATTAAATGCGGAATTATTCTATATAAAAATAAAAAAGCATTTAAAAATGAAAAAATTTATATATATACAATATATAAATATATATATATATATATATATATATATTATTATTATATGTATTTTTATAATTGAATGATATATTTATTTCTATTTGCAATTAAAATGCTTACGTTATCTAACAAAAGTACGGAGGCAAAA","Pf3D7_08_v3-1375025-1375284-1B.4","39+8N58+8N67+53N",8,0.888888888888889,2
"IM-23-122-KXSM","8070933923","Maziba","Pf3D7_08_v3-1375025-1375284-1B","CAAGTTATTATTAAATGCGGAATTATTCTATATAAAAATAAAAAAGCATTTAAAAATGAAAAAATTTATATATATACAATATATAAATATATATATATATATATATATATATTATTATTATATGTATTTTTATAATTGAATGATATATTTATTTCTATTTGCAATTAAAATGCTTACGTTATCTAACAAAAGTACGGAGGCAAAA","Pf3D7_08_v3-1375025-1375284-1B.21","39+8N58+8N67+53N",1,0.111111111111111,2
"IM-23-122-KXSM","8070933923","Maziba","Pf3D7_12_v3-2092529-2092798-1B","AGTTGAAGGGGGAGGAATGATCGGAGTTATCAGATTAGAAAATCAAGTGAGAAATCCCCCTGTAATAAAATTGAAGAGTCATACATCTCCCATCCTTGATTTGTCATTTAACCCGTGTTATAGTGAGATATTAGCTTCATGTTCAGAAGATATGTCTATAAGAATATGGGAGATACGTCATGAGGATGAGAATGTGAATGAGGTA","Pf3D7_12_v3-2092529-2092798-1B.1",".",696,1,1
"IM-23-122-KXSM","8070933923","Maziba","Pf3D7_01_v3-194742-194973-1B","TACCTATAAAAATGAAAAAAATAAAGAAGAAGATAAATATGGAAAAAATGAAAAAAACGAAAAATATGACAAATATGAAAAATATGAAAAATATGATAAATACAAAAAAGATAATAAAAATCAACATGATGATCCACTTTATGATAATATTAATAAAAATTACGATAA","Pf3D7_01_v3-194742-194973-1B.4","14+9N42+17N79D=CAAATATGA112+8N",2132,1,1
"IM-23-122-KXSM","8070933923","Maziba","Pf3D7_01_v3-535965-536239-1A","GCTCATTTGATATTTTCCAGTTGTTTGATTTTAAAAATGATGTATATTTTTTAGATGATAATTTGTTCGACAAGGATATGGTATATTGTACAAGTACCAACAATTATGGCATTATGGAAAATGATAATGATGATGATAAAATAATAAAAATACAGAATTTAAATGAGAAATTAAAAAATGGAAAAGCTGAATTTAAAGATATATTATTAT","Pf3D7_01_v3-535965-536239-1A.7","46+8N111A118A121+17N155G172+8N",314,0.67965367965368,2
"IM-23-122-KXSM","8070933923","Maziba","Pf3D7_13_v3-2814583-2814832-2","TCAGTCTTCTAATTCTAGCGATAATGATCCTGCAGTAGTAAGTGGTAGAGAATCTAAAGATGTAAATCTTCATACTTCTGAAAGGATTAAAGAAAATGAAGAAGGTGTGATTAAAACAGATGATAGTTCAAAAAGTATTGAAATTTCTAAAATACCATCTGACCAAAATAATCATAGTGATTTATCACAG","Pf3D7_13_v3-2814583-2814832-2.1","124T",2527,1,1
"IM-23-122-KXSM","8070933923","Maziba","Pf3D7_04_v3-900526-900759-1A","TTAACAACTTATCATCATTTATTAGATTCTTTTCATGGAACAGATTATTAACAGTATCCATAATTTTATGATCATCCGTGTTATATGTATCTATACAAGTATTTAACTTGCTTATATAATTTACATATTTCAACGGATCATTTTGAAGTATGCAATCATCGAATGAATA","Pf3D7_04_v3-900526-900759-1A.2",".",1233,0.66612641815235,2
"IM-23-122-KXSM","8070933923","Maziba","Pf3D7_09_v3-270915-271160-1A","CTTTGTATGTATTATCTGTTGTTTTATCTTCACCTTGATTTCCTGTACTTGTAGATTCAGTAGATGGACCTTCAGAACCTGCTAATTCATCACTAGTAGATGCAGCACTTGTACTTTTAGATTGTTCTTTTAATGGTCCCATATATTTGTATAATTCTATTTCTAAATCTTGATCCTTGGTTTTTTCTTCTAA","Pf3D7_09_v3-270915-271160-1A.1","82C85A180+8N",1563,0.696834596522514,2
"IM-23-122-KXSM","8070933923","Maziba","Pf3D7_13_v3-2814606-2814855-1B","TAGCGATAATGATCCTGCAGTAGTAAGTGGTAGAGAATCTAAAGATGTAAATCTTCATACTTCTGAAAGGATTAAAGAAAATGAAGAAGGTGTGATTAAAACAGATGATAGTTCAAAAAGTATTGAAATTTCTAAAATACCATCTGACCAAAATAATCATAGTGATTTATCACAGAATGCAAATGAGGACTCTA","Pf3D7_13_v3-2814606-2814855-1B.1","109T",1888,1,1
"IM-23-122-KXSM","8070933923","Maziba","Pf3D7_07_v3-404325-404590-1B","GAAACACAAGAAGAAAATTCTATCATATTTAATCTTGTCTTAATTAGTGCCTTAATTGTAAGAAAACAAAATATATAAATAAATAAATAAATATATATATATATATATATATATATTGTAATATTTAATATATATTAACACTTAAACTTTGTTTTTATTATATTAATTTATATTCTTTATCATTTTTTTTTTTTTTTTCCTTCTTTTTTT","Pf3D7_07_v3-404325-404590-1B.21","71+40N176+19N198+8N",2,0.117647058823529,4
"IM-23-122-KXSM","8070933923","Maziba","Pf3D7_13_v3-1465616-1465890-1A","TCTTGTGGATTATTATCTATTATATTTTTTTCTGGTTTTTCGACAGCAAAATTATCTCCTCTTGGTCTAGGTTGATCATCTTCGGGTTCATCTGGAACATCTAATGGTTCCCGTTTTGGAGGACATCTTTCTTCTTCACATTGTTCTTGTAATTCACTTGTACATCCTTCGTGTAAGATTTCTCTTTTTCTTGACCTGGTACCTTTACCACAAGTTACACTACATGGAGA","Pf3D7_13_v3-1465616-1465890-1A.234","29T30T32C121G",455,0.319074333800841,3
"IM-23-122-KXSM","8070933923","Maziba","Pf3D7_14_v3-2733345-2733593-1A","TCGATGTACATGCAGAAAAAATATTGGAACGTTTATTTGTAATTTATTTATGTGTATTAAAAGAATATGAAAAACATCCTCCTAAAATATTAAAATATTCATTACGTGCTATATCTAGATACTCGATGTATATAAATAAATTTATCATGGATGATATATTATTTGAAATTAAAAACCTTGCTGCA","Pf3D7_14_v3-2733345-2733593-1A.1","15+8N",429,0.29874651810585,2
"IM-23-122-KXSM","8070933923","Maziba","Pf3D7_13_v3-852647-852921-1A","TACGAAATGATGAATTAAAAGAATTAACATTTATGAAAAATAAAGAAAATAGGAATGCAGATACATATGTTTTTCATTATCCTAAAAAAGAGAAATATGACCAATTAGTTTTTGAATTACGTAAACATAATTTTAATATAACAAGCATTAATACATATAAAAAACTAAAAAATGAAACATCATCACAAAAAGAAGAAAATGCTTCTATAATAAGTT","Pf3D7_13_v3-852647-852921-1A.9","75C83+8N149T158+8N169A",140,0.32258064516129,2
"IM-23-122-KXSM","8070933923","Maziba","Pf3D7_14_v3-921176-921432-1A","ACAATATTAATTTTTTAAGTTCATTATTTCAATTTTATATTTAGGAGGATCTATATCCATATATTATTCATTTTAAAAATATTAAAATAAATACATATATAAATATATAAACATATAAATACAGTCTTTTAAAAATTAATAAGATTTATATAAAATATGGTTATAAATCCTATTTTGTATTATATTAAA","Pf3D7_14_v3-921176-921432-1A.2","15T120T186T",117,0.291770573566085,3
"IM-23-122-KXSM","8070933923","Maziba","Pf3D7_13_v3-146695-146934-1A","AAAGTATTTGTAATAGATTGAACGATGAACTAAATGAAGAAATATGTGGTTATCAAATTAGGTTTGAAAAATCGTATTTTTTAAAACATAGTAAAATTAAAGTTATGACAGAAGGAATTTTATTGAAAGAAATTATGAGTGATTTTATTTTATCAAAATATAGTGTTATCATTCTTGA","Pf3D7_13_v3-146695-146934-1A.1","20G76+8N170C",1016,0.330729166666667,2
"IM-23-122-KXSM","8070933923","Maziba","Pf3D7_11_v3-1294664-1294910-1A","AAAAGATAAATCATTTCAAAACTATACATATTTAAGTAAAAATGTAGTTGATAACTGGGAAAAAGTTTGCCCTAGAAAGAATTTAGAGAATGCAAAATTCGGATTATGGGTCGATGGAAATTGTGAAGATATACCACATGTAAATGAATTTTCAGCAAATGATCTTTTTGAATGTAATAAATTAGTTTTTGAATTG","Pf3D7_11_v3-1294664-1294910-1A.10","9A40A86G152T159A",1102,0.337003058103976,2
"IM-23-122-KXSM","8070933923","Maziba","Pf3D7_11_v3-1294664-1294910-1A","AAAAGATAAATTATTTCAAAACTATACATATTTAAGTAAAAATGTAGTTGATAACTGGGAAAAAGTTTGCCCTAGAAAGAATTTAAAGAATGCAAAATTCGGATTATGGGTCGATGGAAATTGTGAAGATATACCACATGTAAATGAATTTCCAGCAATTGATCTTTTTGAATGTAATAAATTAGTTTTTGAATTG","Pf3D7_11_v3-1294664-1294910-1A.74","9A12T40A86A",2168,0.662996941896024,2
"IM-23-122-KXSM","8070933923","Maziba","Pf3D7_13_v3-958247-958510-1B","TTTATATTATCTGTAATATGCACATTTTGTATAATATTATCAATATTTGTAGCATTTTGACCGTATGTTTCATTTTCATCGTATGTTCCATTTATATTGTATGTTCCATTTTCATCGTATGTTCCATTTATATTGTATGTTCCATTTTCATCGTATGTTCCATTTATATTGTATGTTCCATTTTTATCATATGTTATGTCCACAT","Pf3D7_13_v3-958247-958510-1B.1","106C",207,0.311746987951807,2
"IM-23-122-KXSM","8070933923","Maziba","Pf3D7_07_v3-403479-403716-1B","TTAGGTGGAGGTTCTTGTCTTGGTAAATGTGCTCATGTGTTTAAACTTATTTTTAAAGAGATTAAGGATAATATTTTTATTTATATTTTAAGTATTATTTATTTAAGTGTATGTGTAATGAATAAAATTTTTGCTAAAAGAACTTTAAACAAAATTGGTAACTATAGTTTTGTAACATCCGA","Pf3D7_07_v3-403479-403716-1B.1",".",1325,1,1
"IM-23-122-KXSM","8070933923","Maziba","Pf3D7_06_v3-1128558-1128797-1A","ATTGAATCGTTGGTGTTTATTTTATTATTCCTCTTTTGTTTTTCAATGAATACAAATGTTTCATCGACACTATCTTTATGATCTATTGGTATGGCATGATTTTCTAAATTGCTATTTCTTTCATTAGAATTGTATTTTTCACTATTATAGGTTGAGGTTTTACTACATTTTATATTTTT","Pf3D7_06_v3-1128558-1128797-1A.1",".",1111,1,1
"IM-23-122-KXSM","8070933923","Maziba","Pf3D7_11_v3-1375807-1376056-1A","TCGTTATGTACCCTAATAAATTTTTTTTCATTATTTGAATCTATATTATTTACATTAGTATTTTGAGTTGTACCATAAATTTCAGTGTTATTATTATTTCTATTCATATAATTATGTCCGCTTATATAATTATGACCATTAAAAAAATGTCTTCCATGTATATCATCTCTTCTAATGTATTTA","Pf3D7_11_v3-1375807-1376056-1A.2","20+10N140+9N",247,0.69187675070028,2
"IM-23-122-KXSM","8070933923","Maziba","Pf3D7_11_v3-1375807-1376056-1A","TCGTTATGTACCCTAATAAATTTTTTTTCATTATTTGAATCTATATTATTTACATTAGTATTTTGAGTTGTACCATAAATTTCAGTGTTATTATTATTTCTATTCATATAATTATGTCCGCTTATATAATTATGACCATTAAAAAAACGTCTTCCATGTATATCATCTCTTCTAATGTATTTA","Pf3D7_11_v3-1375807-1376056-1A.1","20+10N140+9N",110,0.30812324929972,2
"IM-23-122-KXSM","8070933923","Maziba","Pf3D7_09_v3-516735-517007-1A","ATAGAAGGATATATAAAAAATTATCAAGAATCATATAATATAAATGACCATTGTAAATTAGTTCCATTAAATTTTTATAAAGATTCTATTTCTAATGATTTAGGTACTCCATGCCCTGTGAATAGTATTACCTTAAATGTGGGCGCAAAAACTATAAATGAATGTTTGTGTAATAAAGGATATTTCTATAATGTCAAGAAACAACAATGTAA","Pf3D7_09_v3-516735-517007-1A.2","14+8N211A",493,1,1
"IM-23-122-KXSM","8070933923","Maziba","Pf3D7_08_v3-1366575-1366822-2","TTTAGCTTTTTCACATTGTGTTCTTAATCTTCTTAATGATTTTGAATTTTTGGAAACATCTTTACCTCCATTTTTTTTTTTAAAATCTTGTACACAGAAGTTTACTAATTTATTATCAAAATCTTCTCCTCCTAAATGTGTATCTCCTGAGGTAGCTTTAACTTCAAAAATTCCATCTTCAAGTGTTAATAAGG","Pf3D7_08_v3-1366575-1366822-2.1","70+13N",1222,1,1
"IM-23-122-KXSM","8070933923","Maziba","Pf3D7_03_v3-85507-85756-1A","TATCATTTAAATTCTCTTTTTCCACAGCTCCAGCATTTTTATTTATATCATCTACAACTACATCTTCCTTCACATAATTATTTATATAAAAATTATTATCATCTAAAGCATCTGAAAATTCTTCATTTAATACTTCTTCATCTTCTACATTAAATGTTTTCGTTCTTTCATCATCTAATAAA","Pf3D7_03_v3-85507-85756-1A.3",".",466,1,1
"IM-23-122-KXSM","8070933923","Maziba","Pf3D7_13_v3-1465901-1466157-1A","CATAAAGGGTCCGATAACATTTTTTACATTTTCCCATGCAGAATCAGCATACAAGTTACATTTACCATCTGATGGATGACAACCTACAAGAAATCTGTTGAAAGCTACATTAATACCTTGTCCAATACCAAAAACAGCTATTTTAACACCAAGATCATTTAATTTTCTTGATTCTTTTAATGAATTTTGAATACTAT","Pf3D7_13_v3-1465901-1466157-1A.7","19+8N152A158T186T",956,0.667131891137474,2
"IM-23-122-KXSM","8070933923","Maziba","Pf3D7_11_v3-497277-497548-1A","TTTTAGATTTAATTGAATATTCATTTTTAAATTATACTAGTTCTAATTTAAATACAATAAATAATAATAATGACAAAAAAAAACAAAATCAAAAAAATAAAAATCGCAAATATAGTAAAAATAATATTTTAGATCTCTATGAACACGTAAGTACGATCAGTTTATTTTATCACACGTTTAATTTACCTAAGGAGTATAATGAAAAATTGTT","Pf3D7_11_v3-497277-497548-1A.2","74+11N90+9N148T",265,0.635491606714628,2
"IM-23-122-KXSM","8070933923","Maziba","Pf3D7_01_v3-181512-181761-1A","TTCATTATTGTTTTCATTCTTTTTTTAACTAAAACTATTCATCTCAAAAATATAAGATATTTTATATGACGAATGCCATTGTATTTTTTGTTACGTAAAACCTGACTTCTTCAGGGAAAACACATGCGCATTTTCACCAATTTTTGCCTAAGCTTATTATAAAAAGTATATTAAATGTATGAC","Pf3D7_01_v3-181512-181761-1A.4","19+9N30T83+8N114G",3,0.00227617602427921,3
"IM-23-122-KXSM","8070933923","Maziba","Pf3D7_11_v3-1934962-1935236-1A","TGATGTGCCAATATTAAGGATACATTTTCTAAAGCTTCTAACAGATAATGAAAATTTTTTCTGCGATTTTCATTTAAATCATTAAATATATTGGTTAGTTCTTGTATTGACGTTTTTGGATCTAAGGATGTAATTTGTTCATTTAATTCTTCTGTATATTCTAGATTAAAGTTTAAATTATTAAAATAACCTTCAGCATTATTTTCATTTTT","Pf3D7_11_v3-1934962-1935236-1A.3","41A54+10N98G",101,0.495098039215686,2
"IM-23-122-KXSM","8070933923","Maziba","Pf3D7_02_v3-630641-630907-1A","CTAAGTTATCTAAAATTATTAATTTTTTCAAATATGGTAATTCATGTCTATGAAGTAATAAGCCATCAACTAAATCTAAATCTAAACATAACCATTCTAATTTCGTTTCATTTAATATGTTTACAATTACATCTATACTAAAGTTAGAATGTAAAATCAAGGTTGTTACACCACTCATCATAGCTGCCATATCAACAAT","Pf3D7_02_v3-630641-630907-1A.3","22+8N",283,0.336504161712247,2
"IM-23-122-KXSM","8070933923","Maziba","Pf3D7_03_v3-221295-221532-2","AAGGAACAAGAAGGATAATACCATTATTAATCCTATTGAACTATTTACGACATTAAACACACTGGAACATTTTTCCATTTTACAAATTTTTTTTTCAATATCATTTGCATAATCTAATTGGTCTTTAGGTTTATTAGCAGAGCCAGGCTTTATTCTAACTTGAATACCATTTCCACAAGTTA","Pf3D7_03_v3-221295-221532-2.1","86+11N120G",1075,0.658297611757502,2
"IM-23-122-KXSM","8070933923","Maziba","Pf3D7_11_v3-1127074-1127316-1A","AACATTTTAATAGTCCTAATTTCGAAAATATGATGAAAGGAGTTTTTGGAATTATTCAAAATCCTTTTGAAAATGGCCAACCCACTTTCCCATTCTTTAAAAATATTAATTCGATCTCTGGAATCGGTAATGTTGATATCCCCAAAAATTTTATGAATGATTTTTTGAATAATGGAAATGATCAAAACA","Pf3D7_11_v3-1127074-1127316-1A.2","160+8N",1178,0.684088269454123,2
"IM-23-122-KXSM","8070933923","Maziba","Pf3D7_08_v3-1344618-1344845-1A","TATCTTTTCCATATATAATAACGCATGAATTCTTTAAATATATCTTTTACTTTATCTGTAAGTTTCATGGAATCTATTATTTCATGTGCATATTTTATTTTTGCCTCGTTTATATATTTACCTGCTTCTAATTTACATAAACATTTTTCTATTAAGTTTTG","Pf3D7_08_v3-1344618-1344845-1A.1","128C",1737,1,1
"IM-23-122-KXSM","8070933923","Maziba","Pf3D7_11_v3-2001725-2001999-2","GGATGTAAGAACTAAGAATGTAAATACAAGTAAGAGAAATGAAGGACTTAATGATATAAATGAATCAGAAAAAACAAGAACAAGAAGGGCATCAACAAAATCAAATAATAATAATAATAATGTATCATACGAGAATGAATTAGAGAGTGTATCTGAATGGTTTGATAACTTTTTGGAGGATCATATGAAGGAAGGTGTTTTTTTAGATGGGGAAAA","Pf3D7_11_v3-2001725-2001999-2.1","1G68+8N89G116I=AATAAT153G191+9N",279,1,1
"IM-23-122-KXSM","8070933923","Maziba","Pf3D7_07_v3-105172-105442-1A","GACTACTAACAGAGTGACTACCTACGCTATGTTGAGATGAATTCCTTCCATCTGAATTACTTCCAGATAGGTGATTTTCTGTACTTCCATCTGAATTGTTTTCATATAATTGACTTTCCTTTTGTCCATCTAAATTATGCACTGCACTATGAGTTCCTTCACCCAAATTATTACTGTTTGTTGTATCATCATTTAAATCAAATCCATTTCTT","Pf3D7_07_v3-105172-105442-1A.6","103C",213,0.318862275449102,2
"IM-23-122-KXSM","8070933923","Maziba","Pf3D7_08_v3-1386795-1387043-1B","TCCTTTGTCGCAGCATGCCTTTCATTAGCTGCTATAGCTTGTGTTATCTTAACTTCATTATAAAAAAAATATACTTCGATAAAAGGTACATATACCATGCTGGTCAATGATATTAGCATGCGACATTCTAATATATCCATTATGAACAAGGTGAACAAGAATATTGGGATTATTGAAATTGTCTGCATTA","Pf3D7_08_v3-1386795-1387043-1B.1","61+10N",880,1,1
"IM-23-122-KXSM","8070933923","Maziba","Pf3D7_11_v3-1376058-1376305-1A","TTTCTGGCTCGATATAATCCATTTCAATATTTATATTAGATATGAAACATCTATCTTCAATAGGTGAATTTGCTGCAAATTGAGCCATAGAAAAATGATTCTCATTCCTTTGAAAATATGAACTATTCAACTCATCAAGGTTTTCATATGTTATTTCATAACTGCCATCATCTGAATCCTCTTCATCA","Pf3D7_11_v3-1376058-1376305-1A.1","140G",1344,1,1
"IM-23-122-KXSM","8070933923","Maziba","Pf3D7_02_v3-470437-470709-1A","AATATTGACATGAAACATTATAATACACATAAGAAAAAAAAAATTTATTTATTCTTACAAAAAGAATATAAAAACAAAATTTTGGGATTTATAAATTTTTATAAACGTATAACACACAAAATAAAAAAGAAACAAGAAAATGTTCATGATAAAATCACTTTTTTAAAATGTCTAAAGGAACTCTTTTTTGTCACACATACAAATA","Pf3D7_02_v3-470437-470709-1A.3","33+12N107G122+8N158+8N183+8N",379,0.667253521126761,2
"IM-23-122-KXSM","8070933923","Maziba","Pf3D7_02_v3-503040-503288-1A","ATTATGATTAATAATAATATTTCTCATAATTTCGTTAAATACATCTAAACTATTTATAGAACCATCTATATCATCTTCATTCCTATTTTGGTGAACCGATTCGGTGTTTATAACATCTAAGGTGTCTTTTTCTTCTCCTCTGTAACTTTTTATAATTTTTTGATAAATGTTGTTATAAGAATTATCA","Pf3D7_02_v3-503040-503288-1A.2","97C155+8N",1342,0.668993020937188,2
"IM-23-122-KXSM","8070933923","Maziba","Pf3D7_11_v3-1293919-1294168-1A","TCCATATCAAAATAGTAATGTGTATCATCCAATCAACGAACATAGGGAACATCCAAAAGAATACGAATATCCATTACACCAGGAACATACATACCAACAAGAAGATTCAGGAGAAGACGAAAATACATTACAACACGCATATCCAATAGACCACGAAGGTGCCGAACCCGCACCACAAGAACAAAATTTAT","Pf3D7_11_v3-1293919-1294168-1A.6","17A27A",709,0.308529155787641,3
"IM-23-122-KXSM","8070933923","Maziba","Pf3D7_08_v3-1370814-1371045-2","TGTTGCAATATATTACTAAAAAATAGAATTATTATGTTATTTTGATCATATGGGAATACATTTAAATATTTATATTCTGATGAATATTCTTATAAAAAAAAAAGGGGGGGGGGAAATAATACGTTCATGATTTATTTATATTTCAATATATTTTCTATTTTGCGA","Pf3D7_08_v3-1370814-1371045-2.2","17+8N93+21N",361,1,1
"IM-23-122-KXSM","8070933923","Maziba","Pf3D7_11_v3-408543-408771-1A","AGAGTGTTAATAATACTACAGCTAGTCATATTTCCAAATCCAAAAATGAACTTGAAAAAAAGTCATCAGTTAATAATAATGCTTATATTAAAATTATCGAAAATTATGATTTATTATGGTTAAAATTAATAGAAATTGAATTATGTTGTAATAATAAAAATTTAAATCCTATA","Pf3D7_11_v3-408543-408771-1A.3","27C54+9N",69,0.71875,2
"IM-23-122-KXSM","8070933923","Maziba","Pf3D7_13_v3-146695-146934-1A","AAAGTATTTGTAATAGATTAAACGATGAACTAAATGAAGAAATATGTGGTTATCAAATTAGGTTTGAAAAATCGTATTTTTTAAAACATAGTAAAATTAAAGTTATGACAGAAGGAATTTTATTGAAAGAAATTATGAGTGATTTTATTTTATCAAAATATAGTGTTATCATTCTTGA","Pf3D7_13_v3-146695-146934-1A.2","76+8N170C",2056,0.669270833333333,2
"IM-23-122-KXSM","8070933923","Maziba","Pf3D7_03_v3-221185-221419-1B","AAATAAATTAAATAGGAAAATATAAAGAAAAATGAAAATTAAGAAAAAAAGTAGTATATATTTTTATAAATATTGTACAACTCAAACTAAGATGTGTTCTTTATCTAATTAAGGAACAAGAAGGATAATACCATTATTAATCCTATTGAACTATTTACGACATTAAACA","Pf3D7_03_v3-221185-221419-1B.1","43+9N",808,1,1
"IM-23-122-KXSM","8070933923","Maziba","Pf3D7_14_v3-377765-378020-1A","AAAGATATATCAACTGAAAAGATTTTATCAAATAATTGCTTTAATAATAAGTTAAAAAATTGATTTCCAATATCTATCATATTCATATAATCTAATGATTTAAAAATATATAATATACTCTTTGGACTAAATTTTAATTCATCATTTATTATTCTCTCTTTTACTATTGTTTTAATTTGATTAAAATATATAA","Pf3D7_14_v3-377765-378020-1A.1","21G53+8N71T154C170T",123,0.331536388140162,2
"IM-23-122-KXSM","8070933923","Maziba","Pf3D7_03_v3-221463-221712-1B","ACTTGAATACCATTTCCACAAGTTACACTACATGGGGACCATTCAGTTGAAAGAGAATTTTTTATTGTCTTTAAATATTGTTCTATGTGCTTATCACTTGGTTCTTCGTTATTATTATTTTTTACAGCATTGTTGGCATTAGCATTTTCATCTACATTTCGGTTTGGGTCATTTGGCATATTGTGACCTTGTC","Pf3D7_03_v3-221463-221712-1B.1","62T67G69C80G83C117+8N130T",314,0.339459459459459,2
"IM-23-122-KXSM","8070933923","Maziba","Pf3D7_08_v3-1365709-1365954-1B","ATTTTCATCTTGTAATGTGTTTTTAACATTATAGCAGTAATTTTCTAGGTTGTTTCTTGCTTCAATTCTATTTTTATTTTGTTCATCCTCTTCTTTATATTTTTCTGCATCATTTACCATACGATCGATATCATCTTTTGATAATCTTCCTTTATCATTTGTAATAGTAATTTGGTTTTGT","Pf3D7_08_v3-1365709-1365954-1B.1",".",622,1,1
"IM-23-122-KXSM","8070933923","Maziba","Pf3D7_14_v3-377765-378020-1A","AAAGATATATCAACTGAAAATATTTTATCAAATAATTGCTTTAATAATAAGTTAAAAAATTGATTTCCAATATCTATCATATTCATATAATCTAATGATTTAAAAATATATAATATACTCTTTGGACTAAATTTTAATTCATCATTTATTATTCTCTCTTTTACTATTGTTTTAATTTGATTAAAATATATAA","Pf3D7_14_v3-377765-378020-1A.4","53+8N71T154C170T",248,0.668463611859838,2
"IM-23-122-KXSM","8070933923","Maziba","Pf3D7_08_v3-1365750-1365999-2","TTTCTAGGTTGTTTCTTGCTTCAATTCTATTTTTATTTTGTTCATCCTCTTCTTTATATTTTTCTGCATCATTTACCATACGATCGATATCATCTTTTGATAATCTTCCTTTATCATTTGTAATAGTAATTTGGTTTTGTTTACCAGTACCTTTATCTAATGCTGTTACATTTAGGATACCATT","Pf3D7_08_v3-1365750-1365999-2.1",".",948,1,1
"IM-23-122-KXSM","8070933923","Maziba","Pf3D7_13_v3-2816310-2816554-1B","CAAATACTTTTCAATATAGGTCTAGTGAAAGTGTGGAAGTAATAACTAATAAACCTGATGAAATGGAAATGACAACTAAACCACCATCACAATATATTGAAAAGGAAATTGGAGAAATTGATTCTACAAAAAATCAAGATAATGATGAACAAAGCAATTCTATAATTCCTTTAATTAATAAAAATAATGAA","Pf3D7_13_v3-2816310-2816554-1B.2","95T127+8N",1732,1,1
"IM-23-122-KXSM","8070933923","Maziba","Pf3D7_11_v3-1816152-1816378-1A","TTGGGTAGATATCGTTATAAGGGCTATAATGTATTGACTTCTCCGGGTTGGTTACATTATCATTACAACCAATATTATTAAGGTTAATATTATTTTTATCATTATTATTGTTGTTTTCATTTGTGTGGTTATATAATAACAATGATGTGTCGTCTATTGGATCATT","Pf3D7_11_v3-1816152-1816378-1A.2","90T",1320,0.321011673151751,2
"IM-23-122-KXSM","8070933923","Maziba","Pf3D7_13_v3-1465616-1465890-1A","TCTTGTGGATTATTATCTATTATATTTTCTTCTGGTTTTTGGACAGAAGAATTATCTCCTCTTGGTCTAGGTTGATCATCTTCGGGGTCATCTGGAACATCTAATGGTTCCCATTTTGGAGGACATCTTTCTTCTTCACATTGTTCTTGTAATTCACTTGTACATCCTTCGTGTAAGATTTCTCTTTTTCTTGACCTGGTACCTTTACCACAAGTTACACTACATGGAGA","Pf3D7_13_v3-1465616-1465890-1A.11","30T32C41G47A49G87G113A121G",2,0.00140252454417952,3
"IM-23-122-KXSM","8070933923","Maziba","Pf3D7_13_v3-1419363-1419626-1A","TTTTGAAATCTGTATATTTTTTATCATGTTCATCGAGATTTATTTTGTTCTCTTTGTTTGAAATATCAACTACATGATTAAAAACATCTCCTAAATTATATAATTTCTTATCTAGGTCTTTTCGAAATGTCGATTCTCCTCCTTGTGCTGGTTTTTGTACTTCTTTTCCTTGTGTTGATATCTCTTGTTCATTTTTAGATTGAG","Pf3D7_13_v3-1419363-1419626-1A.5","16+8N24T28G52C123C166T",115,0.310810810810811,2
"IM-23-122-KXSM","8070933923","Maziba","Pf3D7_13_v3-1465901-1466157-1A","CATAAAGGGTCCGATAACATTTTTTACATTTTCCCATGCAGAATCAGCATACAAGTTACATTTACCATCTGATGGATGACAACCTACAAGAAATCTGTTGAAAGCTACATTAATACCTTGTCCAATACCAAAAACAGCTATTTTAACACCACGATCATTTAATTTTCTTGATTCTTTTAATGAATCTTGAATACTAT","Pf3D7_13_v3-1465901-1466157-1A.1","19+8N158T",477,0.332868108862526,2
"IM-23-122-KXSM","8070933923","Maziba","Pf3D7_14_v3-279563-279833-1A","CATTTTTCTTTTAAATGAGAGCAATATATTTCTTAGGTTTATTCCGGATAAATGTTTAGTTATTAGCCAGGTGAGTAATAGTGATTCATATAAGGTAAATTGTATTAATTTCTCTGAAGGATTTTGTTGCTGTCATCCAATAAATAATTTAGCACTATTATATGGAGAGTATCAACAAAATCAAGAATCAAAAATTATGAAATTACCG","Pf3D7_14_v3-279563-279833-1A.1",".",437,1,1
"IM-23-122-KXSM","8070933923","Maziba","Pf3D7_02_v3-503040-503288-1A","ATTATGATTAATAATAATATTTCTCATAATTTCGTTAAATACATCTAAACTATTTATAGAACCATCTATATCATCTTCATTCCTATTTTGGTGAACTGATTCGGTGTTTATAACATCTAAGGTGTCTTTTTCTTCTCCTCTGTAACTTTTTATAATTTTTTGATAAATGTTGTTATAAGAATTATCA","Pf3D7_02_v3-503040-503288-1A.1","155+8N",664,0.331006979062812,2
"IM-23-122-KXSM","8070933923","Maziba","Pf3D7_11_v3-1293919-1294168-1A","TCCATATCAAAATAGTGATGTGTATCGTCCAATCAACGAACATAGGGAACATCCAAAAGAATACGAATATCCATTACACCAGGAACATACATACCAACAAGAAGATTCAGGAGAAGACGAAAATACATTACAACACGCATATCCAATAGACCACGAAGGTGCCGAACCCGCACCACAAGAACAAAATTTAT","Pf3D7_11_v3-1293919-1294168-1A.1",".",1585,0.689730200174064,3
"IM-23-122-KXSM","8070933923","Maziba","Pf3D7_14_v3-3124416-3124655-1A","TAATTGATCTTCTAGAGGAATTAGATATTTTGTCTATATCGAATAAAGATGAAGTAGAAAAACGAAGAAAGGAAACAACTCAAGAGACGCGGTTGTTAGGAAATATTGATTTAGGATATGGAAAATTAGGAGAGGGAATAAAGCATGAAAATTTACAGGAAGAATTAGGAAACAGATTATTTG","Pf3D7_14_v3-3124416-3124655-1A.1",".",2691,0.679545454545455,2
"IM-23-122-KXSM","8070933923","Maziba","Pf3D7_03_v3-221295-221532-2","AAGGAACAAGAAGGATAATACCATTATTAATCCTATTGAACTATTTACGACATTAAACACACTGGAACATTTTTCCATTTTACAAATTTTTTTTTCAATATCATTTTCATAATCTAATTGGTCTTTAGGTTTATTAGCAGAGCCAGGCTTTATTCTAACTTGAATACCATTTCCACAAGTTA","Pf3D7_03_v3-221295-221532-2.2","86+11N107T120G",558,0.341702388242498,2
"IM-23-122-KXSM","8070933923","Maziba","Pf3D7_07_v3-404325-404590-1B","GAAACACAAGAAGAAAATTCTATCATATTTAATCTTGTCTTAATTAGTGCCTTAATTGTAAGAAAACAAAATATATAAATAAATAATATATATATATATATATATATATATATTGTAATATTTAATATATATTAACACTTAAACTTTGTTTTTATTATATTAATTTATATTCTTTATCATTTTTTTTTTTTTTTTTTCTTCTTTTTTT","Pf3D7_07_v3-404325-404590-1B.1001","71+40N176+19N198+8N",1,0.0588235294117647,4
"IM-23-122-KXSM","8070933923","Maziba","Pf3D7_14_v3-2020604-2020849-1A","CAAGAACATGAATATTTCTGTAAATACATAGACAAGTCCTCATTATGTCTTATCACAGGGTGCTCTTCTTTAATATGACAATATAATTTTATATGTTTTATTATTTCTTGATGAATTTCACATAATAAAAATAATGTGTGATTCATATGTTGACTACCCAATATAGAAAAGCCACTAACTAATTG","Pf3D7_14_v3-2020604-2020849-1A.1","65+8N",996,0.708896797153025,2
"IM-23-122-KXSM","8070933923","Maziba","Pf3D7_03_v3-515418-515657-1A","TTTCATTAATTTCTATATGTTTGAATTCCCTTATAGACATATTTGAATCATTATTACTTTTATATGAAGTGTTATTATCGAAATTATTATTAATACATTTTATTTTAATGATTTTGTTAAAATTTTTATTATTTACTATAATGGAAGTCAGATATGTACTTATCGTATGGAAAGCTAATCATCAACA","Pf3D7_03_v3-515418-515657-1A.3","5A",4070,1,1
"IM-23-122-KXSM","8070933923","Maziba","Pf3D7_14_v3-407306-407542-1A","CTTTCTTTCGTCTTTCTGTTCATTATCCATATAATCTTTTTCTACTACCTTTTCATTCTTTACTTTATTTCTATTAATACACAATTCTCCTTGAGTTAAGAGATTTACGATATTATCAATATTGTTTTCTTTCATATACTTCAACTTTTTACTATTCATTTTTAAAAGA","Pf3D7_14_v3-407306-407542-1A.4","44A47A85T",511,0.326517571884984,2
"IM-23-122-KXSM","8070933923","Maziba","Pf3D7_11_v3-1293919-1294168-1A","ACCATATCAAAATAGTGATGTGTATCATCCAATCAACGAACATAGGGAACATTCAAAAGAATACGAATATCCATTACACCAGGAACATACATACCAACAAGAAGATTCAGGAGAAGACGAAAATACATTACAACACGCATATCCAATAGACCACGAAGGTGCCGAACCCGCACCACAAGAACAAAATTTAT","Pf3D7_11_v3-1293919-1294168-1A.7","1A27A53T",4,0.00174064403829417,3
"IM-23-122-KXSM","8070933923","Maziba","Pf3D7_11_v3-119432-119705-1A","CTCCTTTATATTCATCAAGAAATTTCATCCAAGAGTAATTATGTTTTTCTTGTTGATATTTTGCTTTATACAAACGAGCAAGATACTTTTTATACGATTCATGCTCTTTAATTTTCTTTTCAAAAGTTTTGGTTATAATGTGTTCAAGTGATTGTAAAGTATTTTTCTTTAATTTTCTCCATATTAATCTACATGCGATTATAAGAA","Pf3D7_11_v3-119432-119705-1A.1",".",585,1,1
"IM-23-122-KXSM","8070933923","Maziba","Pf3D7_07_v3-105172-105442-1A","GACTACTAACAGAGTGACTACCTACGCTATGTTGAGATGAATTGCTTCCATTTGAATTACTTCCAGATAGGTGATTTTCTGTACTTCCATCTGAATTGTTTTTATATAATTGACTTTCCTTTTGTCCATCTAAATTATGCACTGCACTATGAGTTCCTTCACCCAAATTATTACTGTTTGTTGTATCATCATTTAAATCAAATCCATTTCTT","Pf3D7_07_v3-105172-105442-1A.2","44G52T",455,0.681137724550898,2
"IM-23-122-KXSM","8070933923","Maziba","Pf3D7_11_v3-408543-408771-1A","AGAGTGTTAATAATACTACAGCTAGTCATATTTCCAAATCCAAAAATGAACTTGAAAAAAAGTCATCAGCTAATAATAATGCTTATATTAAAATAATCGAAAATTATGATTTATTATGGTTAAAATTAATAGAAATTGAATTATGTTGTAATAATAAAAATTTAAATCCTATA","Pf3D7_11_v3-408543-408771-1A.2","27C54+9N70C95A",27,0.28125,2
"IM-23-122-KXSM","8070933923","Maziba","Pf3D7_13_v3-1465616-1465890-1A","TCTTGTGGATTATTATCTATTATATTTTCTTCTGGTTTTTGGACAGAAGAATTATCTCCTCTTGGTCTAGGTTGATCATCTTCGGGGTCATCTGGAACATCTAATGGTTCCCATTTTGGAGGACATCTTTCTTCTTCACATTGTTCTTGTGTTTCACTTGTACATCCTTCGTGTAAGATTTCTCTTTTTCTTGACCTGGTACCTTTACCACAAGTTACACTACATGGAGA","Pf3D7_13_v3-1465616-1465890-1A.2","30T32C41G47A49G87G113A121G151G152T",969,0.679523141654979,3
"IM-23-122-KXSM","8070933923","Maziba","Pf3D7_13_v3-1419363-1419626-1A","TTTTGAAATCTGTATATTCTTTACCATATTCATCGAGTTTTATTTTGTTCTCTTCGTTTGAAATATCAACTACATGATTAAAAACATCTCCTAAATTATATAATTTCTTATCTAGGTCTTTTTGAAATGTCGATTCTCCTCCTTGTGCTGGTTTTTGTACTTTTTGTCCTTGTGTTGATATCTCTTGTTCATTTTTAGATTGAG","Pf3D7_13_v3-1419363-1419626-1A.12","16+8N38T52C55C163T",255,0.689189189189189,2
"IM-23-122-KXSM","8070933923","Maziba","Pf3D7_14_v3-2481033-2481276-1B","CCATGTGGATAAAGACAGTAGAGAGCAATTCGAAATAAAACAGTACTCTTGCAAATTAGATATTTTTTTGAACTCATCTGTTCCTATAAAAAATTCTGAATGTAAGCAGAATAAATTATACACAAAAGAATATATATTCATTTTTATTTATTCACTTTATATATGTTTGTATGTATGTA","Pf3D7_14_v3-2481033-2481276-1B.3","62+9N87+8N",778,1,1
"IM-23-122-KXSM","8070933923","Maziba","Pf3D7_14_v3-298368-298636-1B","ACGATTTAATGTGGCAAGTTGATTTAGATGTACATTTTGGTAATGTATCTTCCAAAAAAGCAAACGTTATTTTAGATAGTGCCACCAGTGTCATAACTGTACCAACAGAATTTTTTAATCAATTCGTAGAATCTGCAAGTGTTTTCAAAGTTCCATTCTTATCTTTGTATGTAACCACTTGTGGTAACACGAAATTACCAA","Pf3D7_14_v3-298368-298636-1B.1","53+8N110+8N",418,1,1
"IM-23-122-KXSM","8070933923","Maziba","Pf3D7_02_v3-630641-630907-1A","CTAAGTTATCTAAAATTATTAATTTTTTCAAATATGGTAATTCATGTCTATGAAGTAATAAGCCATCAACTAAATCTAAATCTAAACATAACCATTCTAATTTCGTTTCATTTAATATGTTTACAATTACATCTATACTAAATTTAGAATGTAAAATCAAGGTTGTTACACCACTCATCATAGCTGCCATATCAACAAT","Pf3D7_02_v3-630641-630907-1A.2","22+8N143T",558,0.663495838287753,2
"IM-23-122-KXSM","8070933923","Maziba","Pf3D7_11_v3-1127074-1127316-1A","AACATTTTAATATTCCTAATTTCGAAAATATGATGAAAGGAGTTTTTGGAATTATTCAAAATCCTTTTGAAAATGGCCAACCCACTTTCCCATTCTTTAAAAATATTAATTCGATCTCTGGAATCGGTAATGTTGATATCCCCAAAAATTTTATGAATGATTTTTTGAATAATGGAAATGATCAAAACA","Pf3D7_11_v3-1127074-1127316-1A.1","13T160+8N",544,0.315911730545877,2
"IM-23-122-KXSM","8070933923","Maziba","Pf3D7_13_v3-1004740-1005002-1A","TTACATCGTAAAAATAATTTAAAATATTATATATATTATCTTTTCCTTTTCGGGGGTCTCTTTTCTTTATATATATATTTACATTTCTCTTCATTTTATTACATGATAAATTAATATTTAATGTACTAATATATATATTATTAATTTTTATTTTCTTCTTCTTTTTTATATTAAAACAAAATGAAGATTCTTTAA","Pf3D7_13_v3-1004740-1005002-1A.2","50+8N161+8N",43,1,1
"IM-23-122-KXSM","8070933923","Maziba","Pf3D7_02_v3-291770-292017-1A","TAATATCATAAGGTTTGAATATTTTCCTCTCAAGTATTATACCAACAGAAGGTTTATCATCATCTTTAAAACCTGCTCTATCTTTAACCCATTGATTAGGATTTTTTAAACATAAAGCTGGATTCTTTAATAAATCTTTCATATGTTCCATATTATTTTCTTCATTTATATATGATTCTAC","Pf3D7_02_v3-291770-292017-1A.9","33A101+8N",251,0.301682692307692,2
"IM-23-122-KXSM","8070933923","Maziba","Pf3D7_12_v3-63081-63314-1A","TTTCCGTCATAATAGTTGCATACATTCTATTAAAAACTTTGGGTACTCCTAATATAATTTCAGCTTTTGAATTACATATGTCTGTATTCAAAAATTTTATATCTCTACTCCATATATTTATCTTTACACCCAAAAACAAAGTAATGAAAAAAATAACCCTTTCATA","Pf3D7_12_v3-63081-63314-1A.3","63G142T146+9N",1424,1,1
"IM-23-122-KXSM","8070933923","Maziba","Pf3D7_08_v3-336421-336651-1A","TAACAACGAACCCATAAATTTACAAAAAAATTTAGATTTAATCATATGGCTAAAAAAGAATATAAAAGAAGGAGAAGCTTTAATTTCTGATATACCTACATCAAGTTTTTTAAGGTGTACTACAAATTATAAATTTGTATTGCATCCCCAATATGAAGATAGT","Pf3D7_08_v3-336421-336651-1A.2","25A51+8N97T105+8N148C",1131,0.666470241602829,3
"IM-23-122-KXSM","8070933923","Maziba","Pf3D7_14_v3-771407-771633-1A","ACCCACGGGACATTTTAATTTATACCTATTGGAACATTTTTTATTAGGTCTTTCTTTATGATTCTTCTTTAAAATAGGTTCATCATTATTTGAGTAAACTAACAGATCATTATCGTTCTCAAAATTATTATAACCATGAATATTTTTATTTCCATATACATCTATAA","Pf3D7_14_v3-771407-771633-1A.5","36+8N108C138G",1095,0.354139715394567,2
"IM-23-122-KXSM","8070933923","Maziba","Pf3D7_14_v3-771407-771633-1A","ACCCACGGGACATTTTAATTTATACCTATTGGAACATTTTTTATTAGGTCTTTCTTTATGATTCTTCTTTAAAATAGGTTCATCATTATTTGAGTAAACTAACAGATTATTATCGTTCTCAAAATTATTATAACCATCAATATTTTTATTTCCATATACATCTATAA","Pf3D7_14_v3-771407-771633-1A.1","36+8N",1997,0.645860284605433,2
"IM-23-122-KXSM","8070933923","Maziba","Pf3D7_14_v3-2733345-2733593-1A","TCGATGTACATGCAGAAAAAATATTGGAACGTTTATTTGTAATTTATTTATGTGTATTAAAAGAATATGAAAAACATCCTCCTAAAATATTAAAATATTCATTACGTGCTATATCGAGATACTCGATGTATATAAATAAATTTATCATGGATGATATATTATTTGAAATTAAAAACCTTGCTGCA","Pf3D7_14_v3-2733345-2733593-1A.2","15+8N116G",1007,0.70125348189415,2
"IM-23-122-KXSM","8070933923","Maziba","Pf3D7_12_v3-659881-660127-1A","GGTGGTTTAACATTTTGAGCTACGAGATTTTCGACTGATGGCAATCCTAATTTGATTAATTCCTTTAACATAATTTTTGCGTGTTTTTTTACTTCTGATTTGATATCAAAGCTTGATTCTAAAAAGGTTGGTGAATTTTTTTGTAAAACACTGACAAGTTCATTTGATATGGTCTCTGCTAAATCATCACCA","Pf3D7_12_v3-659881-660127-1A.24","17G35C50A73A74T83+9N135+9N",1,0.00070871722182849,3
"IM-23-122-KXSM","8070933923","Maziba","Pf3D7_14_v3-2355614-2355853-1A","ACTTTTCTCGATTCACATTATCCAAACCCATTTAACGAGTATGAAAAATATGACAAACATTATTATGAACTTGAAAATATTTTAAAAAACAAACTTAATGAACATTCCTTAAATTATCAATCTTTGTTAAAAATGAAAAGATTTATAAGTATGAACGATATGGAAAATAATAA","Pf3D7_14_v3-2355614-2355853-1A.1","83+8N",950,0.6638714185884,2
"IM-23-122-KXSM","8070933923","Maziba","Pf3D7_12_v3-857050-857323-1A","ATATAATTTTAAGATGTCCTATCAAGACGTTCAGGAAAAAAAAAATGAAGATATAAATTATGATGAAATAGCTAGCAGCATGCTAGAGAAGATGGACAAACATATAAATGGAGAAAAACAACCAACGATACATTATGAAAATTTAAATGTACAAGAGCAAGGGGGAGCACATGCTTATTACTCAAATCAAGATATAAATAACATAAATA","Pf3D7_12_v3-857050-857323-1A.2","35+12N162G",469,1,1
"IM-23-122-KXSM","8070933923","Maziba","Pf3D7_08_v3-1370603-1370853-1B","AAAAGTAATTAAAAAAAAAAAAAATGAAAATAAAAAAAAACATTACATATTTTTTTATGTATAAAATATTTTAAAGCACTGAGATTATTTATGTTATAAATTAATTGAATGTTTAAAAGATTATAAAATTTTATTTATGAAAATATATGAATATATATAATATAAGCAGGTATTAAATAACCAAATAATAT","Pf3D7_08_v3-1370603-1370853-1B.2","10+32N49+9N",230,1,1
"IM-23-122-KXSM","8070933923","Maziba","Pf3D7_02_v3-628941-629172-1A","ACTTTTTTTAGATTTTTCTTGATCGTTTTCATCATTTTTTATTTCCTGTTCATCTGAGGTTTTCTTTTGTAAACGCTTAGTGCGTTTCTTTTGACCTTTTAATTTTTTTTTAAATATATTTTTAACTTGATCAATGAAGAAAGCATAATCTTGTATGACAGAAAATCT","Pf3D7_02_v3-628941-629172-1A.1","2+9N34+8N87T102+11N",435,0.320560058953574,2
"IM-23-122-KXSM","8070933923","Maziba","Pf3D7_11_v3-1295103-1295335-1A","ACTACTGCTTTGTCCCATCCCATCGAAGTTGAAAACAATTTTCCATGTTCATTATATAAAGATGAAATAATGAAAGAAATCGAAAGAGAATCAAAACGAATTAAATTAAATGATAATGATGATGAAGGGAATAAAAAAATTATAGCTCCAAGAATTTTTATTTCAGATGATAAA","Pf3D7_11_v3-1295103-1295335-1A.1","132+9N",1615,0.620199692780338,2
"IM-23-122-KXSM","8070933923","Maziba","Pf3D7_02_v3-470437-470709-1A","AATATTGACATGAAACATTATAATACACATAAGAAAAAAAAAATTTATTTATTCTTACAAAAAGAATATAAAAACAAAATTTTGGGATTTATAAATTTTTATAAACATATAACACACAAAATAAAAAAGAAACAAGAAAATGTTCATGATAAAATCACTTTTTTAAAATGTCTAAAGGAACTCTTTTTTGTCACACATACAAATG","Pf3D7_02_v3-470437-470709-1A.1","33+12N122+8N158+8N183+8N205G",189,0.332746478873239,2
"IM-23-122-KXSM","8070933923","Maziba","Pf3D7_13_v3-1041593-1041860-1AB","CAAGATTGAAGTATTACATATCTCAGAAATTAAATGTATGCCCAAGAGATGTAAATGCACACATTGTAGGTGCTCATGGAAATAAAATGGTTCTTTTAAAAAGATACATTACTGTAGGTGGTATCCCTTTACAAGAATTTATTAATAACAAGTTAATTTCTGATGCTGAATTAGAAGCTATATTTGATAGAACTGTTAATACT","Pf3D7_13_v3-1041593-1041860-1AB.1",".",836,1,1
"IM-23-122-KXSM","8070933923","Maziba","Pf3D7_07_v3-403487-403750-2","AGGTTCTTGTCTTGGTAAATGTGCTCATGTGTTTAAACTTATTTTTAAAGAGATTAAGGATAATATTTTTATTTATATTTTAAGTATTATTTATTTAAGTGTATGTGTAATGAATAAAATTTTTGCTAAAAGAACTTTAAACAAAATTGGTAACTATAGTTTTGTAACATCCGAAACTCACAACTTTATTTGTATGATTATGTTCTTT","Pf3D7_07_v3-403487-403750-2.1",".",396,1,1
"IM-23-122-KXSM","8070933923","Maziba","Pf3D7_12_v3-659881-660127-1A","GGTGGTTTAACATTTTCAGCTACGACTTTTTCGACTGATGGCAATCCTACTTTGATTAATTCCTTTAACATAGATTTTGCGTGTCTTTTTACTTCTGATTTGATATCAAAGCTTGATTCTAAAAAGGTTGGTGAATTTTTTTGTAAAACACTGACAAGTTCATTTGATATGGTCTCTGCTAAATCATCACCA","Pf3D7_12_v3-659881-660127-1A.8","26C27T35C83+9N135+9N",956,0.677533664068037,3
"IM-23-122-KXSM","8070933923","Maziba","Pf3D7_14_v3-294506-294753-1B","AATTTAGATGTTATCAAAGTCCCATTCTTACCTTTCTATGTAACTCTTTGTAACAACAGCAAATTACCAACTTTTGAATTTACCTCAGAAAATGGTAAATACACATTAGAACCTGAATACTACCTTCAACACATAGAAGATGTTGGTCCAGGATTATGTATGCTTAATATCATAGGATTAGATTTTCCAGT","Pf3D7_14_v3-294506-294753-1B.1",".",2310,1,1
"IM-23-122-KXSM","8070933923","Maziba","Pf3D7_03_v3-653961-654206-1A","CTCGTACAATATTTTTATAATTTCCTTTCATCTTATTTTTTTCTTTATATTTTTTTTTTTCATATGTAAGATTTATATAATCACTTTCGCTTTTTCTAACGCTTTTGAACTTTTTAAATGTACTTCGTTCATTATTTCTAATTCTCGTAAACACAAGAATAAATATTTTGATATATCTTATA","Pf3D7_03_v3-653961-654206-1A.1","35+9N49+13N101G",29,0.0453834115805947,2
"IM-23-122-KXSM","8070933923","Maziba","Pf3D7_13_v3-1406713-1406975-1A","TTTCATGTCTTCTTAAATATGTTTTAAATTCATTATTTAATTTTTCATCATATTTAGGTACATTTTTTTTTGGAAATCTAGATGTTTCATTATTATCGTGATTTGATGAATATATATAATGAGTTTGTTTAAAATGTGGTTCATTCAAATTATCTTTTTTCTTATCTTCGTGTATATTTTTATTATAATTTGAATACTTC","Pf3D7_13_v3-1406713-1406975-1A.1","6T62+11N154+8N",620,1,1
"IM-23-122-KXSM","8070933923","Maziba","Pf3D7_13_v3-1350855-1351093-1A","TCTTTTATATTAGTTGTTTCGTTATTTTCATTATGTTCCATATTTTGGTTATTTGTATATTTTATATTTTTTAAAAATTGGTAAATATATTCCGAGATGAAAGGTGTAAAAGGGGCCATAATTATTGTAAACAAATATAATGTTCTACATAAAACATTTAATGATTGGTGAGT","Pf3D7_13_v3-1350855-1351093-1A.1","66+8N",1666,1,1
"IM-23-122-KXSM","8070933923","Maziba","Pf3D7_03_v3-221463-221712-1B","ACTTGAATACCATTTCCACAAGTTACACTACATGGGGACCATTCAGTTGAAAGAGAATTTTTTATTTTGTTTAAATATTTTTCTATGTGCTGATCACTTGGTTCTTCGTTATTATTATTTTTTACAGCATTGTTGGCATTAGCATTTTCATCTACATTTCGGTTTGGGTCATTTGGCATATTGTGACCTTGTC","Pf3D7_03_v3-221463-221712-1B.3","62T80T83C92G117+8N130T",611,0.660540540540541,2
"IM-23-122-KXSM","8070933923","Maziba","Pf3D7_12_v3-684011-684240-1A","ACCTAATGTTGGTAAGTCTACCATTTTTAATCGACTAACTCGAAAATATCAAGATGGTAGTATTGTTTTAGATGTTAGTAGTACGAGAGATAAACTTTATGGAGAAGTTGAGTGGGAAGGATATAAATTTGAACTTGTGGATACAGGAGGTTTAGTTTTTGA","Pf3D7_12_v3-684011-684240-1A.3",".",1756,1,1
"IM-23-122-KXSM","8070933923","Maziba","Pf3D7_14_v3-294503-294768-2","CAGAATTTAGATGTTATCAAAGTCCCATTCTTACCTTTCTATGTAACTCTTTGTAACAACAGCAAATTACCAACTTTTGAATTTACCTCAGAAAATGGTAAATACACATTAGAACCTGAATACTACCTTCAACACATAGAAGATGTTGGTCCAGGATTATGTATGCTTAATATCATAGGATTAGATTTTCCAGTACCAACCTTTA","Pf3D7_14_v3-294503-294768-2.1",".",729,1,1
"IM-23-122-KXSM","8070933923","Maziba","Pf3D7_14_v3-2695837-2696082-1A","CGTTTTGTATCATATTATTAGATATAGTTATTTTATTATTATTTTCTACATTGTTATTCAATATATTACATCCTGTTATGGAATTATTGTTAAAATATAAATTATTCGAATTGTTATTATTAAATTCTAATCCACTAACTGCTGTTGTATATAATGATGATGAGTTATTATTATAGAAATC","Pf3D7_14_v3-2695837-2696082-1A.1","28+16N",544,0.666666666666667,2
"IM-23-122-KXSM","8070933923","Maziba","Pf3D7_13_v3-1233093-1233332-1A","TCTATATGATCCTTATTTTTATCTTCATCACATTTATAATTTACATAATTTTCGACGTCATCATTTTCATTATTACTCATAATTGAATTATCCACAATGTTTGCCTCTTTTACAGCTTTACAAAGTTGGTAAAAAATATGATAATTCCTTTCACCTTCTTGTTGATCACACACCCGAACC","Pf3D7_13_v3-1233093-1233332-1A.1","130+8N",1845,1,1
"IM-23-122-KXSM","8070933923","Maziba","Pf3D7_11_v3-1374917-1375148-1A","TTTTTAAATGAAAATCTCCAAAGCTTCTGGTTGGTTGTAATCTACCTTTAACATAACAATTATCATAATGATGTGATAAGAGATGAAAAGGTGTTTTACATAATTTATATGTATTATTATTATTAACAGTTTTATAATCTCGAGTACATATTTTACATACTAATATA","Pf3D7_11_v3-1374917-1375148-1A.4","106T112+14N",872,0.641648270787344,2
"IM-23-122-KXSM","8070933923","Maziba","Pf3D7_14_v3-2260533-2260765-1A","AATAACCATCAAATACAAACTCAACCAACAAATACAGTACAATATATTCAACCAAATTATGAACAAGTCATAACACAAGTAGATCAAAATGGTAATCTATTCAATCAACAGCTTGTAGGAAGTACAGTAATGCAAAATATGACACCACAAGGTGTAAACACGTTAAATTATCCTGCAACG","Pf3D7_14_v3-2260533-2260765-1A.1","91G",2275,0.663458734324876,2
"IM-23-122-KXSM","8070933923","Maziba","Pf3D7_14_v3-2020604-2020849-1A","CAAGAACATGAATATTTCTGTAAATACATAGACAAGTCCTCATTATGTCTTATCACAGGGTGCTCTTTTTTAATATGACAATATAATTTTATATGTTTTATTATTTCTTGATGAATTTCACATAATAAAAATAATGTGTGATTCATATGTTGACTACCCAATATAGAAAAGCCACTAACTAATTG","Pf3D7_14_v3-2020604-2020849-1A.6","65+8N",409,0.291103202846975,2
"IM-23-122-KXSM","8070933923","Maziba","Pf3D7_14_v3-293575-293829-1B","TTTTGTAGTGTAATGTGTGGTTTATTTTATTATGTGTATGAAAATGTATGGCTTCAAAGAGATAATGAAATGAATGAAATTTTAAAAAATTCCGAACATTTAACTATTGGATTTAAAGTTGAAAATGCACATGATAGAATTTTGAAAACTATAAAAACACATAAATTAAAAAATTACATTAAAGAAT","Pf3D7_14_v3-293575-293829-1B.1","83+8N167+8N",359,1,1
"IM-23-122-KXSM","8070933923","Maziba","Pf3D7_14_v3-2858894-2859160-1A","ATAGATTTTAATGACATAAAAAACACAACAAATGAGTATAATAATTTTGAGGAACATAATTATCAAGATGATAAATTTATATTTAATAAAGATATACATAATATTCTTTTAGAATTAAAGGAATCATTAAATGACATATCACGTGGAAGACTAAATACATTGATAAGAGATAATAAAATAAGTAGTTGTATAATATATCA","Pf3D7_14_v3-2858894-2859160-1A.1","15C17+8N28A",577,1,1
"IM-23-122-KXSM","8070933923","Maziba","Pf3D7_14_v3-2695837-2696082-1A","CGTTTTGTATCATATTATTAGATATAGTTATTTTATTATTATTTTCTACATTATTATTCAATATATTACATCCTGTTATGGAATTATTGTTAAAATATAAATTATTCGAATTGTTATTATTAAATTCTAATCCACTAACTGCTGTTGTATATAATGATGATGAGTTATTATTATAGAAATC","Pf3D7_14_v3-2695837-2696082-1A.2","28+16N53A",272,0.333333333333333,2
"IM-23-122-KXSM","8070933923","Maziba","Pf3D7_14_v3-2355614-2355853-1A","ACTTTTCTCGATTCACATTATCCAAACCCATTTAACGAGTATGAAAAATATGACAAACATTATTATGAACTTGAAAATATTTTAAAAAACAAACTTAATGAACATTCCTTAAATTATCAATCTTTGTTAAAAATGAAAAGATTTATAAGTATGAACCATATGGAAAATAATAA","Pf3D7_14_v3-2355614-2355853-1A.3","83+8N157C",481,0.3361285814116,2
"IM-23-122-KXSM","8070933923","Maziba","Pf3D7_08_v3-336421-336651-1A","TAACAACGAACCCATAAATTTACAGAAAAATTTAGATTTAATCATATGGCTAAAAAAGAATATAAAAGAAGGAGAAGCTTTAATTTCTGATATACCCACATCAAGTTTTTTAAGGTGTACTACAAATTATAAATTTGTATTGCATCCACAATATGAAGATAGT","Pf3D7_08_v3-336421-336651-1A.1","51+8N105+8N",565,0.332940483205657,3
"IM-23-122-KXSM","8070933923","Maziba","Pf3D7_11_v3-115913-116184-1A","ACCTCCAGATGTTATAAATATTATATTATCATCATCATTTGGAAGGAAATTCTCCTCTAATGTTTTTAATATTTCATCTATATTTTTAGGTCTCAATTTACTATTGAAAAATTTTGAATACTTCAAAAAATAATCATCATCTTTTACATTACATATATTATCATTATTTTCATTTTGTTTTAGTAGTTCATCTTTTATATTATC","Pf3D7_11_v3-115913-116184-1A.4","7A124+8N",86,0.318518518518519,2
"IM-23-122-KXSM","8070933923","Maziba","Pf3D7_11_v3-115913-116184-1A","ACCTCCAGATGTTATAAATATTATATTATCATCATCATTTGGAAGGAAATTCTCCTCTAATGTTTTTAATATTTCATCTATATTTTTAGGTCTCAATTTACTATTGAAAAATTTTGAATACTTCAAAAAATAATCATCATCTTTTACATTACATATATTATCATTATTTTCATTTTGTTTTAGTAGTTCATCTTTTTTATTATC","Pf3D7_11_v3-115913-116184-1A.1","7A124+8N197T",184,0.681481481481481,2
"IM-23-122-KXSM","8070933923","Maziba","Pf3D7_14_v3-297583-297856-1B","AGGAGGTTTTTCTTATTATATTTTTGAAAATTTCGTTTTTCAAAAGAACCGTAAAATTAATCACATAATTAAGACTTCAAAATATTCGACAGTAGGATTTAATATTGAAAATTCTTATGATAGACTTATGAAAACAATTAAAGAGCATAAATTAAAAAATTATATAAAAGAATCAGTAAAACTTTTTAATAAAGGTTTAACCAAAAA","Pf3D7_14_v3-297583-297856-1B.1","153+8N",294,1,1
"IM-23-122-KXSM","8070933923","Maziba","Pf3D7_12_v3-659881-660127-1A","GGTGGTTTAACATTTTGAGCTATGAGTTTTTCGAATGATGGCAATCCTACTTTGATTAATTCCTTTAACATAGATTTTGCGTGGTTTTTTACTTCTGATTTGATATCAAAGCTTGATTCTAAAAAGGTTGGTGAATTTTTTTGTAAAACACTGACAAGTTCATTTGATATGGTCTCTGCTAAATCATCACCA","Pf3D7_12_v3-659881-660127-1A.30","17G23T27T83+9N135+9N",454,0.321757618710135,3
"IM-23-122-KXSM","8070933923","Maziba","Pf3D7_13_v3-1265494-1265726-1A","TGTCATATACAGATTATAAAAATGATCATAGAATAAGCGAAATTTTAAATCGTTGTATTTTACGATTAAACGAGTTTGATCTAATTCATTTATCTTCTTTGGTCATATCTTTAAGTAAAATGAATTTTAGGAGTGTGTATTTTCAGGAACAAGTACAAAAGAAATT","Pf3D7_13_v3-1265494-1265726-1A.2","44T145A",2453,1,1
"IM-23-122-KXSM","8070933923","Maziba","Pf3D7_02_v3-628941-629172-1A","ACTTTTTTTAGATTTTTCTTGATCGTTTTCATCATTTTTTATTTCCTGTTCATCTGAGGTTTTCTTTTGTAAACGCTTAGTGCGTTCCTTTTGACCTTTTAATTTTTTTTTAAATATATTTTTAACTTGATCAATGAAGAAAGCATAATCTTGTATGACAGAAAATCT","Pf3D7_02_v3-628941-629172-1A.3","2+9N34+8N102+11N",922,0.679439941046426,2
"IM-23-122-KXSM","8070933923","Maziba","Pf3D7_03_v3-653961-654206-1A","CTCGTACAATATTTTTATAATTTCCTTTCATCTTATTTTTTTCTTTATATTTTTTTTTTTCATATGTAAGATTTATATAATCACTTTCGCTTTTTCTAACCCTTTTGAACTTTTTAAATGTACTTCGTTCATTATTTCTAATTCTCGTAAACACAAGAATAAATATTTTGATATATCTTATA","Pf3D7_03_v3-653961-654206-1A.2","35+9N49+13N",610,0.954616588419405,2
"IM-23-122-KXSM","8070933923","Maziba","Pf3D7_02_v3-291770-292017-1A","TAATATCATAAGGTTTGAATATTTTCCTCTCAGGTATTATACCAACAGAAGGTTTATCATCATCTTTAAAACCTGCTCTATCTTTAACCCAATGATTAGGATTTTTTAAACATAAAGCTGGATTCTTTAATAAATCTTTCATATGTTCCATATTATTTTCTTCATTTATATATGATTCTAC","Pf3D7_02_v3-291770-292017-1A.3","92A101+8N",581,0.698317307692308,2
"IM-23-122-KXSM","8070933923","Maziba","Pf3D7_13_v3-1146764-1147010-1A","AAATTTTCTCCTAAAGTTATGCCTTTGTTAATGAAGGAGAAGAACGTGAAACATAAAGCACCTCCTAAAGGTACTATAAAGCATACGCTAGAATATTTAAAAAGAGCAGGAGAATCAAGAATGAAAGAAAATGAATTATACAAATCAAAAAAAGATAGCACACTTAGTTCAATTGCAATTAGAAAAAATTCC","Pf3D7_13_v3-1146764-1147010-1A.1","64C110G146+9N182+8N",2033,1,1
"IM-23-122-KXSM","8070933923","Maziba","Pf3D7_14_v3-407306-407542-1A","CTTTCTTTCGTCTTTCTGTTCATTATCCATATAATCTTTTTCTACTACCTTTTCATTCTTTACTTTATTTCTATTAATACACAACTCTCCTTGAGTTAAGAGATTTACGATATTATCAATATTGTTTTCTTTCATATACTTCAACTTTTTACTATTCATTTTTAAAAGA","Pf3D7_14_v3-407306-407542-1A.5","44A47A",1054,0.673482428115016,2
"IM-23-122-KXSM","8070933923","Maziba","Pf3D7_11_v3-1295371-1295597-1A","AAGTAACATCAAATAATGAAGTTGTAGTTAAAGAAGAATATAAAGATGAATATGCAGATATTCCTGAACATAAACCAACTTATGATAAAATGAAAATTATAATTGCATCATCAGCTGCTGTCGCTGTATTAGCAACTATTTTAATGGTTTATCTTTATAAAAGAA","Pf3D7_11_v3-1295371-1295597-1A.1",".",1842,1,1
"IM-23-122-KXSM","8070933923","Maziba","Pf3D7_02_v3-290580-290821-1A","TTATTATAAGGATTATAATTATTATCATTCTTATTATATGGATTAATATAATTTCCATCATAATCATTACTGTTTTTATCATATTGTGGATAATTATTTCTATTTCTATTTTGATTAAAATCCGATTGTCTATATCTAACTCTAATATCTGTAGATGCTAAATCATTAGGTAATGGG","Pf3D7_02_v3-290580-290821-1A.2","12+26N56C62A",661,0.655753968253968,2
"IM-23-122-KXSM","8070933923","Maziba","Pf3D7_11_v3-1374917-1375148-1A","TTTTTAAATGAAAATCTCCAAAGCTTCTGGTTGGTTGTAATCTACCTTTAACATAACAATTATCATAATGATGTGATAAGAGATGAAAAGGTGTTTTACATAATTCATATGTATTATTATTATTAACAGTTTTATAATCTCGAGTACATATTTTACATACTAATATA","Pf3D7_11_v3-1374917-1375148-1A.1","112+14N",487,0.358351729212656,2
"IM-23-122-KXSM","8070933923","Maziba","Pf3D7_14_v3-2260533-2260765-1A","AATAACCATCAAATACAAACTCAACCAACAAATACAGTACAATATATTCAACCAAATTATGAACAAGTCATAACACAAGTAGATCAAAATCGTAATCTATTCAATCAACAGCTTGTAGGAAGTACAGTAATGCAAAATATGACACCACAAGGTGTAAACACGTTAAATTATCCTGCAACG","Pf3D7_14_v3-2260533-2260765-1A.2",".",1154,0.336541265675124,2
"IM-23-122-MADZ","8039832717","Maziba","Pf3D7_08_v3-1314717-1314986-1A","ATAAAAAAGAAAAAATTATTGTCAAAAGTTTTCATAGATATATATATGATGGTATTAGAAGATTTTAAAGAAGAAGAATGTAAAAAAAATAAAGAAATATTTCTTGATACTTATATAGATGAACTAAAAAAAGATTCACAAAGTGAAAAAAATAAAAGCATGTTAAATATATTAGATGAAATAAAAAGTGATATTCATATAGGATATC","Pf3D7_08_v3-1314717-1314986-1A.1","2+15N87A125+9N138A145+9N",219,1,1
"IM-23-122-MADZ","8039832717","Maziba","Pf3D7_08_v3-1365709-1365954-1B","ATTTTCATCTTGTAATGTGTTTTTAACATTATAGCAGTAATTTTCTAGGTTGTTTCTTGCTTCAATTCTATTTTTATTTTGTTCATCCTCTTCTTTATATTTTTCTGCATCATTTACCATACGATCGATATCATCTTTTGATAATCTTCCTTTATCATTTGTAATAGTAATTTGGTTTTGT","Pf3D7_08_v3-1365709-1365954-1B.1",".",385,1,1
"IM-23-122-MADZ","8039832717","Maziba","Pf3D7_06_v3-1140900-1141174-1A","CTTCCATGTGAGCTTCAAAATCGTCTGAAGGTCGACTAGACATGAAAAATTCAGATTGAGGTAAATCATCAAATGGATGATTTCTATATGATATTCTAGGTATTAATCCTAAGATATTATTTATGCTATTACATTGAGAATTTCCTTCATTGGTTGTGGTACTTATATCCACATTTTGGTGATCATCAGGATATAATGTATTTTCTTTAGAACTT","Pf3D7_06_v3-1140900-1141174-1A.2",".",307,1,1
"IM-23-122-MADZ","8039832717","Maziba","Pf3D7_06_v3-1192628-1192867-1A","GATTATATATTTCTATATTTTAATAAGAATGCGTTACACAAACATGATGCCTCTAATGAAATGTGTTTTGTGAAAAACGAAGATTCTACACGCACAAAAGGACATATGAATGATGAACAAAATGATTTATATAAAATAAATAATAATACAACATATTTTTTTAACAAAAACCACT","Pf3D7_06_v3-1192628-1192867-1A.1","30T155+9N",978,1,1
"IM-23-122-MADZ","8039832717","Maziba","Pf3D7_08_v3-1365750-1365999-2","TTTCTAGGTTGTTTCTTGCTTCAATTCTATTTTTATTTTGTTCATCCTCTTCTTTATATTTTTCTGCATCATTTACCATACGATCGATATCATCTTTTGATAATCTTCCTTTATCATTTGTAATAGTAATTTGGTTTTGTTTACCAGTACCTTTATCTAATGCTGTTACATTTAGGATACCATT","Pf3D7_08_v3-1365750-1365999-2.1",".",585,1,1
"IM-23-122-MADZ","8039832717","Maziba","Pf3D7_04_v3-748585-748822-2","TTAATAAAAAAAATATATTTTACTAGAATAAATAGTACATATGAATGTGATGTATTTTTTCCAGAAATAAATGAAAATGAGTATCAAATTATTTCTGTTAGCGATGTATATACTAGTAACAATACAACATTGGATTTTATCATTTATAAGAAAACGAATAATAAAATGTT","Pf3D7_04_v3-748585-748822-2.1","5+10N54+8N",305,1,1
"IM-23-122-MADZ","8039832717","Maziba","Pf3D7_13_v3-815862-816091-1A","ATGATGTAGATGCTAACACAACATCCTGGTCAGTATCTTGTGATAAATAATTTAATTTATCCGCTAAAAAATAAAGTATAATTTCACAGCTTTTTTTATTTGTATCTGTGTTTTTCATGTTATCATAAAAAGACAAAGATGAAGTAGCACATGAGTTAATTA","Pf3D7_13_v3-815862-816091-1A.3","17C19C20A59A65+8N90+9N",494,1,1
"IM-23-122-MADZ","8039832717","Maziba","Pf3D7_13_v3-748254-748510-1B","ATACCAAAAAAAATAAAATAAAATGAAATAATAAATAAATAAATATACATATATTTACATATATATATATATAATTACACATATTTTTGATTGAGGACAAATTACATGTCGTGTAGTTCGTCTTCCTTGTGCGTTTCAATCACACAATCCGATTTAGGATAACATGTACACAAAAGAATATATTTTTTCTT","Pf3D7_13_v3-748254-748510-1B.1","5+10N39+33N180+8N",344,1,1
"IM-23-122-MADZ","8039832717","Maziba","Pf3D7_06_v3-1282656-1282930-1A","AAGATATGGAAGAAATATGATAAAGAAAACAATAAATATATATTGTCTCATTTTATTCCCCAATTTATTGAAGACTTAAATTTGAAGGATGAATTCCGAAATTTATTTGATGGATTTGTAAATGATTTGGATATTCTATTATATTCAGAATTTAAAGCATTTTATTTACAAATGAAGCAAAAAGATATAAATGAACTGAAAAATTCTGA","Pf3D7_06_v3-1282656-1282930-1A.4",".",395,1,1
"IM-23-122-MADZ","8039832717","Maziba","Pf3D7_13_v3-156713-156986-1A","TCCTTTTATGTGAACAAATTAAATATTGTAAATGATTTCTTTTTTGAAACACACCATAAAGATACACCTCAAGACAGTCAAAATGAACACAAAACGGATGAACCTAAAATACATAATGTTTTCAAAAAAAAAAATAACGATATCTTTGTTAATATTCCTCTACCAAAAATATTTAAAAATTTCTTACATTCCATATATTTTAGAACTCC","Pf3D7_13_v3-156713-156986-1A.3","39+8N50C68C123+13N",377,1,1
"IM-23-122-MADZ","8039832717","Maziba","Pf3D7_11_v3-119432-119705-1A","CTCCTTTATATTCATCAAGAAATTTCATCCAAGAGTAATTATGTTTTTCTTGTTGATATTTTGCTTTATACAAACGAGCAAGATACTTTTTATACGATTCATGCTCTTTAATTTTCTTTTCAAAAGTTTTGGTTATAATGTGTTGAAGTGATTGTAAAGTATTTTTCTTTAATTTTCTCCATATTAATCTACATGCGATTATAAGAA","Pf3D7_11_v3-119432-119705-1A.3","145G",402,1,1
"IM-23-122-MADZ","8039832717","Maziba","Pf3D7_08_v3-1344618-1344845-1A","TATCTTTTCCATATATAATAACGCATGAATTCTTTAAATATATCTTTTACTTTATCTGTAAGTTTCATGGAATCTATTATTTCATGTGCATATTTTATTTTTGCCTCGTTTATATATTTACCTGCTTCTAATTTACATAAACATTTTTCTATTAAGTTTTG","Pf3D7_08_v3-1344618-1344845-1A.1","128C",927,0.997847147470398,2
"IM-23-122-MADZ","8039832717","Maziba","Pf3D7_13_v3-1233093-1233332-1A","TCTATATGATCCTTATTTTTATCTTCATCACATTTATAATTTACATAATTTTCGACGTCATCATTTTCATTATTACTCATAATTGAATTATCCACAATGTTTGCCTCTTTTACAGCTTTACAAAGTTGGTAAAAAATATGATAATTCCTTTCACCTTCTTGTTGATCACACACCCGAACC","Pf3D7_13_v3-1233093-1233332-1A.1","130+8N",846,1,1
"IM-23-122-MADZ","8039832717","Maziba","Pf3D7_13_v3-388138-388408-1A","ATATATCTTTATTCATATGTTCTATATATTGTCTTTGTCTCTTTTCCTTTCTCATATCAGATATTATTGAATAATTTCCTTTATCACATACATATCTAGGATTATGTGATAATTCATAAGCTGCTCTTTTTAAAACTCTATTCTTTTCTTTAAAACTATTAAATTTTATATTATTGTTCATATTAGATGTGTTCCTTTTAATAATA","Pf3D7_13_v3-388138-388408-1A.1","194C",654,1,1
"IM-23-122-MADZ","8039832717","Maziba","Pf3D7_06_v3-1135605-1135855-1A","TATAAAGAATTTATACCACCTAAATTGTTAACATTAGAAGTATTATTTGTTTCTGTATTTTCTTGTAACGTATTTGTATTATTAATATTGTTAGATGAAATATTATGACTATTTCTTCTATTTGTTATATTTAAATTGTAAATAGTTTCATTACTAACACTACTGATACCACTGAAATGATTATTTAG","Pf3D7_06_v3-1135605-1135855-1A.2",".",478,1,1
"IM-23-122-MADZ","8039832717","Maziba","Pf3D7_06_v3-1136091-1136364-1A","CATTATTTTTGTATCCAACGTCGTTATTATTAAAACTTATTATTTGATTAATAACTGACGAACCACATATATTTACACAATGGAATACATAACTTAAGAAAGAGTAGTAATTGCATTTTACTTTTTGCATTTTCCCTCTGGTGGAGAAATAATTATTATGCTGCTTATTACTTTTTGTATTATGATAATTTTTGGTAATCATTTTTTTT","Pf3D7_06_v3-1136091-1136364-1A.2","201+9N",480,1,1
"IM-23-122-MADZ","8039832717","Maziba","Pf3D7_13_v3-1465901-1466157-1A","CATAAAGGGTCCGATAACATTTTTTACATTTTCCCATGCAGAATCAGCATACAAGTTACATATACCATCTGATGGATGACAACCTACAAGAAATCTGTTGAAAGCTACATTAATACCTTGTCCAATACCAAAAACAGCTATTTTAACACCACGATCACTTAATTTTCTTGATTCTTTTAATGAATCTTGAATACTAT","Pf3D7_13_v3-1465901-1466157-1A.33","19+8N62A",1,0.00128040973111396,2
"IM-23-122-MADZ","8039832717","Maziba","Pf3D7_06_v3-1128558-1128797-1A","ATTGAATCGTTGGTGTTTATTTTATTATTCCTCTTTTGTTTTTCAATGAATACAAATGTTTCATCGACACTATCTTTATGATCTATTGGTATGGCATGATTTTCTAAATTGCTATTTCTTTCATTAGAATTGTATTTTTCACTATTATAGGTTGAGGTTTTACTACATTTTATATTTTT","Pf3D7_06_v3-1128558-1128797-1A.1",".",592,1,1
"IM-23-122-MADZ","8039832717","Maziba","Pf3D7_13_v3-146695-146934-1A","AAAGTATTTGTAATAGATTAAACGATGAACTAAATGAAGAAATATGTGGTTATCAAATTAGGTTTGAAAAATCGTATTTTTTAAAACATAGTAAAATTAAAGTTATGACAGAAGGAATTTTATTGAAAGAAATTATGAGTGATTTTATTTTATCAAAATATAGTGTTATTATTCTTGA","Pf3D7_13_v3-146695-146934-1A.4","76+8N",1546,1,1
"IM-23-122-MADZ","8039832717","Maziba","Pf3D7_06_v3-1197245-1197515-1A","CATTAGGAAAAACAACAGAGCCTTCTTCCATACCATAAATACATAAATCATTTCCACTAATCTTTTCTAAATATTGCACAAAAGAATCAATATCATTATAAGATGACATCTTCTTTCTTATAAAATCTAATTGAGCTTTGGTAAATCGAAAACAATTAATATATTTTATTACTTCATATACACCAGCTAATATAGCAAATTGAC","Pf3D7_06_v3-1197245-1197515-1A.1","20G",749,1,1
"IM-23-122-MADZ","8039832717","Maziba","Pf3D7_09_v3-82006-82236-1A","TTTATCATCTTTAGGCCATAACCAGAGTACAAGCAATCCAACTATAACAATTGTAATTAACATTATAAATACTGTAATACCATAAACACTACCAGAAGCGATCAGAAATGCACTAAAAGTATAACAATATTTACATGGAATAAGAGTAGCGATAAAACTAAAAATAGC","Pf3D7_09_v3-82006-82236-1A.16","95G128T132T135A137G",14,0.00945945945945946,2
"IM-23-122-MADZ","8039832717","Maziba","Pf3D7_08_v3-1344618-1344845-1A","TATCTTTTCCATATATAATAACGCATGAATTCTTTAAATATATCTTTTACTTTATCTGTAAGTTTCATGGAATCTATTATTTCATGTGCATATTTTATTTTTGCCTCGTTTATATATTTACCTGCTTTTAATTTACATAAACATTTTTCTATTAAGTTTTG","Pf3D7_08_v3-1344618-1344845-1A.6",".",2,0.00215285252960172,2
"IM-23-122-MADZ","8039832717","Maziba","Pf3D7_06_v3-1115900-1116168-1A","ATTTTTTAATAAAGCAGTACCATCTATATCTCTTCCTTTTTTTAAAACACATAAAGTTTCATCAAAATTGCTTGTGCTATTTTTATCAGGTTCAGGAAAATATTGTTTATTTGTAGAATATCCATTCTGATTACAAGTTATAATATTATTAATATTTATAAATTTTTTTTTTGTTTTTAAATCACCAAATTGATTATCGTTAT","Pf3D7_06_v3-1115900-1116168-1A.1","1+8N36+9N162+12N",374,0.997333333333333,2
"IM-23-122-MADZ","8039832717","Maziba","Pf3D7_13_v3-1465616-1465890-1A","TCTTGTGGATTATTATCTATTATATTTTCTTCTGGTTTTTGGACAGAAGAATTATCTCCTCTTGGTCTAGGTTGATCATCTTCGGGTTCATCTGGAACATCTAATGGTTCCCGTTTTGGAGGACATCTTTCTTCTTCACATTGTTCTTGTAATTCACTTGTACATCCTTCGTGTAAGATTTCTCTTTTTCTTGACCTGGTACCTTTACCACAAGTTACACTACATGGAGA","Pf3D7_13_v3-1465616-1465890-1A.231","30T32C41G47A49G121G",1,0.00128700128700129,2
"IM-23-122-MADZ","8039832717","Maziba","Pf3D7_13_v3-1465616-1465890-1A","TCTTGTGGATTATTATCTATTATATTTTCTTCTGGTTTTTCGACAACAAAATTATCTCCTCTTGGTCTAGGTTGATCATCTTCGGGTTCATGTGGAACATCTAATGGTTCCCGTTTTGGAGGACATCTTTCTTCTTCACATTGTTCTTGTAATTCACTTGTACATCCTTCGTGTAAGATTTCTCTTTTTCTTGACCTGGTACCTTTACCACAAGTTACACTACATGGAGA","Pf3D7_13_v3-1465616-1465890-1A.1","30T32C46A92G121G",776,0.998712998712999,2
"IM-23-122-MADZ","8039832717","Maziba","Pf3D7_08_v3-336421-336651-1A","TAACAACGAACCCATAAATTTACAGAAAAATTTAGATTTAATCATATGGCTAAAAAAGAATATAAAAGAAGGAGAAGCTTTAATTTCTGATATACCCACATCAAGTTTTTTAAGGTGTACTACAAATTATAAATTTGTATTGCATCCACAATATGAAGATAGT","Pf3D7_08_v3-336421-336651-1A.1","51+8N105+8N",901,0.99448123620309,2
"IM-23-122-MADZ","8039832717","Maziba","Pf3D7_08_v3-1366575-1366822-2","TTTAGCTTTTTCACATTGTGTTCTTAATCTTCTTAATGATTTTGAATTTTTGGAAACATCTTTACCTCCATTTTTTTTTTTAAAATCTTGTACACAGAAGTTTACTAATTTATTATCAAAATCTTCTCCTCCTAAATGTGTATCTCCTGAGGTAGCTTTAACTTCAAAAATTCCATCTTCAAGTGTTAATAAGG","Pf3D7_08_v3-1366575-1366822-2.1","70+13N",803,1,1
"IM-23-122-MADZ","8039832717","Maziba","Pf3D7_13_v3-1146764-1147010-1A","AAATTTTCTCCTAAAGTTATGCCTTTGTTAATGAAGGAGAAGAACGTGAAACATAAAGCACCTCCTAAAGGTACTATAAAGCATACGCTAGAATATTTAAAAAGAACAGCAGAATCAAGAATGAAAGAAAATGAATTATACAAATCAAAAAAAGATAGCACACTTAGTTCAATTGCAATTAGAAAAAATTCC","Pf3D7_13_v3-1146764-1147010-1A.22","64C106A146+9N182+8N",1056,1,1
"IM-23-122-MADZ","8039832717","Maziba","Pf3D7_08_v3-412801-413062-1A","ATGAAGAAATATACGAATATATACTTATAAACGATATTTTTAATTTAAAAAAAGAAATAAAAAATTTCAATATATTAAATAAATATGATGTATTTGAATATATTATTATTATTTTAAAATTGTATGATAAAATATATCCTGATGCAGAGTACATCGAATGTGTACGAGAAACATCACAGAATGGTGACCTTTTA","Pf3D7_08_v3-412801-413062-1A.4","46+9N58+8N101+13N147G188C190T",146,1,1
"IM-23-122-MADZ","8039832717","Maziba","Pf3D7_05_v3-961511-961758-1B","CTGCAGAAGATTATACTGTATTTAATAATAATGGAGAAATATTATTAGATGATATTAATATATGTGATTATAACTTAAGAGATCTTAGAAACTTATTTTCAATAGTTAGTCAAGAACCCATGTTATTTAATATGTCCATATATGAAAATATCAAATTTGGAAGAGAAGATGCAACATTGGAAGAT","Pf3D7_05_v3-961511-961758-1B.1",".",597,1,1
"IM-23-122-MADZ","8039832717","Maziba","Pf3D7_13_v3-1465901-1466157-1A","CATAAAGGGTCCGATAACATTTTTTACATTTTCCCATGTAGAATCAGCATACAAGTTACATTTACCATCTGATGGATGACAACCTACAAGAAATCTGTTGAAAGCTACATTAATACCTTGTCCAATACCAAAAACAGCTATTTTAACACCACGATCACTTAATTTTCTTGATTCTTTTAATGAATCTTGAATACTAT","Pf3D7_13_v3-1465901-1466157-1A.6","19+8N39T",780,0.998719590268886,2
"IM-23-122-MADZ","8039832717","Maziba","Pf3D7_11_v3-115913-116184-1A","ACCTCCAGATGTTATAAATATTATATTATCATCATCATTTGGAAGGAAATTCTCCTCTAATGTTTTTAATATTTCATCTATATTTTTAGGTCTCAATTTACTATTGAAAAATTTTGAATACTTCAAAAAATAATCATCATCTTTTACATTACATATATTATCATTATTTTCATTTTGTTTTAGTAGTTCATCTTTTATATTATC","Pf3D7_11_v3-115913-116184-1A.4","7A124+8N",209,1,1
"IM-23-122-MADZ","8039832717","Maziba","Pf3D7_08_v3-1375205-1375450-2","ACAAAAGTACGGAGGCAAAAACGGCAGCGGATAATACTTTATTTTTTGAGAAGGAAACCATTTTTATTAAATAACTATATAAATAGAAAAAGAAATAATAACAAAAATGTATAAATATAATTGTATAATATATGATATATATAAAATATAGAATACTAATTTTTTGCATATACAAAAAA","Pf3D7_08_v3-1375205-1375450-2.1","41+8N159+8N173+7N",184,1,1
"IM-23-122-MADZ","8039832717","Maziba","Pf3D7_08_v3-1056678-1056903-1A","GTGTTAACGATAATTATAATGCAATAAGCACAACTAATTTTTCAGATGACATGGATGAATTGATAAAGAATCTTTCTATTATGGGTTTGTGTAAAGAGAAAATAGTGTTAACAGAAAAGGCAACACTATTTAATAACATTGAATTGTTGTATTCATATTATCTTATAGTTCAGA","Pf3D7_08_v3-1056678-1056903-1A.1",".",2159,1,1
"IM-23-122-MADZ","8039832717","Maziba","Pf3D7_04_v3-900526-900759-1A","TTAACAACTTATCATCATTTATTAGATTCTTTTCATGGAACAGATTATTAACAGTATCCATAATTTTATGATCATCCGTGTTATATGTATCTATACAAGTATTTAGCTTGCTTATATAATTTACATATTTCAACGGATCATTTTGAAGTATGCAATCATCGAATGAATA","Pf3D7_04_v3-900526-900759-1A.1","106G",1069,1,1
"IM-23-122-MADZ","8039832717","Maziba","Pf3D7_08_v3-1176313-1176549-1A","TACATCCAATGAATATTTTACACTTAAAAGAAATAAACAAATTATTCATAATAAAATACATATACTCTCTATGCAAAAAAATAAACAAAATACAAACGAGCTAAACAAATCATGTAATATTAACGCCATCATATTTAATATTAATTCTGATGATTTTGAGGTAGGCGATGAAATTGT","Pf3D7_08_v3-1176313-1176549-1A.4","67C74+9N",1104,1,1
"IM-23-122-MADZ","8039832717","Maziba","Pf3D7_08_v3-1386795-1387043-1B","TCCTTTGTCGCAGCATGCCTTTCATTAGCTGCTATAGCTTGTGTTATCTTAACTTCATTATAAAAAAAATATACTTCGATAAAAGGTACATATACCATGCTGGTCAATGATATTAGCATGCGACATTCTAATATATCCATTATGAACAAGGTGAACAAGAATATTGGGATTATTGAAATTGTCTGCATTA","Pf3D7_08_v3-1386795-1387043-1B.1","61+10N",366,1,1
"IM-23-122-MADZ","8039832717","Maziba","Pf3D7_13_v3-2840462-2840736-1B","AATAAACACATATGTTTATTAATAAAATTGTTAGTTATTTTTATGTATACATAATAAATTAAAGATACTAAAACAATATTTTTAAATGTAAATAAATGAATAATGATATTATTTATATGATTCATCATTCTATATTTACATGGAAGATTAAAAAATTATATATATATATATGGTAATTTCTGTGTTTATGTTTTTATTTTTATAATA","Pf3D7_13_v3-2840462-2840736-1B.2","149+23N",8,1,1
"IM-23-122-MADZ","8039832717","Maziba","Pf3D7_05_v3-395887-396136-1A","TCTAAGGATTGTTGGTTTTTTAGGATGCTCATCTTTTTAAGATAATCCTCTTTACTGTCGTTATTATTTAAATCGTTTTGTATAATATTATATTGTGAATTCCTTGTGTTTTTCATAACACTATTAGTCCTATTGGTGTTCTTCTTATTATTATTATTATTATTGTTCTTCTTCTTAATAAA","Pf3D7_05_v3-395887-396136-1A.5","15+8N119C145+20N",318,1,1
"IM-23-122-MADZ","8039832717","Maziba","Pf3D7_13_v3-1265494-1265726-1A","TGTCATATACAGATTATAAAAATGATCATAGAATAAGCGAAATTTTAAATCGTTGTATTTTACGATTAAACGAGTTTGATCTAATTCATTTATCTTCTTTGGTCATATCTTTAAGTAAAATGAATTTTAGGAGTGTGTATTTTATGGAACAAGTACAAAAGAAATT","Pf3D7_13_v3-1265494-1265726-1A.4","44T144A",4,0.00221729490022173,2
"IM-23-122-MADZ","8039832717","Maziba","Pf3D7_08_v3-399693-399961-1A","CTTTTCTTCACCTTGGTTTATTACATTATTATTTTCATCATTGTGTTGAATGTCCTTATAAATATGTTCATTAATAATATCTTTGGAAGTATCTTCCATATTTTCTTCTTTATCAATTTTAAATACTTTTTCATAACTTTCATTTTCTTTTTTCTCCTTGGATGTTTCTAATTTATTCTCGTCATTTTTATCAAAATTATTTTTATAACTTTCA","Pf3D7_08_v3-399693-399961-1A.1","147+8N",93,1,1
"IM-23-122-MADZ","8039832717","Maziba","Pf3D7_13_v3-1265494-1265726-1A","TGTCATATACAGATTATAAAAATGATCATAGAATAAGCGAAATTTTAAATCGTTGTATTTTACGATTAAACGAGTTTGATCTAATTCATTTATCTTCTTTGGTCATATCTTTAAGTAAAATGAATTTTAGGAGTGTGTATTTTCAGGAACAAGTACAAAAGAAATT","Pf3D7_13_v3-1265494-1265726-1A.2","44T145A",1800,0.997782705099778,2
"IM-23-122-MADZ","8039832717","Maziba","Pf3D7_09_v3-82006-82236-1A","TTTATCATCTTTAGGCCATAACCAGAGTACAAGCAATCCAACTATAACAATTGTAATTAACATTATAAATACTGTAATACCATAAACACTACCAGAAGCGATCAGAAATGCACTAAAAATATAACAACATTCACTTAGAATAAGAGTAGCGATAAAACTAAAAATAGC","Pf3D7_09_v3-82006-82236-1A.11","95G119A",1466,0.990540540540541,2
"IM-23-122-MADZ","8039832717","Maziba","Pf3D7_08_v3-336421-336651-1A","TAACAACGAACCCATAAATTTACAGAAAAATTTAGATTTAATCATATGGCTAAAAAAGAATATAAAAGAAGGAGAAGCTTTAATTTCTGATATACCTACATCAAGTTTTTTAAGGTGTACTACAAATTATAAATTTGTATTGCATCCCCAATATGAAGATAGT","Pf3D7_08_v3-336421-336651-1A.3","51+8N97T105+8N148C",5,0.00551876379690949,2
"IM-23-122-MADZ","8039832717","Maziba","Pf3D7_13_v3-1724895-1725166-1B","CGCCATTTTCTCCTCCTGTAATTATATAAGAATCTGACAATGTGGCAGCTCCAAAATTCATTTTTTTCTCTGGTACACCATTTAGAAATTGCCATCTTTTATTAAATGGTTGATATTGTTCAACGGAATCTAATATGTTATGTTCATTATCAATACCTCCAACAACATATATTTGATTAAGGTAATTAAAAGCTGCTCCTGAACTTCTAG","Pf3D7_13_v3-1724895-1725166-1B.1","60+9N",294,1,1
"IM-23-122-MADZ","8039832717","Maziba","Pf3D7_08_v3-1370814-1371045-2","TGTTGCAATATATTACTAAAAAATAGAATTATTATGTTATTTTGATCATATGGGAATACATTTAAATATTTATATTCTGATGAATATTCTTATAAAAAAAAAAGGGGGGGGGGAAATAATACGTTCATGATTTATTTATATTTCAATATATTTTCTATTTTGCGA","Pf3D7_08_v3-1370814-1371045-2.2","17+8N93+21N",294,1,1
"IM-23-122-MADZ","8039832717","Maziba","Pf3D7_05_v3-550803-551072-1A","ATATAATACACCTTTCTTATTTATATTAATCTTTTCATTTTTACAAGAAATCACCTCCCTACTTATTCGGTTGTCCTCATTTTCATATTTCATAACACCATCATTTATTTTTTCTATTTCTTTAATATTATTTTCTCCTTGGACGTAATTATGCTTTCCTATCATCTCCTTTGCTCTACTTCCTATATATACTAATTTCTCTCTGAA","Pf3D7_05_v3-550803-551072-1A.1","107+8N",248,1,1
"IM-23-122-MADZ","8039832717","Maziba","Pf3D7_06_v3-1115900-1116168-1A","ATTTTTTAATAAAGCAGTACCATCTATATCTCTTCCTTTTTTTAAAACACATAAAGTTTCATCAAAATTGCTTGTGCTATTTTTATCAGGTTCAGGAAAATATTGTTTATTTGTAGAATATCCATTCTGATTACAAGTTATAATATTATTAATATTTATAAATTTTTTGTTTGTTTTTAAATCACCAAATTGATTATCGTTAT","Pf3D7_06_v3-1115900-1116168-1A.3","1+8N36+9N162+12N",1,0.00266666666666667,2
"IM-23-122-MADZ","8039832717","Maziba","Pf3D7_13_v3-156456-156685-1A","ATTATATGATATTTATATAAAATTAGAAAATCTAATTTTAGAAAAAATAACTGAAAGTATATACAATAGTACACCTCCATATAGAGTTATTATGTTCGAATTAATGACCAGATTATTTCGATTTTATACAAAACCAATAGACCTTATTATTACTATGAATACAC","Pf3D7_13_v3-156456-156685-1A.1","41+8N",318,1,1
"IM-23-122-MADZ","8039832717","Maziba","Pf3D7_08_v3-1313088-1313338-1A","TGAGAGACATAGATATATGATAGAAAAATGGAAAAAAGAAGATTGGTTTTGTGATTTAAAAGAAACGTTGAAAAATGAATTTGAAGAACAGATGGATATAGGAAAAGTATCTTTTTTATATGAAAATAATAGAGAGTATGGAAAAAATTTTTATTTGGAAAAGCAAAAAATTATATGGAAAAGATGG","Pf3D7_08_v3-1313088-1313338-1A.1","31+8N111+8N141+8N164+8N",548,1,1
"IM-23-122-MADZ","8039832717","Maziba","Pf3D7_03_v3-221295-221532-2","AAGGAACAAGAAGGATAATACCATTATTAATCCTATTGAACTATTTACGACATTAAACACACTGGAACATTTTTCCATTTTACAAATTTTTTTTTCAATATCATTTGCATAATCTAATTCGTCTTTAGGTTTATTAGCAGAGCCAGGCTTTATTCTAACTTGAATACCATTTCCACAAGTTA","Pf3D7_03_v3-221295-221532-2.7","86+11N",746,0.994666666666667,2
"IM-23-122-MADZ","8039832717","Maziba","Pf3D7_12_v3-2092529-2092798-1B","AGTTGAAGGGGGAGGAATGATCGGAGTTATCAGATTAGAAAATCAAGTGAGAAATCCCCCTGTAATAAAATTGAAGAGTCATACATCTCCCATCCTTGATTTGTCATTTAACCCGTGTTATAGTGAGATATTAGCTTCATGTTCAGAAGATATGTCTATAAGAATATGGGAGATACGTCATGAGGATGAGAATGTGAATGAGGTA","Pf3D7_12_v3-2092529-2092798-1B.1",".",495,1,1
"IM-23-122-MADZ","8039832717","Maziba","Pf3D7_11_v3-1019050-1019319-1A","TCAAAACTTATTGCTACCGTAATACCTAAAGGAGGCATTTTACATAATCTTTTTACACTCGTAAGAATATTATTATAAAAGATTTCTTGATATCTATCATACATATGAATATTATTTAGAGATTTATATATATTATTATTTTGTTCCTATAATAATATATTATTTAAAGACTTATCCATAATTTTTGTACATTTTATATTTTCTATA","Pf3D7_11_v3-1019050-1019319-1A.35","147C",1,1,1
"IM-23-122-MADZ","8039832717","Maziba","Pf3D7_14_v3-921176-921432-1A","ACAATATTAATTTTATAAGTTCATTATTTCAATTTTATATTTAGGAGGATCTATATCCATATATTATTCATTTTAAAAATATTAAAATAAATACATATATAAATATATAAACATATAAAAACAGTCTTTTAAAAATTAATAAGATTTATATAAAATATGGTTATAAATCCTATTTTGTATTATATCAAA","Pf3D7_14_v3-921176-921432-1A.1",".",301,1,1
"IM-23-122-MADZ","8039832717","Maziba","Pf3D7_10_v3-1386657-1386909-1A","CGATTTTGGTAGGGAACAGGTTAAATATATTGAAGACGTGGTTTGATAATCAGGTATTTCTTTAATTAAATATTCATGATATTGTTCGTTAGATACATAAATTAATTCGTCCTCCACATTTTGCTGTTCTGTTATAATTTGTGAAGAAGCTTGGTTTGTTTTATTTGGTAATTGCTCTTTTATGA","Pf3D7_10_v3-1386657-1386909-1A.7","160T",938,1,1
"IM-23-122-MADZ","8039832717","Maziba","Pf3D7_03_v3-221295-221532-2","AAGGAACAAGAAGGATAATACCATTATTAATCCTATTGAACTATTTACGACATTAAACACACTGGAACATTTTTCCATTTTACAAATTTTTTTTTCAATATCATTTTCATAATTTAATTGGTCTTTAGGTTTATTAGCAGAGCCAGGCTTTATTCTAACTTGAATACCATTTCCACAAGTTA","Pf3D7_03_v3-221295-221532-2.13","86+11N107T114T120G",4,0.00533333333333333,2
"IM-23-122-MADZ","8039832717","Maziba","Pf3D7_04_v3-748374-748611-1B","AAACTGGGAAAGCATTCCAAAAAAATTTAAACCTTTAAGCAATAGGATAAATGTTATATTGTCTAGAACCTTAAAAAAAGAAGATTTTGATGAAGATGTTTATATCATTAACAAAGTTGAAGATCTAATAGTTTTACTTGGGAAATTAAATTACTATAAATGTTTTATTTTAG","Pf3D7_04_v3-748374-748611-1B.2","3A18+9N72+9N170T",888,1,1
"IM-23-122-MADZ","8039832717","Maziba","Pf3D7_08_v3-1370603-1370853-1B","AAAAGTAATTAAAAAAAAAAAAAATGAAAATAAAAAAAAACATTACATATTTTTTTATGTATAAAATATTTTAAAGCACTGAGATTATTTATGTTATAAATTAATTGAATGTTTAAAAGATTATAAAATTTTATTTATGAAAATATATGAATATATATAATATAAGCAGGTATTAAATAACCAAATAATAT","Pf3D7_08_v3-1370603-1370853-1B.2","10+32N49+9N",200,1,1
"IM-23-122-MADZ","8039832717","Maziba","Pf3D7_13_v3-1725464-1725719-1B","ATCATAGTTATTACCACCAAAAACGTATAAGAAATTATTCAATACAGCACTTCCAAAATAAGCTTTTTTGGTAGACATAGGTGTACACATACGCCAGCATTGTTGACTAATATCTAATAATTCCATCGAATTTAAATATTCTACACCATCAAATCCACCTATACAAAATACTAATGGGAATGGTAAAAATTTAATACCA","Pf3D7_13_v3-1725464-1725719-1B.1","63+8N",461,1,1
"IM-23-122-MADZ","8039832717","Maziba","Pf3D7_13_v3-935613-935884-1A","CAAAATAATATGAATAGTAATAGTAATAGTTATAATAATTTTAATATAACAGATAGAAGTAAAGAAATAAAAAAAAATTATAAAAGAAACAAAATTTTAATAGTTATTAATAATATTAATACAAATCATATTTTATTATTAAATGAAAGTGTTATAAAAAAAAAAATACTTACATTTTATCTAGATCTTTTTTTTGATGATAATGAACAAAT","Pf3D7_13_v3-935613-935884-1A.1","68+11N155+13N187+10N",422,1,1
"IM-23-122-MADZ","8039832717","Maziba","Pf3D7_13_v3-958247-958510-1B","TTTATATTATCTGTAATATGCACATTTTGTATAATATTATCAATATTTGTAGCATTTTGACCGTATGTTTCATTTTCATCGTATGTTCCATTTATATTGTATGTTCCATTTTCATCGTATGTTCCATTTATATTGTATGTTCCATTTTCATCGTATGTTCCATTTATATTGTATGTTCCATTTTTATCATATGTTATGTCCACAT","Pf3D7_13_v3-958247-958510-1B.1","106C",126,1,1
"IM-23-122-MADZ","8039832717","Maziba","Pf3D7_09_v3-270915-271160-1A","CTTTGTATGTATTATCTGTTGTTTTATCTTCACCTTGATTTCCTGTACTTGTAGATTCAGTAGATGGACCTTCAGAACCTGATAATTCATCACTAGTAGATGCAGCACTTGTACTTTTAGATTGTTCTTTTAATGGTCCCATATATTTGTATAATTCTATTTCTAAATCTTGATCCTTGGTTTTTTCTTCTAA","Pf3D7_09_v3-270915-271160-1A.3","85A180+8N",1047,1,1
"IM-23-122-MADZ","8039832717","Maziba","Pf3D7_11_v3-1127074-1127316-1A","AACATTTTAATATTCCTAATTTCGAAAATATGATGAAAGGAGTTTTTGGAATTATTCAAAATCCTTTTGAAAATGGCCAACCCACTTTCCCATTCTTTAAAAATATTAATTCGATCTCTGGAATCGGTAATGTTGATATCCCCAAAAATTTTATGAATGATTTTTTGAATAATGGAAATGATCAAAACA","Pf3D7_11_v3-1127074-1127316-1A.1","13T160+8N",1117,1,1
"IM-23-122-MADZ","8039832717","Maziba","Pf3D7_13_v3-479569-479811-1A","CTAGAGACGAATTTGATGATAAAAGAAAATTAAAAGAAGAGAAAATTAAACAATGCCAACTATTAAATGAAAAACAACTAGAAGAAAAAGAAAAAGAAAAAAGAATTCTGAGAGAAAAAGCTGTTGAATATACCTTACAAAATGAAGAAGAATATAAACAACTAAAACGAAAATT","Pf3D7_13_v3-479569-479811-1A.1","96+8N",774,1,1
"IM-23-122-MADZ","8039832717","Maziba","Pf3D7_13_v3-1041593-1041860-1AB","CAAGATTGAAGTATTACATATCTCAGAAATTAAATGTATGCCCAAGAGATGTAAATGCACACATTGTAGGTGCTCATGGAAATAAAATGGTTCTTTTAAAAAGATACATTACTGTAGGTGGTATCCCTTTACAAGAATTTATTAATAACAAGTTAATTTCTGATGCTGAATTAGAAGCTATATTTGATAGAACTGTTAATACT","Pf3D7_13_v3-1041593-1041860-1AB.1",".",567,1,1
"IM-23-122-MADZ","8039832717","Maziba","Pf3D7_11_v3-1293919-1294168-1A","TCCATATCAAAAAAGTGATGTGTATCATCCAATCAACGAACATAGGGAACATCCAAAAGAATACCAATATCCATTACACCAGGAACATACATACCAACAAGAAGATTCAGGAGAAGACGAAAATACATTACAACACGCATATCCAATAGACCACGAAGGTGCTGAACCCGCACCACAAGAACAAAATTTAT","Pf3D7_11_v3-1293919-1294168-1A.4","13A27A65C163T",7,0.00887198986058302,2
"IM-23-122-MADZ","8039832717","Maziba","Pf3D7_11_v3-1293919-1294168-1A","TCCATATCAAAATAGTAATGTGTATCATCCAATCAACGAACATAGGGAACATCCAAAAGAATACCAATATCCATTACACCAGGAACATACATACCAACAAGAAGATTCAGGAGAAGACGAAAATACATTACAACACGCATATCCAATAGACCACGAAGGTGCTGAACCCGCACCACAAGAACAAAATTTAT","Pf3D7_11_v3-1293919-1294168-1A.16","17A27A65C163T",782,0.991128010139417,2
"IM-23-122-MADZ","8039832717","Maziba","Pf3D7_11_v3-1294664-1294910-1A","AAAAGATAAATCATTTCAAAACTATACATATTTAAGTAAAAATGTAGTTGATAACTGGGAAAAAGTTTGCCCTAGAAAGAATTTAGAGAATGCAAAATTCGGATTATGGGTCGATGGAAATTGTGAAGATATACCACATGTAAATGAATTTTCAGCAAATGATCTTTTTGAATGTAATAAATTAGTTTTTGAATTG","Pf3D7_11_v3-1294664-1294910-1A.10","9A40A86G152T159A",7,0.00432098765432099,2
"IM-23-122-MADZ","8039832717","Maziba","Pf3D7_08_v3-1366626-1366856-1B","CTTTACCTCCATTTTTTTTTTTAAAATCTTGTACACAGAAGTTTACTAATTTATTATCAAAATCTTCTCCTCCTAAATGTGTATCTCCTGAGGTAGCTTTAACTTCAAAAATTCCATCTTCAAGTGTTAATAAGGAAACATCAAATGTTCCTCCTCCTAAATC","Pf3D7_08_v3-1366626-1366856-1B.1","11+13N",211,1,1
"IM-23-122-MADZ","8039832717","Maziba","Pf3D7_08_v3-1386786-1387035-2","TTGTCTCCTTTGTCGCAGCATGCCTTTCATTAGCTGCTATAGCTTGTGTTATCTTAACTTCATTATAAAAAAAATATACTTCGATAAAAGGTACATATACCATGCTGGTCAATGATATTAGCATGCGACATTCTAATATATCCATTATGAACAAGGTGAACAAGAATATTGGGATTATTGAAATTGT","Pf3D7_08_v3-1386786-1387035-2.1","66+10N",451,1,1
"IM-23-122-MADZ","8039832717","Maziba","Pf3D7_08_v3-102277-102527-1A","TACCTTCATCTATTGAATTAATTTTCTCAAGTAACATATTTTTGTCTTGACTACTTTCATCTGTAAATGGAACGAATACTCTTTGCTTACCTGCAAAAAGGACAATTGACATATGAGCCTTATCCTTACTTACATTCGAATTAAAGACCATAGATTCTAAAAATGGTATAGTTCCTTTTAACCAATAATC","Pf3D7_08_v3-102277-102527-1A.6","76A106T",1,0.000887311446317658,2
"IM-23-122-MADZ","8039832717","Maziba","Pf3D7_08_v3-102277-102527-1A","TACCTTCATCTATTGAATTAATTTTCTCAAGTAACATATTTTTGTCTTGACTACTTTCATCTGTAAATGGAACGACTACTCTTTGCTTACCTGCAAAAAGGACAACTGACATATGAGCCTTATCCTTACTTACATTCGAATTAAAGACCATAGATTCTAAAAATGGTATAGTTCCTTTTAACCAATAATC","Pf3D7_08_v3-102277-102527-1A.4",".",1126,0.999112688553682,2
"IM-23-122-MADZ","8039832717","Maziba","Pf3D7_13_v3-1725379-1725652-2","ATTATTTCTTCTAGGTATATTTAAATTACTTGAAACATACCATACATCTCTTAAACGATCATACACCTCAGTTTCAAATAAAGCCTTATAATCATAGTTATTACCACCAAAAACGTATAAGAAATTATTCAATACAGCACTTCCAAAATAAGCTTTTTTGGTAGACATAGGTGTACACATACGCCAGCATTGTTGACTAATATCTAATAATTCCA","Pf3D7_13_v3-1725379-1725652-2.1","153+8N",365,1,1
"IM-23-122-MADZ","8039832717","Maziba","Pf3D7_13_v3-1725887-1726123-2","AAATAGCTCCACCAACATTAATATCAATCATAGTTTCAGTAGCAATATTTGCATCAACAATTTTTTTTTTATCATTCTCAAAATTTTTATATTCTTGATAATATTTTTCTTTTTCTAAATATAATACTAATTTAATTTTATCGATTTCTTGTAAAAATCTTAATCTTTCTTCATCAA","Pf3D7_13_v3-1725887-1726123-2.1","60+12N",763,1,1
"IM-23-122-MADZ","8039832717","Maziba","Pf3D7_10_v3-992596-992869-1A","GAAAATAATAAAATGCACAGTATCAATTCTGATAGAAATAAAAATGATTATATTCCATCTTCCTATTTACATACAATATATAAAACATTTAGCGAACATATAAACCGAGATAATGGAAATATTTATGATGATGAAAAAAAAAATTTATATGATGGAACTGTTTTTTATATAGAAACATTAAACGAATTAAGAATTATAAATATATTATTTTCA","Pf3D7_10_v3-992596-992869-1A.1","133+12N160+8N",113,1,1
"IM-23-122-MADZ","8039832717","Maziba","Pf3D7_05_v3-641131-641404-1A","GGAATTTTTTTTTTGGTGTTTTATTTTTTCGAAGGATACAGTATAATCTAAGACATTAAAATTATTGGGTTTGAAAAAGAGTTTCCTTTTTATGATGTGCAATAGAGGTATATTTATATAGGAAATATAAACATATAAAAGGAATATGATAAAAAGGAAATATTGACTTAATAAAATATTAATATTTCTTTTTTTAAAATATATTTCGT","Pf3D7_05_v3-641131-641404-1A.3","4+12N23+8N42T188+9N",154,1,1
"IM-23-122-MADZ","8039832717","Maziba","Pf3D7_05_v3-796518-796759-1A","TGGTTCTTCAATTATTCATATAAGTTCTTTATTAGTAGGTGTATATTTATGTAGTAGTAGTGCAAATGCATTTAATCAAATTATTGAAAGAAATATAGATAAGTTAATGAAAAGAACCCAAAAAAGACCCTTAGCAAATAATAATCCAAATATGTCAGTTAAACATGCTGAAATAT","Pf3D7_05_v3-796518-796759-1A.1","14A119+8N",733,1,1
"IM-23-122-MADZ","8039832717","Maziba","Pf3D7_05_v3-958079-958350-1B","TTTTTATATCTGTGTTTGGTGTAATATTAAAGAACATGAATTTAGGTGATGATATTAATCCTATAATATTATCATTAGTATCTATAGGTTTAGTACAATTTATATTATCAATGATATCAAGTTATTGTATGGATGTAATTACATCAAAAATATTAAAAACTTTAAAGCTTGAATATTTAAGAAGTGTTTTTTATCAAGATGGACAATTTC","Pf3D7_05_v3-958079-958350-1B.1","186+8N",174,1,1
"IM-23-122-MADZ","8039832717","Maziba","Pf3D7_12_v3-659881-660127-1A","GGTGGTTTAACATTTTCAGCTACGACTTTTTCGACTGATGGCAATCCTACTTTGATTAATTCCTTTAACATAGATTTTGCGTGTCTTTTTACTTCTGATTTGATATCAAAGCTTGATTCTAAAAAGGTTGGTGAATTTTTTTGTAAAACACTGACAAGTTCATTTGATATGGTCTCTGCTAAATCATCACCA","Pf3D7_12_v3-659881-660127-1A.8","26C27T35C83+9N135+9N",2,0.00261437908496732,2
"IM-23-122-MADZ","8039832717","Maziba","Pf3D7_14_v3-771407-771633-1A","ACCCACGGGACATTTTAATTTATACCTATTGGAACATTTTTTATTAGGTCTTTCTTTATGATTCTTCTTTAAAATAGGTTCATCATTATTTGAGTAAACTAACAGATTATTATCGTTCTCAAAATTATTATAACCATCAATATTTTTATTTCCATATACATCTATAA","Pf3D7_14_v3-771407-771633-1A.1","36+8N",1690,1,1
"IM-23-122-MADZ","8039832717","Maziba","Pf3D7_01_v3-181512-181761-1A","TTCATTATTGTTTTCATTCTTTTTTTAACTAAAACTATTCATCTCAAAAATATAAGATATTTTATATGACGAATGCCATTGTATTTTTTGTTACGTAAAACCTGACTTCTTCAAGGAAAACACATGCGCATTTTCACCAATTTTTGCCTAAGCTTATTATAAAAAGTATATTAAATGTATGAC","Pf3D7_01_v3-181512-181761-1A.1","19+9N30T83+8N",1001,1,1
"IM-23-122-MADZ","8039832717","Maziba","Pf3D7_05_v3-1188456-1188706-1A","CAAAATTTAAATCAATAGCGGTTACGTTCATAATTTTGCCTTCAAAACTAACTTCTGTATGATATATAAATTTATTTTCCTTTACACTAAATACATATATAAAAATGGTACTTAATAATTTATCTTTATCATATTTAAATAATATTAAATCTGTTTTTACATCTGAGTTGTAATCACCGAAAT","Pf3D7_05_v3-1188456-1188706-1A.1",".",1261,1,1
"IM-23-122-MADZ","8039832717","Maziba","Pf3D7_13_v3-1350855-1351093-1A","TCTTTTATATTAGTTGTTTCGTTATTTTCATTATGTTCCATATTTTGGTTATTTGTATATTTTATATTTTTTAAAAATTGGTAAATATATTCCGAGATGAAAGGTGTAAAAGGGGCCATAATTATTGTAAACAAATATAATGTTCTACATAAAACATTTAATGATTGGTGAGT","Pf3D7_13_v3-1350855-1351093-1A.1","66+8N",1039,1,1
"IM-23-122-MADZ","8039832717","Maziba","Pf3D7_13_v3-852647-852921-1A","TACGAAATGATGAATTAAAAGAATTAACATTTATGAAAAATAAAGAAAATAGGAATGCAGATACATATGTTTTTGATTATCCTAAAAAAGAGAAATATGACCAATTAGTTTTTGAATTACGTAAACATAATTTTAATATAACAAGCATGAATACATATAAAAAACTAACAAATGAAACATCATCACAAAAAGAAGAAAATGCTTCTATAATAAGTT","Pf3D7_13_v3-852647-852921-1A.4","83+8N158+8N",280,1,1
"IM-23-122-MADZ","8039832717","Maziba","Pf3D7_13_v3-911757-912005-1A","GAGCCAACAATTTGATTTTCCACAACTTACTGAATCTTTAAAACATTGTGAACAGGTATATGACATTTTTTTATTATCTTTGGCTAGTTCCTTTTGAACACATTCCATAGTACTATCACCTGAACCTAAGTTATCAACAGAACATTTTAATAATATACTAAAAAATTTATTGCTAGGAGAAAGTTGTAAA","Pf3D7_13_v3-911757-912005-1A.5","60A65+9N159+8N",1134,1,1
"IM-23-122-MADZ","8039832717","Maziba","Pf3D7_13_v3-2814583-2814832-2","TCAGTCTTCTAATTCTAGCGATAATGATCCTGCAGTAGTAAGTGGTAGAGAATCTAAAGATGTAAATCTTCATACTTCTGAAAGGATTAAAGAAAATGAAGAAGGTGTGATTAAAACAGATGATAGTTCAAAAAGTATTGAAATTTCTAAAATACCATCTGACCAAAATAATCATAGTGATTTATCACAG","Pf3D7_13_v3-2814583-2814832-2.1","124T",1466,1,1
"IM-23-122-MADZ","8039832717","Maziba","Pf3D7_13_v3-2814606-2814855-1B","TAGCGATAATGATCCTGCAGTAGTAAGTGGTAGAGAATCTAAAGATGTAAATCTTCATACTTCTGAAAGGATTAAAGAAAATGAAGAAGGTGTGATTAAAACAGATGATAGTTCAAAAAGTATTGAAATTTCTAAAATACCATCTGACCAAAATAATCATAGTGATTTATCACAGAATGCAAATGAGGACTCTA","Pf3D7_13_v3-2814606-2814855-1B.1","109T",802,1,1
"IM-23-122-MADZ","8039832717","Maziba","Pf3D7_09_v3-202854-203106-1A","AATATACAAAGAATGTATATGATAAAATATTCTTTGTCCTTTAAAATTTTTTGTTCTTGTACTTTGTTTTTTATAATCTATTAAATTCATATCTGATGAAATATCATATTTATATTCCCCTTTATGAGCATTTACAAAAGTTTCGTTATTTCTTTTATTAATATATGTATTTGAGCACATATATTTAT","Pf3D7_09_v3-202854-203106-1A.2","46+8N66+8N146T",964,1,1
"IM-23-122-MADZ","8039832717","Maziba","Pf3D7_07_v3-404325-404590-1B","GAAACACAAGAAGAAAATTCTATCATATTTAATCTTGTCTTAATTAGTGCCTTAATTGTAAGAAAACAAAATATATAAATAAATAAATATATATATATATATATATATATATATATTGTAATATTTAATATATATTAACACTTAAACTTTGTTTTTATTATATTAATTTATATTCTTTATCATTTTTTTTTTTTTTTTTTCTTTCTTTTTTT","Pf3D7_07_v3-404325-404590-1B.996","71+40N176+19N198I=T198+8N",3,0.428571428571429,3
"IM-23-122-MADZ","8039832717","Maziba","Pf3D7_08_v3-1099719-1099977-1A","AAAAAATAAAAAATCAAACAAGATAAATAATAATGTATATAATACTAGTGGTATAAAAAATAATGATCAAAATATGGATAATATGAATCAAAAAGGAAAAAGTAACAAAAATTCAAATAAATATAATTTTGATGAAGAGGACTTATGGTTTTTATGTGATTTATGTAATAATCCTATAAGTCCGTTATGTTA","Pf3D7_08_v3-1099719-1099977-1A.1","1+14N54+8N97A142C",382,1,1
"IM-23-122-MADZ","8039832717","Maziba","Pf3D7_13_v3-2816310-2816554-1B","CAAATACTTTTCAATATAGGTCTAGTGAAAGTGTGGAAGTAATAACTAATAAACCTGATGAAATGGAAATGACAACTAAACCACCATCACAATACATTGAAAAGGAAATTGGAGAAATTGATTCTACAAAAAATCAAGATAATGATGAACAAAGCAATTCTATAATTCCTTTAATTAATAAAAATAATGAA","Pf3D7_13_v3-2816310-2816554-1B.1","127+8N",827,1,1
"IM-23-122-MADZ","8039832717","Maziba","Pf3D7_05_v3-958372-958608-1B","ATTTATAACAATTTTTACATATGCCAGTTCCTTTTTAGGTTTATATATTTGGTCATTAATAAAAAATGCACGTTTGACTTTATGTATTACTTGCGTTTTTCCGTTAATTTATGTTTGTGGTGTCATATGTAATAAGAAAGTAAAATTAAATAAAAAAACATCTTTGTTATATAATAACAATACC","Pf3D7_05_v3-958372-958608-1B.2","60+8N151+9N",767,1,1
"IM-23-122-MADZ","8039832717","Maziba","Pf3D7_05_v3-958920-959168-1B","AATAATAAATCGAAAACCATTAGTTGAAAATAATGATGATGGAGAAACATTACCAAATATTAAAAAAATTGAATTTAAAAATGTAAGATTTCATTATGATACTAGAAAAGATGTTGAAATTTATAAAGATTTAAGTTTTACTCTAAAAGAAGGGAAAACATATGCATTTGTGGGAGAATCA","Pf3D7_05_v3-958920-959168-1B.1","61+9N",480,1,1
"IM-23-122-MADZ","8039832717","Maziba","Pf3D7_05_v3-960810-961048-1B","TAATACAGGAAGCATTTTATAATATGCATACTGTTATTAATTATGGTTTAGAAGATTATTTCTGTAATTTGATAGAAAAAGCTATTGATTATAAAAATAAAGGACAAAAAAGAAGAATTATTGTAAATGCAGCTTTATGGGGATTCAGTCAAAGCGCTCAATTATTTATTAATAGTTT","Pf3D7_05_v3-960810-961048-1B.1","105+8N",755,1,1
"IM-23-122-MADZ","8039832717","Maziba","Pf3D7_01_v3-194742-194973-1B","TACCTATAAAAATGAAAAAAATAAAGAAGAAGATAAATATGGAAAAAATGAAAAAAATGAAAAATATGACAAATATGACAAATATGAAAAATATGAAAAATATGAAAAATATGATAAATACAAAAAAGATAATAAAAATCAACATGATGATCCACTTTATGATAATATTAATAAAAATTACGATAA","Pf3D7_01_v3-194742-194973-1B.12","14+9N42+17N106I=AAAATATGA112+8N",879,0.989864864864865,2
"IM-23-122-MADZ","8039832717","Maziba","Pf3D7_10_v3-1392371-1392620-1A","TGATGAAAATGATGATTCCCTTATTTCTAATTCTTTAGTACCCGAAACAAGTTACAATCAAGATTACTCTTTATACACTATTAATATTTTGAATGGACTTCCTGATAAAGAAAGTAATATGAAAAATATTGATTTAGAAAAATTTAAAGATACTTCAATACATACAAAGGAAGAGGGACCCATTGTA","Pf3D7_10_v3-1392371-1392620-1A.2","106+9N",580,1,1
"IM-23-122-MADZ","8039832717","Maziba","Pf3D7_13_v3-1725124-1725365-2","TGGAAATTGTTCCCATTTATTCATTTTTTCTTCATATACTTCAATAGAATTTAATCTCTCACCATTAGTTCCACCAATGACATAAATTTTATTATCAAAAGCAACACACATAGCTGATGATCTAGGGGTATTCAAAGGTGCCACCTCTACCCATGCTTTCATACGATGATCATATGCTTCTAC","Pf3D7_13_v3-1725124-1725365-2.1","23+8N",2099,1,1
"IM-23-122-MADZ","8039832717","Maziba","Pf3D7_07_v3-717260-717493-1A","GAGCTTGCTTTTTTGTTGCGTTACTTGCTGGGCTGATCAAAAAAAAAGTTGAATGTATTGAACTTAGTGCCAGCGAAATTTCCCCTCATGAAAACAAATCGACGAGTTCATCAATATTCCAAGAGGAATTAAAATTTGATAAGTCTCTGAAAAATTTTTTCAAACAA","Pf3D7_07_v3-717260-717493-1A.1","8+8N38+11N154+8N",1181,1,1
"IM-23-122-MADZ","8039832717","Maziba","Pf3D7_05_v3-213027-213251-1A","ATGTACTTATCCCCTGATATGATTTTTCCAATATCATCAAAATCAGTAATCTCTAAATCATTTATATGATTTATATGTATAAATTCTTTTATCTTGTTCAAATAATTTCTGTAATAAAATATATTCTCTTTATCATCATCAATTATTTTCATATAATC","Pf3D7_05_v3-213027-213251-1A.4","25T26T",1068,1,1
"IM-23-122-MADZ","8039832717","Maziba","Pf3D7_13_v3-1406713-1406975-1A","TTTCATGTCTTCTTAAATATGTTTTAAATTCATTATTTAATTTTTCATCATATTTAGGTACATTTTTTTTTGGAAATCTAGATGTTTCATTATTATCGTGATTTGATGAATATATATAATGAGTTTGTTTAAAATGTGGTTCATTCAAATTATCTTTTTTCTTATCTTCGTGTATATTTTTATTATAATTTGAATACTTC","Pf3D7_13_v3-1406713-1406975-1A.1","6T62+11N154+8N",419,1,1
"IM-23-122-MADZ","8039832717","Maziba","Pf3D7_13_v3-1419363-1419626-1A","TTTTGAAATCTGTATATTCTTTACCATATTTATCGATATTTATTTTGTTCTTTTTGTTTGAAATATCAACTACATGATTAAAAACATCTCCTAAATTATATAATTTCTTATCTAGGTCTTTTTGAAATGTCGATTCTCCTCCTTGTGCTGGTTTTTGTACTTCTTGTCCTTGTGTTGATATCTCTTGTTCATTTTTAGATTGAG","Pf3D7_13_v3-1419363-1419626-1A.15","16+8N31T37T",209,1,1
"IM-23-122-MADZ","8039832717","Maziba","Pf3D7_04_v3-284121-284364-1A","ATATTGTATATTATCATAAGATTTATATGGAGGACCACATTGAAATCCGACAATTTCATTTGATGCATGTAGTACACATTCCGTATTTCTGTTTGAATTATTTAAAATAATTTTATTACTTAGAAATGATTCTTTTTCACTATAATCTTTATATAAGAAAGGGTCTTCATCAATTTGA","Pf3D7_04_v3-284121-284364-1A.1","157G",1,0.0018450184501845,2
"IM-23-122-MADZ","8039832717","Maziba","Pf3D7_11_v3-1006693-1006917-1A","GTGGGGGAGAGAATTTTACCTTGATACGCTCCCATGTTTTATCCTTTATACAATACACATAAGTGTCATTGGTAATATATGACCCTCTTTTACCTCCGTAAAGAAATAAACAATCTTCTTTTTTTTCAGTGGAGTAAATTAAATTTAATTTTGCAAAATAGCGTGG","Pf3D7_11_v3-1006693-1006917-1A.3","27C58C118+10N",237,0.99163179916318,2
"IM-23-122-MADZ","8039832717","Maziba","Pf3D7_14_v3-1038300-1038538-1A","ATTAATGATTTATACACTTCAACTACACTTTTTAATTTAGCCCATACAATTAATAAAGCTCTACGATAAATTTCTTTTTTATTTGATTTAGAAAAAGGAGAAAACCATTGAAACTTTTTGGCTAGATATTTATGGTCTTTATCAAAAATATATTCTGAAACTTCATCTTCTAGAAGT","Pf3D7_14_v3-1038300-1038538-1A.1","74+8N",745,1,1
"IM-23-122-MADZ","8039832717","Maziba","Pf3D7_12_v3-659881-660127-1A","GGTGGTTTAACATTTTCAGCTATGAGATTTTCGACTGATGGCAATCCTACTTTGATTAATTCCTTTAACATAATTTTTGCGTGTTTTTTTACTTCTGATTTGATATCAAAGCTTGATTCTAAAAAGGTTGGTGAATTTTTTTGTAAAACACTGACAAGTTCATTTGATATGGTCTCTGCTAAATCATCACCA","Pf3D7_12_v3-659881-660127-1A.23","23T35C73A74T83+9N135+9N",763,0.997385620915033,2
"IM-23-122-MADZ","8039832717","Maziba","Pf3D7_09_v3-685560-685825-1A","GAACCAAACAACGACAAAGGAACAAGATAATTTTTTCCATTTTTATAAAAGTAATATATATGATATGGAAAATAGAACATGTAATAATAATATATTACAATATTGTGTTATGAATAATAAATCATATTTATTTCATAATATATCATCCAAAAAAAATATATATATAAAAAAAAAGAATCATCAGTTTTCTTTATTCATATATT","Pf3D7_09_v3-685560-685825-1A.1","30+8N79A148+10N165+11N",31,1,1
"IM-23-122-MADZ","8039832717","Maziba","Pf3D7_04_v3-748105-748359-1B","TGTGCATGTTGTAAGGTTGAAAGCAAAAATGAGGGGAAAAAAAATGAGGTTTTTAATAACTACACATTTAGAGGTCTAGGAAATAAAGGAGTATTACCATGGAAATGTATTTCCCTAGATATGAAATATTTTCGTGCAGTTACAACATATGTGAATGAATCAAAATATGAAAAATTGAAATATAAGAGATGTAAAT","Pf3D7_04_v3-748105-748359-1B.1","36+10N110T133C",475,1,1
"IM-23-122-MADZ","8039832717","Maziba","Pf3D7_03_v3-515418-515657-1A","TTTCATTAATTTCTATATGTTTGAATTCCCTTATAGACATATTTGAATCATTATTACTTTTATATGAAGTGTTATTATCGAAATTATTATTAATACATTTTATTTTAATGATTTTGTTAAAATTTTTATTATTTACTATAATGGAAGTCAGATATGTACTTATCGTATGGAAAGCTAATCATCAACA","Pf3D7_03_v3-515418-515657-1A.3","5A",1765,0.992130410342889,2
"IM-23-122-MADZ","8039832717","Maziba","Pf3D7_06_v3-1235395-1235658-1A","GAATATGATAAAATATATATACCAAACAATAAAAATAAAATTAATAATATAAATAATTTTTTAATAAAAAACAATTTGCTGTTGAAATCCAAATTTATGAGAATAACTCCTAATACCTATTTATGTCGTAATTGTGTCCTGTTATATCAAAATGATTTTTCGTATAATACATATGAAGAAGAAATTAATAAAATGG","Pf3D7_06_v3-1235395-1235658-1A.1","56+8N65+8N",196,1,1
"IM-23-122-MADZ","8039832717","Maziba","Pf3D7_01_v3-455794-456054-1A","AGAAAAAAAATTTATTAAGAGGTATTTCGATTTTAAAAATTTAAGAATTAATTTTTAATTATGTCTATAAAAACTTAATAGAAAATAAATATTATTTTGTTTTTCAAAAAAATGTTTAAGAATAATATTTCTTTATTCTTTTACAATTTAGAACATATAATGCTATTTCTTTTAATTTTAATTTAATTTCAAA","Pf3D7_01_v3-455794-456054-1A.1","2+10N105+9N",302,1,1
"IM-23-122-MADZ","8039832717","Maziba","Pf3D7_05_v3-1322099-1322341-1A","TTCCAATAGAAACTATATTACGATTTCCTTCATGAGGTAAATTGACATTCATCTTATATGTATAATTAAGGATGAGTAATAAATTGTATAAAAATATTTTTATTTAATAATTTATATGTATTATTAATAATTCTGAATTTATCAATTGATATATTATTTTTGTTTTTCTTTATGCCATTC","Pf3D7_05_v3-1322099-1322341-1A.1",".",214,1,1
"IM-23-122-MADZ","8039832717","Maziba","Pf3D7_13_v3-1725208-1725471-1B","CATAAATTTTATTATCAAAAGCAACACACATAGCTGATGATCTAGGGGTATTCAAAGGTGCCACCTCTACCCATGCTTTCATACGATGATCATATGCTTCTACATTCGGTATAATAGAAGAGCCATCATATCCCCCAATACAATAAATTCTACCATTTGACGTAACACCACAATTATTTCTTCTAGGTATATTTAAATTACTTGAAAC","Pf3D7_13_v3-1725208-1725471-1B.1",".",517,1,1
"IM-23-122-MADZ","8039832717","Maziba","Pf3D7_06_v3-145285-145531-1A","TCAACAAAAGCTGATGAATCATCATAATTTGAATAAAATTTATCATTCACAATATTATATTTTTGTTTCTTCTTTTTTCCCATAATATTATTATTTTGTTCACAATATATGTTCATGTGTCCCCTCTTTTTCTGTAAAATATTAAAATGTTTCTTACTATGCTTTTCTTCATTTTTAATAACA","Pf3D7_06_v3-145285-145531-1A.1","72+8N165T",1332,0.998500749625187,2
"IM-23-122-MADZ","8039832717","Maziba","Pf3D7_06_v3-176108-176338-1A","ATTATTATTATTATTATTATGATGATGATGATGATGATCTGTGTTAAGATCATCTTCTATACCATTAGTTAAACATTTTATATTTTTATTCATATAAACATTAATCTTCACAACAGATTTATCAGATCTAGAAAATCTTGTACCTGTTGCTTTATGTAACAATAT","Pf3D7_06_v3-176108-176338-1A.1","1+38N",15,0.020979020979021,2
"IM-23-122-MADZ","8039832717","Maziba","Pf3D7_05_v3-350808-351052-1A","TAATATAATTTGAGTTGATAATATTATAATTATTTTTTATATGTTGCTCATTTATATTATTATGATAAATATGAGTTGTATTTTTATTAGAGTTGTAGGACATTTTCCCATACATGAGTTGTTTTACATTTTTAACATTTTTATAATTATGTATTAAACATAAGATTATTAGATAAA","Pf3D7_05_v3-350808-351052-1A.2","32+8N",792,1,1
"IM-23-122-MADZ","8039832717","Maziba","Pf3D7_07_v3-404325-404590-1B","GAAACACAAGAAGAAAATTCTATCATATTTAATCTTGTCTTAATTAGTGCCTTAATTGTAAGAAAACAAAATATATAAATAAATAAATATATATATATATATATATATATATATATTGTAATATTTAATATATATTAACACTTAAACTTTGTTTTTATTATATTAATTTATATTCTTTATCATTTTTTTTTTTTTTTTCCTTCTTTTTTT","Pf3D7_07_v3-404325-404590-1B.5","71+40N176+19N198+8N",1,0.142857142857143,3
"IM-23-122-MADZ","8039832717","Maziba","Pf3D7_07_v3-403479-403716-1B","TTAGGTGGAGGTTCTTGTCTTGGTAAATGTGCTCATGTGTTTAAACTTATTTTTAAAGAGATTAAGGATAATATTTTTATTTATATTTTAAGTATTATTTATTTAAGTGTATGTGTAATGAATAAAATTTTTGCTAAAAGAACTTTAAACAAAATTGGTAACTATAGTTTTGTAACATCCGA","Pf3D7_07_v3-403479-403716-1B.1",".",850,1,1
"IM-23-122-MADZ","8039832717","Maziba","Pf3D7_14_v3-106867-107115-1A","AATGACATGAACAAGTCAGGCGAAAAAGAGGAACATGTTATAAATAGTAAATGGAAAAATAAATTTTTCCATGAAGTAATACAAAATATGTTATATGATGATAATATAAATGATCATAAGGAAGAAATTAAGGAAGATAATTCTAATGAATATAATATCAATAATAAAAATGATAATTTATATGATATA","Pf3D7_14_v3-106867-107115-1A.1","78A",479,0.995841995841996,2
"IM-23-122-MADZ","8039832717","Maziba","Pf3D7_14_v3-106867-107115-1A","AATGACATGAACAAGTCAGGCGAAAAAGAGGAACATGTTATAAATAGTAAATGGAAAAATAAATTTTTCCATGAAGTTATACAAAATATGTTATATGATGATAATATAAATGATCATAAAGAAGAAATTAAGGAAGATAATTCTAATGAATATAATATCAATAATAAAAATGATAATTTATATGATATA","Pf3D7_14_v3-106867-107115-1A.2","120A",2,0.00415800415800416,2
"IM-23-122-MADZ","8039832717","Maziba","Pf3D7_14_v3-1166107-1166371-1A","TTTTTGAATTATTAAATATATCTTCTATAAAAAAAGAATATCAAGCTATACATAACAATAAGTATTTTTTATGGAATATGGATGCAGATTTTTTTACTATAAAAAATCATCATAAGGATAATAAGGATAACAATGATGAAAATGTGAATGTAATAATACAACAAAATAATTTAGTTCTAGAAAAATATGATCATTTAATAGA","Pf3D7_14_v3-1166107-1166371-1A.2","28+9N64+8N88+9N100+8N179A",373,1,1
"IM-23-122-MADZ","8039832717","Maziba","Pf3D7_14_v3-407306-407542-1A","CTTTCTTTCGTCTTTCTGTTCATTATCCATATAATCTTTTTCTACTACCTTTTCATTCTTTACTTTATTTCTATTAATACACAACTCTCCTTGAGTTAAGAGATTTACGATATTATCAATATTGTTTTCTTTCATATACTTCAACTTTTTACTATTCATTTTTAAAAGA","Pf3D7_14_v3-407306-407542-1A.5","44A47A",786,1,1
"IM-23-122-MADZ","8039832717","Maziba","Pf3D7_01_v3-162867-163115-1A","ATATACCAATAATACTTTTTTTTTTAAATAATGTAAAAAATGATTTATATAATTGTTATAAACAAATGATCACATATCATAATAATAATATCCTAAATCATAACTCTAATATTTTATCAAAAGAAAATGAAAAAAAACAACCTTTTTCAACATATAATATATCAAATCTTTGTTCTCCTGACCAAATGGTGATAAATAAAAA","Pf3D7_01_v3-162867-163115-1A.1","15+12N34+8N129+10N",1205,1,1
"IM-23-122-MADZ","8039832717","Maziba","Pf3D7_03_v3-515418-515657-1A","TTTCTTTAATTTCTATATGTTTGAATTCCCTTATAGACATATTTGAATCATTATTACTTTTATATGAAGTGTTATTATCGAAATTATTATTAATACATTTTATTTTAATGATTTTGTTAAAATTTTTATTATTTACTATAATGGAAGTCAGATATGTACTTATCGTATGGAAAGCTAATCATCAACA","Pf3D7_03_v3-515418-515657-1A.1",".",14,0.00786958965711074,2
"IM-23-122-MADZ","8039832717","Maziba","Pf3D7_11_v3-1294664-1294910-1A","AAAAGATAAATTATTTGAAAACTATACATATTTAAGTAAAAATGTAGTTGATAACTGGGAAGAAGTTTGCCCTAGAAAGAATTTAGAGAATGCAAAATTCGGATTATGGGTCGATGGAAATTGTGAAGATATACCACATGTAAATGAATTTTCAGCAAATGATCTTTTTGAATGTAATAAATTAGTTTTTGAATTG","Pf3D7_11_v3-1294664-1294910-1A.12","9A12T17G40A62G86G152T159A",1613,0.995679012345679,2
"IM-23-122-MADZ","8039832717","Maziba","Pf3D7_13_v3-2770621-2770854-1B","ATTCCAAGAAATATTTTTAAAAAAAAATAGTGAGTTAGATGATCACGTATGGAATATAGAAAGTATTACTACGAATATATTAGAGAGGAATAAATTAAGTGATCAAAATAATGAAGATAACCATGATGTTAATAATAATAATGAAGACCCATCTGGGGGTAATTTAAAAAC","Pf3D7_13_v3-2770621-2770854-1B.1","18+11N130+13N",485,1,1
"IM-23-122-MADZ","8039832717","Maziba","Pf3D7_13_v3-2780346-2780575-1B","GTTGGATAGAATGCCCGACTACGGATCGGGAGGTCGTGGGTTCGACTCCTGCCCGGCCTAATTTTTTTCGTTTTCCTTTTTAAAGTAAAAAAGGATAATATTTTTAAAAAACATTTAGTATATATATTTTTTTTAAATAATAAATCTATTATATTATTAAATATTATGAGAAGA","Pf3D7_13_v3-2780346-2780575-1B.2","61+9N76C86+8N105+8N126+10N",648,1,1
"IM-23-122-MADZ","8039832717","Maziba","Pf3D7_09_v3-164045-164311-1A","ATCAACTGGTGTTGCAAAACCATTAGTTACCAATTTTAATTCTCCATTTAGTGCTTTTGGTAAAACAAATACCAGTGATATATTTAAAACTAATACTACTGCATCAACTACAAATGCAACTGCAACTGCAACTCCTGCTCCCTTTGGATCAGCATTTGGAGCGCAAAAGAATAATGATAGCTTGTTTGGAAATAATGCATTCAAGCTTTCG","Pf3D7_09_v3-164045-164311-1A.1",".",668,1,1
"IM-23-122-MADZ","8039832717","Maziba","Pf3D7_14_v3-297583-297856-1B","AGGAGGTTTTTCTTATTATATTTTTGAAAATTTCGTTTTTCAAAAGAACCGTAAAATTAATCACATAATTAAGACTTCAAAATATTCGACAGTAGGATTTAATATTGAAAATTCTTATGATAGACTTATGAAAACAATTAAAGAGCATAAATTAAAAAATTATATAAAAGAATCAGTAAAACTTTTTAATAAAGGTTTAACCAAAAA","Pf3D7_14_v3-297583-297856-1B.1","153+8N",254,1,1
"IM-23-122-MADZ","8039832717","Maziba","Pf3D7_14_v3-298368-298636-1B","ACGATTTAATGTGGCAAGTTGATTTAGATGTACATTTTGGTAATGTATCTTCCAAAAAAGCAAACGTTATTTTAGATAGTGCCACCAGTGTCATAACTGTACCAACAGAATTTTTTAATCAATTCGTAGAATCTGCAAGTGTTTTCAAAGTTCCATTCTTATCTTTGTATGTAACCACTTGTGGTAACACGAAATTACCAA","Pf3D7_14_v3-298368-298636-1B.1","53+8N110+8N",364,1,1
"IM-23-122-MADZ","8039832717","Maziba","Pf3D7_12_v3-2092654-2092884-2","GAGATATTAGCTTCATGTTCAGAAGATATGTCTATAAGAATATGGGAGATACGTCATGAGGATGAGAATGTGAATGAGGTAAAGGATCCTTTATGTATATTAAATGGTCATAAGAAAAAAGTAAATATATTATCATGGAATCCTATGAATTATTTTATATTATCATCT","Pf3D7_12_v3-2092654-2092884-2.1","114+8N",1653,1,1
"IM-23-122-MADZ","8039832717","Maziba","Pf3D7_13_v3-1004740-1005002-1A","TTACATCGTAAAAATAATTTAAAATATTATATATATTATCTTTTCCTTTTGGGGGGTCTCTTTTCTTTATATATATATTTACATTTCTCTTCATTTTATTACATGATAAATTAATATTTAATGTACTAATATATATATTATTAATTTTTATTTTCTTCTTCTTTTTTATATTAAAACAAAATGAAGATTCTTTAA","Pf3D7_13_v3-1004740-1005002-1A.1","50+8N161+8N",37,1,1
"IM-23-122-MADZ","8039832717","Maziba","Pf3D7_12_v3-857050-857323-1A","ATATAATTTTAAGATGTCCTATCAAGACGTTCAGGAAAAAAAAAATGAAGATATAAATTATGATGAAATAGCTAGCAGCATGCTAGAGAAGATGGACAAACATATAAATGGAGAAAAACAACCAACGATACATTATGAAAATTTAAATGTACAAGAGCAAGGGGGAGCACATGCTTATTACTCAAATCAAGATATAAATAACATAAATA","Pf3D7_12_v3-857050-857323-1A.2","35+12N162G",308,1,1
"IM-23-122-MADZ","8039832717","Maziba","Pf3D7_12_v3-684011-684240-1A","ACCTAATGTTGGTAAGTCTACCATTTTTAATCGACTAACTCGAAAATATCAAGATGGTAGTATTGTATTAGATGTTAGTAGTACGAGAGATAAACTTTATGGAGAAGTTGAGTGGGAAGGATATAAATTTGAACTTGTGGATACAGGAGGTTTAGTTTTTGA","Pf3D7_12_v3-684011-684240-1A.1","67A",832,1,1
"IM-23-122-MADZ","8039832717","Maziba","Pf3D7_08_v3-476232-476475-1A","CAAACACATGATAAACAAAAGTGTAAGGAAAATTTTTCAAATTCATTTGTTAATGAAATATATGAAAAAGAAGAAAAAGAAACGCAAAAAATGAAAGAATATTTAGAACAACATGAAGAACATTTTTCAACGTTTAGAAATTCAATTTTATGTAAATTAAGAATAGCTGAAGAATT","Pf3D7_08_v3-476232-476475-1A.1","85+8N",676,1,1
"IM-23-122-MADZ","8039832717","Maziba","Pf3D7_04_v3-648065-648332-1A","TATGACTTCTGATTCAGTTTTGTTAAGATATATACCAAGAGATCTTAACAAATATAATAATTTTTCACCACTAACTCCATCTTTATTAGTATCGTATTCTTTAAATATTGATTCAATCTCAGCTCTCTTAAAGAAAACAAATATATATACATATATATATGTATTTATATGAATTTGTATCAATAAATAATAACATTCTTA","Pf3D7_04_v3-648065-648332-1A.1","141+30N",275,1,1
"IM-23-122-MADZ","8039832717","Maziba","Pf3D7_07_v3-729480-729750-1A","TGAATGTTCAGAAATTTTATATCACTTAAATCGTTTGAGTGAGTTAGATCAAATATTGTTGAAAGATAAAATAAGTATATATGAGTATCAGCTAAAGGACACGTTTTTAACAACGTATGATATAGGTTGTTTATTAAAAATAGCTCAAGTGTTGAATGAACAAAATTATTATGATAACATTCCATTTTTGCATATATTTTTATATAACATACATAA","Pf3D7_07_v3-729480-729750-1A.1","42A",400,1,1
"IM-23-122-MADZ","8039832717","Maziba","Pf3D7_07_v3-896613-896849-1B","ACAATGAAAAAATGTATTAATGATGAATTATATAAAATAAAAATAAATGTAGGTTTATATAAAAAGGATAGAAAAAAATTATCCTTTTTTATATTGTTGCATAAATTTTATTTAGATAATTATAATATTGTTATTAATAAATTAAAAAATATGAATAATTTAATAGAAA","Pf3D7_07_v3-896613-896849-1B.1","6+8N71+9N84+8N143+8N",429,1,1
"IM-23-122-MADZ","8039832717","Maziba","Pf3D7_01_v3-528859-529104-1A","TTTGATTCTTTTTAATAAAAAAGAAGCTAAAGATATGTCAGACGATATAATTTCCCAACAAAAACGTTATTGCTCTACCAATATTCATAGTATTTATAATAATAAAATATGTATATGTAAAAATAAGCGACATCATAACAAAAGAGGGAAAGGAATAAAGCATCATGACATACATCAAAAGG","Pf3D7_01_v3-528859-529104-1A.12","17A44G93T165A",2002,0.998005982053839,2
"IM-23-122-MADZ","8039832717","Maziba","Pf3D7_01_v3-528859-529104-1A","TTTGATTCTTTTTAATGAAAAAGAAGCTAAAGATATGTCAGACCATATAATTTCCCAACAAAAACGTTATTGCTCTACCAATATTCATAGTATTTATAATAATAAAATATGTATATGTAAAAATAAGCGACATCATAACAAAAGAGGGAAAGGAATAAAGCATCATGACATACATCAAAAGG","Pf3D7_01_v3-528859-529104-1A.4","93T165A",4,0.00199401794616152,2
"IM-23-122-MADZ","8039832717","Maziba","Pf3D7_10_v3-1414337-1414596-1A","GACCTGAATGGAAAGGTCAATGTGATAAATTTGAAAAAGAAAAAAGTAAATATGAAGATACTAAAAGTAGAACTGCTGAAATATATTTAAAAGAAATATGTTCTGAATGTGATTGTAAATATAAAGATTTGGATAATACATTTAAAGAATTTAATGATAACGTTACGCTTCTTAAAGCAGTAATTGATAACAAA","Pf3D7_10_v3-1414337-1414596-1A.5","17T39+8N70G82T155T167G",721,1,1
"IM-23-122-MADZ","8039832717","Maziba","Pf3D7_10_v3-1414599-1414832-1A","ATCTAGATCAACGAGGGAATATAACAACATCTCAAGGAAATTCACACCGTGCAACTGTTGTGCAACAAGCTGATCAAACCAACAGATTAGATAATGTAAACTCTGTAACGCAAAGAGGAAATAATAACTACAACAATAATTTAGAGCGTGGATTGGGTTCTGGTGCT","Pf3D7_10_v3-1414599-1414832-1A.1","70C",1389,1,1
"IM-23-122-MADZ","8039832717","Maziba","Pf3D7_10_v3-992331-992603-1A","TCATTATATTTTTAAAAAAAAAAATTATGATATAAAATCTTCAATTAATAAAAGATCTATCCAGTTCTTTAAAGACACTAATATAGATCATTATATAGCATATGAATATTATAAGGAGGACCGTACAGAATTTATATTAACTATTATGAATGAAAAAAATATTACTCATCAAGAAACTCAAAGTCTTGAAATGAAAAAGTTGAAAG","Pf3D7_10_v3-992331-992603-1A.3","13+13N127A152+9N",372,1,1
"IM-23-122-MADZ","8039832717","Maziba","Pf3D7_05_v3-369676-369949-1A","TGTAATATTATATATCCTGTTATAAATAAATCATTGGATATGGATGTGAAAAAAGAAGATATAAAAAAAAATGTAGAAGAAAATAAATATATAGAACATACACAGAATTTGAAAAATTATTTAGAAAATGATGAAAATGAGAAAAAAAAAAGAAGAAAAAGATCAAATAATAATGACAATTATAATTCTCATGATAATAATATTTTTCA","Pf3D7_05_v3-369676-369949-1A.1","48+8N62+11N141+12N",199,1,1
"IM-23-122-MADZ","8039832717","Maziba","Pf3D7_11_v3-1018781-1019053-1A","TTTTTGATTCATATCATTATCATAATTATATATATATTGATCTCTGTCTATATGGGGAGCAAAAAAATATAAAGGATGTTGTGTCAAGGCTAATAATAATTCTGTAGCTATACTACTACTTATGTTACTTATACCACATCTAGTGACTGTGCATTTTTCATCTAATGTTCTATAGGATAAAGAATCTGAAGGACAATGCATATCAT","Pf3D7_11_v3-1018781-1019053-1A.1","60+9N85C151G",141,1,1
"IM-23-122-MADZ","8039832717","Maziba","Pf3D7_03_v3-221185-221419-1B","AAATAAATTAAATAGGAAAATATAAAGAAAAATGAAAATTAAGAAAAAAAGTAGTATATATTTTTATAAATATTGTACAACTCAAACTAAGATGTGTTCTTTATCTAATTAAGGAACAAGAAGGATAATACCATTATTAATCCTATTGAACTATTTACGACATTAAACA","Pf3D7_03_v3-221185-221419-1B.1","43+9N",478,1,1
"IM-23-122-MADZ","8039832717","Maziba","Pf3D7_05_v3-668763-669004-1A","TAATATTATCTGGCTCTGTAACCATGTCCGAACATATGTTAACAGGAGAATCTGTTCCTATACATAAAGAGCGGTTACCTTTTGAAGGAAATGCTATTATAAATAAAAATAATAAATATGACAGTAACGATGAAAAGGATGATTACCTTCGTATTTATAATAATAATGCTAGTATTAATATGATCAAGCG","Pf3D7_05_v3-668763-669004-1A.8","73G122C165A",886,0.997747747747748,2
"IM-23-122-MADZ","8039832717","Maziba","Pf3D7_14_v3-421322-421547-1A","TAAGAAAGATGAAGTAATAGAAAAAACTGAAGTATCAAAGAAAACATTTTCAGGTATAGGTTTTAATCTTACTGAGAAAGAAGCTAAAGTATTAGGTGTAGGTGTAACCTATCAAGAATATCCAGAAACCATGTTATATAACTGTCCAAACAATTCTA","Pf3D7_14_v3-421322-421547-1A.1","20+8N",630,1,1
"IM-23-122-MADZ","8039832717","Maziba","Pf3D7_03_v3-221463-221712-1B","ACTTGAATACCATTTCCACAAGTTACACTACATGGGGACCATTCAGTTGAAAGAGAATTTTGTATTTTGTTTAAATATTCTTTTATGTGCTTATCACTTGGTTCTTCGTTATTATTATTTTTTACAGCACTGTTGGCATTAGCATTTTCATCTACATTTCGGTTTGGGTCATTTGGCATATTGTGACCTTGTC","Pf3D7_03_v3-221463-221712-1B.17","117+8N",354,1,1
"IM-23-122-MADZ","8039832717","Maziba","Pf3D7_01_v3-145388-145662-1A","GATATGTTTAAATATATGATTCTCGAAAAAACTTTTTTTATTTTTTTTGTCAATAGATAAATGATCAATATTTTCTATATTTAATCTATCAAGTATTTTTATATATCTATTATTTCTTTCTTCGATGGATAAATTATAAGAATCAATATCCTTTCTTTCATCAACAAACTTTTTTATTGTTAACTCCATTTTTTTATTTAAGATACCA","Pf3D7_01_v3-145388-145662-1A.1","25+25N169+8N188+9N",137,1,1
"IM-23-122-MADZ","8039832717","Maziba","Pf3D7_07_v3-475313-475545-1A","AGCTTTATTATCTACAAAAAATCCACGTGGATATATGAAACAAATGAAATTGTATTTTATATTCCAAATTAAAGAAATTGCATTAAGAAAACATGGCTCTTTACTTACAGTCAAAAATTTATATAATAATAAACTTTTAAATATAAATTCATCATCTTCTACAAATA","Pf3D7_07_v3-475313-475545-1A.1","15+8N",885,1,1
"IM-23-122-MADZ","8039832717","Maziba","Pf3D7_08_v3-549583-549807-1B","ACGTGCTGTTCAAAGAATGTTTGAAATGATAAATGAAGGTGCTAGTGTTATAGATATAGGTGGAGAATCCTCTGGTCCTTTTGTTATACCTAATCCAAAAATTAGTGAAAGAGATTTAGTAGTACCTGTATTACAATTATTTCAAAAAGAATGGAATGATATAAA","Pf3D7_08_v3-549583-549807-1B.1",".",929,1,1
"IM-23-122-MADZ","8039832717","Maziba","Pf3D7_11_v3-1295103-1295335-1A","ACTACTGCTTTGTCCCATCCCAACGAAGTTGAAAACAATTTTCCATGTTCATTATATAAAGATGAAATAAAGAAAGAAATCGAAAGAGAATCAAAACGAATTAAATTAAATGATAATGATGATGAAGGGAATAAAAAAATTATAGCTCCAAGAATTTTTATTTCAGATGATAAA","Pf3D7_11_v3-1295103-1295335-1A.7","23A71A132+9N",1282,0.997665369649805,2
"IM-23-122-MADZ","8039832717","Maziba","Pf3D7_11_v3-1295103-1295335-1A","ACTACTGCTTTGTCCCATCCCATCGAAGTTGAAAACAATTTTCCATGTTCATTATATAAAAATGAAATAATGAAAGAAATCGAAAGAGAATCAAAACGAATTAAATTAAATGATAATGATGATGAAGGGAATAAAAAAATTATAGCTCCAAGAATTTTTATTTCAGATGATAAA","Pf3D7_11_v3-1295103-1295335-1A.5","61A132+9N",3,0.00233463035019455,2
"IM-23-122-MADZ","8039832717","Maziba","Pf3D7_06_v3-145285-145531-1A","TCAACAAAAGCTGATGAATCATCATAATTTGAATAAAATTTATCATTCACAATATTATATTTTTGTTTCTTCTTTTTTCCCATAATATTATTATTTTGTTCACAATATATGTTCATGTGTCCCCTCTTTTTCTGTAAAATATTAAAATGTTTCTTAGTATGCTTCTCTTCATTTTTAATAACA","Pf3D7_06_v3-145285-145531-1A.2","72+8N157G",2,0.00149925037481259,2
"IM-23-122-MADZ","8039832717","Maziba","Pf3D7_13_v3-1726174-1726408-2","TTTCTAATTCTTTGTACAATCGTACTCTTTCCATTTCTAGTTCTTTCTTATCTTTAAATAATTTATCTTTTTCTCGAATAAAATTCATTTGTGTCTTTTTTAACCAATTAATAAATGTAATTCTTAAATCACCTACCATATTTTCAAAATCACTAGCATCACTTAAT","Pf3D7_13_v3-1726174-1726408-2.1","95+8N",1500,1,1
"IM-23-122-MADZ","8039832717","Maziba","Pf3D7_06_v3-851492-851765-1A","ACAATAGTACATTCTGCATTTACATCACAACCTCCATTATTTTTTGAACAGTTCATATCTTTCATAGGTATACATTTAAAATAATTTACACTCATATCAACTATATAATTAGGTCGGCATCTACATTGTTCTTTATCTTTTTCGACAATATAACAACGTGAATTGGGTCCACATTTGGAATATTCACAAATATAATTTACTTTAAATATAACAAAATTTCTCA","Pf3D7_06_v3-851492-851765-1A.1","39+8N",690,1,1
"IM-23-122-MADZ","8039832717","Maziba","Pf3D7_07_v3-403487-403750-2","AGGTTCTTGTCTTGGTAAATGTGCTCATGTGTTTAAACTTATTTTTAAAGAGATTAAGGATAATATTTTTATTTATATTTTAAGTATTATTTATTTAAGTGTATGTGTAATGAATAAAATTTTTGCTAAAAGAACTTTAAACAAAATTGGTAACTATAGTTTTGTAACATCCGAAACTCACAACTTTATTTGTATGATTATGTTCTTT","Pf3D7_07_v3-403487-403750-2.1",".",420,1,1
"IM-23-122-MADZ","8039832717","Maziba","Pf3D7_07_v3-404325-404590-1B","GAAACACAAGAAGAAAATTCTATCATATTTAATCTTGTCTTAATTAGTGCCTTAATTGTAAGAAAACAAAATATATAAATAAATAAATATATATATATATATATATATATATTGTAATATTTAATATATATTAACACTTAAACTTTGTTTTTATTATATTAATTTATATTCTTTATCATTTTTTTTTTTTTTTTCCTTCTTTTTTT","Pf3D7_07_v3-404325-404590-1B.18","71+40N176+19N198+8N",3,0.428571428571429,3
"IM-23-122-MADZ","8039832717","Maziba","Pf3D7_07_v3-405517-405773-2","TTTTCTACCATGACATATACTATTGTTAGTTGTATACAAGGTCCAGCAATAGCAATTGCTTATTACTTTAAATTCTTAGCCGTAAGAATTAAAAAGATATAAATATATAAATATATATGTGAAATATATGATATATATGATATATATTTTTTATATGTAATGTTTTTTTTTTTTTTCACAATATACATTTAA","Pf3D7_07_v3-405517-405773-2.2","97+57N162+16N",200,1,1
"IM-23-122-MADZ","8039832717","Maziba","Pf3D7_05_v3-668763-669004-1A","TAATATTATCTGGCTCTGTAACCATGTCCGAACATATGTTAACAGGAGAATCTGTTCCTATACATAAAGAGCGGTTACCTTTTGAAGGAAATGCTATTATAAATAAAAATAATAAATATGAGAGTAACGATGAAAAGGATGATTACCTTCGTATTTATAATAATCATGCTAGTATTAATATGATCAAGCG","Pf3D7_05_v3-668763-669004-1A.3","73G",2,0.00225225225225225,2
"IM-23-122-MADZ","8039832717","Maziba","Pf3D7_12_v3-63081-63314-1A","TTTCCGTCATAATAGTTGCATACATTCTATTAAAAACTTTGGGTACTCCTAATATAATTTCACCTTTTGAATTACATATGTCTGTATTCAAAAATTTTATATCTCTACTCCATATATTTATCTTTACACCCAAAAACAAAGCAATGAAAAAAATAACCCTTTCATA","Pf3D7_12_v3-63081-63314-1A.5","146+9N",832,1,1
"IM-23-122-MADZ","8039832717","Maziba","Pf3D7_14_v3-377765-378020-1A","AAAGATATATCAACTGAAAATATTTTATCAAATAATTGCTTTAATAATAAGTTAAAAAATTGATTTCCAACATCTATCATATTCATATAATCTAATGATTTAAAAATATATAATATACTCTTTGGACTAAATTTTAATTCATCATTTATTATTCTCTCTTTTACTATTGTTTTAATTTGATTAAAATATATAA","Pf3D7_14_v3-377765-378020-1A.7","53+8N154C170T",1,0.003584229390681,2
"IM-23-122-MADZ","8039832717","Maziba","Pf3D7_13_v3-2504481-2504734-1B","TAAAATGTGTTGATGATTTTAACAATATGGTTATAACGATAAAAGAGGAAGTAAACAATCATTGGGAAAATAATATATACAATAAAAAGGATATGGTTAATTATACAAATGAAAATTATAATGATAATATATTAACATATGAATATATTAATGAAACACTTAGAAAAGAAAAAAAAAGATATTATA","Pf3D7_13_v3-2504481-2504734-1B.1","168+11N",280,1,1
"IM-23-122-MADZ","8039832717","Maziba","Pf3D7_07_v3-627351-627625-1A","TCACTAAGATAATTATTATTACTATTTTCAGCATAATAAAATTTCTGATGTTTTATAAGAGGAGTTTGGTTAGAAGCAAAATTATCAGCAGTTGTCGAATAATTATTATGTTCTTGATAAAAGAGATTATTCATATAGTTATTATTATTTTTCATATCATCCATAGTATTATTGTTAATATAAAATTCCTCATATGAATTATATATATA","Pf3D7_07_v3-627351-627625-1A.1",".",316,1,1
"IM-23-122-MADZ","8039832717","Maziba","Pf3D7_14_v3-279563-279833-1A","CATTTTTCTTTTAAATGAGAGCAATATATTTCTTAGGTTTATTCCGGATAAATGTTTAGTTATTAGCCAGGTGAGTTATAGTGATTCATATAAGGTAAATTGTATTAATTTCTCTGAAGGATTTTGTTGCTGTCATCCAATAAATAATTTAGCACTATTATATGGAGAGTATCAACAAAATCAAGAATCAAACATTATGAAATTACCG","Pf3D7_14_v3-279563-279833-1A.4","77T193C",403,1,1
"IM-23-122-MADZ","8039832717","Maziba","Pf3D7_09_v3-163813-164052-1A","GTAATAATAATAATAATAATGTATTTCTTTCATCAAGTGATCCAAATAAATTAAACACAACACCATCACCATTTGGTTTATCATCTATTGGAAATCTAAATACAAACAATAAATTAAATAGCTTTCCAGATTTTAGTCAAGCTAATAAAACATTTCTACAAAATGATAGCTTAT","Pf3D7_09_v3-163813-164052-1A.1","2+19N28T131T",714,1,1
"IM-23-122-MADZ","8039832717","Maziba","Pf3D7_14_v3-294506-294753-1B","AATTTAGATGTTATCAAAGTCCCATTCTTACCTTTCTATGTAACTCTTTGTAACAACAGCAAATTACCAACTTTTGAATTTACCTCAGAAAATGGTAAATACACATTAGAACCTGAATACTACCTTCAACACATAGAAGATGTTGGTCCAGGATTATGTATGCTTAATATCATAGGATTAGATTTTCCAGT","Pf3D7_14_v3-294506-294753-1B.1",".",1142,1,1
"IM-23-122-MADZ","8039832717","Maziba","Pf3D7_11_v3-497277-497548-1A","TTTTAGATTTAATTGAATATTCATTTTTAAATTATACTAGTTCTAATTTAAATACAATAAATAATAATAATGACAAAAAAAAACAAAATCAAAAAAATAAAAATCGCAAATATAGTAAAAATAATATTTTAGATCTCTATGAACACGTAAGTACGATCAGTTTATTTTATCACACGTTTAATTTACCTAAGGAGTATAATGAAAAATTGTT","Pf3D7_11_v3-497277-497548-1A.2","74+11N90+9N148T",260,1,1
"IM-23-122-MADZ","8039832717","Maziba","Pf3D7_12_v3-1959644-1959891-1A","ATGGGAAGACGATAAGAGAAGAGAAATTAATTTCTGAGGGAGCGTATTCATTTGTTTATATGGCGAAGGATTTAAACACGAATCGAGCTTATACTATAAAGAAGACCATATGTCAAGATAAAGAGAAAATAGATATGGCGAATAAAGAAATCAACATTCTTAAAAGTTTACCTCCACATAAAAATATA","Pf3D7_12_v3-1959644-1959891-1A.2",".",656,1,1
"IM-23-122-MADZ","8039832717","Maziba","Pf3D7_14_v3-3124416-3124655-1A","TAATTGATCTTCTAGAGGAATTAGATATTTTGTCTATATCGAATAAAGATGAAGTAGAAAAACGAAGAAAGAAAACAACTCAAGAGACGCGGTTGTTAGGAAATATTGATTTAGGATATGGAAAATTAGGAGAGGGAATAAAGCATGAAAATTTACAGGAAGAATTAGGAAACAGATTATTTG","Pf3D7_14_v3-3124416-3124655-1A.5","72A",1764,1,1
"IM-23-122-MADZ","8039832717","Maziba","Pf3D7_12_v3-233418-233671-1A","CAAAAATATCATTCCCCAAATTTGTACTACTAATTGTTCCAATAGTTCCTATAGTTGTGGTAATTTGCTCATATGTATTTTTTCCTAAAGATTTATTAGACACATTTGAAGGATCATTATTTTGTTCCAAATTCTTGGGCACAGTATTATTACATGAGAATAATGAAAAGTTATTATCATAATTCTTTTGTT","Pf3D7_12_v3-233418-233671-1A.3","77+8N",750,1,1
"IM-23-122-MADZ","8039832717","Maziba","Pf3D7_12_v3-529495-529767-1A","GCTCCCCAAAAGTTAACTGCTTCATTATTTTGTGGATCCCAAAAACTAACATTCGTTACCCATCCAACATAATCGGTAGATATCCTATATTCATAACTACTACAGAAATACTTATACTCATGGTATACATTTGCATCATTTACATCTACCAAATTAACAGTTTTACACAAATTGTGAATGCCATTCAAGTTATAAAAACCTGTACAT","Pf3D7_12_v3-529495-529767-1A.27","111C",1,0.00200803212851406,2
"IM-23-122-MADZ","8039832717","Maziba","Pf3D7_12_v3-529495-529767-1A","GCTCCCCAAAAGTTAACTGCTTCATTATTTTTTGGATCCCAAAAACTAACATTCGTTACCCATCCAACATAATCGGTAGATATCCTATATTCATAACTACTACAGAAATACTTATACTCATGGTATACATTTGCATCATTTACATCTACCAAATTAACAGTTTTACACAAATTGTGAATGCCATTCAAGTTATAAAAACCTGTACAT","Pf3D7_12_v3-529495-529767-1A.26","32T111C",497,0.997991967871486,2
"IM-23-122-MADZ","8039832717","Maziba","Pf3D7_07_v3-405570-405844-1B","ATAGCAATTGCTTATTACTTTAAATTCTTAGCCGTAAGAATTAAAAAGATATAAATATATAAATATATATGTGAAATATATGATATATATGATATATATGATATATATTTTTTATATGTAATGTTTTTTTTTTTTTTCACAATATACATTTAAATGTTTATGATGGTACAACGTATCATATTTTATAATAATTTTATGCATTCATGTATATTATTTTTACTTTTT","Pf3D7_07_v3-405570-405844-1B.6","49+57N114+16N",2,0.0122699386503067,2
"IM-23-122-MADZ","8039832717","Maziba","Pf3D7_07_v3-405570-405844-1B","ATAGCAATTGCTTATTACTTTAAATTCTTAGCCGTAAGAATTAAAAAGATATAAATATATAAATATATATGTGAAATATATGATATATATGATATATATTTTTTATATGTAATGTTTTTTTTTTTTTTCACAATATACATTTAAATGTTTATGATGGTACAACGTATCATATTTTATAATAATTTTATGCATTCATGTATATTATTTTTACTTTTT","Pf3D7_07_v3-405570-405844-1B.2","49+57N114+16N",161,0.987730061349693,2
"IM-23-122-MADZ","8039832717","Maziba","Pf3D7_04_v3-544454-544718-1A","ACAAAATATAATACTTTATATACAAATGCTTATAAAAAATTTTAACTCGAACGTACTTCAAAATAATATAAATGAACAAGAAGTAATACATAATAACATCAACATTAATAATATAAAAGAAGAACAAATTATACGAAATAATATCAAGAATATCCATAATAATGACAATATTAATCATTGTGATGGTAATAAAATAA","Pf3D7_04_v3-544454-544718-1A.16","33+8N135G186G",4,0.00727272727272727,2
"IM-23-122-MADZ","8039832717","Maziba","Pf3D7_13_v3-2545065-2545291-1A","ATGATTCCTCAAAAGTTTAACATTCCACATAGTATCTGTTAAATTGATAGTTTGCAAACAATTATACGTTTGGTTATTTTTATTTTTAAAAAAGGATATATGATCATCTAAAGATTTATTTTTGAGAAAGATTTCCATATATTCATATATATCTTGAATACACCA","Pf3D7_13_v3-2545065-2545291-1A.5","87+8N",1275,0.997652582159624,2
"IM-23-122-MADZ","8039832717","Maziba","Pf3D7_01_v3-194742-194973-1B","TACCTATAAAAATGAAAAAAATAAAGAAGAAGATAAATATGGAAAAAACGAAAAATATGACAAATATGACAAATATGAAAAATATGAAAAATATGATAAATACAAAAAAGATAATAAAAATCAACATGATGATCCACTTTATGATAATATTAATAAAAATTACGATAA","Pf3D7_01_v3-194742-194973-1B.143","14+9N42+17N112+8N",9,0.0101351351351351,2
"IM-23-122-MADZ","8039832717","Maziba","Pf3D7_03_v3-653961-654206-1A","CTCGTACAATATTTTTATAATTTCCTTTCATCTTATTTTTTTCTTTATATTTTTTTTTTTCATATGTAAGATTTATATAATCACTTTCGCTTTTTCTAACGCTTTTGAACTTTTTAAATGTACTTCGTTCATTATTTCTAATTCTCGTAAACACAAGAATAAATATTTTGATATATCTTATA","Pf3D7_03_v3-653961-654206-1A.1","35+9N49+13N101G",593,1,1
"IM-23-122-MADZ","8039832717","Maziba","Pf3D7_08_v3-550057-550318-2","ACTATTTGATATTGGATTAGGATTTGCGAAGAAACATGATCAATCTATTAAACTCTTACAAAATATACATGTATATGATGAGTATCCACTTTTTATTGGATATTCAAGAAAAAGATTTATTGCCCATTGCATGAATGATCAAAATGTTGTAATAAATACACAACAAAAATTACATGATGAACAACAAAATGAAAATAAAAATA","Pf3D7_08_v3-550057-550318-2.1",".",2,0.0029673590504451,2
"IM-23-122-MADZ","8039832717","Maziba","Pf3D7_02_v3-290580-290821-1A","TTATTATAAGGATTATAATTATTATCATTCTTATTATATGGATTAATATAATTTCGATCATTATCATTACTGTTTTTATCATATTGTGGATAATTATTTCTATTTCTATTTTGATTAAAATCCGATTGTCTATATCTAACTCTAATATCTGTAGATGCTAAATCATTAGGTAATGGG","Pf3D7_02_v3-290580-290821-1A.1","12+26N",298,1,1
"IM-23-122-MADZ","8039832717","Maziba","Pf3D7_02_v3-291770-292017-1A","TAATATCATAAGGTTTGAATATTTTCCTCTCAGGTATTATACCAACAGAAGGTTTATCATCATCTTTAAAACCTGCTCTATCTTTAACCCATTGATTAGGATTTTTTAAACATAAAGCTGGATTCTTTAATAAATCTTTCATATGTTCCATATTATTTTCTTCATTTATATATGATGCTAC","Pf3D7_02_v3-291770-292017-1A.1","101+8N177G",539,1,1
"IM-23-122-MADZ","8039832717","Maziba","Pf3D7_02_v3-628941-629172-1A","ACTTTTTTTAGATTTTTCTTGATCGTTTTCATCATTTTTTATTTCCTGTTCATCTGAGGTTTTCTTTTGTAAACGCTTAGTGCGTTGCTTTTGACCTTTTAATTTTTTTTTAAATATATTTTTAACTTGATCAATGAAGAAAGCATAATCTTGTATGACAGAAAATCT","Pf3D7_02_v3-628941-629172-1A.2","2+9N34+8N87G102+11N",779,1,1
"IM-23-122-MADZ","8039832717","Maziba","Pf3D7_02_v3-630641-630907-1A","CTAAGTTATCTAAAATTATTAATTTTTTCAAATATGGTAATTTATGTCTATGAAGTAATAAGCCATCAACTAAATCTAAATCTAAACATAACCATTCTAATTTCGTTTCATTTAATATGTTTACAATTACATCTATACTAAAGTTAGAATGTAAAATCAAGGTTGTTACACCACTCATCATAGCTGCCATATCAACAAT","Pf3D7_02_v3-630641-630907-1A.1","22+8N43T",499,1,1
"IM-23-122-MADZ","8039832717","Maziba","Pf3D7_11_v3-1006693-1006917-1A","GTGGGGGAGAGAATTTTACCTTGATATGCTCCCATGTTTTATCCTTTATACAATACACATAAGTGTCATTGGTAATATATGACCCTCTTTTACCTCCGTAAAGAAATAAACAATCTTCTTTTTTTTCAGTGGAGTAAATTAAATTTAATTTTGCAAAATAGCGTGG","Pf3D7_11_v3-1006693-1006917-1A.2","58C118+10N",2,0.00836820083682008,2
"IM-23-122-MADZ","8039832717","Maziba","Pf3D7_13_v3-2114242-2114482-1A","CTTCCATTAACTCAATATATAATTTATTAATAATTTTTAATTTGTTTATTTCAAAAAGGCATAGTTGTAACAAGGTTCTTAAGGTTTTATTACCCCCTAAGAGGTTAAAATGAATATTTCCTTTTTCTCGTATATGCAAAAAATCCCTTAACAATAAATCATATTCATCAGTATGAAATGT","Pf3D7_13_v3-2114242-2114482-1A.13","67G76T87T137+8N",829,1,1
"IM-23-122-MADZ","8039832717","Maziba","Pf3D7_09_v3-595828-596094-1A","ATAATTTTTTCATCGTTCTTATACATTAATGATAAAGTCTTTTTGCAAAATTTTTTGAAGAGATCAGATTTGAGATAAAGACGTTTGGCTAATTTATACGAGAATTCGAGAGCATCTAATTTTATATTTAAACATTTTTTCGTATCCAATATATTATAATTTTGTTCATAAGTCTGTTCATTTATATTATTTAATACTTTT","Pf3D7_09_v3-595828-596094-1A.1","4+8N50+8N134+8N",432,0.993103448275862,2
"IM-23-122-MADZ","8039832717","Maziba","Pf3D7_14_v3-377765-378020-1A","AAAGATATATCAACTGAAAATATTTTATCAAATAATTGCTTTAATAATAAGTTAAAAAATTGATTTCCAACATCTATCATATTCATATAATCTAATGATTTAAAAATATATAATATACTCTTTGGACTAAATTTTAATTCATCATTTATTATTTTCTCTTTTACTATTGCTTTAATTTGATTAAAATATATAA","Pf3D7_14_v3-377765-378020-1A.5","53+8N",278,0.996415770609319,2
"IM-23-122-MADZ","8039832717","Maziba","Pf3D7_07_v3-1066661-1066903-1A","TATAGTTTTGTAATTTATTGGTATGTGTTGTTAAAGGAGAATTTTTTTAATATCCCTTGTCATGGGCAAAATGAGAAAAAAGAAATAAAAAACTTTTATGTTCAACATGAAGATATTTGTGAACACACTATTGGTAATCATATGTTAGGTGATAAATTAAAAATGTGTACATCTAATATTAATG","Pf3D7_07_v3-1066661-1066903-1A.1","4A41+9N75+8N86+8N",1458,1,1
"IM-23-122-MADZ","8039832717","Maziba","Pf3D7_07_v3-432832-433091-1A","TTGAAAAAGTCATCATCAGAATGGGGATGATTATTATTGTTATTATGAGTTTGGTTCGTATTAATATTATGATCCTTTTCGTTATTTAATTTATGTTCATTTATATTTTTATAAATAAATAATTTTCCAAGAAGTATACCATTAATAAACTTACTAGTTAACATATTAGACTGCTCAATATTTGTACATTTTTTTAATGTATGTATT","Pf3D7_07_v3-432832-433091-1A.4","30+17N72A188+9N",921,1,1
"IM-23-122-MADZ","8039832717","Maziba","Pf3D7_13_v3-2770591-2770863-2","ACACATCGATTTTATCAAAAGGAAATATTCCAAGAAATATTTTTAAAAAAAAATAGTGAGTTAGATGATCACGTATGGAATATAGAAAGTATTACTACGAATATATTAGAGAGGAATAAATTAAGTGATCAAAATAATGAAGATAACCATGATGTTAATAATAATAATGAAGACCCATCTGGGGGTAATTTAAAAACCAATCTAAT","Pf3D7_13_v3-2770591-2770863-2.1","44+11N156+13N",717,1,1
"IM-23-122-MADZ","8039832717","Maziba","Pf3D7_11_v3-408285-408534-1A","TATGAAGAAGGTTTAAAATATTGTGCGTCATCAATTAATTTATGGATATGTGCTATCGATTTACAAATAGAAAAAAAGAATTATACAGGTGCTAGGGCTTTGACGGAGAAAGCAAAAATCAAAATCAAGTATTTAAATTCTTTTAATAATAATAGTCATATTTTAAAAAGTAAAGAAATTATTGAA","Pf3D7_11_v3-408285-408534-1A.4","70+9N96G",595,1,1
"IM-23-122-MADZ","8039832717","Maziba","Pf3D7_09_v3-1406342-1406614-1A","TCTCAGATTATCATAGTGTTGTGGATGAAGATTTAATTAATTTTAATGATGATGTTACTTTAGAAACACAATCCATGATAGCACACGGAGGGTCTTTGTCAGAAATAGAAGAAACTGAAGATTTATCTTCAGATGTTGATAGATTACTTTCATCAATCGAAACTACTCCAAGAGATGATGTTGTATATATACGAGGTGATATTATATT","Pf3D7_09_v3-1406342-1406614-1A.3","118A148T204A",876,1,1
"IM-23-122-MADZ","8039832717","Maziba","Pf3D7_08_v3-550057-550318-2","ACTATTTGATATTGGATTAGGATTTGGGAAGAAACATGATCAATCTATTAAACTCTTACAAAATATACATGTATATGATGAGTATCCACTTTTTATTGGATATTCAAGAAAAAGATTTATTGCCCATTGCATGAATGATCAAAATGTTGTAATAAATACACAACAAAAATTACATGATGAACAACAAAATGAAAATAAAAATA","Pf3D7_08_v3-550057-550318-2.2","27G",672,0.997032640949555,2
"IM-23-122-MADZ","8039832717","Maziba","Pf3D7_06_v3-532166-532407-1A","AGAACAATTGCTAAACACCAAATTGGGTGAAACAAAAAACCACCTGAACAGAACCCCATTTATACCTGAATCGGTCATACGAGAAAGGAAATTACGCCAAGAAAAAGCGCAATCCACAAACAACATGTTCGATTCAACAAACGCAGATAGTATTACTTCCCCATGTGATCCAACGAATGCCACG","Pf3D7_06_v3-532166-532407-1A.1","33+8N109G157T",1716,1,1
"IM-23-122-MADZ","8039832717","Maziba","Pf3D7_06_v3-176108-176338-1A","ATTATTATTATTATTATTATGATGATGATGATGATGATGATCTGTGTTAAGATCATCTTCTATACCATTAGTTAAACATTTTATATTTTTATTCATATAAACATTAATCTTCACAACAGATTTATCAGATCTAGAAAATCTTGTACCTGTTGCTTTATGTAACAATAT","Pf3D7_06_v3-176108-176338-1A.5","1+38N",700,0.979020979020979,2
"IM-23-122-MADZ","8039832717","Maziba","Pf3D7_07_v3-403801-404052-1B","TATATATATATATATATATATATGTATGTATGTTGATTAATTTGTTTATATATTTATATTTATTTCTTATGACCTTTTTAGGAACGACACCGAAGCTTTAATTTACAATTTTTTGCTATATCCATGTTAGATGCCTGTTCAGTCATTTTGGCCTTCATAGGTCT","Pf3D7_07_v3-403801-404052-1B.7","1+45N130+8N",324,1,1
"IM-23-122-MADZ","8039832717","Maziba","Pf3D7_07_v3-1149367-1149613-1A","TATTTGACTAGTCGAATAATATTTAATATTTTTGTTTAGGAAGTTTTCAAAATTGATGACATTGATAACCGTTTTTATTAAATCGCTTGGGTTGTTTGTGTGTTCTATAGTAGAAGACATAATTTTAAGAATGTGTTTTTGTGTTATTAAACAAAACTTTGTTACTATATGGAATCGTATGTTAT","Pf3D7_07_v3-1149367-1149613-1A.1","106T109A",1406,0.999289267945984,2
"IM-23-122-MADZ","8039832717","Maziba","Pf3D7_09_v3-595828-596094-1A","ATAATTTTTTCATCGTTCTTATACATGAATGATAAAGTCTTTTTGCAAAATTTTTTGAAGAGATCAGATTTGAGATAAAGACGTTTGGCTAATTTATACGAGAATTCGAGAGCATCTAATTTTATATTTAAACATTTTTTCGTATCCAATATATTATAATTTTGTTCATAAGTCTGTTCATTTATATTATTTAATACTTTT","Pf3D7_09_v3-595828-596094-1A.6","4+8N27G50+8N134+8N",3,0.00689655172413793,2
"IM-23-122-MADZ","8039832717","Maziba","Pf3D7_13_v3-1876391-1876664-1A","AACTATCTGTAAAAGTATGTTTAGAACTAACATTTGAAGAGAAGTTACATCCGTGTATGACTTTTTTTTCATATTTTGGTTTTAAAACTATTTTATAATTATTATTTTTAAATTTGCATGTACATTCTGTATTAACATCTTTTGATGTAACATAAAATGGAGCTTTAAAGATAGTTAAGTTTTTATGATAAATTATTTTATTACTTTTATATA","Pf3D7_13_v3-1876391-1876664-1A.1","61+10N",393,1,1
"IM-23-122-MADZ","8039832717","Maziba","Pf3D7_13_v3-2114829-2115090-1A","ATTCAATATATATAAAAATATAGCTAATAAACATTTCAAATCTCCATTAAGAACTTTATTCATCTTAACAAAAGCTCTATGAACTTCTGTATCTATAGTCGATTTTGTTATTCTAAGCATATCATTAAGTAAAAAATTTACGGTATCGACATTAACAGTGTAATAATTTCTTCCTAAATTTAAATGTTCTAAATAATTCAA","Pf3D7_13_v3-2114829-2115090-1A.1","130+8N192A",768,1,1
"IM-23-122-MADZ","8039832717","Maziba","Pf3D7_14_v3-3125801-3126073-1A","ATTCTTATAATATTTAAGAATGAAGGGATTAAATATTTACATTTTAGCGACGATACTCTGAAATATGTTAATTTTAATTATCCTGATTTTAACTTATATAAATGTATGAATTTATATAAGAAAAATTATGTTGATAGGGATGAGAAAGATATCTGTGATTTTTCAAATGAAGATTTTCCGTTAATAAAAGAAAATAACAAGAGAATCAG","Pf3D7_14_v3-3125801-3126073-1A.1","51C",223,1,1
"IM-23-122-MADZ","8039832717","Maziba","Pf3D7_11_v3-1375807-1376056-1A","TCGTTATGTACCCTAATAAATTTTTTTTCATTATTTGAATCTATATTATTTACATTAGTATTTTGAGTTGTACCATAAATTTCAGTGTTATTATTATTTCTATTCATATAATTATGTCCGCTTATATAATTATGACCATTAAAAAAACGTCTTCCATGTATATCATCTCTTCTAATGTATTTA","Pf3D7_11_v3-1375807-1376056-1A.1","20+10N140+9N",288,1,1
"IM-23-122-MADZ","8039832717","Maziba","Pf3D7_11_v3-1968050-1968296-2","TCATTACACTAGTCATGATTGGTTTAGATTATTACGCCAAGGGAATAAAGCTCAAAATTCCATTTCTCAGGAAGTAGACATATTAACGGAAAAGTATAAAAAATTAATTTCAGAGGAAGACAATAAAAAAGAAAATAACAATAATAATGATGATGAAGTAAAACCAGAACTAAAAGACAATATA","Pf3D7_11_v3-1968050-1968296-2.2","97+8N124+8N",1522,1,1
"IM-23-122-MADZ","8039832717","Maziba","Pf3D7_11_v3-2001725-2001999-2","AGATGTAAGAACTAAGAATGTAAATACAAGTAAGAGAAATGAAGGACTTAATGATATAAATGAATCAGAAAAAACAAGAACAAGAAGGCCATCAACAAAATCAAATAATAATAATGTATCATACGAGAATGAATTAGAGAGTGTATCTGAATGGTTTGATAACTTTTTGGAGGATCATATGAAGGAAGGTGTTTTTTTAGATGGGGAAAA","Pf3D7_11_v3-2001725-2001999-2.7","68+8N153G191+9N",274,1,1
"IM-23-122-MADZ","8039832717","Maziba","Pf3D7_14_v3-120101-120365-1A","TTTTACAACATTATTTTTTTCTTCCTCCTCAGATAAAATAGGTACACATATCGCGTCCTTATCACATCCTCCATTGTTTACCTTACAATGTTCTTCGCATTCGAAATTTTTTTCAGGATTACTTGAAAAGCCTTCTGGACAATTACAATATTCATATCCATGAACATTCTTACAAACACCTTTTCCACAATTTAAAA","Pf3D7_14_v3-120101-120365-1A.3","13+9N106+9N164A165C",387,1,1
"IM-23-122-MADZ","8039832717","Maziba","Pf3D7_14_v3-2858894-2859160-1A","ATAGATTTTAATGACATAAAAAACACAACAAATGAGTATAATAATTTTGAGGAACATAATTATCAAGATGATAAATTTATATTTAATAAAGATATACATAATATTCTTTTAGAATTAAAGGAATCATTAAATGACATATCACGTGGAAGACTAAATACATTGATAAGAGATAATAAAATAAGTAGTTATATAATATATCA","Pf3D7_14_v3-2858894-2859160-1A.2","15C17+8N28A188A",484,1,1
"IM-23-122-MADZ","8039832717","Maziba","Pf3D7_14_v3-293575-293829-1B","TTTTGTAGTGTAATGTGTGGTTTATTTTATTATGTGTATGAAAATGTATGGCTTCAAAGAGATAATGAAATGAATGAAATTTTAAAAAATTCCGAACATTTAACTATTGGATTTAAAGTTGAAAATGCACATGATAGAATTTTGAAAACTATAAAAACACATAAATTAAAAAATTACATTAAAGAAT","Pf3D7_14_v3-293575-293829-1B.1","83+8N167+8N",335,1,1
"IM-23-122-MADZ","8039832717","Maziba","Pf3D7_14_v3-294503-294768-2","CAGAATTTAGATGTTATCAAAGTCCCATTCTTACCTTTCTATGTAACTCTTTGTAACAACAGCAAATTACCAACTTTTGAATTTACCTCAGAAAATGGTAAATACACATTAGAACCTGAATACTACCTTCAACACATAGAAGATGTTGGTCCAGGATTATGTATGCTTAATATCATAGGATTAGATTTTCCAGTACCAACCTTTA","Pf3D7_14_v3-294503-294768-2.1",".",689,1,1
"IM-23-122-MADZ","8039832717","Maziba","Pf3D7_04_v3-141741-141990-1A","TGAATACCATATAGCCCTTTCAAATTATATAAAGACAGAACTAAGAAATATAAACCTGCAAGAAATAAAAAACAATATAATAAAAATATTTAAAGAATTCAAATCTGCACACAAAGAAATTAAAAAAGAATCAGAACAAATTAATAAAGAATTTACCAAAATGGATGTCGTCATAAATCAATTAAGAGATATAG","Pf3D7_04_v3-141741-141990-1A.1","66+8N121+8N",1173,1,1
"IM-23-122-MADZ","8039832717","Maziba","Pf3D7_09_v3-516735-517007-1A","ATAGAAGGATATATAAAAAATTATCAAGAATCATATAATATAAATGACCATTGTAAATTAGTTCCATTAAATTTTTATAAAGATTCTATTTCTAATGATTTAGGTACTCCATGCCCTGTGAATAGTATTACCTTAAATGTGGGCGCAAAAACTATAAATGAATGTTTGTGTAATAAAGGATATTTCTATAATGTCAAGAAACAACAATGTGA","Pf3D7_09_v3-516735-517007-1A.1","14+8N",370,1,1
"IM-23-122-MADZ","8039832717","Maziba","Pf3D7_07_v3-1149367-1149613-1A","TATTTGACTAGTCGAATAATATTTAATATTTTTGTTTAGGAAGTTTTCAAAATTGATGACATTGATAACCGTTTTTATTAAATCGCTTGGGTTGTTTGTGTGTTCCATTGTAGAAGACATAATTTTAAGAATGTGTTTTTGTGTTATTAAACAAAACTTTGTTACTATATGGAATCGTATGTTAT","Pf3D7_07_v3-1149367-1149613-1A.2",".",1,0.000710732054015636,2
"IM-23-122-MADZ","8039832717","Maziba","Pf3D7_04_v3-316593-316858-1A","TTATTCATTTTTTCTATATTATCCTTTTCTACATCATCAAAATTTGTTAATGATTCACACGTTATATTTGGTGATATTATATTTCTACCTGTACATACACCAATATTTGTTGTACCTATTATTTTATACCCTTCTTGACATTTAAATTCTATTTTTTCACCAAGTAAATAATATTTTTTATCAGGGATAAGGGAAACATA","Pf3D7_04_v3-316593-316858-1A.2","7+8N151+8N173+8N",613,1,1
"IM-23-122-MADZ","8039832717","Maziba","Pf3D7_04_v3-544454-544718-1A","ACAAAATATAATACTTTATATACAAATGCTTATAAAAAATTTTAACTCGAACGTACTTCAAAATAATATAAATGAACAAGAAGTAATACATAATAACATCAACATTAATAATATAAAAGAAGAACAAATTATACCAAATAATATCAAGAATATCCATAATAATGACAATATTAATCATTGTGATGATAATAAAATAA","Pf3D7_04_v3-544454-544718-1A.3","33+8N",546,0.992727272727273,2
"IM-23-122-MADZ","8039832717","Maziba","Pf3D7_08_v3-585703-585949-1A","AAACACATCATCAAAAGTTTCTGATATTGGCTTGTTTGATTCTTTATATTTAAAATCTTTATATAAATAAAATCTATCTTTCTTAAAATATGGATCTTTACGTACTTCAATCGAATCCCTATCAGTTACAATATTTATATCTTTTAATGTTAAGTGGAAATTAGAATCAATAATAGCTA","Pf3D7_08_v3-585703-585949-1A.2","118C",923,1,1
"IM-23-122-MADZ","8039832717","Maziba","Pf3D7_14_v3-3214249-3214516-1A","TAAATAAAAAAGGATTAGATGATTTAATAAAAGATTTGTTAAAATATTTTCCAAAGAATTCAATTAGCGATCGTTTTGAATTGTTAGAATTTAAAATGACGGAGGATTGTTATACAAAAATGTGGTTTGATTTTATGAGTGATTTTGGAATAGCTACAATGAATGAAAGCGAACATACTAGATCTTTTTATGGCTTAATCGAA","Pf3D7_14_v3-3214249-3214516-1A.2","5+8N169G194C",1079,1,1
"IM-23-122-MADZ","8039832717","Maziba","Pf3D7_13_v3-2545065-2545291-1A","ATGATTCCTCAAAAGTTTAACATTCCACATAGTATCTGTTAAATTGATAGTTTGCAAACAATTATACGTTTCGTTATTTTTATTTTTAAAAAAGGATATATGATCATCTAAAGATTTATTTTTGAGAAAGATTTCCATATATTCATATATATCTTGAATACACCA","Pf3D7_13_v3-2545065-2545291-1A.8","72C87+8N",3,0.00234741784037559,2
"IM-23-122-MADZ","8039832717","Maziba","Pf3D7_14_v3-2695837-2696082-1A","CGTTCTGTATCATATTATTAGATATAGTTATTTTATTATTATTTTCTACATTATTATTCAATATATTACATCCTGTTATGGAATTATTGTTAAAATATAAATTATTCGAATTGTTATTATTAAATTCTAATCCACTAACTGCTGTTGTATATAATGATGATGAGTTATTATTATAGAAATC","Pf3D7_14_v3-2695837-2696082-1A.3","5C28+16N53A",5,0.0102459016393443,2
"IM-23-122-MADZ","8039832717","Maziba","Pf3D7_14_v3-2733345-2733593-1A","TCGATGTACATGCAGAAAAAATATTGGAACGTTTATTTGTAATTTATTTATGTGTATTAAAAGAATATGAAAAACATCCTCCTAAAATATTAAAATATTCATTACGTGCTATATCTAGATACTCGATGTATATAAATAAATTTATCATGGATGATATATTATTTGAAATTAAAAACCTTGCTGCA","Pf3D7_14_v3-2733345-2733593-1A.1","15+8N",1113,1,1
"IM-23-122-MADZ","8039832717","Maziba","Pf3D7_03_v3-85507-85756-1A","TATCATTTAAATTCTCTTTTTCCACAGCTCCAGCATTTTTATTTATATCATCTACAACTACATCTTCCTTCACATAATTATTTATATAAAAAGTATTATCATCTAAAGCATCTGAAAATTCTTCATTTAATACTTCTTCATCTTCTACATTAAATGTTTTCGTTCTTTCATCATCTAATAAA","Pf3D7_03_v3-85507-85756-1A.4","93G",2,0.00519480519480519,2
"IM-23-122-MADZ","8039832717","Maziba","Pf3D7_03_v3-85507-85756-1A","TATCATTTAAATTCTCTTTTTCCACAGCTCCAGCATTTTTATTTATATCATCTACAACTACATCTTCCTTCACATAATTATTTATATAAAAATTATTATCATCTAAAGCATCTGAAAATTCTTCATTTAATACTTCTTCATCTACATTAAATGTTTTCGTTCTTTCATCATCTAATAAA","Pf3D7_03_v3-85507-85756-1A.1","144D=TCT",383,0.994805194805195,2
"IM-23-122-MADZ","8039832717","Maziba","Pf3D7_14_v3-1992121-1992370-1A","ATTAAAACATTCCAACAATTTTATTTCCTTCTTTATAAAATTATATAAATTAATTATTTTCTTTTTATCACATTCAAAGACGGCATAAGGTGCACCCCATGAACATTTTTTACTTTTGCTACCATCAGGCATAATATAAACACCAGTACCATTTTTTTCTGATAAATTAATATTTTTTTGTATAACATCATA","Pf3D7_14_v3-1992121-1992370-1A.1","105+8N151+9N172+9N",9,1,1
"IM-23-122-MADZ","8039832717","Maziba","Pf3D7_02_v3-503040-503288-1A","ATTATGATTAATAATAATATTTCTCATAATTTCGTTAAATACATCTAAACTATTTATAGAACCATCTATATCATCTTCATTCCTATTTTGGTGAACTGATTCGGTGTTTATAACATCTAAGGTGTCTTTTTCTTCTCCTCTGTAACTTTTTATAATTTTTTGATAAATGTTGTTATAAGAATTATCA","Pf3D7_02_v3-503040-503288-1A.1","155+8N",976,1,1
"IM-23-122-MADZ","8039832717","Maziba","Pf3D7_07_v3-1028330-1028603-1A","TAAAGAATATTTTTATTTCTAATATTATGGCTAAAAGGAAAATTATTTAATTTCATTTTTTGTGGGTTACTTGTATCATTACAACTCATCATCATGACCATATTATTATTATTATTATTGTTGTTGTTGTTGTTGTGGTGGTTCATTACCAATAAATTTGTGTTATTATGTTCATCCTTTTTTATATTAACAATTTCATTTCTATAA","Pf3D7_07_v3-1028330-1028603-1A.2","55+8N101+36N177+8N202C",279,1,1
"IM-23-122-MADZ","8039832717","Maziba","Pf3D7_04_v3-284121-284364-1A","ATATTGTATATTATCATAAGATTTATATGGAGGACCACATTGAAATCCGACAATTTCATTTGATGCATGTAGTACACATTCCGTATTTCTGTTTGAATTATTTAAAATAATTTTATTACTTAGAAATGATTCTTTTTCACTATAATCTTTATATAACAAAGGTTCTTCATCAATTTGA","Pf3D7_04_v3-284121-284364-1A.4","163T",541,0.998154981549816,2
"IM-23-122-MADZ","8039832717","Maziba","Pf3D7_07_v3-105172-105442-1A","GACTACTAACAGAGTGACTACCTACGCTATGTTGAGATGAATTCCTTCCATCTGAATTACTTCCAGATAGGTGATTTTCTGTACTTCCATCTGAATTGTTTTTATATAATTGACTTTCCTTTTGTCCATCTAAATTATGCACTGCACTATGAGTTCCTTCACCCAAATTATTACTGTTTGTTGTATCATCATTTAAATCAAATCCATTTCTT","Pf3D7_07_v3-105172-105442-1A.1",".",398,0.99749373433584,2
"IM-23-122-MADZ","8039832717","Maziba","Pf3D7_07_v3-1043981-1044225-1A","ATAATGATATGTTATTTCATCATCAGCATCGACTTCTTTTTTATTATGTTCAAACAAATTCTTATATTTTATATTATTGCATTTTTGTCTTTCCATATTTATAAAAGATTCTATTTTCTTTTTATAATCATTCCTTTTTATATAATTACACATTCCTTCATTTTGGTTGTCATAACTCTTCT","Pf3D7_07_v3-1043981-1044225-1A.1","36+8N",935,1,1
"IM-23-122-MADZ","8039832717","Maziba","Pf3D7_11_v3-1902041-1902278-2","ATGAAACAAAATGTCCACCTAGATACCCTTTAAAATCAAAAGTTTTTGGAACCTTTGACCAAAAAACAGGAAAATGTAAAAGTCTCATGGACAAAGCATATGAAGTTGGAATTAATAAATTTTCAGTCTGTTTAGAATATTTATTTTTAGTATCACCTAAGGATTTATATAATAGCGGAAG","Pf3D7_11_v3-1902041-1902278-2.1","60+8N",1973,1,1
"IM-23-122-MADZ","8039832717","Maziba","Pf3D7_07_v3-105172-105442-1A","GACTACTAACAGAGTGACTACCTACGCTATGTTGAGATGAATTGCTTCCATTTGAATTACTTCCAGATAGGTGATTTTCTGTTCTTCCATCTGAATTGTTTTTATATAATTGACTTTCCTTTTGTCCATCTAAATTATGCACTGCACTATGAGTTCCTTCACCCAAATTATTACTGTTTGTTGTATCATCATTTAAATCAAATCCATTTCTT","Pf3D7_07_v3-105172-105442-1A.9","44G52T83T",1,0.0025062656641604,2
"IM-23-122-MADZ","8039832717","Maziba","Pf3D7_14_v3-2260533-2260765-1A","AATAACCATCAAATACAAACTCAACCAACAAATACAGTACAATATATTCAACCAAATTATCAACAAGTCATAACACAAGTAGATCAAAATGGTAATCTATTCAATCAACAGCTTGTAGGAAGTACAGTAATGCAAAATATGACACCACAAGGTGTAAACACGTTAAATTATCCTGCAACG","Pf3D7_14_v3-2260533-2260765-1A.3","61C91G",7,0.0075187969924812,2
"IM-23-122-MADZ","8039832717","Maziba","Pf3D7_11_v3-1376058-1376305-1A","TTTCTGGCTCGATATAATCCATTTCAATATTTATATTAGATATGAAACATCTATCTTCAATAGGTGAATTTGCTGCAAATTGAGCCATAGAAAAATGATTCTCATTCCTTTGAAAATATGAACTATTCAACTCATCAAGGTTTTCATATGTTATTTCATAACTGCCATCATCTGAATCCTCTTCATCA","Pf3D7_11_v3-1376058-1376305-1A.1","140G",780,1,1
"IM-23-122-MADZ","8039832717","Maziba","Pf3D7_11_v3-1374917-1375148-1A","TTTTTAAATGAAAATCTCCAAAGCTTCTGGTTGGTTGTAATCTACCTTTAACATAACAATTATCATAATGATGTGATAAGAGATGAAAAGGTGTTTTACATAATTCATATGTATTATTATTATTAACAGTTTTATAATCTCGAGTACATATTTTACATACTAATATA","Pf3D7_11_v3-1374917-1375148-1A.1","112+14N",863,1,1
"IM-23-122-MADZ","8039832717","Maziba","Pf3D7_04_v3-1113397-1113639-1A","GATTCTGCATGCAGTAATGAATCTATTGAAATCATCTAAGAATAAACTTTTTTGTTTAAACCATTTATTGAACATTTCACTTAAATGTGATTCAATTTTTTTTTCTGAGCTTTCCATAATTTGATTACAACTATTCAATTTGTTTGTATAAGTTTTAGGTCTTATTATTCTTTTACGTTTTAAATCATC","Pf3D7_04_v3-1113397-1113639-1A.2","47+8N95+11N",1355,1,1
"IM-23-122-MADZ","8039832717","Maziba","Pf3D7_04_v3-115455-115684-1A","TATTAATGTCATTTTGTTTTTCTTTATTATTATTATTTTTATTTTTTCCCTGGTTATCTTTCTTATTACCTAGCTTTTTTTTGTTGTCATTATTTTCTGTCTGATTATTATTTTTGACTTTGTTCATCTTTGAATTATCCGTTCTGTTTGTATGTCTCAAGCAAGGT","Pf3D7_04_v3-115455-115684-1A.16","24+25N61T74+10N",1430,1,1
"IM-23-122-MADZ","8039832717","Maziba","Pf3D7_11_v3-408543-408771-1A","AGAGTGTTAATAATACTACAGCTAGTCATATTTCCAAATCCAAAAATGAACTTGAAAAAAAGTCATCAGCTAATAATAATGCTTATATTAAAATAATCGAAAATTATGATTTATTATGGTTAAAATTAATAGAAATTGAATTATGTTGTAATAATAAAAATTTAAATCCTATA","Pf3D7_11_v3-408543-408771-1A.2","27C54+9N70C95A",80,1,1
"IM-23-122-MADZ","8039832717","Maziba","Pf3D7_14_v3-2004362-2004606-1A","TATTTCCATATTATTGTAATAGGGCTTTTTCTTGCTCTTCTAATTTTTGTATATCTTGCTTATCCTTATCTAATTGTCCAAGAGCATCTAATTCATCATCTACATTTATTTTATTTTCTTGAGAATATTCTTCAATTTTGTCTTCGAAACTGTTATATAATCTATTTATAATTGGTTG","Pf3D7_14_v3-2004362-2004606-1A.4","88C98A",383,1,1
"IM-23-122-MADZ","8039832717","Maziba","Pf3D7_04_v3-133928-134154-1A","TTTTGAAATATCTAATTTATCCATTTGCCTTTTTATTTCATAGTCCCAACTACTTACCCAGGTATTAAAATTAATACAATCCTGTTCTGCATATTTTATGGCTTTTAAATCCCTCAATTTAGTAGCCCTATCTTCACAATAATCTTCTAATATTTTAAT","Pf3D7_04_v3-133928-134154-1A.1","21C",1061,1,1
"IM-23-122-MADZ","8039832717","Maziba","Pf3D7_06_v3-416462-416720-1A","AAGAAAAAATGGACATTGTGGAGAATATAAAAAATAGAGGAAAGGAAAAAACAGAATTAACATATAAAGAAGTATATAAAACACAACAGAATCAAAATGATGCAAGTTTAAATTCATTTTGGGGTGATGAAAAAAAAAATAATAATTATGATATAGATATAGTAAAAGAGAAATATAGTGAGTTAATGAAAAAAAAAGAA","Pf3D7_06_v3-416462-416720-1A.1","3+8N28+8N45+8N129+12N188+11N",513,1,1
"IM-23-122-MADZ","8039832717","Maziba","Pf3D7_14_v3-2020604-2020849-1A","CAAGAACATGAATATTTCTGTAAATACATAGACAAGTCCTCATTATGTCTTATCACAGGGTGCTCTTCTTTAATATGACAATATAATTTTATATGTTTTATTATTTCTTGATGAATTTCACATAATAAAAATAATGTGTGATTCATATGTTGACTACCCAATATAGAAAAGCCACTAACTAATTG","Pf3D7_14_v3-2020604-2020849-1A.1","65+8N",771,1,1
"IM-23-122-MADZ","8039832717","Maziba","Pf3D7_14_v3-1956056-1956330-1B","CTAATTTTTTTTCTCCACTTTGTAATTTTTATTGTTGAATATATATATAAAGTTAAACCTATAAATAATACACTACCTAATAAACTATTCTTATATTTAAAAATAAATATAATACATGTTATTAATCCTTCTATTGTTGCCGGAATAATATACATTAAAACAGAACTCATCAAATTATTAGCACTCTCGGTACCTCTATCAACTATTCTCA","Pf3D7_14_v3-1956056-1956330-1B.2","4+10N",288,1,1
"IM-23-122-MADZ","8039832717","Maziba","Pf3D7_11_v3-1950431-1950680-2","AGATATATTTCAAGGAAAGGATGTGTGGAATGATGGGAAATATGGTGAAGCGAAAAATCATATTAAGAATGCTTTTGGTGATATGAACAATAGAAAAGCTATGTTAAATGAAATTGAGAAAGGAATTAAAGATGAAACGTTTAGTCGTGAAAATGGTTTAGACGTTTGTAAATCTCAATGTGAGGAAAG","Pf3D7_11_v3-1950431-1950680-2.3","23G98G",1211,1,1
"IM-23-122-MADZ","8039832717","Maziba","Pf3D7_11_v3-1934962-1935236-1A","TGATGTGCCAATATTAAGGATACATTTTCTAAAGCTTCTATCAGATAATGAAAATTTTTTCTGCGATTTTCATTTAAATCATTAAATATATTGGTTAGTTCTTGTATTGACGTTTTTGGATCTAAGGATGTAATTTGTTCATTTAATTCTTCTGTATATTCTAGATTAAAGTTTAAATTATTAAAATAACCTTCAGCATTATTTTCATTTTT","Pf3D7_11_v3-1934962-1935236-1A.1","54+10N98G",106,1,1
"IM-23-122-MADZ","8039832717","Maziba","Pf3D7_08_v3-549960-550215-1B","GATGAACTAACAAATTATGATAATCTAGTTTATGATATAAAAAATTATTTAGAACAAAGATTAAATTTTCTTGTATTAAATGGAATACCTCGTTATAGGATACTATTTGATATTGGATTAGGATTTGGGAAGAAACATGATCAATCTATTAAACTCTTACAAAATATACATGTATATGATGAGTATCCACTT","Pf3D7_08_v3-549960-550215-1B.3","4G38+8N128G",465,1,1
"IM-23-122-MADZ","8039832717","Maziba","Pf3D7_14_v3-2695837-2696082-1A","CGTTTTGTATCATATTATTAGATATAGTTATTTTATTATTATTTTCTACATTATTATTCAATATATTACATCCTGTTATGGAATTATTGTTAAAATATAAATTATTCGAATTGTTATTATTAAATTCTAATCCACTAACTGCTGTTGTATATAATGATGATGAGTTATTATTATAGAAATC","Pf3D7_14_v3-2695837-2696082-1A.2","28+16N53A",483,0.989754098360656,2
"IM-23-122-MADZ","8039832717","Maziba","Pf3D7_04_v3-140317-140548-1A","TCGGGACAATATTATAAGGATTTTATCACATCAAGGAAAAATATTTATAATATAAGGGAAAATATATCCAAAAATGTAGATATGATAAAAAATGAAGAAAAGAAGAAAATACAGAATTGTGTAGATAAATATAATTCTATAAAACAATATGTAAAAATGTTTAAA","Pf3D7_04_v3-140317-140548-1A.2","86+8N160T",1589,1,1
"IM-23-122-MADZ","8039832717","Maziba","Pf3D7_01_v3-535965-536239-1A","GCTCATTCGATATTTTCCAGTTGTTTGATTTTAAAAATGATGTATATTTTTTAGATGATAATTTGTTCGACAAGGATATGGTATATTGTACAAGTACCAACAATTATGGCATTATGGAAAATGATAATGATGATGATAAAATAATAAAAATACAGAATTTAAATGAGAAATTAAAAAATGGAAAAGCTGAATTTAAAGATATATTATTAT","Pf3D7_01_v3-535965-536239-1A.4","8C46+8N111A118A121+17N155G172+8N",302,1,1
"IM-23-122-MADZ","8039832717","Maziba","Pf3D7_11_v3-1295371-1295597-1A","AAGTAACATCAAATAATGAAGTTGTAGTTAAAGAAGAATATAAAGATGAATATGCAGATATTCCTGAACATAAACCAACTTATGATAAAATGAAAATTATAATTGCATCATCAGCTGCTGTCGCTGTATTAGCAACTATTTTAATGGTTTATCTTTATAAAAGAA","Pf3D7_11_v3-1295371-1295597-1A.1",".",778,1,1
"IM-23-122-MADZ","8039832717","Maziba","Pf3D7_03_v3-855426-855697-1A","GTTATTTCAGTATGAGTTTCAACAGTTAATACTACTTCAGGATATGGATTGATACTTAACGTATGTACTCTCAATAATCTAGTATCAAATATATATGAAAATGTATACTCAGGAAAACATATAGTAGATAATCCATTATTATTCTCTATACATATTTTACTTATAGCTATATAATCGTAATTATCTTCTATTACTATTGGTTCTGTG","Pf3D7_03_v3-855426-855697-1A.1","32C",293,1,1
"IM-23-122-MADZ","8039832717","Maziba","Pf3D7_04_v3-1037644-1037891-1A","GAAAGAGATTTAACAGATGATGCTGTGATTTTTGCACACTCACTTTATTTACCATTTGAAAAAGAAGAAATGTGGTGGATCGTTATCGGAATTAAAAAAATGAACTTACTTTTATCTATCAAAAAATTATCTTTATTGAAAAGTATCAATAATATAAAAATTAATTTCGAATTGCCTGACA","Pf3D7_04_v3-1037644-1037891-1A.2","93+9N120+8N145A",1125,1,1
"IM-23-122-MADZ","8039832717","Maziba","Pf3D7_14_v3-1392837-1393086-1A","ACATGTATTGTCCCCAGCATGAATCGGGTGATAAATATTATCAAGCGTATCAAAAAATGGATTGTAATTATTACTACTATTCATATCATTATTTTTTGTGGTGGTGGACTGTGAAATGTTTTCCTTATGATTTTGACTTGTGTGTATATCCCTACCAACAACATATTCAACATTATTATTATCAAAAA","Pf3D7_14_v3-1392837-1393086-1A.2","51+8N91+8N",765,1,1
"IM-23-122-MADZ","8039832717","Maziba","Pf3D7_14_v3-2481033-2481276-1B","CCATGTGGATAAAGACAGTAGAGAGCAATTCGAAATAAAACAGTACTCTTGCAAATTAGATATTTTTTTGAACTCATCTGTTCCTATAAAAAATTCTGAATGTAAGCAGAATAAATTATACACAAAAGAATATATATTCATTTTTATTTATTCACTTTATATATGTTTGTA","Pf3D7_14_v3-2481033-2481276-1B.1","62+9N87+8N172D=TGTATGTA",693,1,1
"IM-23-122-MADZ","8039832717","Maziba","Pf3D7_04_v3-133581-133830-1A","CTCTCGATTATCATTACCTACTTCAGTCTTTACAATTGTAGGAGGTGTTTTAACATGATTATCCCCTCCATGAGGAGTAACCCTTAAAGGTTCTTCTTGAATATTTGGTGTCGCTTCGCCTGTTTCTGTAGAAAGGATATTTATTCTATCAACATATTCATCACCTTCTTCAACTGTACTATTTAAA","Pf3D7_04_v3-133581-133830-1A.1",".",226,1,1
"IM-23-122-MADZ","8039832717","Maziba","Pf3D7_09_v3-1015103-1015350-1A","ATTATTTAATTTTTCATCTTTTATATTTTTCAGATTTTTTATATGAAGATATAGGAATACAACTAAATTAACAGCTGAAAATAATCTTACTAACAAAAATAATTTGAGGAATTCTTCATCATATAAATCTTTTGGAATATTATTTGTGTATTCATAAATTTCTATTAAGGATATAATAGTTATGA","Pf3D7_09_v3-1015103-1015350-1A.1","34+8N",136,1,1
"IM-23-122-MADZ","8039832717","Maziba","Pf3D7_04_v3-109939-110184-1A","CAACATCTGAATTATATAAATCTTTAGAAAAACAACTAATATCCTTACTCCATATATTTATTTTTATACCAAGAATAACAGCCATATAAACCAAAACTCTCTCAAATGCATGTGATACAGGTAAATAAGAAAAATGGGTTTTCGGTTTCATGTTTTTTATTACATTATGATCACATAATGGTGCTACT","Pf3D7_04_v3-109939-110184-1A.2","51C108G152+8N",639,1,1
"IM-23-122-MADZ","8039832717","Maziba","Pf3D7_08_v3-585331-585590-1A","TGAAAACTTTTCATGTACGGTTAATAAACAAAATAATTCTGAATTATATATAAGTAAAACTTCTTCTACATCTCTAAATTTATGCATTGTAGCTCTTTTAAGATAATAAGGCAAATATTTTACAATATATTTTTGTTTAAAAAAACCTTGATGACCAACATTAATATCTTCCATTTTGGAAAAGGTTCCACTTAACG","Pf3D7_08_v3-585331-585590-1A.1","138+9N",344,1,1
"IM-23-122-MADZ","8039832717","Maziba","Pf3D7_04_v3-1005938-1006187-1A","GTCTTAACATTAATCTTAGTTACAAAGTTACATGGATTTATTGAAAAGATATTTTCGTCACTATATTTCTTTTTTTCCATATCTGTTTGATCATTTTGATATGTTTTCATATTATCCATATGTTCATTATTTTGATCAATATAATTTTTTTTTATAATAAATTTAGAATTATTTTTAAAGAAA","Pf3D7_04_v3-1005938-1006187-1A.3","69+9N144+11N",428,1,1
"IM-23-122-MADZ","8039832717","Maziba","Pf3D7_14_v3-2355614-2355853-1A","ACTTTTCTCGATTCACATTATCCAAACCCATTTAACGAGTATGAAAAATATGACAAACATTATTATGAACTTGAAAATATTTTAAAAAACAAACTTAATGAACAATCCTTAAATTATCAATCTTTGTTAAAAATGAAAAGATTTATAAGTATGAACGATATGGAAAATAATAA","Pf3D7_14_v3-2355614-2355853-1A.2","83+8N105A",788,1,1
"IM-23-122-MADZ","8039832717","Maziba","Pf3D7_11_v3-1816152-1816378-1A","TTGGGTAGATATCGTTATAAGGGCTATAATGTATTGACTTCTCCGGGTTTGTTACATTATCATTACAACCAATATTATTAAGGTTCATATTATTTTTATCATTATTATTGTTGTTTTCATTTGTGTGGTTATATAATAACAATGATGTGTCGTCTATTGGATCATT","Pf3D7_11_v3-1816152-1816378-1A.4","50T86C90T",1638,1,1
"IM-23-122-MADZ","8039832717","Maziba","Pf3D7_14_v3-137398-137668-1A","ACCATTCATATTTTCTAGGTTTGTTTAACCAATTACATATATATAATATATTACAAAATAATTGTTTTAATAATATATGTTTAGTTAATATTAATTCAATACTACTTAATTTATTTCTTATATTTTTTAAAAGATCTTCATAAACAAAATCAAAATTATCTATTAATAATAAATAACCAAATCTTTTATGCACATTTTTTATTC","Pf3D7_14_v3-137398-137668-1A.1","122+8N191C194+8N",81,1,1
"IM-23-122-MADZ","8039832717","Maziba","Pf3D7_08_v3-585993-586266-1A","TGTAAATATAAATCATACGTATGACATGAATCATCATTTAATGCATTCTTAATTGTTAATGCTAATCTACTTACAATAATATAAGCAAAGTTTATATGAGAATGAATACCTTCTTTTCCTAAAAAGTTATAAAGACTAACAAATGGAGCATATATTATAAATTTATCATACTTTTTTTTGTGCATAACTTCATTTAATAAAATATTT","Pf3D7_08_v3-585993-586266-1A.1","171+10N",743,1,1
"IM-23-122-MADZ","8039832717","Maziba","Pf3D7_03_v3-980853-981120-2","TAAGATTCTTTTGAGTTATTTATTTTCCAAATAATTTGGTTATATATATATGAAAATTCGATCATACCACATGCTCCAAGAATAATAGATGCATCGTCATTATATTGGAATGTAAAACTTTCATCATACTCATTTGTATTAGGTACACAAGAATCATCTTTATTTTTATAATTTTCTTTACATGTACAATTAATTTTACTATATT","Pf3D7_03_v3-980853-981120-2.1",".",242,1,1
"IM-23-122-MADZ","8039832717","Maziba","Pf3D7_03_v3-891553-891827-1A","CAAGAGCTAAGAAAACATATAGAATCATCATAAGGATGTTGATAATATAAATGTGTTTTTATTTGTGTATTTATGTCAGAATATTGTTCCTTCGATTTATCTTTAAAATAATCAAGATTATTTATGTTGGTGGCTTTATTATTATTAAAATAATTTTGATTTGTTACATGATGACTATGGGTATATTTGTATTTTACGTTTTTATTA","Pf3D7_03_v3-891553-891827-1A.1","93C116G178T",280,1,1
"IM-23-122-MADZ","8039832717","Maziba","Pf3D7_04_v3-1083299-1083563-2","ATACACTTTCCATATGTAGAGGACTTATGATATATAGAATTATAAGATAAATGTTTATAATAATCTAAAAAAGTATAATGAGGTATTATAACAAAATCCAAATGTCCTTCTTTTTCTTGTAAAATATCAATAGAATTTGCAATGTTATAATTTGATAACTCTTTAAAATGATATTGTAAAAAATTAACATTTTTATA","Pf3D7_04_v3-1083299-1083563-2.1","66+8N177+8N",417,1,1
"IM-23-122-MADZ","8039832717","Maziba","Pf3D7_14_v3-2260533-2260765-1A","AATAACCATCAAATACAAACTCAACCAACAAATACAGTACAATATATTCAACCAAATTATGAACAAGTCATAACACAAGTAGATCAAAATCGTAATCTATTCAATCAACAGCTTGTAGGAAGTACAGTAATGCAAAATATGACACCACAAGGTGTAAACACGTTAAATTATCCTGCAACG","Pf3D7_14_v3-2260533-2260765-1A.2",".",924,0.992481203007519,2
"IM-23-122-NLRL","8039832561","Maziba","Pf3D7_08_v3-476232-476475-1A","CAAACACATGATAACCAAAAGTGTAAGGAAAATTTTTCAAATTCATTTGTTAATGAAATATATGAAAAAGAAGAAAAAGAAACGCAAAAAATGAAAGAATATTTAGAACAACATGAAGAACATTTTTCAACGTTTAGAAATTCAATTTTATGTAAATTAAGAATAGCTGAAGAATT","Pf3D7_08_v3-476232-476475-1A.3","15C85+8N",527,0.133316468504933,3
"IM-23-122-NLRL","8039832561","Maziba","Pf3D7_08_v3-550057-550318-2","ACTATTTGATATTGGATTAGGATTTGCGAAGAAACATGATCAATCTATTAAACTCTTACAAAATATACATGTATATGATGAGTATCCACTTTTTATTGGATATTCAAGAAAAAGATTTATTGCCCATTGCATGAATGATCAAAATGTTGTAATAAATACACAACAAAAATTACATGATGAACAACAAAATGAAAATAAAAATA","Pf3D7_08_v3-550057-550318-2.1",".",3860,0.884712353884942,2
"IM-23-122-NLRL","8039832561","Maziba","Pf3D7_08_v3-549960-550215-1B","GATGAACTAACAAATTATGATAATCTAGTTTATGATATAAAAAATTATTTAGAACAAAGATTAAATTTTCTTGTATTAAATGGAATACCTCGTTATAGGATACTATTTGATATTGGATTAGGATTTGGGAAGAAACATGATCAATCTATTAAACTCTTACAAAATATACATGTATATGATGAGTATCCACTT","Pf3D7_08_v3-549960-550215-1B.3","4G38+8N128G",400,0.23121387283237,2
"IM-23-122-NLRL","8039832561","Maziba","Pf3D7_03_v3-221295-221532-2","AAGGAACAAGAAGGATAATACCATTATTAATCCTATTGAACTATTTACGACATTAAACACACTGGAACATTTTTCCATTTTACAAATTTTTTTTTCAATATCATTTGCATAATCTAATTCGTCTTTAGGTTTATTAGCAGAGCCAGGCTTTATTCTAACTTGAATACCATTTCCACAAGTTA","Pf3D7_03_v3-221295-221532-2.7","86+11N",812,0.218338262973918,4
"IM-23-122-NLRL","8039832561","Maziba","Pf3D7_08_v3-549960-550215-1B","GATGAACTAACAAATTATGATAATCTAGTTTATGATATAAAAAATTATTTAGAACAAAGATTAAATTTTCTTGTATTAAATGGAATACCTCGTTATAGGATACTATTTGATATTGGATTAGGATTTGCGAAGAAACATGATCAATCTATTAAACTCTTACAAAATATACATGTATATGATGAGTATCCACTT","Pf3D7_08_v3-549960-550215-1B.1","4G38+8N",1330,0.76878612716763,2
"IM-23-122-NLRL","8039832561","Maziba","Pf3D7_08_v3-412801-413062-1A","ATGAAGAAATATACGAATATATACTTATAAACGATATTTTTAATTTAAAAAAAGAAATAAAAAATTTCAATATATTAAATAAATATGATGTATTTGAATATATTATTATTATTTTAAAATTGTATGATAAAATATATCCTGATGCAGAGTACATCGAATGTGTACGAGAAACATCACAGAATGGTGACCTTTTA","Pf3D7_08_v3-412801-413062-1A.4","46+9N58+8N101+13N147G188C190T",496,0.654353562005277,2
"IM-23-122-NLRL","8039832561","Maziba","Pf3D7_02_v3-628941-629172-1A","ACTTTTTTTAGATTTTTCTTGATCGTTTTCATCATTTTTTATTTCCTGTTCATCTGAGGTTTTCTTTTGTAAACGCTTAGTGCGTCCCTTTTGACCTTTTAATTTTTTTTTAAATATATTTTTAACTTGATCAATGAAGAAAGCATAATCTTGTATGACAGAAAATCT","Pf3D7_02_v3-628941-629172-1A.4","2+9N34+8N86C102+11N",2170,0.385093167701863,3
"IM-23-122-NLRL","8039832561","Maziba","Pf3D7_08_v3-549583-549807-1B","ACGTGCTGTTCAAAGAATGTTTGAAATGATAAATGAAGGTGCTAGTGTTATAGATATAGGTGGAGAATCCTCTGGTCCTTTTGTTATACCTAATCCAAAAATTAGTGAAAGAGATTTAGTAGTACCTGTATTACAATTATTTCAAAAAGAATGGAATGATATAAA","Pf3D7_08_v3-549583-549807-1B.1",".",4451,1,1
"IM-23-122-NLRL","8039832561","Maziba","Pf3D7_08_v3-585993-586266-1A","TGTAAATATAAATCATACGTATGACATGTATCATCATTTAATGCATTCTTAATTGTTAATGCTAATCTACTTACAATAATATAAGCAAAGTTTATATGAGAATGAATACCTTCTTTTCCTAAAAAGTTATAAAGACTAACAAATGGAGCATATATTATAAATTTATCATACTTTTTTTTGTGCATAACTTCATTTAATAAAATATTT","Pf3D7_08_v3-585993-586266-1A.2","29T171+10N",98,0.0390593862096453,2
"IM-23-122-NLRL","8039832561","Maziba","Pf3D7_09_v3-1015103-1015350-1A","ATTATTTAATTTTTCATCTTTTATATTTTTCAGATTTTTTATATGAAGATATAGGAATACAACTAAATTAACAGCTGAAAATAATCTTACTAACAAAAATAATTTGAGGAATTCTTCATCATATAAATCTTTTGGAATATTATTTGTGTATTCATAAATTTCTATTAAGGATATAATAGTTATGA","Pf3D7_09_v3-1015103-1015350-1A.1","34+8N",326,0.383981154299176,3
"IM-23-122-NLRL","8039832561","Maziba","Pf3D7_13_v3-1146764-1147010-1A","AAATTTTCTCCTAAAGTTATGCCTTTGTTAATGAAGGAGAAGAACGTGAAACTTAAAGCACCTCCTAAAGGTACTATAAAGCATACGCTAGAATATTTAAAAAGAGCAGCAGAATCAAGAATGAAAGAAAATGAATTATACAAATCAAAAAAAGATAGCACACTTAGTTCAATTGCAATTAGAAAAAATTCC","Pf3D7_13_v3-1146764-1147010-1A.8","53T64C146+9N182+8N",700,0.233100233100233,3
"IM-23-122-NLRL","8039832561","Maziba","Pf3D7_09_v3-1015103-1015350-1A","ATTATTTAATTTTTCATCTTTTATATTTTTCAGATTTTTTATATGAAGATGTAGGAATACAACTAAATTAACAGCTGAAAATAATCTTACTAACAAAAATAATTTGAGGAATTCTTCATCATATAAATCTTTTGGAATATTATTTGTGCATTCATAAATTTCTATTAAGGATATAATAGTTATGA","Pf3D7_09_v3-1015103-1015350-1A.2","34+8N51G149C",26,0.0306242638398115,3
"IM-23-122-NLRL","8039832561","Maziba","Pf3D7_03_v3-221463-221712-1B","ACTTGAATACCATTTCCACAAGTTACACTACATGGGGACCATTCAGTTGAAAGAGAATTTTTTATTGTCTTTAAATATTTTTCTATGTGCTGATCACTTGGTTCTTCGTTATTATTATTTTTTACAGCATTGTTGGCATTAGCATTTTCATCTACATTTCGGTTTGGGTCATTTGGCATATTGTGACCTTGTC","Pf3D7_03_v3-221463-221712-1B.8","62T67G69C80T83C92G117+8N130T",186,0.177650429799427,3
"IM-23-122-NLRL","8039832561","Maziba","Pf3D7_02_v3-628941-629172-1A","ACTTTTTTTAGATTTTTCTTGATCGTTTTCATCATTTTTTATTTCCTGTTCATCTGAGGTTTTCTTTTGTAAACGCTTAGTGCGTTCCTTTTGACCTTTTAATTTTTTTTTAAATATATTTTTAACTTGATCAATGAAGAAAGCATAATCTTGTATGACAGAAAATCT","Pf3D7_02_v3-628941-629172-1A.3","2+9N34+8N102+11N",30,0.00532386867790594,3
"IM-23-122-NLRL","8039832561","Maziba","Pf3D7_08_v3-412801-413062-1A","ATGAAGAAATATACGAATATATACTTATAAACGATATTTTTAATTTAAAAAAAGAAATAAAAAATTTCAATATATTAAATAAATATGATGTATTTGAATATATTATTATTATTTTAAAATTGTATGATAAAATATATCCTGATGCAAAGTACATCGAATGTGTACGAGAAACATCACAGAATGGTGACCTTTTA","Pf3D7_08_v3-412801-413062-1A.1","46+9N58+8N101+13N188C190T",262,0.345646437994723,2
"IM-23-122-NLRL","8039832561","Maziba","Pf3D7_08_v3-585703-585949-1A","AAACACATCATCAAAAGTTTCTGATATTGGCTTGTTTGATTCTTTATATTTAAAATCTTTATATAAATAAAATCTATCTTTCTTAAAATATGGATCTTTACGTACTTCAATCGAATCACTATCAGTTACAATATTTATATCTTTTAATGTTAAGTGGAAATTAGAATCAATAATAGCTA","Pf3D7_08_v3-585703-585949-1A.1",".",3412,0.775102226260791,4
"IM-23-122-NLRL","8039832561","Maziba","Pf3D7_08_v3-476232-476475-1A","CAAACACATGATAAACAAAAGTGTAAGGAAAATTTTTCAAATTCATTTGTTAATGAAATATATGAAAAAGAAGAAAAAGAAACGCAAAAAATGAAAGAATATTTAGAACAACATGAAGAACATTTTTCAACGTTTAGAAATTCAATTTTATGTAAATTAAGAATAGCTGAAGAATT","Pf3D7_08_v3-476232-476475-1A.1","85+8N",2316,0.585884138628889,3
"IM-23-122-NLRL","8039832561","Maziba","Pf3D7_08_v3-550057-550318-2","ACTATTTGATATTGGATTAGGATTTGGGAAGAAACATGATCAATCTATTAAACTCTTACAAAATATACATGTATATGATGAGTATCCACTTTTTATTGGATATTCAAGAAAAAGATTTATTGCCCATTGCATGAATGATCAAAATGTTGTAATAAATACACAACAAAAATTACATGATGAACAACAAAATGAAAATAAAAATA","Pf3D7_08_v3-550057-550318-2.2","27G",503,0.115287646115058,2
"IM-23-122-NLRL","8039832561","Maziba","Pf3D7_02_v3-630641-630907-1A","CTAAGTTATCTAAAATTATTAATTTTTTCAAATATGGTAATTCATGTCTATGAAGTAATAAGCCATCAACTAAATCTAAATCTAAACATAACCATTCTAATTTCGTTTCATTTAATATGTTTACAATTACATCTATACTAAAGTTAGAATGTAAAATCAAGGTTGTTACACCACTCATCATAGCTGCCATATCAACAAT","Pf3D7_02_v3-630641-630907-1A.3","22+8N",991,0.37297704177644,2
"IM-23-122-NLRL","8039832561","Maziba","Pf3D7_02_v3-503040-503288-1A","ATTATGATTAATAATAATATTTCTCATAATTTCGTTAAATACATCTAAACTATTTATAGAACCATCTATATCATCTTCATTCCTATTTTGGTGAACTGATTCGGTGTTTATAACATCTAAGGTGTCTTTTTCTTCTCCTCTGTAACTTTTTATAATTTTTTGATAAATGTTGTTATAAGAATTATCA","Pf3D7_02_v3-503040-503288-1A.1","155+8N",2289,0.529493407356003,2
"IM-23-122-NLRL","8039832561","Maziba","Pf3D7_03_v3-221185-221419-1B","AAATAAATTAAATAGGAAAATATAAAGAAAAATGAAAATTAAGAAAAAAAGTAGTATATATTTTTATAAATATTGTACAACTCAAACTAAGATGTGTTCTTTATCTAATTAAGGAACAAGAAGGATAATACCATTATTAATCCTATTGAACTATTTACGACATTAAACA","Pf3D7_03_v3-221185-221419-1B.1","43+9N",2325,1,1
"IM-23-122-NLRL","8039832561","Maziba","Pf3D7_03_v3-221463-221712-1B","ACTTGAATACCATTTCCACAAGTTACACTACATGGGGACCATTCAGTTGAAAGAGAATTTTGTATTTTGTTTAAATATTCTTTTATGTGCTTATCACTTGGTTCTTCGTTATTATTATTTTTTACAGCACTGTTGGCATTAGCATTTTCATCTACATTTCGGTTTGGGTCATTTGGCATATTGTGACCTTGTC","Pf3D7_03_v3-221463-221712-1B.17","117+8N",387,0.369627507163324,3
"IM-23-122-NLRL","8039832561","Maziba","Pf3D7_08_v3-476232-476475-1A","CAAACACATGATAAACAAAAGTGTAAGGAAAATTTTTCAAATTCTTTTGTTAATGAAATATATGAAAAAGAAGAAAAAGAAACGCAAAAAATGAAAGAATATTTAGAACAACATGAAGAACATTTTTCAACGTTTAGAAATTCAATTTTATGTAAATTAAGAATAGCTGAAGAATT","Pf3D7_08_v3-476232-476475-1A.2","45T85+8N",1110,0.280799392866178,3
"IM-23-122-NLRL","8039832561","Maziba","Pf3D7_02_v3-630641-630907-1A","CTAAGTTATCTAAAATTATTAATTTTTTCAAATATGGTAATTTATGTCTATGAAGTAATAAGCCATCAACTAAATCTAAATCTAAACATAACCATTCTAATTTCGTTTCATTTAATATGTTTACAATTACATCTATACTAAAGTTAGAATGTAAAATCAAGGTTGTTACACCACTCATCATAGCTGCCATATCAACAAT","Pf3D7_02_v3-630641-630907-1A.1","22+8N43T",1666,0.62702295822356,2
"IM-23-122-NLRL","8039832561","Maziba","Pf3D7_08_v3-585331-585590-1A","TGAAAACTTTTCATGTACGGTTAATAAACAAAATAATTCTGAATTATATATAAGTAAAACTTCTTCTACATCTCTAAATTTATGCATTGTAGCTCTTTTAATATAATAAGGCAAATATTTTACAATATATTTTTGTTTAAAAAAACCTTGATGACCAACATTAATATCTTCCATTTTGGAAAAGGTTCCACTTAACG","Pf3D7_08_v3-585331-585590-1A.2","102T138+9N",2027,0.801185770750988,2
"IM-23-122-NLRL","8039832561","Maziba","Pf3D7_05_v3-796518-796759-1A","TGGTTCTTCAATTGTTCATATAAGTTCTTTATTAGTAGGTGTATATTTATGTAGTAGTAGTGCAAATGCATTTAATCAAATTATTGAAAGAAATATAGATAAGTTAATGAAAAGAACCCAAAAAAGACCCTTAGCAAATAATAATCCAAATATGTCAGTTAAGCATGCTGAAATAT","Pf3D7_05_v3-796518-796759-1A.2","119+8N163G",339,0.115149456521739,4
"IM-23-122-NLRL","8039832561","Maziba","Pf3D7_08_v3-585993-586266-1A","TGTAAATATAAATCATACGTATGACATGAATCATCATTTAATGCATTCTTAATTGTTAATGCTAATCTACTTACAATAATATAAGCAAAGTTTATATGAGAATGAATACCTTCTTTTCCTAAAAAGTTATAAAGACTAACAAATGGAGCATATATTATAAATTTATCATACTTTTTTTTGTGCATAACTTCATTTAATAAAATATTT","Pf3D7_08_v3-585993-586266-1A.1","171+10N",2411,0.960940613790355,2
"IM-23-122-NLRL","8039832561","Maziba","Pf3D7_08_v3-399693-399961-1A","CTTTTCTTCACCTTGGTTTATTACATTATTATTTTCATCATTGTGTTGAATGTCCTTATAAATATGTTCATTAATAATATCTTTGGAAGTATCTTCCATATTTTCTTCTTTATCAATTTTAAATACTTTTTCATAACTTTCATTTTCTTTTTTCTCCTTGGATGTTTCTAATTTATTCTCGTCATTTTTATCAAAATTATTTTTATAACTTTCA","Pf3D7_08_v3-399693-399961-1A.1","147+8N",2348,0.988215488215488,2
"IM-23-122-NLRL","8039832561","Maziba","Pf3D7_08_v3-585703-585949-1A","AAACACATCATCAAAAGTTTCTGATATTGGCTTGTTTGATTCTTTATATTTAAAATCTTTATATAAATAAAATCTATCTTTCTTAAAATATGGATCTTTACGTAGTTCAATCGAATCACTATCAGTTACAATATTTATATCTTTTAATGTTAAGTGGAAATTAGAATCAATAATAGCTA","Pf3D7_08_v3-585703-585949-1A.4","105G",165,0.0374829622898682,4
"IM-23-122-NLRL","8039832561","Maziba","Pf3D7_03_v3-515418-515657-1A","TTTCCTTAATTTCTATATGTTTGAATTCCCTTATAGACATATTTGAATCATTATTACTTTTATATGAAGTGTTATTATCGAAATTATTATTAATACATTTTATTTTAATGATTTTGTTAAAATTTTTATTATTTACTATAATGGAAGTCAGATATGTACTTATCGTATGGAAAGCTAATCATCAACA","Pf3D7_03_v3-515418-515657-1A.2","5C",2574,0.331487443657437,3
"IM-23-122-NLRL","8039832561","Maziba","Pf3D7_05_v3-960810-961048-1B","TAATACAGGAAGCATTTTATAATATGCATACTGTTATTAATTATGGTTTAGAAGATTATTTCTGTAATTTGATAGAAAAAGCTATTGATTATAAAAATAAAGGACAAAAAAGAAGAATTATTGTAAATGCAGCTTTATGGGGATTCAGTCAAAGCGCTCAATTATTTATTAATAGTTT","Pf3D7_05_v3-960810-961048-1B.1","105+8N",2266,1,1
"IM-23-122-NLRL","8039832561","Maziba","Pf3D7_13_v3-1146764-1147010-1A","AAATTTTCTCCTAAAGTTATGCCTTTGTTAATGAAGGAGAAGAACGTGAAACATAAAGCACCTCCTAAAGGTACTATAAAGCATACGCTAGAATATTTAAAAAGAGCAGCAGAATCAAGAATGAAAGAAAATGAATTATACAAATCAAAAAAAGATAGCACACTTAGTTCAATTGCAATTAGAAAAAATTCC","Pf3D7_13_v3-1146764-1147010-1A.2","64C146+9N182+8N",2191,0.72960372960373,3
"IM-23-122-NLRL","8039832561","Maziba","Pf3D7_13_v3-1146764-1147010-1A","AAATTTTCTCCTAAAGTTATGCCTTTGTTAATGAAGGAGAAGAACGTGAAACATAAAGCACCTCCTAAAGGTACTATAAAGCATACGCTAGAATATTTAAAAAGAGCAGGAGAATCAAGAATGAAAGAAAATGAATTATACAAATCAAAAAAAGATAGCACACTTAGTTCAATTGCAATTAGAAAAAATTCC","Pf3D7_13_v3-1146764-1147010-1A.1","64C110G146+9N182+8N",112,0.0372960372960373,3
"IM-23-122-NLRL","8039832561","Maziba","Pf3D7_09_v3-1406342-1406614-1A","TCTCAGATTATCATAGTGTTGTGGATGAAGATTTAATTAATTTTAATGATGATGTTACTTTAGAAACACAATCCATGATAGCACACGGAGGGTCTTTGTCAGAAATAGAAGAAACTGGAGATTTATCTTCAGATGTTGATAGATTACTTTCATCAATCGAAACTACTCCAAGAGATGATGTTGTATATATACGAGGTGATATTATATT","Pf3D7_09_v3-1406342-1406614-1A.1","148T204A",2178,0.654250525683388,2
"IM-23-122-NLRL","8039832561","Maziba","Pf3D7_09_v3-163813-164052-1A","GTAATAATAATAATAATAATGTATTTCTTTCATCAAGTGATCCAAATAAATTAAACACAACACAATCACCATTTGGTTTATCATCTATTGGAAATCTAAATACAAACAATAAATTAAATAGCTTTCCAGATTTTAGTCAAGCTAATAAAACATTTCTACAAAATGATAGCTTAT","Pf3D7_09_v3-163813-164052-1A.4","2+19N28T64A131T",1365,0.508001488649051,2
"IM-23-122-NLRL","8039832561","Maziba","Pf3D7_13_v3-1004740-1005002-1A","TTACATCGTAAAAATAATTTAAAATATTATATATATTATCTTTTCCTTTTCGGGGGTCTCTTTTCTTTATATATATATTTACATTTCTCTTCATTTTATTACATGATAAATTAATATTTAATGTACTAATATATATATTATTAATTTTTATTTTATTCTTCTTTTTTATATTAAAACAAAATGAAGACTCTTTAA","Pf3D7_13_v3-1004740-1005002-1A.67","50+8N155A161+8N188C",6,0.028436018957346,4
"IM-23-122-NLRL","8039832561","Maziba","Pf3D7_08_v3-585703-585949-1A","AAACACATCATCAAAAGTTTCTGATATTGGCTTGTTTGATTCTTTATATTTAAAATCTTTATATAAATAAAATCTATCTTTCTTAAAATATGGATCTTTACGTACTTCAATCGAATCCCTATCAGTTACAATATTTATATCTTTTAATGTTAAGTGGAAATTAGAATCAATAATAGCTA","Pf3D7_08_v3-585703-585949-1A.2","118C",781,0.17741935483871,4
"IM-23-122-NLRL","8039832561","Maziba","Pf3D7_08_v3-1370603-1370853-1B","AAAAGTAATTAAAAAAAAAAAAAATGAAAATAAAAAAAAACATTACATATTTTTTTATGTATAAAATATTTTAAAGCACTGAGATTATTTATGTTATAAATTAATTGAATGTTTAAAAGATTATAAAATTTTATTTATGAAAATATATGAATATATATAATATAAGCAGGTATTAAATAACCAAATAATAT","Pf3D7_08_v3-1370603-1370853-1B.2","10+32N49+9N",148,0.259649122807018,2
"IM-23-122-NLRL","8039832561","Maziba","Pf3D7_08_v3-1370603-1370853-1B","AAAAGTAATTAAAAAAAAAAAAATGAAAATAAAAAAAAACATTACATATTTTTTTATGTATAAAATATTTTAAAGCACTGAGATTATTTATGTTATAAATTAATTGAATGTTTAAAAGATTATAAAATTTTATTTATGAAAATATATGAATATATATAATATAAGCAGGTATTAAATAACCAAATAATAT","Pf3D7_08_v3-1370603-1370853-1B.1","10+32N49+9N",422,0.740350877192982,2
"IM-23-122-NLRL","8039832561","Maziba","Pf3D7_08_v3-1370814-1371045-2","TGTTGCAATATATTACTAAAAAATAGAATTATTATGTTATTTTGATCATATGGGAATACATTTAAATATTTATATTCTGATGAATATTCTTATAAAAAAAAAAGGGGGGGGGGAAATAATACGTTCATGATTTATTTATATTTCAATATATTTTCTATTTTGCGA","Pf3D7_08_v3-1370814-1371045-2.2","17+8N93+21N",1831,1,1
"IM-23-122-NLRL","8039832561","Maziba","Pf3D7_08_v3-1375025-1375284-1B","CAAGTTATTATTAAATGCGGAATTATTCTATATAAAAATAAAAAAGCATTTAAAAATGAAAAAATTTATATATATACAATATATAAATATATATATATATATATATATATATATATATTATTATTATATGTATTTTTATAATTGAATGATATATTTATTTCTATTTGCAATTAAAATGCTTACGTTATCTAACAAAAGTACGGAGGCAAAA","Pf3D7_08_v3-1375025-1375284-1B.6","39+8N58+8N67+53N",2,0.032258064516129,4
"IM-23-122-NLRL","8039832561","Maziba","Pf3D7_08_v3-1375025-1375284-1B","CAAGTTATTATTAAATGCGGAATTATTCTATATAAAAATAAAAAAGCATTTAAAAATGAAAAAATTTATATATATACAATATATAAATATATATATATATATATATATATATATTATTATTATATGTATTTTTATAATTGAATGATATATTTATTTCTATTTGCAATTAAAATGCTTACGTTATCTAACAAAAGTACGGAGGCAAAA","Pf3D7_08_v3-1375025-1375284-1B.4","39+8N58+8N67+53N",24,0.387096774193548,4
"IM-23-122-NLRL","8039832561","Maziba","Pf3D7_08_v3-1375025-1375284-1B","CAAGTTATTATTAAATGCGGAATTATTCTATATAAAAATAAAAAAGCATTTAAAAATGAAAAAATTTATATATATACAATATATAAATATATATATATATATATATATTATTATTATATGTATTTTTATAATTGAATGATATATTTATTTCTATTTGCAATTAAAATGCTTACGTTATCTAACAAAAGTACGGAGGCAAAA","Pf3D7_08_v3-1375025-1375284-1B.19","39+8N58+8N67+53N",4,0.0645161290322581,4
"IM-23-122-NLRL","8039832561","Maziba","Pf3D7_03_v3-515418-515657-1A","TTTCTTTAATTTCTATATGTTTGAATTCCCTTATAGACATATTTGAATCATTATTACTTTTATATGAAGTGTTATTATCGAAATTATTATTAATACATTTTATTTTAATGATTTTGTTAAAATTTTTATTATTTACTATAATGGAAGTCAGATATGTACTTATCGTATGGAAAGCTAATCATCAACA","Pf3D7_03_v3-515418-515657-1A.1",".",4957,0.638377334191887,3
"IM-23-122-NLRL","8039832561","Maziba","Pf3D7_03_v3-221295-221532-2","AAGGAACAAGAAGGATAATACCATTATTAATCCTATTGAACTATTTACGACATTAAACACACTGGAACATTTTTCCATTTTACAAATTTTTTTTTCAATATCATTTGCATAATCTAATTGGTCTTTAGGTTTATTAGCAGAGCCAGGCTTTATTCTAACTTGAATACCATTTCCACAAGTTA","Pf3D7_03_v3-221295-221532-2.1","86+11N120G",611,0.16429147620328,4
"IM-23-122-NLRL","8039832561","Maziba","Pf3D7_08_v3-585331-585590-1A","TGAAAACTTTTCATGTACGGTTAATAAACAAAATAATTCTGAATTATATATAAGTAAAACTTCTTCTACATCTCTAAATTTATGCATTGTAGCTCTTTTAAGATAATAAGGCAAATATTTTACAATATATTTTTGTTTAAAAAAACCTTGATGACCAACATTAATATCTTCCATTTTGGAAAAGGTTCCACTTAACG","Pf3D7_08_v3-585331-585590-1A.1","138+9N",503,0.198814229249012,2
"IM-23-122-NLRL","8039832561","Maziba","Pf3D7_08_v3-336421-336651-1A","TAACAACGAACCCATAAATTTACAGAAAAATTTAGATTTAATCATATGGCTAAAAAAGAATATAAAAGAAGGAGAAGCTTTAATTTCTGATATACCTACATCAAGTTTTTTAAGGTGTACTACAAATTATAAATTTGTATTGCATCCCCAATATGAAGATAGT","Pf3D7_08_v3-336421-336651-1A.3","51+8N97T105+8N148C",4072,0.894355370085658,3
"IM-23-122-NLRL","8039832561","Maziba","Pf3D7_08_v3-399693-399961-1A","CTTTTCTTCACCTTGGTTTATTACATTATTATTTTCATCATTGTGTTGAATGTCCTTATAAATATGTTCATTAATAATATCTTTGGAAGTATCTTCCATATTTTCTTCTTTATCAATTTTAAATACTTTTTCATAACTTTCATTTTCTTTTTTCTCCTTGGATGTTTCTAATTTATTCAAGTCATTTTTATCAAAATTATTTTTATAACTTTCA","Pf3D7_08_v3-399693-399961-1A.3","147+8N179A180A",28,0.0117845117845118,2
"IM-23-122-NLRL","8039832561","Maziba","Pf3D7_14_v3-279563-279833-1A","CATTTTTCTTTTAAATGAGAGCAATATATTTCTTAGGTTTATTCCGGATAAATGTTTAGTTATTAGCCAGGTGAGTTATAGTGATTCATATAAGGTAAATTGTATTAATTTCTCTGAAGGATTTTGTTGCTGTCATCCAATAAATAATTTAGCACTATTATATGGAGAGTATCAACAAAATCAAGAATCAAACATTATGAAATTACCG","Pf3D7_14_v3-279563-279833-1A.4","77T193C",28,0.0214888718342287,3
"IM-23-122-NLRL","8039832561","Maziba","Pf3D7_08_v3-1366626-1366856-1B","CTTTACCTCCATTTTTTTTTTTAAAATCTTGTACACAGAAGTTTACTAATTTATTATCAAAATCTTCTCCTCCTAAATGTGTATCTCCTGAGGTAGCTTTAACTTCAAAAATTCCATCTTCAAGTGTTAATAAGGAAACATCAAATGTTCCTCCTCCTAAATC","Pf3D7_08_v3-1366626-1366856-1B.1","11+13N",918,1,1
"IM-23-122-NLRL","8039832561","Maziba","Pf3D7_05_v3-796518-796759-1A","TGGTTCTTCAATTGTTCATATAAGTTCTTTATTAGTAGGTGTATATTTATGTAGTAGTAGTGCAAATGCATTTAATCAAATTATTGAAAGAAATATAGATAAGTTAATGAAAAGAACCCAAAAAAGACCCTTAGCAAATAATAATCCAAATATGTCAGTTAAACATGCTGAAATAT","Pf3D7_05_v3-796518-796759-1A.4","119+8N",1,0.000339673913043478,4
"IM-23-122-NLRL","8039832561","Maziba","Pf3D7_12_v3-233418-233671-1A","CAAAAATATCATTCCCCAAATTTGTACTACTAATTGTTCCAATAGTTCCTATAGTTGTGGTAATTTGCTCATATGTATTTTTTCCTAAAGATTTATTAGACACATTTGAAGGATCATTATTTTGTTCCAAATTCTTGGGCACAGTATTATTACATGAGAATAATGAAAAGTTATTATCATAATTCTTTTGTT","Pf3D7_12_v3-233418-233671-1A.3","77+8N",3514,0.97179203539823,3
"IM-23-122-NLRL","8039832561","Maziba","Pf3D7_14_v3-3125801-3126073-1A","ATTCTTATAATATTTAAGAATGAAGGGATTAAATATTTACATTTTAGCGACGATACTCTGAAATATGTTAATTTTAATTATCCTGATTTTAACTTATATAAATGTATGAATTTATATAAGAAAAATTATGTTGATAGGGATGAGAAAGATATCTGTGATTTTTCAAATGAAGATTTTCCGTTAATAAAAGAAAATAACAAGAGAATCAG","Pf3D7_14_v3-3125801-3126073-1A.1","51C",1098,0.803806734992679,5
"IM-23-122-NLRL","8039832561","Maziba","Pf3D7_05_v3-958079-958350-1B","TTTTTATATCTGTGTTTGGTGTAATATTAAAGAACATGAATTTAGGTGATGATATTAATCCTATAATATTATCATTAGTATCTATAGGTTTAGTACAATTTATATTATCAATGATATCAAGTTATTGTATGGATGTAATTACATCAAAAATATTAAAAACTTTAAAGCTTGAATATTTAAGAAGTGTTTTTTATCAAGATGGACAATTTC","Pf3D7_05_v3-958079-958350-1B.1","186+8N",493,1,1
"IM-23-122-NLRL","8039832561","Maziba","Pf3D7_02_v3-628941-629172-1A","ACTTTTTTTAGATTTTTCTTGATCGTTTTCATCATTTTTTATTTCCTGTTCATCTGAGGTTTTCTTTTGTAAACGCTTAGTGCGTTTCTTTTGACCTTTTAATTTTTTTTTAAATATATTTTTAACTTGATCAATGAAGAAAGCATAATCTTGTATGACAGAAAATCT","Pf3D7_02_v3-628941-629172-1A.1","2+9N34+8N87T102+11N",3435,0.609582963620231,3
"IM-23-122-NLRL","8039832561","Maziba","Pf3D7_05_v3-958372-958608-1B","ATTTATAACAATTTTTACATATGCCAGTTCCTTTTTAGGTTTATTTATTTGGTCATTAATAAAAAATGCACGTTTGACTTTATGTATTACTTGCGTTTTTCCGTTAATTTATGTTTGTGGTGTCATATGTAATAAGAAAGTAAAATTAAATAAAAAAACATCTTTGTTATATAATAACAATACC","Pf3D7_05_v3-958372-958608-1B.1","45T60+8N151+9N",27,0.00917431192660551,3
"IM-23-122-NLRL","8039832561","Maziba","Pf3D7_05_v3-958920-959168-1B","AATAATAAATCGAAAACCATTAGTTGAAAATAATGATGATGGAGAAACATTACCAAATATTAAAAAAATTGAATTTAAAAATGTAAGATTTCATTATGATACTAGAAAAGATGTTGAAATTTATAAAGATTTAAGTTTTACTCTAAAAGAAGGGAAAACATATGCATTTGTGGGAGAATCA","Pf3D7_05_v3-958920-959168-1B.1","61+9N",1557,1,1
"IM-23-122-NLRL","8039832561","Maziba","Pf3D7_09_v3-1015103-1015350-1A","ATTATTTAATTTTTCATCTTTTATATTTTTCAGATTTTTTATATGAAGATTTAGGAATACAACTAAATTAACAGCTGAAAATAATCTTACTAACAAAAATAATTTGAGGAATTCTTCATCATATAAATCTTTTGGAATATTATTTGTGTATTCATAAATTTCTATTAAGGATATAATAGTTATGA","Pf3D7_09_v3-1015103-1015350-1A.4","34+8N51T",497,0.585394581861013,3
"IM-23-122-NLRL","8039832561","Maziba","Pf3D7_09_v3-1406342-1406614-1A","TCTCAGATTATCATAGTGTTGTGGATGAAGATTTAATTAATTTTAATGATGATGTTACTTTAGAAACACAATCCATGATAGCACACGGAGGGTCTTTGTCAGAAATAGAAGAAACTGAAGATTTATCTTCAGATGTTGATAGATTACTTTCATCAATCGAAACTACTCCAAGAGATGATGTTGTATATATACGAGGTGATATTATATT","Pf3D7_09_v3-1406342-1406614-1A.3","118A148T204A",1151,0.345749474316612,2
"IM-23-122-NLRL","8039832561","Maziba","Pf3D7_03_v3-221295-221532-2","AAGGAACAAGAAGGATAATACCATTATTAATCCTATTGAACTATTTACGACATTAAACACACTGGAACATTTTTCCATTTTACAAATTTTTTTTTCAATATCATTTTCATAATCTAATTGGTCTTTAGGTTTATTAGCAGAGCCAGGCTTTATTCTAACTTGAATACCATTTCCACAAGTTA","Pf3D7_03_v3-221295-221532-2.2","86+11N107T120G",2225,0.598279107286905,4
"IM-23-122-NLRL","8039832561","Maziba","Pf3D7_03_v3-221463-221712-1B","ACTTGAATACCATTTCCACAAGTTACACTACATGGGGACCATTCAGTTGAAAGAGAATTTTGTATTGTCTTTAAATATTGTTCTATGTGCTTATCACTTGGTTCTTCGTTATTATTATTTTTTACAGCATTGTTGGCTTTAGCATTTTCATCTACATTTCGGTTTGGGTCATTTGGCATATTGTGACCTTGTC","Pf3D7_03_v3-221463-221712-1B.12","67G69C80G83C117+8N130T138T",474,0.452722063037249,3
"IM-23-122-NLRL","8039832561","Maziba","Pf3D7_12_v3-857050-857323-1A","ATATAATTTTAAGATGTCCTATCAAGACGTTCAGGAAAAAAAAAATGAAGATATAAATTATGATGAAATAGCTAGCAGCATGCTAGAGAAGATGGACAAACATATAAATGGAGAAAAACAACCAACGATACATTATGAAAATTTAAATGTACAAGAGCAAGGGGGAGCACATGCTTATTACTCAAATCAAGATATAAATAACATAAATA","Pf3D7_12_v3-857050-857323-1A.2","35+12N162G",1264,0.9002849002849,2
"IM-23-122-NLRL","8039832561","Maziba","Pf3D7_12_v3-659881-660127-1A","GGTGGTTTAACATTTTGAGCTACGAGATTTTCGACTGATGGCAATCCTAATTTGATTAATTCCTTTAACATAATTTTTGCGTGTTTTTTTACTTCTGATTTGATATCAAAGCTTGATTCTAAAAAGGTTGGTGAATTTTTTTGTAAAACACTGACAAGTTCATTTGATATGGTCTCTGCTAAATCATCACCA","Pf3D7_12_v3-659881-660127-1A.24","17G35C50A73A74T83+9N135+9N",135,0.0326955679341245,3
"IM-23-122-NLRL","8039832561","Maziba","Pf3D7_13_v3-1004740-1005002-1A","TTACATCGTAAAAATAATTTAAAATATTATATATATTATCTTTTCCTTTTCGGGGGTCTCTTTTCTTTATATATATATTTACATTTCTCTTCATTTTATTACATGATAAATTAATATTTAATGTACTAATATATATATTATTAATTTTTATTTTCTTCTTCTTTTTTATATTAAAACAAAATGAAGATTCTTTAA","Pf3D7_13_v3-1004740-1005002-1A.2","50+8N161+8N",11,0.0521327014218009,4
"IM-23-122-NLRL","8039832561","Maziba","Pf3D7_13_v3-1004740-1005002-1A","TTACATCGTAAAAATAATTTAAAATATTATATATATTATCTTTTCCTTTTGGGGGGTCTCTTTTCTTTATATATATATTTACATTTCTCTTCATTTTATTACATGATAAATTAATATTTAATGTACTAATATATATATTATTAATTTTTATTTTCTTCTTCTTTTTTATATTAAAACAAAATGAAGATTCCTTAA","Pf3D7_13_v3-1004740-1005002-1A.5","50+8N161+8N191C",28,0.132701421800948,4
"IM-23-122-NLRL","8039832561","Maziba","Pf3D7_08_v3-585703-585949-1A","AAACACATCATCAAAAGTTTCTGATATTGGCTTGTTTGATTCTTTATATTTAAAATCTTTATATAAATAAAATCTATCTTTCTTAAAATATGGATCTTTACGTAGTTCAATCGAATCCCTATCAGTTACAATATTTATATCTTTTAATGTTAAGTGGAAATTAGAATCAATAATAGCTA","Pf3D7_08_v3-585703-585949-1A.3","105G118C",44,0.00999545661063153,4
"IM-23-122-NLRL","8039832561","Maziba","Pf3D7_13_v3-1041593-1041860-1AB","CAAGATTGAAGTATTACATATCTCAGAAATTAAATGTATGCCCAAGAGATGTAAATGCACACATTGTAGGTGCTCATGGAAATAAAATGGTTCTTTTAAAAAGATACATTACTGTAGGTGGTATCCCTTTACAAGAATTTATTAATAACAAGTTAATTTCTGATGCTGAATTAGAAGCTATATTTGATAGAACTGTTAATACT","Pf3D7_13_v3-1041593-1041860-1AB.1",".",2621,1,1
"IM-23-122-NLRL","8039832561","Maziba","Pf3D7_12_v3-857050-857323-1A","ATATAATTTTAAGATGTCCTATCAAGACGTTCAGGAAAAAAAAAATGAAGATATAAATTATGATGAAATAGCTAGCAGCATGCTAGAGAAGATGGACAAACATATAAATGGAGAAAAACAACCAACGATACATTATGAAAATTTAAATGTACAAGAGCAAGAGGGAGCACATGCTTATTACTCAAATCAAGATATAAATAACATAAATA","Pf3D7_12_v3-857050-857323-1A.1","35+12N",140,0.0997150997150997,2
"IM-23-122-NLRL","8039832561","Maziba","Pf3D7_03_v3-515418-515657-1A","TTTCATTAATTTCTATATGTTTGAATTCCCTTATAGACATATTTGAATCATTATTACTTTTATATGAAGTGTTATTATCGAAATTATTATTAATACATTTTATTTTAATGATTTTGTTAAAATTTTTATTATTTACTATAATGGAAGTCAGATATGTACTTATCGTATGGAAAGCTAATCATCAACA","Pf3D7_03_v3-515418-515657-1A.3","5A",234,0.0301352221506761,3
"IM-23-122-NLRL","8039832561","Maziba","Pf3D7_08_v3-1344618-1344845-1A","TATCTTTTCCATATATAATAACGCATGAATTCTTTAAATATATCTTTTACTTTATCTGTAAGTTTCATGGAATCTATTATTTCATCTGCATATTTTATTTTTGCCTCGTTTATATATTTACCTGCTTCTAATTTACATAAACATTTTTCTATTAAGTTTTG","Pf3D7_08_v3-1344618-1344845-1A.4","86C128C",502,0.10994305738064,4
"IM-23-122-NLRL","8039832561","Maziba","Pf3D7_12_v3-529495-529767-1A","GCTCCCCAAAAGTTAACTGCTTCATTATTTTTTGGATCCCAAAAACTAACATTCGTTACCCATCCAACATAATCGGTAGATATCCTATATTCATAACTACTACAGAAATATTTATACTCATGGTATACATTTGCATCATTTACATCTACCAAATTAACAGTTTTACACAAATTGTGAATTCCATTCAAGTTATAAAAACCTGTACAT","Pf3D7_12_v3-529495-529767-1A.7","32T180T",3,0.00130208333333333,4
"IM-23-122-NLRL","8039832561","Maziba","Pf3D7_05_v3-961511-961758-1B","CTGCAGAAGATTATACTGTATTTAATAATAATGGAGAAATATTATTAGATGATATTAATATATGTGATTATAACTTAAGAGATCTTAGAAACTTATTTTCAATAGTTAGTCAAGAACCCATGTTATTTAATATGTCCATATATGAAAATATCAAATTTGGAAGAGAAGATGCAACATTGGAAGAT","Pf3D7_05_v3-961511-961758-1B.1",".",1369,1,1
"IM-23-122-NLRL","8039832561","Maziba","Pf3D7_13_v3-1233093-1233332-1A","TCTATATGATCCTTATTTTTATCTTCATCACATTTATAATTTACATAATTTTCGACGTCATCATTTTCATTATTACTCATAATTGAATTATCCACAATGCTTGCCTCTTTTACAGCTTTACAAAGTTGGTAAAAAATATGATAATTCCTTTCACCTTCTTGTTGATCACACACCCGAACC","Pf3D7_13_v3-1233093-1233332-1A.2","100C130+8N",1463,0.247504652343089,2
"IM-23-122-NLRL","8039832561","Maziba","Pf3D7_13_v3-1233093-1233332-1A","TCTATATGATCCTTATTTTTATCTTCATCACATTTATAATTTACATAATTTTCGACGTCATCATTTTCATTATTACTCATAATTGAATTATCCACAATGTTTGCCTCTTTTACAGCTTTACAAAGTTGGTAAAAAATATGATAATTCCTTTCACCTTCTTGTTGATCACACACCCGAACC","Pf3D7_13_v3-1233093-1233332-1A.1","130+8N",4448,0.752495347656911,2
"IM-23-122-NLRL","8039832561","Maziba","Pf3D7_13_v3-1265494-1265726-1A","TGTCATATACAGATTATAAAAATGATCATAGAATAAACGAAATTTTAAATCGTTGTATTTTACGATTAAACGAGTTTGATCTAATTCATTTATCTTCTTTGGTCATATCTTTAAGTAAAATGAATTTTAGGAGTGTGTATTTTCTGGAACAAGTACAAAAGAAATT","Pf3D7_13_v3-1265494-1265726-1A.32","37A44T",118,0.0161422708618331,7
"IM-23-122-NLRL","8039832561","Maziba","Pf3D7_13_v3-1265494-1265726-1A","TGTCATATACAGATTATAAAAATGATCATAGAATAAGCGAAATCTTAAATCGTTGTATTTTACGATTAAACGAGTTTGATCTAATTCATTTATCTTCTTTGGTCATATCTTTAAGTAAAATGAATTTTAGGAGTGTGTATTTTATGGAACAAGTACAAAAGAAATT","Pf3D7_13_v3-1265494-1265726-1A.1","144A",1,0.000136798905608755,7
"IM-23-122-NLRL","8039832561","Maziba","Pf3D7_13_v3-1265494-1265726-1A","TGTCATATACAGATTATAAAAATGATCATAGAATAAGCGAAATCTTAAATCGTTGTATTTTACGATTAAACGAGTTTGATCTAATTCATTTATCTTCTTTGGTCATATCTTTAAGTAAAATGAATTTTAGGAGTGTGTATTTTCAGGAACAAGTACAAAAGAAATT","Pf3D7_13_v3-1265494-1265726-1A.3","145A",1999,0.273461012311902,7
"IM-23-122-NLRL","8039832561","Maziba","Pf3D7_14_v3-2858894-2859160-1A","ATAGATTTTAATGACATAAAAAACACAACAAATGAGTATAATAATTTTGAGGAACATAATTATCAAGATGATAAATTTATATTTAATAAAGATATACATAATATTCTTTTAGAATTAAAGGAATCATTAAATGACATATCACGTGGAAGACTAAATACATTGATAAGAGATAATAAAATAAGTAGTTATATAATATATCA","Pf3D7_14_v3-2858894-2859160-1A.2","15C17+8N28A188A",977,0.483663366336634,3
"IM-23-122-NLRL","8039832561","Maziba","Pf3D7_14_v3-2858894-2859160-1A","ATAGATTTTAATGACATAAAAAACACAACAAATGAGTATAATAATTTTGAGGAACATAATTATCAAGATGATAAATTTATATTTAATAAAGATATACATAATATTCTTTTAGAATTAAAGGAATCATTAAATGACATATCACGTGGAAGACTAAATACATTGATAAGAGATAATAAAATAAGTAGTTGTATAATATATCA","Pf3D7_14_v3-2858894-2859160-1A.1","15C17+8N28A",1021,0.505445544554455,3
"IM-23-122-NLRL","8039832561","Maziba","Pf3D7_14_v3-2858894-2859160-1A","ATAGATTTTAATGACATAAAAAACACAACAAATGAGTATAATAATTTTGAGGAACCTAATTATCAAGATGATAAATTTATATTTAATAAAGATATACATAATATTCTTTTAGAATTAAAGGAATCATTAAATGACATATCACGTGGAAGACTAAATACATTGATAAGAGATAATAAAATAAGTAGTTGTATAATATATCA","Pf3D7_14_v3-2858894-2859160-1A.4","15C17+8N28A56C",22,0.0108910891089109,3
"IM-23-122-NLRL","8039832561","Maziba","Pf3D7_14_v3-293575-293829-1B","TTTTGTAGTGTAATGTGTGGTTTATTTTATTATGTGTATGAAAATGTATGGCTTCAAAGAGATAATGAAATGAATGAAATTTTAAAAAATTCCGAACATTTAACTATTGGATTTAAAGTTGAAAATGCACATGATAGAATTTTGAAAACTATAAAAACACATAAATTAAAAAATTACATTAAAGAAT","Pf3D7_14_v3-293575-293829-1B.1","83+8N167+8N",1386,1,1
"IM-23-122-NLRL","8039832561","Maziba","Pf3D7_01_v3-535965-536239-1A","GCTCATTTGATATTTTCCAGTTGTTTGATTTTAAAAATGATGTATATTTTTTAGATGATAATTTGTTCGACAAGGATATGGTATATTGTACAAGTACCAACAATTATGGCGTTATGGGAAAATGATAATGATGATGATAAAATAATAAAAATACAAAATTTAAATGAGAAATTAAAAAATGGAAAAGCTGAATTTAAAGATATATTATTAT","Pf3D7_01_v3-535965-536239-1A.15","46+8N121+17N172+8N",1,0.000805152979066023,7
"IM-23-122-NLRL","8039832561","Maziba","Pf3D7_01_v3-535965-536239-1A","GCTCATTTGATATTTTCCAGTTGTTTGATTTTAAAAATGATGTATATTTTTTAGATGATAATTTGTTCGACAAGGATATGGTATATTGTACAAGTACCAACAATTATGGCGTTATGGGAAATGATAATGATGATGATAAAATAATAAAAATACAAAATTTAAATGAGAAATTAAAAAATGGAAAAGCTGAATTTAAAGATATATTATTAT","Pf3D7_01_v3-535965-536239-1A.1","46+8N121+17N172+8N",78,0.0628019323671498,7
"IM-23-122-NLRL","8039832561","Maziba","Pf3D7_08_v3-1344618-1344845-1A","TATCTTTTCCATATATAATAACGCATGAATTCTTTAAATATATCTTTTACTTTATCTGTAAGTTTCATGGAATCTATTATTTCATGTGCATATTTTATTTTTGCCTCGTTTATATATTTACCTGCTTCTAATTTACATAAACATTTTTCTATTAAGTTTTG","Pf3D7_08_v3-1344618-1344845-1A.1","128C",1374,0.300919842312746,4
"IM-23-122-NLRL","8039832561","Maziba","Pf3D7_03_v3-653961-654206-1A","CTCGTACAATATTTTTATAATTTCCTTTCATCTTATTTTTTTCTTTATATTTTTTTTTTTCATATGTAAGATTTATATAATCACTTTCGCTTTTTCTAACCCTTTTGAACTTTTTAAATGTACTTCGTTCATTATTTCTAATTCTCGTAAACACAAGAATAAATATTTTGATATATCTTATA","Pf3D7_03_v3-653961-654206-1A.2","35+9N49+13N",1226,0.563160312356454,2
"IM-23-122-NLRL","8039832561","Maziba","Pf3D7_08_v3-1386795-1387043-1B","TCCTTTGTCGCAGCATGCCTTTCATTAGCTGCTATAGCTTGTGTTATCTTAACTTCATTATAAAAAAAATATACTTCGATAAAAGGTACATATACCATGCTGGTCAATGATATTAGCATGCGACATTCTAATATATCCATTATGAACAAGGTGAACAAGAATATTGGGATTATTGAAATTGTCTGCATTA","Pf3D7_08_v3-1386795-1387043-1B.1","61+10N",2457,1,1
"IM-23-122-NLRL","8039832561","Maziba","Pf3D7_08_v3-336421-336651-1A","TAACAACGAACCCATAAATTTACAAAAAAATTTAGATTTAATCATATGGCTAAAAAAGAATATAAAAGAAGGAGAAGCTTTAATTTCTGATATACCTACATCAAGTTTTTTAAGGTGTACTACAAATTATAAATTTGTATTGCATCCCCAATATGAAGATAGT","Pf3D7_08_v3-336421-336651-1A.2","25A51+8N97T105+8N148C",25,0.00549088513068307,3
"IM-23-122-NLRL","8039832561","Maziba","Pf3D7_02_v3-470437-470709-1A","AATATTGACATGAAACATTATAATACACATAAGAAAAAAAAAATTTATTTATTCTTACAAAAAGAATATAAAAACAAAATTTTGGGATTTATAAATTTTTATAAACGTATAACACACAAAATAAAAAAGAAACAAGAAAATGTTCATGATAAAATCACTTTTTTAAAATGTCTAAAGGAACTCTTTTTTGTCACACATACAAATA","Pf3D7_02_v3-470437-470709-1A.3","33+12N107G122+8N158+8N183+8N",11,0.00779588944011339,4
"IM-23-122-NLRL","8039832561","Maziba","Pf3D7_02_v3-470437-470709-1A","AATATTGACATGAAACATTATAATACACATAAGAAAAAAAAAATTTATTTATTCTTACAAAAAGAATATAAAAACAAAATTTTGGGATTTATAAATTTTTATAAACGTATAACACACAAAATAAAAAAGAAACAAGAAAATGTTCATGATAAAATCACTTTTTTAAAATGTCTAAAGGAACTCTTTTTTGTCACACATACAAATG","Pf3D7_02_v3-470437-470709-1A.4","33+12N107G122+8N158+8N183+8N205G",626,0.443656980864635,4
"IM-23-122-NLRL","8039832561","Maziba","Pf3D7_02_v3-503040-503288-1A","ATTATGATTAATAATAATATTTCTCATAATTTCGTTAAATACATCTAAACTATTTATAGAACCATCTATATCATCTTCATTCCTATTTTGGTGAACCGATTCGGTGTTTATAACATCTAAGGTGTCTTTTTCTTCTCCTCTGTAACTTTTTATAATTTTTTGATAAATGTTGTTATAAGAATTATCA","Pf3D7_02_v3-503040-503288-1A.2","97C155+8N",2034,0.470506592643997,2
"IM-23-122-NLRL","8039832561","Maziba","Pf3D7_12_v3-2092654-2092884-2","GAGATATTAGCTTCATGTTCAGAAGATATGTCTATAAGAATATGGGAGATACGTCATGAGGATGAGAATGTGAATGAGGTAAAGGATCCTTTATGTATATTAAATGGTCATAAGAAAAAAGTAAATATATTATCATGGAATCCTATGAATTATTTTATATTATCATCT","Pf3D7_12_v3-2092654-2092884-2.1","114+8N",6051,1,1
"IM-23-122-NLRL","8039832561","Maziba","Pf3D7_14_v3-3125801-3126073-1A","ATTCTTATAATATTTAAGAATGAAGGGATTAAATATTTACATTTTAGCGACGATACTCTGAAATATGTTAATTTTAATTATCCTGATTTTAACTTATATAAATGTATGAATTTATATAAGAAAAATTATGTTGATAGGGATGAGAAAGATATCTGTGATTTTTCAAATGAAGATATTCCGTTAATAAAAGAAAATAACAAGAGAATCAG","Pf3D7_14_v3-3125801-3126073-1A.7","51C175A",2,0.00146412884333821,5
"IM-23-122-NLRL","8039832561","Maziba","Pf3D7_14_v3-137398-137668-1A","ACCATTCATATTTTCTAGGTTTGTTTAACCAATTACATATATATAATATATTACAAAATAATTGTTTTAATAATATATGTTTAGTTAATATTAATTCAATACTACTTAATTTATTTCTTATATTTTTTAAAAGATCTTCATAAACAAAATCAAAATTATCTATTAATAATAAATAACCAAATCTTTTATGTACATTTTTTATTC","Pf3D7_14_v3-137398-137668-1A.2","122+8N194+8N",99,0.211538461538462,2
"IM-23-122-NLRL","8039832561","Maziba","Pf3D7_12_v3-233418-233671-1A","CAAAAATATCATTCCCCAAATTTGTACTACTAATTGTTCCAATAGTTCCTATAGTTGTGGTAATTTGCTCATATGTCTTTTTTCCTAAAGATTTATTAGACACATTTGAAGGATCATTATTTTGTTCCAAATTCTTGGGCACAGTATTATTACATGAGAATAATGAAAAGTTATTATCATAATTCTTTTGTT","Pf3D7_12_v3-233418-233671-1A.1","77+8N",30,0.00829646017699115,3
"IM-23-122-NLRL","8039832561","Maziba","Pf3D7_05_v3-958372-958608-1B","ATTTATAACAATTTTTACATATGCCAGTTCCTTTTTAGGTTTATATATTTGGTCATTAATAAAAAATGCACGTTTGACTTTATGTATTACTTGCGTTTTTCCGTTAATTTATGTTTGTGGTGTCATATGTAATAAGAAAGTAAAATTAAATAAAAAAACATCTTTGTTATATAATAACAATACC","Pf3D7_05_v3-958372-958608-1B.2","60+8N151+9N",70,0.0237852531430513,3
"IM-23-122-NLRL","8039832561","Maziba","Pf3D7_05_v3-958372-958608-1B","ATTTATAACAATTTTTACATATGCCAGTTCCTTTTTAGGTTTATATATTTGGTCATTAATAAAAAATGCACGTTTGACTTTATGTATTTCTTGCGTTTTTCCGTTAATTTATGTTTGTGGTGTCATATGTAATAAGAAAGTAAAATTAAATAAAAAAACATCTTTGTTATATAATAACAATACC","Pf3D7_05_v3-958372-958608-1B.4","60+8N89T151+9N",2846,0.967040434930343,3
"IM-23-122-NLRL","8039832561","Maziba","Pf3D7_12_v3-529495-529767-1A","GCTCCCCAAAAGTTAACTGCTTCATTATTTTTTGGATCCCAAAAACTAACATTCGTTACCCATCCAACATAATCGGTAGATATCCTATATTCATAACTACTACAGAAATATTTATACTCATGGTATACATTTGCATCATTTACATCTACCAAATTAACAGTTTTACACAAATTGTGAATGCCATTCAAGTTATAAAAACCTGTACAT","Pf3D7_12_v3-529495-529767-1A.1","32T",528,0.229166666666667,4
"IM-23-122-NLRL","8039832561","Maziba","Pf3D7_14_v3-377765-378020-1A","AAAGATATATCAACTGAAAAGATTTTATCAAATAATTGCTTTAATAATAAGTTAAAAAATTGATTTCCAATATCTATCATATTCATATAATCTAATGATTTAAAAATATATAATATACTCTTTGGACTAAATTTTAATTCATCATTTATTATTTTCTCTTTTACTATTGCTTTAATTTGATTAAAATATATAA","Pf3D7_14_v3-377765-378020-1A.2","21G53+8N71T",31,0.0297219558964525,5
"IM-23-122-NLRL","8039832561","Maziba","Pf3D7_12_v3-63081-63314-1A","TTTCCGTCATAATAGTTGCATACATTCTATTAAAAACTTTGGGTACTCCTAATATAATTTCAGCTTTTGAATTACATATGTCTGTATTCAAAAATTTTATATCTCTACTCCATATATTTATCTTTACACCCAAAAACAAAGCAATGAAAAAAATAACCCTTTCATA","Pf3D7_12_v3-63081-63314-1A.2","63G146+9N",1073,0.270549672213817,2
"IM-23-122-NLRL","8039832561","Maziba","Pf3D7_06_v3-1115900-1116168-1A","ATTTTTTAATAAAGCAGTACCATCTATATCTCTTCCTTTTTTTAAAACACATAAAGTTTCATCAAAATTGCTTGTGCTATTTTTATCAGGTTCAGGAAAATATTGTTTATTTGGAGAATATCCATTCTGATTACAAGTTATAATATTATTAATATTTATAAATTTTTTGTTTGTTTTTAAATCACCAAATTGATTATCGTTAT","Pf3D7_06_v3-1115900-1116168-1A.2","1+8N36+9N114G162+12N",1883,1,1
"IM-23-122-NLRL","8039832561","Maziba","Pf3D7_03_v3-221295-221532-2","AAGGAACAAGAAGGATAATACCATTATTAATCCTATTGAACTATTTACGACATTAAACACACTGGAACATTTTTCCATTTTACAAATTTTTTTTTCAATATCATTTTCATAATCTAATTCGTCTTTAGGTTTATTAGCAGAGCCAGGCTTTATTCTAACTTGAATACCATTTCCACAAGTTA","Pf3D7_03_v3-221295-221532-2.3","86+11N107T",71,0.0190911535358967,4
"IM-23-122-NLRL","8039832561","Maziba","Pf3D7_12_v3-659881-660127-1A","GGTGGTTTAACATTTTCAGCTACGAGTTTTTCGACTGGTGGCAATCCTACTTTGATTAATTCCTTTAACATAAGTTTTGCGTGTCTTTTTACTTCTGATTTGATATCAAAGCTTGATTCTAAAAAGGTTGGTGAATTTTTTTGTAAAACACTGACAAGTTCATTTGATATGGTCTCTGCTAAATCATCACCA","Pf3D7_12_v3-659881-660127-1A.28","27T35C38G73A74G83+9N135+9N",649,0.157180915475902,3
"IM-23-122-NLRL","8039832561","Maziba","Pf3D7_14_v3-2004362-2004606-1A","TATTTCCATATTATTGTAATAGGGCTTTTTCTTGCTCTTCTAATTTTTGTATATCTTGCTTATCCTTATCTAATTGTCCAAGAGCTTCTAATTCATCATCTACATTTATTTTATTTTCTTGAGAATATTCTTCAATTTTGTCTTCGAAACTGTTATATAATCTATTTATAATTGGTTG","Pf3D7_14_v3-2004362-2004606-1A.2","86T88C98A",1153,0.531336405529954,4
"IM-23-122-NLRL","8039832561","Maziba","Pf3D7_12_v3-684011-684240-1A","ACCTAATGTTGGTAAGTCTACCATTTTTAATCGACTAACTCGAAAATATCAAGATGGTAGTATTGTATTAGATGTTAGTAGTACGAGAGATAAACTTTATGGAGAAGTTGAGTGGGAAGGATATAAATTTGAACTTGTGGATACAGGAGGTTTAGTTTTTGA","Pf3D7_12_v3-684011-684240-1A.1","67A",1036,0.203816643714342,4
"IM-23-122-NLRL","8039832561","Maziba","Pf3D7_12_v3-684011-684240-1A","ACCTAATGTTGGTAAGTCTACCATTTTTAATCGACTAACTCGAAAATATCAAGATGGTAGTATTGTTTTAGAGGTTAGTAGTACGAGAGATAAACTTTATGGAGAAGTTGAATGGGAAGGATATAAATTTGAACTTGTGGATACAGGAGGTTTAGTTTTTGA","Pf3D7_12_v3-684011-684240-1A.20","73G112A",95,0.0186897501475507,4
"IM-23-122-NLRL","8039832561","Maziba","Pf3D7_13_v3-1004740-1005002-1A","TTACATCGTAAAAATAATTTAAAATATTATATATATTATCTTTTCCTTTTGGGGGGTCTCTTTTCTTTATATATATATTTACATTTCTCTTCATTTTATTACATGATAAATTAATATTTAATGTACTAATATATATATTATTAATTTTTATTTTCTTCTTCTTTTTTATATTAAAACAAAATGAAGATTCTTTAA","Pf3D7_13_v3-1004740-1005002-1A.1","50+8N161+8N",166,0.786729857819905,4
"IM-23-122-NLRL","8039832561","Maziba","Pf3D7_12_v3-684011-684240-1A","ACCTAATGTTGGTAAGTCTACCATTTTTAATCGACTAACTCGAAAATATCAAGATGGTAGTATTGTTTTAGATGTTAGTAGTACGAGAGATAAACTTTATGGAGAAGTTGAGTGGGAAGGATATAAATTTGAACTTGTGGATACAGGAGGTTTAGTTTTTGA","Pf3D7_12_v3-684011-684240-1A.3",".",3104,0.610662994294708,4
"IM-23-122-NLRL","8039832561","Maziba","Pf3D7_14_v3-2260533-2260765-1A","AATAACCATCAAATACAAACTCAACCAACAAATACAGTACAATATATTCAACCAAATTATGAACAAGTCATAACACAAGTAGATCAAAATCGTAATCTATTCAATCAACAGCTTGTAGGAAGTACAGTAATGCAAAATATGACACCACAAGGTGTAAACACGTTAAATTATCCTGCAACG","Pf3D7_14_v3-2260533-2260765-1A.2",".",20,0.00609384521633151,3
"IM-23-122-NLRL","8039832561","Maziba","Pf3D7_14_v3-2260533-2260765-1A","AATAACCATCAAATACAAACTCAACCAACAAATACAGTACAATATATTCAACCAAATTATGAACAAGTCATAACACAAGTAGATCAAAATGGTAATCTATTCAATCAACAGCTTGTAGGAAGTACAGTAATGCAAAATATGACACCACAAGGTGTAAACACGTTAAATTATCCTGCAACG","Pf3D7_14_v3-2260533-2260765-1A.1","91G",1238,0.37720901889092,3
"IM-23-122-NLRL","8039832561","Maziba","Pf3D7_14_v3-2355614-2355853-1A","ACTTTTCTCGATTCACATTATCCAAACCCATTTAACGAGTATGAAAAATATGACAAACATTATTATGAACTTGAAAATATTTTAAAAAACAAACTTAATGAACATTCCTTAAATTATCAATCTTTGTTAAAAATGAAAAGATTTATAAGTATGAACCATATGGAAAATAATAA","Pf3D7_14_v3-2355614-2355853-1A.3","83+8N157C",957,0.327964359150103,2
"IM-23-122-NLRL","8039832561","Maziba","Pf3D7_14_v3-2355614-2355853-1A","ACTTTTCTCGATTCACATTATCCAAACCCATTTAACGAGTATGAAAAATATGACAAACATTATTATGAACTTGAAAATATTTTAAAAAACAAACTTAATGAACATTCCTTAAATTATCAATCTTTGTTAAAAATGAAAAGATTTATAAGTATGAACGATATGGAAAATAATAA","Pf3D7_14_v3-2355614-2355853-1A.1","83+8N",1961,0.672035640849897,2
"IM-23-122-NLRL","8039832561","Maziba","Pf3D7_14_v3-2481033-2481276-1B","CCATGTGGATAAAGACAGTAGAGAGCAATTCGAAATAAAACAGTACTCTTGCAAATTAGATATTTTTTTGAACTCATCTGTTCCTATAAAAAATTCTGAATGTAAGCAGAATAAATTATACACAAAAGAATATATATTCATTTTTATTTATTCACTTTATATATGTTTGTATGTATGTA","Pf3D7_14_v3-2481033-2481276-1B.3","62+9N87+8N",2775,1,1
"IM-23-122-NLRL","8039832561","Maziba","Pf3D7_14_v3-2695837-2696082-1A","CGTTCTGTATCATATTATTAGATATAGTTATTTTATTATTATTTTCTACATTATTATTCAATATATTACATCCTGTTATGGAATTATTGTTAAAATATAAATTATTCGAATTGTTATTATTAAATTCTAATCCACTAACTGCTGTTGTATATAATGATGATGAGTTATTATTATAGAAATC","Pf3D7_14_v3-2695837-2696082-1A.3","5C28+16N53A",226,0.112381899552461,2
"IM-23-122-NLRL","8039832561","Maziba","Pf3D7_08_v3-1365709-1365954-1B","ATTTTCATCTTGTAATGTGTTTTTAACATTATAGCAGTAATTTTCTAGGTTGTTTCTTGCTTCAATTCTATTTTTATTTTGTTCATCCTCTTCTTTATATTTTTCTGCATCATTTACCATACGATCGATATCATCTTTTGATAATCTTCCTTTATCATTTGTAATAGTAATTTGGTTTTGT","Pf3D7_08_v3-1365709-1365954-1B.1",".",1336,1,1
"IM-23-122-NLRL","8039832561","Maziba","Pf3D7_08_v3-1365750-1365999-2","TTTCTAGGTTGTTTCTTGCTTCAATTCTATTTTTATTTTGTTCATCCTCTTCTTTATATTTTTCTGCATCATTTACCATACGATCGATATCATCTTTTGATAATCTTCCTTTATCATTTGTAATAGTAATTTGGTTTTGTTTACCAGTACCTTTATCTAATGCTGTTACATTTAGGATACCATT","Pf3D7_08_v3-1365750-1365999-2.1",".",3100,1,1
"IM-23-122-NLRL","8039832561","Maziba","Pf3D7_08_v3-1366575-1366822-2","TTTAGCTTTTTCACATTGTGTTCTTAATCTTCTTAATGATTTTGAATTTTTGGAAACATCTTTACCTCCATTATTTTTTTTTAAAATCTTGTACACAGAAGTTTACTAATTTATTATCAAAATCTTCTCCTCCTAAATGTGTATCTCCTGAGGTAGCTTTAACTTCAAAAATTCCATCTTCAAGTGTTAATAAGG","Pf3D7_08_v3-1366575-1366822-2.4","70+13N",133,0.0285468984760678,2
"IM-23-122-NLRL","8039832561","Maziba","Pf3D7_08_v3-1366575-1366822-2","TTTAGCTTTTTCACATTGTGTTCTTAATCTTCTTAATGATTTTGAATTTTTGGAAACATCTTTACCTCCATTTTTTTTTTTAAAATCTTGTACACAGAAGTTTACTAATTTATTATCAAAATCTTCTCCTCCTAAATGTGTATCTCCTGAGGTAGCTTTAACTTCAAAAATTCCATCTTCAAGTGTTAATAAGG","Pf3D7_08_v3-1366575-1366822-2.1","70+13N",4526,0.971453101523932,2
"IM-23-122-NLRL","8039832561","Maziba","Pf3D7_01_v3-535965-536239-1A","GCTCATTCGATATTTTCCAGTTGTTTGATTTTAAAAATGATGTATATTTTTTAGATGATAATTTGTTCGACAAGGATATGGTATATTGTACAAGTACCAACAATTATGGCGTTATGGGAAATGATAATGATGATGATAAAATAATAAAAATACAAAATTTAAATGAGAAATTAAAAAATGGAAAAGCTGAATTTAAAGATATATTATTAT","Pf3D7_01_v3-535965-536239-1A.11","8C46+8N121+17N172+8N",65,0.0523349436392915,7
"IM-23-122-NLRL","8039832561","Maziba","Pf3D7_01_v3-535965-536239-1A","GCTCATTTGATATTTTCCAGTTGTTTGATTTTAAAAATGATGTATATTTTTTAGATGATAATTTGTTCGACAAGGATATGGTATATTGTACAAGTACCAACAATTATGGCATTATGGAAAATGATAATGATGATGATAAAATAATAAAAATACAGAATTTAAATGAGAAATTAAAAAATGGAAAAGCTGAATTTAAAGATATATTATTAT","Pf3D7_01_v3-535965-536239-1A.7","46+8N111A118A121+17N155G172+8N",20,0.0161030595813204,7
"IM-23-122-NLRL","8039832561","Maziba","Pf3D7_01_v3-535965-536239-1A","GCTCATTTGATATTTTCCAGTTGTTTGATTTTAAAAATGATGTATATTTTTTAGATGATAATTTGTTCGACAAGGATATGGTATATTGTACAAGTACCAACAATTATGGCGTTATGGAAAATGATAATGATGATGATAAAATAATAAAAATACAAAATTTAAATGAGAAATTAAAAAATGGAAAAGCTGAATTTAAAGATATATTATTAT","Pf3D7_01_v3-535965-536239-1A.3","46+8N118A121+17N172+8N",908,0.731078904991948,7
"IM-23-122-NLRL","8039832561","Maziba","Pf3D7_01_v3-535965-536239-1A","GCTCATTTGATATTTTCCAGTTGTTTGATTTTAAAAATGATGTATATTTTTTAGATGATAATTTGTTCGACAAGGATATGGTATATTGTACAAGTACCAACAATTATGGCGTTATGGAAAATGATAATGATGATGATAAAATAATAAAAATACAGAATTTAAATGAGAAATTAAAAAATGGAAAAGCTGAATTTAAAGATATATTATTAT","Pf3D7_01_v3-535965-536239-1A.9","46+8N118A121+17N155G172+8N",1,0.000805152979066023,7
"IM-23-122-NLRL","8039832561","Maziba","Pf3D7_09_v3-164045-164311-1A","ATCAACTGGTGTTGCAAAACCATTAGTTACCAATTTTAATTCTCCATTTAGTGCTTTTGGTAAAACAAATACCAGTGATATATTTAAAACTAATACTACTGCATCAACTACAAATGCAACTGCAACTGCAACTCCTGCTCCCTTTGGATCAGCATTTGGAGCGCAAAAAAATAATGATAGCTTGTTTGGAAATAATGCATTCAAGCTTTCG","Pf3D7_09_v3-164045-164311-1A.3","169A",1542,0.473878303626306,2
"IM-23-122-NLRL","8039832561","Maziba","Pf3D7_14_v3-294503-294768-2","CAGAATTTAGATGTTATCAAAGTCCCATTCTTACCTTTCTATGTAACTCTTTGTAACAACAGCAAATTACCAACTTTTGAATTTACCTCAGAAAATGGTAAATACACATTAGAACCTGAATACTACCTTCAACACATAGAAGATGTTGGTCCAGGATTATGTATGCTTAATATCATAGGATTAGATTTTCCAGTACCAACCTTTA","Pf3D7_14_v3-294503-294768-2.1",".",3584,1,1
"IM-23-122-NLRL","8039832561","Maziba","Pf3D7_08_v3-1375025-1375284-1B","CAAGTTATTGTTAAATTCGGAGTTATTCTATAAAAATGAAAAATCATTTAAAAATGTAAAAATGTACATATATATATATATATAATATTATTATATGTATTTTTATAAGTAAGTGTTATATTTATTTATATTTGCAATTAAAATACTTACGTTATCTAACAAAAGTACGGAAGCAAAA","Pf3D7_08_v3-1375025-1375284-1B.24","10G17T22G33D=TA39+8N58+8N66G67+53N132G134A136G139T151A168A195A",32,0.516129032258065,4
"IM-23-122-NLRL","8039832561","Maziba","Pf3D7_08_v3-1375205-1375450-2","ACAAAAGTACGGAGGCAAAAACGGCAGCGGATAATACTTTATTTTTTGAGAAGGAAACCATTTTTATTAAATAACTATATAAATAGAAAAAGAAATAATAACAAAAATGTATAAATATAATTGTATAATATATGATATATATAAAATATAGAATACTAATTTTTTGCATATACAAAAAA","Pf3D7_08_v3-1375205-1375450-2.1","41+8N159+8N173+7N",1289,1,1
"IM-23-122-NLRL","8039832561","Maziba","Pf3D7_08_v3-1386786-1387035-2","TTGTCTCCTTTGTCGCAGCATGCCTTTCATTAGCTGCTATAGCTTGTGTTATCTTAACTTCATTATAAAAAAAATATACTTCGATAAAAGGTACATATACCATGCTGGTCAATGATATTAGCATGCGACATTCTAATATATCCATTATGAACAAGGTGAACAAGAATATTGGGATTATTGAAATTGT","Pf3D7_08_v3-1386786-1387035-2.1","66+10N",3302,1,1
"IM-23-122-NLRL","8039832561","Maziba","Pf3D7_02_v3-291770-292017-1A","TAATATCATAAGGTTTGAATATTTTCCTCTCAGGTATTATACCAACAGAAGGTTTATCATCATCTTTAAAACCTGCTCTATCTTTAACCCATTGATTAGGATTTTTTAAACATAAAGCTGGATTCTTTAATAAATCTTTCATATGTTCCATATTATTTTCTTCATTTATATATGATGCTAC","Pf3D7_02_v3-291770-292017-1A.1","101+8N177G",975,0.384615384615385,3
"IM-23-122-NLRL","8039832561","Maziba","Pf3D7_08_v3-336421-336651-1A","TAACAACGAACCCATAAATTTACAGAAAAATTTAGATTTAATCATATGGCTAAAAAAGAATATAAAAGAAGGAGAAGCTTTAATTTCTGATATACCCACATCAAGTTTTTTAAGGTGTACTACAAATTATAAATTTGTATTGCATCCCCAATATGAAGATAGT","Pf3D7_08_v3-336421-336651-1A.4","51+8N105+8N148C",456,0.100153744783659,3
"IM-23-122-NLRL","8039832561","Maziba","Pf3D7_14_v3-137398-137668-1A","ACCATTCATATTTTCTAGGTTTGTTTAACCAATTACATATATATAATATATTACAAAATAATTGTTTTAATAATATATGTTTAGTTAATATTAATTCAATACTACTTAATTTATTTCTTATATTTTTTAAAAGATCTTCATAAACAAAATCAAAATTATCTATTAATAATAAATAACCAAATCTTTTATGCACATTTTTTATTC","Pf3D7_14_v3-137398-137668-1A.1","122+8N191C194+8N",369,0.788461538461538,2
"IM-23-122-NLRL","8039832561","Maziba","Pf3D7_05_v3-796518-796759-1A","TGGTTCTTCAATTATTCATATAAGTTCTTTATTAGTAGGTGTATATTTATGTAGTAGTAGTGCAAATGCATTTAATCAAATTATTGAAAGAAATATAGATAAGTTAATGAAAAGAACCCAAAAAAGACCCTTAGCAAATAATAATCCAAATATGTCAGTTAAGCATGCTGAAATAT","Pf3D7_05_v3-796518-796759-1A.3","14A119+8N163G",1047,0.355638586956522,4
"IM-23-122-NLRL","8039832561","Maziba","Pf3D7_05_v3-796518-796759-1A","TGGTTCTTCAATTATTCATATAAGTTCTTTATTAGTAGGTGTATATTTATGTAGTAGTAGTGCAAATGCATTTAATCAAATTATTGAAAGAAATATAGATAAGTTAATGAAAAGAACCCAAAAAAGACCCTTAGCAAATAATAATCCAAATATGTCAGTTAAACATGCTGAAATAT","Pf3D7_05_v3-796518-796759-1A.1","14A119+8N",1557,0.528872282608696,4
"IM-23-122-NLRL","8039832561","Maziba","Pf3D7_14_v3-120101-120365-1A","TTTTACAACATTATTTTTTTCTTCCTCCTCAGATAAAATAGGTACACATATCGCGTCCTTATCACATCCTCCATTGTTTACCTTACAATGTTCTTCGCATTCGAAATTTTTTTCAGGATTACTTGAAAAGCCTTCTGGACAATTACAATATTCATATCCATGAGTATTCTTACAAACACCTTTTCCACAATTTAAAA","Pf3D7_14_v3-120101-120365-1A.2","13+9N106+9N",137,0.0661196911196911,3
"IM-23-122-NLRL","8039832561","Maziba","Pf3D7_06_v3-851492-851765-1A","ACAATAGTACATTGTGCATTTACATCACAACCTCCATTATTTTTTGAACAGTTCATATCTTTCATAGGTATACATTTAAAATAATTTACACTCATATCAACTATATAATTAGGTCGGCATCTACATTGTTCTTTATCTTTTTCGACAATATAACAACGTGAATTGGGTCCACATTTGGAATATTCACAAATATAATTTACTTTAAATATAACAAAATTTCTCA","Pf3D7_06_v3-851492-851765-1A.3","14G39+8N",204,0.100196463654224,3
"IM-23-122-NLRL","8039832561","Maziba","Pf3D7_07_v3-1028330-1028603-1A","TAAAGAATATTTTTATTTCTAATATTATGGCTAAAAGGAAAATTATTTAATTTCATTTTTTGTGGGTTACTTGTATCATTACAACTCATCATCATGACCATATTATTATTATTATTATTATTGTTGTTGTTGTTGTTGTGGTGGTTCATTACCAATAAATTTGTGTTATTATGTTCATCCTTTTTTATATTAACAATTTCATTTCTATAA","Pf3D7_07_v3-1028330-1028603-1A.5","55+8N101+36N177+8N202C",777,0.962825278810409,2
"IM-23-122-NLRL","8039832561","Maziba","Pf3D7_12_v3-233418-233671-1A","CAAAAATATCATTCCCCAAATTTGTACTACTAATTGTTCCAATAGTTCCTATAGTTGTGGTAATTTTCTCATATGTATTTTTTCCTAAAGATTTATTAGACACATTTGAAGGATCATTATTTTGTTCCAAATTCTTGGGCACAGTATTATTACATGAGAATAATGAAAAGTTATTATCATAATTCTTTTGTT","Pf3D7_12_v3-233418-233671-1A.5","67T77+8N",72,0.0199115044247788,3
"IM-23-122-NLRL","8039832561","Maziba","Pf3D7_12_v3-529495-529767-1A","GCTCCCCAAAAGTTAACTGCTTCATTATTTTGTGGATCCCAAAAACTAACATTCGTTACCCATCCAACATAATCGGTAGATATCCTATATTCATAACTACTACAGAAATATTTATACTCATGGTATACATTTGCATCATTTACATCTACCAAATTAACAGTTTTACACAAATTGTGAATGCCATTCAAGTTATAAAAACCTGTACAT","Pf3D7_12_v3-529495-529767-1A.2",".",386,0.167534722222222,4
"IM-23-122-NLRL","8039832561","Maziba","Pf3D7_12_v3-529495-529767-1A","GCTCCCCAAAAGTTAACTGCTTCATTATTTTGTGGATCCCAAAAACTAACATTCGTTACCCATCCAACATAATCGGTAGATATCCTATATTCATAACTACTACAGAAATATTTATACTCATGGTATACATTTGCATCATTTACATCTACCAAATTAACAGTTTTACACAAATTGTGAATTCCATTCAAGTTATAAAAACCTGTACAT","Pf3D7_12_v3-529495-529767-1A.4","180T",1387,0.601996527777778,4
"IM-23-122-NLRL","8039832561","Maziba","Pf3D7_14_v3-1992121-1992370-1A","ATTAAAACATTCCAACAATTTTATTTCCTTCTTTATAAAATTATATAAATTAATTATTTTCTTTTTATCACATTCAAAGACGGCATAAGGTGCACCCCATGAACATTTTTTACTTTTGCTACCATCAGGCATAATATAATCACCAGTACCATTTTTTTCTGATAAATTAATATTTTTTTGTATAACATCATA","Pf3D7_14_v3-1992121-1992370-1A.2","105+8N140T151+9N172+9N",41,0.0309433962264151,3
"IM-23-122-NLRL","8039832561","Maziba","Pf3D7_14_v3-1992121-1992370-1A","ATTAAAACATTTCAACAATTTTATTTCCTTCTTTATAAAATTATATAAATTAATTATTTTCTTTTTATCACATTCAAAGACGGCATAAGGTGCACCCCATGAACATTTTTTACTTTTGCTACCATCAGGCATAATATAAACACCAGTACCATTTTTTTCTGATAAATTAATATTTTTTTGTATAACATCATA","Pf3D7_14_v3-1992121-1992370-1A.8","12T105+8N151+9N172+9N",6,0.00452830188679245,3
"IM-23-122-NLRL","8039832561","Maziba","Pf3D7_12_v3-63081-63314-1A","TTTCCGTCATAATAGTTGCATACATTCTATTAAAAACTTTGGGTACTCCTAATATAATTTCAGCTTTTGAATTACATATGTCTGTATTCAAAAATTTTATATCTCTACTCCATATATTTATCTTTACACCCAAAAACAAAGTAATGAAAAAAATAACCCTTTCATA","Pf3D7_12_v3-63081-63314-1A.3","63G142T146+9N",2893,0.729450327786183,2
"IM-23-122-NLRL","8039832561","Maziba","Pf3D7_12_v3-659881-660127-1A","GGTGGTTTAACATTTTCAGCTACGACTTTTTCGACTGATGGCAATCCTACTTTGATTAATTCCTTTAACATAGATTTTGCGTGTTTTTTTACTTCTGATTTGATATCAAAGCTTGATTCTAAAAAGGTTGGTGAATTTTTTTGTAAAACACTGACAAGTTCATTTGATATGGTCTCTGCTAAATCATCACCA","Pf3D7_12_v3-659881-660127-1A.1","26C27T35C83+9N135+9N",3345,0.810123516589973,3
"IM-23-122-NLRL","8039832561","Maziba","Pf3D7_14_v3-2004362-2004606-1A","TATTTCCATATTATTGTAATAGGGCTTTTTCTTGCTCTTCTAATTTTTGTATATCTTGCTTATCCTTATCTAATTGTCCAAGAGCATTTAATTCATCTTCTACATTTATTTTATTTTCTTGAGAATATTCTTCAATTTTGTCTTCGAAACTGTTATATAATCTATTTATAATTGGTTG","Pf3D7_14_v3-2004362-2004606-1A.1",".",146,0.0672811059907834,4
"IM-23-122-NLRL","8039832561","Maziba","Pf3D7_14_v3-407306-407542-1A","CTTTCTTTCGTCTTTCTGTTCATTATCCATATAATCTTTTTCTACTACCTTTTCATTCTTTACTTTATTTCTATTAATACACAACTCTCCTTGAGTTAAGAGATTTACGATATTATCAATATTGTTTTCTTTCATATACTTCAACTTTTTACTATTCATTTTTAAAAGA","Pf3D7_14_v3-407306-407542-1A.5","44A47A",3,0.000678119349005425,7
"IM-23-122-NLRL","8039832561","Maziba","Pf3D7_14_v3-2020604-2020849-1A","CAAGAACATGAATATTTCTGTAAATACATAGACAAGTCCTCATTATGTCTTATCACAGGGTGCTCTTCTTTAATATGACAATATAATTTTATATGTTTTATTATTTCTTGATGAATTTCACATAATAAAAATAATGTGTGATTCATATGTTGACTACCCAATATAGAAAAGCCACTAACTAATTG","Pf3D7_14_v3-2020604-2020849-1A.1","65+8N",2081,0.678292046936115,3
"IM-23-122-NLRL","8039832561","Maziba","Pf3D7_14_v3-2020604-2020849-1A","CAAGAACATGAATATTTCTGTAAATACATAGACAAGTCCTCATTATGTCTTATCACAGGGTGCTCTTCTTTAATATGACAATATAATTTTATATGTTTTATTATTTCTTGATGAATTTCACATAATAAAAATAATGTGTGATTCATATGTTGACTACTCAATATAGAAAAGCCACTAACTAATTG","Pf3D7_14_v3-2020604-2020849-1A.2","65+8N158T",931,0.303455019556714,3
"IM-23-122-NLRL","8039832561","Maziba","Pf3D7_12_v3-684011-684240-1A","ACCTAATGTTGGTAAGTCTACCATTTTTAATCGACTAACTCGAAAATATCAAGATGGTAGTATTGTTTTAGAGGTTAGTAGTACGAGAGATAAACTTTATGGAGAAGTTGAGTGGGAAGGATATAAATTTGAACTTGTGGATACAGGAGGTTTAGTTTTTGA","Pf3D7_12_v3-684011-684240-1A.4","73G",848,0.1668306118434,4
"IM-23-122-NLRL","8039832561","Maziba","Pf3D7_14_v3-2260533-2260765-1A","AATAACCATCAAATACAAACTCAACCAACAAATACAGTACAATATATTCAACCAAATTATCAACAAGTCATAACACAAGTAGATCAAAATGGTAATCTATTCAATCAACAGCTTGTAGGAAGTACAGTAATGCAAAATATGACACCACAAGGTGTAAACACGTTAAATTATCCTGCAACG","Pf3D7_14_v3-2260533-2260765-1A.3","61C91G",2024,0.616697135892748,3
"IM-23-122-NLRL","8039832561","Maziba","Pf3D7_14_v3-407306-407542-1A","CTTTCTTTCGTCTTTGTTTTCATTATCCATATAATCTTTTTCTACTACCTTTTCATTCTTTACTTTATTTCTATTAATACACAACTCTCCTTGAGTTAAGAGATTTACGATATTATCAATATTGTTTTCTTTCATATACTTCAACTTTTTACTATTCATTTTTAAAAGA","Pf3D7_14_v3-407306-407542-1A.8","16G18T44A47A",138,0.0311934900542495,7
"IM-23-122-NLRL","8039832561","Maziba","Pf3D7_08_v3-1314717-1314986-1A","ATAAAAAAGAAAAAATTATTGTCAAAAGTTTTCATAGATATATATATGATGGTATTAGAAGATTTTAAAGAAGAAGAATGTAAAAAAAATAAAGAAATATTTCTTGATACTTATATAGATGAACTAAAAAAAGATTCGCAAAGTGAAAAAAATAAAAGCATGTTAAATATATTAGATGAAATAAAAAGTGATATTCATATAGGATATC","Pf3D7_08_v3-1314717-1314986-1A.7","2+15N87A125+9N145+9N",4,0.00551724137931034,3
"IM-23-122-NLRL","8039832561","Maziba","Pf3D7_08_v3-1314717-1314986-1A","ATAAAAAAGAAAAAATTATTGTCAAAAGTTTTCATAGATATATATATGATGGTATTAGAAGATTTTAAAGAAGAAGAATGTAAAAAGAATAAAGAAATATTTCTTGATACTTATATAGATGAACTAAAAAAAGATTCGCAAAGTGAAAAAAATAAAAGCATGTTAAATATATTAGATGAAATAAAAAGTGATATTCATATAGGATATC","Pf3D7_08_v3-1314717-1314986-1A.3","2+15N125+9N145+9N",21,0.0289655172413793,3
"IM-23-122-NLRL","8039832561","Maziba","Pf3D7_05_v3-350808-351052-1A","TAATATAATTTGAGTTGATAATATTATAATTATTTTTTATATGTTGCTCATTTATATTATTATGATAAATATGAGTTGTATTTTTATTAGAGTTGTAGGACATTTTCCCATACATTAGTTGTTTTACATTTTTAACATTTTTATAATTATGTATTAAACATAAAATTATTAGATAAA","Pf3D7_05_v3-350808-351052-1A.5","32+8N116T164A",215,0.0727826675693974,5
"IM-23-122-NLRL","8039832561","Maziba","Pf3D7_05_v3-350808-351052-1A","TAATATAATTTGAGTTGATAATATTATAATTATTTTTTATATGTTGCTCATTTATATTATTATGATAAATATGAGTTGTATTTTTATTAGAGTTGTAGGACATTTTCCCATACATTAGTTGTTTTACATTTTTAACATTTTTATAATTATGTATTAAACATAAGATTATTAGATAAA","Pf3D7_05_v3-350808-351052-1A.1","32+8N116T",147,0.0497630331753555,5
"IM-23-122-NLRL","8039832561","Maziba","Pf3D7_08_v3-1344618-1344845-1A","TATCTTTTCCATATATAATAACGCATGAATTCTTTAAATATATCTTTTACTTTATCTGTAAGTTTCATGGAATCTATTATTTCTTCTGCATATTTTATTTTTGCCTCGTTTATATATTTACCTGCTTCTAATTTACATAAACATTTTTCTATTAAGTTTTG","Pf3D7_08_v3-1344618-1344845-1A.7","84T86C128C",2582,0.565484012264564,4
"IM-23-122-NLRL","8039832561","Maziba","Pf3D7_14_v3-2695837-2696082-1A","CGTTTTGTATCATATTATTAGATATAGTTATTTTATTATTATTTTCTACATTATTATTCAATATATTACATCCTGTTATGGAATTATTGTTAAAATATAAATTATTCGAATTGTTATTATTAAATTCTAATCCACTAACTGCTGTTGTATATAATGATGATGAGTTATTATTATAGAAATC","Pf3D7_14_v3-2695837-2696082-1A.2","28+16N53A",1785,0.887618100447539,2
"IM-23-122-NLRL","8039832561","Maziba","Pf3D7_14_v3-2733345-2733593-1A","TCGATGTACATGCAGAAAAAATATTGGAACGTTTATTTGTAATTTATTTATGTGTATTAAAAGAATATGAAAAACATCCTCCTAAAATATTAAAATATTCATTACGTGCTATATCGAGATACTCGATGTATATAAATAAATTTATCATGGATGATATATTATTTGAAATTAAAAACCTTGCTGCA","Pf3D7_14_v3-2733345-2733593-1A.2","15+8N116G",167,0.0443912812333865,2
"IM-23-122-NLRL","8039832561","Maziba","Pf3D7_14_v3-2733345-2733593-1A","TCGATGTACATGCAGAAAAAATATTGGAACGTTTATTTGTAATTTATTTATGTGTATTAAAAGAATATGAAAAACATCCTCCTAAAATATTAAAATATTCATTACGTGCTATATCTAGATACTCGATGTATATAAATAAATTTATCATGGATGATATATTATTTGAAATTAAAAACCTTGCTGCA","Pf3D7_14_v3-2733345-2733593-1A.1","15+8N",3595,0.955608718766613,2
"IM-23-122-NLRL","8039832561","Maziba","Pf3D7_14_v3-279563-279833-1A","CATTTTTCTTTTAAATGAGAGCAATATATTTCTTAGGTTTATTCCGGATAAATGTTTAGTTATTAGCCAGGTGAGTAATAGTGATTCATATAAGGTAAATTGTATTAATTTCTCTGAAGGATTTTGTTGCTGTCATCCAATAAATAATTTAGCACTATTATATGGAGAGTATCAACAAAATCAAGAATCAAAAATTATGAAATTACCG","Pf3D7_14_v3-279563-279833-1A.1",".",1038,0.796623177283193,3
"IM-23-122-NLRL","8039832561","Maziba","Pf3D7_14_v3-279563-279833-1A","CATTTTTCTTTTAAATGAGAGCAATATATTTCTTAGGTTTATTCCGGATAAATGTTTAGTTATTAGCCAGGTGAGTTATAGTGATTCATATAAGGTAAATTGTATTAATTTCTCTGAAGGATTTTGTTGCTGTCATCCAATAAATAATTTAGCACTATTATATGGAGAGTATCAACAAAATCAAGAATCAAAAATTATGAAATTACCG","Pf3D7_14_v3-279563-279833-1A.2","77T",237,0.181887950882579,3
"IM-23-122-NLRL","8039832561","Maziba","Pf3D7_13_v3-1265494-1265726-1A","TGTCATATACAGATTATAAAAATGATCATAGAATAAGCGAAATCTTAAATCGTTGTATTTTACGATTAAACGAGTTTGATCTAATTCATTTATCTTCTTTGGTCATATCTTTAAGTAAAATGAATTTTAGGAGTGTGTATTTTCTGGAACAAGTACAAAAGAAATT","Pf3D7_13_v3-1265494-1265726-1A.8",".",6,0.000820793433652531,7
"IM-23-122-NLRL","8039832561","Maziba","Pf3D7_13_v3-1265494-1265726-1A","TGTCATATACAGATTATAAAAATGATCATAGAATAAGCGAAATTTTAAATCGTTGTATTTTACGATTAAACGAGTTTGATCTAATTCATTTATCTTCTTTGGTCATATCTTTAAGTAAAATGAATTTTAGGAGTGTGTATTTTATGGAACAAGTACAAAAGAAATT","Pf3D7_13_v3-1265494-1265726-1A.4","44T144A",151,0.020656634746922,7
"IM-23-122-NLRL","8039832561","Maziba","Pf3D7_09_v3-163813-164052-1A","GTAATAATAATAATAATAATGTATTTCTTTCATCAAGTGATCCAAATAAATTAAACACAACACCATCACCATTTGGTTTATCATCTATTGGAAATCTAAATACAAACAATAAATTAAATAGCTTTCCAGATTTTAGTCAAGCTAATAAAACATTTCTACAAAATGATAGCTTAT","Pf3D7_09_v3-163813-164052-1A.1","2+19N28T131T",1322,0.491998511350949,2
"IM-23-122-NLRL","8039832561","Maziba","Pf3D7_11_v3-1950431-1950680-2","AGATATATTTCAAGGAAAGGATATGTGGAATGATGGGAAATATGGTGAAGCGAAAAATCATATTAAGAATGCTTTTGGTGATATGAACAATAGAAAAACTATGTTAAATGAAATTGAGAAAGGAATTAAAGATGAAACGTTTAGTCGTGAAAATGGTTTAGACGTTTGTAAATCTCAATGTGAGGAAAG","Pf3D7_11_v3-1950431-1950680-2.2",".",116,0.0279787747226242,2
"IM-23-122-NLRL","8039832561","Maziba","Pf3D7_11_v3-1950431-1950680-2","AGATATATTTCAAGGAAAGGATATGTGGAATGATGGGAAATATGGTGAAGCGAAAAATCATATTAAGAATGCTTTTGGTGATATGAACAATAGAAAAGCTATGTTAAATGAAATTGAGAAAGGAATTAAAGATGAAACGTTTAGTCGTGAAAATGGTTTAGACGTTTGTAAATCTCAATGTGAGGAAAG","Pf3D7_11_v3-1950431-1950680-2.1","98G",4030,0.972021225277376,2
"IM-23-122-NLRL","8039832561","Maziba","Pf3D7_02_v3-290580-290821-1A","TTATTATAAGGATTATAATTATTATCATTCTTATTATATGGATTAATATAATTTCCATCATAATCATTACTGTTTTTATCATATTGTGGATAATTATTTCTATTTCTATTTTGATTAAAATCCGATTGTCTATATCTAACTCTAATATCTGTAGATGCTAAATCATTAGGTAATGGG","Pf3D7_02_v3-290580-290821-1A.2","12+26N56C62A",948,0.208580858085809,3
"IM-23-122-NLRL","8039832561","Maziba","Pf3D7_02_v3-290580-290821-1A","TTATTATAAGGATTATAATTATTATCATTCTTATTATATGGATTAATATAATTTCGATCATAATCATTACTGTTTTTATCATATTGTGGATAATTATTTCTATTTCTATTTTGATTAAAATCCGATTGTCTATATCTAACTCTAATATCTGTAGATGCTAAATCATTAGGTAATGGG","Pf3D7_02_v3-290580-290821-1A.6","12+26N62A",3288,0.723432343234323,3
"IM-23-122-NLRL","8039832561","Maziba","Pf3D7_02_v3-290580-290821-1A","TTATTATAAGGATTATAATTATTATCATTCTTATTATATGGATTAATATAATTTCGATCATTATCATTACTGTTTTTATCATATTGTGGATAATTATTTCTATTTCTATTTTGATTAAAATCCGATTGTCTATATCTAACTCTAATATCTGTAGATGCTAAATCATTAGGTAATGGG","Pf3D7_02_v3-290580-290821-1A.1","12+26N",309,0.067986798679868,3
"IM-23-122-NLRL","8039832561","Maziba","Pf3D7_02_v3-291770-292017-1A","TAATATCATAAGGTTTGAATATTTTCCTCTCAGGTATTATACCAACAGAAGGTTTATCATCATCTTTAAAACCTGCTCTATCTTTAACCCAATGATTAGGATTTTTTAAACATAAAGCTGGATTCTTTAATAAATCTTTCATATGTTCCATATTATTTTCTTCATTTATATATGATTCTAC","Pf3D7_02_v3-291770-292017-1A.3","92A101+8N",1540,0.607495069033531,3
"IM-23-122-NLRL","8039832561","Maziba","Pf3D7_02_v3-291770-292017-1A","TAATATCATAAGGTTTGAATATTTTCCTCTCAGGTATTATACCAACAGAAGGTTTATCATCATCTTTAAAACCTGCTCTATCTTTAACCCATTGATTAGGATTTTTTAAACATAAAGCTGGATTCTTTAATAAATCTTTCATATGTTCCATATTATTTTCTTCATTTATATATGATTCTAC","Pf3D7_02_v3-291770-292017-1A.2","101+8N",20,0.00788954635108481,3
"IM-23-122-NLRL","8039832561","Maziba","Pf3D7_02_v3-470437-470709-1A","AATATTGACATGAAACATTATAATACACATAAGAAAAAAAAAATTTATTTATTCTTACAAAAAGAATATAAAAACAAAATTTTGGGATTTATAAATTTTTATAAACATATAACACACAAAATAAAAAAGAAACAAGAAAATGTTCATGATAAAATCACTTTTTTAAAATGTCTAAAGGAACTCTTTTTTGTCACACATACAAATA","Pf3D7_02_v3-470437-470709-1A.2","33+12N122+8N158+8N183+8N",63,0.0446491849751949,4
"IM-23-122-NLRL","8039832561","Maziba","Pf3D7_02_v3-470437-470709-1A","AATATTGACATGAAACATTATAATACACATAAGAAAAAAAAAATTTATTTATTCTTACAAAAAGAATATAAAAACAAAATTTTGGGATTTATAAATTTTTATAAACATATAACACACAAAATAAAAAAGAAACAAGAAAATGTTCATGATAAAATCACTTTTTTAAAATGTCTAAAGGAACTCTTTTTTGTCACACATACAAATG","Pf3D7_02_v3-470437-470709-1A.1","33+12N122+8N158+8N183+8N205G",711,0.503897944720057,4
"IM-23-122-NLRL","8039832561","Maziba","Pf3D7_11_v3-408543-408771-1A","AGAGTGTTAATAATACTACAGCTAGTCATATTTCCAAATCCAAAAATGAACTTGAAAAAAAGTCATCAGCTAATAATAATGCTTATATTAAAATAATCGAAAATTATGATTTATTATGGTTAAAATTAATAGAAATTGAATTATGTTGTAATAATAAAAATTTAAATCCTATA","Pf3D7_11_v3-408543-408771-1A.2","27C54+9N70C95A",77,0.0198812290214304,2
"IM-23-122-NLRL","8039832561","Maziba","Pf3D7_11_v3-497277-497548-1A","TTTTAGATTTAATTGAATATTCATTTTTAAATTATACTAGTTCTAATTTAAATACAATAAATAATAATAATGACAAAAAAAAACAAAATCAAAAAAATAAAAATCGCAAATATAGTAAAAATAATATTTTAGATCTCTATGAACACGTAAGTACGATCAGTTTATTTTATCACACGTTTAATTTACCTAAGGAGTATAATGAAAAATTGTT","Pf3D7_11_v3-497277-497548-1A.2","74+11N90+9N148T",925,0.981953290870488,2
"IM-23-122-NLRL","8039832561","Maziba","Pf3D7_11_v3-497277-497548-1A","TTTTAGATTTAATTGAATATTCATTTTTAAATTATACTAGTTCTAATTTAAATACAATAAATAATAATAATGACAAAAAAAAACAAAATCAAAAAAATAAAAATCGCAAATATAGTAAAAATAATATTTTAGATCTCTATGAACACGTACGTACGATCAGTTTATTTTATCACACGTTTAATTTACCTAAGGAGTATAATGAAAAATTGTT","Pf3D7_11_v3-497277-497548-1A.1","74+11N90+9N148T150C",17,0.0180467091295117,2
"IM-23-122-NLRL","8039832561","Maziba","Pf3D7_12_v3-1959644-1959891-1A","ATGGGAAGACGATAAGAGAAGAGAAATTAATTTCTGAGGGAGCGTATTCATTTGTTTATATGGCGAAGGATTTAAACACGAATCGAGCTTATACTATAAAGAAGACCATATGTCAAGATAAAGAGAAAATAGATATGGCGAAAAAAGAAATCAACATTCTTAAAAGTTTACCTCCACATAAAAATATA","Pf3D7_12_v3-1959644-1959891-1A.1","143A",3356,1,1
"IM-23-122-NLRL","8039832561","Maziba","Pf3D7_14_v3-1392837-1393086-1A","ACATGTATTGTCCCCAGCATGAATCGGGTGATAAATATTATCAAGCGTATCAAAAAATGGATTGTAATTATTACTACTATTCATATCATTATTTTTTGTGGTGGTGGTGGACTGTGAAATGTTTTCCTTATGATTTTGACTTGTGTGTATATCCCTACCAACAATATATTCAACATTATTATTATCAAAAA","Pf3D7_14_v3-1392837-1393086-1A.1","51+8N91+8N108I=TGG162T",1967,1,1
"IM-23-122-NLRL","8039832561","Maziba","Pf3D7_14_v3-1956056-1956330-1B","CTAATTTTTTTTCTCCACTTTGTAATTTTTATTGTTGAATATATATATAAAGTTAAACCTATAAATAATACACTACCTAATAAACTATTCTTATATTTAAAAATAAATATAACACATGTTATTAATCCTTCTATTGTTGCCGGAATAATATACATTAAAACAGAACTCATCAAATTATTAGCACTCTCGGTACCTCTATCAACTATTCTCA","Pf3D7_14_v3-1956056-1956330-1B.1","4+10N113C",511,0.46286231884058,2
"IM-23-122-NLRL","8039832561","Maziba","Pf3D7_14_v3-3214249-3214516-1A","TAAATAAAAAAGGATTAGATGATTTAATAAAAGATTTGTTAAAATATTTTCCAAAGAATTCAATTAGCGATCGTTTTGAATTGTTAGAATTTAAAATGACGGAGGATTGTTATACAAAAATGTGGTTTGATTTTATGATTGATTTTGGAATAGCTACAATGAATGAAAACGAACATACTAGATCTTTTTATGGCTTAATCGAA","Pf3D7_14_v3-3214249-3214516-1A.3","5+8N139T169A194C",1223,0.265638575152042,2
"IM-23-122-NLRL","8039832561","Maziba","Pf3D7_14_v3-377765-378020-1A","AAAGATATATCAACTGAAAAGATTTTATCAAATAATTGCTTTAATAATAAGTTAAAAAATTGATTTCCAACATCTATCATATTCATATAATCTAATGATTTAAAAATATATAATATACTCTTTGGACTAAATTTTAATTCATCATTTATTATTTTCTCTTTTACTATTGCTTTAATTTGATTAAAATATATAA","Pf3D7_14_v3-377765-378020-1A.3","21G53+8N",399,0.38255033557047,5
"IM-23-122-NLRL","8039832561","Maziba","Pf3D7_07_v3-105172-105442-1A","GACTACTAACAGAGTGACTACCTACGCTATGTTGAGATGAATTGCTTCCATTTGAATTACTTCCAGATAGGTGATTTTCTGTACTTCCATCTGAATTGTTTTTATATAATTGACTTTCCTTTTGTCCATCTAAATTATGCACTGCACTATGAGTTCCTTCACCCAAATTATTACTGTTTGTTGTATCATCATTTAAATCAAATCCATTTCTT","Pf3D7_07_v3-105172-105442-1A.2","44G52T",8,0.00566973777462792,4
"IM-23-122-NLRL","8039832561","Maziba","Pf3D7_14_v3-2004362-2004606-1A","TATTTCCATATTATTGTAATAGGGCTTTTTCTTGCTCTTCTAATTTTTGTATATCTTGCTTATCCTTATCTAATTGTCCAAGAGCAACTAATTCATCATCTACATTTATTTTATTTTCTTGAGAATATTCTTCAATTTTGTCTTCGAAACTGTTATATAATCTATTTATAATTGGTTG","Pf3D7_14_v3-2004362-2004606-1A.6","87A88C98A",27,0.0124423963133641,4
"IM-23-122-NLRL","8039832561","Maziba","Pf3D7_14_v3-2004362-2004606-1A","TATTTCCATATTATTGTAATAGGGCTTTTTCTTGCTCTTCTAATTTTTGTATATCTTGCTTATCCTTATCTAATTGTCCAAGAGCAGCTAATTCATCATCTACATTTATTTTATTTTCTTGAGAATATTCTTCAATTTTGTCTTCGAAACTGTTATATAATCTATTTATAATTGGTTG","Pf3D7_14_v3-2004362-2004606-1A.7","87G88C98A",844,0.388940092165899,4
"IM-23-122-NLRL","8039832561","Maziba","Pf3D7_14_v3-377765-378020-1A","AAAGATATATCAACTGAAAATATTTTATCAAATAATTGCTTTAATAATAAGTTAAAAAATTGATTTCCAATATCTATCATATTCATATAATCTAATGATTTAAAAATATATAATATACTCTTTGGACTAAATTTTAATTCATCATTTATTATTTTCTCTTTTACTATTGCTTTAATTTGATTAAAATATATAA","Pf3D7_14_v3-377765-378020-1A.14","53+8N71T",1,0.000958772770853308,5
"IM-23-122-NLRL","8039832561","Maziba","Pf3D7_07_v3-1149367-1149613-1A","TATTTGACTAGTCGAATAATATTTAATATTTTTGTTTAGGAAGTTTTCAAAATTGATGACATTGATAACCGTTTTTATTAAATCGCTTGGGTTGTTTGTGTGTTCTATAGTAGAAGACATAATTTTAAGAATGTGTTTTTGTGTTATTAAACAAAACTTTGTTACTATATGGAATCGTATGTTAT","Pf3D7_07_v3-1149367-1149613-1A.1","106T109A",3184,0.568571428571429,2
"IM-23-122-NLRL","8039832561","Maziba","Pf3D7_14_v3-407306-407542-1A","CTTTCTTTCGTCTTTCTGTTCATTATCCATATAATCTTTTTCTACTACCTTTTCATTCTTTACTTTATTTCTATTAATACACAATTCTCCTTGAGTTAAGAGATTTACGATATTATCAATATTGTTTTCTTTCATATACTTCAACTTTTTACTATTCATTTTTAAAAGA","Pf3D7_14_v3-407306-407542-1A.4","44A47A85T",418,0.0944846292947559,7
"IM-23-122-NLRL","8039832561","Maziba","Pf3D7_14_v3-407306-407542-1A","CTTTCTTTCGTCTTTCTGTTCATTATCCATATAATCTTTTTCTCCTTCCTTTTCATTCTTTACTTTATTTCTATTAATACACAACTCTCCTTGAGTTAAGAGATTTACGATATTATCAATATTGTTTTCTTTCATATACTTCAACTTTTTACTATTCATTTTTAAAAGA","Pf3D7_14_v3-407306-407542-1A.1",".",11,0.00248643761301989,7
"IM-23-122-NLRL","8039832561","Maziba","Pf3D7_14_v3-2020604-2020849-1A","CAAGAACATGAATATTTCTGTATATACATAGACAAGTCCTCATTATGTCTTATCACAGGGTGCTCTTCTTTAATATGACAATATAATTTTATATGTTTTATTATTTCTTGATGAATTTCACATAATAAAAATAATGTGTGATTCATATGTTGACTACCCAATATAGAAAAGCCACTAACTAATTG","Pf3D7_14_v3-2020604-2020849-1A.4","23T65+8N",56,0.0182529335071708,3
"IM-23-122-NLRL","8039832561","Maziba","Pf3D7_14_v3-407306-407542-1A","CTTTCTTTCGTCTTTCTGTTCATTATCCATATAATCTTTTTCTCCTTCCTTTTCATTCTTTACTTTATTTCTATTAATACACAATTCTCCTTGAGTTAAGAGATTTACGATATTATCAATATTGTTTTCTTTCATATACTTCAACTTTTTACTATTCATTTTTAAAAGA","Pf3D7_14_v3-407306-407542-1A.14","85T",2012,0.454792043399638,7
"IM-23-122-NLRL","8039832561","Maziba","Pf3D7_06_v3-1128558-1128797-1A","ATTGAATCGTTGGTGTTTATTTTATTATTCCTCTTTTGTTTTTCAATGAATACAAATGTTTCATCGACACTATCTTTATGATCTATTGGTATGGCATGATTTTCTAAATTGCTATTTCTTTCATTAGAATTGTATTTTTCACTATTATAGGTTGAGGTTTTACTACATTTTATATTTTT","Pf3D7_06_v3-1128558-1128797-1A.1",".",332,0.0772811918063315,2
"IM-23-122-NLRL","8039832561","Maziba","Pf3D7_06_v3-1135605-1135855-1A","TATAAAGAATTTATACCACCTAAATTGTTAACATTAGAAGTATTATTTGTTTCTGTATTTTCTTGTAACGTATTTGTATTATTAATATTGTTAGATGAAATATTATGACTATTTCTTCTATTTGTTATATTTAAATTGTAAATAGTTTCATTACTAACACTACTGATACCATTGAAATGATTATTTAG","Pf3D7_06_v3-1135605-1135855-1A.1","172T",2530,1,1
"IM-23-122-NLRL","8039832561","Maziba","Pf3D7_06_v3-1136091-1136364-1A","CATTATTTTTGTATCCAACGTCGTTATTATTAAAACTTATTATTTGATTAATAACTGACGAACCACATATATTTACACAATGGAATACATAACTTAAGAAAGAGTAGTAATTGCATTTTACTTTTTGCATTTTCCCTCTGGTGGAGAAATAATTATTATGCTGCTTATTACTCTTTGTATTATGATAATTTTTGGTAATCATTTTTTTT","Pf3D7_06_v3-1136091-1136364-1A.1","173C201+9N",2892,0.986693961105425,2
"IM-23-122-NLRL","8039832561","Maziba","Pf3D7_06_v3-1136091-1136364-1A","CATTATTTTTGTATCCAACGTCGTTATTATTAAAACTTATTATTTGATTAATAACTGACGAACCACATATATTTACACAATGGAATACATAACTTAAGAAAGAGTAGTAATTGCATTTTACTTTTTGCATTTTCCCTCTGGTGGAGAAATAATTATTATGCTGCTTATTACTTTTTGTATTATGATAATTTTTGGTAATCATTTTTTTT","Pf3D7_06_v3-1136091-1136364-1A.2","201+9N",39,0.0133060388945752,2
"IM-23-122-NLRL","8039832561","Maziba","Pf3D7_06_v3-1140900-1141174-1A","CTTCCATGTGAGCTTCAAAATCGTCTGAAGGTCGACTAGACATGAAAAATTCAGATTGAGGTAAATCATCAAATGGATGATTTCTATATGATATTCTAGGTATTAATCCTAAGATATTATTTATGCTATTACATTGAGAATTTCCTTCATTGGTTGTGGTACTTATATCCACATTTTGGTGATCATCAAGATATAATGTATTTTCTTTAGAACTT","Pf3D7_06_v3-1140900-1141174-1A.1","189A",1640,0.994542146755609,2
"IM-23-122-NLRL","8039832561","Maziba","Pf3D7_06_v3-1140900-1141174-1A","CTTCCATGTGAGCTTCAAAATCGTCTGAAGGTCGACTAGACATGAAAAATTCAGATTGAGGTAAATCATCAAATGGATGATTTCTATATGATATTCTAGGTATTAATCCTAAGATATTATTTATGCTATTACATTGAGAATTTCCTTCATTGGTTGTGGTACTTATATCCACATTTTGGTGATCATCAGGATATAATGTATTTTCTTTAGAACTT","Pf3D7_06_v3-1140900-1141174-1A.2",".",9,0.00545785324439054,2
"IM-23-122-NLRL","8039832561","Maziba","Pf3D7_08_v3-1344618-1344845-1A","TATCTTTTCCATATATAATAACGCATGAATTCTTTAAATATATCTTTTACTTTATCTGTAAGTTTCATGGAATTTATTATTTCATGTGCATATTTTATTTTTGCCTCGTTTATATATTTACCTGCTTCTAATTTACATAAACATTTTTCTATTAAGTTTTG","Pf3D7_08_v3-1344618-1344845-1A.20","74T128C",108,0.0236530880420499,4
"IM-23-122-NLRL","8039832561","Maziba","Pf3D7_01_v3-528859-529104-1A","TTTGATTCTTTTTAATGAAAAAGAAGCTAAAGATATGTCAGACCATATAATTTCCCAACAAAAACGTTATTGCTCTACCAATATTCATAGTAATTATAATAATAAAATATGTATATGTAAAAATAAGCGACATCATAACAAAAGAGGGAAAGGAATAAAGCATCATGACATACATCAAAAGG","Pf3D7_01_v3-528859-529104-1A.1","165A",1808,0.211461988304094,5
"IM-23-122-NLRL","8039832561","Maziba","Pf3D7_01_v3-528859-529104-1A","TTTGATTCTTTTTAATGAAAAAGAAGCTAAAGATATGTCAGACGATATAATTTCCCAACAAAAACGTTATTGCTCTACCAATATTCATAGTAATTATAATAATAAAATATGTATATGTAAAAATAAGCGACATCATAACAAAAGAGGGAAAGGAATAAAGCATCATGACATACATCAAAAGG","Pf3D7_01_v3-528859-529104-1A.11","44G165A",389,0.0454970760233918,5
"IM-23-122-NLRL","8039832561","Maziba","Pf3D7_01_v3-528859-529104-1A","TTTGATTCTTTTTAATGAAAAAGAAGCTAAAGATATGTCAGACTATATAATTTCCCAACAAAAACGTTATTGCTCTACCAATATTCATAGTAATTATAATAATAAAATATGTATATGTAAAAATAAGCGACATCATAACAAAAGAGGGAAAGGAATAAAGCATCATGACATACACCAAAAGG","Pf3D7_01_v3-528859-529104-1A.13","44T165A175C",5,0.000584795321637427,5
"IM-23-122-NLRL","8039832561","Maziba","Pf3D7_01_v3-528859-529104-1A","TTTGATTCTTTTTAATGAAAAAGAAGCTAAAGATATGTCAGACTATATAATTTCCCAACAAAAACGTTATTGCTCTACCAATATTCATAGTAATTATAATAATAAAATATGTATATGTAAAAATAAGCGACATCATAACAAAAGAGGGAAAGGAATAAAGCATCATGACATACATCAAAAGG","Pf3D7_01_v3-528859-529104-1A.6","44T165A",3,0.000350877192982456,5
"IM-23-122-NLRL","8039832561","Maziba","Pf3D7_01_v3-535965-536239-1A","GCTCATTCGATATTTTCCAGTTGTTTGATTTTAAAAATGATGTATATTTTTTAGATGATAATTTGTTCGACAAGGATATGGTATATTGTACAAGTACCAACAATTATGGCATTATGGAAAATGATAATGATGATGATAAAATAATAAAAATACAGAATTTAAATGAGAAATTAAAAAATGGAAAAGCTGAATTTAAAGATATATTATTAT","Pf3D7_01_v3-535965-536239-1A.4","8C46+8N111A118A121+17N155G172+8N",169,0.136070853462158,7
"IM-23-122-NLRL","8039832561","Maziba","Pf3D7_11_v3-1934962-1935236-1A","TGATGTGCCAATATTAAGGATACATTTTCTAAAGCTTCTAACAGATAATGAAAATTTTTTCTGCGATTTTCATTTAAATCATTAAATATATTGGTTAGTTCTTGTATTGACGTTTTTGGATCTAAGGATGTAATTTGTTCATTTAATTCTTCTGTATATTCTAGATTAAAGTTTAAATTATTAAAATAACCTTCAGCATTATTTTCATTTTT","Pf3D7_11_v3-1934962-1935236-1A.3","41A54+10N98G",249,0.486328125,2
"IM-23-122-NLRL","8039832561","Maziba","Pf3D7_11_v3-1934962-1935236-1A","TGATGTGCCAATATTAAGGATACATTTTCTAAAGCTTCTATCAGATAATGAAAATTTTTTCTGCGATTTTCATTTAAATCATTAAATATATTGGTTAGTTCTTGTATTGACGTTTTTGGATCTAAGGATGTAATTTGTTCATTTAATTCTTCTGTATATTCTAGATTAAAGTTTAAATTATTAAAATAACCTTCAGCATTATTTTCATTTTT","Pf3D7_11_v3-1934962-1935236-1A.1","54+10N98G",263,0.513671875,2
"IM-23-122-NLRL","8039832561","Maziba","Pf3D7_13_v3-1265494-1265726-1A","TGTCATATACAGATTATAAAAATGATCATAGAATAAGCGAAATTTTAAATCGTTGTATTTTACGATTAAACGAGTTTGATCTAATTCATTTATCTTCTTTGGTCATATCTTTAAGTAAAATGAATTTTAGGAGTGTGTATTTTCAGGAACAAGTACAAAAGAAATT","Pf3D7_13_v3-1265494-1265726-1A.2","44T145A",137,0.0187414500683995,7
"IM-23-122-NLRL","8039832561","Maziba","Pf3D7_13_v3-1265494-1265726-1A","TGTCATATACAGATTATAAAAATGATCATAGAATAAGCGAAATTTTAAATCGTTGTATTTTACGATTAAACGAGTTTGATCTAATTCATTTATCTTCTTTGGTCATATCTTTAAGTAAAATGAATTTTAGGAGTGTGTATTTTCTGGAACAAGTACAAAAGAAATT","Pf3D7_13_v3-1265494-1265726-1A.6","44T",4898,0.670041039671683,7
"IM-23-122-NLRL","8039832561","Maziba","Pf3D7_11_v3-1968050-1968296-2","TCATTACACTAGTCATGATTGGTTTAGATTATTACGCCAAGGGAATAAAGCTCAAAATTCCATTTCTCAGGAAGTAGACATATTAAAGGAAAAGTATAAAAAATTAATTTCAGAGGAAGACAATAAAAAAGAAAATAACAATAATAATGATGATGAAGTAAAACCAGAACTAAAAGACAATATA","Pf3D7_11_v3-1968050-1968296-2.1","87A97+8N124+8N",1495,0.213418986438258,2
"IM-23-122-NLRL","8039832561","Maziba","Pf3D7_11_v3-1968050-1968296-2","TCATTACACTAGTCATGATTGGTTTAGATTATTACGCCAAGGGAATAAAGCTCAAAATTCCATTTCTCAGGAAGTAGACATATTAACGGAAAAGTATAAAAAATTAATTTCAGAGGAAGACAATAAAAAAGAAAATAACAATAATAATGATGATGAAGTAAAACCAGAACTAAAAGACAATATA","Pf3D7_11_v3-1968050-1968296-2.2","97+8N124+8N",5510,0.786581013561742,2
"IM-23-122-NLRL","8039832561","Maziba","Pf3D7_11_v3-2001725-2001999-2","AGATGTAAGAACTAAGAATGTAAATACAAGTAAGAGAAATGAAGGACTTAATGATATAAATGAATCAGAAAAAACAAGAACAAGAAGGGCATCAACAAAATCAAATAATAATAATAATAATGTATCATACGAGAATGAATTAGAGAGTGTATCTGAATGGTTTGATAACTTTTTGGAGGATCATATGAAGGAAGGTGTTTTTTTAGATGGGGAAAA","Pf3D7_11_v3-2001725-2001999-2.5","68+8N89G116I=AATAAT153G191+9N",1073,0.60931289040318,2
"IM-23-122-NLRL","8039832561","Maziba","Pf3D7_11_v3-2001725-2001999-2","GGATGTAAGAACTAAGAATGTAAATACAAGTAAGAGAAATGAAGGACTTAATGATATAAATGAATCAGAAAAAACAAGAACAAGAAGGGCATCAACAAAATCAAATAATAATAATAATAATGTATCATACGAGAATGAATTAGAGAGTGTATCTGAATGGTTTGATAACTTTTTGGAGGATCATATGAAGGAAGGTGTTTTTTTAGATGGGGAAAA","Pf3D7_11_v3-2001725-2001999-2.1","1G68+8N89G116I=AATAAT153G191+9N",688,0.39068710959682,2
"IM-23-122-NLRL","8039832561","Maziba","Pf3D7_05_v3-668763-669004-1A","TAATATTATCTGGCTCTGTAACCATGTCCGAACATATGTTAACAGGAGAATCTGTTCCTATACATAAAGAGCGGTTACCTTTTGAAGGAAATGCTATTATAAATAAAAATAATAAATATGACAGTAACGATGAAAAGGATGATTACCTTCGTATTTATAATAATCATGCTAGTATTAATATGATCAACCG","Pf3D7_05_v3-668763-669004-1A.1","73G122C188C",1,0.000224466891133558,6
"IM-23-122-NLRL","8039832561","Maziba","Pf3D7_05_v3-668763-669004-1A","TAATATTATCTGGCTCTGTAACCATGTCCGAACATATGTTAACAGGAGAATCTGTTCCTATACATAAAGAGCGGTTACCTTTTGAAGGAAATGCTATTATAAATAAAAATAATAAATATGACAGTAACGATGAAAAGGATGATTACCTTCGTATTTATAATAATCATGCTAGTATTAATATGATCAAGCG","Pf3D7_05_v3-668763-669004-1A.2","73G122C",1219,0.273625140291807,6
"IM-23-122-NLRL","8039832561","Maziba","Pf3D7_05_v3-668763-669004-1A","TAATATTATCTGGCTCTGTAACCATGTCCGAACATATGTTAACAGGAGAATCTGTTCCTATACATAAAGAGCGGTTACCTTTTGAAGGAAATGCTATTATAAATAAAAATAATAAATATGAGAGTAACGATGAAAAGGATGATTACCTTCGTATTTATAATAATCATGCTAGTATTAATATGATCAACCG","Pf3D7_05_v3-668763-669004-1A.9","73G188C",58,0.0130190796857464,6
"IM-23-122-NLRL","8039832561","Maziba","Pf3D7_14_v3-3124416-3124655-1A","TAATTGATCTTCTAGAGGAATTAGATATTTTGTCTATATCGAATAAAGATGAAGTAGAAAAACGAAGAAAGGAAACAACTCAAGAGACGCGGTTGTTAGGAAATATTGATTTAGGATATGGAAAATTAGGAGAGGGAATAAAGCATGAAAATTTACAGGAAGAATTAGGAAACATATTATTTG","Pf3D7_14_v3-3124416-3124655-1A.18","175T",372,0.0754257907542579,8
"IM-23-122-NLRL","8039832561","Maziba","Pf3D7_14_v3-3124416-3124655-1A","TAATTGATCTTCTAGAGGATTTAGATATTTTGTCTATATCGAATAAAGATGAAGTAGAAAAACGAAGAAAGAAAACAACTCAAGAGACGCGGTTGTTAGGAAATATTGATTTAGGATATGGAAAATTAGGAGAGGGAATAAAGCATGAAAATTTACAGGAAGAATTAGGAAAAAGATTATTTG","Pf3D7_14_v3-3124416-3124655-1A.31","20T72A173A",1192,0.241686942416869,8
"IM-23-122-NLRL","8039832561","Maziba","Pf3D7_14_v3-3124416-3124655-1A","TAATTGATCTTCTAGAGGATTTAGATATTTTGTCTATATCGAATAAAGATGAAGTAGAAAAACGAAGAAAGAAAACAACTCAAGAGACGCGGTTGTTAGGAAATATTGATTTAGGATATGGAAAATTAGGAGAGGGAATAAAGCATGAAAATTTACAGGAAGAATTAGGAAACAGATTATTTG","Pf3D7_14_v3-3124416-3124655-1A.3","20T72A",34,0.00689375506893755,8
"IM-23-122-NLRL","8039832561","Maziba","Pf3D7_04_v3-109939-110184-1A","CAACATCTGAATTATATAAATCTTTAGAAAAACAACTAATATCCTTACTACATATATTTATTTTTATACCAAGAATAACAGCCATATAAACCAAAACTCTCTCAAATGCATGTGATACAGGTAAATAAGAAAAATGGGTTTTCGGTTTCATGTTTTTTATTACATTATGATCACATAATGGTGCTACT","Pf3D7_04_v3-109939-110184-1A.5","50A51C108G152+8N",539,0.183146449201495,5
"IM-23-122-NLRL","8039832561","Maziba","Pf3D7_04_v3-109939-110184-1A","CAACATCTGAATTATATAAATCTTTAGAAAAACAACTAATATCCTTACTCCATATATTTATTTTTATACCAAGAATAACAGCCATATAAACCAAAACTCTCTCAAATACATGTGATACAGGTAAATAAGAAAAATGGGTTTTCGGTTTCATGTTTTTTATTACATTATGATCACATAATGGTGCTACT","Pf3D7_04_v3-109939-110184-1A.1","51C152+8N",542,0.18416581719334,5
"IM-23-122-NLRL","8039832561","Maziba","Pf3D7_14_v3-3125801-3126073-1A","ATTCTTATAATATTTAAGAATGAAGGGATTAAATATTTACATTTTAGCGAGGATACTCTGAAATATGTTAATTTTAATTATCCTGATTTTAACTTATATAAATGTATGAATTTATATAAGAAAAATTATGTTGATAGGGATGAGAAAGATATCTGTGATTTTTCAAATGAAGATATTCCGTTAATAAAAGAAAATAACAAGAGAATCAG","Pf3D7_14_v3-3125801-3126073-1A.3","175A",144,0.105417276720351,5
"IM-23-122-NLRL","8039832561","Maziba","Pf3D7_14_v3-1956056-1956330-1B","CTAATTTTTTTTCTCCACTTTGTAATTTTTATTGTTGAATATATATATAAAGTTAAACCTATAAATAATACACTACCTAATAAACTATTCTTATATTTAAAAATAAATATAATACATGTTATTAATCCTTCTATTGTTGCCGGAATAATATACATTAAAACAGAACTCATCAAATTATTAGCACTCTCGGTACCTCTATCAACTATTCTCA","Pf3D7_14_v3-1956056-1956330-1B.2","4+10N",593,0.53713768115942,2
"IM-23-122-NLRL","8039832561","Maziba","Pf3D7_14_v3-1992121-1992370-1A","ATTAAAACATTCCAACAATTTTATTTCCTTCTTTATAAAATTATATAAATTAATTATTTTCTTTTTATCACATTCAAAGACGGCATAAGGTGCACCCCATGAACATTTTTTACTTTTGCTACCATCAGGCATAATATAAACACCAGTACCATTTTTTTCTGATAAATTAATATTTTTTTGTATAACATCATA","Pf3D7_14_v3-1992121-1992370-1A.1","105+8N151+9N172+9N",1278,0.964528301886793,3
"IM-23-122-NLRL","8039832561","Maziba","Pf3D7_14_v3-3214249-3214516-1A","TAAATAAAAAAGGATTAGATGATTTAATAAAAGATTTGTTAAAATATTTTCCAAAGAATTCAATTAGCGATCGTTTTGAATTGTTAGAATTTAAAATGACGGAGGATTGTTATACAAAAATGTGGTTTGATTTTATGAGTGATTTTGGAATAGCTACAATGAATGAAACCGAACATACTAGATCTTTTTATGGCTTAATCGAA","Pf3D7_14_v3-3214249-3214516-1A.1","5+8N194C",3381,0.734361424847958,2
"IM-23-122-NLRL","8039832561","Maziba","Pf3D7_14_v3-377765-378020-1A","AAAGATATATCAACTGAAAATATTTTATCAAATAATTGCTTTAATAATAAGTTAAAAAATTGATTTCCAACATCTATCATATTCATATAATCTAATGATTTAAAAATATATAATATACTCTTTGGACTAAATTTTAATTCATCATTTATTATTTTCTCTTTTACTATTGCTTTAATTTGATTAAAATATATAA","Pf3D7_14_v3-377765-378020-1A.5","53+8N",594,0.569511025886865,5
"IM-23-122-NLRL","8039832561","Maziba","Pf3D7_14_v3-377765-378020-1A","AAAGATATATCAACTGAAAATATTTTATCAAATAATTGCTTTAATAATAAGTTAAAAAATTGATTTCCAATATCTATCATATTCATATAATCTAATGATTTAAAAATATATAATATACTCTTTGGACTAAATTTTAATTCATCATTTATTATTCTCTCTTTTACTATTGTTTTAATTTGATTAAAATATATAA","Pf3D7_14_v3-377765-378020-1A.4","53+8N71T154C170T",18,0.0172579098753595,5
"IM-23-122-NLRL","8039832561","Maziba","Pf3D7_07_v3-1066661-1066903-1A","TATAGTTTTGTAATTTATTGGTATGTGTTGTTAAAGGAGAATTTTTTTAATATCCCTTGTCATGGGCAAAATGAGAAAAAAGAAATAAAAAACTTTTATGTTCAACATGAAGATATTTGTGAACACACTATTGGTAATCATATGTTAGGTGATAAATTAAAAATGTGTACATCTAATATTAATG","Pf3D7_07_v3-1066661-1066903-1A.1","4A41+9N75+8N86+8N",4685,1,1
"IM-23-122-NLRL","8039832561","Maziba","Pf3D7_08_v3-1176313-1176549-1A","TACATCCAATGAATATTTTACACTTAAAAGAAATAAACAAATTATTCATAATAAAATACATATACTCTCTATGCAAAAAAATAAACAAAATACAAACGAGCTAAACAAATTATGTAATATTAACGCCATCATATTCAATATTAATTCTGATGATTTTGAGGTAGGCGATGAAATTGT","Pf3D7_08_v3-1176313-1176549-1A.5","67C74+9N111T136C",2740,0.527430221366699,5
"IM-23-122-NLRL","8039832561","Maziba","Pf3D7_07_v3-1149367-1149613-1A","TATTTTACTAGTCGAATAATATTTAATATTTTTGTTTAGGAAGTTTTCAAAATTGATGACATTGATAACCGTTTTTATTAAATCGCTTGGGTTGTTTGTGTGTTCTATAGTAGAAGACATAATTTTAAGAATGTGTTTTTGTGTTATTAAACAAAACTTTGTTACTATATGGAATCGTATGTTAT","Pf3D7_07_v3-1149367-1149613-1A.19","6T106T109A",2416,0.431428571428571,2
"IM-23-122-NLRL","8039832561","Maziba","Pf3D7_07_v3-403479-403716-1B","TTAGGTGGAGGTTCTTGTCTTGGTAAATGTGCTCATGTGTTTAAACTTATTTTTAAAGAGATTAAGGATAATATTTTTATTTATATTTTAAGTATTATTTATTTAAGTGTATGTGTAATGAATAAAATTTTTGCTAAAAGAACTTTAAACAAAATTGGTAACTATAGTTTTGTAACATCCGA","Pf3D7_07_v3-403479-403716-1B.1",".",2854,1,1
"IM-23-122-NLRL","8039832561","Maziba","Pf3D7_07_v3-403487-403750-2","AGGTTCTTGTCTTGGTAAATGTGCTCATGTGTTTAAACTTATTTTTAAAGAGATTAAGGATAATATTTTTATTTATATTTTAAGTATTATTTATTTAAGTGTATGTGTAATGAATAAAATTTTTGCTAAAAGAACTTTAAACAAAATTGGTAACTATAGTTTTGTAACATCCGAAACTCACAACTTTATTTGTATGATTATGTTCTTT","Pf3D7_07_v3-403487-403750-2.1",".",2870,1,1
"IM-23-122-NLRL","8039832561","Maziba","Pf3D7_06_v3-1128558-1128797-1A","ATTGAATCGTTGGTGTTTATTTTATTATTCCTCTTTTGTTTTTCAATGAATACAAATGTTTCATCGACACTATCTTTATGATCTATTGGTATGGCATGATTTTCTAAATTGCTATTTCTTTCATTAGAATTGTATTTTTCACTATTATAGGTTGAGATTTTACTACATTTTATATTTTT","Pf3D7_06_v3-1128558-1128797-1A.2","157A",3964,0.922718808193669,2
"IM-23-122-NLRL","8039832561","Maziba","Pf3D7_04_v3-133581-133830-1A","CTCTCGATTATCATTACCTACTTCAGTCTTTACAATTGTAGGAGGTGTTTTAACATGATTATCCCCTCCATGAGGAGTAACCCTTAAAGGTTCTTCTTGAATATTTGGTGTCGCTTCGCCTGTTTCTGTAGAAAGGATATTTATTCTATCAACATATTCATCACCTTCTTCAACTGTACTATTTAAA","Pf3D7_04_v3-133581-133830-1A.1",".",530,0.535894843276036,2
"IM-23-122-NLRL","8039832561","Maziba","Pf3D7_04_v3-133581-133830-1A","CTCTCGATTATCATTACCTACTTCAGTCTTTACAATTGTAGGAGGTGTTTTAACATGATTATCCCCTCCATGAGGAGTAACCCTTAAAGGTTCTTCTTGAATATTTGGTGTCGCTTCGCCTGTTTCTGTAGAAGGGATATTTATTCTATCAACATATTCATCACCTTCTTCAACTGTACTATTTAAA","Pf3D7_04_v3-133581-133830-1A.9","134G",459,0.464105156723964,2
"IM-23-122-NLRL","8039832561","Maziba","Pf3D7_14_v3-407306-407542-1A","CTTTCTTTCGTCTTTGTTTTCATTATCCATATAATCTTTTTCTACTACCTTTTCATTCTTTACTTTATTTCTATTAATACACAATTCTCCTTGAGTTAAGAGATTTACGATATTATCAATATTGTTTTCTTTCATATACTTCAACTTTTTACTATTCATTTTTAAAAGA","Pf3D7_14_v3-407306-407542-1A.19","16G18T44A47A85T",1,0.000226039783001808,7
"IM-23-122-NLRL","8039832561","Maziba","Pf3D7_14_v3-407306-407542-1A","CTTTCTTTCGTCTTTGTTTTCATTATCCATATAATCTTTTTCTCCTTCCTTTTCATTCTTTACTTTATTTCTATTAATACACAACTCTCCTTGAGTTAAGAGATTTACGATATTATCAATATTGTTTTCTTTCATATACTTCAACTTTTTACTATTCATTTTTAAAAGA","Pf3D7_14_v3-407306-407542-1A.7","16G18T",1841,0.416139240506329,7
"IM-23-122-NLRL","8039832561","Maziba","Pf3D7_14_v3-771407-771633-1A","ACCCACGGGACATTTTAATTTATACCTATTGGAACATTTTTTATTAGGTCTTTCTTTATGATTCTTCTTTAAAATAGGTTCATCATTATTTGAGTAAACTAACAGATCATTATCGTTCTCAAAATTATTATAACCATCAATATTTTTATTTCCATATACATCTATAA","Pf3D7_14_v3-771407-771633-1A.6","36+8N108C",632,0.207009498853587,5
"IM-23-122-NLRL","8039832561","Maziba","Pf3D7_14_v3-771407-771633-1A","ACCCACGGGACATTTTAATTTATACCTATTGGAACATTTTTTATTAGGTCTTTCTTTATGATTCTTCTTTAAAATAGGTTCATCATTATTTGAGTAAACTAACAGATCATTATCGTTCTCAAAATTTATTATAACCATCAATATTTTTATTTCCATATACATCTATAA","Pf3D7_14_v3-771407-771633-1A.41","36+8N108C127I=T",2,0.000655093350802489,5
"IM-23-122-NLRL","8039832561","Maziba","Pf3D7_06_v3-1192628-1192867-1A","GATTATATATTTCTATATTTTAATAAGAAGGCGTTACACAAACATGATGCCTCTAATGAAATGTGTTTTGTGAAAAACGAAGATTCTACACGCACAAAAGGACATATGAATGATGAACAAAATGATTTATATAAAATAAATAATAATACAACATATTTTTTTAACAAAAACCACT","Pf3D7_06_v3-1192628-1192867-1A.2","155+9N",2381,0.434092980856882,2
"IM-23-122-NLRL","8039832561","Maziba","Pf3D7_06_v3-1192628-1192867-1A","GATTATATATTTCTATATTTTAATAAGAATGCGTTACACAAACATGATGCCTCTAATGAAATGTGTTTTGTGAAAAACGAAGATTCTACACGCACAAAAGGACATATGAATGATGAACAAAATGATTTATATAAAATAAATAATAATACAACATATTTTTTTAACAAAAACCACT","Pf3D7_06_v3-1192628-1192867-1A.1","30T155+9N",3104,0.565907019143118,2
"IM-23-122-NLRL","8039832561","Maziba","Pf3D7_03_v3-653961-654206-1A","CTCGTACAATATTTTTATAATTTCCTTTCATCTTATTTTTTTCTTTATATTTTTTTTTTTCATATGTAAGATTTATATAATCACTTTCGCTTTTTCTAACGCTTTTGAACTTTTTAAATGTACTTCGTTCATTATTTCTAATTCTCGTAAACACAAGAATAAATATTTTGATATATCTTATA","Pf3D7_03_v3-653961-654206-1A.1","35+9N49+13N101G",951,0.436839687643546,2
"IM-23-122-NLRL","8039832561","Maziba","Pf3D7_03_v3-85507-85756-1A","TATCATTTAAATTCTCTTTTTCCACAGCTCCAGCATTTTTATTTATATCATCTACAACTACATCTTCCTTCACATAATTATTTATATAAAAAGTATTATCATCTAAAGCATCTGAAAATTCTTCATTTAATACTTCTTCATCTACATTAAATGTTTTCGTTCTTTCATCATCTAATAAA","Pf3D7_03_v3-85507-85756-1A.17","93G144D=TCT",444,0.266506602641056,2
"IM-23-122-NLRL","8039832561","Maziba","Pf3D7_03_v3-85507-85756-1A","TATCATTTAAATTCTCTTTTTCCACAGCTCCAGCATTTTTATTTATATCATCTACAACTACATCTTCCTTCACATAATTATTTATATAAAAATTATTATCATCTAAAGCATCTGAAAATTCTTCATTTAATACTTCTTCATCTACATTAAATGTTTTCGTTCTTTCATCATCTAATAAA","Pf3D7_03_v3-85507-85756-1A.1","144D=TCT",1222,0.733493397358944,2
"IM-23-122-NLRL","8039832561","Maziba","Pf3D7_03_v3-855426-855697-1A","GTTATTTCAGTATGAGTTTCAACAGTTAATAATACTTCAGGATATGGATTGATACTTAACGTATGTACTCTCAATAATCTAGTATCAAATATATATGAAAATGTATACTCAGGAAAACATATAGTAGATAATCCATTATTATTCTCTATACATATTTTACTTATAGCTATATAATCGTAATTATCTTCTATTACTATTGGTTCTGTG","Pf3D7_03_v3-855426-855697-1A.3",".",339,0.345918367346939,3
"IM-23-122-NLRL","8039832561","Maziba","Pf3D7_06_v3-1282656-1282930-1A","AAGATATGGAAGAAATATGATAAAGAAAACAATAAATATATATTGTCTCATTTTATTCCCCAATTTATTGAAGACTTAAATTTGAAGGATGAATTCCGAAATTTATTTGATGGATTTGTAAATGATTTGGATATTCTATTATATTCAGAATTTAAAGCATTTTATTTACAAATGAAGCAAAAAGATATAAATGAACTGAAAAATTCTGA","Pf3D7_06_v3-1282656-1282930-1A.4",".",233,0.182601880877743,2
"IM-23-122-NLRL","8039832561","Maziba","Pf3D7_06_v3-145285-145531-1A","TCAACAAAAGCTGATGAATCATCATAATTTGAATAAAATTTATCATTCACAATATTATATTTTTGTTTCTTCTTTTTTCCCATAATATTATTATTTTGTTCACAATATATGTTCATGTGTCCCCTCTTTTTCTGTAAAATATTAAAATGTTTCTTACTATGCTTTTCTTCATTTTTAATAACA","Pf3D7_06_v3-145285-145531-1A.1","72+8N165T",353,0.0716314935064935,3
"IM-23-122-NLRL","8039832561","Maziba","Pf3D7_07_v3-627351-627625-1A","TCACTAAGATAATTATTATTACCATTTTCAGCATAATAAAACTTCTGATGTTTTATAAGAGGAGTTTGGTTAGAAGCAAAATTATCAGCAGTTGTCGAATAATTATTATGTTCTTGATAAAAGAGATTATTCATATAGTTATTATTATTTTTCATATCATCCATAGTATTATTGTTAATATAAAATTCCTCATATGAATTATATATATA","Pf3D7_07_v3-627351-627625-1A.5","23C42C",705,0.626110124333925,4
"IM-23-122-NLRL","8039832561","Maziba","Pf3D7_07_v3-627351-627625-1A","TCACTAAGATAATTATTATTACCATTTTCAGCATAATAAAACTTCTGATGTTTTATAAGAGGAGTTTGGTTAGAAGCAAAATTATCAGCAGTTGTTGAATAATTATTATGTTCTTGATAAAAGAGATTATTCATATAGTTATTATTATTTTTCATATCATCCATAGTATTATTGTTAATATAAAATTCCTCATATGAATTATATATATA","Pf3D7_07_v3-627351-627625-1A.2","23C42C96T",43,0.0381882770870337,4
"IM-23-122-NLRL","8039832561","Maziba","Pf3D7_13_v3-1350855-1351093-1A","TCTTTTATATTAGTTGTTTCGTTATTTTCATTATGTTCCATATTTTGGTTATTTGTATATTTTATATTTTTTAAAAATTGGTAAATATATTCAGAGATGAAAGGTGTAAAAGGGGCCATAATTATTGTAAACAAATATAATGTTCTACATAAAACATTTAATGATTGGTGAGT","Pf3D7_13_v3-1350855-1351093-1A.2","66+8N93A",3815,0.839383938393839,2
"IM-23-122-NLRL","8039832561","Maziba","Pf3D7_13_v3-1350855-1351093-1A","TCTTTTATATTAGTTGTTTCGTTATTTTCATTATGTTCCATATTTTGGTTATTTGTATATTTTATATTTTTTAAAAATTGGTAAATATATTCCGAGATGAAAGGTGTAAAAGGGGCCATAATTATTGTAAACAAATATAATGTTCTACATAAAACATTTAATGATTGGTGAGT","Pf3D7_13_v3-1350855-1351093-1A.1","66+8N",730,0.160616061606161,2
"IM-23-122-NLRL","8039832561","Maziba","Pf3D7_13_v3-1406713-1406975-1A","TTTCAGGTCTTCTTAAATATGTTTTAAATTCATTATTTAATTTTTCATCATATTTAGGTACATTTTTTTTTGGAAATCTAGATGTTTCATTATTATCGTGATTTGATGAATATATATAATGAGTTTGTTTAAAATGTGGTTCATTCAAATTATCTTTTTTCTTATCTTCGTGTATATTTTTATTATAATTTGAATACTTC","Pf3D7_13_v3-1406713-1406975-1A.2","62+11N154+8N",709,0.535094339622642,2
"IM-23-122-NLRL","8039832561","Maziba","Pf3D7_13_v3-1406713-1406975-1A","TTTCATGTCTTCTTAAATATGTTTTAAATTCATTATTTAATTTTTCATCATATTTAGGTACATTTTTTTTTGGAAATCTAGATGTTTCATTATTATCGTGATTTGATGAATATATATAATGAGTTTGTTTAAAATGTGGTTCATTCAAATTATCTTTTTTCTTATCTTCGTGTATATTTTTATTATAATTTGAATACTTC","Pf3D7_13_v3-1406713-1406975-1A.1","6T62+11N154+8N",616,0.464905660377358,2
"IM-23-122-NLRL","8039832561","Maziba","Pf3D7_11_v3-408285-408534-1A","TATGAAGAAGGTTTAAAATATTGTGCGTCATCAATTAATTTATGGATATGTGCTATCGATTTACAAATAGAAAAAAAGAATTATACAGGTGCTAGAGCTTTGACGGAGAAAGCAAAAATCAAAATCAAGTATTTAAATTCTTTTAATAACAATAGTCATATTTTAAAAAGTAAAGAAATTATTGAA","Pf3D7_11_v3-408285-408534-1A.24","70+9N150C",1123,0.478687127024723,2
"IM-23-122-NLRL","8039832561","Maziba","Pf3D7_11_v3-408285-408534-1A","TATGAAGAAGGTTTAAAATATTGTGCGTCATCAATTAATTTATGGATATGTGCTATCGATTTACAAATAGAAAAAAAGAATTATACAGGTGCTAGAGCTTTGACGGAGAAAGCAAAAATCAAAATCAAGTATTTAAATTCTTTTAATAATAATAGTCATATTTTAAAAAGTAAAGAAATTATTGAA","Pf3D7_11_v3-408285-408534-1A.1","70+9N",1223,0.521312872975277,2
"IM-23-122-NLRL","8039832561","Maziba","Pf3D7_11_v3-408543-408771-1A","AGAGTGTTAATAATACTACAGCTAGTAATATTTCCAAATCCAAAAATGAACTTGAAAAAAAGTCATCAGTTAATAATAATGCTTATATTAAAATTATCGAAAATTATGATTTATTATGGTTAAAATTAATAGAAATTGAATTATGTTGTAATAATAAAAATTTAAATCCTATA","Pf3D7_11_v3-408543-408771-1A.1","54+9N",3796,0.98011877097857,2
"IM-23-122-NLRL","8039832561","Maziba","Pf3D7_07_v3-729480-729750-1A","TGAATGTTCAGAAATTTTATATCACTTAAATCGTTTGAGTGCGTTAGATCAAATATTGTTGAAAGATAAAATAAGTATATATGAGTATCAGCTAAAGGACACGTTTTTAACAACGTATGATATAGGTTGTTTATTAAAAATAGCTCAAGTGTTGAATGAACAAAATTATTATGATAACATTCCATTTTTGCATATATTTTTATATAACATACATAA","Pf3D7_07_v3-729480-729750-1A.2",".",281,0.193392980041294,2
"IM-23-122-NLRL","8039832561","Maziba","Pf3D7_07_v3-896613-896849-1B","ACAATGAAAAAATGTATTAATGATGAATTATATAAAATAAAAATAAATGTAGGTTTATATAAAAAGGATAGAAAAAAATTATCCTTTTTTATATTGTTGCATAAATTTTATTTAGATAATTATAATATTGTTATTAATAAATTAAAAAATATGAATAATTTAATAGAAA","Pf3D7_07_v3-896613-896849-1B.1","6+8N71+9N84+8N143+8N",2102,1,1
"IM-23-122-NLRL","8039832561","Maziba","Pf3D7_08_v3-102277-102527-1A","TACCTTCATCTATTGAATTAATTTTCTCAAGTAACATATTTTTGTCTTGACTACTTTCATCTGTAAATGGAACGACTACTCTTTGCTTACCTGCAAAAAGGACAACTGACATATGAGCCTTATCCTTACTTACATTCGAATTAAAGACCATAGATTCTAAAAATGGTATAGTTCCTTTTAACCAATAATC","Pf3D7_08_v3-102277-102527-1A.4",".",77,0.0193710691823899,3
"IM-23-122-NLRL","8039832561","Maziba","Pf3D7_08_v3-102277-102527-1A","TACCTTCATCTATTGAATTAATTTTCTCAAGTAACATATTTTTGTCTTGACTACTTTCATCTGTAAATGGAACGAGTACTCTTTGCTTACCTGCAAAAAGGACAACTGACATATGAGCCTTATCCTTACTTACATTCGAATTAAAGACCATAGATTCTAAAAATGGTATAGTTCCTTTTAACCAATAATC","Pf3D7_08_v3-102277-102527-1A.1","76G",3775,0.949685534591195,3
"IM-23-122-NLRL","8039832561","Maziba","Pf3D7_08_v3-102277-102527-1A","TACCTTCATCTATTGAATTAATTTTCTCAAGTAACATATTTTTGTCTTGACTACTTTCATCTGTAAATGGAATGAGTACTCTTTGCTTACCTGCAAAAAGGACAACTGACATATGAGCCTTATCCTTACTTACATTCGAATTAAAGACCATAGATTCTAAAAATGGTATAGTTCCTTTTAACCAATAATC","Pf3D7_08_v3-102277-102527-1A.15","73T76G",123,0.0309433962264151,3
"IM-23-122-NLRL","8039832561","Maziba","Pf3D7_08_v3-1056678-1056903-1A","GTGTTAACGATAATTATAATGCAATAAGCACAACTAATTTTTCAGATGACATGGATGAATTGATAAAGAATCTTTCTATTATGGGTTTGTGTAAAGAGAAAATAGTGTTAACAGAAAAGGCAACAATATTTAATAACATTGAATTGTTGTATTCATATTATCTTATAGTTCAGA","Pf3D7_08_v3-1056678-1056903-1A.2","126A",3561,0.310516219044297,4
"IM-23-122-NLRL","8039832561","Maziba","Pf3D7_14_v3-3125801-3126073-1A","ATTCTTATAATATTTAAGAATGAAGGGATTAAATATTTACATTTTAGCGAGGATACTCTGAAATATGTTAATTTTAATTATCCTGATTTTAACTTATATAAATGTATGAATTTATATAAGAAAAATTATGTTGATAGGGATGAGAAAGATATCTGTGATTTTTCAAATGAAGATTTTCCGTTAATAAAAGAAAATAACAAGAGAATCAG","Pf3D7_14_v3-3125801-3126073-1A.5",".",47,0.034407027818448,5
"IM-23-122-NLRL","8039832561","Maziba","Pf3D7_14_v3-3125801-3126073-1A","ATTCTTATAATATTTAAGAATGAAGGGATTAAATATTTATATTTTAGCGAGGATACTCTGAAATATGTTAATTTTAATTATCCTGATTTTAACTTATATAAATGTATGAATTTATATAAGAAAAATTATGTTGATAGGGATGAGAAAGATATCTGTGATTTTTCAAATGAAGATATTCCGTTAATAAAAGAAAATAACAAGAGAATCAG","Pf3D7_14_v3-3125801-3126073-1A.8","40T175A",75,0.054904831625183,5
"IM-23-122-NLRL","8039832561","Maziba","Pf3D7_07_v3-1043981-1044225-1A","ATAATGATATGTTATTTCATCATCAGCATCGACTTCTTTTTTATTATGTTCAAACAAATTCTTATATTTTATATTATTGCATTTTTGTCTTTCCATATTTATAAAAGATTCTATTTTCTTTTTATAATCATTCCTTTTTATATAATTACACATTCCTTCATTTTGGTTGTCATAACTCTTCT","Pf3D7_07_v3-1043981-1044225-1A.1","36+8N",4986,0.981496062992126,2
"IM-23-122-NLRL","8039832561","Maziba","Pf3D7_07_v3-105172-105442-1A","GACTACTAACAGAGTGACTACCTACGCTATGTTGAGATGAATTCCTTCCATCTGAATTACTTCCAGATAGGTGATTTTCTGTACTTCCATCTGAATTGTTTTTATATAATTGACTTTCCTTTTGTCCATCTAAATTATGCACTGCACTATGAGTTCCTTCACCCAAATTATTACTGTTTGTTGTATCATCATTTAAATCAAATCCATTTCTT","Pf3D7_07_v3-105172-105442-1A.1",".",98,0.0694542877391921,4
"IM-23-122-NLRL","8039832561","Maziba","Pf3D7_07_v3-105172-105442-1A","GACTACTAACAGAGTGACTACCTACGCTATGTTGAGATGAATTGCTTCCATTTGAATTACTTCCAGATAGGTGATTTTCTGTTCTTCCATCTGAATTGTTTTCATATAATTGACTTTCCTTTTGTCCATCTAAATTATGCACTGCACTATGAGTTCCTTCACCCAAATTATTACTGTTTGTTGTATCATCATTTAAATCAAATCCATTTCTT","Pf3D7_07_v3-105172-105442-1A.4","44G52T83T103C",561,0.397590361445783,4
"IM-23-122-NLRL","8039832561","Maziba","Pf3D7_08_v3-1176313-1176549-1A","TACATCCAATGAATATTTTACACTTAAAAGAAATAAACAAATTATTCATAATAAAATACATATACTCTCTATGCAAAAAAATAAACAAAATACAAACGAGCTAAACAAATCATGTAATATTAACGCCATCATATTTAATATTAATTCTGATGATTTTGAGGTAGGCGATGAAATTGT","Pf3D7_08_v3-1176313-1176549-1A.4","67C74+9N",2217,0.426756496631376,5
"IM-23-122-NLRL","8039832561","Maziba","Pf3D7_13_v3-1465901-1466157-1A","CATAAAGGGTCCGATAACATTTTTTACATTTTCCCATGCAGAATCAGCATACAAGTTACATTTACCATCTGATGGATGACAACCTGCAAGAAATCTGTTGAAAGCTACATTAATACCTTGTCCAATACCAAAAACAGCTATTTTAACACCACGATCATTTAATTTTCTTGATTCTTTTAATGAATCTTGAATACTAT","Pf3D7_13_v3-1465901-1466157-1A.3","19+8N86G158T",1276,0.274113856068743,7
"IM-23-122-NLRL","8039832561","Maziba","Pf3D7_13_v3-1465901-1466157-1A","CATAAAGGGTCCGATAACATTTTTTACATTTTCCCATGCAGAATCAGCATACAAGTTACATTTACCATCTGATGGATGACAACCTGCAAGAAATCTGTTGAAAGCTACATTAATACCTTGTCCAATACCAAAAACAGCTATTTTAACACCATGATCATTTAATTTTCTTGATTCTTTTAATGAATCTTGAATACTAT","Pf3D7_13_v3-1465901-1466157-1A.35","19+8N86G152T158T",119,0.0255639097744361,7
"IM-23-122-NLRL","8039832561","Maziba","Pf3D7_13_v3-1465901-1466157-1A","CATAAAGGGTCCGATAACATTTTTTACATTTTCCCATGTAGAATCAGCATACAAGTTACATTTACCATCTGATGGATGACAACCTACAAGAAATCTGTTGAAAGCTACATTAATACCTTGTCCAATACCAAAAACAGCTATTTTAACACCACGATCACTTAATTTTCTTGATTCTTTTAATGAATCTTGAATACTAT","Pf3D7_13_v3-1465901-1466157-1A.6","19+8N39T",1999,0.429430719656284,7
"IM-23-122-NLRL","8039832561","Maziba","Pf3D7_13_v3-146695-146934-1A","AAAGTATTTGTAATAGATTAAACGATGAACTAAATGAAGAAATATGTGGTTATCAAATTAGGTTTGAAAAATCGTATTTTTTAAAACATAGTAAAATTAAAGTTATGACAGAAGGAATTTTATTGAAAGAAATTATGAGTGATTTTATTTTATCAAAATATAGTGTTATCATTCTTGA","Pf3D7_13_v3-146695-146934-1A.2","76+8N170C",1261,0.267161016949153,2
"IM-23-122-NLRL","8039832561","Maziba","Pf3D7_07_v3-403801-404052-1B","TATATATATATATATATATATATATATATATATATGTATGTATGTTGATTAATTTGTTTATATATTTATATTTATTTCTTATGACCTTTTTAGGAACGACACCGAAGCTTTAATTTACAATTTTTTGCTATATCCATGTTAGATGCCTGTTCAGTCATTTTGGCCTTCATAGGTCT","Pf3D7_07_v3-403801-404052-1B.6","1+45N130+8N",148,0.107246376811594,2
"IM-23-122-NLRL","8039832561","Maziba","Pf3D7_08_v3-1313088-1313338-1A","TGAGAGACATAGATATATGATAGAAAAATGGAAAAAAGAAGATTGGTTTTGTGATTTAAAAGAAACGTTGAAAAATGAATTTGAAGAACAGATGGATATAGGAAAAGTATCTTTTTTATATGAAAATAATAGAGAGTATGGAAAAAATTTTTATTTGGAAAGGCAAAAAATTATATGGAAAAGATGG","Pf3D7_08_v3-1313088-1313338-1A.5","31+8N111+8N141+8N162G164+8N",41,0.0191499299392807,4
"IM-23-122-NLRL","8039832561","Maziba","Pf3D7_08_v3-1313088-1313338-1A","TGAGAGACATAGATATATGATAGAAAAATGGAAAAAAGAAGATTGGTTTTGTGATTTAAAAGAAACGTTGAAAAATGAATTTGAAGAAGAGATGGATATAGGAAAAGTATCTTTTTTATATGAAAATAATAGAGAGTATGGAAAAAATTTTTATTTGGAAAAGCAAAAAATTATATGGAAAAGATGG","Pf3D7_08_v3-1313088-1313338-1A.6","31+8N89G111+8N141+8N164+8N",1225,0.572162540868753,4
"IM-23-122-NLRL","8039832561","Maziba","Pf3D7_08_v3-1314717-1314986-1A","ATAAAAAAGAAAAAATTATTGTCAAAAGTTTTCATAGATATATATATGATGGTATTAGAAGATTTTAAAGAAGAAGAATGTAAAAAAAATAAAGAAATATTTCTTGATACTTATATAGATGAACTAAAAAAAGATTCACAAAGTGAAAAAAATAAAAGCATGTTAAATATATTAGATGAAATAAAAAGTGATATTCATATAGGATATC","Pf3D7_08_v3-1314717-1314986-1A.1","2+15N87A125+9N138A145+9N",700,0.96551724137931,3
"IM-23-122-NLRL","8039832561","Maziba","Pf3D7_05_v3-350808-351052-1A","TAATATAATTTGAGTTGATAATATTATAATTATTTTTTATATGTTGCTCATTTATATTATTATGATAAATATGAGTTGTATTTTTATTAGAGTTGTAGGACATTTTCCCATACATGAGTTGTTTTACATTTTTAACATTTTTATAATTATGTATTAAACATAAGATTATTAGATAAA","Pf3D7_05_v3-350808-351052-1A.2","32+8N",962,0.325660121868653,5
"IM-23-122-NLRL","8039832561","Maziba","Pf3D7_13_v3-479569-479811-1A","CTAGAGACGAATTTGATGATAAAAGAAAATTAAAAGAAGAGAAAATTAAACAATGCCAACTATTAAATGAAAAACAACTAGAAGAAAAAGAAAAAGAAAAAAGAATTCTGAGAGAAAAAGCTGTTGAATATACCTTACAAAATGAAGAAGAATATAAACAACTAAAAGGAAAATT","Pf3D7_13_v3-479569-479811-1A.3","96+8N168G",1521,0.345839017735334,3
"IM-23-122-NLRL","8039832561","Maziba","Pf3D7_13_v3-748254-748510-1B","ATACCAAAAAAAATAAAATAAAATAAAATGAAATAATAAATAAATAAATATACATATATTTACATATATATATATATAATTACACATATTTTTGATTGAGGACAAATTACATGTAGTGTAGTTCGTCTTCCTTGTGCGTTTCAATCACACAATCCGATTTAGGATAACATGTACACAAAAGAATATATTTTTTCTT","Pf3D7_13_v3-748254-748510-1B.2","5+10N25I=AAAAT39+33N108A180+8N",1135,0.886026541764247,3
"IM-23-122-NLRL","8039832561","Maziba","Pf3D7_13_v3-748254-748510-1B","ATACCAAAAAAAATAAAATAAAATGAAATAATAAATAAATAAATATACATATATTTACATATATATATATATAATTACACATATTTTTGATTGAGGACAAATTACATGTAGTGTAGTTCGTCTTCCTTGTGCGTTTCAATCACACAATCCGATTTAGGATAACATGTACACAAAAGAATATATTTTTTCTT","Pf3D7_13_v3-748254-748510-1B.25","5+10N39+33N108A180+8N",1,0.00078064012490242,3
"IM-23-122-NLRL","8039832561","Maziba","Pf3D7_13_v3-748254-748510-1B","ATACCAAAAAAAATAAAATAAAATGAAATAATAAATAAATAAATATACATATATTTACATATATATATATATAATTACACATATTTTTGATTGAGGACAAATTACATGTCGTGTAGTTCGTCTTCCTTGTGCGTTTCAATCACACAATCCGATTTAGGATAACATGTACACAAAAGAATATATTTTTTCTT","Pf3D7_13_v3-748254-748510-1B.1","5+10N39+33N180+8N",145,0.113192818110851,3
"IM-23-122-NLRL","8039832561","Maziba","Pf3D7_13_v3-815862-816091-1A","ATGATGTAGATGCTAACACAACATCCTGGTCAGTATCTTGTGATAAATAATTTAATTTATCCGCTAAAAAATAAAGTATAATTTCACAGCTTTTTTTATTTGTATCTGTGTTTTTCATGTTATCATAAAAAGACAAAGATGAAGTAGCACATGAGTTAATTA","Pf3D7_13_v3-815862-816091-1A.3","17C19C20A59A65+8N90+9N",2221,0.790110281038776,3
"IM-23-122-NLRL","8039832561","Maziba","Pf3D7_13_v3-815862-816091-1A","ATGATGTAGATGCTAACACAACATCCTGGTCAGTATCTTGTGATAAATAATTTAATTTGTCCGCTAAAAAATAAAGTATAATTTCACAGCTTTTTTTATTTGTATCTGTGTTTTTCATGTTATCATAAAAAGACAAAGATGAAGTAGCACATGAGTTAATTA","Pf3D7_13_v3-815862-816091-1A.1","17C19C20A65+8N90+9N",86,0.0305940946282462,3
"IM-23-122-NLRL","8039832561","Maziba","Pf3D7_05_v3-369676-369949-1A","TGTAATATTATATATCCTGTTATAAATAAATCATTGGATATGGATGTGAAAAAAGAAGATATAAAAAAAAATGTAGAAGAAAATAAATATATAGAACATACACAGAATTTGAAAAATTATTTAGAAAATGATGAAAATGAGAAAAAAAAAAGAAGAAAAAGATCAAATAATAATGACAATTATAATTCTCATGATAATAATATTTTTCA","Pf3D7_05_v3-369676-369949-1A.1","48+8N62+11N141+12N",748,1,1
"IM-23-122-NLRL","8039832561","Maziba","Pf3D7_05_v3-395887-396136-1A","TCTAAGGATTGTTGGTTTTTTAGGATGCTCATCTTTTTAAGATAATCCTCTTTACTGTCGTTATTATTTAAATCGTTTTGTATAATATTATATTGTGAATTCCTTGTGTTTTTCATAACACTATTAGTCCTATTGGTGTTCTTCTTATTATTATTATTATTATTGTTCTTCTTCTTAATAAA","Pf3D7_05_v3-395887-396136-1A.5","15+8N119C145+20N",567,0.281110560237977,3
"IM-23-122-NLRL","8039832561","Maziba","Pf3D7_05_v3-395887-396136-1A","TCTAAGGATTGTTGGTTTTTTAGGATGCTCATCTTTTTAAGATAATCCTCTTTACTGTCGTTATTATTTAAATCGTTTTGTATAATATTATATTGTGAATTCCTTGTGTTTTTCATAACACTATTAGTCCTATTGGTGTTCTTCTTCTTATTATTATTATTGTTCTTCTTCTTAATAAA","Pf3D7_05_v3-395887-396136-1A.8","15+8N119C145+20N",1305,0.647000495785821,3
"IM-23-122-NLRL","8039832561","Maziba","Pf3D7_05_v3-395887-396136-1A","TCTAAGGATTGTTGGTTTTTTAGGATGCTCATCTTTTTAAGATAATCCTCTTTACTGTCGTTATTATTTAAATCGTTTTGTATAATATTATATTGTGAATTCCTTGTGTTTTTCATAATACTATTAGTCCTATTGGTGTTCTTCTTATTATTATTATTATTATTGTTCTTCTTCTTAATAAA","Pf3D7_05_v3-395887-396136-1A.2","15+8N145+20N",145,0.0718889439762023,3
"IM-23-122-NLRL","8039832561","Maziba","Pf3D7_05_v3-550803-551072-1A","ATATACACCTTTCTTATTTATATTAATCTTTTCATTTTTACAAGAAATCACCTCCCTACTTATTCGGTTGTCCTCATTTTCATATTTCATAACACCATCATTTATTTTTTCTATTTCTTTAATATTATTTTCTCCTTCGACGTAATTATGCTTTCCTATCATCTCCTTTGCTCTACTTCCTATATATACTAATTTCTCTCTGAA","Pf3D7_05_v3-550803-551072-1A.3","6D=ATA107+8N141C",760,0.807651434643996,2
"IM-23-122-NLRL","8039832561","Maziba","Pf3D7_05_v3-550803-551072-1A","ATATACACCTTTCTTATTTATATTAATCTTTTCATTTTTACAAGAAATCACCTCCCTACTTATTCGGTTGTCCTCATTTTCATATTTCATAACACCATCATTTATTTTTTCTATTTCTTTAATATTATTTTCTCCTTGGACGTAATTATGCTTTCCTATCATCTCCTTTGCTCTACTTCCTATATATACTAATTTCTCTCTGAA","Pf3D7_05_v3-550803-551072-1A.4","6D=ATA107+8N",181,0.192348565356004,2
"IM-23-122-NLRL","8039832561","Maziba","Pf3D7_05_v3-641131-641404-1A","GGAATTTTTTTTTTGGTGTTTTATTTTTTCGAAGGATACAGGATAATCTAAGACATTAAAATTATTGGGTTTGAAAAAGAGTTTCCTTTTTATGATGTGCAATAGAGGTATATTTATATAGGAAATATAAACATATAAAAGGAATATGATAAAAAGGAAATATTGACTTAATAAAATATTAATATTTCTTTTTTTAAAATATATTTCGT","Pf3D7_05_v3-641131-641404-1A.2","4+12N23+8N188+9N",2,0.00212992545260916,4
"IM-23-122-NLRL","8039832561","Maziba","Pf3D7_05_v3-641131-641404-1A","GGAATTTTTTTTTTGGTGTTTTATTTTTTCGAAGGATACAGGATAATCTAAGACATTAAAATTATTGGGTTTGAAAAAGAGTTTCCTTTTTATGATGTGCAATAGAGGTATATTTATATAGGAAATATAAACATATAAAAGGAATATGATAAAAAGGAAATATTGACTTAATAAAATATTAATATTTCTTTTTTTCAAATATATTTCGT","Pf3D7_05_v3-641131-641404-1A.1","4+12N23+8N188+9N",514,0.547390841320554,4
"IM-23-122-NLRL","8039832561","Maziba","Pf3D7_05_v3-641131-641404-1A","GGAATTTTTTTTTTGGTGTTTTATTTTTTCGAAGGATACAGTATAATCTAAGACATTAAAATTATTGGGTTTGAAAAAGAGTTTCCTTTTTATGATGTGCAATAGAGGTATATTTATATAGGAAATATAAACATATAAAAGGAATATGATAAAAAGGAAATATTGACTTAATAAAATATTAATATTTCTTTTTTTAAAATATATTTCGT","Pf3D7_05_v3-641131-641404-1A.3","4+12N23+8N42T188+9N",422,0.449414270500533,4
"IM-23-122-NLRL","8039832561","Maziba","Pf3D7_05_v3-641131-641404-1A","GGAATTTTTTTTTTGGTGTTTTATTTTTTCGAAGGATACAGTATAATCTAAGACATTAAAATTATTGGGTTTGAAAAAGAGTTTCCTTTTTATGATGTGCAATAGAGGTATATTTATATAGGAAATATAAACATATAAAAGGAATATGATAAAAAGGAAATATTGACTTAATAAAATATTAATATTTCTTTTTTTCAAATATATTTCGT","Pf3D7_05_v3-641131-641404-1A.4","4+12N23+8N42T188+9N",1,0.00106496272630458,4
"IM-23-122-NLRL","8039832561","Maziba","Pf3D7_05_v3-668763-669004-1A","TAATATTATCTGGCTCTGTAACCATGTCCGAACATATGTTAACAGGAGAATCTGTTCCTATACATAAAGAGCAGTTACCTTTTGAAGGAAATGCTATTATAAATAAAAATAATAAATATGAGAGTAACGATGAAAAGGATGATTACCTTCGTATTTATAATAATCATGCTAGTATTAATATGATCAACCG","Pf3D7_05_v3-668763-669004-1A.5","188C",2274,0.51043771043771,6
"IM-23-122-NLRL","8039832561","Maziba","Pf3D7_05_v3-668763-669004-1A","TAATATTATCTGGCTCTGTAACCATGTCCGAACATATGTTAACAGGAGAATCTGTTCCTATACATAAAGAGCAGTTACCTTTTGAAGGAAATGCTATTATAAATAAAAATAATAAATATGAGAGTAACGATGAAAAGGATGATTACCTTCGTATTTATAATAATCATGCTAGTATTAATATGATCAAGCG","Pf3D7_05_v3-668763-669004-1A.7",".",81,0.0181818181818182,6
"IM-23-122-NLRL","8039832561","Maziba","Pf3D7_14_v3-3124416-3124655-1A","TAATTGATCTTCTAGAGGAATTAGATATTTTGTCTATATCGAATAAAGATGAAGTAGAAAAACGAAGAAAGGAAACAACTCAAGAGACGCGGTTGTTAGGAAATATTGATTTAGGATATGGAAAATTAGGAGAGGGAATAAAGCATGAAAATTTACAGGAAGAATTAGGAAACAGATTATTTG","Pf3D7_14_v3-3124416-3124655-1A.1",".",1093,0.221613949716139,8
"IM-23-122-NLRL","8039832561","Maziba","Pf3D7_14_v3-1166107-1166371-1A","TTTTTGAATTATTAAATATATCTTCTATAAAAAAAGAATATCAAGCTATACATAACAATAAGTATTTTTTATGGAATATGGATGCAGATTTTTTTACTATAAAAAATCATCATAAGGATAATAAGGATAACAATGATGAAAATGTGAATGTAATAATACAACAAAATAATTTAGTTCTAGAAAAATATGATCATTTAATAGA","Pf3D7_14_v3-1166107-1166371-1A.2","28+9N64+8N88+9N100+8N179A",749,0.428734974241557,2
"IM-23-122-NLRL","8039832561","Maziba","Pf3D7_14_v3-1166107-1166371-1A","TTTTTGAATTATTAAATATATCTTCTATAAAAAAAGAATATCAAGCTATACATAACAATAAGTATTTTTTATGGAATATGGATGCAGATTTTTTTACTATAAAAAATCATCATAAGGATAATAAGGATAACAATGATGAAAATGTGAATGTAATAATACAACAAAATAATTTAGTTCTCGAAAAATATGATCATTTAATAGA","Pf3D7_14_v3-1166107-1166371-1A.1","28+9N64+8N88+9N100+8N",998,0.571265025758443,2
"IM-23-122-NLRL","8039832561","Maziba","Pf3D7_14_v3-120101-120365-1A","TTTTACAACATTATTTTTTTCTTCCTCCTCAGATAAAATAGGTACACATATCGCGTCCTTATCACATCCTCCATTGTTTACCTTACAATGTTCTTCGCATTCGAAATTTTTTTCAGGATTACTTGAAAAGCCTTCTGGACAATTACAATATTCATATCCATGAACATTCTTACAAACACCTTTTCCACAATTTAAAA","Pf3D7_14_v3-120101-120365-1A.3","13+9N106+9N164A165C",382,0.184362934362934,3
"IM-23-122-NLRL","8039832561","Maziba","Pf3D7_14_v3-120101-120365-1A","TTTTACAACATTATTTTTTTCTTCCTCCTCAGATAAAATAGGTACACATATCGCGTCCTTATCACATCCTCCATTGTTTACCTTACAATGTTCTTCGCATTCGAAATTTTTTTCAGGATTACTTGAAAAGCCTTCTGGACAATTACAATATTCATATCCATGAGCATTCTTACAAACACCTTTTCCACAATTTAAAA","Pf3D7_14_v3-120101-120365-1A.1","13+9N106+9N165C",1553,0.749517374517375,3
"IM-23-122-NLRL","8039832561","Maziba","Pf3D7_09_v3-595828-596094-1A","ATAATTTTTTCATCGTTCTTATACATGAATGATAAAGTCTTTTTGCAAAATTTTTTGAAGAGATCAGATTTGAGATAAAGACGTTTGGCTAATCTATAGGAGAATTCTAGAGCATCTAATTTTATATTTAAACATTTTTTCGTATCCAATATATTATAATTTTGTTCATAAGTCTGTTCGTTTATATTATTTAATACTTTT","Pf3D7_09_v3-595828-596094-1A.4","4+8N27G50+8N94C99G108T134+8N180G",37,0.0258922323303009,6
"IM-23-122-NLRL","8039832561","Maziba","Pf3D7_12_v3-2092529-2092798-1B","AGTTGAAGGGGGAGGAATGATCGGAGTTATCAGATTAGAAAATCAAGTGAGAAATCCCCCTGTAATAAAATTGAAGAGTCATACATCTCCCATCCTTGATTTGTCATTTAACCCGTGTTATAGTGAGATATTAGCTTCATGTTCAGAAGATATGTCTATAAGAATATGGGAGATACGTCATGAGGATGAGAATGTGAATGAGGTA","Pf3D7_12_v3-2092529-2092798-1B.1",".",1479,1,1
"IM-23-122-NLRL","8039832561","Maziba","Pf3D7_07_v3-1028330-1028603-1A","TAAAGAATATTTTTATTTCTAATATTATGGCTAAAAGGAAAATTATTTAATTTCATTTTTTGTGGGTTACTTGTATCATTACAACTCATCATCATGACCATATTATTATTATTATTATTGTTGTTGTTGTTGTTGTTGTGGTGGTTCATTACCAATAAATTTGTGTTATTATGTTCATCCTTTTTTATATTAACAATTTCATTTCTATAA","Pf3D7_07_v3-1028330-1028603-1A.1","55+8N101+36N177+8N202C",30,0.0371747211895911,2
"IM-23-122-NLRL","8039832561","Maziba","Pf3D7_07_v3-1043981-1044225-1A","ATAATGATATGTTATTTCATCATCAGCATCGACTTCTTTCTTATTATGTTCAAACAAATTCTTATATTTTATATTATTGCATTTTTGTCTTTCCATATTTATAAAAGATTCTATTTTCTTTTTATAATCATTCCTTTTTATATAATTACACATTCCTTCATTTTGGTTGTCATAACTCTTCT","Pf3D7_07_v3-1043981-1044225-1A.2","36+8N",94,0.018503937007874,2
"IM-23-122-NLRL","8039832561","Maziba","Pf3D7_08_v3-1056678-1056903-1A","GTGTTAAGGATAATTATAATGCAATAAGCACAACTAATTTTTCAGATGACATGGATGAATTGATAAAGAATCTTTCTATTATGGGTTTGTGTAAAGAGAAAATAGTGTTAACAGAAAAGGCAACAATATTTAATAACATTGAATTGTTGTATTCATATTATCTTATAGTTCAGA","Pf3D7_08_v3-1056678-1056903-1A.4","8G126A",4813,0.419689570980119,4
"IM-23-122-NLRL","8039832561","Maziba","Pf3D7_07_v3-105172-105442-1A","GACTACTAACAGAGTGACTACCTACGCTATGTTGAGATGAATTCCTTCCATCTGAATTACTTCCAGATAGGTGATTTTCTGTACTTCCATCTGAATTGTTTTCATATAATTGACTTTCCTTTTGTCCATCTAAATTATGCACTGCACTATGAGTTCCTTCACCCAAATTATTACTGTTTGTTGTATCATCATTTAAATCAAATCCATTTCTT","Pf3D7_07_v3-105172-105442-1A.6","103C",744,0.527285613040397,4
"IM-23-122-NLRL","8039832561","Maziba","Pf3D7_09_v3-685560-685825-1A","GAACCAAACAACGACAAAGGAACAAGATAATTTTTTCCATTTTTATAAAAGTAATATATATGATATGGAAAATAGAACATGTAATAATAATATATTACAATATTGTGTTATGAATAATAAATCATATTTATTTCATAATATATCATCCAAAAAAAATATATATATAAAAAAAAAGAATCATCAGTTTTCTTTATTCATATATT","Pf3D7_09_v3-685560-685825-1A.1","30+8N79A148+10N165+11N",90,0.957446808510638,2
"IM-23-122-NLRL","8039832561","Maziba","Pf3D7_13_v3-1465901-1466157-1A","CATAAAGGGTCCGATAACATTTTTTACATTTTCCCATGCAGAATCAGCATACAAGTTACATTTACCATCTGATGGATGACAACCTGCAAGAAATCTGTTGAAAGCTACATTAATACCTTGTCCAATACCAAAAACAACTATTTTAACACCACGATCATTTAATTTTCTTGATTCTTTTAATGAATCTTGAATACTAT","Pf3D7_13_v3-1465901-1466157-1A.36","19+8N86G137A158T",96,0.0206229860365199,7
"IM-23-122-NLRL","8039832561","Maziba","Pf3D7_08_v3-1176313-1176549-1A","TACATCCAATGAATATTTTACACTTAAAAGAAATAAACAAATTATTCATAATAAAATACATATACTCTCTATGCAAAAAAATAAACAAAATACAAACGAGCTAAACAAATCATGTAATATTAACGCCATCATATTCAATATTAATTCTGATGATTTTGAGGTAGGCGATGAAATTGT","Pf3D7_08_v3-1176313-1176549-1A.7","67C74+9N136C",90,0.0173243503368624,5
"IM-23-122-NLRL","8039832561","Maziba","Pf3D7_05_v3-1188456-1188706-1A","CGAAATTTAAATCAATAGCGGTTACGTTCATAATTTTGCCTTCAAAACTAACTTCTGTATGATATATAAATTTATTTTCCTTTATACTAAATACATATATAAAAATGGTACTTAATAATTTATCTTTATCATATTTAAATAATATTAAATCTGTTTTTACATCTGAGTTATAATCACCGAAAT","Pf3D7_05_v3-1188456-1188706-1A.12","2G85T170A",133,0.0212019767256496,9
"IM-23-122-NLRL","8039832561","Maziba","Pf3D7_08_v3-1176313-1176549-1A","TACATCCAATGAATATTTTACACTTAAAAGAAATAAACAAATTATTCATAATAAAATACATATACTTTCTATGCAAAAAAATAAACAAAATACAAACGAGCTAAACAAATCATGTAATATTAACGCCATCATATTTAATATTAATTCTGATGATTTTGAGGTAGGCGATGAAATTGT","Pf3D7_08_v3-1176313-1176549-1A.3","74+9N",96,0.0184793070259865,5
"IM-23-122-NLRL","8039832561","Maziba","Pf3D7_08_v3-1176313-1176549-1A","TACATCCAATGAATATTTTACACTTAAAAGAAATAAACAAATTATTCATAATAAAATACATATACTTTCTATGCAAAAAAATAAACAAAATACAAACGAGCTAAACAAATTATGTAATATTAACGCCATCATATTCAATATTAATTCTGATGATTTTGAGGTAGGCGATGAAATTGT","Pf3D7_08_v3-1176313-1176549-1A.1","74+9N111T136C",52,0.010009624639076,5
"IM-23-122-NLRL","8039832561","Maziba","Pf3D7_13_v3-146695-146934-1A","AAAGTATTTGTAATAGATTGAACGATGAACTAAATGAAGAAATATGTGGTTATCAAATTAGGTTTGAAAAATCGTATTTTTTAAAACATAGTAAAATTAAAGTTATGACAGAAGGAATTTTATTGAAAGAAATTATGAGTGATTTTATTTTATCAAAATATAGTGTTATCATTCTTGA","Pf3D7_13_v3-146695-146934-1A.1","20G76+8N170C",3459,0.732838983050847,2
"IM-23-122-NLRL","8039832561","Maziba","Pf3D7_13_v3-156456-156685-1A","ATTATATGATATTTATATAAAATTAGAAAATCTAATTTTAGAAAAAATAACTGAAAGTATATACAATAGTACACCTCCATATAGAGTTATTATGTTCGAATTAATGACCAGATTATTTCGATTTTATACAAAACCAATAGACCTTATTATTACTATGAATACAC","Pf3D7_13_v3-156456-156685-1A.1","41+8N",1336,0.915695681973955,2
"IM-23-122-NLRL","8039832561","Maziba","Pf3D7_13_v3-156456-156685-1A","ATTATATGATATTTATATAAAATTAGAAAATCTAATTTTAGAAAAAATAACTGAAAGTATATACAATAGTACACCTCCATATAGAGTTATTATGTTCGAATTAATGACCAGATTGTTTCGATTTTATACAAAACCAATAGACCTTATTATTACTATGAATACAC","Pf3D7_13_v3-156456-156685-1A.2","41+8N115G",123,0.0843043180260452,2
"IM-23-122-NLRL","8039832561","Maziba","Pf3D7_13_v3-156713-156986-1A","TCCTTTTATGTGAACAAATTAAATATTGTAAATGATTTCTTTTTTGAAACACACCATAAAGATACACATCAAGACAGTCAAAATGAACACAAAACGGATGAACCTAAAATACATAATGTTTTCAAAAAAAAAAATAACGATATCTTTGTTAATATTCCTCTACCAAAAATATTTAAAAATTTCTTACATTCCATATATTTTAGAACTCC","Pf3D7_13_v3-156713-156986-1A.2","39+8N50C123+13N",697,0.582289055973267,3
"IM-23-122-NLRL","8039832561","Maziba","Pf3D7_07_v3-403801-404052-1B","TATATATATATATATGTATGTATGTTGATTAATTTGTTTATATATTTATATTTATTTCTTATGACCTTTTTAGGAACGACACCGAAGCTTTAATTTACAATTTTTTGCTATATCCATGTTAGATGCCTGTTCAGTCATTTTGGCCTTCATAGGTCT","Pf3D7_07_v3-403801-404052-1B.4","1+45N130+8N",1232,0.892753623188406,2
"IM-23-122-NLRL","8039832561","Maziba","Pf3D7_07_v3-404325-404590-1B","GAAACACAAGAAGAAAATTCTATCATATTTAATCTTGTCTTAATTAGTGCCTTAATTGTAAGAAAACAAAATATATAAATAAATAAATATAAATATATATATATATATATATATATATTGTAATATTTAATATATATTAACACTTAAACTTTGTTTTTATTATATTAATTTATATTCTTTATCATTTTTTTTTTTTTTTTTCCTTCTTTTTTT","Pf3D7_07_v3-404325-404590-1B.35","71+40N176+19N198+8N",1,0.0232558139534884,5
"IM-23-122-NLRL","8039832561","Maziba","Pf3D7_14_v3-421322-421547-1A","TAAGAAAGATGAAGTAATAGAAAAAACTGAAGTATCAAAGAAAACATTTTCAGGTATAGGTTTTAATCTTACTGAAAAAGAAGCTAAAGTATTAGGTGTAGGTGTAACCTATCAAGAATATCCAGAAACCATGTTATATAACTGTCCAAACAATTCTA","Pf3D7_14_v3-421322-421547-1A.2","20+8N76A",1554,0.485928705440901,2
"IM-23-122-NLRL","8039832561","Maziba","Pf3D7_14_v3-421322-421547-1A","TAAGAAAGATGAAGTAATAGAAAAAACTGAAGTATCAAAGAAAACATTTTCAGGTATAGGTTTTAATCTTACTGAGAAAGAAGCTAAAGTATTAGGTGTAGGTGTAACCTATCAAGAATATCCAGAAACCATGTTATATAACTGTCCAAACAATTCTA","Pf3D7_14_v3-421322-421547-1A.1","20+8N",1644,0.514071294559099,2
"IM-23-122-NLRL","8039832561","Maziba","Pf3D7_07_v3-404325-404590-1B","GAAACACAAGAAGAAAATTCTATCATATTTAATCTTGTCTTAATTAGTGCCTTAATTGTAAGAAAACAAAATATATAAATAAATATATATATATATATATATATATATTGTAATATTTAATATATATTAACACTTAAACTTTGTTTTTATTATATTAATTTATATTCTTTATCATTTTTTTTTTTTTTTTTCCTTCTTTTTTT","Pf3D7_07_v3-404325-404590-1B.32","71+40N176+19N198+8N",1,0.0232558139534884,5
"IM-23-122-NLRL","8039832561","Maziba","Pf3D7_14_v3-771407-771633-1A","ACCCACGGGACATTTTAATTTATACCTATTGGAACATTTTTTATTAGGTCTTTCTTTATGATTCTTCTTTAAAATAGGTTCATCATTATTTGAGTAAACTAACAGATCATTATCGTTCTCAAATTTATTATAACCATCAATATTTTTATTTCCATATACATCTATAA","Pf3D7_14_v3-771407-771633-1A.2","36+8N108C124T",1522,0.498526039960694,5
"IM-23-122-NLRL","8039832561","Maziba","Pf3D7_06_v3-1197245-1197515-1A","CATTAGGAAAAACAACAGAGCCTTCTTCCATACCATAAATACATAAATCATTTCCACTAATCTTTTCTAAATATTGCACAAAAGAATCAATATCATTATAAGATGACATCTTCTTTCTTATAAAATCTAATTGAGCTTTGGTAAATCGAAAACAATTAATATATTTTATTACTTCATATACACCAGCTAATATAGCAAATTGAC","Pf3D7_06_v3-1197245-1197515-1A.1","20G",949,0.24687825182102,2
"IM-23-122-NLRL","8039832561","Maziba","Pf3D7_06_v3-1197245-1197515-1A","CATTAGGAAAAACAACAGATCCTTCTTCCATACCATAAATACATAAATCATTTCCACTAATCTTTTCTAAATATTGCACAAAAGAATCAATATCATTATAAGATGACATCTTCTTTCTTATAAAATCTAATTGAGCTTTGGTAAATCGAAAACAATTAATATATTTTATTACTTCATATACACCAGCTAATATAGCAAATTGAC","Pf3D7_06_v3-1197245-1197515-1A.3",".",2895,0.75312174817898,2
"IM-23-122-NLRL","8039832561","Maziba","Pf3D7_06_v3-1235395-1235658-1A","GAATATGATAAAATATATATACCAAACAATAAAAATAAAATTAATAATATAAATAATTTTTTAATAAAAAACAATTTGCTGTTGAAATCCAAATTTATGAGAATAACTCCTAATACCTATTTATGTCGTAATTGTGTCCTGTTATATCAAAATGATTTTTCGTATAATACATATGAAGAAGAAATTAATAAAATGG","Pf3D7_06_v3-1235395-1235658-1A.1","56+8N65+8N",755,0.770408163265306,2
"IM-23-122-NLRL","8039832561","Maziba","Pf3D7_06_v3-1235395-1235658-1A","GAATATGATAAAATATATATACCAAACAATAAAAATAAAATTAATAATATAAATAATTTTTTAATAAAAAACAATTTGTTGTTGAAATCCAAATTTATGAGAATAACTCCTAATACCTATTTATGTCGTAATTGTGTCCTGTTATATCAAAATGATTTTTCGTATAATACATATGAAGAAGAAATTAATAAAATGG","Pf3D7_06_v3-1235395-1235658-1A.2","56+8N65+8N79T",225,0.229591836734694,2
"IM-23-122-NLRL","8039832561","Maziba","Pf3D7_03_v3-855426-855697-1A","GTTATTTCAGTATGAGTTTCAACAGTTAATACTACTTCAGGATATGGATTGATACTTAACATATGTACTCTCAATAATCTAGTATCAAATATATATGAAAATGTATACTCAGGAAAACATATAGTAGATAATCCATTATTATTCTCTATACATATTTTACTTATAGCTATATAATCGTAATTATCTTCTATTACTATTGGTTCTGTG","Pf3D7_03_v3-855426-855697-1A.2","32C61A",152,0.155102040816327,3
"IM-23-122-NLRL","8039832561","Maziba","Pf3D7_03_v3-855426-855697-1A","GTTATTTCAGTATGAGTTTCAACAGTTAATACTACTTCAGGATATGGATTGATACTTAACGTATGTACTCTCAATAATCTAGTATCAAATATATATGAAAATGTATACTCAGGAAAACATATAGTAGATAATCCATTATTATTCTCTATACATATTTTACTTATAGCTATATAATCGTAATTATCTTCTATTACTATTGGTTCTGTG","Pf3D7_03_v3-855426-855697-1A.1","32C",489,0.498979591836735,3
"IM-23-122-NLRL","8039832561","Maziba","Pf3D7_06_v3-145285-145531-1A","TCAACAAAAGCTGATGAATCATCATAATTTGAATAAAATTTATCATTCACAATATTATATTTTTGTTTCTTCTTTTTTCCCATAATATTATTATTTTGTTCACAATATATGTTCATGTGTCCCCTCTTTTTCTGTAAAATATTAAAATGTTTCTTAGTATGCTTCTCTTCATTTTTAATAACA","Pf3D7_06_v3-145285-145531-1A.2","72+8N157G",3378,0.685470779220779,3
"IM-23-122-NLRL","8039832561","Maziba","Pf3D7_06_v3-145285-145531-1A","TCAACAAAATCTGATGAATCATCATAATTTGAATAAAATTTATCATTCACAATATTATATTTTTGTTTCTTCTTTTTTCCCATAATATTATTATTTTGTTCACAATATATGTTCATGTGTCCCCTCTTTTTCTGTAAAATATTAAAATGTTTCTTACTATGCTTTTCTTCATTTTTAATAACA","Pf3D7_06_v3-145285-145531-1A.35","10T72+8N165T",1197,0.242897727272727,3
"IM-23-122-NLRL","8039832561","Maziba","Pf3D7_06_v3-176108-176338-1A","ATTATTATTATTATTATTATGATGATGATGATGATGATCTGTGTTAAGATCATCTTCTATACCATTAGTTAAACATTTTATATTTTTATTCATATAAACATTAATCTTCACAACAGATTTATCAGATCTAGAAAATCTTGTACCTGTTGCTTTATGTAACAATAT","Pf3D7_06_v3-176108-176338-1A.1","1+38N",2718,0.918243243243243,3
"IM-23-122-NLRL","8039832561","Maziba","Pf3D7_06_v3-176108-176338-1A","ATTATTATTATTATTATTATGATGATGATGATGATGATGATCTGTGTTAAGATCATCTTCTATACCATTAGTTAAACATTTTATATTTTTATTCATATAAACATTAATCTTCACAACAGATTTATCAGATCTAGAAAATCTTGTACCTGTTGCTTTATGTAACAATAT","Pf3D7_06_v3-176108-176338-1A.5","1+38N",177,0.0597972972972973,3
"IM-23-122-NLRL","8039832561","Maziba","Pf3D7_14_v3-294506-294753-1B","AATTTAGATGTTATCAAAGTCCCATTCTTACCTTTCTATGTAACTCTTTGTAACAACAGCAAATTACCAACTTTTGAATTTACCTCAGAAAATGGTAAATACACATTAGAACCTGAATACTACCTTCAACACATAGAAGATGTTGGTCCAAGATTATGTATGCTTAATATCATAGGATTAGATTTTCCAGT","Pf3D7_14_v3-294506-294753-1B.30","151A",119,0.0295799154859558,2
"IM-23-122-NLRL","8039832561","Maziba","Pf3D7_14_v3-294506-294753-1B","AATTTAGATGTTATCAAAGTCCCATTCTTACCTTTCTATGTAACTCTTTGTAACAACAGCAAATTACCAACTTTTGAATTTACCTCAGAAAATGGTAAATACACATTAGAACCTGAATACTACCTTCAACACATAGAAGATGTTGGTCCAGGATTATGTATGCTTAATATCATAGGATTAGATTTTCCAGT","Pf3D7_14_v3-294506-294753-1B.1",".",3904,0.970420084514044,2
"IM-23-122-NLRL","8039832561","Maziba","Pf3D7_14_v3-297583-297856-1B","AGGAGGTTTTTCTTATTATATTTTTGAAAATTTCGTTTTTCAAAAGAACCGTAAAATTAATCACATAATTAAGACTTCAAAATATTCGACAGTAGGATTTAATATTGAAAATTCTTATGATAGACTTATGAAAACAATTAAAGAGCATAAATTAAAAAATTATATAAAAGAATCAGTAAAACTTTTTAATAAAGGTTTAACCAAAAA","Pf3D7_14_v3-297583-297856-1B.1","153+8N",983,1,1
"IM-23-122-NLRL","8039832561","Maziba","Pf3D7_05_v3-668763-669004-1A","TAATATTATCTGGCTCTGTAACCATGTCCGAACATATGTTAACAGGAGAATCTGTTCCTATACATAAAGAGCGGTTACCTTTTGAAGGAAATGCTATTATAAATAAAAATAATAAATATGACAGTAACGATGAAAAGGATGATTACCTTCGTATTTATAATAATAATGCTAGTATTAATATGATCAAGCG","Pf3D7_05_v3-668763-669004-1A.8","73G122C165A",822,0.184511784511785,6
"IM-23-122-NLRL","8039832561","Maziba","Pf3D7_06_v3-532166-532407-1A","AGAACAATTGCTAAACACCAAATTGGGTGAAACAAAAAACCACCTGAACAGAACTCCATTTATACCTGAATCGGTCATACGAGAAAGGAAATTACGCCAAGAAAAAGCTCAATCCACAAACAACATGTTCGATTCAACAAACGCAGATAGTATTACTTCCCCATGTGATCCAACGAATGCCACG","Pf3D7_06_v3-532166-532407-1A.2","33+8N55T157T",171,0.0186213655668082,6
"IM-23-122-NLRL","8039832561","Maziba","Pf3D7_06_v3-532166-532407-1A","AGAACAATTGTTAAACACCAAATTGGGTGAAACAAAAAACCACCTGAACAGAACCCCATTTATACCTGAATCGGTCATACGAGAAAGGAAATTACGCCAAGAAAAAGCGCAATCCACAAACAACATGTTCGATTCAACAAACGCAGATAGTATTACTTCCCCATGTGATCCAACGAATGCCACG","Pf3D7_06_v3-532166-532407-1A.3","11T33+8N109G157T",4541,0.494500707829685,6
"IM-23-122-NLRL","8039832561","Maziba","Pf3D7_06_v3-851492-851765-1A","ACAATAGTACATTCTGCATTTACATCACAACCTCCATTATTTTTTGAACAGTTCATATCTTTCATAGGTATACATTTAAAATAATTTACACTCATATCAACTATATAATTAGGTCGGCATCTACATTGTTCTTTATCTTTTTCGACAATATAACAACGTGAATTGGGTCCACATTTGGAATATTCACAAATATAATTTACTTTAAATATAACAAAATTTCTCA","Pf3D7_06_v3-851492-851765-1A.1","39+8N",1478,0.725933202357564,3
"IM-23-122-NLRL","8039832561","Maziba","Pf3D7_06_v3-851492-851765-1A","ACAATAGTACATTCTGCATTTACATCACAACCTCCATTATTTTTTGAACAGTTCATATCTTTCATAGGTATACATTTAAAATAATTTACACTCATATCAACTATATAATTAGGTCGGCATCTACATTGTTCTTTATCTTTTTCGACAATATAACAACGTGAATTGGGTCCACATTTGGAATATTCACAAATATTATTTACTTTAAATATAACAAAATTTTTCA","Pf3D7_06_v3-851492-851765-1A.2","39+8N194T220T",354,0.173870333988212,3
"IM-23-122-NLRL","8039832561","Maziba","Pf3D7_04_v3-900526-900759-1A","TTAACAACTTATCATCATTTATTAGATTCTTTTCATGGAACAGATTATTAACAGTATCCATAATTTTATGATCATCCGTGTTATATGTATCTATACAAGTATTTAGCTTGCTTATATAATTTACATATTTCAACGGATCATTTTGAAGTATGCAATCATCGAATGAATA","Pf3D7_04_v3-900526-900759-1A.1","106G",3297,0.558340389500423,2
"IM-23-122-NLRL","8039832561","Maziba","Pf3D7_09_v3-595828-596094-1A","ATAATTTTTTCATCGTTCTTATACATGAATGATAAAGTCTTTTTGCAAAATTTTTTGAAGAGATCAGATTTGAGATAAAGACGTTTGGCTAATTTATACGAGAATTCGAGAGCATCTAATTTTATATTTAAACATTTTTTCGTATCCAATATATTATAATTTTGTTCATAAGTCTGTTCATTTATATTATTTAATACTTTT","Pf3D7_09_v3-595828-596094-1A.6","4+8N27G50+8N134+8N",61,0.0426871938418474,6
"IM-23-122-NLRL","8039832561","Maziba","Pf3D7_05_v3-1188456-1188706-1A","CAAAATTTAAATCAATAGCGGTTACGTTCATAATTTTGCCTTCAAAACTAACCTCTGTATGATATATAAATTTATTTTCCTTTACACTAAATACATATATAAAAATGGTACTTAATAATTTATCTTTATCATATTTAAATAATATTAAATCTGTTTTTACATCTGAGTTGTAATCACCGAAAT","Pf3D7_05_v3-1188456-1188706-1A.2","53C",3507,0.559062649450024,9
"IM-23-122-NLRL","8039832561","Maziba","Pf3D7_08_v3-1056678-1056903-1A","GTGTTAACGATAATTATAATGCAATAAGCACAACTAATTTTTCAGATGACATGGATGAATTGATAAAGAATCTTTCTATTATGGGTTTGTGTAAAGAGAAAATAGTGTTAACAGAAAAGGCAACACTATTTAATAACATTGAATTGTTGTATTCATATTATCTTATAGTTCAGA","Pf3D7_08_v3-1056678-1056903-1A.1",".",3090,0.269445413324032,4
"IM-23-122-NLRL","8039832561","Maziba","Pf3D7_13_v3-1465616-1465890-1A","TCTTGTGGATTATTATCTATTATATTTTCTTTTGGTTTTTCGACAGCAAAATTATCTCCTCTTGGTCTAGGTTGATCATCTTCGGGTTCATCTGGAACATCTAATGGTTCCCGTTTTGGAGGACATCTTTCTTCTTCACATTGTTCTTGTAATTCACTTGTACATCCTTCGTGTAAGATTTCTCTTTTTCTTGACCTGGTACCTTTACCACAAGTTACACTACATGGAGA","Pf3D7_13_v3-1465616-1465890-1A.51","30T121G",538,0.169395465994962,5
"IM-23-122-NLRL","8039832561","Maziba","Pf3D7_13_v3-1465901-1466157-1A","CATAAAGGGTCCGATAACATTTTTTACATTTTCCCATGCAGAATCAGCATACAAGTTACATTTACCATCTGATGGATGACAACCTACAAGAAATCTGTTGAAAGCTACATTAATACCTTGTCCAATACCAAAAACAGCTATTTTAACACCAAGATCATTTAATTTTCTTGATTCTTTTAATGAATTTTGAATACTAT","Pf3D7_13_v3-1465901-1466157-1A.7","19+8N152A158T186T",42,0.00902255639097744,7
"IM-23-122-NLRL","8039832561","Maziba","Pf3D7_13_v3-1465901-1466157-1A","CATAAAGGGTCCGATAACATTTTTTACATTTTCCCATGCAGAATCAGCATACAAGTTACATTTACCATCTGATGGATGACAACCTACAAGAAATCTGTTGAAAGCTACATTAATACCTTGTCCAATACCAAAAACAGCTATTTTAACACCACGATCACTTAATTTTCTTGATTCTTTTAATGAATCTTGAATACTAT","Pf3D7_13_v3-1465901-1466157-1A.4","19+8N",6,0.00128893662728249,7
"IM-23-122-NLRL","8039832561","Maziba","Pf3D7_13_v3-1465901-1466157-1A","CATAAAGGGTCCGATAACATTTTTTACATTTTCCCATGCAGAATCAGCATACAAGTTACATTTACCATCTGATGGATGACAACCTACAAGAAATCTGTTGAAAGCTACATTAATACCTTGTCCAATACCAAAAACAGCTATTTTAACACCACGATCATTTAATTTTCTTGATTCTTTTAATGAATCTTGAATACTAT","Pf3D7_13_v3-1465901-1466157-1A.1","19+8N158T",1117,0.239957035445757,7
"IM-23-122-NLRL","8039832561","Maziba","Pf3D7_04_v3-1113397-1113639-1A","GATTCTGCATGCAGTAATGAATCTATTGAAATCATCTAAGAATAAACTTTTTTGTTTAAACCATTTATTGAACATTTCACTTAAATGTGATTCAATTTTTTTTTCTGAGCTTTCCATAATTTGATTACAACTATTCAATTTGTTTGTATAAGTTTTAGGTCTTATTATTCTTTTACGTTTTAAATCATC","Pf3D7_04_v3-1113397-1113639-1A.2","47+8N95+11N",359,0.0796892341842397,5
"IM-23-122-NLRL","8039832561","Maziba","Pf3D7_09_v3-685560-685825-1A","GAACCAAACAACGACAAAGGAACAAGATAATTTTTTCCATTTTTATAAAAGTAATATATATGATATGGAAAATAGAACCTGTAATAATAATATATTACAATATTGTGTTATGAATAATAAATCATATTTATTTCATAATATATCATCCAAAAAAAATATATATATAAAAAAAAAGAATCATCAGTTTTCTTTATTCATATATT","Pf3D7_09_v3-685560-685825-1A.2","30+8N148+10N165+11N",4,0.0425531914893617,2
"IM-23-122-NLRL","8039832561","Maziba","Pf3D7_09_v3-82006-82236-1A","TTTATCATCTTTAGGCCATAACCAGAGTACAAGCAATCCAACTATAACAATTGTAATTAACATTATAAATACTGTAATACCATAAACACTACCAGAAGCGATCAGAAATGCACTAAAAGTATAACAACATTCACTTAGAATAAGAGTAGCGATAAAACTAAAAATAGC","Pf3D7_09_v3-82006-82236-1A.10","95G",1,0.000148038490007402,5
"IM-23-122-NLRL","8039832561","Maziba","Pf3D7_09_v3-82006-82236-1A","TTTATCATCTTTAGGCCATAACCAGAGTACAAGCAATCCAACTATAACAATTGTAATTAACATTATAAATACTGTAATACCATAAACACTACCAGAAGCGATCAGAAATGCACTAAAAGTATAACCATATTCACTTAGAATAAGAGTAGCGATAAAACTAAAAATAGC","Pf3D7_09_v3-82006-82236-1A.5","95G126C128T",3748,0.554848260547742,5
"IM-23-122-NLRL","8039832561","Maziba","Pf3D7_08_v3-1313088-1313338-1A","TGAGAGACATAGATATATGATAGAAAAATGGAAAAAAGAAGATTGGTTTTGTGATTTAAAAGAAACGTTGAAAAATGAATTCGAAGAACAGATGGATATAGGAAAAGTATCTTTTTTATATGAAAATAATAGAGAGTATGGAAAAAATTTTTATTTGGAAAAGCAAAAAATTATATGGAAAAGATGG","Pf3D7_08_v3-1313088-1313338-1A.2","31+8N82C111+8N141+8N164+8N",318,0.148528724894909,4
"IM-23-122-NLRL","8039832561","Maziba","Pf3D7_08_v3-1313088-1313338-1A","TGAGAGACATAGATATATGATAGAAAAATGGAAAAAAGAAGATTGGTTTTGTGATTTAAAAGAAACGTTGAAAAATGAATTTGAAGAACAGATGGATATAGGAAAAGTATCTTTTTTATATGAAAATAATAGAGAGTATGGAAAAAATTTTTATTTGGAAAAGCAAAAAATTATATGGAAAAGATGG","Pf3D7_08_v3-1313088-1313338-1A.1","31+8N111+8N141+8N164+8N",557,0.260158804297057,4
"IM-23-122-NLRL","8039832561","Maziba","Pf3D7_05_v3-213027-213251-1A","ATGTACTTATCCCCTGATATGATTTTTCCAATATCATCAAAATCAGTAATCTCTAAATCATTTATATGATTTATATGTATAAATTCTTTTATCTTGTTCAAATAATTTCTGTAATAAAATATATTCTCTTTATCATCATCAATTATTTTCATATAATC","Pf3D7_05_v3-213027-213251-1A.4","25T26T",1834,0.251026553517657,2
"IM-23-122-NLRL","8039832561","Maziba","Pf3D7_05_v3-350808-351052-1A","TAATATAATTTGAGTTGATAATATTATAATTATTTTTTATATGTTGCTCATTTATATTATTATGATAAATATGAGTTGTATTTTTATTAGAATTGTAGGACATTTTCCCATACATGAGTTGTTTTACATTTTTAACATTTTTATAATTATGTATTAAACATAAAATTATTAGATAAA","Pf3D7_05_v3-350808-351052-1A.7","32+8N92A164A",42,0.014218009478673,5
"IM-23-122-NLRL","8039832561","Maziba","Pf3D7_05_v3-350808-351052-1A","TAATATAATTTGAGTTGATAATATTATAATTATTTTTTATATGTTGCTCATTTATATTATTATGATAAATATGAGTTGTATTTTTATTAGAATTGTAGGACATTTTCCCATACATGAGTTGTTTTACATTTTTAACATTTTTATAATTATGTATTAAACATAAGATTATTAGATAAA","Pf3D7_05_v3-350808-351052-1A.6","32+8N92A",1588,0.537576167907922,5
"IM-23-122-NLRL","8039832561","Maziba","Pf3D7_13_v3-479569-479811-1A","CTAGAGACGAATTTGATGATAAAAGAAAATTAAAAGAAGAGAAAATTAAACAATGCCAACTATTAAATGAAAAACAACTAGAAGAAAAAGAAAAAGAAAAAAGAATTCTGAGAGAAAAAGCTGTTGAATATACCTTACAAAATGAAGAAGAATATAAACAACTAAAACGAAAATT","Pf3D7_13_v3-479569-479811-1A.1","96+8N",309,0.0702592087312415,3
"IM-23-122-NLRL","8039832561","Maziba","Pf3D7_01_v3-194742-194973-1B","TACCTATAAAAATGAAAAAAATAAAGAAGAAGATAAATATGGAAAAAATGAAAAAAACGAAAAATATGACAAATATGACAAATATGAAAAATATGATAAATATGATAAATACAAAAAAGATAATAAAAATCAACATGATGATCCACTTTATGATAATATTAATAAAAATTACGATAA","Pf3D7_01_v3-194742-194973-1B.111","14+9N42+17N97T112+8N",1040,0.338762214983713,3
"IM-23-122-NLRL","8039832561","Maziba","Pf3D7_01_v3-194742-194973-1B","TACCTATAAAAATGAAAAAAATAAAGAAGAAGATAAATATGGAAAAAATGAAAAAAATAAAGAAGAAGATAAATATGGAAAAAATGAAAAAAACGAAAAATATGACAAATATGAAAAATATGATAAATACAAAAAAGATAATAAAAATCAACATGATGATCCACTTTATGATAATATTAATAAAAATTACGATAA","Pf3D7_01_v3-194742-194973-1B.91","14+9N42+17N59A62G65G67A70T78I=GAAAAAATGAAAAAAACG79A88C112+8N",1502,0.489250814332248,3
"IM-23-122-NLRL","8039832561","Maziba","Pf3D7_01_v3-455794-456054-1A","AGAAAAAAAATTTATTAAGAGGTATTTAGATTTTAAAAATTTAAGAATTAATTTTTAATTATGTCTATAAAAACTTAATAGAAAATAAATATTATTTTGTTTTTCAAAAAAATGTTTAAGAATAATATTTCTTTATTCTTTTACAATTTAGAACATATAATGCTATTTCTTTTAATTTTAATTTAATTTCAAA","Pf3D7_01_v3-455794-456054-1A.2","2+10N28A105+9N",675,0.486311239193084,2
"IM-23-122-NLRL","8039832561","Maziba","Pf3D7_01_v3-455794-456054-1A","AGAAAAAAAATTTATTAAGAGGTATTTCGATTTTAAAAATTTAAGAATTAATTTTTAATTATGTCTATAAAAACTTAATAGAAAATAAATATTATTTTGTTTTTCAAAAAAATGTTTAAGAATAATATTTCTTTATTCTTTTACAATTTAGAACATATAATGCTATTTCTTTTAATTTTAATTTAATTTCAAA","Pf3D7_01_v3-455794-456054-1A.1","2+10N105+9N",713,0.513688760806916,2
"IM-23-122-NLRL","8039832561","Maziba","Pf3D7_14_v3-771407-771633-1A","ACCCACGGGACATTTTAATTTATACCTATTGGAACATTTTTTATTAGGTCTTTCTTTATGATTCTTCTTTAAAATAGGTTCATCATTATTTGAGTAAACTAACAGATCATTATGGTTCTCAAAATTATTATAACCATCAATATTTTTATTTCCATATACATCTATAA","Pf3D7_14_v3-771407-771633-1A.3","36+8N108C114G",706,0.231247952833279,5
"IM-23-122-NLRL","8039832561","Maziba","Pf3D7_14_v3-771407-771633-1A","ACCCACGGGACATTTTAATTTATACCTATTGGAACATTTTTTATTAGGTCTTTCTTTATGATTCTTCTTTAAAATAGGTTCATCATTATTTGAGTAAACTAACAGATTATTATCGTTCTCAAAATTATTATAACCATCAATATTTTTATTTCCATATACATCTATAA","Pf3D7_14_v3-771407-771633-1A.1","36+8N",191,0.0625614150016377,5
"IM-23-122-NLRL","8039832561","Maziba","Pf3D7_14_v3-921176-921432-1A","ACAATATTAATTTTATAAGTTCATTATTTCAATTTTATATTTAGGAGGATCTATATCCATATATTATTCATTTTAAAAATATTAAAATAAATACATATATAAATATATAAACATATAAAAACAGTCTTTTAAAAATTAATAAGATTTATATAAAATATGGTTATAAATCCTATTTTGTATTATATCAAA","Pf3D7_14_v3-921176-921432-1A.1",".",1078,0.79615952732644,3
"IM-23-122-NLRL","8039832561","Maziba","Pf3D7_14_v3-921176-921432-1A","ACAATATTAATTTTTTAAGTTCATTATTTCAATTTTATATTTAGGAGGATCTATATCCATATATTATTCATTTTAAAAATATTAAAATAAATACATATATAAATATATAAACATATAAAAACAGTCTTTTAAAAATTAATAAGATTTATATAAAATATGGTTATAAATCCTATTTTGTATTATATTAAA","Pf3D7_14_v3-921176-921432-1A.5","15T186T",12,0.00886262924667651,3
"IM-23-122-NLRL","8039832561","Maziba","Pf3D7_14_v3-921176-921432-1A","ACAATATTAATTTTTTAAGTTCATTATTTCAATTTTATATTTAGGAGGATCTATATCCATATATTATTCATTTTAAAAATATTAAAATAAATACATATATAAATATATAAACATATAAATACAGTCTTTTAAAAATTAATAAGATTTATATAAAATATGGTTATAAATCCTATTTTGTATTATATTAAA","Pf3D7_14_v3-921176-921432-1A.2","15T120T186T",264,0.194977843426883,3
"IM-23-122-NLRL","8039832561","Maziba","PmUG01_12_v1-1397996-1398245-1AB","CAACATATGGTGAAGCATGTAAGTTAACAATTTCCAGTGCTGTATTTACAGTCCTATCAAATATGGCATCCAATTCAGCATCGGTAATTTTTTTATTATTAATAAATTCTTGTAATGGAATACCACCAACAGTTATGTATCTTTTCAAAGGAACCATTTTATTACCATGTGCAGCAACAATAAGTGCATTT","PmUG01_12_v1-1397996-1398245-1AB.1","87+9N",45,1,1
"IM-23-122-NLRL","8039832561","Maziba","Pf3D7_07_v3-475313-475545-1A","AGCTTTATTATCTACAAAAAATCCACGTGGATATATGAAACAAATGAAATTGTATTTTATATTCCAAATTAAAGAAATTGCATTAAGAAAACATGGCTCTTTACTTACAGTCAAAAATTTATATGATAATAAACTTTTAAATATAAATTCATCATCTTCTACAAATA","Pf3D7_07_v3-475313-475545-1A.2","15+8N125G",2275,0.533661740558292,2
"IM-23-122-NLRL","8039832561","Maziba","Pf3D7_04_v3-544454-544718-1A","ACAAAATATAATACTTTATATACAAATGCTTATAAAAAATTTTAACGCGGACGTACTTCAAAATAATATAAATGAAGAAGAAGTAATATATAATAACATCAACATTAATAATATAAAAGAAGAACAAATTATACCAAATAATATCAAGAATATCCATAATAATGACAATATTAATCATTGTGATGATAATAAAATAA","Pf3D7_04_v3-544454-544718-1A.33","33+8N47G50G77G89T",68,0.0440985732814527,6
"IM-23-122-NLRL","8039832561","Maziba","Pf3D7_04_v3-544454-544718-1A","ACAAAATATAATACTTTATATACAAATGCTTATAAAAAATTTTAACTCGAACGTACTTCAAAATAATATAAATGAACAAGAAGTAATACATAATAACATCAACATTAATAATATAAAAGAAGAACAAATTATACCAAATAATATCAAGAATATCCATAATAATGACAATATTAATCATTGTGATGATAATAAAATAA","Pf3D7_04_v3-544454-544718-1A.3","33+8N",22,0.0142671854734112,6
"IM-23-122-NLRL","8039832561","Maziba","Pf3D7_07_v3-627351-627625-1A","TCACTAAGATAATTATTATTACTATTTTCAGCATAATAAAATTTCTGATGTTTCATAAGAGGAGTTTGGTTAGAAGCAAAATTATCAGCAGTTGTCGAATAATTATTATGTTCTTGATAAAAGAGATTATTCATATAGTTATTATTATTTTTCATATCATCCATAGTATTATTGTTAATATAAAATTCCTCATATGAATTATATATATA","Pf3D7_07_v3-627351-627625-1A.3","54C",27,0.0239786856127886,4
"IM-23-122-NLRL","8039832561","Maziba","Pf3D7_07_v3-627351-627625-1A","TCACTAAGATAATTATTATTACTATTTTCAGCATAATAAAATTTCTGATGTTTTATAAGAGGAGTTTGGTTAGAAGCAAAATTATCAGCAGTTGTCGAATAATTATTATGTTCTTGATAAAAGAGATTATTCATATAGTTATTATTATTTTTCATATCATCCATAGTATTATTGTTAATATAAAATTCCTCATATGAATTATATATATA","Pf3D7_07_v3-627351-627625-1A.1",".",351,0.311722912966252,4
"IM-23-122-NLRL","8039832561","Maziba","Pf3D7_07_v3-717260-717493-1A","GAGCTTGCTTTTTTGTTGCGTTACTTGCTGGGCTGATCAAAAAAAAAGTTGAATGTATTGAACTTAGTGCCAGCGAAATTTCCCCTCATGAAAACAAATCGACGAGTTCATCAATATTCCAAGAGGAATTAAAATTTGATAAGTCTCTGAAAAATTTTTTCAAACAA","Pf3D7_07_v3-717260-717493-1A.1","8+8N38+11N154+8N",1410,0.208056662239929,3
"IM-23-122-NLRL","8039832561","Maziba","Pf3D7_07_v3-717260-717493-1A","GAGCTTGCTTTTTTGTTGCGTTACTTGCTGGGCTGATCAAAAAAAAAGTTGAATGTATTGAACTTAGTGCCAGCGAAATTTCCCCTCATGAAAACAAATCGACGAGTTCATCAATATTCCAAGAGGAATTAAAATTTGATGAGTCTCTGAAAAAATTTTTCAAACAA","Pf3D7_07_v3-717260-717493-1A.3","8+8N38+11N141G154+8N",4069,0.60041316216615,3
"IM-23-122-NLRL","8039832561","Maziba","Pf3D7_07_v3-717260-717493-1A","GAGCTTGCTTTTTTGTTGCGTTACTTGCTGGGCTGATCAAAAAAAAAGTTGAATGTATTGAACTTAGTGCCAGCGAAATTTCCCCTCATGAAAACAAATCGACGAGTTCATCAATATTCCAAGAGGAATTAAAATTTGATGAGTCTCTGAAAAATTTTTTCAAACAA","Pf3D7_07_v3-717260-717493-1A.2","8+8N38+11N141G154+8N",1298,0.191530175593921,3
"IM-23-122-NLRL","8039832561","Maziba","Pf3D7_07_v3-729480-729750-1A","TGAATGTTCAGAAATTTTATATCACTTAAATCGTTTGAGTGAGTTAGATCAAATATTGTTGAAAGATAAAATAAGTATATATGAGTATCAGCTAAAGGACACGTTTTTAACAACGTATGATATAGGTTGTTTATTAAAAATAGCTCAAGTGTTGAATGAACAAAATTATTATGATAACATTCCATTTTTGCATATATTTTTATATAACATACATAA","Pf3D7_07_v3-729480-729750-1A.1","42A",1172,0.806607019958706,2
"IM-23-122-NLRL","8039832561","Maziba","Pf3D7_04_v3-748374-748611-1B","AAACTGGGAAAGCATTCCAAAAAAATTTAAACCTTTAAGCAATAGGATAAATGTTATATTGTCTAGAACCTTAAAAAAAGAAGATTTTGATGAAGATGTTTATATCATTAACAAAGTTGAAGATCTAATAGTTTTACTTGGGAAATTAAATTACTATAAATGTTTTATTTTAG","Pf3D7_04_v3-748374-748611-1B.2","3A18+9N72+9N170T",5789,0.94360228198859,3
"IM-23-122-NLRL","8039832561","Maziba","Pf3D7_04_v3-748585-748822-2","TTAATAAAAAAAATATATTTTACTAGAATAAATAGTACATATGAATGTGATGTATTTTTTCCAGAAATAAATGAAAATGAGTATCAAATTATTTCTGTTAGCGATGTATATACTAGTAACAATACAACATTGGATTTTATCATTTATAAGAAAACGAATAATAAAATGTT","Pf3D7_04_v3-748585-748822-2.1","5+10N54+8N",2306,1,1
"IM-23-122-NLRL","8039832561","Maziba","Pf3D7_04_v3-900526-900759-1A","TTAACAACTTATCATCATTTATTAGATTCTTTTCATGGAACAGATTATTAACAGTATCCATAATTTTATGATCATCCGTGTTATATGTATCTATACAAGTATTTAACTTGCTTATATAATTTACATATTTCAACGGATCATTTTGAAGTATGCAATCATCGAATGAATA","Pf3D7_04_v3-900526-900759-1A.2",".",2608,0.441659610499577,2
"IM-23-122-NLRL","8039832561","Maziba","Pf3D7_14_v3-106867-107115-1A","AATGACATGAACAAGTCAGGCGAAAAAGAGGAACATGTTATAAATAGTAAATGGAAAAATAAATTTTTCCATGAAGTTATACAAAATATGTTATATGATGATAATATAAATGATCATAAAGAAGAAATTAAGGAAGATAATTCTAATGAATATAATATCAATAATAAAAATGATAATTTATATGATATA","Pf3D7_14_v3-106867-107115-1A.2","120A",455,0.288157061431286,2
"IM-23-122-NLRL","8039832561","Maziba","Pf3D7_05_v3-1188456-1188706-1A","CAAAATTTAAATCAATAGCGGTTACGTTCATAATTTTGCCTTCAAAACTAACCTCTGTATGATATATAAATTTATTTTCCTTTACACTAAATACATATATAAAAATGGTACTTAATAATTTATCTTTATCATATTTAAATAATATTAAATCTGTTTTTACATCTGAGTTATAATCACCGAAAT","Pf3D7_05_v3-1188456-1188706-1A.5","53C170A",1,0.000159413358839471,9
"IM-23-122-NLRL","8039832561","Maziba","Pf3D7_13_v3-1465616-1465890-1A","TCTTGTGGATTATTATCTATTATATTTTCTTCTGGTTTTTGGACAGCAAAATTATCTCCTCTTGGTCTAGGTTCATCATCTTCGGGTTCATGTGGAACATCTAATGGTTCCCGTTTTGGAGGACATCTTTCTTCTTCACATTGTTCTTGTAATTCACTTGTACATCCTTCGTGTAAGATTTCTCTTTTTCTTGACCTGGTACCTTTACCACAAGTTACACTACATGGAGA","Pf3D7_13_v3-1465616-1465890-1A.22","30T32C41G74C92G121G",658,0.207178841309824,5
"IM-23-122-NLRL","8039832561","Maziba","Pf3D7_13_v3-1465616-1465890-1A","TCTTGTGGATTATTATCTATTATATTTTCTTTTGGTTCTTCGACAGCAAAATTATCTCCTCTTGGTCTAGGTTCATCATCTTCGGGTTCATGTGGAACATCTAATGGTTCCCGTTTTGGAGGACATCTTTCTTCTTCACATTGTTCTTGTATTTCACTTGTACATCCTTCGTGTAAGATTTCTCTTTTTCTTGACCTGGTACCTTTACCACAAGTTACACTACATGGAGA","Pf3D7_13_v3-1465616-1465890-1A.16","30T38C74C92G121G152T",81,0.0255037783375315,5
"IM-23-122-NLRL","8039832561","Maziba","Pf3D7_05_v3-1188456-1188706-1A","CAAAATTTAAATCAATAGCGGTTACGTTCATAATTTTGCCTTCAAAACTAACTTCTGTATGATATATAAATTTATTTTCCTTTACACTAAATACATATATAAAAATGGTACTTAATAATTTATCTTTATCATATTTAAATAATATTAAATCTGTTTTTACATCTGAGTTATAATCACCGAAAT","Pf3D7_05_v3-1188456-1188706-1A.10","170A",18,0.00286944045911047,9
"IM-23-122-NLRL","8039832561","Maziba","Pf3D7_05_v3-1188456-1188706-1A","CAAAATTTAAATCAATAGCGGTTACGTTCATAATTTTGCCTTCAAAACTAACTTCTGTATGATATATAAATTTATTTTCCTTTACACTAAATACATATATAAAAATGGTACTTAATAATTTATCTTTATCATATTTAAATAATATTAAATCTGTTTTTACATCTGAGTTGTAATCACCGAAAT","Pf3D7_05_v3-1188456-1188706-1A.1",".",274,0.043679260322015,9
"IM-23-122-NLRL","8039832561","Maziba","Pf3D7_08_v3-1056678-1056903-1A","GTGTTAAGGATAATTATAATGCAATAAGCACAACTAATTTTTCAGATGACATGGATGAATTGATAAAGAATCTTTCTATTATGGGTTTGTGTAAAGAGAAAATAGTGTTAACAGAAAAGGCAACACTATTTAATAACATTGAATTGTTGTATTCATATTATCTTATAGTTCAGA","Pf3D7_08_v3-1056678-1056903-1A.14","8G",4,0.000348796651552145,4
"IM-23-122-NLRL","8039832561","Maziba","Pf3D7_08_v3-1099719-1099977-1A","AAAAAATAAAAAATCAAACAAGATAAATAATAATGTATATAATACTAGTGGTATAAAAAATAATGATCAAAATATGGATAATATGAATCAAAAAGGAAAAAGTAACAAAAATTCAAATAAATATAATTTTGATGAAGAGGACTTATGGTTTTTATGTGATTTATGTAATAATCCTATAAGTCCGTTATGTTA","Pf3D7_08_v3-1099719-1099977-1A.1","1+14N54+8N97A142C",420,0.226293103448276,2
"IM-23-122-NLRL","8039832561","Maziba","Pf3D7_08_v3-1099719-1099977-1A","AAAAAATAAAAAATCAAACAAGATAAATAATAATGTATATAATACTAGTGGTATAAAAAATAATGATCAAAATATGGATAATATGAATCAAAAAGGAAAAAGTAACAAAAATTCAAATAAATATAATTTTGATGAAGAGGATTTATGGTTTTTATGTGATTTATGTAATAATCCTATAAGTCCGTTATGTTA","Pf3D7_08_v3-1099719-1099977-1A.4","1+14N54+8N97A",1436,0.773706896551724,2
"IM-23-122-NLRL","8039832561","Maziba","Pf3D7_05_v3-1188456-1188706-1A","CGAAATTTAAATCAATAGCGGTTACGTTCATAATTTTGCCTTCAAAACTAACTTCTGTATGATATATAAATTTATTTTCCTTTACACTAAATACATATATAAAAATGGTACTTAATAATTTATCTTTATCATATTTAAATAATATTAAATCTGTTTTTACATCTGAGTTGTAATCACCGAAAT","Pf3D7_05_v3-1188456-1188706-1A.4","2G",2046,0.326159732185557,9
"IM-23-122-NLRL","8039832561","Maziba","Pf3D7_01_v3-145388-145662-1A","GATATGTTTAAATATATGATTCTCGAAAAAACTTTTTTTATTTTTTTTGTCAATAGATAAATGATCAATATTTTCTATATTTAATCTATCAAGAATTTTTATATATCTATTATTTCTTTCTTCGATGGATAAATTATATGAATCAATATCCTTTCTTTCATCAACAAACTTTTTTATTGTTAACTCCATTTTTTTATTTAAGATACCA","Pf3D7_01_v3-145388-145662-1A.3","25+25N94A139T169+8N188+9N",400,0.72992700729927,2
"IM-23-122-NLRL","8039832561","Maziba","Pf3D7_05_v3-1188456-1188706-1A","CGAAATTTAAATCAATAGCGGTTACGTTCATAATTTTGCCTTCAAAACTAACTTCTGTATGATATATAAATTTATTTTCCTTTATATTAAATACATATATAAAAATGGTACTTAATAATTTATCTTTATCATATTTAAATAATATTAAATCTGTTTTTACATCTGAGTTATAATCACCGAAAT","Pf3D7_05_v3-1188456-1188706-1A.30","2G85T87T170A",114,0.0181731229076997,9
"IM-23-122-NLRL","8039832561","Maziba","Pf3D7_09_v3-82006-82236-1A","TTTATCATCTTTAGGCCATAACCAGAGTACAAGCAATCCAACTATAACAATTGTAATTAACATTATAAATACTGTAATACCATAAACACTACCAGAAGCGATCAGAAATGCACTAAAAGTATAACCATATTCACTTGGAATAAGAGTAGCGATAAAACTAAAAATAGC","Pf3D7_09_v3-82006-82236-1A.22","95G126C128T137G",304,0.0450037009622502,5
"IM-23-122-NLRL","8039832561","Maziba","Pf3D7_09_v3-82006-82236-1A","TTTATCATCTTTAGGCCATAACCAGAGTACAAGCAATCCAACTATAACAATTGTAATTAACATTATAAATACTGTAATACCATAAACACTACCAGAAGCGATCAGAAATGCACTAAAAGTATAAGAACATTCACTTGGAATAAGAGTAGCGATAAAACTAAAAATAGC","Pf3D7_09_v3-82006-82236-1A.4","95G125G137G",2078,0.307623982235381,5
"IM-23-122-NLRL","8039832561","Maziba","Pf3D7_09_v3-82006-82236-1A","TTTATCATCTTTAGGCCATAACCAGAGTACAAGCAATCCAACTATAACAATTGTAATTAACATTATAAATACTGTAATACCATAAACACTACCAGAAGCGATCAGAAATGCACTAAAAGTATTACAACATTCACTTGTAATAAGAGTAGCGATAAAACTAAAAATAGC","Pf3D7_09_v3-82006-82236-1A.2","95G123T137G138T",624,0.0923760177646188,5
"IM-23-122-NLRL","8039832561","Maziba","Pf3D7_10_v3-1386657-1386909-1A","CGATTTTGGTAGAGAACAGGTTAAATATATTGAAGACGTGGTTTGATAATCAGGTATTTCTTTAATTAAATATTCATGATATTGTTCGTTAGATACATAAATTAATTCGTCCTCCACATTTTGCTGTTCTGTTATAATTTGTGAAGAAGCTTGGTTTGTCTTATTTGGTAATTGCTCTTTTATGA","Pf3D7_10_v3-1386657-1386909-1A.3","13A",29,0.00714285714285714,2
"IM-23-122-NLRL","8039832561","Maziba","Pf3D7_10_v3-1386657-1386909-1A","CGATTTTGGTAGGGAACAGGTTAAATATATTGAAGACGTGGTTTGATAATCAGGTATTTCTTTAATTAAATATTCATGATATTGTTCGTTAGATACATAAATTAATTCGTCCTCCACATTTTGCTGTTCTGTTATAATTTGTGAAGAAGCTTGGTTTGTCTTATTTGGTAATTGCTCTTTTATGA","Pf3D7_10_v3-1386657-1386909-1A.1",".",4031,0.992857142857143,2
"IM-23-122-NLRL","8039832561","Maziba","Pf3D7_04_v3-133928-134154-1A","TTTTGAAATATCTAATTTATCCATTTGCCTTTTTATTTCATAGTCCCAACTACTTACCCAGGTATTAAAATTAATACAATCCTGTTCTGCATATTTTATGGCTTTTAAATCCCTCAATTTAGTAGCCCTATCTTCACAATAATCTTCTAATATTTTAAT","Pf3D7_04_v3-133928-134154-1A.1","21C",5685,0.993881118881119,2
"IM-23-122-NLRL","8039832561","Maziba","Pf3D7_04_v3-133928-134154-1A","TTTTGAAATATCTAATTTATTCATTTGCCTTTTTATTTCATAGTCCCAACTACTTACCCAGGTATTAAAATTAATACAATCCTGTTCTGCATATTTTATGGCTTTTAAATCCCTCAATTTAGTAGCCCTATCTTCACAATAATCTTCTAATATTTTAAT","Pf3D7_04_v3-133928-134154-1A.2",".",35,0.00611888111888112,2
"IM-23-122-NLRL","8039832561","Maziba","Pf3D7_07_v3-404325-404590-1B","GAAACACAAGAAGAAAATTCTATCATATTTAATCTTGTCTTAATTAGTGCCTTAATTGTAAGAAAACAAAATATATAAATAAATAAATATATATATATATATATATATATATATATATTGTAATATTTAATATATATTAACACTTAAACTTTGTTTTTATTATATTAATTTATATTCTTTATCATTTTTTTTTTTTTTTCCTTCTTTTTTT","Pf3D7_07_v3-404325-404590-1B.61","71+40N176+19N198+8N",4,0.0930232558139535,5
"IM-23-122-NLRL","8039832561","Maziba","Pf3D7_07_v3-404325-404590-1B","GAAACACAAGAAGAAAATTCTATCATATTTAATCTTGTCTTAATTAGTGCCTTAATTGTAAGAAAACAAAATATATAAATAAATAAATATATATATATATATATATATATATTGTAATATTTAATATATATTAACACTTAAACTTTGTTTTTATTATATTAATTTATATTCTTTATCATTTTTTTTTTTTTTTCCTTCTTTTTT","Pf3D7_07_v3-404325-404590-1B.1","71+40N176+19N198+8N",13,0.302325581395349,5
"IM-23-122-NLRL","8039832561","Maziba","Pf3D7_07_v3-404325-404590-1B","GAAACACAAGAAGAAAATTCTATCATATTTAATCTTGTCTTAATTAGTGCCTTAATTGTAAGAAAACAAAATATATAAATAAATAAATATATATATATATATATATATATATTGTAATATTTAATATATATTAACACTTAAACTTTGTTTTTATTATATTAATTTATATTCTTTATCATTTTTTTTTTTTTTTTTCCTTCTTTTTTT","Pf3D7_07_v3-404325-404590-1B.23","71+40N176+19N198+8N",24,0.558139534883721,5
"IM-23-122-NLRL","8039832561","Maziba","Pf3D7_01_v3-528859-529104-1A","TTTGATTCTTTTTAATGAAAAAGAAGCTAAAGATATGTCAGACCATATAATTTCCCAACAAAAACGTTATTGCTCTACCAATATTCATAGTAATTATAATAATAAAATATGTATATGTAAAAATAAGCGACATCATAACAAAAGAGGGAAAGGAATAAAGCATCATGACATACACCAAAAGG","Pf3D7_01_v3-528859-529104-1A.3","165A175C",6345,0.742105263157895,5
"IM-23-122-NLRL","8039832561","Maziba","Pf3D7_11_v3-1816152-1816378-1A","TTGGGTAGATATCGTTATAAGGGCTATAATGTATTGACTTCTCCGGGTTGGTTACATTATCATTACAACCAATATTATTAAGGTTCATATTATTTTTATCATTATTATTGTTGTTTTCATTTGTGTGGTTATATAATAACAATGATGTGTCGTCTATTGGATCATT","Pf3D7_11_v3-1816152-1816378-1A.3","86C90T",1742,0.291304347826087,4
"IM-23-122-NLRL","8039832561","Maziba","Pf3D7_11_v3-1816152-1816378-1A","TTGGGTAGATATCGTTATAAGGGCTATAATGTATTGACTTCTCCGGGTTTGTTACATTATCATTACAACCAATATTATTAAGGTTAATATTATTTTTATCATTATTATTGTTGTTTTCATTTGTGTGGTTATATAATAACAATGATGTGTCGTCTATTGGATCATT","Pf3D7_11_v3-1816152-1816378-1A.1","50T90T",1002,0.167558528428094,4
"IM-23-122-NLRL","8039832561","Maziba","Pf3D7_11_v3-1816152-1816378-1A","TTGGGTAGATATCGTTATAAGGGCTATAATGTATTGACTTCTCCGGGTTTGTTACATTATCATTACAACCAATATTATTAAGGTTCATATTATTTTTATCATTATTATTGTTGTTTTCATTTGTGTGGTTATATAATAACAATGATGTGTCGTCTATTGGATCATT","Pf3D7_11_v3-1816152-1816378-1A.4","50T86C90T",170,0.0284280936454849,4
"IM-23-122-NLRL","8039832561","Maziba","Pf3D7_11_v3-1902041-1902278-2","ATGAAACAAAATGTCCACCTAGATACCCTTTAAAATCAAAAGTTTTTGGAACCTTTGACCAAAAAACAGGAAAATGTAAAAGTCTCATGGACAAAGCATATGAAGTTGGAATTAATAAATTTTCAGTCTGTTTAGAATATTTATTTTTAGTATCACCTAAGGATTTATATAATAGCAGAAG","Pf3D7_11_v3-1902041-1902278-2.2","60+8N177A",217,0.0286279683377309,2
"IM-23-122-NLRL","8039832561","Maziba","Pf3D7_11_v3-1902041-1902278-2","ATGAAACAAAATGTCCACCTAGATACCCTTTAAAATCAAAAGTTTTTGGAACCTTTGACCAAAAAACAGGAAAATGTAAAAGTCTCATGGACAAAGCATATGAAGTTGGAATTAATAAATTTTCAGTCTGTTTAGAATATTTATTTTTAGTATCACCTAAGGATTTATATAATAGCGGAAG","Pf3D7_11_v3-1902041-1902278-2.1","60+8N",7363,0.971372031662269,2
"IM-23-122-NLRL","8039832561","Maziba","Pf3D7_13_v3-911757-912005-1A","GAGCCAACAATTTGATTTTCCACAACTTACTGAATCTTTAAAACATTGTGAACAGGTAGCTGACATTTTTTTATTATCTTTGGCTAGTTCCTTTTGAACACATTCCATAGTACTATCACCTGAACCTAAGTTATCAACAGAACATTTTAATAATATACTAAAAAATTTATTGCTAGGAGAAAGTTGTAAA","Pf3D7_13_v3-911757-912005-1A.4","59G65+9N159+8N",2150,0.448103376406836,4
"IM-23-122-NLRL","8039832561","Maziba","Pf3D7_13_v3-911757-912005-1A","GAGCCAACAATTTGATTTTCCACAACTTACTGAATCTTTAAAACATTGTGAACAGGTATATGACATTTTTTTATTATCTTTGGCTAGTTCCTTTTGAACACATTCCATAGTACTATCACCTGAACCTAAGTTATCAACAGAACATTTTAATAATATACTAAAAAATTTATTGCTAGGAGAAAGTTGTAAA","Pf3D7_13_v3-911757-912005-1A.5","60A65+9N159+8N",175,0.0364735306377657,4
"IM-23-122-NLRL","8039832561","Maziba","Pf3D7_13_v3-911757-912005-1A","GAGCCAACAATTTGATTTTCCACAACTTACTGAATCTTTAAAACATTGTGAACAGGTATCTGACATTTTTTTATTATCTTTGGCTAGTTCCTTTTGAACACATTCCATAGTACTATCACCTGAACCTAAGTTATCAACAGAACATTTTAATAATATACTAAAAAATTTATTGCTAGGAGAAAGTTGTAAA","Pf3D7_13_v3-911757-912005-1A.1","65+9N159+8N",1199,0.249895789912464,4
"IM-23-122-NLRL","8039832561","Maziba","Pf3D7_13_v3-911757-912005-1A","GAGCCAACAATTTGATTTTCCACAACTTACTGAATCTTTAAAACATTGTGAACAGGTATTTGACATTTTTTTATTATCTTTGGCTAGTTCCTTTTGAACACATTCCATAGTACTATCACCTGAACCTAAGTTATCAACAGAACATTTTAATAATATACTAAAAAATTTATTGCTAGGAGAAAGTTGTAAA","Pf3D7_13_v3-911757-912005-1A.3","60T65+9N159+8N",1274,0.265527303042935,4
"IM-23-122-NLRL","8039832561","Maziba","Pf3D7_13_v3-935613-935884-1A","CAAAATAATATGAATAGTAATAGTAATAGTTATAATAATTTTAATATAACAGATAGAAGTAAAGAAATAAAAAAAAATTATAAAAGAAACAAAATTTTAATAGTTATTAATAATATTAATACAAATCATATTTTATTATTAAATGAAAGTGTTATAAAAAAAAAAATACTTACATTTTATCTAGATCTTTTTTTTGATGATAATGAACAAAT","Pf3D7_13_v3-935613-935884-1A.1","68+11N155+13N187+10N",246,0.195859872611465,2
"IM-23-122-NLRL","8039832561","Maziba","Pf3D7_13_v3-935613-935884-1A","CAAAATAATATGAATAGTAATAGTAATAGTTATAATAATTTTAATATAACAGATAGAAGTAAAGAAATAAAAAAAGATTATAAAAGAAACAAAATTTTAATAGTTATTAATAATATTAATACAAATCATATTTTATTATTAAATGAAAGTGTTATAAAAAAAAAAATACTTACATTTTATCTAGATCTTTTTTTTGATGATAATGAACAAAT","Pf3D7_13_v3-935613-935884-1A.2","68+11N155+13N187+10N",1010,0.804140127388535,2
"IM-23-122-NLRL","8039832561","Maziba","Pf3D7_13_v3-958247-958510-1B","TTTATATTATCTGTAATATGCACATTTTGTATAATATTATCAATATTTGTAGCATTTTGACCGTATGTTTCATTTTCATCGTATGTTCCATTTATATTGTATGTTCCATTTTCATCGTATGTTCCATTTATATTGTATGTTCCATTTTCATCGTATGTTCCATTTATATTGTATGTTCCATTTTTATCATATGTTATGTCCACAT","Pf3D7_13_v3-958247-958510-1B.1","106C",906,0.450298210735586,2
"IM-23-122-NLRL","8039832561","Maziba","Pf3D7_13_v3-958247-958510-1B","TTTATATTATCTGTAATATGCACATTTTGTATAATATTATCAATATTTGTAGCATTTTGACCGTATGTTTCATTTTCATCGTATGTTCCATTTATATTGTATGTTCCATTTTCATCGTATGTTCCATTTATATTGTATGTTCCATTTTTATCATATGTTATGTCCACAT","Pf3D7_13_v3-958247-958510-1B.3","106D=TCATTTTCATCGTATGTTCCATTTATATTGTATGTT",1106,0.549701789264413,2
"IM-23-122-NLRL","8039832561","Maziba","Pf3D7_14_v3-1038300-1038538-1A","ATTAATGATTTATACACTTCAACTACACTTTTTAATTTAGCCCATACAACTAATAAAGCTCTACGATAAATTTCTTTTTTATTTGATTTAGAAAAAGGAGAAAACCATTGAAACTTTTGGGCTAGATATTTATGGTCTTTATCAAAAATATATTCTGAAACTTCATCTTCTAGAAGT","Pf3D7_14_v3-1038300-1038538-1A.2","50C74+8N119G",162,0.0482430017867778,3
"IM-23-122-NLRL","8039832561","Maziba","Pf3D7_14_v3-1038300-1038538-1A","ATTAATGATTTATACACTTCAACTACACTTTTTAATTTAGCCCATACAACTAATAAAGCTCTACGATAAATTTCTTTTTTATTTGATTTAGAAAAAGGAGAAAACCATTGAAACTTTTTGGCTAGATATTTATGGTCTTTATCAAAAATATATTCTGAAACTTCATCTTCTAGAAGT","Pf3D7_14_v3-1038300-1038538-1A.3","50C74+8N",92,0.0273972602739726,3
"IM-23-122-NLRL","8039832561","Maziba","Pf3D7_14_v3-1038300-1038538-1A","ATTAATGATTTATACACTTCAACTACACTTTTTAATTTAGCCCATACAATTAATAAAGCTCTACGATAAATTTCTTTTTTATTTGATTTAGAAAAAGGAGAAAACCATTGAAACTTTTTGGCTAGATATTTATGGTCTTTATCAAAAATATATTCTGAAACTTCATCTTCTAGAAGT","Pf3D7_14_v3-1038300-1038538-1A.1","74+8N",3104,0.92435973793925,3
"IM-23-122-NLRL","8039832561","Maziba","Pf3D7_14_v3-106867-107115-1A","AATGACATGAACAAGTCAGGCGAAAAAGAGGAACATGTTATAAATAGTAAATGGAAAAATAAATTTTTCCATGAAGTAATACAAAATATGTTATATGATGATAATATAAATGATCATAAGGAAGAAATTAAGGAAGATAATTCTAATGAATATAATATCAATAATAAAAATGATAATTTATATGATATA","Pf3D7_14_v3-106867-107115-1A.1","78A",1124,0.711842938568714,2
"IM-23-122-NLRL","8039832561","Maziba","Pf3D7_14_v3-3124416-3124655-1A","TAATTGATCTTCTAGAGGAATTAGATATTTTGTCTATATCGAATAAAGATGAAGTAGAAAAACGAAGAAAGGAAACAACTCAAGAGACGCGGTTGTTAGGAAATATTGATTTAGGATATGGAAAATTAGGAGAGGGAATAAAGCATGAAAATTTACAGGAAGAATTAGGAAACACATTATTTG","Pf3D7_14_v3-3124416-3124655-1A.16","175C",16,0.0032441200324412,8
"IM-23-122-NLRL","8039832561","Maziba","Pf3D7_04_v3-109939-110184-1A","CAACATCTGAATTATATAAATCTTTAGAAAAACAACTAATATCCTTACTACATATATTTATTTTTATACCAAGAATAACAGCCATATAAACCAAAACTCTCTCAAATACATGTGATACAGGTAAATAAGAAAAATGGGTTTTCGGTTTCATGTTTTTTATTACATTATGATCACATAATGGTGCTACT","Pf3D7_04_v3-109939-110184-1A.4","50A51C152+8N",1,0.000339789330615019,5
"IM-23-122-NLRL","8039832561","Maziba","Pf3D7_13_v3-2770591-2770863-2","ACACATCGATTTTATCAAAAGGAAATATTCCAAGAAATATTTTTAAAAAAAAATAGTGAGTTAGATGATCACGTATGGAATATAGAAAGTATTACTACGAATATATTAGAGAGGAATAAATTAAGTGATCAAAATAATGAAGATAACCATGATGTTAATAATAATAATGAAGACCCATCTGGGGGTAATTTAAAAACCAATCTAAT","Pf3D7_13_v3-2770591-2770863-2.1","44+11N156+13N",4536,1,1
"IM-23-122-NLRL","8039832561","Maziba","Pf3D7_13_v3-2770621-2770854-1B","ATTCCAAGAAATATTTTTAAAAAAAAATAGTGAGTTAGATGATCACGTATGGAATATAGAAAGTATTACTACGAATATATTAGAGAGGAATAAATTAAGTGATCAAAATAATGAAGATAACCATGATGTTAATAATAATAATGAAGACCCATCTGGGGGTAATTTAAAAAC","Pf3D7_13_v3-2770621-2770854-1B.1","18+11N130+13N",1589,1,1
"IM-23-122-NLRL","8039832561","Maziba","Pf3D7_11_v3-1293919-1294168-1A","TCCATATCAAAAAAGTGATGTGTATCGTCCAATCAACGAACATAGGGAACATCCAAAAGAATACGAATATCCATTACACCAGGAACATACATACCAACAAGAAGATTCAGGAGAAGACGAAAATACATTACAACACGCATATCCAATAGACCACGAAGGTGCCGAACCCGCACCACAAGAACAAAATTTAT","Pf3D7_11_v3-1293919-1294168-1A.27","13A",1391,0.309248554913295,7
"IM-23-122-NLRL","8039832561","Maziba","Pf3D7_09_v3-595828-596094-1A","ATAATTTTTTCATCGTTCTTATACATGAATGATAAAGTCTTTTTGCAAAATTTTTTGAAGAGATCAGATTTGAGATAAAGACGTTTGGCTAATTTATACGAGAATTCTAGAGCATCTAATTTTATATTTAAACATTTTTTCGTATCCAATATATTATAATTTTGTTCATAAGTCTGTTCGTTTATATTATTTAATACTTTT","Pf3D7_09_v3-595828-596094-1A.8","4+8N27G50+8N108T134+8N180G",3,0.00209937018894332,6
"IM-23-122-NLRL","8039832561","Maziba","Pf3D7_09_v3-595828-596094-1A","ATAATTTTTTCATCGTTCTTATACATTAATGATAAAGTCTTTTTGCAAAATTTTTTGAAGAGATCAGATTTGAGATAAAGACGTTTGGCTAATCTATAGGAGAATTCTAGAGCATCTAATTTTATATTTAAACATTTTTTCGTATCCAATATATTATAATTTTGTTCATAAGTCTGTTCGTTTATATTATTTAATACTTTT","Pf3D7_09_v3-595828-596094-1A.2","4+8N50+8N94C99G108T134+8N180G",203,0.142057382785164,6
"IM-23-122-NLRL","8039832561","Maziba","Pf3D7_09_v3-595828-596094-1A","ATAATTTTTTCATCGTTCTTATACATTAATGATAAAGTCTTTTTGCAAAATTTTTTGAAGAGATCAGATTTGAGATAAAGACGTTTGGCTAATTTATACGAGAATTCGAGAGCATCTAATTTTATATTTAAACATTTTTTCGTATCCAATATATTATAATTTTGTTCATAAGTCTGTTCATTTATATTATTTAATACTTTT","Pf3D7_09_v3-595828-596094-1A.1","4+8N50+8N134+8N",889,0.622113365990203,6
"IM-23-122-NLRL","8039832561","Maziba","Pf3D7_09_v3-595828-596094-1A","ATAATTTTTTCATCGTTCTTATACATTAATGATAAAGTCTTTTTGCAAAATTTTTTGAAGAGATCAGATTTGAGATAAAGACGTTTGGCTAATTTATACGAGAATTCGAGAGCATCTAATTTTATATTTAAACATTTTTTCGTATCCAATATATTATAATTTTGTTCATAAGTCTGTTCGTTTATATTATTTAATACTTTT","Pf3D7_09_v3-595828-596094-1A.3","4+8N50+8N134+8N180G",236,0.165150454863541,6
"IM-23-122-NLRL","8039832561","Maziba","Pf3D7_05_v3-1188456-1188706-1A","CGAAATTTAAATCAATAGCGGTTACGTTCATAATTTTGCCTTCAAAACTAACTTCTGTATGATATATAAATTTATTTTCCTTTACACTAAATACATATATAAAAATGGTACTTAATAATTTATCTTTATCATATTTAAATAATATTAAATCTGTTTTTACATCTGAGTTATAATCACCGAAAT","Pf3D7_05_v3-1188456-1188706-1A.3","2G170A",2,0.000318826717678941,9
"IM-23-122-NLRL","8039832561","Maziba","Pf3D7_04_v3-1113397-1113639-1A","GATTCTGCATGCAGTAATGAATCTATTGAAATCATCTAAGAATAAACTTTTTTGTTTAAACCATTTATTGAACATTTCACTTAAATGTGATTCAATTTTTTTTTCTGAGCTTTCCATAATTTGATTACAACTATTCAATTTGTTTGTATAAGTTTTAGGTGTTATTATTCTTTTACGTTTTAAATCATC","Pf3D7_04_v3-1113397-1113639-1A.6","47+8N95+11N161G",3,0.000665926748057714,5
"IM-23-122-NLRL","8039832561","Maziba","Pf3D7_04_v3-1113397-1113639-1A","GATTCTGCATGCAGTAATGAATCTATTGAAATCATCTAAGAATAAACTTTTTTGTTTAAACCATTTATTGAACATTTCACTTAAATGTGATTCAATTTTTTTTTCTGAGCTTTCCATAATTTGATTACATCTATTCAATTTGTTTGTATAAGTTTTAGGTGTTATTATTCTTTTACGTTTTAAATCATC","Pf3D7_04_v3-1113397-1113639-1A.1","47+8N95+11N130T161G",1662,0.368923418423973,5
"IM-23-122-NLRL","8039832561","Maziba","Pf3D7_05_v3-1322099-1322341-1A","TTCCAATAGAAACTAGATTACGATTTTCTTCATGAGGTAAATTGACATTCATCTTATATGTATAATTAAGGATGAGTAATAAATTGTATAGAAATATTTTTATTTAATAATTTATATGTATTATTAATAATTCTGAATTTATCAATTGATATATTATTTTTGTTTTTCTTTATGCCATTC","Pf3D7_05_v3-1322099-1322341-1A.2","16G27T91G",476,0.411764705882353,4
"IM-23-122-NLRL","8039832561","Maziba","Pf3D7_05_v3-1322099-1322341-1A","TTCCAATAGAAACTATATTACGATTTCCTTCATGAGGTAAATTGACATTCATCTTATATGTATAATTAAGGATGAGTAATAAATTGTATAAAAATATTTTTATTTAATAATTTATATGTATTATTAATAATTCTGAATTTATCAATTGATATATTATTTTTGTTTTTCTTTATGCCATTC","Pf3D7_05_v3-1322099-1322341-1A.1",".",5,0.00432525951557093,4
"IM-23-122-NLRL","8039832561","Maziba","Pf3D7_05_v3-1322099-1322341-1A","TTCCAATAGAAACTATATTACGATTTTCTTCATGAGGTAAATTGACATTCATCTTATATGTATAATTAAGGATGAGTAATAAATTGTATAGAAATATTTTTATTTAATAATTTATATGTATTATTAATAATTCTGAATTTATCAATTGATATATTATTTTTGTTTTTCTTTATGCCATTC","Pf3D7_05_v3-1322099-1322341-1A.7","27T91G",194,0.167820069204152,4
"IM-23-122-NLRL","8039832561","Maziba","Pf3D7_05_v3-1322099-1322341-1A","TTCCAATAGAAACTATATTACGATTTTCTTCATGAGGTAAATTGACATTCATCTTATATGTATAATTAAGGATGAGTAATAAATTGTATAGAAATATTTTTATTTAATAATTTATATGTATTATTAATAATTCTGAATTTATCAATTGATATATTATTTTTTTTTTTCTTTATGCCATTC","Pf3D7_05_v3-1322099-1322341-1A.5","27T91G162T",481,0.416089965397924,4
"IM-23-122-NLRL","8039832561","Maziba","Pf3D7_05_v3-213027-213251-1A","ATGTACTTATCCCCTGATATGATTCCTCCAATATCATCAAAATCAGTAATCTCTAAATCATTTATATGATTTATATGTATAAATTCTTTTATCTTGTTCAAATAATTTCTGTAATAAAATATATTCTCTTTATCATCATCAATTATTTTCATATAATC","Pf3D7_05_v3-213027-213251-1A.2",".",5472,0.748973446482343,2
"IM-23-122-NLRL","8039832561","Maziba","Pf3D7_13_v3-479569-479811-1A","CTAGAGACGAATTTGATGATAAAAGAAAATTAAAAGAAGAGAAAATTAAACAATGCCAACTATTAAATGAAAAACAACTAGAAGAAAAAGAAAAAGAAAAAAGAATTCTGAGAGAAAAAGCTGTTGAATATACCATACAAAATGAAGAAGAATATAAACAACTAAAAGGAAAATT","Pf3D7_13_v3-479569-479811-1A.6","96+8N135A168G",2568,0.583901773533424,3
"IM-23-122-NLRL","8039832561","Maziba","Pf3D7_01_v3-181512-181761-1A","TTCATTATTGTTTTCATTCTTTTTTTAACTAAAACTATTCATCTCAAAAATATAAGATATTTTATATGACGAATGCCATTGTATTTTTTGTTACGTAAAACCTGACTTCTTCAGGGAAAACACATGCGCATTTTCACCAATTTTTGCCTAAGCTTATTATAAAAAGTATATTAAATGTATGAC","Pf3D7_01_v3-181512-181761-1A.4","19+9N30T83+8N114G",1,0.000204498977505112,4
"IM-23-122-NLRL","8039832561","Maziba","Pf3D7_01_v3-194742-194973-1B","TACCTATAAAAATGAAAAAAATAAAGAAGAAGATAAATATGGAAAAAATGAAAAAAACGAAAAATATGACAAATATGAAAAATATGAAAAATATGATAAATACAAAAAAGATAATAAAAATCAACATGATGATCCACTTTATGATAATATTAATAAAAATTACGATAA","Pf3D7_01_v3-194742-194973-1B.4","14+9N42+17N79D=CAAATATGA112+8N",528,0.171986970684039,3
"IM-23-122-NLRL","8039832561","Maziba","Pf3D7_11_v3-1374917-1375148-1A","TTTTTAAATGAAAATCTCCAAAGCTTCTGGTTGGTTGTAATCTACCTTTAACATAACAATTATCATAATGATGTGATAAGAGATGAAAAGGTGTTTTACATAATTTATATGTATTATTATTATTAACAGTTTTATAATCTCGAGTACATATTTTACATACTAATATA","Pf3D7_11_v3-1374917-1375148-1A.4","106T112+14N",3253,0.633002529675034,2
"IM-23-122-NLRL","8039832561","Maziba","Pf3D7_11_v3-1375807-1376056-1A","TCGTTATGTACCCTAATAAAATTTTTTCCATTATTTGAATCTATATTATTTACATTAGTATTTTGAGTTGTACCATAAATTTCAGTGTTATTATTATTTCTATTCATATAATTATGTCCGCTTATATAATTATGACCATTAAAAAAACGTCTTCCATGTATATCATCTCTTCTAATGTATTTA","Pf3D7_11_v3-1375807-1376056-1A.5","20+10N140+9N",251,0.186755952380952,3
"IM-23-122-NLRL","8039832561","Maziba","Pf3D7_04_v3-141741-141990-1A","TGAATACCATATAGCCCTTTCAAATTATATAAAGACAGAACTAAGAAATATAAACCTGCAAGAAATAAAAAACAATATAATAAAAATATTTAAAGAATTCAAATCTGCACACAAAGAAATTAAAAAAGAATCAAAACAAATTAATAAAGAATTTACCAAAATGGATGTCGTCATAAATCAATTAAGAGATATAG","Pf3D7_04_v3-141741-141990-1A.3","66+8N121+8N134A",3,0.000971188086759469,4
"IM-23-122-NLRL","8039832561","Maziba","Pf3D7_04_v3-141741-141990-1A","TGAATACCATATAGCCCTTTCAAATTATATAAAGACAGAACTAAGAAATATAAACCTGCAAGAAATAAAAAACAATATAATAAAAATATTTAAAGAATTCAAATCTGCACACAAAGAAATTAAAAAAGAATCAGAACAAATTAATAAAGAATTTACCAAAATGGATGTCGTCATAAATCAATTAAGAGATATAG","Pf3D7_04_v3-141741-141990-1A.1","66+8N121+8N",2454,0.794431854969246,4
"IM-23-122-NLRL","8039832561","Maziba","Pf3D7_07_v3-405517-405773-2","TTTTCTACCATGACATATACTATTGTTAGTTGTATACAAGGTCCAGCAATAGCAATTGCTTATTACTTTAAATTCTTAGCCGTAAGAATTAAAAAGATATAAATATATAAATATATATGTGAAATATATGATATATATGATATATATTTTTTATATGTAATGTTTTTTTTTTTTTTCACAATATACATTTAA","Pf3D7_07_v3-405517-405773-2.2","97+57N162+16N",1403,1,1
"IM-23-122-NLRL","8039832561","Maziba","Pf3D7_07_v3-405570-405844-1B","ATAGCAATTGCTTATTACTTTAAATTCTTAGCCGTAAGAATTAAAAAGATATAAATATATAAATATATATGTGAAATATATGATATATATGATATATATTTTTTATATGTAATGTTTTTTTTTTTTTCACAATATACATTTAAATGTTTATGATGGTACAACGTATCATATTTTATAATAATTTTATGCATTCATGTATATTATTTTTACTTTTT","Pf3D7_07_v3-405570-405844-1B.4","49+57N114+16N",382,0.743190661478599,2
"IM-23-122-NLRL","8039832561","Maziba","Pf3D7_07_v3-405570-405844-1B","ATAGCAATTGCTTATTACTTTAAATTCTTAGCCGTAAGAATTAAAAAGATATAAATATATAAATATATATGTGAAATATATGATATATATGATATATATTTTTTATATGTAATGTTTTTTTTTTTTTTCACAATATACATTTAAATGTTTATGATGGTACAACGTATCATATTTTATAATAATTTTATGCATTCATGTATATTATTTTTACTTTTT","Pf3D7_07_v3-405570-405844-1B.2","49+57N114+16N",132,0.256809338521401,2
"IM-23-122-NLRL","8039832561","Maziba","Pf3D7_06_v3-1282656-1282930-1A","AAAATATGGAAGAAATATGATAAAGAAAACAATAAATATATATTGTCTCATTTTATTCCTCAATTTATTGAAGACTTAAATTTGAAGGATGAATTCCGAAATTTATTTGATGGATTTGTAAATGATTTGGATATTCTATTATATTCAGAATTTAAAGCATTTTATTTACAAATGAAGCAAAAAGATATAAATGAACTGAAAAATTCTGA","Pf3D7_06_v3-1282656-1282930-1A.1","3A60T",1043,0.817398119122257,2
"IM-23-122-NLRL","8039832561","Maziba","Pf3D7_07_v3-475313-475545-1A","AGCTTTATTATCTACAAAAAATCCACGTGGATATATGAAACAAATGAAATTGTATTTTATATTCCAAATTAAAGAAATTGCATTAAGAAAACATGGCTCTTTACTTACAGTCAAAAATTTATATAATAATAAACTTTTAAATATAAATTCATCATCTTCTACAAATA","Pf3D7_07_v3-475313-475545-1A.1","15+8N",1988,0.466338259441708,2
"IM-23-122-NLRL","8039832561","Maziba","Pf3D7_03_v3-891553-891827-1A","CAAGAGCTAAGAAAACATATAGAATCATCATAAGGATGTTGATAATATAAATGTGTTTTTATTTGTGTATTTATGTCAGAATATTGTTCCTTCGATTTATCTTTAAAATAATCAAGATTATTTATGTTGGTGGCTTTATTATTATTAAAATAATTTTGATTTGTTACATGATGACTATGGGTATATTTGTATTTTACGTTTTTATTA","Pf3D7_03_v3-891553-891827-1A.1","93C116G178T",282,0.265536723163842,3
"IM-23-122-NLRL","8039832561","Maziba","Pf3D7_03_v3-891553-891827-1A","CAAGAGCTAAGAAAACATATAGAATCATCATAAGGATGTTGATAATATAAATGTGTTTTTATTTGTGTATTTATGTCAGAATATTGTTCCTTTGATTTATCTTTAAAATAATCAATATTATTTATGTTGGTGGCTTTATTATTATTAAAATAATTTTGATTTGTTACATGATGACTATGGGTATATTTGTATTTTACGTTTTTATTA","Pf3D7_03_v3-891553-891827-1A.5","178T",9,0.00847457627118644,3
"IM-23-122-NLRL","8039832561","Maziba","Pf3D7_03_v3-891553-891827-1A","CAAGAGCTAAGAAAACATATAGAATTATCATAAGGATGTTGATAATATAAATGTGTTTTTATTTGTGTATTTATGTCAGAATATTGTTCCTTCGATTTATCTTTAAAATAATCAAGATTATTTATGTTGGTGGCTTTATTATTATTAAAATAATTTTGATTTGTTACATGATGACTATGGGTATATTTGTATTTTACGTTTTTATTA","Pf3D7_03_v3-891553-891827-1A.3","26T93C116G178T",771,0.725988700564972,3
"IM-23-122-NLRL","8039832561","Maziba","Pf3D7_09_v3-164045-164311-1A","ATCAACTGGTGTTGCAAAACCATTAGTTACCAATTTTAATTCTCCATTTAGTGCTTTTGGTAAAACAAATACCAGTGATATATTTAAAACTAATACTACTGCATCAACTACAAATGCAACTGCAACTGCAACTCCTGCTCCCTTTGGATCAGCATTTGGAGCGCAAAAGAATAATGATAGCTTGTTTGGAAATAATGCATTCAAGCTTTCG","Pf3D7_09_v3-164045-164311-1A.1",".",1712,0.526121696373694,2
"IM-23-122-NLRL","8039832561","Maziba","Pf3D7_09_v3-202854-203106-1A","AATATACAAAGAATGCATATGATAAAATATTCTTTGTCCTTTAAAATTTTTTGTTCTTGTACTTTGTTTTTTATAATCTATTAAATTCATATCTGATAAAATATCATATTTATATTCCCCTTTATGAGCATTTACAAAAGTTTCGCTATTTCTTTTATTAATATATGTATTTGAGCACATATTTTTAT","Pf3D7_09_v3-202854-203106-1A.53","16C46+8N66+8N98A183T",96,0.0300657688694018,5
"IM-23-122-NLRL","8039832561","Maziba","Pf3D7_09_v3-202854-203106-1A","AATATACAAAGAATGCATATGATAAAATATTCTTTGTCCTTTAAAATTTTTTGTTCTTGTACTTTGTTTTTTATAATCTATTAAATTCATATCTGATGAAATATCATATTTATATTCCCCTTTATGAGCATTTACAAAAGTTTCGCTATTTCTTTTATTAATATATGTATTTGAGCACATATTTTTAT","Pf3D7_09_v3-202854-203106-1A.1","16C46+8N66+8N183T",1541,0.482618227372377,5
"IM-23-122-NLRL","8039832561","Maziba","Pf3D7_09_v3-202854-203106-1A","AATATACAAAGAATGCATATGATAAAATATTCTTTGTCCTTTAAAATTTTTTGTTCTTGTACTTTGTTTTTTATAATCTATTAAATTCATATCTGATGAAATATCATATTTATATTCCCCTTTATGAGCATTTACAAAAGTTTCGTTATTTCTTTTATTAATATATGTATTTGAGCACATATATTTAT","Pf3D7_09_v3-202854-203106-1A.7","16C46+8N66+8N146T",9,0.00281866583150642,5
"IM-23-122-NLRL","8039832561","Maziba","Pf3D7_14_v3-298368-298636-1B","ACGATTTAATGTGGCAAGTTGATTTAGATGTACATTTTGGTAATGTATCTTCCAAAAAAGCAAACGTTATTTTAGATAGTGCCACCAGTGTCATAACTGTACCAACAGAATTTTTTAATCAATTCGTAGAATCTGCAAGTGTTTTCAAAGTTCCATTCTTATCTTTGTATGTAACCACTTGTGGTAACACGAAATTACCAA","Pf3D7_14_v3-298368-298636-1B.1","53+8N110+8N",1833,1,1
"IM-23-122-NLRL","8039832561","Maziba","Pf3D7_14_v3-3124416-3124655-1A","TAATTGATCTTCTAGAGGAATTAGATATTTTGTCTATATCGAATAAAGATGAAGTAGAAAAACGAAGAAAGAAAACAACTCAAGAGACGCGGTTGTTAGGAAATATTGATTTAGGATATGGAAAATTAGGAGAGGGAATAAAGCATGAAAATTTACAGGAAGAATTAGGAAAAAGATTATTTG","Pf3D7_14_v3-3124416-3124655-1A.30","72A173A",8,0.0016220600162206,8
"IM-23-122-NLRL","8039832561","Maziba","Pf3D7_14_v3-3124416-3124655-1A","TAATTGATCTTCTAGAGGAATTAGATATTTTGTCTATATCGAATAAAGATGAAGTAGAAAAACGAAGAAAGAAAACAACTCAAGAGACGCGGTTGTTAGGAAATATTGATTTAGGATATGGAAAATTAGGAGAGGGAATAAAGCATGAAAATTTACAGGAAGAATTAGGAAACACATTATTTG","Pf3D7_14_v3-3124416-3124655-1A.24","72A175C",646,0.130981346309813,8
"IM-23-122-NLRL","8039832561","Maziba","Pf3D7_14_v3-3124416-3124655-1A","TAATTGATCTTCTAGAGGAATTAGATATTTTGTCTATATCGAATAAAGATGAAGTAGAAAAACGAAGAAAGAAAACAACTCAAGAGACGCGGTTGTTAGGAAATATTGATTTAGGATATGGAAAATTAGGAGAGGGAATAAAGCATGAAAATTTACAGGAAGAATTAGGAAACAGATTATTTG","Pf3D7_14_v3-3124416-3124655-1A.5","72A",1571,0.31853203568532,8
"IM-23-122-NLRL","8039832561","Maziba","Pf3D7_13_v3-2545065-2545291-1A","ATGATTCCTCAAAAGTTTAACATTCCACATAGTATCTGTTAAATTGATAGTTTGCAAACAATTATACGTTTGGTTATTTTTATTTTTAAAAAAGGATATATGATCATCTAAAGATTTATTTTTGAGAAAGATTTCCATATATTCATATATATCTTGGATACACCA","Pf3D7_13_v3-2545065-2545291-1A.20","87+8N157G",2348,0.546936873980899,4
"IM-23-122-NLRL","8039832561","Maziba","Pf3D7_13_v3-2545065-2545291-1A","ATGATTCCTCAAAAGTTTAACATTCCACATAGTATCTGTTAAATTGATAGTTTGCAAACAATTATACGTTTGGTTATTTTTATTTTTAAAAAAGGATATATGATCATCTAAAGATTTATTTTTGAGAAAGATTTCCATATATTCATATATATCTTGTATACACCA","Pf3D7_13_v3-2545065-2545291-1A.3","87+8N157T",414,0.0964360587002096,4
"IM-23-122-NLRL","8039832561","Maziba","Pf3D7_09_v3-270915-271160-1A","CTTTGTATGTATTATCTGTTGTTTTATCTTCACCTTGATTTCCTGTACTTGTAGATTCAGTAGATGGACCTTCAGAACCTGCTAATTCATCACTAGTAGATGCAGCACTTGTACTTTTAGATTGTTCTTTTAATGGTCCCATATATTTGTATAATTCTATTTCTAAATCTTGATCCTTGGTTTTTTCTTCTAA","Pf3D7_09_v3-270915-271160-1A.1","82C85A180+8N",4191,0.926392572944297,2
"IM-23-122-NLRL","8039832561","Maziba","Pf3D7_09_v3-516735-517007-1A","ATAGAAGGATATATAAAAAATTATCAAGAATCATATAATATAAATGACCATTGTAAATTAGTTCCATTAAATTTTTATAAAGATTCTATTTCTAATGATTTAGGTACTCCATGCCCTGTGAATAGTATTACCTTAAATGTGGGCGCAAAAACTATAAATGAATGTTTGTGTAATAAAGGATATTTCTATAATGTCAAGAAACAACAATGTGA","Pf3D7_09_v3-516735-517007-1A.1","14+8N",850,1,1
"IM-23-122-NLRL","8039832561","Maziba","Pf3D7_13_v3-1465616-1465890-1A","TCTTGTGGATTATTATCTATTATATTTTCTTCTGGTTTTTGGACAGAAGAATTATCTCCTCTTGGTCTAGGTTGATCATCTTCGGGGTCATCTGGAACATCTAATGGTTCCCATTTTGGAGGACATCTTTCTTCTTCACATTGTTCTTGTGTTTCACTTGTACATCCTTCGTGTAAGATTTCTCTTTTTCTTGACCTGGTACCTTTACCACAAGTTACACTACATGGAGA","Pf3D7_13_v3-1465616-1465890-1A.2","30T32C41G47A49G87G113A121G151G152T",92,0.0289672544080605,5
"IM-23-122-NLRL","8039832561","Maziba","Pf3D7_13_v3-2780346-2780575-1B","GTTGGATAGAATGCCCGACTACGGATCGGGAGGTCGTGGGTTCGACTCCTGCCCGGCCTAATTTTTTTCGTTTTCCTTTTTAAAGTAAAAAAGGATAATATTTTTAAAAAACATTTAGTATATATATTTTTTTTAAATAATAAATCTATTATATTATTAAATATTATGAGAAGA","Pf3D7_13_v3-2780346-2780575-1B.2","61+9N76C86+8N105+8N126+10N",289,0.103251161128975,2
"IM-23-122-NLRL","8039832561","Maziba","Pf3D7_13_v3-2780346-2780575-1B","GTTGGATAGAATGCCCGACTACGGATCGGGAGGTCGTGGGTTCGACTCCTGCCCGGCCTAATTTTTTTCGTTTTCGTTTTTAAAGTAAAAAAGGATAATATTTTTAAAAAACATTTAGTATATATATTTTTTTTAAATAATAAATCTATTATATTATTAAATATTATGAGAAGA","Pf3D7_13_v3-2780346-2780575-1B.1","61+9N86+8N105+8N126+10N",2510,0.896748838871025,2
"IM-23-122-NLRL","8039832561","Maziba","Pf3D7_13_v3-2814583-2814832-2","TCAGTCTTCTAATTCTAGCGATAATGATCCTGCAGTAGTAAGTGGTAGAGAATCTAAAGATGTAAATCTTCATACTTCTGAAAGGATTAAAGAAAATGAAGAAGGTGTGATTAAAACAGATGAAAGTTCAAAAAGTATTGAAATTTCTAAAATACCATCTGACCAAAATAATCATAGTGATTTATCACAG","Pf3D7_13_v3-2814583-2814832-2.2",".",4598,0.984793317626901,2
"IM-23-122-NLRL","8039832561","Maziba","Pf3D7_05_v3-1188456-1188706-1A","CGAAATTTAAATCAATAGCGGTTACGTTCATAATTTTGCCTTCAAAACTAACTTCTATATGATATATAAATTTATTTTCCTTTACACTAAATACATATATAAAAATGGTACTTAATAATTTATCTTTATCATATTTAAATAATATTAAATCTGTTTTTACATCTGAGTTGTAATCACCGAAAT","Pf3D7_05_v3-1188456-1188706-1A.29","2G57A",178,0.0283755778734258,9
"IM-23-122-NLRL","8039832561","Maziba","Pf3D7_04_v3-109939-110184-1A","CAACATCTGAATTATATAAATCTTTAGAAAAACAACTAATATCCTTACTCGATATATTTATTTTTATACCAAGAATAACAGCCATATAAACCAAAACTCTCTCAAATGCATGTGATACAGGTAAATAAGAAAAATGGGTTTTCGGTTTCATGTTTTTTATTACATTATGATCACATAATGGTGCTACT","Pf3D7_04_v3-109939-110184-1A.6","108G152+8N",683,0.232076112810058,5
"IM-23-122-NLRL","8039832561","Maziba","Pf3D7_11_v3-1294664-1294910-1A","AAAAGATAAATCATTTCAAAACTATACATATTTAAGTAAAAATGTAGTTGATAACTGGGAAAAAGTTTGCCCTAGAAAGAATTTAGAGAATGCAAAATTCGGATTATGGGTCGATGGAAATTGTGAAGATATACCACATGTAAATGAATTTTCAGCAAATGATCTTTTTGAATGTAATAAATTAGTTTTTGAATTG","Pf3D7_11_v3-1294664-1294910-1A.10","9A40A86G152T159A",1089,0.14231573444851,4
"IM-23-122-NLRL","8039832561","Maziba","Pf3D7_13_v3-2814606-2814855-1B","TAGCGATAATGATCCTGCAGTAGTAAGTGGTAGAGAATCTAAAGATGTAAATCTTCATACTTCTGAAAGGATTAAAGAAAATGAAGAAGGTGTGATTAAAACAGATGATAGTTCAAAAAGTATTGAAATTTCTAAAATACCATCTGACCAAAATAATCATAGTGATTTATCACAGAATGCAAATGAGGACTCTA","Pf3D7_13_v3-2814606-2814855-1B.1","109T",30,0.00909918107370337,3
"IM-23-122-NLRL","8039832561","Maziba","Pf3D7_04_v3-1113397-1113639-1A","GATTCTGCATGCAGTAATGAATCTATTGAAATCATCTAAGAATAAATTTTTTTGTTTAAACCATTTATTGAACATTTCACTTAAATGTGATTCAATTTTTTTTTCTGAGCTTTCCATAATTTGATTACAACTATTCAATTTGTTTGTATAAGTTTTAGGTCTTATTATTCTTTTACGTTTTAAATCATC","Pf3D7_04_v3-1113397-1113639-1A.12","47+8N95+11N",15,0.00332963374028857,5
"IM-23-122-NLRL","8039832561","Maziba","Pf3D7_04_v3-1113397-1113639-1A","GATTCTGCATGCAGTAATGAATCTATTGAAATCATCTAAGAATAAATTTTTTTGTTTAAACCATTTATTGAACATTTCACTTAAATGTGATTCAATTTTTTTTTCTGAGCTTTCCATAATTTGATTACAACTATTCAATTTGTTTGTATAAGTTTTAGGTGTTATTATTCTTTTACGTTTTAAATCATC","Pf3D7_04_v3-1113397-1113639-1A.10","47+8N95+11N161G",2466,0.547391786903441,5
"IM-23-122-NLRL","8039832561","Maziba","Pf3D7_04_v3-115455-115684-1A","TATTAATGTCATTTTGTTTTTCTTTATTATTATTATTTTTATTTTTTCCCTGGTTATCTTCCTTATTACCTAGCTTTTTTTTGTTGTCATTATTTTCTGTCTGATTATTATTTTTGACTCTGTTCATCTTTGAATTATCCGTTCTGTTTGTATGTCTCAAGCAAGGT","Pf3D7_04_v3-115455-115684-1A.2","24+25N74+10N120C",89,0.0103272220932931,7
"IM-23-122-NLRL","8039832561","Maziba","Pf3D7_04_v3-115455-115684-1A","TATTAATGTCATTTTGTTTTTCTTTATTATTATTATTTTTATTTTTTCCCTGGTTATCTTCCTTATTACCTAGCTTTTTTTTGTTGTCATTATTTTCTGTCTGATTATTATTTTTGACTTTGTTCATCCTTGAATTATCCGTTCTGTTTGTATGTCTCAAGCAAGGT","Pf3D7_04_v3-115455-115684-1A.7","24+25N74+10N129C",286,0.0331863541424925,7
"IM-23-122-NLRL","8039832561","Maziba","Pf3D7_04_v3-115455-115684-1A","TATTAATGTCATTTTGTTTTTCTTTATTATTATTATTTTTATTTTTTCCCTGGTTATCTTCCTTATTACCTAGCTTTTTTTTGTTGTCATTATTTTCTGTCTGATTATTATTTTTGACTTTGTTCATCTTTGAATTATCCGTTCTGTTTGTATGTCTCAAGCAAGGT","Pf3D7_04_v3-115455-115684-1A.1","24+25N74+10N",3955,0.458923184033418,7
"IM-23-122-NLRL","8039832561","Maziba","Pf3D7_04_v3-115455-115684-1A","TATTAATGTCATTTTGTTTTTCTTTATTATTATTATTTTTATTTTTTCCCTGGTTATCTTCCTTATTACCTAGCTTTTTTTTGTTGTCATTATTTTCTGTCTGATTATTATTTTTGACTTTGTTCATCTTTGAATTATTCGTTCTGTTTGTATGTCTCAAGCAAGGT","Pf3D7_04_v3-115455-115684-1A.5","24+25N74+10N139T",16,0.00185657925272685,7
"IM-23-122-NLRL","8039832561","Maziba","Pf3D7_13_v3-156713-156986-1A","TCCTTTTATGTGAACAAATTAAATATTGTAAATGATTTCTTTTTTGAAACACACCATAAAGATACACCTCAAGACAGTCAAAATGAACACAAAACGGATGAACCTAAAATACATAATGTTTTCAAAAAAAAAAATAACGATATCTTTGTTAATATTCCTCTACCAAAAATATTTAAAAATTTCTTACATTCCATATATTTTAGAACTCC","Pf3D7_13_v3-156713-156986-1A.3","39+8N50C68C123+13N",16,0.0133667502088555,3
"IM-23-122-NLRL","8039832561","Maziba","Pf3D7_13_v3-156713-156986-1A","TCCTTTTATGTGAACAAATTAAATATTGTAAATGATTTCTTTTTTGGAACACACCATAAAGATACACCTCAAGACAGTCAAAATGAACACAAAACGGATGAACCTAAAATACATAATGTTTTCAAAAAAAAAAATAACGATATCTTTGTTAATATTCCTCTACCAAAAATATTTAAAAATTTCTTACATTCCATATATTTTAGAACTCC","Pf3D7_13_v3-156713-156986-1A.1","39+8N47G50C68C123+13N",484,0.404344193817878,3
"IM-23-122-NLRL","8039832561","Maziba","Pf3D7_13_v3-1724895-1725166-1B","CGCCATTTTCTCCTCCTGTAATTATATAAGAATCTGACAATGTGGCAGCTCCAAAATTCATTTTTTTCTCTGGTACACCATTTAGAAATTGCCATCTTTTATTAAATGGTTGATATTGTTCAACGGAATCTAATATGTTATGTTCATTATCAATACCTCCAACAACATATATTTGATTAAGGTAATTAAAAGCTGCTCCTGAACTTCTAG","Pf3D7_13_v3-1724895-1725166-1B.1","60+9N",1223,1,1
"IM-23-122-NLRL","8039832561","Maziba","Pf3D7_04_v3-140317-140548-1A","TCGGGACAATATTATAAGGATTTTATCACATCAAGGAAAAATATTTATAATATAAGGGAAAATATATCCAAAAATGTAGATATGATAAAAAATGAAGAAAAGAAGAAAATACAGAATTGTGTAGATAAATATAATTCTATAAAACAATATGTAAAAATGCTTAAA","Pf3D7_04_v3-140317-140548-1A.1","86+8N",801,0.127649402390438,2
"IM-23-122-NLRL","8039832561","Maziba","Pf3D7_11_v3-1375807-1376056-1A","TCGTTATGTACCCTAATAAATTTTTTTTCATTATTTGAATCTATATTATTTACATTAGTATTTTGAGTTGTACCATAAATTTCAGTGTTATTATTATTTCTATTCATATAATTATGTCCGCTTATATAATTATGACCATTAAAAAAACGTCTTCCATGTATATCATCTCTTCTAATGTATTTA","Pf3D7_11_v3-1375807-1376056-1A.1","20+10N140+9N",593,0.441220238095238,3
"IM-23-122-NLRL","8039832561","Maziba","Pf3D7_11_v3-1375807-1376056-1A","TCGTTATGTACCCTAATAAATTTTTTTTCATTATTTGAATCTATATTATTTACATTAGTATTTTGAGTTGTACCATAAATTTCAGTGTTATTATTATTTCTATTCATATAATTATGTCCGCTTATATAATTATGACCATTAAAAAAATGTCTTCCATGTATATCATCTCTTCTAATGTATTTA","Pf3D7_11_v3-1375807-1376056-1A.2","20+10N140+9N",500,0.37202380952381,3
"IM-23-122-NLRL","8039832561","Maziba","Pf3D7_11_v3-1376058-1376305-1A","TTTCTGGCTCGATATAATCCATTTCAATATTTATATTAGATATGAAACATCTATCTTCAATAGGTGAATTTGCTGCAAATTGAGCCATAGAAAAATGATTCTCATTCCTTTGAAAATATGAACTATTCAACTCATCAAGGTTTTCATATGTTATTTCATAACTGCCATCATCTGAATCCTCTTCATCA","Pf3D7_11_v3-1376058-1376305-1A.1","140G",3601,1,1
"IM-23-122-NLRL","8039832561","Maziba","Pf3D7_11_v3-1816152-1816378-1A","TTGGGTAGATATCGTTATAAGGGCTATAATGTATTGACTTCTCCGGGTTGGTTACATTATCATTACAACCAATATTATTAAGGTTAATATTATTTTTATCATTATTATTGTTGTTTTCATTTGTGTGGTTATATAATAACAATGATGTGTCGTCTATTGGATCATT","Pf3D7_11_v3-1816152-1816378-1A.2","90T",3066,0.512709030100334,4
"IM-23-122-NLRL","8039832561","Maziba","Pf3D7_13_v3-815862-816091-1A","ATGATGTAGATGCTAATAGCACATCCTGGTCAGTATCTTGTGATAAATAATTTAATTTATCCGCTAAAAAATAAAGTATAATTTCACAGCTTTTTTTATTTGTATCTGTGTTTTTCATGTTATCATAAAAAGACAAAGATGAAGTAGCACATGAGTTAATTA","Pf3D7_13_v3-815862-816091-1A.2","59A65+8N90+9N",504,0.179295624332978,3
"IM-23-122-NLRL","8039832561","Maziba","Pf3D7_07_v3-432832-433091-1A","TTGAAAAAGTCATCATCAGAATGGGGATGATTATTATTGTTATTATGAGTTTGGTTCGTATTAATATTATGCTCCTTTTCGTTATTTAATTTATGTTCATTTATATTTTTATAAATAAATAATTTTCCAAGAAGTATACCATTAATAAACTTACTAGTTAACATATTAGACTGCTCAATATTTGTACATTTTTTTAATGTATGTATT","Pf3D7_07_v3-432832-433091-1A.1","30+17N188+9N",2849,1,1
"IM-23-122-NLRL","8039832561","Maziba","Pf3D7_13_v3-852647-852921-1A","TACGAAATGATGAATTAAAAGAATTAACATTTATGAAAAATAAAGAAAATAGGAATGCAGATACATATGTTTTTCATTATCCTAAAAAAGAGAAATATGACCAATTAGTTTTTGAATTACGTAAACATAATTTTAATATAACAAGCATTAATACATATAAAAAACTAAAAAATGAAACATCATCACAAAAAGAAGAAAATGCTTCTATAATAAGTT","Pf3D7_13_v3-852647-852921-1A.9","75C83+8N149T158+8N169A",20,0.0220507166482911,2
"IM-23-122-NLRL","8039832561","Maziba","Pf3D7_04_v3-544454-544718-1A","ACAAAATATAATACTTTATATACAAATGCTTATAAAAAATTTTAACGCGGACGTACTTCAAAATAATATAAATGAAGAAGAAGTAATACATAATAACATCAACATTAATAATATAAAAGAAGAACAAATTATACCAAATAATATCAAGAATATCCATAATAATGACAATATTAATCATTGTGATGGTAATAAAATAA","Pf3D7_04_v3-544454-544718-1A.10","33+8N47G50G77G186G",1,0.000648508430609598,6
"IM-23-122-NLRL","8039832561","Maziba","Pf3D7_04_v3-544454-544718-1A","ACAAAATATAATACTTTATATACAAATGCTTATAAAAAATTTTAACGCGGACGTACTTCAAAATAATATAAATGAACAAGAAGTAATACATAATAACATCAACATTAATAATATAAAAGAAGAACAAATTATACCAAATAATATCAAGAATATCCATAATAATGACAATATTAATCATTGTGATGATAATAAAATAA","Pf3D7_04_v3-544454-544718-1A.6","33+8N47G50G",66,0.0428015564202335,6
"IM-23-122-NLRL","8039832561","Maziba","Pf3D7_04_v3-544454-544718-1A","ACAAAATATAATACTTTATATACAAATGCTTATAAAAAATTTTAACGCGGACGTACTTCAAAATAATATAAATGAAGAAGAAGTAATACATAATAACATCAACATTAATAATATAAAAGAAGAACAAATTATACCAAATAATATCAAGAATATCCATAATAATGACAATATTAATCATTGTGATGATAATAAAATAA","Pf3D7_04_v3-544454-544718-1A.4","33+8N47G50G77G",525,0.340466926070039,6
"IM-23-122-NLRL","8039832561","Maziba","Pf3D7_04_v3-544454-544718-1A","ACAAAATATAATACTTTATATACAAATGCTTATAAAAAATTTTAACTCGAACGTACTTCAAAATAATATAAATGAACAAGAAGTAATACATAATAACATCAACATTAATAATATAAAAGAAGAACAAATTATACCAAATAATATCAAGAATATCCATAATAATGACAATATTAATCATTGTGATGGTAATAAAATAA","Pf3D7_04_v3-544454-544718-1A.1","33+8N186G",860,0.557717250324254,6
"IM-23-122-NLRL","8039832561","Maziba","Pf3D7_04_v3-648065-648332-1A","TATGACTTCTGATTCAGTTTTGTTAAGATATATACCAAGAGATCTTAACAAATATAATAATTTTTCACCACTAACTCCATCTTTATTAGTATCGTATTCTTTAAATATTGATTCAATCTCAGCTCTCTTAAAGAAAACAAATATATATACATATATATATGTATTTATATGAATTTGTATCAATAAATAATAACATTCTTA","Pf3D7_04_v3-648065-648332-1A.1","141+30N",493,0.469077069457659,2
"IM-23-122-NLRL","8039832561","Maziba","Pf3D7_04_v3-648065-648332-1A","TATGACTTCTGATTCAGTTTTGTTAAGATATATACCAAGAGATCTTAACAAATATAATAATTTTTCACCACTAACTCCATCTTTATTTGTATCGTATTCTTTAAATATTGATTCAATCTCAGCTCTCTTAAAGAAAACAAATATATATACATATATATATGTATTTATATGAATTTGTATCAATAAATAATAACATTCTTA","Pf3D7_04_v3-648065-648332-1A.3","88T141+30N",558,0.530922930542341,2
"IM-23-122-NLRL","8039832561","Maziba","Pf3D7_04_v3-748105-748359-1B","TGTGCATGTTGTAAGGTTGAAAGCAAAAATGAGGGGAAAAAAAATGAGGTTTTTAATAACTACACATTTAGAGGTCTAGGAAATAAAGGAGTATTACCATGGAAATGTATTTCCCTAGATATGAAATATTTTCGTGCAGTTACAACATATGTGAATGAATCAAAATATGAAAAATTGAAATATAAGAGATGTAAAT","Pf3D7_04_v3-748105-748359-1B.1","36+10N110T133C",2452,1,1
"IM-23-122-NLRL","8039832561","Maziba","Pf3D7_04_v3-748374-748611-1B","AAACTGGGAAAGCATTCCAAAAAAATTTAAACCTTTAAGCAATAGGATAAATGTTATATTGTCTAGAACCTTAAAAAAAGAAGATTTTGATGAAGATGTTTATATCATTAACAAAGTTGAAGATCTAATAGTTTTACTTGGGAAATTAAATTACTATAAATGTTTTATATTAG","Pf3D7_04_v3-748374-748611-1B.3","3A18+9N72+9N169A170T",3,0.000488997555012225,3
"IM-23-122-NLRL","8039832561","Maziba","Pf3D7_04_v3-748374-748611-1B","AAACTGGGAAAGCATTCCAAAAAAATTTAAACCTTTAAGCAATAGGATAAATGTTATATTGTCTAGAACCTTAAAAAAAGAAGATTTTGATGAAGATGTTTATATCATTAACAAAGTTGAAGATCTAATAGTTTTACTTGGGAAATTAAATTACTATAAATGTTTTATTATAG","Pf3D7_04_v3-748374-748611-1B.1","3A18+9N72+9N",343,0.0559087204563977,3
"IM-23-122-NLRL","8039832561","Maziba","Pf3D7_13_v3-2545065-2545291-1A","ATGATTCCTCAAAAGTTTAACATTCCACATAGTATCTGTTAAATTGATAGTTTGCAAACAATTATACGTTTGGTTATTTTTATTTTTAAAAAAGGATATATCATCATCTAAAGATTTATTTTTGAGAAAGATTTCCATATATTCATATATATCATGAATACACCA","Pf3D7_13_v3-2545065-2545291-1A.18","87+8N102C154A",21,0.00489168413696716,4
"IM-23-122-NLRL","8039832561","Maziba","Pf3D7_13_v3-2545065-2545291-1A","ATGATTCCTCAAAAGTTTAACATTCCACATAGTATCTGTTAAATTGATAGTTTGCAAACAATTATACGTTTGGTTATTTTTATTTTTAAAAAAGGATATATGATCATCTAAAGATTTATTTTTGAGAAAGATTTCCATATATTCATATATATCTTGAATACACCA","Pf3D7_13_v3-2545065-2545291-1A.5","87+8N",1510,0.351735383181924,4
"IM-23-122-NLRL","8039832561","Maziba","Pf3D7_04_v3-1083299-1083563-2","ATACACTTTCCATATGTAGAGGACTTATGATATATAGAATTATAAGATAAATGTTTATAATAATCTAAAAAAGTATAATGAGGTATTATAACAAAATCCAAATGTCCTTCTTTTTCTTGTAAAATATCAATAGAATTTGCAATGTTATAATTTGATAACTCTTTAAAATGATATTGTAAAAAATTAACATTTTTATA","Pf3D7_04_v3-1083299-1083563-2.1","66+8N177+8N",2979,0.779842931937173,2
"IM-23-122-NLRL","8039832561","Maziba","Pf3D7_04_v3-1083299-1083563-2","ATATACTTTCCATATGTAGAGGACTTATGATATATAGAATTATAAGATAAATGTTTATAATAATCTAAAAAAGTATAATGAGGTATTATAACAAAATCCAAATGTCCTTCTTTTTCTTGTAAAATATCAATAGAATTTGCAATGTTATAATTTGATAACTCTTTAAAATGATATTGTAAAAAATTAACATTTTTATA","Pf3D7_04_v3-1083299-1083563-2.2","4T66+8N177+8N",841,0.220157068062827,2
"IM-23-122-NLRL","8039832561","Maziba","Pf3D7_11_v3-1293919-1294168-1A","TCCATATCAAAAAAGTGATGTGTATCATCCAATCAACGAACATAGGGAACATCCAAAAGAATACCAATATCCATTACACCAGGAACATACATACCAACAAGAAGATTCAGGAGAAGACGAAAATACATTACAACACGCATATCCAATAGACCACGAAGGTGCCGAACCCGCACCACAAGAACAAAATTTAT","Pf3D7_11_v3-1293919-1294168-1A.13","13A27A65C",2,0.000444642063139173,7
"IM-23-122-NLRL","8039832561","Maziba","Pf3D7_11_v3-1293919-1294168-1A","TCCATATCAAAAAAGTGATGTGTATCATCCAATCAACGAACATAGGGAACATCCAAAAGAATACCAATATCCATTACACCAGGAACATACATACCAACAAGAAGATTCAGGAGAAGACGAAAATACATTACAACACGCATATCCAATAGACCACGAAGGTGCTGAACCCGCACCACAAGAACAAAATTTAT","Pf3D7_11_v3-1293919-1294168-1A.4","13A27A65C163T",396,0.0880391285015562,7
"IM-23-122-NLRL","8039832561","Maziba","Pf3D7_11_v3-115913-116184-1A","ACCTCCCGATGTTATAAATATTATATTATCATCATCATTTGGAAGGAAATTCTCCTCTAATGTTTTTAATATTTCATCTATATTTTTAGGTCTCAATTTACTATTGAAAAATTTTGAATACTTCAAAAAATAATCATCATCTTTTACATTACATATATTATCATTATTTTCATTTTGTTTTAGTAGTTCATCTTTTTTATTATC","Pf3D7_11_v3-115913-116184-1A.2","124+8N197T",383,0.45005875440658,4
"IM-23-122-NLRL","8039832561","Maziba","Pf3D7_13_v3-388138-388408-1A","ATATATCTTTATTCATATGTTCTATATATTGTCTTTGTCTCTTTTCCTTTCTCATATCAGATATTATTGAATAATTTCCTTTATCACATACATATCTAGGATTATGTGATAATTCATAAGCTGCTCTTTTTAAAACTCTATTCTTTTCTTTAAAACTATTAAATTTTATATTATTGTTCATATTAGATGTGTTCCTTTTAATAATA","Pf3D7_13_v3-388138-388408-1A.1","194C",2295,0.711407315561066,3
"IM-23-122-NLRL","8039832561","Maziba","Pf3D7_11_v3-1295371-1295597-1A","AAGTAACATCAAATAATGAAGTTGTAGTTAAAGAAGAATATAAAGATGAATATGCAGATATTCCTGAACATAAACCAACTTATGATAAAATGAAAATTATAATTGCATCATCAGCTGCTGTCGCTGTATTAGCAACTATTTTAATGGTTTATCTTTATAAAAGAA","Pf3D7_11_v3-1295371-1295597-1A.1",".",3135,0.55912252541466,2
"IM-23-122-NLRL","8039832561","Maziba","Pf3D7_11_v3-1295371-1295597-1A","AAGTAACATCAAATAATGAAGTTGTAGTTAAAGAAGAATATAAAGATGAATATGCAGATATTCCTGAACATAAACCAACTTATGATAACATGAAAATTATAATTGCATCATCAGCTGCTGTCGCTGTATTAGCAACTATTTTAATGGTTTATCTTTATAAAAGAA","Pf3D7_11_v3-1295371-1295597-1A.2","89C",2472,0.44087747458534,2
"IM-23-122-NLRL","8039832561","Maziba","Pf3D7_04_v3-109939-110184-1A","CAACATCTGAATTATATAAATCTTTAGAAAAACAACTAATATCCTTACTCCATATATTTATTTTTATACCAAGAATAACAGCCATATAAACCAAAACTCTCTCAAATGCATGTGATACAGGTAAATAAGAAAAATGGGTTTTCGGTTTCATGTTTTTTATTACATTATGATCACATAATGGTGCTACT","Pf3D7_04_v3-109939-110184-1A.2","51C108G152+8N",1178,0.400271831464492,5
"IM-23-122-NLRL","8039832561","Maziba","Pf3D7_11_v3-1293919-1294168-1A","TCCATATCAAAAAAGTGATGTGTATCGTCCAATCAACGAACATAGGGAACATTCAAAAGAATACGAATATCCATTACACCAGGAACATACATACCAACAAGAAGATTCAGGAGAAGACGAAAATACATTACAACACGCATATCCAATAGACCACGAAGGTGCCGAACCCGCACCACAAGAACAAAATTTAT","Pf3D7_11_v3-1293919-1294168-1A.61","13A53T",108,0.0240106714095153,7
"IM-23-122-NLRL","8039832561","Maziba","Pf3D7_13_v3-2814583-2814832-2","TCAGTCTTCTAATTCTAGCGATAATGATCCTGCAGTAGTAAGTGGTAGAGAATCTAAAGATGTAAATCTTCATACTTCTGAAAGGATTAAAGAAAATGAAGAAGGTGTGATTAAAACAGATGATAGTTCAAAAAGTATTGAAATTTCTAAAATACCATCTGACCAAAATAATCATAGTGATTTATCACAG","Pf3D7_13_v3-2814583-2814832-2.1","124T",71,0.0152066823730992,2
"IM-23-122-NLRL","8039832561","Maziba","Pf3D7_13_v3-2814606-2814855-1B","TAGCGATAATGATCCTGCAGTAGTAAGTGGTAGAGAATCTAAAGATGTAAATCTTCATACTTCTGAAAGGATTAAAGAAAATGAAGAAGGTGTGATTAAAACAGATGAAAGTTCAAAAAGTATTGAAATTTCTAAAATACCATCTGACCAAAATAATCATAGTGATTTATCACAGAATGCAAATGAGGACTCTA","Pf3D7_13_v3-2814606-2814855-1B.2",".",2398,0.727327873824689,3
"IM-23-122-NLRL","8039832561","Maziba","Pf3D7_13_v3-2814606-2814855-1B","TAGCGATAATGATCCTGCAGTAGTAAGTGGTAGAGAATCTAAAGATGTAAATCTTCATACTTCTGAAAGGATTAAAGAAAATGAAGAAGGTGTGATTAAAACAGATGATAGTTCAAAAAGTATTGAAATTTCTAAAATACCATCTGACCAAAATAATCATAGTGATTTATCACAGAATGCAAATTAGGACTCTA","Pf3D7_13_v3-2814606-2814855-1B.10","109T185T",869,0.263572945101608,3
"IM-23-122-NLRL","8039832561","Maziba","Pf3D7_13_v3-2816310-2816554-1B","CAAATACTTTTCAATATAGGTCTAGTGAAAGTGTGGAAGTAATAACTAATAAACCTGATGAAATGGAAATGACAACTAAACCACCATCACAATACATTGAAAAGGAAATTGGAGAAATTGATTCTACAAAAAATCAAGATAATGATGAACAAAGCAATTCTATAATTCCTTTAATTAATAAAAATAATGAA","Pf3D7_13_v3-2816310-2816554-1B.1","127+8N",406,0.116165951359084,2
"IM-23-122-NLRL","8039832561","Maziba","Pf3D7_13_v3-2816310-2816554-1B","CAAATACTTTTCAATATAGGTCTAGTGAAAGTGTGGAAGTAATAACTAATAAACCTGATGAAATGGAAATGACAACTAAACCACCATCACAATATATTGAAAAGGAAATTGGAGAAATTGATTCTACAAAAAATCAAGATAATGATGAACAAAGCAATTCTATAATTCCTTTAATTAATAAAAATAATGAA","Pf3D7_13_v3-2816310-2816554-1B.2","95T127+8N",3089,0.883834048640916,2
"IM-23-122-NLRL","8039832561","Maziba","Pf3D7_13_v3-2840462-2840736-1B","AATAAACACATATGTTTATTAATAAAATTGTTAGTTATTTTTATGTATACATAATAAATTAAAGATACTAAAACAATATTTTTAAATGTAAATAAATGAATAATGATATTATTTATATGATTCATCATTCTATATTTACATGGAAGATTAAAAAATTATATATATATATATATGGTAATTTCTGTGTTTATGTTTTTATTTTTATAATA","Pf3D7_13_v3-2840462-2840736-1B.4","149+23N",68,1,1
"IM-23-122-NLRL","8039832561","Maziba","Pf3D7_13_v3-388138-388408-1A","ATATATCTTTATTCATATGTTCTATATATTGTCTTTGTCTCTTTTCCTTTCTCATATCAGATATTATTGAATAATTTCCTTTATCACATACATATCTAGGATTATGTGATAAATCATAAGCTGCTCTTTTTAAAACTCTATTCTTTTCTTTAAAACTATTAAATTTTATATTATTGTTCATATTAGATGTGTTCCTTTTAATAATA","Pf3D7_13_v3-388138-388408-1A.37","113A194C",211,0.0654060756354619,3
"IM-23-122-NLRL","8039832561","Maziba","Pf3D7_13_v3-388138-388408-1A","ATATATCTTTATTCATATGTTCTATATATTGTCTTTGTCTCTTTTCCTTTCTCATATCAGATATTATTGAATAATTTCCTTTATCACATACATATCTAGGATTATGTGATAATTCATAAGCTGCTCTTTTTAAAACTCTATTCTTTTCTTTAAAACTATTAAATTTTATATTATTGTTCATATTAGATGTGTTACTTTTAATAATA","Pf3D7_13_v3-388138-388408-1A.2",".",720,0.223186608803472,3
"IM-23-122-NLRL","8039832561","Maziba","Pf3D7_13_v3-1876391-1876664-1A","AACTATCTGTAAAAGTATGTTTAGAACTAACATTTGAAGAGAAGTTACATCCGTGTATGACTTTTTTTTCATATTTTGGTTTTAAAACTATTTTATAATTATTATTTTTAAATTTGCATGTACATTCTGTATTAACATCTTTTGATGTAACATAAAATGGAGCTTTAAAGATAGTTAACTTTTCATGATAAATTATTTTATTACTTTTATATA","Pf3D7_13_v3-1876391-1876664-1A.2","61+10N179C184C",712,0.443613707165109,3
"IM-23-122-NLRL","8039832561","Maziba","Pf3D7_13_v3-1876391-1876664-1A","AACTATCTGTAAAAGTATGTTTAGAACTAACATTTGAAGAGAAGTTACATCCGTGTATGACTTTTTTTTCATATTTTGGTTTTAAAACTATTTTATAATTATTATTTTTAAATTTGCATGTACATTCTGTATTAACATCTTTTGATGTAACATAAAATGGAGCTTTAAAGATAGTTAAGTTTTTATGATAAATTATTTTATTACTTTTATATA","Pf3D7_13_v3-1876391-1876664-1A.1","61+10N",870,0.542056074766355,3
"IM-23-122-NLRL","8039832561","Maziba","Pf3D7_03_v3-980853-981120-2","TAAGATTCTTTTGAGTTATTTATTTTCCAAATAATTTGGTTATATATATATGAAAATTCGATCATACCACATGCTCCAAGAATAATAGATGCATCGTCATTATATTGGAATGTAAAACTTTCATCATACTCATTTGTATTAGGTACACAAGAATCATCTTTATTTTTATAATTTTCTTTACATGTACAATTAATTTTACTATATT","Pf3D7_03_v3-980853-981120-2.1",".",1423,1,1
"IM-23-122-NLRL","8039832561","Maziba","Pf3D7_11_v3-1374917-1375148-1A","TTTTTAAATGAAAATCTCCAAAGCTTCTGGTTGGTTGTAATCTACCTTTAACATAACAATTATCATAATGATGTGATAAGAGATGAAAAGGTGTTTTACATAATTCATATGTATTATTATTATTAACAGTTTTATAATCTCGAGTACATATTTTACATACTAATATA","Pf3D7_11_v3-1374917-1375148-1A.1","112+14N",1886,0.366997470324966,2
"IM-23-122-NLRL","8039832561","Maziba","Pf3D7_04_v3-140317-140548-1A","TCGGGACAATATTATAAGGATTTTATCACATCAAGGAAAAATATTTATAATATAAGGGAAAATATATCCAAAAATGTAGATATGATAAAAAATGAAGAAAAGAAGAAAATACAGAATTGTGTAGATAAATATAATTCTATAAAACAATATGTAAAAATGTTTAAA","Pf3D7_04_v3-140317-140548-1A.2","86+8N160T",5474,0.872350597609562,2
"IM-23-122-NLRL","8039832561","Maziba","Pf3D7_13_v3-1725124-1725365-2","TGGAAATTGTTCCCATTTATTCATTTTTTCTTCATATACTTCAATAGAATTTAATCTCTCACCATTAGTTCCACCAATGACATAAATTTTATTATCAAAAGCAACACACATAGCTGATGATCTAGGGGTATTCAAAGGTGCCACCTCTACCCATGCTTTCATACGATGATCATATGCTTCTAC","Pf3D7_13_v3-1725124-1725365-2.1","23+8N",6668,1,1
"IM-23-122-NLRL","8039832561","Maziba","Pf3D7_13_v3-1725208-1725471-1B","CATAAATTTTATTATCAAAAGCAACACACATAGCTGATGATCTAGGGGTATTCAAAGGTGCCACCTCTACCCATGCTTTCATACGATGATCATATGCTTCTACATTCGGTATAATAGAAGAGCCATCATATCCCCCAATACAATAAATTCTACCATTTGACGTAACACCACAATTATTTCTTCTAGGTATATTTAAATTACTTGAAAC","Pf3D7_13_v3-1725208-1725471-1B.1",".",2325,1,1
"IM-23-122-NLRL","8039832561","Maziba","Pf3D7_04_v3-141741-141990-1A","TGAATACCATATAGCCCTTTCAAATTATATAAAGACAGAACTAAGAAATATAAACCTGCAAGAAATAAAAAACAATATAATAAAAATATTTAAAGAATTCGAATCTGCACACAAAGAAATTAAAAAAGAATCAAAACAAATTAATAAAGAATTTACCAAAATGGATGTCGTCATAAATCAATTAAGAGATATAG","Pf3D7_04_v3-141741-141990-1A.2","66+8N101G121+8N134A",623,0.201683392683716,4
"IM-23-122-NLRL","8039832561","Maziba","Pf3D7_04_v3-141741-141990-1A","TGAATACCATATAGCCCTTTCAAATTATATAAAGACAGAACTAAGAAATATAAACCTGCAAGAAATAAAAAACAATATAATAAAAATATTTAAAGAATTCGAATCTGCACACAAAGAAATTAAAAAAGAATCAGAACAAATTAATAAAGAATTTACCAAAATGGATGTCGTCATAAATCAATTAAGAGATATAG","Pf3D7_04_v3-141741-141990-1A.8","66+8N101G121+8N",9,0.00291356426027841,4
"IM-23-122-NLRL","8039832561","Maziba","Pf3D7_13_v3-852647-852921-1A","TACGAAATGATGAATTAAAAGAATTAACATTTATGAAAAATAAAGAAAATAGGAATGCAGATACATATGTTTTTCATTATCCTAAAAAAGAGAAATATGACCAATTAGTTTTTGAATTACGTAAACATAATTTTAATATAACAAGCATGAATACATATAAAAAACTAACAAATGAAACATCATCACAAAAAGAAGAAAATGCTTCTATAATAAGTT","Pf3D7_13_v3-852647-852921-1A.1","75C83+8N158+8N",887,0.977949283351709,2
"IM-23-122-NLRL","8039832561","Maziba","Pf3D7_04_v3-284121-284364-1A","ATATTGTATATTATCATAAGATTTATATGGAGGACCACATTGAAATCCGACAATTTCATTTGATGCATGTAGTACACATTCCGTATTTCTGTTTGAATTATTTAAAATAATTTTATTACTTAGAAATGATTCTTTTTCACTATAATCTTTATATAAGAAAGGGTCTTCATCAATTTGA","Pf3D7_04_v3-284121-284364-1A.1","157G",1754,0.552093169656909,2
"IM-23-122-NLRL","8039832561","Maziba","Pf3D7_04_v3-316593-316858-1A","TTATTCATTTTTTCTATATTATCCTTTTCTACATCATCAAAATTTGTTAATGATTCACACGTTATATTTGGTGATATTATATTTCTACCTGTACATACACCAATATTTGTTGTACCTATTATTTTATACCCTTCTTGACATTTAAATTCTATTTTTTCACCAAGTAAATAATATTTTTTATCAGGGATAAGGGAAACATA","Pf3D7_04_v3-316593-316858-1A.2","7+8N151+8N173+8N",194,0.0711143695014663,2
"IM-23-122-NLRL","8039832561","Maziba","Pf3D7_04_v3-316593-316858-1A","TTATTCATTTTTTGTATATTATCCTTTTCTACATCATCAAAATTTGTTAATGATTCACACGTTATATTTGGTGATATTATATTTCTACCTGTACATACACCAATATTTGTTGTACCTATTATTTTATACCCTTCTTGACATTTAAATTCTATTTTTTCACCAAGTAAATAATATTTTTTATCAGGGATAAGGGAAACATA","Pf3D7_04_v3-316593-316858-1A.1","7+8N151+8N173+8N",2534,0.928885630498534,2
"IM-23-122-NLRL","8039832561","Maziba","Pf3D7_13_v3-1419363-1419626-1A","TTTTGAAATCTGTATATTTTTTATCATGTTCATCGAGATTTATTTTGTTCTTTTTGTTTGAAATATCAACTACATGATTAAAAACATCTCCTAAATTATATAATTTCTTATCTAGGTCTTTTTGAAATGTCGATTCTCCTCCTTGTGCTGGTTTTTGTACTTCTTGTCCTTGTGTTGATATCTCTTGTTCATTTTTAGATTGAG","Pf3D7_13_v3-1419363-1419626-1A.2","16+8N24T28G",147,0.124470787468247,3
"IM-23-122-NLRL","8039832561","Maziba","Pf3D7_01_v3-181512-181761-1A","TTCATTATTGTTTTCATTCTTTTTTTAACGAAAACTATTCATCTCAAAAATATAAGATATTTTATATGACGAATGCCATTGTATTTTTTGTTACGTAAAACCTGACTTCTTCAGGGAAAACACATGCGCATTTTCACCAATTTTTGCCTAAGCTTATTATAAAAAGTATATTAAATGTATGAC","Pf3D7_01_v3-181512-181761-1A.3","19+9N83+8N114G",772,0.157873210633947,4
"IM-23-122-NLRL","8039832561","Maziba","Pf3D7_04_v3-115455-115684-1A","TATTAATGTCATTTTGTTTTTCTTTATTATTATTATTTTTATTTTTTCCCTGGTTATCTTTCTTATTACCTAGCTTTTTTTTGTTGTCATTATTTTCTGTCTGATTATTATTTTTGACTTTGTTCATCTTTAAATTATTCGTTCTGTTTGTATGTCTCAAGCAAGGT","Pf3D7_04_v3-115455-115684-1A.89","24+25N61T74+10N132A139T",150,0.0174054304943142,7
"IM-23-122-NLRL","8039832561","Maziba","Pf3D7_04_v3-1005938-1006187-1A","GTCTTAACATTAATCTTAGTTACAAAGTTACATGGATTTATTGAAAAGATATTTTCGTCACTATATTTCTTTTTTTCCATATCCGTTTGATCATTTTGATATGTTTTCATATTATCCATATGTTCATTATTTTGATCAATATAATTTTTTTTTATAATAAATTTAGAATTATTTTTAAAGAAA","Pf3D7_04_v3-1005938-1006187-1A.4","69+9N84C144+11N",1419,0.607969151670951,4
"IM-23-122-NLRL","8039832561","Maziba","Pf3D7_04_v3-1005938-1006187-1A","GTCTTAACATTAATCTTAGTTACAAAGTTACATGGATTTATTGAAAAGATATTTTCGTCACTATATTTCTTTTTTTCCATATCCGTTTGATCATTTTTATATGTTTTCATATTATCCATATGTTCATTATTTTGATCAATATAATTTTTTTTTATAATAAATTTAGAATTATTTTTAAAGAAA","Pf3D7_04_v3-1005938-1006187-1A.1","69+9N84C98T144+11N",525,0.224935732647815,4
"IM-23-122-NLRL","8039832561","Maziba","Pf3D7_04_v3-1005938-1006187-1A","GTCTTAACATTAATTCTAGTTACAAAGTTACATGGATTTATTGAAAAGATATTTTCGTCACTATATTTCTTTTTTTCCATATCCGTTTGATCATTTTTATATGTTTTCATATTATCCATATGTTCATTATTTTGATCAATATAATTTTTTTTTATAATAAATTTAGAATTATTTTTAAAGAAA","Pf3D7_04_v3-1005938-1006187-1A.8","15T16C69+9N84C98T144+11N",333,0.1426735218509,4
"IM-23-122-NLRL","8039832561","Maziba","Pf3D7_04_v3-1005938-1006187-1A","GTCTTAACATTAATTCTAGTTACAAAGTTACATGGATTTATTGAAAAGATATTTTCGTCATTATATTTCTTTTTTTCCATATCTGTTTGATCATTTTGATATGTTTTCATATTATCCATATGTTCATTATTTTGATCAATATAATTTTTTTTTATAATAAATTTAGAATTATTTTTAAAGAAA","Pf3D7_04_v3-1005938-1006187-1A.2","15T16C61T69+9N144+11N",57,0.0244215938303342,4
"IM-23-122-NLRL","8039832561","Maziba","Pf3D7_04_v3-1037644-1037891-1A","GAAAGAGATTTAACAGATGATGCTGTGATTTTTGCACACTCACTTTATTTACCATTTGAAAAAGAAGAAATGTGGTGGATCGTTATCGGAATTAAAAAAATGAACTTACTTTTATCTATCAAAAAATTATCTTTATTGAAAAGTATCAATAATATAAAAATTAATTTCGAATTGCCTGACA","Pf3D7_04_v3-1037644-1037891-1A.2","93+9N120+8N145A",1230,0.308967596081387,2
"IM-23-122-NLRL","8039832561","Maziba","Pf3D7_04_v3-1037644-1037891-1A","GAAAGAGATTTAACAGATGATGCTGTGATTTTTGCACACTCACTTTATTTACCATTTGAAAAAGAAGAAATGTGGTGGATCGTTATCGGAATTAAAAAAATGAACTTACTTTTATCTATCAAAAAATTATCTTTATTGAAAAGTGTCAATAATATAAAAATTAATTTCGAATTGCCTGACA","Pf3D7_04_v3-1037644-1037891-1A.1","93+9N120+8N",2751,0.691032403918613,2
"IM-23-122-NLRL","8039832561","Maziba","Pf3D7_11_v3-119432-119705-1A","CTCCTTTATATTCATCAAGAAATTTCATCCAAAAGTAATTATGTTTTTCTTGTTGATATTTTGCTTTATACAAACGAGCAAGATACTTATTATACGATTCATGCTCTTTAATTTTCTTTTCAAAAGTTTTGGTTATAATGTGTTGAAGTGATTGTAAAGTATTTTTCTTTAATTTTCTCCATATTAATCTACATGCGATTATAAGAA","Pf3D7_11_v3-119432-119705-1A.4","33A89A145G",311,0.18780193236715,3
"IM-23-122-NLRL","8039832561","Maziba","Pf3D7_11_v3-119432-119705-1A","CTCCTTTATATTCATCAAGAAATTTCATCCAAGAGTAATTATGTTTTTCTTGTTGATATTTTGCTTTATACAAACGAGCAAGATACTTTTTATACGATTCATGCTCTTTAATTTTCTTTTCAAAAGTTTTGGTTATAATGTGTTCAAGTGATTGTAAAGTATTTTTCTTTAATTTTCTCCATATTAATCTACATGCGATTATAAGAA","Pf3D7_11_v3-119432-119705-1A.1",".",1344,0.811594202898551,3
"IM-23-122-NLRL","8039832561","Maziba","Pf3D7_06_v3-532166-532407-1A","AGAACAATTGCTAAACACCAAATTGGGTGAAACAAAAAACCACCTGAACAGAACTCCATTTATACCTGAATCGGTCATACGAGAAAGGAAATTACGCCAAGAAAAAGCGCAATCCACAAACAACATGTTCGATTCAACAAACGCAGATAGTATTACTTCCCCATGTGATCCAACGAATGCCACG","Pf3D7_06_v3-532166-532407-1A.4","33+8N55T109G157T",72,0.0078405749754982,6
"IM-23-122-NLRL","8039832561","Maziba","Pf3D7_13_v3-1465616-1465890-1A","TCTTGTGGATTATTATCTATTATATTTTCTTCTGGTTTTTCGACAACAAAATTATCTCCTCTTGGTCTAGGTTGATCATCTTCGGGTTCATGTGGAACATCTAATGGTTCCCGTTTTGGAGGACATCTTTCTTCTTCACATTGTTCTTGTAATTCACTTGTACATCCTTCGTGTAAGATTTCTCTTTTTCTTGACCTGGTACCTTTACCACAAGTTACACTACATGGAGA","Pf3D7_13_v3-1465616-1465890-1A.1","30T32C46A92G121G",1807,0.568954659949622,5
"IM-23-122-NLRL","8039832561","Maziba","Pf3D7_01_v3-181512-181761-1A","TTCATTATTGTTTTCATTCTTTTTTTAACGAAAACTATTCATCTCAAAAATATAAGATATTTTATATGACGAATGCCATTGTATTTTTTGTTACGTAAAACCTGACTTCTTCAAGGAAAACACATGCGCATTTTCACCAATTTTTGCCTAAGCTTATTATAAAAAGTATATTAAATGTATGAC","Pf3D7_01_v3-181512-181761-1A.2","19+9N83+8N",3485,0.712678936605317,4
"IM-23-122-NLRL","8039832561","Maziba","Pf3D7_13_v3-1726174-1726408-2","TTTCTAATTCTTTGTACATTCGTACTCTTTCCATTTCTAGTTCTTTCTTATCTTTAAATAATTTATCTTTTTCTCGAATAAAATTCATTTGTGTCTTTTTTAACCAATTAATAAATGTAATTCTTAAATCACCTACCATATTTTCAAAATCACTAGCATCACTTAAT","Pf3D7_13_v3-1726174-1726408-2.6","19T95+8N",2500,0.360126764621147,2
"IM-23-122-NLRL","8039832561","Maziba","Pf3D7_10_v3-992331-992603-1A","TCATTATATTTTTAAAAAAAAAAATTATGATATAAAATCTTCAATTAATAAAAGATCTATCCAGTTCTTTAGAGACACTAATATAGATCATTATATAGCATATGAATATTATAAGGAGGACCGTACAGAATTTATATTAACTATTATGAATGAAAAAAATATTACTCATCAAGAAACTCAAAGTCTTGAAATGAAAAAGTTGAAAG","Pf3D7_10_v3-992331-992603-1A.1","13+13N72G127A152+9N",336,0.223850766155896,3
"IM-23-122-NLRL","8039832561","Maziba","Pf3D7_04_v3-115455-115684-1A","TATTAATGTCATTTTGTTTTTCTTTATTATTATTATTTTTATTTTTTCCCTGGTTATCTTTCTTATTACCTAGCTTTTTTTTGTTGTCATTATTTTCTGTCTGATTATTATTTTTGACTTTGTTCATCTTTGAATTATCCGTTCTGTTTGTATGTCTCAAGCAAGGT","Pf3D7_04_v3-115455-115684-1A.16","24+25N61T74+10N",12,0.00139243443954514,7
"IM-23-122-NLRL","8039832561","Maziba","Pf3D7_04_v3-115455-115684-1A","TATTAATGTCATTTTGTTTTTCTTTATTATTATTATTTTTATTTTTTCCCTGGTTATCTTTCTTATTACCTAGCTTTTTTTTGTTGTCATTATTTTCTGTCTGATTATTATTTTTGACTTTGTTCATCTTTGAATTATTCGTTCTGTTTGTATGTCTCAAGCAAGGT","Pf3D7_04_v3-115455-115684-1A.28","24+25N61T74+10N139T",4110,0.47690879554421,7
"IM-23-122-NLRL","8039832561","Maziba","Pf3D7_10_v3-1392371-1392620-1A","TGATGAAAATGATGATTCCCATTTTTCTAATTCTTTAGTATCTGAAACGAGTTACAATCAAGATTACTCTTTATACACTATTAATATTTTGAATGGACTTCCTGATAAAGAAAGTAATATGAAAAATATTGATTTAGAAAAATTTAAAGATACTTCAATACATACAAAGGAAGAGGGACCCATTGTA","Pf3D7_10_v3-1392371-1392620-1A.5","21A23T41T43T49G106+9N",1,0.000382555470543229,4
"IM-23-122-NLRL","8039832561","Maziba","Pf3D7_10_v3-1392371-1392620-1A","TGATGAAAATGATGATTCCCTTATTTCTAATTCTTTAGTACCCGAAACAAGTTACAATCAAGATTACTCTTTATACACTATTAATATTTTGAATGGACTTCCTGATAAAAAAAGTAATATGAAAAATATTGATTTAGAAAAATTTAAAGATACTTCAATACATACAAAGGAAGAGGGACCCATTGTA","Pf3D7_10_v3-1392371-1392620-1A.1","106+9N",647,0.247513389441469,4
"IM-23-122-NLRL","8039832561","Maziba","Pf3D7_11_v3-1293919-1294168-1A","TCCATATCAAAATAGTAATGTGTATCATCCAATCAACGAACATAGGGAACATCCAAAAGAATACGAATATCCATTACACCAGGAACATACATACCAACAAGAAGATTCAGGAGAAGACGAAAATACATTACAACACGCATATCCAATAGACCACGAAGGTGCCGAACCCGCACCACAAGAACAAAATTTAT","Pf3D7_11_v3-1293919-1294168-1A.6","17A27A",109,0.0242329924410849,7
"IM-23-122-NLRL","8039832561","Maziba","Pf3D7_11_v3-1293919-1294168-1A","TCCATATCAAAATAGTGATGTGTATCGTCCAATCAACGAACATAGGGAACATCCAAAAGAATACGAATATCCATTACACCAGGAACATACATACCAACAAGAAGATTCAGGAGAAGACGAAAATACATTACAACACGCATATCCAATAGACCACGAAGGTGCCGAACCCGCACCACAAGAACAAAATTTAT","Pf3D7_11_v3-1293919-1294168-1A.1",".",2476,0.550466874166296,7
"IM-23-122-NLRL","8039832561","Maziba","Pf3D7_11_v3-1294664-1294910-1A","AAAAGATAAATTATTTGAAAACTATACATATTTAAGTAAAAATGTAGTTGATAACTGGGAAGAAGTTTGCCCTAGAAAGAATTTAGAGAATGCAAAATTCGGATTATGGGTCGATGGAAATTGTGAAGATATACCACATGTAAATAAATTTTCAGCAAATGATCTTTTTGAATGTAATAAATTAGTTTTTGAATTG","Pf3D7_11_v3-1294664-1294910-1A.6","9A12T17G40A62G86G146A152T159A",1775,0.231965499215891,4
"IM-23-122-NLRL","8039832561","Maziba","Pf3D7_11_v3-1294664-1294910-1A","AAAAGATAAATTATTTGAAAACTATACATATTTAAGTAAAAATGTAGTTGATAACTGGGAAGAAGTTTGCCCTAGAAAGAATTTAGAGAATGCAAAATTCGGATTATGGGTCGATGGAAATTGTGAAGATATACCACATGTAAATGAATTTTCAGCAAATGATCTTTTTGAATGTAATAAATTAGTTTTTGAATTG","Pf3D7_11_v3-1294664-1294910-1A.12","9A12T17G40A62G86G152T159A",4639,0.606246732880293,4
"IM-23-122-NLRL","8039832561","Maziba","Pf3D7_01_v3-145388-145662-1A","GATATGTTTAAATATATGATTCTCGAAAAAACTTTTTTTATTTTTTTTGTCAATAGATAAATGATCAATATTTTCTATATTTAATCTATCAAGTATTTTTATATATCTATTATTTCTTTCTTCGATGGATAAATTATATGAATCAATATCCTTTCTTTCATCAACAAACTTTTTTATTGTTAACTCCATTTTTTTATTTAAGATACCA","Pf3D7_01_v3-145388-145662-1A.2","25+25N139T169+8N188+9N",148,0.27007299270073,2
"IM-23-122-NLRL","8039832561","Maziba","Pf3D7_01_v3-162867-163115-1A","ATATACCAATAATACTTTTTTTTTTAAATAATGTAAAAAATGATTTATATAATTGTTATAAACAAATGATCACATATCATAATAATAATATCCTAAATCATAACTCTAATATTTTATCAAAAGAAAATGAAAAAAAACAACCTTTTTCAACATATAATATATCAAATCTTTGTTCTCCTGACCAAATGGTGATAAATAAAAA","Pf3D7_01_v3-162867-163115-1A.1","15+12N34+8N129+10N",4255,1,1
"IM-23-122-NLRL","8039832561","Maziba","Pf3D7_13_v3-1726174-1726408-2","TTTCTAATTCTTTGTACAATCGTACTCTTTCCATTTCTAGTTCTTTCTTATCTTTAAATAATTTATCTTTTTCTCGAATAAAATTCATTTGTGTCTTTTTTAACCAATTAATAAATGTAATTCTTAAATCACCTACCATATTTTCAAAATCACTAGCATCACTTAAT","Pf3D7_13_v3-1726174-1726408-2.1","95+8N",4442,0.639873235378853,2
"IM-23-122-NLRL","8039832561","Maziba","Pf3D7_11_v3-1294664-1294910-1A","AAAAGATAAATTATTTGAAAACTATACATATTTAAGTAAAAATGTAGTTGATAACTGGGAAGAAGTTTGCCCTAGAAAGAATTTAGAGGATGCAAAATTCGGATTATGGGTCGATGGAAATTGTGAAGATATACCACATGTAAATGAATTTTCAGCAAATGATCTTTTTGAATGTAATAAATTAGTTTTTGAATTG","Pf3D7_11_v3-1294664-1294910-1A.107","9A12T17G40A62G86G89G152T159A",149,0.0194720334553058,4
"IM-23-122-NLRL","8039832561","Maziba","Pf3D7_11_v3-1295103-1295335-1A","ACTACTGCTTTGTCCCATCCCAACGAAGTTGAAAACAATTTTCCATGTTCATTATATAAAGATGAAATAAAGAAAGAAATCGAAAGAGAATCAAAACGAATTAAATTAAATGATAATGATGATGAAGGGAATAAAAAAATTATAGCTCCAAGAATTTTTATTTCAGATGATAAA","Pf3D7_11_v3-1295103-1295335-1A.7","23A71A132+9N",3720,0.588142292490119,3
"IM-23-122-NLRL","8039832561","Maziba","Pf3D7_13_v3-2114242-2114482-1A","CTTCCATTAACTCAATATATAATTTATTAATAATTTTTAATTTGTTTATTTCAAAAAGGCATAGTTGTAACAAGGCTCTTAAGGTTCTATTACCCCCTAAGAGGTTAAAATGAATATTTCCTTTTTCTCGTATATGCAAAAAATCCCTTAACAATAAATCATATTCATCAGTATGAAATGT","Pf3D7_13_v3-2114242-2114482-1A.9","67G137+8N",1025,0.312977099236641,3
"IM-23-122-NLRL","8039832561","Maziba","Pf3D7_13_v3-2114242-2114482-1A","CTTCCATTAACTCAATATATAATTTATTAATAATTTTTAATTTGTTTATTTCAAAAAGGCATAGTTGTAACAAGGTTCTTAAGGTTCTATTACCCCCTAAGAGGTTAAAATGAATATTTCCTTTTTCTCGTATATGCAAAAAATCCCTTAACAATAAATCATATTCATCAGTATGAAATGT","Pf3D7_13_v3-2114242-2114482-1A.1","67G76T137+8N",2031,0.620152671755725,3
"IM-23-122-NLRL","8039832561","Maziba","Pf3D7_13_v3-2114242-2114482-1A","CTTCCATTAACTCAATATATAATTTATTAATAATTTTTAATTTGTTTATTTCAAAAAGGCATAGTTTTAACAAGGTTCTTAAGTTTCTATTACCCCCTAAGAGGTTAAAATGAATATTTCCTTTTTCTCGTATATGCAAAAAATCCCTTAACAATAAATCATATTCATCAGTATGAAATGT","Pf3D7_13_v3-2114242-2114482-1A.4","76T84T137+8N",219,0.0668702290076336,3
"IM-23-122-NLRL","8039832561","Maziba","Pf3D7_13_v3-2114829-2115090-1A","ATTCAATATATATAAAAATATAGCTAATAAACATTTCAAATCTCCATTAAGAACTTTATTCATCTTAACAAAAGCTCTATGAACTTCTGTATCTATAGTCGATTTTGTTATTCTAAGCATATCATTAAGTAAAAAATTTAAGGTATCGACATTAACAGTGTAATAATTTCTTCCTAAATTTAAATGTTCTAAATAATTCAA","Pf3D7_13_v3-2114829-2115090-1A.2","130+8N141A192A",293,0.110858872493379,2
"IM-23-122-NLRL","8039832561","Maziba","Pf3D7_10_v3-1392371-1392620-1A","TGATGAAAATGATGATTCCCTTATTTCTAATTCTTTAGTACCCGAAACAAGTTACAATCAAGATTACTCTTTATACACTATTAATATTTTGAATGGACTTCCTGATAAAGAAAGTAATATGAAAAATATTGATTTAGAAAAATTTAAAGATACTTCAATACATACAAAGGAAGAGGGACCCATTGTA","Pf3D7_10_v3-1392371-1392620-1A.2","106+9N",1844,0.705432287681714,4
"IM-23-122-NLRL","8039832561","Maziba","Pf3D7_10_v3-1414337-1414596-1A","GACCTGAATGGAAAGGCCAATGTGATAAATTTGAAAAAGAAAAAAGTAAATATGAAGATACTAAAAGTATAACTGCTGAAAAATATTTAAAAGAAATATGTTCTGAATGTGATTGTAAATATAAAGATTTGGATAATACATTTAAAGAATTTAAAGATAACGTTACACTTCTTAAAGCAGTAATTGATAACAAA","Pf3D7_10_v3-1414337-1414596-1A.2","39+8N",1972,0.474608904933815,3
"IM-23-122-NLRL","8039832561","Maziba","Pf3D7_13_v3-1725379-1725652-2","ATTATTTCTTCTAGGTATATTTAAATTACTTGAAACATACCATACATCTCTTAAACGATCATACACCTCAGTTTCAAATAAAGCCTTATAATCATAGTTATTACCACCAAAAACGTATAAGAAATTATTCAATACAGCACTTCCAAAATAAGCTTTTTTGGTAGACATAGGTGTACACATACGCCAGCATTGTTGACTAATATCTAATAATTCCA","Pf3D7_13_v3-1725379-1725652-2.1","153+8N",1815,1,1
"IM-23-122-NLRL","8039832561","Maziba","Pf3D7_04_v3-284121-284364-1A","ATATTGTATATTATCATAAGATTTATATGGAGGACCACATTGAAATCCGACAATTTCATTTGATGCATGTAGTACACATTCCGTATTTCTGTTTGAATTATTTAAAATAATTTTATTACTTAGAAATGATTCTTTTTCACTATAATCTTTATATAACAAAGAGTCTTCATCAATTTGA","Pf3D7_04_v3-284121-284364-1A.3","162A",1423,0.447906830343091,2
"IM-23-122-NLRL","8039832561","Maziba","Pf3D7_13_v3-1725464-1725719-1B","ATCATAGTTATTACCACCAAAAACGTATAAGAAATTATTCAATACAGCACTTCCAAAATAAGCTTTTTTGGTAGACATAGGTGTACACATACGCCAGCATTGTTGACTAATATCTAATAATTCCATCGAATTTAAATATTCTACACCATCAAATCCACCTATACAAAATACTAATGGGAATGGTAAAAATTTAATACCA","Pf3D7_13_v3-1725464-1725719-1B.1","63+8N",846,0.408893185113581,2
"IM-23-122-NLRL","8039832561","Maziba","Pf3D7_13_v3-1725887-1726123-2","AAATAGCTCCACCAACATTAATATCAATCATAGTTTCAGTAGCAATATTTGCATCAACAATTTTTTTTTTATCATTCTCAAAATTTTTATATTCTTGATAATATTTTTCTTTTTCTAAATATAATACTAATTTAATTTTATCGATTTCTTGTAAAAATCTTAATCTTTCTTCATCAA","Pf3D7_13_v3-1725887-1726123-2.1","60+12N",3919,1,1
"IM-23-122-NLRL","8039832561","Maziba","Pf3D7_11_v3-115913-116184-1A","ACCTCCCGATGTTATAAATATTATATTATCATCATCATTTGGAAGGAAATTCTCCTCTAATGTTTTTAATATTTCATCTATATTTTTAGGTCTCAATTTACTATTGAAAAATTTTGAATACTTCAAAAAATAATCATCATCTTTTACATTACATATATTATCATTATTTTCATTTTGTTTTAGTAGTTCATCTTTTATATTATC","Pf3D7_11_v3-115913-116184-1A.3","124+8N",423,0.497062279670975,4
"IM-23-122-NLRL","8039832561","Maziba","Pf3D7_10_v3-1414599-1414832-1A","ATCTAGATCAACGAGGGAATATAACGACATCTCAAGGAAATTCACACCGTGCAACTGTTGTGCAACAAGCTGATCAAACCAACAGATTAGATAATGTAAACTCTGTAACGCAAAGAGGAAATAATAACTACAACAATAATTTAGAGCGTGGATTGGGTTCTGGTGCT","Pf3D7_10_v3-1414599-1414832-1A.19","26G70C",184,0.0165661294679031,2
"IM-23-122-NLRL","8039832561","Maziba","Pf3D7_10_v3-992331-992603-1A","TCATTATATTTTTAAAAAAAAAAATTATGATATAAAATCTTCAATTAATAAAAGATCTATCCAGTTCTTTAAAGACACTAATATAGATCATTATATAGCATATGAATATTATAAGGAGGACCGTACAGAATTTATATTAACTATTATGAATGAAAAAAATATTACTCATCAAGAAACTCAAAGTCTTGAAATGAAAAAGTTGAAAG","Pf3D7_10_v3-992331-992603-1A.3","13+13N127A152+9N",807,0.537641572285143,3
"IM-23-122-NLRL","8039832561","Maziba","Pf3D7_01_v3-181512-181761-1A","TTCATTATTGTTTTCATTCTTTTTTTAACTAAAACTATTCATCTCAAAAATATAAGATATTTTATATGACGAATGCCATTGTATTTTTTGTTACGTAAAACCTGACTTCTTCAAGGAAAACACATGCGCATTTTCACCAATTTTTGCCTAAGCTTATTATAAAAAGTATATTAAATGTATGAC","Pf3D7_01_v3-181512-181761-1A.1","19+9N30T83+8N",632,0.129243353783231,4
"IM-23-122-NLRL","8039832561","Maziba","Pf3D7_11_v3-1295103-1295335-1A","ACTACTGCTTTGTCCCATCCCATCGAAGTTGAAAACAATTTTCCATGTTCATTATATAAAGATGAAATAATGAAAGAAATCGAAAGAGAATCAAAACGAATTAAATTAAATGATAATGATGATGAAGGGAATAAAAAAATTATAGCTCCAAGAATTTTTATTTCAGATGATAAA","Pf3D7_11_v3-1295103-1295335-1A.1","132+9N",137,0.0216600790513834,3
"IM-23-122-NLRL","8039832561","Maziba","Pf3D7_13_v3-1876391-1876664-1A","TACTATCTGTAAAAGTATGTTTAGAACTAACATTTGAAGAGAAGTTACATCCGTGTATGACTTTTTTTTCATATTTTGGTTTTAAAACTATTTTATAATTATTATTTTTAAATTTGCATGTACATTCTGTATTAACATCTTTTGATGTAACATAAAATGGAGCTTTAAAGATAGTTAAGTTTTTATGATAAATTATTTTATTACTTTTATATA","Pf3D7_13_v3-1876391-1876664-1A.3","1T61+10N",23,0.0143302180685358,3
"IM-23-122-NLRL","8039832561","Maziba","Pf3D7_10_v3-1392371-1392620-1A","TGATGAAAATGATGATTCCCATTTTTCTAATTCTTTAGTATCTGAAACGAGTTACAATCAAGATTACTCTTTATACACTATTAATATTTTGAATGGACTTCCTGATAAAAAAAGTAATATGAAAAATATTGATTTAGAAAAATTTAAAGATACTTCAATACATACAAAGGAAGAGGGACCCATTGTA","Pf3D7_10_v3-1392371-1392620-1A.3","21A23T41T43T49G106+9N",122,0.0466717674062739,4
"IM-23-122-NLRL","8039832561","Maziba","Pf3D7_13_v3-2114829-2115090-1A","ATTCAATATATATAAAAATATAGCTAATAAACATTTCAAATCTCCATTAAGAACTTTATTCATCTTAACAAAAGCTCTATGAACTTCTGTATCTATAGTCGATTTTGTTATTCTAAGCATATCATTAAGTAAAAAATTTACGGTATCGACATTAACAGTGTAATAATTTCTTCCTAAATTTAAATGTTCTAAATAATTCAA","Pf3D7_13_v3-2114829-2115090-1A.1","130+8N192A",2350,0.889141127506621,2
"IM-23-122-NLRL","8039832561","Maziba","Pf3D7_13_v3-2504481-2504734-1B","TAAAATGTGTTGATGATTTTAACAATATGGTTATAACGATAAAAGAGGAAGTAAACAATCATTGGGAAAATAATATATACAATAAAAAGGATATGGTTAATTATACAAATGAAAATTATAATGATAATATATTAACATATGAATATATTAATGAAACACTTAGAAAAGAAAAAAAAAGATATTATA","Pf3D7_13_v3-2504481-2504734-1B.1","168+11N",1133,1,1
"IM-23-122-NLRL","8039832561","Maziba","Pf3D7_11_v3-119432-119705-1A","CTCCTTTATATTCATCAAGAAATTTCATCCAAAAGTAATTATGTTTTTCTTGTTGATATTTTGCTTTATACAAACGAGCAAGATACTTATTATACGATTCATGCTCTTTAATTTTCTTTTCAAAAGTTTTGGTTATAATGTGTTCAAGTGATTGTAAAGTATTTTTCTTTAATTTTCTCCATATTAATCTACATGCGATTATAAGAA","Pf3D7_11_v3-119432-119705-1A.2","33A89A",1,0.000603864734299517,3
"IM-23-122-NLRL","8039832561","Maziba","Pf3D7_06_v3-532166-532407-1A","AGAACAATTGCTAAACACCAAATTGGGTGAAACAAAAAACCACCTGAACAGAACCCCATTTATACCTGAATCGGTCATACGAGAAAGGAAATTACGCCAAGAAAAAGCGCAATCCACAAACAACATGTTCGATTCAACAAACGCAGATAGTATTACTTCCCCATGTGATCCAACGAATGCCACG","Pf3D7_06_v3-532166-532407-1A.1","33+8N109G157T",25,0.00272242186649243,6
"IM-23-122-NLRL","8039832561","Maziba","Pf3D7_06_v3-532166-532407-1A","AGAACAATTGCTAAACACCAAATTGGGTGAAACAAAAAACCACCTGAACAGAACCCCATTTATACCTGAATCGGTCATACGAGAAAGGAAATTACGCCAAGAAAAAGCTCAATCCACAAACAACATGTTCGATTCAACAAACGCAGATAGTATTACTTCCCCATGTGATCCAACGAATGCCACG","Pf3D7_06_v3-532166-532407-1A.5","33+8N157T",4181,0.455297832952194,6
"IM-23-122-NLRL","8039832561","Maziba","Pf3D7_11_v3-115913-116184-1A","ACCTCCAGATGTTATAAATATTATATTATCATCATCATTTGGAAGGAAATTCTCCTCTAATGTTTTTAATATTTCATCTATATTTTTAGGTCTCAATTTACTATTGAAAAATTTTGAATACTTCAAAAAATAATCATCATCTTTTACATTACATATATTATCATTATTTTCATTTTGTTTTAGTAGTTCATCTTTTTTATTATC","Pf3D7_11_v3-115913-116184-1A.1","7A124+8N197T",42,0.0493537015276146,4
"IM-23-122-NLRL","8039832561","Maziba","Pf3D7_10_v3-1414599-1414832-1A","ATCTAGATCAACGAGGGAATATAACAACATCTCAAGGAAATTCACACCGTGCAACTGTTGTGCAACAAGCTGATCAAACCAACAGATTAGATAATGTAAACTCTGTAACGCAAAGAGGAAATAATAACTACAACAATAATTTAGAGCGTGGATTGGGTTCTGGTGCT","Pf3D7_10_v3-1414599-1414832-1A.1","70C",10923,0.983433870532097,2
"IM-23-122-NLRL","8039832561","Maziba","Pf3D7_09_v3-270915-271160-1A","CTTTGTATGTATTATCTGTTGTTTTATCTTCACCTTGATTTCCTGTACTTGTAGATTCAGTAGATGGACCTTCAGAACCTGATATTTCATCACTAGTAGATGCAGCACTTGTACTTTTAGATTGTTCTTTTAATGGTCCCATATATTTGTATAATTCTATTTCTAAATCTTGATCCTTGGTTTTTTCTTCTAA","Pf3D7_09_v3-270915-271160-1A.8","180+8N",333,0.0736074270557029,2
"IM-23-122-NLRL","8039832561","Maziba","Pf3D7_13_v3-1419363-1419626-1A","TTTTGAAATCTGTATATTTTTTATCATGTTCATCGAGATTTATTTTGTTCTCTTTGTTTGAAATATCAACTACATGATTAAAAACATCTCCTAAATTATATAATTTCTTATCTAGGTCTTTTCGAAATGTCGATTCTCCTCCTTGTGCTGGTTTTTGTACTTCTTTTCCTTGTGTTGATATCTCTTGTTCATTTTTAGATTGAG","Pf3D7_13_v3-1419363-1419626-1A.5","16+8N24T28G52C123C166T",704,0.5961049957663,3
"IM-23-122-NLRL","8039832561","Maziba","Pf3D7_10_v3-992331-992603-1A","TCATTATATTTTTAAAAAAAAAAATTATGATATAAAATCTTCAATTAATAAAAGATCTATCCAGTTCTTTAAAGACACTAATATAGATCATTATATAGCATATGAATATTATAAGGAGGACCGTACGGAATTTATATTAACTATTATGAATGAAAAAAATATTACTCATCAAGAAACTCAAAGTCTTGAAATGAAAAAGTTGAAAG","Pf3D7_10_v3-992331-992603-1A.2","13+13N152+9N",358,0.238507661558961,3
"IM-23-122-NLRL","8039832561","Maziba","Pf3D7_10_v3-992596-992869-1A","GAAAATAATAAAATGCACAGTATCAATTCTGATAGAAATAAAAATGATTATATTCCATCTTCCTATTTACATACAATATATAAAACATTTAGCGAACATATAAACCGAGATAATGGAAATATTTATGATGATGAAAAAAAAAATTTATATGATGGAACTGTTTTTTATATAGAAACATTAAACGAATTAAGAATTATAAATATATTATTTTCA","Pf3D7_10_v3-992596-992869-1A.1","133+12N160+8N",297,1,1
"IM-23-122-NLRL","8039832561","Maziba","Pf3D7_11_v3-1293919-1294168-1A","TCCATATCAAAATAGTGATGTGTATCGTCCAATCAACGAACATAGGGAACATCCAAAAGAATACCAATATCCATTACACCAGGAACATACATACCAACAAGAAGATTCAGGAGAAGACGAAAATACATTACAACACGCATATCCAATAGACCACGAAGGTGCCGAACCCGCACCACAAGAACAAAATTTAT","Pf3D7_11_v3-1293919-1294168-1A.14","65C",16,0.00355713650511338,7
"IM-23-122-NLRL","8039832561","Maziba","Pf3D7_11_v3-1006693-1006917-1A","GTGGGGGAGAGAATTTTACCTTGATACGCTCCCATGTTTTATCCTTTATACAATACATATAAGTGTCATTGGTAATATATGACCCTCTTTTACCTCCGTAAAGAAATAAACAATCTTCTTTTTTTTCAGTGGAGTAAATTAAATTTAATTTTGCAAAATAGCGTGG","Pf3D7_11_v3-1006693-1006917-1A.5","27C118+10N",4,0.000732600732600733,3
"IM-23-122-NLRL","8039832561","Maziba","Pf3D7_06_v3-176108-176338-1A","ATTATTATTATTATTATTATGCTGATGATGATGATGATCTGTGTTAAGATCATCTTCTATACCATTAGTTAAACATTTTATATTTTTATTCATATAAACATTAATCTTCACAACAGATTTATCAGATCTAGAAAATCTTGTACCTGTTGCTTTATGTAACAATAT","Pf3D7_06_v3-176108-176338-1A.2","1+38N",65,0.0219594594594595,3
"IM-23-122-NLRL","8039832561","Maziba","Pf3D7_06_v3-416462-416720-1A","AAGAAAAAATGGACATTGTGGAGAATATAAAAAATAGAGGAAAGGAAAAAACAGAATTAACATATAAAGAAGTATATAAAACACAACAGAATCAAAATGATGCAAGTTTAAATTCATTTTGGGGTGATGAAAAAAAAAATAATAATTATGATATAGATATAGTAAAAGAGAAATATAGTGAGTTAATGAAAAAAAAAGAA","Pf3D7_06_v3-416462-416720-1A.1","3+8N28+8N45+8N129+12N188+11N",1981,0.955159112825458,2
"IM-23-122-NLRL","8039832561","Maziba","Pf3D7_09_v3-202854-203106-1A","AATATACAAAGAATGTATATGATAAAATATTCTTTGTCCTTTAAAATTTTTTGTTCTTGTACTTTGTTTTTTATAATCTATTAAATTCATATCTGATGAAATATCATATTTATATTCCCCTTTATGAGCATTTACAAAAGTTTCGTTATTTCTTTTATTAATATATGTATTTGAGCACATATATTTAT","Pf3D7_09_v3-202854-203106-1A.2","46+8N66+8N146T",1544,0.483557782649546,5
"IM-23-122-NLRL","8039832561","Maziba","Pf3D7_06_v3-532166-532407-1A","AGAACAATTGCTAAACACCAAATTGGGTGAAACAAAAAACCACCTAAACAGAACCCCATTTATACCTGAATCGGTCATACGAGAAAGGAAATTACGCCAAGAAAAAGCTCAATCCACAAACAACATGTTCGATTCAACAAACGCAGATAGTATTACTTCCCCATGTGATCCAACGAATGCCACG","Pf3D7_06_v3-532166-532407-1A.79","33+8N46A157T",193,0.0210170968093216,6
"IM-23-122-NLRL","8039832561","Maziba","Pf3D7_13_v3-1725464-1725719-1B","ATCATAGTTATTACCACCAAAAACGTATAAGAAATTATTCAATACAGCACTTCCAAAATAAGCTTTTTTGGTAGACATAGGTGTACACATACGCCAGCATTGTTGACTAATATCTAATAATTCCATCGAATTTAAATATTCTACACCATCAAATCCACCTATACAAAATACTAATGGGAATAGTAAAAATTTAATACCA","Pf3D7_13_v3-1725464-1725719-1B.8","63+8N182A",1223,0.591106814886419,2
"IM-23-122-NLRL","8039832561","Maziba","Pf3D7_10_v3-1414337-1414596-1A","GACCTGAATGGAAAGGTCAATGTGATAAATTTGAAAAAGAAAAAAGTAAATATGAAGATACTAAAAGTAGAACTGCTGAAATATATTTAAAAGAAATATGTTCTGAATGTGATTGTAAATATAAAGATTTGGATAATACATTTAAAGAATTTAAAGATAACGTTACGCTTCTTAAAGCAGTAATTGATAACAAA","Pf3D7_10_v3-1414337-1414596-1A.1","17T39+8N70G82T167G",2171,0.522503008423586,3
"IM-23-122-NLRL","8039832561","Maziba","Pf3D7_11_v3-1295103-1295335-1A","ACTACTGCTTTGTCCCATCCCATCGAAGTTGAAAACAATTTTCCATGTTCATTATATAAAAATGAAATAATGAAAGAAATCGAAAGAGAATCAAAACGAATTAAATTAAATGATAATGATGATGAAGGGAATAAAAAAATTATAGCTCCAAGAATTTTTATTTCAGATGATAAA","Pf3D7_11_v3-1295103-1295335-1A.5","61A132+9N",2468,0.390197628458498,3
"IM-23-122-NLRL","8039832561","Maziba","Pf3D7_13_v3-1419363-1419626-1A","TTTTGAAATCTGTATATTTTTTATCATGTTCATCGAGATTTATTTTGTTCTCTCTGTTTGAAATATCAACTACATGATTAAAAACATCTCCTAAATTATATAATTTCTTATCTAGGTCTTTTCGAAATGTCGATTCTCCTCCTTGTGCTGGTTTTTGTACTTCTTTTCCTTGTGTTGATATCTCTTGTTCATTTTTAGATTGAG","Pf3D7_13_v3-1419363-1419626-1A.4","16+8N24T28G52C54C123C166T",330,0.279424216765453,3
"IM-23-122-NLRL","8039832561","Maziba","Pf3D7_11_v3-1019050-1019319-1A","TCAAAACTTATTGCTACCGTAATACCTAAAGGAGGCATTTTACATAATCTTTTTACACTCGTAAGAATATTATTATAAAAGATTTCTTGATATCTATCATACATATGAATATTATTTAGAGATTTATATATATTATTATTTTGTTCATATAATAATATATTATTTAAAGACTTATCCATAATTTTTGTACATTTTATATTTTCTATA","Pf3D7_11_v3-1019050-1019319-1A.1",".",511,1,1
"IM-23-122-NLRL","8039832561","Maziba","Pf3D7_11_v3-1006693-1006917-1A","GTGGGGGAGAGAATTTTACCTTGATACGCTCCCATGTTTTATCCTTTATACAATACACATAAGTGTCATTGGTAATATATGACCCTCTTTTACCTCCGTAAAGAAATAAACAATCTTCTTTTTTTTCAGTGGAGTAAATTAAATTTAATTTTGCAAAATAGCGTGG","Pf3D7_11_v3-1006693-1006917-1A.3","27C58C118+10N",395,0.0723443223443224,3
"IM-23-122-NLRL","8039832561","Maziba","Pf3D7_11_v3-1006693-1006917-1A","GTGGGGGAGAGAATTTTACCTTGATATGCTCCCATGTTTTATCCTTTATACAATACATATAAGTGTCATTGGTAATATATGACCCTCTTTTACCTCCGTAAAGAAATAAACAATCTTCTTTTTTTTCAGTGGAGTAAATTAAATTTAATTTTGCAAAATAGCGTGG","Pf3D7_11_v3-1006693-1006917-1A.1","118+10N",5061,0.926923076923077,3
"IM-23-122-NLRL","8039832561","Maziba","Pf3D7_06_v3-416462-416720-1A","AAGAGAAAATGGACATTGTGGAGAATATAAAAAATAGAGGAAAGGAAAAAACAGAATTAACATATAAAGAAGTATATAAAACACAACAGAATCAAAATGATGCAAGTTTAAATTCATTTTGGGGTGATGAAAAAAAAAATAATAATTATGATATAGATATAGTAAAAGAGAAATATAGTGAGTTAATGAAAAAAAAAGAA","Pf3D7_06_v3-416462-416720-1A.2","3+8N28+8N45+8N129+12N188+11N",93,0.0448408871745419,2
"IM-23-122-NLRL","8039832561","Maziba","Pf3D7_11_v3-1018781-1019053-1A","TTTTTGATTCATATCATTATCATAATTATATATATATTGATCTCTGTCTATATGGGGAGCAAAAAAATATAAAGGATGTTGTGTTAAGGCTAATAATAATTCTGTAGCTATACTACTACTTATGTTACTTATACCACATCTAGTGACTGTACATTTTTCATCTAATGTTCTATAGGATAAAGAATCTGAAGGACAATGCATATCAT","Pf3D7_11_v3-1018781-1019053-1A.2","60+9N",596,1,1
"IM-23-122-NLRL","8039832561","Maziba","Pf3D7_11_v3-1127074-1127316-1A","AACATTTTAATATTCCTAATTTCGAAAATATGATGAAAGGAGTTTTTGGAATTATTCAAAATCCTTTTGAAAATGGCCAACCCACTTTCCCATTCTTTAAAAATATTAATTCGATCTCTGGAATCGGTAATGTTGATATCCCCAAAAATTTTATGAATGATTTTTTGAATAATGGAAATGATCAAAACA","Pf3D7_11_v3-1127074-1127316-1A.1","13T160+8N",2549,0.520416496529196,2
"IM-23-122-NLRL","8039832561","Maziba","Pf3D7_11_v3-115913-116184-1A","ACCTCCAGATGTTATAAATATTATATTATCATCATCATTTGGAAGGAAATTCTCCTCTAATGTTTTTAATATTTCATCTATATTTTTAGGTCTCAATTTACTATTGAAAAATTTTGAATACTTCAAAAAATAATCATCATCTTTTACATTACATATATTATCATTATTTTCATTTTGTTTTAGTAGTTCATCTTTTATATTATC","Pf3D7_11_v3-115913-116184-1A.4","7A124+8N",3,0.00352526439482961,4
"IM-23-122-NLRL","8039832561","Maziba","Pf3D7_09_v3-202854-203106-1A","AATATACAAAGAATGTATATGATAAAATATTCTTTGTCCTTTAAAATTTTTTGTTCTTGTACTTTGTTTTTTATAATCTATTAAATTCATATCTGATGAAATATCATATTTATATTCCCCTTTATGAGCATTTACAAAAGTTTCGCTATTTCTTTTATTAATATATGTATTTGAGCACATATTTTTAT","Pf3D7_09_v3-202854-203106-1A.3","46+8N66+8N183T",3,0.000939555277168807,5
"IM-23-122-NLRL","8039832561","Maziba","Pf3D7_11_v3-1127074-1127316-1A","AACATTTTAATAGTCCTAATTTCGAAAATATGATGAAAGGAGTTTTTGGAATTATTCAAAATCCTTTTGAAAATGGCCAACCCACTTTCCCATTCTTTAAAAATATTAATTCGATCTCTGGAATCGGTAATGTTGATATCCCCAAAAATTTTATGAATGATTTTTTGAATAATGGAAATGATCAAAACA","Pf3D7_11_v3-1127074-1127316-1A.2","160+8N",2349,0.479583503470804,2
"IM-23-122-NLRL","8039832561","Maziba","Pf3D7_10_v3-1414337-1414596-1A","GACCTGAATGGAAAGGCCAATGTGATAAATTTGAAAAAGAAAAAAGTAAATATGAAGATACTAAAAGTATAACTGCTGAAAAATATTTAAAAGAAATATGTTCTGAATGTGATTGTAAATATAAAGATTTGGATAATACATTTAAAGAATTTAAAGATAACGTTACGCTTCTTAAAGCAGTAATTGATAACAAA","Pf3D7_10_v3-1414337-1414596-1A.8","39+8N167G",12,0.00288808664259928,3
"IM-23-122-OBAR","8073804906","Maziba","Pf3D7_04_v3-1113397-1113639-1A","GATTCTGCATGCAGTAATGAATCTATTGAAATCATCTAAGAATAAACTTTTTTGTTTAAACCATTTATTGAACATTTCACTTAAATGTGATTCAATTTTTTTTTCTGAGCTTTCCATAATTTGATTACATCTATTCAATTTGTTTGTATAAGTTTTAGGTGTTATTATTCTTTTACGTTTTAAATCATC","Pf3D7_04_v3-1113397-1113639-1A.1","47+8N95+11N130T161G",1110,0.614277808522413,4
"IM-23-122-OBAR","8073804906","Maziba","Pf3D7_04_v3-1113397-1113639-1A","GATTCTGCATGCAGTAATGAATCTATTGAAATCATCTAAGAATAAACTTTTTTGTTTAAACCATTTATTGAACATTTCACTTAAATGTGATTCAATTTTTTTTTCTGAGCTTTCCATAATTTGATTACATCTATTCAATTTGTTTGTATAATTATTAGGTCTTATTATTCTTTTACGTTTTAAATCATC","Pf3D7_04_v3-1113397-1113639-1A.3","47+8N95+11N130T152T154A",2,0.00110680686220255,4
"IM-23-122-OBAR","8073804906","Maziba","Pf3D7_04_v3-1113397-1113639-1A","GATTCTGCATGCAGTAATGAATCTATTGAAATCATCTAAGAATAAACTTTTTTGTTTAAACCATTTATTGAACATTTCACTTAAATGTGATTCAATTTTTTTTTCTGAGCTTTCCATAATTTGATTACAACTATTCAATTTGTTTGTATAAGTTTTAGGTCTTATTATTCTTTTACGTTTTAAATCATC","Pf3D7_04_v3-1113397-1113639-1A.2","47+8N95+11N",3,0.00166021029330382,4
"IM-23-122-OBAR","8073804906","Maziba","Pf3D7_04_v3-133928-134154-1A","TTTTGAAATATCTAATTTATTCATTTGCCTTTTTATTTCATAGTCCCAACTACTTACCCAGGTATTAAAATTAATACAATCCTGTTCTGCATATTTTATGGCTTTTAAATCCCTCAATTTAGTAGCCCTATCTTCACAATAATCTTCTAATATTTTAAT","Pf3D7_04_v3-133928-134154-1A.2",".",1670,1,1
"IM-23-122-OBAR","8073804906","Maziba","Pf3D7_04_v3-140317-140548-1A","TCGGGACAATATTATAAGGATTTTATCACATCAAGGAAAAATATTTATAATATAAGGGAAAATATATCCAAAAATGTAGATATGATAAAAAATGAAGAAAAGAAGAAAATACAGAATTGTGTAGATAAATATAATTCTATAAAACAATATGTAAAAATGCTTAAA","Pf3D7_04_v3-140317-140548-1A.1","86+8N",718,0.376310272536688,2
"IM-23-122-OBAR","8073804906","Maziba","Pf3D7_04_v3-115455-115684-1A","TATTAATGTCATTTTGTTTTTCTTTATTATTATTATTTTTATTTTTTCCCTGGTTATCTTCCTTATTACCTAGCTTTTTTTTGTTGTCATTATTTTCTGTCTGATTATTATTTTTGACTCTGTTCATCTTTGAATTATCCGTTCTGTTTGTATGTCTCAAGCAAGGT","Pf3D7_04_v3-115455-115684-1A.2","24+25N74+10N120C",911,0.561998766193708,2
"IM-23-122-OBAR","8073804906","Maziba","Pf3D7_09_v3-202854-203106-1A","AATATACAAAGAATGTATATGATAAAATATTCTTTGTCCTTTAAAATTTTTTGTTCTTGTACTTTGTTTTTTATAATCTATTAAATTCATATCTGATGAAATATCATATTTATATTCCCCTTTATGAGCATTTACAAAAGTTTCGTTATTTCTTTTATTAATATATGTATTTGAGCACATATATTTAT","Pf3D7_09_v3-202854-203106-1A.2","46+8N66+8N146T",416,0.389513108614232,3
"IM-23-122-OBAR","8073804906","Maziba","Pf3D7_09_v3-164045-164311-1A","ATCAACTGGTGTTGCAAAACCATTAGTTACCAATTTTAATTCTCCATTTAGTGCTTTTGGTAAAACAAATACCAGTGATATATTTAAAACTAATACTACTGCATCAACTACAAATGCAACTGCAACTGCAACTCCTGCTCCCTTTGGATCAGCATTTGGAGCGCAAAAGAATAATGATAGCTTGTTTGGAAATAATGCATTCAAGCTTTCG","Pf3D7_09_v3-164045-164311-1A.1",".",783,0.93436754176611,2
"IM-23-122-OBAR","8073804906","Maziba","Pf3D7_09_v3-164045-164311-1A","ATCAACTGGTGTTGCAAAACCATTAGTTACCAATTTTAATTCTCCATTTAGTGCTTTTGGTAAAACAAATACCAGTGATATATTTAAAACTAATACTACTGCATCAACTACAAATGCAACTGCAACTGCAACTGCAACTGCAACTCCTGCTCCCTTTGGATCAGCATTTGGAGCGCAAAAGAATAATGATAGCTTGTTTGGAAATAATGCATTCAAGCTTTCG","Pf3D7_09_v3-164045-164311-1A.27","134I=GCAACTGCAACT",55,0.0656324582338902,2
"IM-23-122-OBAR","8073804906","Maziba","Pf3D7_09_v3-202854-203106-1A","AATATACAAAGAATGCATATGATAAAATATTCTTTGTCCTTTAAAATTTTTTGTTCTTGTACTTTGTTTTTTATAATCTATTAAATTCATATCTGATGAAATATCATATTTATATTCCCCTTTATGAGCATTTACAAAAGTTTCGCTATTTCTTTTATTAATATATGTATTTGAGCACATATTTTTAT","Pf3D7_09_v3-202854-203106-1A.1","16C46+8N66+8N183T",650,0.608614232209738,3
"IM-23-122-OBAR","8073804906","Maziba","Pf3D7_09_v3-202854-203106-1A","AATATACAAAGAATGCATATGATAAAATATTCTTTGTCCTTTAAAATTTTTTGTTCTTGTACTTTGTTTTTTATAATCTATTAAATTCATATCTGATGAAATATCATATTTATATTCCCCTTTATGAGCATTTACAAAAGTTTCGTTATTTCTTTTATTAATATATGTATTTGAGCACATATATTTAT","Pf3D7_09_v3-202854-203106-1A.7","16C46+8N66+8N146T",2,0.00187265917602996,3
"IM-23-122-OBAR","8073804906","Maziba","Pf3D7_03_v3-653961-654206-1A","CTCGTACAATATTTTTATAATTTCCTTTCATCTTATTTTTTTCTTTATATTTTTTTTTTTCATATGTAAGATTTATATAATCACTTTCGCTTTTTCTAACGCTTTTGAACTTTTTAAATGTACTTCGTTCATTATTTCTAATTCTCGTAAACACAAGAATAAATATTTTGATATATCTTATA","Pf3D7_03_v3-653961-654206-1A.1","35+9N49+13N101G",713,1,1
"IM-23-122-OBAR","8073804906","Maziba","Pf3D7_03_v3-85507-85756-1A","TATCATTTAAATTCTCTTTTTCCACAGCTCCAGCATTTTTATTTATATCATCTACAACTACATCTTCCTTCACATAATTATTTATATAAAAATTATTATCATCTAAAGCATCTGAAAATTCTTCATTTAATACTTCTTCATCTTCTACATTAAATGTTTTCGTTCTTTCATCATCTAATAAA","Pf3D7_03_v3-85507-85756-1A.3",".",441,1,1
"IM-23-122-OBAR","8073804906","Maziba","Pf3D7_03_v3-855426-855697-1A","GTTATTTCAGTATGAGTTTCAACAGTTAATAATACTTCAGGATATGGATTGATACTTAACGTATGTACTCTCAATAATCTAGTATCAAATATATATGAAAATGTATACTCAGGAAAACATATAGTAGATAATCCATTATTATTCTCTATACATATTTTACTTATAGCTATATAATCGTAATTATCTTCTATTACTATTGGTTCTGTG","Pf3D7_03_v3-855426-855697-1A.3",".",293,0.620762711864407,2
"IM-23-122-OBAR","8073804906","Maziba","Pf3D7_03_v3-855426-855697-1A","GTTATTTCAGTATGAGTTTCAACAGTTAATACTACTTCAGGATATGGATTGATACTTAACATATGTACTCTCAATAATCTAGTATCAAATATATATGAAAATGTATACTCAGGAAAACATATAGTAGATAATCCATTATTATTCTCTATACATATTTTACTTATAGCTATATAATCGTAATTATCTTCTATTACTATTGGTTCTGTG","Pf3D7_03_v3-855426-855697-1A.2","32C61A",179,0.379237288135593,2
"IM-23-122-OBAR","8073804906","Maziba","Pf3D7_04_v3-115455-115684-1A","TATTAATGTCATTTTGTTTTTCTTTATTATTATTATTTTTATTTTTTCCCTGGTTATCTTCCTTATTACCTAGCTTTTTTTTGTTGTCATTATTTTCTGTCTGATTATTATTTTTGACTTTGTTCATCTTTGAATTATCCGTTCTGTTTGTATGTCTCAAGCAAGGT","Pf3D7_04_v3-115455-115684-1A.1","24+25N74+10N",710,0.438001233806292,2
"IM-23-122-OBAR","8073804906","Maziba","Pf3D7_04_v3-133581-133830-1A","CTCTCGATTATCATTACCTACTTCAGTCTTTACAATTGTAGGAGGTGTTTTAACATGATTATCCCCTCCATGAGGAGTAACCCTTAAAGGTTCTTCTTGAATATTTGGTGTCGCTTCGCCTGTTTCTGTAGAAAGGATATTTATTCTATCAACATATTCATCACCTTCTTCAACTGTACTATTTAAA","Pf3D7_04_v3-133581-133830-1A.1",".",196,1,1
"IM-23-122-OBAR","8073804906","Maziba","Pf3D7_09_v3-1015103-1015350-1A","ATTATTTAATTTTTCATCTTTTATATTTTTCAGATTTTTTATATGAAGATGTAGGAATACAACTAAATTAACAGCTGAAAATAATCTTACTAACAAAAATAATTTGAGGAATTCTTCATCATATAAATCTTTTGGAATATTATTTGTGCATTCATAAATTTCTATTAAGGATATAATAGTTATGA","Pf3D7_09_v3-1015103-1015350-1A.2","34+8N51G149C",198,0.466981132075472,2
"IM-23-122-OBAR","8073804906","Maziba","Pf3D7_09_v3-1406342-1406614-1A","TCTCAGATTATCATAGTGTTGTGGATGAAGATTTAATTAATTTTAATGATGATGTTACTTTAGAAACACAATCCATGATAGCACACGGAGGGTCTTTGTCAGAAATAGAAGAAACTGAAGATTTATCTTCAGATGTTGATAGATTACTTTCATCAATCGAAACTACTCCAAGAGATGATGTTGTATATATACGAGGTGATATTATATT","Pf3D7_09_v3-1406342-1406614-1A.3","118A148T204A",1236,1,1
"IM-23-122-OBAR","8073804906","Maziba","Pf3D7_09_v3-163813-164052-1A","GTAATAATAATAATAATAATGTATTTCTTTCATCAAGTGATCCAAATAAATTAAACACAACACCATCACCATTTGGTTTATCATCTATTGGAAATCTAAATACAAACAATAAATTAAATAGCTTTCCAGACTTTAGTCAAGCTAATAAAACATTTCTACAAAATGATAGCTTAT","Pf3D7_09_v3-163813-164052-1A.2","2+19N28T",869,1,1
"IM-23-122-OBAR","8073804906","Maziba","Pf3D7_04_v3-1037644-1037891-1A","GAAAGAGATTTAACAGATGATGCTGTGATTTTTGCACACTCACTTTATTTACCATTTGAAAAAGAAGAAATGTGGTGGATCGTTATCGGAATTAAAAAAATGAACTTACTTTTATCTATCAAAAAATTATCTTTATTGAAAAGTGTCAATAATATAAAAATTAATTTCGAATTGCCTGACA","Pf3D7_04_v3-1037644-1037891-1A.1","93+9N120+8N",1196,1,1
"IM-23-122-OBAR","8073804906","Maziba","Pf3D7_04_v3-1083299-1083563-2","ATACACTTTCCATATGTAGAGGACTTATGATATATAGAATTATAAGATAAATGTTTATAATAATCTAAAAAAGTATAATGAGGTATTATAACAAAATCCAAATGTCCTTCTTTTTCTTGTAAAATATCAATAGAATTTGCAATGTTATAATTTGATAACTCTTTAAAATGATATTGTAAAAAATTAACATTTTTATA","Pf3D7_04_v3-1083299-1083563-2.1","66+8N177+8N",77,1,1
"IM-23-122-OBAR","8073804906","Maziba","Pf3D7_04_v3-109939-110184-1A","CAACATCTGAATTATATAAATCTTTAGAAAAACAACTAATATCCTTACTACATATATTTATTTTTATACCAAGAATAACAGCCATATAAACCAAAACTCTCTCAAATGCATGTGATACAGGTAAATAAGAAAAATGGGTTTTCGGTTTCATGTTTTTTATTACATTATGATCACATAATGGTGCTACT","Pf3D7_04_v3-109939-110184-1A.5","50A51C108G152+8N",385,0.412647374062165,2
"IM-23-122-OBAR","8073804906","Maziba","Pf3D7_04_v3-109939-110184-1A","CAACATCTGAATTATATAAATCTTTAGAAAAACAACTAATATCCTTACTCCATATATTTATTTTTATACCAAGAATAACAGCCATATAAACCAAAACTCTCTCAAATGCATGTGATACAGGTAAATAAGAAAAATGGGTTTTCGGTTTCATGTTTTTTATTACATTATGATCACATAATGGTGCTACT","Pf3D7_04_v3-109939-110184-1A.2","51C108G152+8N",548,0.587352625937835,2
"IM-23-122-OBAR","8073804906","Maziba","Pf3D7_04_v3-1113397-1113639-1A","GATTCTGCATGCAGTAATGAATCTATTGAAATCATCTAAGAATAAACTTTTTTGTTTAAACCATTTATTGAACATTTCACTTAAATGTGATTCAATTTTTTTTTCTGAGATTTCCATAATTTGATTACATCTATTCAATTTGTTTGTATAATTATTAGGTCTTATTATTCTTTTACGTTTTAAATCATC","Pf3D7_04_v3-1113397-1113639-1A.4","47+8N95+11N110A130T152T154A",692,0.382955174322081,4
"IM-23-122-OBAR","8073804906","Maziba","Pf3D7_08_v3-550057-550318-2","ACTATTTGATATTGGATTAGGATTTGCGAAGAAACATGATCAATCTATTAAACTCTTACAAAATATACATGTATATGATGAGTATCCACTTTTTATTGGATATTCAAGAAAAAGATTTATTGCCCATTGCATGAATGATCAAAATGTTGTAATAAATACACAACAAAAATTACATGATGAACAACAAAATGAAAATAAAAATA","Pf3D7_08_v3-550057-550318-2.1",".",80,0.4,2
"IM-23-122-OBAR","8073804906","Maziba","Pf3D7_08_v3-550057-550318-2","ACTATTTGATATTGGATTAGGATTTGGGAAGAAACATGATCAATCTATTAAACTCTTACAAAATATACATGTATATGATGAGTATCCACTTTTTATTGGATATTCAAGAAAAAGATTTATTGCCCATTGCATGAATGATCAAAATGTTGTAATAAATACACAACAAAAATTACATGATGAACAACAAAATGAAAATAAAAATA","Pf3D7_08_v3-550057-550318-2.2","27G",120,0.6,2
"IM-23-122-OBAR","8073804906","Maziba","Pf3D7_08_v3-585331-585590-1A","TGAAAACTTTTCATGTACGGTTAATAAACAAAATAATTCTGAATTATATATAAGTAAAACTTCTTCTACATCTCTAAATTTATGCATTGTAGCTCTTTTAAGATAATAAGGCAAATATTTTACAATATATTTTTGTTTAAAAAAACCTTGATGACCAACATTAATATCTTCCATTTTGGAAAAGGTTCCACTTAACG","Pf3D7_08_v3-585331-585590-1A.1","138+9N",632,1,1
"IM-23-122-OBAR","8073804906","Maziba","Pf3D7_08_v3-585703-585949-1A","AAACACATCATCAAAAGTTTCTGATATTGGCTTGTTTGATTCTTTATATTTAAAATCTTTATATAAATAAAATCTATCTTTCTTAAAATATGGATCTTTACGTACTTCAATCGAATCCCTATCAGTTACAATATTTATATCTTTTAATGTTAAGTGGAAATTAGAATCAATAATAGCTA","Pf3D7_08_v3-585703-585949-1A.2","118C",943,1,1
"IM-23-122-OBAR","8073804906","Maziba","Pf3D7_08_v3-585993-586266-1A","TGTAAATATAAATCATACGTATGACATGAATCATCATTTAATGCATTCTTAATTGTTAATGCTAATCTACTTACAATAATATAAGCAAAGTTTATATGAGAATGAATACCTTCTTTTCCTAAAAAGTTATAAAGACTAACAAATGGAGCATATATTATAAATTTATCATACTTTTTTTTGTGCATAACTTCATTTAATAAAATATTT","Pf3D7_08_v3-585993-586266-1A.1","171+10N",684,1,1
"IM-23-122-OBAR","8073804906","Maziba","Pf3D7_09_v3-1015103-1015350-1A","ATTATTTAATTTTTCATCTTTTATATTTTTCAGATTTTTTATATGAAGATATAGGAATACAACTAAATTAACAGCTGAAAATAATCTTACTAACAAAAATAATTTGAGGAATTCTTCATCATATAAATCTTTTGGAATATTATTTGTGTATTCATAAATTTCTATTAAGGATATAATAGTTATGA","Pf3D7_09_v3-1015103-1015350-1A.1","34+8N",226,0.533018867924528,2
"IM-23-122-OBAR","8073804906","Maziba","Pf3D7_14_v3-407306-407542-1A","CTTTCTTTCGTCTTTCTGTTCATTATCCATATAATCTTTTTCTACTACCTTTTCATTCTTTACTTTATTTCTATTAATACACAATTCTCCTTGAGTTAAGAGATTTACGATATTATCAATATTGTTTTCTTTCATATACTTCAACTTTTTACTATTCATTTTTAAAAGA","Pf3D7_14_v3-407306-407542-1A.4","44A47A85T",488,0.404308202154101,3
"IM-23-122-OBAR","8073804906","Maziba","Pf3D7_14_v3-407306-407542-1A","CTTTCTTTCGTCTTTCTGTTCATTATCCATATAATCTTTTTCTCCTTCCTTTTCATTCTTTACTTTATTTCTATTAATACACAACTCTCCTTGAGTTAAGAGATTTACGATATTATCAATATTGTTTTCTTTCATATACTTCAACTTTTTACTATTCATTTTTAAAAGA","Pf3D7_14_v3-407306-407542-1A.1",".",718,0.594863297431649,3
"IM-23-122-OBAR","8073804906","Maziba","Pf3D7_14_v3-421322-421547-1A","TAAGAAAGATGAAGTAATAGAAAAAACTGAAGTATCAAAGAAAACATTTTCAGGTATAGGTTTTAATCTTACTGAAAAAGAAGCTAAAGTATTAGGTGTAGGTGTAACCTATCAAGAATATCCAGAAACCATGTTATATAACTGTCCAAACAATTCTA","Pf3D7_14_v3-421322-421547-1A.2","20+8N76A",494,0.578454332552693,2
"IM-23-122-OBAR","8073804906","Maziba","Pf3D7_14_v3-421322-421547-1A","TAAGAAAGATGAAGTAATAGAAAAAACTGAAGTATCAAAGAAAACATTTTCAGGTATAGGTTTTAATCTTACTGAGAAAGAAGCTAAAGTATTAGGTGTAGGTGTAACCTATCAAGAATATCCAGAAACCATGTTATATAACTGTCCAAACAATTCTA","Pf3D7_14_v3-421322-421547-1A.1","20+8N",360,0.421545667447307,2
"IM-23-122-OBAR","8073804906","Maziba","Pf3D7_14_v3-771407-771633-1A","ACCCACGGGACATTTTAATTTATACCTATTGGAACATTTTTTATTAGGTCTTTCTTTATGATTCTTCTTTAAAATAGGTTCATCATTATTTGAGTAAACTAACAGATTATTATCGTTCTCAAAATTATTATAACCATCAATATTTTTATTTCCATATACATCTATAA","Pf3D7_14_v3-771407-771633-1A.1","36+8N",2265,1,1
"IM-23-122-OBAR","8073804906","Maziba","Pf3D7_14_v3-921176-921432-1A","ACAATATTAATTTTATAAGTTCATTATTTCAATTTTATATTTAGGAGGATCTATATCCATATATTATTCATTTTAAAAATATTAAAATAAATACATATATAAATATATAAACATATAAAAACAGTCTTTTAAAAATTAATAAGATTTATATAAAATATGGTTATAAATCCTATTTTGTATTATATTAAA","Pf3D7_14_v3-921176-921432-1A.4","186T",477,1,1
"IM-23-122-OBAR","8073804906","Maziba","Pf3D7_06_v3-1135605-1135855-1A","TATAAAGAATTTATACCACCTAAATTGTTAACATTAGAAGTATTATTTGTTTCTGTATTTTCTTGTAACGTATTTGTATTATTAATATTGTTAGATGAAATATTATGACTATTTCTTCTATTTGTTATATTTAAATTGTAAATAGTTTCATTACTAACACTACTGATACCATTGAAATGATTATTTAG","Pf3D7_06_v3-1135605-1135855-1A.1","172T",807,1,1
"IM-23-122-OBAR","8073804906","Maziba","Pf3D7_06_v3-1136091-1136364-1A","CATTATTTTTGTATCCAACGTCGTTATTATTAAAACTTATTATTTGATTAATAACTGACGAACCACATATATTTACACAATGGAATACATAACTTAAGAAAGAGTAGTAATTGCATTTTACTTTTTGCATTTTCCCTCTGGTGGAGAAATAATTATTATGCTGCTTATTACTCTTTGTATTATGATAATTTTTGGTAATCATTTTTTTT","Pf3D7_06_v3-1136091-1136364-1A.1","173C201+9N",697,1,1
"IM-23-122-OBAR","8073804906","Maziba","Pf3D7_09_v3-270915-271160-1A","CTTTGTATGTATTATCTGTTGTTTTATCTTCACCTTGATTTCCTGTACTTGTAGATTCAGTAGATGGACCTTCAGAACCTGCTAATTCATCACTAGTAGATGCAGCACTTGTACTTTTAGATTGTTCTTTTAATGGTCCCATATATTTGTATAATTCTATTTCTAAATCTTGATCCTTGGTTTTTTCTTCTAA","Pf3D7_09_v3-270915-271160-1A.1","82C85A180+8N",1367,1,1
"IM-23-122-OBAR","8073804906","Maziba","Pf3D7_09_v3-516735-517007-1A","ATAGAAGGATATATAAAAAATTATCAAGAATCATATAATATAAATGACCATTGTAAATTAGTTCCATTAAATTTTTATAAAGATTCTATTTCTAATGATTTAGGTACTCCATGCCCTGTGAATAGTATTACCTTAAATGTGGGCGCAAAAACTATAAATGAATGTTTGTGTAATAAAGGATATTTCTATAATGTCAAGAAACAACAATGTAA","Pf3D7_09_v3-516735-517007-1A.2","14+8N211A",503,1,1
"IM-23-122-OBAR","8073804906","Maziba","Pf3D7_09_v3-595828-596094-1A","ATAATTTTTTCATCGTTCTTATACATGAATGATAAAGTCTTTTTGCAAAATTTTTTGAAGAGATCAGATTTGAGATAAAGACGTTTGGCTAATCTATAGGAGAATTCTAGAGCATCTAATTTTATATTTAAACATTTTTTCGTATCCAATATATTATAATTTTGTTCATAAGTCTGTTCGTTTATATTATTTAATACTTTT","Pf3D7_09_v3-595828-596094-1A.4","4+8N27G50+8N94C99G108T134+8N180G",364,0.620102214650767,2
"IM-23-122-OBAR","8073804906","Maziba","Pf3D7_09_v3-595828-596094-1A","ATAATTTTTTCATCGTTCTTATACATGAATGATAAAGTCTTTTTGCAAAATTTTTTGAAGAGATCAGATTTGAGATAAAGACGTTTGGCTAATTTATACGAGAATTCTAGAGCATCTAATTTTATATTTAAACATTTTTTCGTATCCAATATATTATAATTTTGTTCATAAGTCTGTTCGTTTATATTATTTAATACTTTT","Pf3D7_09_v3-595828-596094-1A.8","4+8N27G50+8N108T134+8N180G",223,0.379897785349233,2
"IM-23-122-OBAR","8073804906","Maziba","Pf3D7_09_v3-685560-685825-1A","GAACCAAACAACGACAAAGGAACAAGATAATTTTTTCAATTTTTATAAAAGTAATATATATGATATGGAAAATAGAACATGTAATAATAATATATTACAATATTGTGTTATGAATAATAAATCATATTTATTTCATAATATATCATCCAAAAAAAATATATATATAAAAAAAAAGAATCATCAGTTTTCTTTATTCATATATT","Pf3D7_09_v3-685560-685825-1A.3","30+8N38A79A148+10N165+11N",10,0.416666666666667,2
"IM-23-122-OBAR","8073804906","Maziba","Pf3D7_09_v3-685560-685825-1A","GAACCAAACAACGACAAAGGAACAAGATAATTTTTTCAATTTTTATAAAAGTAATATATATGATATGGAAAATAGAACCTGTAATAATAATATATTACAATATTGTGTTATGAATAATAAATCATATTTATTTCATAATATATCATCCAAAAAAAATATATATATAAAAAAAAAGAATCATCAGTTTTCTTTATTCATATATT","Pf3D7_09_v3-685560-685825-1A.4","30+8N38A148+10N165+11N",14,0.583333333333333,2
"IM-23-122-OBAR","8073804906","Maziba","Pf3D7_09_v3-82006-82236-1A","TTTATCATCTTTAGGCCATAACCAGAGTACAAGCAATCCAACTATAACAATTGTAATTAACATTATAAATACTGTAATACCATAAACACTACCAGAAGCGATCAGAAATGCACTAAAAGTATAAGAACATTCACTTGGAATAAGAGTAGCGATAAAACTAAAAATAGC","Pf3D7_09_v3-82006-82236-1A.4","95G125G137G",2365,1,1
"IM-23-122-OBAR","8073804906","Maziba","Pf3D7_10_v3-1386657-1386909-1A","CGATTTTGGTAGGGAACAGGTTAAATATATTGAAGACGTGGTTTGATAATCAGGTATTTCTTTAATTAAATATTCATGATATTGTTCGTTAGATACATAAATTAATTCGTCCTCCACATTTTGCTGTTCTGTTATAATTTGTGAAGAAGCTTGGTTTGTCTTATTTGGTAATTGCTCTTTTATGA","Pf3D7_10_v3-1386657-1386909-1A.1",".",1180,1,1
"IM-23-122-OBAR","8073804906","Maziba","Pf3D7_10_v3-1392371-1392620-1A","TGATGAAAATGATGATTCCCATTTTTCTAATTCTTTAGTATCTGAAACGAGTTACAATCAAGATTACTCTTTATACACTATTAATATTTTGAATGGACTTCCTGATAAAAAAAGTAATATGAAAAATATTGATTTAGAAAAATTTAAAGATACTTCAATACATACAAAGGAAGAGGGACCCATTGTA","Pf3D7_10_v3-1392371-1392620-1A.3","21A23T41T43T49G106+9N",855,1,1
"IM-23-122-OBAR","8073804906","Maziba","Pf3D7_10_v3-1414337-1414596-1A","GACCTGAATGGAAAGGTCAATGTGATAAATTTGAAAAAGAAAAAAGTAAATATGAAGATACTAAAAGTAGAACTGCTGAAATATATTTAAAAGAAATATGTTCTGAATGTGATTGTAAATATAAAGATTTGGATAATACATTTAAAGAATTTAAAGATAACGTTACGCTTCTTAAAGCAGTAATTGATAACAAA","Pf3D7_10_v3-1414337-1414596-1A.1","17T39+8N70G82T167G",709,1,1
"IM-23-122-OBAR","8073804906","Maziba","Pf3D7_10_v3-1414599-1414832-1A","ATCTAGATCAACGAGGGAATATAACAACATCTCAAGGAAATTCACACCGTGCAACTGTTGTGCAACAAGCTGATCAAACCAACAGATTAGATAATGTAAACTCTGTAACGCAAAGAGGAAATAATAACTACAACAATAATTTAGAGCGTGGATTGGGTTCTGGTGCT","Pf3D7_10_v3-1414599-1414832-1A.1","70C",2125,1,1
"IM-23-122-OBAR","8073804906","Maziba","Pf3D7_10_v3-992331-992603-1A","TCATTATATTTTTAAAAAAAAAAATTATGATATAAAATCTTCAATTAATAAAAGATCTATCCAGTTCTTTAAAGACACTAATATAGATCATTATATAGCATATGAATATTATAAGGAGGACCGTACAGAATTTATATTAACTATTATGAATGAAAAAAATATTACTCATCAAGAAACTCAAAGTCTTGAAATGAAAAAGTTGAAAG","Pf3D7_10_v3-992331-992603-1A.3","13+13N127A152+9N",1,0.00210526315789474,4
"IM-23-122-OBAR","8073804906","Maziba","Pf3D7_10_v3-992331-992603-1A","TCATTATATTTTTAAAAAAAAAAATTATGATATAAAATCTTCAATTAATAAAAGATCTATCCAGTTCTTTAAAGACACTAATATAGATCATTATATAGCATATGAATATTATAAGGAGGACCGTACGGAATTTATATTAACTATTATGAATGAAAAAAATATTACTCATCAAGAAACTCAAAGTCTTGAAATGAAAAAGTTGAAAG","Pf3D7_10_v3-992331-992603-1A.2","13+13N152+9N",186,0.391578947368421,4
"IM-23-122-OBAR","8073804906","Maziba","Pf3D7_10_v3-992331-992603-1A","TCATTATATTTTTAAAAAAAAAAATTATGATATAAAATCTTCAATTAATAAAAGATCTATCCAGTTCTTTAGAGACACTAATATAGATCATTATATAGCATATGAATATTATAAGGAGGACCGTACAGAATTTATATTAACTATTATGAATGAAAAAAATATTACTCATCAAGAAACTCAAAGTCTTGAAATGAAAAAGTTGAAAG","Pf3D7_10_v3-992331-992603-1A.1","13+13N72G127A152+9N",287,0.604210526315789,4
"IM-23-122-OBAR","8073804906","Maziba","Pf3D7_10_v3-992331-992603-1A","TCATTATATTTTTAAAAAAAAAAATTATGATATAAAATCTTCAATTAATAAAAGATCTATCCAGTTCTTTAGAGACACTAATATAGATCATTATATAGCATATGAATATTATAAGGAGGACCGTACGGAATTTATATTAACTATTATGAATGAAAAAAATATTACTCATCAAGAAACTCAAAGTCTTGAAATGAAAAAGTTGAAAG","Pf3D7_10_v3-992331-992603-1A.4","13+13N72G152+9N",1,0.00210526315789474,4
"IM-23-122-OBAR","8073804906","Maziba","Pf3D7_10_v3-992596-992869-1A","GAAAATAATAAAATGCACAGTATCAATTCTGATAGAAATAAAAATGATTATATTCCATCTTCCTATTTACATACAATATATAAAACATTTAGCGAACATATAAACCGAGATAATGGAAATATTTATGATGATGAAAAAAAAAATTTATATGATGGAACTGTTTTTTATATAGAAACATTAAACGAATTAAGAATTATAAATATATTATTTTCA","Pf3D7_10_v3-992596-992869-1A.1","133+12N160+8N",127,0.984496124031008,2
"IM-23-122-OBAR","8073804906","Maziba","Pf3D7_03_v3-891553-891827-1A","CAAGAGCTAAGAAAACATATAGAATCATCATAAGGATGTTGATAATATAAATGTGTTTTTATTTGTGTATTTATGTCAGAATATTGTTCCTTCGATTTATCTTTAAAATAATCAAGATTATTTATGTTGGTGGCTTTATTATTATTAAAATAATTTTGATTTGTTACATGATGACTAGGGGTATATTTGTATTTTACGTTTTTATTA","Pf3D7_03_v3-891553-891827-1A.7","93C116G",201,0.436008676789588,3
"IM-23-122-OBAR","8073804906","Maziba","Pf3D7_03_v3-891553-891827-1A","CAAGAGCTAAGAAAACATATAGAATCATCATAAGGATGTTGATAATATAAATGTGTTTTTATTTGTGTATTTATGTCAGAATATTGTTCCTTCGATTTATCTTTAAAATAATCAAGATTATTTATGTTGGTGGCTTTATTATTATTAAAATAATTTTGATTTGTTACATGATGACTATGGGTATATTTGTATTTTACGTTTTTATTA","Pf3D7_03_v3-891553-891827-1A.1","93C116G178T",2,0.00433839479392625,3
"IM-23-122-OBAR","8073804906","Maziba","Pf3D7_03_v3-891553-891827-1A","CAAGAGCTAAGAAAACATATAGAATCATCATAAGGATGTTGATAATATAAATGTGTTTTTATTTGTGTATTTATGTCAGAATATTGTTCCTTTGATTTATCTTTAAAATAATCAATATTATTTATGTTGGTGGCTTTATTATTATTAAAATAATTTTGATTTGTTACATGATGACTAGGGGTATATTTGTATTTTACGTTTTTATTA","Pf3D7_03_v3-891553-891827-1A.2",".",258,0.559652928416486,3
"IM-23-122-OBAR","8073804906","Maziba","Pf3D7_03_v3-980853-981120-2","TAAGATTCTTTTGAGTTATTTATTTTCCAAATAATTTGGTTATATATATATGAAAATTCGATCATACCACATGCTCCAAGAATAATAGATGCATCGTCATTATATTGGAATGTAAAACTTTCATCATACTCATTTGTATTAGGTACACAAGAATCATCTTTATTTTTATAATTTTCTTTACATGTACAATTAATTTTACTATATT","Pf3D7_03_v3-980853-981120-2.1",".",52,1,1
"IM-23-122-OBAR","8073804906","Maziba","Pf3D7_04_v3-1005938-1006187-1A","GTCTTAACATTAATCTTAGTTACAAAGTTACATGGATTTATTGAAAAGATATTTTCGTCACTATATTTCTTTTTTTCCATATCCGTTTGATCATTTTTATATGTTTTCATATTATCCATATGTTCATTATTTTGATCAATATAATTTTTTTTTATAATAAATTTAGAATTATTTTTAAAGAAA","Pf3D7_04_v3-1005938-1006187-1A.1","69+9N84C98T144+11N",335,0.595026642984014,2
"IM-23-122-OBAR","8073804906","Maziba","Pf3D7_04_v3-1005938-1006187-1A","GTCTTAACATTAATTCTAGTTACAAAGTTACATGGATTTATTGAAAAGATATTTTCGTCATTATATTTCTTTTTTTCCATATCTGTTTGATCATTTTGATATGTTTTCATATTATCCATATGTTCCTTATTTTGATCAATATAATTTTTTTTTATAATAAATTTAGAATTATTTTTAAAGAAA","Pf3D7_04_v3-1005938-1006187-1A.15","15T16C61T69+9N126C144+11N",228,0.404973357015986,2
"IM-23-122-OBAR","8073804906","Maziba","Pf3D7_08_v3-476232-476475-1A","CAAACACATGATAAACAAAAGTGTAAGGAAAATTTTTCAAATTCATTTGTTAATGAAATATATGAAAAAGAAGAAAAAGAAACGCAAAAAATGAAAGAATATTTAGAACAACATGAAGAACATTTTTCAACGTTTAGAAATTCAATTTTATGTAAATTAAGAATAGCTGAAGAATT","Pf3D7_08_v3-476232-476475-1A.1","85+8N",893,1,1
"IM-23-122-OBAR","8073804906","Maziba","Pf3D7_08_v3-549583-549807-1B","ACGTGCTGTTCAAAGAATGTTTGAAATGATAAATGAAGGTGCTAGTGTTATAGATATAGGTGGAGAATCCTCTGGTCCTTTTGTTATACCTAATCCAAAAATTAGTGAAAGAGATTTAGTAGTACCTGTATTACAATTATTTCAAAAAGAATGGAATGATATAAA","Pf3D7_08_v3-549583-549807-1B.1",".",1574,1,1
"IM-23-122-OBAR","8073804906","Maziba","Pf3D7_08_v3-549960-550215-1B","GATGAACTAACAAATTATGATAATCTAGTTTATGATATAAAAAATTATTTAGAACAAAGATTAAATTTTCTTGTATTAAATGGAATACCTCGTTATAGGATACTATTTGATATTGGATTAGGATTTGCGAAGAAACATGATCAATCTATTAAACTCTTACAAAATATACATGTATATGATGAGTATCCACTT","Pf3D7_08_v3-549960-550215-1B.1","4G38+8N",241,0.412671232876712,2
"IM-23-122-OBAR","8073804906","Maziba","Pf3D7_08_v3-549960-550215-1B","GATGAACTAACAAATTATGATAATCTAGTTTATGATATAAAAAATTATTTAGAACAAAGATTAAATTTTCTTGTATTAAATGGAATACCTCGTTATAGGATACTATTTGATATTGGATTAGGATTTGGGAAGAAACATGATCAATCTATTAAACTCTTACAAAATATACATGTATATGATGAGTATCCACTT","Pf3D7_08_v3-549960-550215-1B.3","4G38+8N128G",343,0.587328767123288,2
"IM-23-122-OBAR","8073804906","Maziba","Pf3D7_01_v3-145388-145662-1A","GATATGTTTAAATATATGATTCTCGAAAAAACTTTTTTTATTTTTTTTGTCAATAGATAAATGATCAATATTTTCTATATTTAATCTATCAAGAATTTTTATATATCTATTATTTCTTTCTTCGATGGATAAATTATATGAATCAATATCCTTTCTTTCATCAACAAACTTTTTTATTGTTAACTCCATTTTTTTATTTAAGATACCA","Pf3D7_01_v3-145388-145662-1A.3","25+25N94A139T169+8N188+9N",137,0.606194690265487,2
"IM-23-122-OBAR","8073804906","Maziba","Pf3D7_01_v3-145388-145662-1A","GATATGTTTAAATATATGATTCTCGAAAAAACTTTTTTTATTTTTTTTGTCAATAGATAAATGATCAATATTTTCTATATTTAATCTATCAAGTATTTTTATATATCTATTATTTCTTTCTTCGATGGATAAATTATAAGAATCAATATCCTTTCTTTCATCAACAAACTTTTTTATTGTTAACTCCATTTTTTTATTTAAGATACCA","Pf3D7_01_v3-145388-145662-1A.1","25+25N169+8N188+9N",89,0.393805309734513,2
"IM-23-122-OBAR","8073804906","Maziba","Pf3D7_01_v3-162867-163115-1A","ATATACCAATAATACTTTTTTTTTTAAATAATGTAAAAAATGATTTATATAATTGTTATAAACAAATGATCACATATCATAATAATAATAATAATATGCTAAATCATAACTCTAATATTTTATCAAAAGAAAATGAAAAAAAACAACCTTTTTCAACATATAATATATCAAATCTTTGTTCTCCTGACCAAATGGTGATAAATAAAAA","Pf3D7_01_v3-162867-163115-1A.4","15+12N34+8N91I=ATAATA92G129+10N",1175,1,1
"IM-23-122-OBAR","8073804906","Maziba","Pf3D7_01_v3-181512-181761-1A","TTCATTATTGTTTTCATTCTTTTTTTAACTAAAACTATTCATCTCAAAAATATAAGATATTTTATATGACGAATGCCATTGTATTTTTTGTTACGTAAAACCTGACTTCTTCAAGGAAAACACATGCGCATTTTCACCAATTTTTGCCTAAGCTTATTATAAAAAGTATATTAAATGTATGAC","Pf3D7_01_v3-181512-181761-1A.1","19+9N30T83+8N",1044,1,1
"IM-23-122-OBAR","8073804906","Maziba","Pf3D7_01_v3-194742-194973-1B","TACCTATAAAAATGAAAAAAATAAAGAAGAAGATAAATATGGAAAAAATGAAAAAAACGAAAAATATGACAAATATGACAAATATGAAAAATATGAAAAATATGAAAAATATGATAAATACAAAAAAGATAATAAAAATCAACATGATGATCCACTTTATGATAATATTAATAAAAATTACGATAA","Pf3D7_01_v3-194742-194973-1B.3","14+9N42+17N106I=AAAATATGA112+8N",5,0.0029585798816568,3
"IM-23-122-OBAR","8073804906","Maziba","Pf3D7_01_v3-194742-194973-1B","TACCTATAAAAATGAAAAAAATAAAGAAGAAGATAAATATGGAAAAAATGAAAAAAACGAAAAATATGACAAATATGACAAATATGAAAAATATGATAAATACAAAAAAGATAATAAAAATCAACATGATGATCCACTTTATGATAATATTAATAAAAATTACGATAA","Pf3D7_01_v3-194742-194973-1B.1","14+9N42+17N97D=AAAATATGA112+8N",1109,0.656213017751479,3
"IM-23-122-OBAR","8073804906","Maziba","Pf3D7_01_v3-194742-194973-1B","TACCTATAAAAATGAAAAAAATAAAGAAGAAGATAAATATGGAAAAAATGAAAAAAACGAAAAATATGACAAATATGACAAATATGACAAATATGAAAAATATGAAAAATATGATAAATACAAAAAAGATAATAAAAATCAACATGATGATCCACTTTATGATAATATTAATAAAAATTACGATAA","Pf3D7_01_v3-194742-194973-1B.8","14+9N42+17N88I=CAAATATGA112+8N",576,0.340828402366864,3
"IM-23-122-OBAR","8073804906","Maziba","Pf3D7_01_v3-455794-456054-1A","AGAAAAAAAATTTATTAAGAGGTATTTAGATTTTAAAAATTTAAGAATTAATTTTTAATTATGTCTATAAAAACTTAATAGAAAATAAATATTATTTTGTTTTTCAAAAAAATGTTTAAGAATAATATTTCTTTATTCTTTTACAATTTAGAACATATAATGCTATTTCTTTTAATTTTAATTTAATTTCAAA","Pf3D7_01_v3-455794-456054-1A.2","2+10N28A105+9N",184,0.611295681063123,2
"IM-23-122-OBAR","8073804906","Maziba","Pf3D7_01_v3-455794-456054-1A","AGAAAAAAAATTTATTAAGAGGTATTTCGATTTTAAAAATTTAAGAATTAATTTTTAATTATGTCTATAAAAACTTAATAGAAAATAAATATTATTTTGTTTTTCAAAAAAATGTTTAAGAATAATATTTCTTTATTCTTTTACAATTTAGAACATATAATGCTATTTCTTTTAATTTTAATTTAATTTCAAA","Pf3D7_01_v3-455794-456054-1A.1","2+10N105+9N",117,0.388704318936877,2
"IM-23-122-OBAR","8073804906","Maziba","Pf3D7_01_v3-528859-529104-1A","TTTGATTCTTTTTAATGAAAAAGAAGCTAAAGATATGTCAGACCATATAATTTCCCAACAAAAACGTTATTGCTCTACCAATATTCATAGTAATTATAATAATAAAATATGTATATGTAAAAATAAGCGACATCATAACAAAAGAGGGAAAGGAATAAAGCATCATGACATACATCAAAAGG","Pf3D7_01_v3-528859-529104-1A.1","165A",2427,0.924923780487805,2
"IM-23-122-OBAR","8073804906","Maziba","Pf3D7_01_v3-528859-529104-1A","TTTGATTCTTTTTAATGAAAAAGAAGCTAAAGATATGTCAGACCATATAATTTCCCAACAAAAACGTTATTGCTCTACCAATATTCATAGTATTTATAATAATAAAATATGTATATGTAAAAATAAGCGACATCATAACAAAAGAGGGAAAGGAATAAAGCATCATGACATACATCAAAAGG","Pf3D7_01_v3-528859-529104-1A.4","93T165A",197,0.0750762195121951,2
"IM-23-122-OBAR","8073804906","Maziba","Pf3D7_01_v3-535965-536239-1A","GCTCATTCGATATTTTCCAGTTGTTTGATTTTAAAAATGATGTATATTTTTTAGATGATAATTTGTTCGACAAGGATATGGTATATTGTACAAGTACCAACAATTATGGCATTATGGAAAATGATAATGATGATGATAAAATAATAAAAATACAGAATTTAAATGAGAAATTAAAAAATGGAAAAGCTGAATTTAAAGATATATTATTAT","Pf3D7_01_v3-535965-536239-1A.4","8C46+8N111A118A121+17N155G172+8N",595,0.994983277591973,2
"IM-23-122-OBAR","8073804906","Maziba","Pf3D7_01_v3-535965-536239-1A","GCTCATTTGATATTTTCCAGTTGTTTGATTTTAAAAATGATGTATATTTTTTAGATGATAATTTGTTCGACAAGGATATGGTATATTGTACAAGTACCAACAATTATGGCGTTATGGGAAATGATAATGATGATGATAAAATAATAAAAATACAAAATTTAAATGAGAAATTAAAAAATGGAAAAGCTGAATTTAAAGATATATTATTAT","Pf3D7_01_v3-535965-536239-1A.1","46+8N121+17N172+8N",3,0.00501672240802676,2
"IM-23-122-OBAR","8073804906","Maziba","Pf3D7_02_v3-290580-290821-1A","TTATTATAAGGATTATAATTATTATCATTCTTATTATATGGATTAATATAATTTCGATCATTATCATTACTGTTTTTATCATATTGTGGATAATTATTTCTATTTCTATTTTGATTAAAATCCGATTGTCTATATCTAACTCTAATATCTGTAGATGCTAAATCATTAGGTAATGGG","Pf3D7_02_v3-290580-290821-1A.1","12+26N",756,1,1
"IM-23-122-OBAR","8073804906","Maziba","Pf3D7_02_v3-291770-292017-1A","TAATATCATAAGGTTTGAATATTTTCCTCTCAGGTATTATACCAACAGAAGGTTTATCATCATCTTTAAAACCTGCTCTATCTTTAACCCATTGATTAGGATTTTTTAAACATAAAGCTGGATTCTTTAATAAATCTTTCATATGTTCCATATTATTTTCTTCATTTATATATGATGCTAC","Pf3D7_02_v3-291770-292017-1A.1","101+8N177G",780,1,1
"IM-23-122-OBAR","8073804906","Maziba","Pf3D7_02_v3-470437-470709-1A","AATATTGACATGAAACATTATAATACACATAAGAAAAAAAAAATTTATTTATTCTTACAAAAAGAATATAAAAACAAAATTTTGGGATTTATAAATTTTTATAAACATATAACACACAAAATAAAAAAGAAACAAGAAAATGTTCATGATAAAATCACTTTTTTAAAATGTCTAAAGGAACTCTTTTTTGTCACACATACAAATA","Pf3D7_02_v3-470437-470709-1A.2","33+12N122+8N158+8N183+8N",278,0.560483870967742,3
"IM-23-122-OBAR","8073804906","Maziba","Pf3D7_02_v3-470437-470709-1A","AATATTGACATGAAACATTATAATACACATAAGAAAAAAAAAATTTATTTATTCTTACAAAAAGAATATAAAAACAAAATTTTGGGATTTATAAATTTTTATAAACATATAACACACAAAATAAAAAAGAAACAAGAAAATGTTCATGATAAAATCACTTTTTTAAAATGTCTAAAGGAACTCTTTTTTGTCACACATACAAATG","Pf3D7_02_v3-470437-470709-1A.1","33+12N122+8N158+8N183+8N205G",3,0.00604838709677419,3
"IM-23-122-OBAR","8073804906","Maziba","Pf3D7_02_v3-470437-470709-1A","AATATTGACATGAAACATTATAATACACATAAGAAAAAAAAAATTTATTTATTCTTACAAAAAGAATATAAAAACAAAATTTTGGGATTTATAAATTTTTATAAACGTATAACACACAAAATAAAAAAGAAACAAGAAAATGTTCATGATAAAATCACTTTTTTAAAATGTCTAAAGGAACTCTTTTTTGTCACACATACAAATG","Pf3D7_02_v3-470437-470709-1A.4","33+12N107G122+8N158+8N183+8N205G",215,0.433467741935484,3
"IM-23-122-OBAR","8073804906","Maziba","Pf3D7_02_v3-503040-503288-1A","ATTATGATTAATAATAATATTTCTCATAATTTCGTTAAATACATCTAAACTATTTATAGAACCATCTATATCATCTTCATTCCTATTTTGGTGAACTGATTCGGTGTTTATAACATCTAAGGTGTCTTTTTCTTCTCCTCTGTAACTTTTTATAATTTTTTGATAAATGTTGTTATAAGAATTATCA","Pf3D7_02_v3-503040-503288-1A.1","155+8N",1468,1,1
"IM-23-122-OBAR","8073804906","Maziba","Pf3D7_02_v3-628941-629172-1A","ACTTTTTTTAGATTTTTCTTGATCGTTTTCATCATTTTTTATTTCCTGTTCATCTGAGGTTTTCTTTTGTAAACGCTTAGTGCGTCCCTTTTGACCTTTTAATTTTTTTTTAAATATATTTTTAACTTGATCAATGAAGAAAGCATAATCTTGTATGACAGAAAATCT","Pf3D7_02_v3-628941-629172-1A.4","2+9N34+8N86C102+11N",576,0.603141361256544,2
"IM-23-122-OBAR","8073804906","Maziba","Pf3D7_02_v3-628941-629172-1A","ACTTTTTTTAGATTTTTCTTGATCGTTTTCATCATTTTTTATTTCCTGTTCATCTGAGGTTTTCTTTTGTAAACGCTTAGTGCGTTGCTTTTGACCTTTTAATTTTTTTTTAAATATATTTTTAACTTGATCAATGAAGAAAGCATAATCTTGTATGACAGAAAATCT","Pf3D7_02_v3-628941-629172-1A.2","2+9N34+8N87G102+11N",379,0.396858638743456,2
"IM-23-122-OBAR","8073804906","Maziba","Pf3D7_02_v3-630641-630907-1A","CTAAGTTATCTAAAATTATTAATTTTTTCAAATATGGTAATTCATGTCTATGAAGTAATAAGCCATCAACTAAATCTAAATCTAAACATAACCATTCTAATTTCGTTTCATTTAATATGTTTACAATTACATCTATACTAAAGTTAGAATGTAAAATCAAGGTTGTTACACCACTCATCATAGCTGCCATATCAACAAT","Pf3D7_02_v3-630641-630907-1A.3","22+8N",764,1,1
"IM-23-122-OBAR","8073804906","Maziba","Pf3D7_03_v3-221185-221419-1B","AAATAAATTAAATAGGAAAATATAAAGAAAAATGAAAATTAAGAAAAAAAGTAGTATATATTTTTATAAATATTGTACAACTCAAACTAAGATGTGTTCTTTATCTAATTAAGGAACAAGAAGGATAATACCATTATTAATCCTATTGAACTATTTACGACATTAAACA","Pf3D7_03_v3-221185-221419-1B.1","43+9N",705,1,1
"IM-23-122-OBAR","8073804906","Maziba","Pf3D7_03_v3-221295-221532-2","AAGGAACAAGAAGGATAATACCATTATTAATCCTATTGAACTATTTACGACATTAAACACACTGGAACATTTTTCCATTTTACAAATTTTTTTTTCAATATCATTTTCATAATCTAATTCGTCTTTAGGTTTATTAGCAGAGCCAGGCTTTATTCTAACTTGAATACCATTTCCACAAGTTA","Pf3D7_03_v3-221295-221532-2.3","86+11N107T",471,0.997881355932203,2
"IM-23-122-OBAR","8073804906","Maziba","Pf3D7_03_v3-221295-221532-2","AAGGAACAAGAAGGATAATACCATTATTAATCCTATTGAACTATTTACGACATTAAACACACTGGAACATTTTTCCATTTTACAAATTTTTTTTTCAATATCATTTTCATAATCTAATTGGTCTTTAGGTTTATTAGCAGAGCCAGGCTTTATTCTAACTTGAATACCATTTCCACAAGTTA","Pf3D7_03_v3-221295-221532-2.2","86+11N107T120G",1,0.00211864406779661,2
"IM-23-122-OBAR","8073804906","Maziba","Pf3D7_03_v3-221463-221712-1B","ACTTGAATACCATTTCCACAAGTTACACTACATGGGGACCATTCAGTTGAAATAGAATTTTTTATTTTCTTTAAATATTCTGTTATGTGCTTATCACTTGGTTCTTCGTTATTATTATTTTTTACAGCATTGTTGGCATTAGCATTTTCATCTACATTTCGGTTTGGGTCATTTGGCATATTGTGACCTTGTC","Pf3D7_03_v3-221463-221712-1B.9","53T62T69C82G117+8N130T",771,1,1
"IM-23-122-OBAR","8073804906","Maziba","Pf3D7_03_v3-515418-515657-1A","TTTCTTTAATTTCTATATGTTTGAATTCCCTTATAGACATATTTGAATCATTATTACTTTTATATGAAGTGTTATTATCGAAATTATTATTAATACATTTTATTTTAATGATTTTGTTAAAATTTTTATTATTTACTATAATGGAAGTCAGATATGTACTTATCGTATGGAAAGCTAATCATCAACA","Pf3D7_03_v3-515418-515657-1A.1",".",2314,1,1
"IM-23-122-OBAR","8073804906","Maziba","Pf3D7_08_v3-1370603-1370853-1B","AAAAGTAATTAAAAAAAAAAAAATGAAAATAAAAAAAAACATTACATATTTTTTTATGTATAAAATATTTTAAAGCACTGAGATTATTTATGTTATAAATTAATTGAATGTTTAAAAGATTATAAAATTTTATTTATGAAAATATATGAATATATATAATATAAGCAGGTATTAAATAACCAAATAATAT","Pf3D7_08_v3-1370603-1370853-1B.1","10+32N49+9N",220,1,1
"IM-23-122-OBAR","8073804906","Maziba","Pf3D7_08_v3-1370814-1371045-2","TGTTGCAATATATTACTAAAAAATAGAATTATTATGTTATTTTGATCATATGGGAATACATTTAAATATTTATATTCTGATGAATATTCTTATAAAAAAAAAAGGGGGGGGGGAAATAATACGTTCATGATTTATTTATATTTCAATATATTTTCTATTTTGCGA","Pf3D7_08_v3-1370814-1371045-2.2","17+8N93+21N",83,1,1
"IM-23-122-OBAR","8073804906","Maziba","Pf3D7_08_v3-1375025-1375284-1B","CAAGTTATTATTAAATGCGGAATTATTCTATATAAAAATAAAAAAGCATTTAAAAATGAAAAAATTTATATATATACAATATATAAATATATATATATATATATATTATTATTATATGTATTTTTATAATTGAATGATATATTTATTTCTATTTGCAATTAAAATGCTTACGTTATCTAACAAAAGTACGGAGGCAAAA","Pf3D7_08_v3-1375025-1375284-1B.22","39+8N58+8N67+53N",50,0.925925925925926,2
"IM-23-122-OBAR","8073804906","Maziba","Pf3D7_08_v3-1375025-1375284-1B","CAAGTTATTGTTAAATTCGGAGTTATTCTATAAAAATGAAAAATCATTTAAAAATGTAAAAATGTACATATATATATATATATATATATATATAATATTATTATATGTATTTTTATAAGTAAGTGTTATATTTATTTATATTTGCAATTAAAATACTTACGTTATCTAACAAAAGTACGGAAGCAAAA","Pf3D7_08_v3-1375025-1375284-1B.15","10G17T22G33D=TA39+8N58+8N66G67+53N132G134A136G139T151A168A195A",4,0.0740740740740741,2
"IM-23-122-OBAR","8073804906","Maziba","Pf3D7_08_v3-1375205-1375450-2","ACAAAAGTACGGAGGCAAAAACGGCAGCGGATAATACTTTATTTTTTGAGAAGGAAACCATTTTTATTAAATAACTATATAAATAGAAAAAGAAATAATAACAAAAATGTATAAATATAATTGTATAATATATGATATATATAAAATATAGAATACTAATTTTTTGCATATACAAAAAA","Pf3D7_08_v3-1375205-1375450-2.1","41+8N159+8N173+7N",43,1,1
"IM-23-122-OBAR","8073804906","Maziba","Pf3D7_08_v3-1386786-1387035-2","TTGTCTCCTTTGTCGCAGCATGCCTTTCATTAGCTGCTATAGCTTGTGTTATCTTAACTTCATTATAAAAAAAATATACTTCGATAAAAGGTACATATACCATGCTGGTCAATGATATTAGCATGCGACATTCTAATATATCCATTATGAACAAGGTGAACAAGAATATTGGGATTATTGAAATTGT","Pf3D7_08_v3-1386786-1387035-2.1","66+10N",176,1,1
"IM-23-122-OBAR","8073804906","Maziba","Pf3D7_08_v3-1386795-1387043-1B","TCCTTTGTCGCAGCATGCCTTTCATTAGCTGCTATAGCTTGTGTTATCTTAACTTCATTATAAAAAAAATATACTTCGATAAAAGGTACATATACCATGCTGGTCAATGATATTAGCATGCGACATTCTAATATATCCATTATGAACAAGGTGAACAAGAATATTGGGATTATTGAAATTGTCTGCATTA","Pf3D7_08_v3-1386795-1387043-1B.1","61+10N",789,1,1
"IM-23-122-OBAR","8073804906","Maziba","Pf3D7_08_v3-336421-336651-1A","TAACAACGAACCCATAAATTTACAAAAAAATTTAGATTTAATCATATGGCTAAAAAAGAATATAAAAGAAGGAGAAGCTTTAATTTCTGATATACCTACATCAAGTTTTTTAAGGTGTACTACAAATTATAAATTTGTATTGCATCCCCAATATGAAGATAGT","Pf3D7_08_v3-336421-336651-1A.2","25A51+8N97T105+8N148C",8,0.00551343900758098,2
"IM-23-122-OBAR","8073804906","Maziba","Pf3D7_08_v3-336421-336651-1A","TAACAACGAACCCATAAATTTACAGAAAAATTTAGATTTAATCATATGGCTAAAAAAGAATATAAAAGAAGGAGAAGCTTTAATTTCTGATATACCTACATCAAGTTTTTTAAGGTGTACTACAAATTATAAATTTGTATTGCATCCCCAATATGAAGATAGT","Pf3D7_08_v3-336421-336651-1A.3","51+8N97T105+8N148C",1443,0.994486560992419,2
"IM-23-122-OBAR","8073804906","Maziba","Pf3D7_08_v3-399693-399961-1A","CTTTTCTTCACCTTGGTTTATTACATTATTATTTTCATCATTGTGTTGAATGTCCTTATAAATATGTTCATTAATAATATCTTTGGAAGTATCTTCCATATTTTCTTCTTTATCAATTTTAAATACTTTTTCATAACTTTCATTTTCTTTTTTCTCCTTGGATGTTTCTAATTTATTCTCGTCATTTTTATCAAAATTATTTTTATAACTTTCA","Pf3D7_08_v3-399693-399961-1A.1","147+8N",761,1,1
"IM-23-122-OBAR","8073804906","Maziba","Pf3D7_08_v3-412801-413062-1A","ATGAAGAAATATACGAATATATACTTATAAACGATATTTTTAATTTAAAAAAAGAAGTAAAAAATTTCAATATATTAAATAAATATGATGTATTTGAATATATTATTATTATTTTAAAATTGTATGATAAAATATATCCTGATGCAAAGTACATCGAATGTGTACGAGAAACATCACAGAATGGTGACCTTTTA","Pf3D7_08_v3-412801-413062-1A.14","46+9N57G58+8N101+13N188C190T",171,1,1
"IM-23-122-OBAR","8073804906","Maziba","Pf3D7_13_v3-2816310-2816554-1B","CAAATACTTTTCAATATAGGTCTAGTGAAAGTGTGGAAGTAATAACTAATAAACCTGATGAAATGGAAATGACAACTAAACCACCATCACAATACATTGAAAAGGAAATTGGAGAAATTGATTCTACAAAAAATCAAGATAATGATGAACAAAGCAATTCTATAATTCCTTTAATTAATAAAAATAATGAA","Pf3D7_13_v3-2816310-2816554-1B.1","127+8N",944,0.600508905852417,2
"IM-23-122-OBAR","8073804906","Maziba","Pf3D7_13_v3-2816310-2816554-1B","CAAATACTTTTCAATATAGGTCTAGTGAAAGTGTGGAAGTAATAACTAATAAACCTGATGAAATGGAAATGACAACTAAACCACCATCACAATATATTGAAAAGGAAATTGGAGAAATTGATTCTACAAAAAATCAAGATAATGATGAACAAAGCAATTCTATAATTCCTTTAATTAATAAAAATAATGAA","Pf3D7_13_v3-2816310-2816554-1B.2","95T127+8N",628,0.399491094147583,2
"IM-23-122-OBAR","8073804906","Maziba","Pf3D7_13_v3-2840462-2840736-1B","AATAAACACATATGTTTATTAATAAAATTGTTAGTTATTTTTATGTATACATAATAAATTAAAGATACTAAAACAATATTTTTAAATGTAAATAAATGAATAATGATATTATTTATATGATTCATCATTCTATATTTACATGGAAGATTAAAAAATTATATATATATATATATATATGGTAATTTCTGTGTTTATGTTTTTATTTTTATAATA","Pf3D7_13_v3-2840462-2840736-1B.10","149+23N",44,1,1
"IM-23-122-OBAR","8073804906","Maziba","Pf3D7_13_v3-388138-388408-1A","ATATATCTTTATTCATATGTTCTATATATTGTCTTTGTCTCTTTTCCTTTCTCATATCAGATATTATTGAATAATTTCCTTTATCACATACATATCTAGGATTATGTGATAATTCATAAGCTGCTCTTTTTAAAACTCTATTCTTTTCTTTAAAACTATTAAATTTTATATTATTGTTCATATTAGATGTGTTCCTTTTAATAATA","Pf3D7_13_v3-388138-388408-1A.1","194C",939,1,1
"IM-23-122-OBAR","8073804906","Maziba","Pf3D7_13_v3-479569-479811-1A","CTAGAGACGAATTTGATGATAAAAGAAAATTAAAAGAAGAGAAAATTAAACAATGCCAACTATTAAATGAAAAACAACTAGAAGAAAAAGAAAAAGAAAAAAGAATTCTGAGAGAAAAAGCTGTTGAATATACCTTACAAAATGAAGAAGAATATAAACAACTAAAACGAAAATT","Pf3D7_13_v3-479569-479811-1A.1","96+8N",442,0.429543245869776,2
"IM-23-122-OBAR","8073804906","Maziba","Pf3D7_13_v3-479569-479811-1A","CTAGAGACGAATTTGATGATAAAAGAAAATTAAAAGAAGAGAAAATTAAACAATGCCAACTATTAAATGAAAAACAACTAGAAGAAAAAGAAAAAGAAAAAAGAATTCTGAGAGAAAAAGCTGTTGAATATACCTTACAAAATGAAGAAGAATATAAACAACTAAAAGGAAAATT","Pf3D7_13_v3-479569-479811-1A.3","96+8N168G",587,0.570456754130224,2
"IM-23-122-OBAR","8073804906","Maziba","Pf3D7_13_v3-748254-748510-1B","ATACCAAAAAAAATAAAATAAAATAAAATGAAATAATAAATAAATAAATATACATATATTTACATATATATATATATAATTACACATATTTTTGATTGAGGACAAATTACATGTAGTGTAGTTCGTCTTCCTTGTGCGTTTCAATCACACAATCCGATTTAGGATAACATGTACACAAAAGAATATATTTTTTCTT","Pf3D7_13_v3-748254-748510-1B.2","5+10N25I=AAAAT39+33N108A180+8N",346,1,1
"IM-23-122-OBAR","8073804906","Maziba","Pf3D7_13_v3-815862-816091-1A","ATGATGTAGATGCTAACACAACATCCTGGTCAGTATCTTGTGATAAATAATTTAATTTATCCGCTAAAAAATAAAGTATAATTTCACAGCTTTTTTTATTTGTATCTGTGTTTTTCATGTTATCATAAAAAGACAAAGATGAAGTAGCACATGAGTTAATTA","Pf3D7_13_v3-815862-816091-1A.3","17C19C20A59A65+8N90+9N",4,0.00578034682080925,2
"IM-23-122-OBAR","8073804906","Maziba","Pf3D7_13_v3-815862-816091-1A","ATGATGTAGATGCTAATAGCACATCCTGGTCAGTATCTTGTGATAAATAATTTAATTTATCCGCTAAAAAATAAAGTATAATTTCACAGCTTTTTTTATTTGTATCTGTGTTTTTCATGTTATCATAAAAAGACAAAGATGAAGTAGCACATGAGTTAATTA","Pf3D7_13_v3-815862-816091-1A.2","59A65+8N90+9N",688,0.994219653179191,2
"IM-23-122-OBAR","8073804906","Maziba","Pf3D7_13_v3-852647-852921-1A","TACGAAATGATGAATTAAGAGAATTAACATTTATGAAAAATAAAGAAAATAGGAATGCAGATACATATGTTTTTGATTATCCTAAAAAAGAGAAATATGACCAATTAGTTTTTGAATTACGTAAACATAATTTTAATATAACAAGCATTAATACATATAAAAAACTAAAAAATGAAACATCATCACAAAAAGAAGAAAATGCTTCTATAATAAGTT","Pf3D7_13_v3-852647-852921-1A.14","19G83+8N149T158+8N169A",397,1,1
"IM-23-122-OBAR","8073804906","Maziba","Pf3D7_13_v3-911757-912005-1A","GAGCCAACAATTTGATTTTCCACAACTTACTGAATCTTTAAAACATTGTGAACAGGTAGCTGACATTTTTTTATTATCTTTGGCTAGTTCCTTTTGAACACATTCCATAGTACTATCACCTGAACCTAAGTTATCAACAGAACATTTTAATAATATACTAAAAAATTTATTGCTAGGAGAAAGTTGTAAA","Pf3D7_13_v3-911757-912005-1A.4","59G65+9N159+8N",3,0.00225563909774436,2
"IM-23-122-OBAR","8073804906","Maziba","Pf3D7_13_v3-911757-912005-1A","GAGCCAACAATTTGATTTTCCACAACTTACTGAATCTTTAAAACATTGTGAACAGGTATCTGACATTTTTTTATTATCTTTGGCTAGTTCCTTTTGAACACATTCCATAGTACTATCACCTGAACCTAAGTTATCAACAGAACATTTTAATAATATACTAAAAAATTTATTGCTAGGAGAAAGTTGTAAA","Pf3D7_13_v3-911757-912005-1A.1","65+9N159+8N",1327,0.997744360902256,2
"IM-23-122-OBAR","8073804906","Maziba","Pf3D7_13_v3-935613-935884-1A","CAAAATAATATGAATAGTAATAGTAATAGTTATAATAATTTTAATATAACAGATAGAAGTAAAGAAATAAAAAAAGATTATAAAAGAAACAAAATTTTAATAGTTATTAATAATATTAATACAAATCATATTTTATTATTAAATGAAAGTGTTATAAAAAAAAAAATACTTACATTTTATCTAGATCTTTTTTTTGATGATAATGAACAAAT","Pf3D7_13_v3-935613-935884-1A.2","68+11N155+13N187+10N",795,1,1
"IM-23-122-OBAR","8073804906","Maziba","Pf3D7_13_v3-958247-958510-1B","TTTATATTATCTGTAATATGCACATTTTGTATAATATTATCAATATTTGTAGCATTTTGACCGTATGTTTCATTTTCATCGTATGTTCCATTTATATTGTATGTTCCATTTTCATCGTATGTTCCATTTATATTGTATGTTCCATTTTCATCGTATGTTCCATTTATATTGTATGTTCCATTTTTATCATATGTTATGTCCACAT","Pf3D7_13_v3-958247-958510-1B.1","106C",658,1,1
"IM-23-122-OBAR","8073804906","Maziba","Pf3D7_14_v3-1038300-1038538-1A","ATTAATGATTTATACACTTCAACTACACTTTTTAATTTAGCCCATACAATTAATAAAGCTCTACGATAAATTTCTTTTTTATTTGATTTAGAAAAAGGAGAAAACCATTGAAACTTTTGGGCTAGATATTTATGGTCTTTATCAAAAATATATTCTGAAACTTCATCTTCTAGAAGT","Pf3D7_14_v3-1038300-1038538-1A.4","74+8N119G",409,0.396702230843841,2
"IM-23-122-OBAR","8073804906","Maziba","Pf3D7_04_v3-140317-140548-1A","TCGGGACAATATTATAAGGATTTTATCACATCAAGGAAAAATATTTATAATATAAGGGAAAATATATCCAAAAATGTAGATATGATAAAAAATGAAGAAAAGAAGAAAATACAGAATTGTGTAGATAAATATAATTCTATAAAACAATATGTAAAAATGTTTAAA","Pf3D7_04_v3-140317-140548-1A.2","86+8N160T",1190,0.623689727463312,2
"IM-23-122-OBAR","8073804906","Maziba","Pf3D7_04_v3-141741-141990-1A","TGAATACCATATAGCCCTTTCAAATTATATAAAGACAGAACTAAGAAATATAAACCTGCAAGAAATAAAAAACAATATAATAAAAATATTTAAAGAATTCAAATCTGCACACAAAGAAATTAAAAAAGAATCAAAACAAATTAATAAAGAATTTACCAAAATGGATGTCGTCATAAATCAATTAAGAGATATAG","Pf3D7_04_v3-141741-141990-1A.3","66+8N121+8N134A",787,0.419733333333333,2
"IM-23-122-OBAR","8073804906","Maziba","Pf3D7_04_v3-141741-141990-1A","TGAATACCATATAGCCCTTTCAAATTATATAAAGACAGAACTAAGAAATATAAACCTGCAAGAAATAAAAAACAATATAATAAAAATATTTAAAGAATTCGAATCTGCACACAAAGAAATTAAAAAAGAATCAAAACAAATTAATAAAGAATTTACCAAAATGGATGTCGTCATAAATCAATTAAGAGATATAG","Pf3D7_04_v3-141741-141990-1A.2","66+8N101G121+8N134A",1088,0.580266666666667,2
"IM-23-122-OBAR","8073804906","Maziba","Pf3D7_04_v3-284121-284364-1A","ATATTGTATATTATCATAAGATTTATATGGAGGACCACATTGAAATCCGACAATTTCATTTGATGCATGTAGTACACATTCCGTATTTCTGTTTGAATTATTTAAAATAATTTTATTACTTAGAAATGATTCTTTTTCACTATAATCTTTATATAACAAAGCGTCTTCATCAATTTGA","Pf3D7_04_v3-284121-284364-1A.2","162C",1,0.00128205128205128,3
"IM-23-122-OBAR","8073804906","Maziba","Pf3D7_04_v3-284121-284364-1A","ATATTGTATATTATCATAAGATTTATATGGAGGACCACATTGAAATCCGACAATTTCATTTGATGCATGTAGTACACATTCCGTATTTCTGTTTGAATTATTTAAAATAATTTTATTACTTAGAAATGATTCTTTTTCACTATAATCTTTATATAACAAAGGGTTTTCATCAATTTGA","Pf3D7_04_v3-284121-284364-1A.6","165T",446,0.571794871794872,3
"IM-23-122-OBAR","8073804906","Maziba","Pf3D7_04_v3-284121-284364-1A","ATATTGTATATTATCATAAGATTTATATGGAGGACCACATTGAAATCCGACAATTTCATTTGATGCATGTAGTACACATTCCGTATTTCTGTTTGAATTATTTAAAATAATTTTATTACTTAGAAATGATTCTTTTTCACTATAATCTTTATATAAGAAAGGGTCTTCATCAATTTGA","Pf3D7_04_v3-284121-284364-1A.1","157G",333,0.426923076923077,3
"IM-23-122-OBAR","8073804906","Maziba","Pf3D7_04_v3-316593-316858-1A","TTATTCATTTTTTGTATATTATCCTTTTCTACATCATCAAAATTTGTTAATGATTCACACGTTATATTTGGTGATATTATATTTCTACCTGTACATACACCAATATTTGTTGTACCTATTATTTTATACCCTTCTTGACATTTAAATTCTATTTTTTCACCAAGTAAATAATATTTTTTATCAGGGATAAGGGAAACATA","Pf3D7_04_v3-316593-316858-1A.1","7+8N151+8N173+8N",614,1,1
"IM-23-122-OBAR","8073804906","Maziba","Pf3D7_04_v3-544454-544718-1A","ACAAAATATAATACTTTATATACAAATGCTTATAAAAAATTTTAACTCGAACGTACTTCAAAATAATATAAATGAACAAGAAGTAATACATAATAACATCAACATTAATAATATAAAAGAAGAACAAATTATACCAAATAATATCAAGAATATCCATAATAATGACAATATTAATCATTGTGATGGTAATAAAATAA","Pf3D7_04_v3-544454-544718-1A.1","33+8N186G",524,0.591422121896163,2
"IM-23-122-OBAR","8073804906","Maziba","Pf3D7_04_v3-544454-544718-1A","ACAAAATATAATACTTTATATACAAATGCTTATAAAAAATTTTAACTCGAACGTACTTCAAAATAATATAAATGAACAAGAAGTAATACATAATAACATCAACATTAATAATATAAAAGAAGAACAACTTATACCAAATAATATCAAGAATATCCATAATAATGACAATATTAATCATTGTGATGGTAATAAAATAA","Pf3D7_04_v3-544454-544718-1A.12","33+8N128C186G",362,0.408577878103837,2
"IM-23-122-OBAR","8073804906","Maziba","Pf3D7_04_v3-648065-648332-1A","TATGACTTCTGATTCAGTTTTGTTAAGATATATACCAAGAGATCTTAACAAATATAATAATTTTTCACCACTAACTCCATCTTTATTAGTATCGTATTCTTTAAATATTGATTCAATCTCAGCTCTCTTAAAGAAAACAAATATATATACATATATATATGTATTTATATGAATTTGTATCAATAAATAATAACATTCTTA","Pf3D7_04_v3-648065-648332-1A.1","141+30N",327,1,1
"IM-23-122-OBAR","8073804906","Maziba","Pf3D7_04_v3-748105-748359-1B","TGTGCATGTTGTAAGGTTGAAAGCAAAAATGAGGGGAAAAAAAATGAGGTTTTTAATAACTACACATTTAGAGGTCTAGGAAATAAAGGAGTATTACCATGGAAATGTATTTCCCTAGATATGAAATATTTTCGTGCAGTTACAACATATGTGAATGAATCAAAATATGAAAAATTGAAATATAAGAGATGTAAAT","Pf3D7_04_v3-748105-748359-1B.1","36+10N110T133C",624,1,1
"IM-23-122-OBAR","8073804906","Maziba","Pf3D7_04_v3-748374-748611-1B","AAACTGGGAAAGCATTCCAAAAAAATTTAAACCTTTAAGCAATAGGATAAATGTTATATTGTCTAGAACCTTAAAAAAAGAAGATTTTGATGAAGATGTTTATATCATTAACAAAGTTGAAGATCTAATAGTTTTACTTGGGAAATTAAATTACTATAAATGTTTTATATTAG","Pf3D7_04_v3-748374-748611-1B.3","3A18+9N72+9N169A170T",999,1,1
"IM-23-122-OBAR","8073804906","Maziba","Pf3D7_04_v3-748585-748822-2","TTAATAAAAAAAATATATTTTACTAGAATAAATAGTACATATGAATGTGATGTATTTTTTCCAGAAATAAATGAAAATGAGTATCAAATTATTTCTGTTAGCGATGTATATACTAGTAACAATACAACATTGGATTTTATCATTTATAAGAAAACGAATAATAAAATGTT","Pf3D7_04_v3-748585-748822-2.1","5+10N54+8N",85,1,1
"IM-23-122-OBAR","8073804906","Maziba","Pf3D7_04_v3-900526-900759-1A","TTAACAACTTATCATCATTTATTAGATTCTTTTCATGGAACAGATTATTAACAGTATCCATAATTTTATGATCATCCGTGTTATATGTATCTATACAAGTATTTAACTTGCTTATATAATTTACATATTTCAACGGATCATTTTGAAGTATGCAATCATCGAATGAATA","Pf3D7_04_v3-900526-900759-1A.2",".",982,0.61375,3
"IM-23-122-OBAR","8073804906","Maziba","Pf3D7_04_v3-900526-900759-1A","TTAACAACTTATCATCATTTATTAGATTCTTTTCATGGAACAGATTATTAACAGTATCCATAATTTTATGATCATCCGTGTTATATGTATCTATACAAGTATTTAGCTTGCTTATATAATTTACATATTTCAACGGATCATTTTGAAGTATGCAATCATCGAATGAATA","Pf3D7_04_v3-900526-900759-1A.1","106G",614,0.38375,3
"IM-23-122-OBAR","8073804906","Maziba","Pf3D7_04_v3-900526-900759-1A","TTAACAACTTATCATCATTTATTAGATTCTTTTCATTGAACAGATTATTAACAGTATCCATAATTTTATGATCATCCGTGTTATATGTATCTATACAAGTATTTAGCTTGCTTATATAATTTACATATTTCAACGGATCATTTTGAAGTATGCAATCATCGAATGAATA","Pf3D7_04_v3-900526-900759-1A.3","37T106G",4,0.0025,3
"IM-23-122-OBAR","8073804906","Maziba","Pf3D7_05_v3-1188456-1188706-1A","CAAAATTTAAATCAATAGCGGTTACGTTCATAATTTTGCCTTCAAAACTAACTTCTGTATGATATATAAATTTATTTTCCTTTACACTAAATACATATATAAAAATGGTACTTAATAATTTATCTTTATCATATTTAAATAATATTAAATCTGTTTTTACATCTGAGTTGTAATCACCGAAAT","Pf3D7_05_v3-1188456-1188706-1A.1",".",633,0.420877659574468,2
"IM-23-122-OBAR","8073804906","Maziba","Pf3D7_05_v3-1188456-1188706-1A","CGAAATTTAAATCAATAGCGGTTACGTTCATAATTTTGCCTTCAAAACTAACTTCTGTATGATATATAAATTTATTTTCCTTTACACTAAATACATATATAAAAATGGTACTTAATAATTTATCTTTATCATATTTAAATAATATTAAATCTGTTTTTACATCTGAGTTGTAATCACCGAAAT","Pf3D7_05_v3-1188456-1188706-1A.4","2G",871,0.579122340425532,2
"IM-23-122-OBAR","8073804906","Maziba","Pf3D7_05_v3-1322099-1322341-1A","TTCCAATAGAAACTATATTACGATTTTCTTCATGAGGTAAATTGACATTCATCTTATATGTATAATTAAGGATGAGTAATAAATTGTATAAAAATATTTTTATTTAATAATTTATATGTATTATTAATAATTCTGAATTTATCAATTGATATATTATTTTTGTTTTTCTTTATGCCATTC","Pf3D7_05_v3-1322099-1322341-1A.4","27T",373,1,1
"IM-23-122-OBAR","8073804906","Maziba","Pf3D7_05_v3-213027-213251-1A","ATGTACTTATCCCCTGATATGATTTTTCCAATATCATCAAAATCAGTAATCTCTAAATCATTTATATGATTTATATGTATAAATTCTTTTATCTTGTTCAAATAATTTCTGTAATAAAATATATTCTCTTTATCATCATCAATTATTTTCATATAATC","Pf3D7_05_v3-213027-213251-1A.4","25T26T",1608,1,1
"IM-23-122-OBAR","8073804906","Maziba","Pf3D7_05_v3-350808-351052-1A","TAATATAATTTGAGTTGATAATATTATAATTATTTTTTATATGTTGCTCATTTATATTATTATGATAAATATGAGTTGTATTTTTATTAGAATTGTAGGACATTTTCCCATACATGAGTTGTTTTACATTTTTAACATTTTTATAATTATGTATTAAACATAAGATTATTAGATAAA","Pf3D7_05_v3-350808-351052-1A.6","32+8N92A",593,0.598385469223007,2
"IM-23-122-OBAR","8073804906","Maziba","Pf3D7_05_v3-350808-351052-1A","TAATATAATTTGAGTTGATAATATTATAATTATTTTTTATATGTTGCTCATTTATATTATTATGATAAATATGAGTTGTATTTTTATTAGAGTTGTAGGACATTTTCCCATACATTAGTTGTTTTACATTTTTAACATTTTTATAATTATGTATTAAACATAAGATTATTAGATAAA","Pf3D7_05_v3-350808-351052-1A.1","32+8N116T",398,0.401614530776993,2
"IM-23-122-OBAR","8073804906","Maziba","Pf3D7_05_v3-369676-369949-1A","TGTAATATTATATATCCTGTTATAAATAAATCATTGGATATGGATGTGAAAAAAGAAGATATAAAAAAAAATGTAGAAGAAAATAAATATATAGAACATACACAGAATTTGAAAAATTATTTAGAAAATGATGAAAATGAGAAAAAAAAAAGAAGAAAAAGATCAAATAATAATGACAATTATAATTCTCATGATAATAATATTTTTCA","Pf3D7_05_v3-369676-369949-1A.1","48+8N62+11N141+12N",393,1,1
"IM-23-122-OBAR","8073804906","Maziba","Pf3D7_05_v3-395887-396136-1A","TCTAAGGATTGTTGGTTTTTTAGGATGCTCATCTTTTTAAGATAATCCTCTTTACTGTCGTTATTATTTAAATCGTTTTGTATAATATTATATTGTGAATTCCTTGTGTTTTTCATAATACTATTAGTCCTATTGGTGTTCTTCTTATTATTATTATTATTATTGTTCTTCTTCTTAATAAA","Pf3D7_05_v3-395887-396136-1A.2","15+8N145+20N",445,1,1
"IM-23-122-OBAR","8073804906","Maziba","Pf3D7_05_v3-550803-551072-1A","ATATACACCTTTCTTATTTATATTAATCTTTTCATTTTTACAAGAAATCACCTCCCTACTTATTCGGTTGTCCTCATTTTCATATTTCATAACACCATCATTTATTTTTTCTATTTCTTTAATATTATTTTCTCCTTGGACGTAATTATGCTTTCCTATCATCTCCTTTGCTCTACTTCCTATATATACTAATTTCTCTCTGAA","Pf3D7_05_v3-550803-551072-1A.4","6D=ATA107+8N",405,1,1
"IM-23-122-OBAR","8073804906","Maziba","Pf3D7_05_v3-641131-641404-1A","GGAATTTTTTTTTTGGTGTTTTATTTTTTCGAAGGATACAGGATAATCTAAGACATTAAAATTATTGGATTTGAAAAAGAGTTTCCTTTTTATGATGTGCAATAGAGGTATATTTATATAGGAAATATAAACATATAAAAGGAATATGATAAAAAGGAAATATTGACTTAATAAAATATTAATATTTCTTTTTTTCAAATATATTTCGT","Pf3D7_05_v3-641131-641404-1A.7","4+12N23+8N69A188+9N",69,0.387640449438202,2
"IM-23-122-OBAR","8073804906","Maziba","Pf3D7_05_v3-641131-641404-1A","GGAATTTTTTTTTTGGTGTTTTATTTTTTCGAAGGATACAGGATAATCTAAGACATTAAAATTATTGGGTTTGAAAAAGAGTTTCCTTTTTATGATGTGCAATAGAGGTATATTTATATAGGAAATATAAACATATAAAAGGAATATGATAAAAAGGAAATATTGACTTAATAAAATATTAATATTTCTTTTTTTCAAATATATTTCGT","Pf3D7_05_v3-641131-641404-1A.1","4+12N23+8N188+9N",109,0.612359550561798,2
"IM-23-122-OBAR","8073804906","Maziba","Pf3D7_05_v3-668763-669004-1A","TAATATTATCTGGCTCTGTAACCATGTCCGAACATATGTTAACAGGAGAATCTGTTCCTATACATAAAGAGCAGTTACCTTTTGAAGGAAATGCTATTATAAATAAAAATAATAAATATGACAGTAACGATGAAAAGGATGATTACCTTCGTATTTATAATAATCATGCTAGTATTAATATGATCAACCG","Pf3D7_05_v3-668763-669004-1A.10","122C188C",937,0.579826732673267,3
"IM-23-122-OBAR","8073804906","Maziba","Pf3D7_05_v3-668763-669004-1A","TAATATTATCTGGCTCTGTAACCATGTCCGAACATATGTTAACAGGAGAATCTGTTCCTATACATAAAGAGCAGTTACCTTTTGAAGGAAATGCTATTATAAATAAAAATAATAAATATGACAGTAACGATGAAAAGGATGATTACCTTCGTATTTATAATAATCATGCTAGTATTAATATGATCAAGCG","Pf3D7_05_v3-668763-669004-1A.6","122C",10,0.00618811881188119,3
"IM-23-122-OBAR","8073804906","Maziba","Pf3D7_05_v3-668763-669004-1A","TAATATTATCTGGCTCTGTAACCATGTCCGAACATATGTTAACAGGAGAATCTGTTCCTATACATAAAGAGCAGTTACCTTTTGAAGGAAATGCTATTATAAATAAAAATAATAAATATGAGAGTAACGATGAAAAGGATGATTACCTTCGTATTTATAATAATCATGCTAGTATTAATATGATCAAGCG","Pf3D7_05_v3-668763-669004-1A.7",".",669,0.413985148514851,3
"IM-23-122-OBAR","8073804906","Maziba","Pf3D7_05_v3-796518-796759-1A","TGGTTCTTCAATTATTCATATAAGTTCTTTATTAGTAGGTGTATATTTATGTAGTAGTAGTGCAAATGCATTTAATCAAATTATTGAAAGAAATATAGATAAGTTAATGAAAAGAACCCAAAAAAGACCCTTAGCAAATAATAATCCAAATATGTCAGTTAAGCATGCTGAAATAT","Pf3D7_05_v3-796518-796759-1A.3","14A119+8N163G",614,0.594961240310077,2
"IM-23-122-OBAR","8073804906","Maziba","Pf3D7_05_v3-796518-796759-1A","TGGTTCTTCAATTGTTCATATAAGTTCTTTATTAGTAGGTGTATATTTATGTAGTAGTAGTGCAAATGCATTTAATCAAATTATTGAAAGAAATATAGATAAGTTAATGAAAAGAACCCAAAAAAGACCCTTAGCAAATAATAATCCAAATATGTCAGTTAAGCATGCTGAAATAT","Pf3D7_05_v3-796518-796759-1A.2","119+8N163G",418,0.405038759689922,2
"IM-23-122-OBAR","8073804906","Maziba","Pf3D7_05_v3-958079-958350-1B","TTTTTATATCTGTGTTTGGTGTAATATTAAAGAACATGAATTTAGGTGATGATATTAATCCTATAATATTATCATTAGTATCTATAGGTTTAGTACAATTTATATTATCAATGATATCAAGTTATTGTATGGATGTAATTACATCAAAAATATTAAAAACTTTAAAGCTTGAATATTTAAGAAGTGTTTTTTATCAAGATGGACAATTTC","Pf3D7_05_v3-958079-958350-1B.1","186+8N",242,1,1
"IM-23-122-OBAR","8073804906","Maziba","Pf3D7_05_v3-958372-958608-1B","ATTTATAACAATTTTTACATATGCCAGTTCCTTTTTAGGTTTATATATTTGGTCATTAATAAAAAATGCACGTTTGACTTTATGTATTACTTGCGTTTTTCCGTTAATTTATGTTTGTGGTGTCATATGTAATAAGAAAGTAAAATTAAATAAAAAAACATCTTTGTTATATAATAACAATACC","Pf3D7_05_v3-958372-958608-1B.2","60+8N151+9N",1103,1,1
"IM-23-122-OBAR","8073804906","Maziba","Pf3D7_05_v3-958920-959168-1B","AATAATAAATCGAAAACCATTAGTTGAAAATAATGATGATGGAGAAACATTACCAAATATTAAAAAAATTGAATTTAAAAATGTAAGATTTCATTATGATACTAGAAAAGATGTTGAAATTTATAAAGATTTAAGTTTTACTCTAAAAGAAGGGAAAACATATGCATTTGTGGGAGAATCA","Pf3D7_05_v3-958920-959168-1B.1","61+9N",676,1,1
"IM-23-122-OBAR","8073804906","Maziba","Pf3D7_05_v3-960810-961048-1B","TAATACAGGAAGCATTTTATAATATGCATACTGTTATTAATTATGGTTTAGAAGATTATTTCTGTAATTTGATAGAAAAAGCTATTGATTATAAAAATAAAGGACAAAAAAGAAGAATTATTGTAAATGCAGCTTTATGGGGATTCAGTCAAAGCGCTCAATTATTTATTAATAGTTT","Pf3D7_05_v3-960810-961048-1B.1","105+8N",1183,1,1
"IM-23-122-OBAR","8073804906","Maziba","Pf3D7_05_v3-961511-961758-1B","CTGCAGAAGATTATACTGTATTTAATAATAATGGAGAAATATTATTAGATGATATTAATATATGTGATTATAACTTAAGAGATCTTAGAAACTTATTTTCAATAGTTAGTCAAGAACCCATGTTATTTAATATGTCCATATATGAAAATATCAAATTTGGAAGAGAAGATGCAACATTGGAAGAT","Pf3D7_05_v3-961511-961758-1B.1",".",1094,1,1
"IM-23-122-OBAR","8073804906","Maziba","Pf3D7_06_v3-1115900-1116168-1A","ATTTTTTAATAAAGCAGTACCATCTATATCTCTTCCTTTTTTTAAAACACATAAAGTTTCATCAAAATTGCTTGTGCTATTTTTATCAGGTTCAGGAAAATATTGTTTATTTGGAGAATATCCATTCTGATTACAAGTTATAATATTATTAATATTTATAAATTTTTTGTTTGTTTTTAAATCACCAAATTGATTATCGTTAT","Pf3D7_06_v3-1115900-1116168-1A.2","1+8N36+9N114G162+12N",719,0.990358126721763,2
"IM-23-122-OBAR","8073804906","Maziba","Pf3D7_06_v3-1115900-1116168-1A","ATTTTTTAATAAAGCAGTACCATCTATATCTCTTCCTTTTTTTAAAACACATAAAGTTTCATCAAAATTGCTTGTGCTATTTTTATCAGGTTCAGGAAAATATTGTTTATTTGTAGAATATCCATTCTGATTACAAGTTATAATATTATTAATATTTATAAATTTTTTTTTTGTTTTTAAATCACCAAATTGATTATCGTTAT","Pf3D7_06_v3-1115900-1116168-1A.1","1+8N36+9N162+12N",7,0.00964187327823691,2
"IM-23-122-OBAR","8073804906","Maziba","Pf3D7_06_v3-1128558-1128797-1A","ATTGAATCGTTGGTGTTTATTTTATTATTCCTCTTTTGTTTTTCAATGAATACAAATGTTTCATCGACACTATCTTTATGATCTATTGGTATGGCATGATTTTCTAAATTGCTATTTCTTTCATTAGAATTGTATTTTTCACTATTATAGGTTGAGATTTTACTACATTTTATATTTTT","Pf3D7_06_v3-1128558-1128797-1A.2","157A",787,1,1
"IM-23-122-OBAR","8073804906","Maziba","Pf3D7_11_v3-1816152-1816378-1A","TTGGGTAGATATCGTTATAAGGGCTATAATGTATTGACTTCTCCGGGTTTGTTACATTATCATTACAACCAATATTATTAAGGTTCATATTATTTTTATCATTATTATTGTTGTTTTCATTTGTGTGGTTATATAATAACAATGATGTGTCGTCTATTGGATCATT","Pf3D7_11_v3-1816152-1816378-1A.4","50T86C90T",1608,0.593357933579336,2
"IM-23-122-OBAR","8073804906","Maziba","Pf3D7_11_v3-1902041-1902278-2","ATGAAACAAAATGTCCACCTAGATACCCTTTAAAATCAAAAGTTTTTGGAACCTTTGACCAAAAAACAGGAAAATGTAAAAGTCTCATGGACAAAGCATATGAAGTTGGAATTAATAAATTTTCAGTCTGTTTAGAATATTTATTTTTAGTATCACCTAAGGATTTATATAATAGCGGAAG","Pf3D7_11_v3-1902041-1902278-2.1","60+8N",852,1,1
"IM-23-122-OBAR","8073804906","Maziba","Pf3D7_06_v3-1140900-1141174-1A","CTTCCATGTGAGCTTCAAAATCGTCTGAAGGTCGACTAGACATGAAAAATTCAGATTGAGGTAAATCATCAAATGGATGATTTCTATATGATATTCTAGGTATTAATCCTAAGATATTATTTATGCTATTACATTGAGAATTTCCTTCATTGGTTGTGGTACTTATATCCACATTTTGGTGATCATCAAGATATAATGTATTTTCTTTAGAACTT","Pf3D7_06_v3-1140900-1141174-1A.1","189A",707,1,1
"IM-23-122-OBAR","8073804906","Maziba","Pf3D7_06_v3-1192628-1192867-1A","GATTATATATTTCTATATTTTAATAAGAATGCGTTACACAAACATGATGCCTCTAATGAAATGTGTTTTGTGAAAAACGAAGATTCTACACGCACAAAAGGACATATGAATGATGAACAAAATGATTTATATAAAATAAATAATAATACAACATATTTTTTTAACAAAAACCACT","Pf3D7_06_v3-1192628-1192867-1A.1","30T155+9N",1104,1,1
"IM-23-122-OBAR","8073804906","Maziba","Pf3D7_06_v3-1197245-1197515-1A","CATTAGGAAAAACAACAGAGCCTTCTTCCATACCATAAATACATAAATCATTTCCACTAATCTTTTCTAAATATTGCACAAAAGAATCAATATCATTATAAGATGACATCTTCTTTCTTATAAAATCTAATTGAGCTTTGGTAAATCGAAAACAATTAATATATTTTATTACTTCATATACACCAGCTAATATAGCAAATTGAC","Pf3D7_06_v3-1197245-1197515-1A.1","20G",809,1,1
"IM-23-122-OBAR","8073804906","Maziba","Pf3D7_06_v3-1235395-1235658-1A","GAATATGATAAAATATATATACCAAACAATAAAAATAAAATTAATAATATAAATAATTTTTTAATAAAAAACAATTTGCTGTTGAAATCCAAATTTATGAGAATAACTCCTAATACCTATTTATGTCGTAATTGTGTCCTGTTATATCAAAATGATTTTTCGTATAATACATATGAAGAAGAAATTAATAAAATGG","Pf3D7_06_v3-1235395-1235658-1A.1","56+8N65+8N",297,1,1
"IM-23-122-OBAR","8073804906","Maziba","Pf3D7_06_v3-1282656-1282930-1A","AAAATATGGAAGAAATATGATAAAGAAAACAATAAATATATATTGTCTCATTTTATTCCTCAATTTATTGAAGACTTAAATTTGAAGGATGAATTCCGAAATTTATTTGATGGATTTGTAAATGATTTGGATATTCTATTATATTCAGAATTTAAAGCATTTTATTTACAAATGAAGCAAAAAGATATAAATGAACTGAAAAATTCTGA","Pf3D7_06_v3-1282656-1282930-1A.1","3A60T",408,1,1
"IM-23-122-OBAR","8073804906","Maziba","Pf3D7_06_v3-145285-145531-1A","TCAACAAAAGCTGATGAATCATCATAATTTGAATAAAATTTATCATTCACAATATTATATTTTTGTTTCTTCTTTTTTCCCATAATATTATTATTTTGTTCACAATATATGTTCATGTGTCCCCTCTTTTTCTGTAAAATATTAAAATGTTTCTTACTATGCTTTTCTTCATTTTTAATAACA","Pf3D7_06_v3-145285-145531-1A.1","72+8N165T",1713,1,1
"IM-23-122-OBAR","8073804906","Maziba","Pf3D7_06_v3-176108-176338-1A","ATTATTATTATTATTATGATGATGATGATGATGATGATGATCTGTGTTAAGATCATCTTCTATACCATTAGTTAAACATTTTATATTTTTATTCATATAAACATTAATCTTCACAACAGATTTATCAGATCTAGAAAATCTTGTACCTGTTGCTTTATGTAACAATAT","Pf3D7_06_v3-176108-176338-1A.4","1+38N",4,0.00347826086956522,4
"IM-23-122-OBAR","8073804906","Maziba","Pf3D7_06_v3-176108-176338-1A","ATTATTATTATTATTATTATGATGATGATGATGATGATCTGTGTTAAGATCATCTTCTATACCATTAGTTAAACATTTTATATTTTTATTCATATAAACATTAATCTTCACAACAGATTTATCAGATCTAGAAAATCTTGTACCTGTTGCTTTATGTAACAATAT","Pf3D7_06_v3-176108-176338-1A.1","1+38N",502,0.436521739130435,4
"IM-23-122-OBAR","8073804906","Maziba","Pf3D7_06_v3-176108-176338-1A","ATTATTATTATTATTATTATGATGATGATGATGATGATGATCTGTGTTAAGATCATCTTCTATACCATTAGTTAAACATTTTATATTTTTATTCATATAAACATTAATCTTCACAACAGATTTATCAGATCTAGAAAATCTTGTACCTGTTGCTTTATGTAACAATAT","Pf3D7_06_v3-176108-176338-1A.5","1+38N",640,0.556521739130435,4
"IM-23-122-OBAR","8073804906","Maziba","Pf3D7_06_v3-176108-176338-1A","ATTATTATTATTATTATTATTATGATGATGATGATGATCTGTGTTAAGATCATCTTCTATACCATTAGTTAAACATTTTATATTTTTATTCATATAAACATTAATCTTCACAACAGATTTATCAGATCTAGAAAATCTTGTACCTGTTGCTTTATGTAACAATAT","Pf3D7_06_v3-176108-176338-1A.12","1+38N",4,0.00347826086956522,4
"IM-23-122-OBAR","8073804906","Maziba","Pf3D7_06_v3-416462-416720-1A","AAGAAAAAATGGACATTGTGGAGAATATAAAAAATAGAGGAAAGGAAAAAACAGAATTAACATATAAAGAAGTATATAAAACACAACAGAATCAAAATGATGCAAGTTTAAATTCATTTTGGGGTGATGAAAAAAAAAATAATAATTATGATATAGATATAGTAAAAGAGAAATATAGTGAGTTAATGAAAAAAAAAGAA","Pf3D7_06_v3-416462-416720-1A.1","3+8N28+8N45+8N129+12N188+11N",516,0.615751789976134,2
"IM-23-122-OBAR","8073804906","Maziba","Pf3D7_06_v3-416462-416720-1A","AAGAGAAAATGGACATTGTGGAGAATATAAAAAATAGAGGAAAGGAAAAAACAGAATTAACATATAAAGAAGTATATAAAACACAACAGAATCAAAATGATGCAAGTTTAAATTCATTTTGGGGTGATGAAAAAAAAAATAATAATTATGATATAGATATAGTAAAAGAGAAATATAGTGAGTTAATGAAAAAAAAAGAA","Pf3D7_06_v3-416462-416720-1A.2","3+8N28+8N45+8N129+12N188+11N",322,0.384248210023866,2
"IM-23-122-OBAR","8073804906","Maziba","Pf3D7_06_v3-532166-532407-1A","AGAACAATTGCTAAACACCAAATTGGGTGAAACAAAAAACCACCTGAACAGAACCCCATTTATACCTGAATCGGTCATACGAGAAAGGAAATTACGCCAAGAAAAAGCGCAATCCACAAACAACATGTTCGATTCAACAAACGCAGATAGTATTACTTCCCCATGTGATCCAACGAATGCCACG","Pf3D7_06_v3-532166-532407-1A.1","33+8N109G157T",1102,0.38,3
"IM-23-122-OBAR","8073804906","Maziba","Pf3D7_06_v3-532166-532407-1A","AGAACAATTGCTAAACACCAAATTGGGTGAAACAAAAAACCACCTGAACAGAACCCCATTTATACCTGAATCGGTCATACGAGAAAGGAAATTACGCCAAGAAAAAGCTCAATCCACAAACAACATGTTCGATTCAACAAACGCAGATAGTATTACGTCCCCATGTGATCCAACGAATGCCACG","Pf3D7_06_v3-532166-532407-1A.8","33+8N",1797,0.619655172413793,3
"IM-23-122-OBAR","8073804906","Maziba","Pf3D7_06_v3-532166-532407-1A","AGAACAATTGCTAAACACCAAATTGGGTGAAACAAAAAACCACCTGAACAGAACCCCATTTATACCTGAATCGGTCATACGAGAAAGGAAATTACGCCAAGAAAAAGCTCAATCCACAAACAACATGTTCGATTCAACAAACGCAGATAGTATTACTTCCCCATGTGATCCAACGAATGCCACG","Pf3D7_06_v3-532166-532407-1A.5","33+8N157T",1,0.000344827586206897,3
"IM-23-122-OBAR","8073804906","Maziba","Pf3D7_06_v3-851492-851765-1A","ACAATAGTACATTGTGCATTTACATCACAACCTCCATTATTTTTTGAACAGTTCATATCTTTCATAGGTATACATTTAAAATAATTTACACTCATATCAACTATATAATTAGGTCGGCATCTACATTGTTCTTTATCTTTTTCGACAATATAACAACGTGAATTGGGTCCACATTTGGAATATTCACAAATATAATTTACTTTAAATATAACAAAATTTCTCA","Pf3D7_06_v3-851492-851765-1A.3","14G39+8N",1143,1,1
"IM-23-122-OBAR","8073804906","Maziba","Pf3D7_07_v3-1028330-1028603-1A","TAAAGAATATTTTTATTTCTAATATTATGGCTAAAAGGAAAATTATTTAATTTCATTTTTTGTGGGTTACTTGTATCATTACAACTCATCATCATGACCATATTATTATTATTATTATTGTTGTTGTTGTTGTTGTGGTGGTTCATTACCAATAAATTTGTGTTATTATGTTCATCCTTTTTTATATTAACAATTTCATTTCTATAA","Pf3D7_07_v3-1028330-1028603-1A.2","55+8N101+36N177+8N202C",453,1,1
"IM-23-122-OBAR","8073804906","Maziba","Pf3D7_07_v3-1043981-1044225-1A","ATAATGATATGTTATTTCATCATCAGCATCGACTTCTTTCTTATTATGTTCAAACAAATTCTTATATTTTATATTATTGCATTTTTGTCTTTCCATATTTATAAAAGATTCTATTTTCTTTTTATAATCATTCCTTTTTATATAATTACACATTCCTTCATTTTGGTTGTCATAACTCTTCT","Pf3D7_07_v3-1043981-1044225-1A.2","36+8N",839,0.603597122302158,2
"IM-23-122-OBAR","8073804906","Maziba","Pf3D7_07_v3-1043981-1044225-1A","ATAATGATATGTTATTTCATCATCAGCATCGACTTCTTTTTTATTATGTTCAAACAAATTCTTATATTTTATATTATTGCATTTTTGTCTTTCCATATTTATAAAAGATTCTATTTTCTTTTTATAATCATTCCTTTTTATATAATTACACATTCCTTCATTTTGGTTGTCATAACTCTTCT","Pf3D7_07_v3-1043981-1044225-1A.1","36+8N",551,0.396402877697842,2
"IM-23-122-OBAR","8073804906","Maziba","Pf3D7_07_v3-105172-105442-1A","GACTACTAACAGAGTGACTACCTACGCTATGTTGAGATGAATTCCTTCCATCTGAATTACTTCCAGATAGGTGATTTTCTGTACTTCCATCTGAATTGTTTTCATATAATTGACTTTCCTTTTGTCCATCTAAATTATGCACTGCACTATGAGTTCCTTCACCCAAATTATTACTGTTTGTTGTATCATCATTTAAATCAAATCCATTTCTT","Pf3D7_07_v3-105172-105442-1A.6","103C",697,1,1
"IM-23-122-OBAR","8073804906","Maziba","Pf3D7_07_v3-1066661-1066903-1A","TATGGTTTTGTAATTTATTGGTATGTGTTGTTAAAGGAGAATTTTTTTAATATCCCTTGTCATGGGCAAAATGAGAAAAAAGAAATAAAAAACTTTTATGTTCAACATGAAGATATTTGTGAACACACTATTGGTAATCATATGTTAGGTGATAAATTAAAAATGTGTACATCTAATATTAATG","Pf3D7_07_v3-1066661-1066903-1A.2","41+9N75+8N86+8N",1867,1,1
"IM-23-122-OBAR","8073804906","Maziba","Pf3D7_07_v3-1149367-1149613-1A","TATTTGACTAGTCGAATAATATTTAATATTTTTGTTTAGGAAGTTTTCAAAATTGATGACATTGATAACCGTTTTTATTAAATCGCTTGGGTTGTTTGTGTGTTCTATAGTAGAAGACATAATTTTAAGAATGTGTTTTTGTGTTATTAAACAAAACTTTGTTACTATATGGAATCGTATGTTAT","Pf3D7_07_v3-1149367-1149613-1A.1","106T109A",2099,1,1
"IM-23-122-OBAR","8073804906","Maziba","Pf3D7_07_v3-403479-403716-1B","TTAGGTGGAGGTTCTTGTCTTGGTAAATGTGCTCATGTGTTTAAACTTATTTTTAAAGAGATTAAGGATAATATTTTTATTTATATTTTAAGTATTATTTATTTAAGTGTATGTGTAATGAATAAAATTTTTGCTAAAAGAACTTTAAACAAAATTGGTAACTATAGTTTTGTAACATCCGA","Pf3D7_07_v3-403479-403716-1B.1",".",1125,1,1
"IM-23-122-OBAR","8073804906","Maziba","Pf3D7_07_v3-403487-403750-2","AGGTTCTTGTCTTGGTAAATGTGCTCATGTGTTTAAACTTATTTTTAAAGAGATTAAGGATAATATTTTTATTTATATTTTAAGTATTATTTATTTAAGTGTATGTGTAATGAATAAAATTTTTGCTAAAAGAACTTTAAACAAAATTGGTAACTATAGTTTTGTAACATCCGAAACTCACAACTTTATTTGTATGATTATGTTCTTT","Pf3D7_07_v3-403487-403750-2.1",".",104,1,1
"IM-23-122-OBAR","8073804906","Maziba","Pf3D7_07_v3-403801-404052-1B","TATATATATATATATGTATGTATGTTGATTAATTTGTTTATATATTTATATTTATTTCTTATGACCTTTTTAGGAACGACACCGAAGCTTTAATTTACAATTTTTTGCTATATCCATGTTAGATGCCTGTTCAGTCATTTTGGCCTTCATAGGTCT","Pf3D7_07_v3-403801-404052-1B.4","1+45N130+8N",928,1,1
"IM-23-122-OBAR","8073804906","Maziba","Pf3D7_07_v3-404325-404590-1B","GAAACACAAGAAGAAAATTCTATCATATTTAATCTTGTCTTAATTAGTGCCTTAATTGTAAGAAAACAAAATATATAAATAAATAAATATATATATATATATATATATATATATATATTTTAATATTTAATATATATTAACACTTAAACTTTTTTTTTATTATATTAATTTATATTCTTTATCATTTTTTTTTTTTTTTTCCTTCTTTTTTT","Pf3D7_07_v3-404325-404590-1B.560","71+40N112T145T176+19N198+8N",4,1,1
"IM-23-122-OBAR","8073804906","Maziba","Pf3D7_07_v3-405517-405773-2","TTTTCTACCATGACATATACTATTGTTAGTTGTATACAAGGTCCAGCAATAGCAATTGCTTATTACTTTAAATTCTTAGCCGTAAGAATTAAAAAGATATAAATATATAAATATATATGTGAAATATATGATATATATGATATATATTTTTTATATGTAATGTTTTTTTTTTTTTCACAATATACATTTAA","Pf3D7_07_v3-405517-405773-2.8","97+57N162+16N",20,0.8,2
"IM-23-122-OBAR","8073804906","Maziba","Pf3D7_07_v3-405517-405773-2","TTTTCTACCATGACATATACTATTGTTAGTTGTATACAAGGTCCAGCAATAGCAATTGCTTATTACTTTAAATTCTTAGCCGTAAGAATTAAAAAGATATAAATATATAAATATATATGTGAAATATATGATATATATGATATATATTTTTTATATGTAATGTTTTTTTTTTTTTTCACAATATACATTTAA","Pf3D7_07_v3-405517-405773-2.2","97+57N162+16N",5,0.2,2
"IM-23-122-OBAR","8073804906","Maziba","Pf3D7_07_v3-405570-405844-1B","ATAGCAATTGCTTATTACTTTAAATTCTTAGCCGTAAGAATTAAAAAGATATAAATATATAAATATATATGTGAAATATATGATATATATGATATATATTTTTTATATGTAATGTTTTTTTTTTTTTCACAATATACATTTAAATGTTTATGATGGTACAACGTATCATATTTTATAATAATTTTATGCATTCATGTATATTATTTTTACTTTTT","Pf3D7_07_v3-405570-405844-1B.4","49+57N114+16N",355,0.997191011235955,2
"IM-23-122-OBAR","8073804906","Maziba","Pf3D7_07_v3-405570-405844-1B","ATAGCAATTGCTTATTACTTTAAATTCTTAGCCGTAAGAATTAAAAAGATATAAATATATAAATATATATGTGAAATATATGATATATATGATATATATTTTTTATATGTAATGTTTTTTTTTTTTTTCACAATATACATTTAAATGTTTATGATGGTACAACGTATCATATTTTATAATAATTTTATGCATTCATGTATATTATTTTTACTTTTT","Pf3D7_07_v3-405570-405844-1B.2","49+57N114+16N",1,0.00280898876404494,2
"IM-23-122-OBAR","8073804906","Maziba","Pf3D7_07_v3-432832-433091-1A","TTGAAAAAGTCATCATCAGAATGGGGATGATTATTATTGTTATTATGAGTTTGGTTCGTATTAATATTATGATCCTTTTCGTTATTTAATTTATGTTCATTTATATTTTTATAAATAAATAATTTTCCAAGAAGTATACCATTAATAAACTTACTAGTTAACATATTAGACTGCTCAATATTTGTACATTTTTTTAATGTATGTATT","Pf3D7_07_v3-432832-433091-1A.4","30+17N72A188+9N",1131,1,1
"IM-23-122-OBAR","8073804906","Maziba","Pf3D7_07_v3-475313-475545-1A","AGCTTTATTATCTACAAAAAATCCACGTGGATATATGAAACAAATGAAATTGTATTTTATATTCCAAATTAAAGAAATTGCATTAAGAAAACATGGCTCTTTACTTACAGTCAAAAATTTATATAATAATAAACTTTTAAATATAAATTCATCATCTTCTACAAATA","Pf3D7_07_v3-475313-475545-1A.1","15+8N",469,0.419124218051832,2
"IM-23-122-OBAR","8073804906","Maziba","Pf3D7_07_v3-475313-475545-1A","AGCTTTATTATCTACAAAAAATCCACGTGGATATATGAAACAAATGAAATTGTATTTTATATTCCAAATTAAAGAAATTGCATTAAGAAAACATGGCTCTTTACTTACAGTCAAAAATTTATATGATAATAAACTTTTAAATATAAATTCATCATCTTCTACAAATA","Pf3D7_07_v3-475313-475545-1A.2","15+8N125G",650,0.580875781948168,2
"IM-23-122-OBAR","8073804906","Maziba","Pf3D7_07_v3-627351-627625-1A","TCACTAAGATAATTATTATTACCATTTTCAGCATAATAAAACTTCTGATGTTTTATAAGAGGAGTTTGGTTAGAAGCAAAATTATCAGCAGTTGTCGAATAATTATTATGTTCTTGATAAAAGAGATTATTCATATAGTTATTATTATTTTTCATATCATCCATAGTATTATTGTTAATATAAAATTCCTCATATGAATTATATATATA","Pf3D7_07_v3-627351-627625-1A.5","23C42C",396,1,1
"IM-23-122-OBAR","8073804906","Maziba","Pf3D7_07_v3-717260-717493-1A","GAGCTTGCTTTTTTGTTGCGTTACTTGCTGGGCTGATCAAAAAAAAAGTTGAATGTATTGAACTTAGTGCCAGCGAAATTTCCCCTCATGAAAACAAATCGACGAGTTCATCAATATTCCAAGAGGAATTAAAATTTGATAAGTCTCTGAAAAATTTTTTCAAACAA","Pf3D7_07_v3-717260-717493-1A.1","8+8N38+11N154+8N",556,0.392932862190813,2
"IM-23-122-OBAR","8073804906","Maziba","Pf3D7_07_v3-717260-717493-1A","GAGCTTGCTTTTTTGTTGCGTTACTTGCTGGGCTGATCAAAAAAAAAGTTGAATGTATTGAACTTAGTGCCAGCGAAATTTCCCCTCATGAAAACAAATCGACGAGTTCATCAATATTCCAAGAGGAATTAAAATTTGATGAGTCTCTGAGAAATTTTTTCAAACAA","Pf3D7_07_v3-717260-717493-1A.4","8+8N38+11N141G151G154+8N",859,0.607067137809187,2
"IM-23-122-OBAR","8073804906","Maziba","Pf3D7_07_v3-729480-729750-1A","TGAATGTTCAGAAATTTTATATCACTTAAATCGTTTGAGTGAGTTAGATCAAATATTGTTGAAAGATAAAATAAGTATATATGAGTATCAGCTAAAGGACACGTTTTTAACAACGTATGATATAGGTTGTTTATTAAAAATAGCTCAAGTGTTGAATGAACAAAATTATTATGATAACATTCCATTTTTGCATATATTTTTATATAACATACATAA","Pf3D7_07_v3-729480-729750-1A.1","42A",195,0.375722543352601,2
"IM-23-122-OBAR","8073804906","Maziba","Pf3D7_07_v3-729480-729750-1A","TGAATGTTCAGAAATTTTATATCACTTAAATCGTTTGAGTGCGTTAGATCAAATATTGTTGAAAGATAAAATAAGTATATATGAGTATCAGCTAAAGGACACGTTTTTAACAACGTATGATATAGGTTGTTTATTAAAAATAGCTCAAGTGTTGAATGAACAAAATTATTATGATAACATTCCATTTTTGCATATATTTTTATATAACATACATAA","Pf3D7_07_v3-729480-729750-1A.2",".",324,0.624277456647399,2
"IM-23-122-OBAR","8073804906","Maziba","Pf3D7_07_v3-896613-896849-1B","ACAATGAAAAAATGTATTAATGATGAATTATATAAAATAAAAATAAATGTAGGTTTATATAAAAAGGATAGAAAAAAATTATCCTTTTTTATATTGTTGCATAAATTTTATTTAGATAATTATAATATTGTTATTAATAAATTAAAAAATATGAATAATTTAATAGAAA","Pf3D7_07_v3-896613-896849-1B.1","6+8N71+9N84+8N143+8N",598,1,1
"IM-23-122-OBAR","8073804906","Maziba","Pf3D7_08_v3-102277-102527-1A","TACCTTCATCTATTGAATTAATTTTCTCAAGTAACATATTTTTGTCTTGACTACTTTCATCTGTAAATGGAACGACTACTCTTTGCTTACCTGCAAAAAGGACAACTGACATATGAGCCTTATCCTTACTTACATTCGAATTAAAGACCATAGATTCTAAAAATGGTATAGTTCCTTTTAACCAATAATC","Pf3D7_08_v3-102277-102527-1A.4",".",698,0.433271260086903,2
"IM-23-122-OBAR","8073804906","Maziba","Pf3D7_08_v3-102277-102527-1A","TACCTTCATCTATTGAATTAATTTTCTCAAGTAACATATTTTTGTCTTGACTACTTTCATCTGTAAATGGAACTAATACTCTTTGCTTACCTGCAAAAAGGACAACTGACATATGAGCCTTATCCTTACTTACATTCGAATTAAAGACCATAGATTCTAAAAATGGTATAGTTCCTTTTAACCAATAATC","Pf3D7_08_v3-102277-102527-1A.2","74T76A",913,0.566728739913097,2
"IM-23-122-OBAR","8073804906","Maziba","Pf3D7_08_v3-1056678-1056903-1A","GTGTTAACGATAATTATAATGCAATAAGCACAACTAATTTTTCAGATGACATGGATGAATTGATAAAGAATCTTTCTATTATGGGTTTGTGTAAAGAGAAAATAGTGTTAACAGAAAAGGCAACAATATTTAATAACATTGAATTGTTGTATTCATATTATCTTATAGTTCAGA","Pf3D7_08_v3-1056678-1056903-1A.2","126A",4301,1,1
"IM-23-122-OBAR","8073804906","Maziba","Pf3D7_08_v3-1099719-1099977-1A","AAAAAATAAAAAATCAAACAAGATAAATAATAATGTATATAATACTAGTGGTATAAAAAATAATGATCAAAATATGGATAATATGAATCAAAAAGGGAAAAGTAACAAAAATTCAAATAAATATAATTTTGATGAAGAGGACTTATGGTTTTTATGTGATTTATGTAATAATCCTATAAGTCCGTTATGTTA","Pf3D7_08_v3-1099719-1099977-1A.2","1+14N54+8N142C",525,1,1
"IM-23-122-OBAR","8073804906","Maziba","Pf3D7_08_v3-1176313-1176549-1A","TACATCCAATGAATATTTTACACTTAAAAGAAATAAACAAATTATTCATAATAAAATACATATACTTTCTATGCAAAAAAATAAACAAAATACAAACGAGCTAAACAAATTATGTAATATTAACGCCATCATATTCAATATTAATTCTGATGATTTTGAGGTAGGCGATGAAATTGT","Pf3D7_08_v3-1176313-1176549-1A.1","74+9N111T136C",1394,1,1
"IM-23-122-OBAR","8073804906","Maziba","Pf3D7_08_v3-1313088-1313338-1A","TGAGAGACATAGATATATGATAGAAAAATGGAAAAAAGAAGATTGGTTTTGTGATTTAAAAGAAACGTTGAAAAATGAATTTGAAGAACAGATGGATATAGGAAAAGTATCTTTTTTATATGAAAATAATAGAGAGTATGGAAAAAATTTTTATTTGGAAAAGCAAAAAATTATATGGAAAAGATGG","Pf3D7_08_v3-1313088-1313338-1A.1","31+8N111+8N141+8N164+8N",798,1,1
"IM-23-122-OBAR","8073804906","Maziba","Pf3D7_08_v3-1314717-1314986-1A","ATAAAAAAGAAAAAATTATTGTCAAAAGTTTTCATAGATATATATATGATGGTATTAGAAGATTTTAAAGAAGAAGAATGTAAAAAAAATAAAGAAATATTTCTTGATACTTATATAGATGAACTAAAAAAAGATTCACAAAGTGAAAAAAATAAAAGCATGTTAAATATATTAGATGAAATAAAAAGTGATATTCATATAGGATATC","Pf3D7_08_v3-1314717-1314986-1A.1","2+15N87A125+9N138A145+9N",203,0.556164383561644,3
"IM-23-122-OBAR","8073804906","Maziba","Pf3D7_08_v3-1314717-1314986-1A","ATAAAAAAGAAAAAATTATTGTCAAAAGTTTTCATAGATATATATATGATGGTATTAGAAGATTTTAAAGAAGAAGAATGTAAAAAAAATAAAGAAATATTTCTTGATACTTATATAGATGAACTAAAAAAAGATTCGCAAAGTGAAAAAAATAAAAGCATGTTAAATATATTAGATGAAATAAAAAGTGATATTCATATAGGATATC","Pf3D7_08_v3-1314717-1314986-1A.7","2+15N87A125+9N145+9N",1,0.00273972602739726,3
"IM-23-122-OBAR","8073804906","Maziba","Pf3D7_08_v3-1314717-1314986-1A","ATAAAAAAGAAAAAATTATTGTCAAAAGTTTTCATAGATATATATATGATGGTATTAGAAGATTTTAAAGAAGAAGAATGTAAAAAGAATAAAGAAATATTTCTTGATACTTATATAGATGAACTAAAAAAAGATTCGCAAAGTGAAAAAAATAAAAGCATGTTAAATATATTAGATGAAATAAAAAGTGATATTCATATAGGATATC","Pf3D7_08_v3-1314717-1314986-1A.3","2+15N125+9N145+9N",161,0.441095890410959,3
"IM-23-122-OBAR","8073804906","Maziba","Pf3D7_08_v3-1344618-1344845-1A","TATCTTTTCCATATATAATAACGCATGAATTCTTTAAATATATCTTTTACTTTATCTGTAAGTTTCATGGAATCTATTATTTCATGTGCATATTTTATTTTTGCCTCGTTTATATATTTACCTGCTTCTAATTTACATAAACATTTTTCTATTAAGTTTTG","Pf3D7_08_v3-1344618-1344845-1A.1","128C",1352,1,1
"IM-23-122-OBAR","8073804906","Maziba","Pf3D7_08_v3-1365709-1365954-1B","ATTTTCATCTTGTAATGTGTTTTTAACATTATAGCAGTAATTTTCTAGGTTGTTTCTTGCTTCAATTCTATTTTTATTTTGTTCATCCTCTTCTTTATATTTTTCTGCATCATTTACCATACGATCGATATCATCTTTTGATAATCTTCCTTTATCATTTGTAATAGTAATTTGGTTTTGT","Pf3D7_08_v3-1365709-1365954-1B.1",".",666,1,1
"IM-23-122-OBAR","8073804906","Maziba","Pf3D7_08_v3-1365750-1365999-2","TTTCTAGGTTGTTTCTTGCTTCAATTCTATTTTTATTTTGTTCATCCTCTTCTTTATATTTTTCTGCATCATTTACCATACGATCGATATCATCTTTTGATAATCTTCCTTTATCATTTGTAATAGTAATTTGGTTTTGTTTACCAGTACCTTTATCTAATGCTGTTACATTTAGGATACCATT","Pf3D7_08_v3-1365750-1365999-2.1",".",262,1,1
"IM-23-122-OBAR","8073804906","Maziba","Pf3D7_08_v3-1366575-1366822-2","TTTAGCTTTTTCACATTGTGTTCTTAATCTTCTTAATGATTTTGAATTTTTGGAAACATCTTTACCTCCATTTTTTTTTTTAAAATCTTGTACACAGAAGTTTACTAATTTATTATCAAAATCTTCTCCTCCTAAATGTGTATCTCCTGAGGTAGCTTTAACTTCAAAAATTCCATCTTCAAGTGTTAATAAGG","Pf3D7_08_v3-1366575-1366822-2.1","70+13N",393,1,1
"IM-23-122-OBAR","8073804906","Maziba","Pf3D7_08_v3-1366626-1366856-1B","CTTTACCTCCATTTTTTTTTTTAAAATCTTGTACACAGAAGTTTACTAATTTATTATCAAAATCTTCTCCTCCTAAATGTGTATCTCCTGAGGTAGCTTTAACTTCAAAAATTCCATCTTCAAGTGTTAATAAGGAAACATCAAATGTTCCTCCTCCTAAATC","Pf3D7_08_v3-1366626-1366856-1B.1","11+13N",471,1,1
"IM-23-122-OBAR","8073804906","Maziba","Pf3D7_13_v3-2114242-2114482-1A","CTTCCATTAACTCAATATATAATTTATTAATAATTTTTAATTTGTTTATTTCAAAAAGGCATAGTTTTAACATGGTTCTTAAGGTTCTATTACCCCCTAAGAGGTTAAAATGAATATTTCCTTTTTCTCGTATATGCAAAAAATCCCTTAACAATAAATCATATTCATCAGTATGAAATGT","Pf3D7_13_v3-2114242-2114482-1A.7","73T76T137+8N",1057,1,1
"IM-23-122-OBAR","8073804906","Maziba","Pf3D7_13_v3-2114829-2115090-1A","ATTCAATATATATAAAAATATAGCTAATAAACATTTCAAATCTCCATTAAGAACTTTATTCATCTTAACAAAAGCTCTATGAACTTCTGTATCTATAGTCGATTTTGTTATTCTAAGCATATCATTAAGTAAAAAATTTACGGTATCGACATTAACAGTGTAATAATTTCTTCCTAAATTTAAATGTTCTATATAATTCAA","Pf3D7_13_v3-2114829-2115090-1A.5","130+8N",939,1,1
"IM-23-122-OBAR","8073804906","Maziba","Pf3D7_13_v3-2504481-2504734-1B","TAAAATGTGTTGATGATTTTAACAATATGGTTATAACGATAAAAGAGGAAGTAAACAATCATTGGGAAAATAATATATACAATAAAAAGGATATGGTTAATTATACAAATGAAAATTATAATGATAATATATTAACATATGAATATATTAATGAAACACTTAGAAAAGAAAAAAAAAGATATTATA","Pf3D7_13_v3-2504481-2504734-1B.1","168+11N",412,1,1
"IM-23-122-OBAR","8073804906","Maziba","Pf3D7_13_v3-2545065-2545291-1A","ATGATTCCTCAAAAGTTTAACATTCCACATAGTATCTGTTAAATTGATAGTTTGCAAACAATTATACGTTTGGTTATTTTTATTTTTAAAAAAGGATATATGATCATCTAAAGATTTATTTTTGAGAAAGATTTCCATATATTCATATATATCATGAATACACCA","Pf3D7_13_v3-2545065-2545291-1A.1","87+8N154A",1755,1,1
"IM-23-122-OBAR","8073804906","Maziba","Pf3D7_13_v3-2770591-2770863-2","ACACATCGATTTTATCAAAAGGAAATATTCCAAGAAATATTTTTAAAAAAAAATAGTGAGTTAGATGATCACGTATGGAATATAGAAAGTATTACTACGAATATATTAGAGAGGAATAAATTAAGTGATCAAAATAATGAAGATAACCATGATGTTAATAATAATAATGAAGACCCATCTGGGGGTAATTTAAAAACCAATCTAAT","Pf3D7_13_v3-2770591-2770863-2.1","44+11N156+13N",159,1,1
"IM-23-122-OBAR","8073804906","Maziba","Pf3D7_13_v3-2770621-2770854-1B","ATTCCAAGAAATATTTTTAAAAAAAAATAGTGAGTTAGATGATCACGTATGGAATATAGAAAGTATTACTACGAATATATTAGAGAGGAATAAATTAAGTGATCAAAATAATGAAGATAACCATGATGTTAATAATAATAATGAAGACCCATCTGGGGGTAATTTAAAAAC","Pf3D7_13_v3-2770621-2770854-1B.1","18+11N130+13N",657,1,1
"IM-23-122-OBAR","8073804906","Maziba","Pf3D7_13_v3-2780346-2780575-1B","GTTGGATAGAATGCCCGACTACGGATCGGGAGGTCGTGGGTTCGACTCCTGCCCGGCCTAATTTTTTTCGTTTTCCTTTTTAAAGTAAAAAAGGATAATATTTTTAAAAAACATTTAGTATATATATTTTTTTTAAATAATAAATCTATTATATTATTAAATATTATGAGAAGA","Pf3D7_13_v3-2780346-2780575-1B.2","61+9N76C86+8N105+8N126+10N",455,0.581841432225064,2
"IM-23-122-OBAR","8073804906","Maziba","Pf3D7_13_v3-2780346-2780575-1B","GTTGGATAGAATGCCCGACTACGGATCGGGAGGTCGTGGGTTCGACTCCTGCCCGGCCTAATTTTTTTCGTTTTCGTTTTTAAAGTAAAAAAGGATAATATTTTTAAAAAACATTTAGTATATATATTTTTTTTAAATAATAAATCTATTATATTATTAAATATTATGAGAAGA","Pf3D7_13_v3-2780346-2780575-1B.1","61+9N86+8N105+8N126+10N",327,0.418158567774936,2
"IM-23-122-OBAR","8073804906","Maziba","Pf3D7_13_v3-2814583-2814832-2","TCAGTCTTCTAATTCTAGCGATAATGATCCTGCAGTAGTAAGTGGTAGAGAATCTAAAGATGTAAATCTTCATACTTCTGAAAGGATTAAAGAAAATGAAGAAGGTGTGATTAAAACAGATGATAGTTCAAAAAGTATTGAAATTTCTAAAATACCATCTGACCAAAATAATCATAGTGATTTATCACAG","Pf3D7_13_v3-2814583-2814832-2.1","124T",379,1,1
"IM-23-122-OBAR","8073804906","Maziba","Pf3D7_13_v3-2814606-2814855-1B","TAGCGATAATGATCCTGCAGTAGTAAGTGGTAGAGAATCTAAAGATGTAAATCTTCATACTTCTGAAAGGATTAAAGAAAATGAAGAAGGTGTGATTAAAACAGATGATAGTTCAAAAAGTATTGAAATTTCTAAAATACCATCTGACCAAAATAATCATAGTGATTTATCACAGAATGCAAATGAGGACTCTA","Pf3D7_13_v3-2814606-2814855-1B.1","109T",965,0.616613418530351,2
"IM-23-122-OBAR","8073804906","Maziba","Pf3D7_13_v3-2814606-2814855-1B","TAGCGATAATGATCCTGCAGTAGTAAGTGGTAGAGAATCTAAAGATGTAAATCTTCATACTTCTGAAAGGATTAAAGAAAATGAAGAAGGTGTGATTAAAACAGATGATAGTTCAAAAAGTATTGAAATTTCTAAAATACCATCTGACCAAAATAATCATAGTGATTTATCACAGAATGCAAATTAGGACTCTA","Pf3D7_13_v3-2814606-2814855-1B.10","109T185T",600,0.383386581469649,2
"IM-23-122-OBAR","8073804906","Maziba","Pf3D7_11_v3-115913-116184-1A","ACCTCCAGATGTTATAAATATTATATTATCATCATCATTTGGAAGGAAATTCTCCTCTAATGTTTTTAATATTTCATCTATATTTTTAGGTCTCAATTTACTATTGAAAAATTTTGAATACTTCAAAAAATAATCATCATCTTTTACATTACATATATTATCATTATTTTCATTTTGTTTTAGTAGTTCATCTTTTTTATTATC","Pf3D7_11_v3-115913-116184-1A.1","7A124+8N197T",301,1,1
"IM-23-122-OBAR","8073804906","Maziba","Pf3D7_11_v3-119432-119705-1A","CTCCTTTATATTCATCAAGAAATTTCATCCAAGAGTAATTATGTTTTTCTTGTTGATATTTTGCTTTATACAAACGAGCAAGATACTTATTATACGATTCATGCTCTTTAATTTTCTTTTCAAAAGTTTTGGTTATAATGTGTTGAAGTGATTGTAAAGTATTTTTCTTTAATTTTCTCCATATTAATCTACATGCGATTATAAGAA","Pf3D7_11_v3-119432-119705-1A.5","89A145G",587,1,1
"IM-23-122-OBAR","8073804906","Maziba","Pf3D7_11_v3-1293919-1294168-1A","TCCATATCAAAAAAGTGATGTGTATCGTCCAATCAACGAACATAGGGAACATCCAAAAGAATACGAATATCCATTACACCAGGAACATACATACCAACAAGAAGATTCAGGAGAAGACGAAAATACATTACAACACGCATATCCAATAGACCACGAAGGTGCCGAACCCGCACCACAAGAACAAAATTTAT","Pf3D7_11_v3-1293919-1294168-1A.27","13A",494,0.401299756295695,2
"IM-23-122-OBAR","8073804906","Maziba","Pf3D7_11_v3-1293919-1294168-1A","TCCATATCAAAATAGTAATGTGTATCATCCAATCAACGAACATAGGGAACATCCAAAAGAATACCAATATCCATTACACCAGGAACATACATACCAACAAGAAGATTCAGGAGAAGACGAAAATACATTACAACACGCATATCCAATAGACCACGAAGGTGCCGAACCCGCACCACAAGAACAAAATTTAT","Pf3D7_11_v3-1293919-1294168-1A.2","17A27A65C",737,0.598700243704305,2
"IM-23-122-OBAR","8073804906","Maziba","Pf3D7_11_v3-1294664-1294910-1A","AAAAGATAAATTATTTGAAAACTATACATATTTAAGTAAAAATGTAGTTGATAACTGGGAAAAAGTTTGCCCTAGAAAGAATTTAGAGAATGCAAAATTCGGATTATGGGTCGATGGAAATTGTGAAGATATACCACATGTAAATAAATTTTCAGCAAATGATCTTTTTGAATGTAATAAATTAGTTTTTGAATTG","Pf3D7_11_v3-1294664-1294910-1A.99","9A12T17G40A86G146A152T159A",700,0.378787878787879,2
"IM-23-122-OBAR","8073804906","Maziba","Pf3D7_11_v3-1294664-1294910-1A","AAAAGATATATCATTTCAAAACTATACATATTTAAGTAAAAATGTAGTTGATAACTGGGAAAAAGTTTGCCCTAGAAAGAATTTAAAGAATGCAAAATTCGGATTATGGGTCGATGGAAATTGTGAAGATATACCACATGTAAATGAATTTCCAGCAATTGATCTTTTTGAATGTAATAAATTAGTTTTTGAATTG","Pf3D7_11_v3-1294664-1294910-1A.1","40A86A",1148,0.621212121212121,2
"IM-23-122-OBAR","8073804906","Maziba","Pf3D7_11_v3-1295103-1295335-1A","ACTACTGCTTTGTCCCATCCCATCGAAGTTGAAAACAATTTTCCATGTTCATTATATAAAGATGAAATAAAGAAAGAAATCGAAAGAGAATCAAAACGAATTAAATTAAATGATAATGATGATGAAGGGAATAAAAAAATTATAGCTCCAAGAATTTTTATTTCAGATGATATA","Pf3D7_11_v3-1295103-1295335-1A.10","71A132+9N173T",897,0.523337222870478,2
"IM-23-122-OBAR","8073804906","Maziba","Pf3D7_11_v3-1295103-1295335-1A","ACTACTGCTTTGTCCCATCCCATCGAAGTTGAACACAATTTTCCATGTTCATTATATAAAGATGAAATAAAGAAAGAAATCGAAAGAGAATCAAAACGAATTAAATTAAATGATAATGATGATGAAGGGAATAAAAAAATTATAGCTCCAAGAATTTTTATTTCAGATGATATA","Pf3D7_11_v3-1295103-1295335-1A.6","34C71A132+9N173T",817,0.476662777129522,2
"IM-23-122-OBAR","8073804906","Maziba","Pf3D7_11_v3-1295371-1295597-1A","AAGTAACATCAAATAATGAAGTTGTAGTTAAAGAAGAATATAAAGATGAATATGCAGATATTCCTGAACATAAACCAACTTATGATAAAATGAAAATTATAATTGCATCATCAGCTGCTGTCGCTGTATTAGCAACTATTTTAATGGTTTATCTTTATAAAAGAA","Pf3D7_11_v3-1295371-1295597-1A.1",".",2264,1,1
"IM-23-122-OBAR","8073804906","Maziba","Pf3D7_11_v3-1374917-1375148-1A","TTTTTAAATGAAAATCTCCAAAGCTTCTGGTTGGTTGTAATCTACCTTTAACATAACAATTATCATAATGATGTGATAAGAGATGAAAAGGTGTTTTACATAATTCATATCTATTATTATTATTAACAGTTTTATAATCTCGAGTACATATTTTACATACTAATATA","Pf3D7_11_v3-1374917-1375148-1A.3","111C112+14N",831,0.613284132841328,2
"IM-23-122-OBAR","8073804906","Maziba","Pf3D7_11_v3-1374917-1375148-1A","TTTTTAAATGAAAATCTCCAAAGCTTCTGGTTGGTTGTAATCTACCTTTAACATAACAATTATCATAATGATGTGATAAGAGATGAAAAGGTGTTTTACATAATTCATATGTATTATTATTATTAACAGTTTTATAATCTCGAGTACATATTTTACATACTAATATA","Pf3D7_11_v3-1374917-1375148-1A.1","112+14N",524,0.386715867158672,2
"IM-23-122-OBAR","8073804906","Maziba","Pf3D7_11_v3-1375807-1376056-1A","TCGTTATGTACCCTAATAAATTTTTTTTCATTATTTGAATCTATATTATTTACATTAGTATTTTGAGTTGTACCATAAATTTCAGTGTTATTATTATTTCTATTCATATAATTATGTCCGCTTATATAATTATGACCATTAAAAAAACGTCTTCCATGTATATCATCTCTTCTAATGTATTTA","Pf3D7_11_v3-1375807-1376056-1A.1","20+10N140+9N",253,0.621621621621622,2
"IM-23-122-OBAR","8073804906","Maziba","Pf3D7_11_v3-1375807-1376056-1A","TCGTTATGTACCCTAATAAATTTTTTTTCATTATTTGAATCTATATTATTTACATTAGTATTTTGAGTTGTACCATAAATTTCAGTGTTATTATTATTTCTATTCATATAATTATGTCCGCTTATATAATTATGACCATTAAAAAAATGTCTTCCATGTATATCATCTCTTCTAATGTATTTA","Pf3D7_11_v3-1375807-1376056-1A.2","20+10N140+9N",154,0.378378378378378,2
"IM-23-122-OBAR","8073804906","Maziba","Pf3D7_11_v3-1376058-1376305-1A","TTTCTGGCTCGATATAATCCATTTCAATATTTATATTAGATATGAAACATCTATCTTCAATAGGTGAATTTGCTGCAAATTGAGCCATAGAAAAATGATTCTCATTCCTTTGAAAATATGAACTATTCAACTCATCAAGGTTTTCATATGTTATTTCATAACTGCCATCATCTGAATCCTCTTCATCA","Pf3D7_11_v3-1376058-1376305-1A.1","140G",1033,1,1
"IM-23-122-OBAR","8073804906","Maziba","Pf3D7_11_v3-1816152-1816378-1A","TTGGGTAGATATCGTTATAAGGGCTATAATGTATTGACTTCTCCGGGTTGGTTACATTATCATTACAACCAATATTATTAAGGTTAATATTATTTTTATCATTATTATTGTTGTTTTCATTTGTGTGGTTATATAATAACAATGATGTGTCGTCTATTGGATCATT","Pf3D7_11_v3-1816152-1816378-1A.2","90T",1102,0.406642066420664,2
"IM-23-122-OBAR","8073804906","Maziba","Pf3D7_14_v3-1038300-1038538-1A","ATTAATGATTTATACACTTCAACTACACTTTTTAATTTAGCCCATACAATTAATAAAGCTCTACGATAAATTTCTTTTTTATTTGATTTAGAAAAAGGAGAAAACCATTGAAACTTTTTGGCTAGATATTTATGGTCTTTATCAAAAATATATTCTGAAACTTCATCTTCTAGAAGT","Pf3D7_14_v3-1038300-1038538-1A.1","74+8N",622,0.603297769156159,2
"IM-23-122-OBAR","8073804906","Maziba","Pf3D7_14_v3-106867-107115-1A","AATGACATGAACAAGTCAGGCGAAAAAGAGGAACATGTTATAAATAGTAAATGGAAAAATAAATTTTTCCATGAAGTAATACAAAATATGTTATATGATGATAATATAAATGATCATAAAGAAGAAATTAAGGAAGATAATTCTAATGAATATAATATCAATAATAAAAATGATAATTTATATGATATA","Pf3D7_14_v3-106867-107115-1A.7","78A120A",815,1,1
"IM-23-122-OBAR","8073804906","Maziba","Pf3D7_14_v3-1166107-1166371-1A","TTTTTGAATTATTAAATATATCTTCTATAAAAAAAGAATATCAAGCTATACATAACAATAAGTATTTTTTATGGAATATGGATGCAGATTTTTTTACTATAAAAAATCATCATAAGGATAATAAGGATAACAATGATGAAAATGTGAATGTAATAATACAACAAAATAATTTAGTTCTAGAAAAATATGATCATTTAATAGA","Pf3D7_14_v3-1166107-1166371-1A.2","28+9N64+8N88+9N100+8N179A",250,0.568181818181818,2
"IM-23-122-OBAR","8073804906","Maziba","Pf3D7_14_v3-1166107-1166371-1A","TTTTTGAATTATTAAATATATCTTCTATAAAAAAAGAATATCAAGCTATACATAACAATAAGTATTTTTTATGGAATATGGATGCAGATTTTTTTACTATAAAAAATCATCATAAGGATAATAAGGATAACAATGATGAAAATGTGAATGTAATAATACAACAAAATAATTTAGTTCTCGAAAAATATGATCATTTAATAGA","Pf3D7_14_v3-1166107-1166371-1A.1","28+9N64+8N88+9N100+8N",190,0.431818181818182,2
"IM-23-122-OBAR","8073804906","Maziba","Pf3D7_14_v3-120101-120365-1A","TTTTACAACATTATTTTTTTCTTCCTCCTCAGATAAAATAGGTACACATATCGCGTCCTTATCACATCCTCCATTGTTTACCTTACAATGTTCTTCGCATTCGAAATTTTTTTCAGGATTACTTGAAAAGCCTTCTGGACAATTACAATATTCATATCCATGAGTATTCTTACAAACACCTTTTCCACAATTTAAAA","Pf3D7_14_v3-120101-120365-1A.2","13+9N106+9N",440,1,1
"IM-23-122-OBAR","8073804906","Maziba","Pf3D7_14_v3-137398-137668-1A","ACCATTCATATTTTCTAGGTTTGTTTAACCAATTACATATATATAATATATTACAAAATAATTGTTTTAATAATATATGTTTAGTTAATATTAATTCAATACTACTTAATTTATTTCTTATATTTTTTAAAAGATCTTCATAAACAAAATCAAAATTATCTATTAATAATAAATAACCAAATCTTTTATGTACATTTTTTATTC","Pf3D7_14_v3-137398-137668-1A.2","122+8N194+8N",125,1,1
"IM-23-122-OBAR","8073804906","Maziba","Pf3D7_14_v3-1392837-1393086-1A","ACATGTATTGTCCCCAGCATGAATCGGGTGATAAATATTATCAAGCGTATCAAAAAATGGATTGTAATTATTACTACTATTCATATCATTATTTTTTGTGGTGGTGGTGGACTGTGAAATGTTTTCCTTATGATTTTGACTTGTGTGTATATCCCTACCAACAATATATTCAACATTATTATTATCAAAAA","Pf3D7_14_v3-1392837-1393086-1A.1","51+8N91+8N108I=TGG162T",794,1,1
"IM-23-122-OBAR","8073804906","Maziba","Pf3D7_14_v3-1956056-1956330-1B","CTAATTTTTTTTCTCCACTTTGTAATTTTTATTGTTGAATATATATATAAAGTTAAACCTATAAATAATACACTACCTAATAAACTATTCTTATATTTAAAAATAAATATAACACATGTTATTAATCCTTCTATTGTTGCCGGAATAATATACATTAAAACAGAACTCATCAAATTATTAGCACTCTCGGTACCTCTATCAACTATTCTCA","Pf3D7_14_v3-1956056-1956330-1B.1","4+10N113C",205,0.381750465549348,2
"IM-23-122-OBAR","8073804906","Maziba","Pf3D7_14_v3-1956056-1956330-1B","CTAATTTTTTTTCTCCACTTTGTAATTTTTATTGTTGAATATATATATAAAGTTAAACCTATAAATAATACACTACCTAATAAACTATTCTTATATTTAAAAATAAATATAATACATGTTATTAATCCTTCTATTGTTGCCGGAATAATATACATTAAAACAGAACTCATCAAATTATTAGCACTCTCGGTACCTCTATCAACTATTCTCA","Pf3D7_14_v3-1956056-1956330-1B.2","4+10N",332,0.618249534450652,2
"IM-23-122-OBAR","8073804906","Maziba","Pf3D7_14_v3-1992121-1992370-1A","ATTAAAACATTCCAACAATTTTATTTCCTTCTTTATAAAATTATATAAATTAATTATTTTCTTTTTATCACATTCAAAGACGGCATAAGGTGCACCCCATGAACATTTTTTACTTTTGCTACCATCAGGCATAATATAAACACCAGTACCATTTTTTTCTGATAAATTAATATTTTTTTGTATAACATCATA","Pf3D7_14_v3-1992121-1992370-1A.1","105+8N151+9N172+9N",188,0.5875,2
"IM-23-122-OBAR","8073804906","Maziba","Pf3D7_14_v3-1992121-1992370-1A","ATTAAAACATTCCAACAATTTTATTTCCTTCTTTATAAAATTATATAAATTAATTATTTTCTTTTTATCACATTCAAAGACGGCATAAGGTGCACCCCATGAACATTTTTTACTTTTGCTACCATCAGGCATAATATAATCACCAGTACCATTTTTTTCTGATAAATTAATATTTTTTTGTATAACATCATA","Pf3D7_14_v3-1992121-1992370-1A.2","105+8N140T151+9N172+9N",132,0.4125,2
"IM-23-122-OBAR","8073804906","Maziba","Pf3D7_14_v3-2004362-2004606-1A","TATTTCCATATTATTGTAATAGGGCTTTTTCTTGCTCTTCTAATTTTTGTATATCTTGCTTATCCTTATCTAATTGTCCAAGAGCAGCTAATTCATCATCTACATTTATTTTATTTTCTTGAGAATATTCTTCAATTTTGTCTTCGAAACTGTTATATAATCTATTTATAATTGGTTG","Pf3D7_14_v3-2004362-2004606-1A.7","87G88C98A",311,0.56442831215971,2
"IM-23-122-OBAR","8073804906","Maziba","Pf3D7_14_v3-2004362-2004606-1A","TATTTCCATATTATTGTAATAGGGCTTTTTCTTGCTCTTCTAATTTTTGTATATCTTGCTTATCCTTATCTAATTGTCCAAGAGCATTTAATTCATCTTCTACATTTATTTTATTTTCTTGAGAATATTCTTCAATTTTGTCTTCGAAACTGTTATATAATCTATTTATAATTGGTTG","Pf3D7_14_v3-2004362-2004606-1A.1",".",240,0.43557168784029,2
"IM-23-122-OBAR","8073804906","Maziba","Pf3D7_14_v3-2020604-2020849-1A","CAAGAACATGAATATTTCTGTAAATACATAGACAAGTCCTCATTATGTCTTATCACAGGGTGCTCTTCTTTAATATGACAATATAATTTTATATGTTTTATTATTTCTTGATGAATTTCACATAATAAAAATAATGTGTGATTCATATGTTGACTACCCAATATAGAAAAGCCACTAACTAATTG","Pf3D7_14_v3-2020604-2020849-1A.1","65+8N",488,0.426946631671041,2
"IM-23-122-OBAR","8073804906","Maziba","Pf3D7_14_v3-2020604-2020849-1A","CAAGAACATGAATATTTCTGTAAATACATAGACAAGTCCTCATTATGTCTTATCACAGGGTGCTCTTCTTTAATATGACAATATAATTTTATATGTTTTATTATTTCTTGATGAATTTCACATAATAAAAATAATGTGTGATTCATATGTTGACTACTCAATATAGAAAAGCCACTAACTAATTG","Pf3D7_14_v3-2020604-2020849-1A.2","65+8N158T",655,0.573053368328959,2
"IM-23-122-OBAR","8073804906","Maziba","Pf3D7_14_v3-2260533-2260765-1A","AATAACCATCAAATACAAACTCAACCAACAAATACAGTACAATATATTCAACCAAATTATGAACAAGTCATAACACAAGTAGATCAAAATGGTAATCTATTCAATCAACAGCTTGTAGGAAGTACAGTAATGCAAAATATGACACCACAAGGTGTAAACACGTTAAATTATCCTGCAACG","Pf3D7_14_v3-2260533-2260765-1A.1","91G",1927,1,1
"IM-23-122-OBAR","8073804906","Maziba","Pf3D7_14_v3-2355614-2355853-1A","ACTTTTCTCGATTCACATTATCCAAACCCATTTAACGAGTATGAAAAATATGACAAACATTATTATGAACTTGAAAATATTTTAAAAAACAAACTTAATGAACATTCCTTAAATTATCAATCTTTGTTAAAAATGAAAAGATTTATAAGTATGAACGATATGGAAAATAATAA","Pf3D7_14_v3-2355614-2355853-1A.1","83+8N",950,1,1
"IM-23-122-OBAR","8073804906","Maziba","Pf3D7_14_v3-2481033-2481276-1B","CCATGTGGATAAAGACAGTAGAGAGCAATTCGAAATAAAACAGTACTCTTGCAAATTAGATATTTTTTTGAACTCATCTGTTCCTATAAAAAATTCTGAATGTAAGCAGAATAAATTATACACAAAAGAATATATATTCATTTTTATTTATTCACTTTATATATGTTTGTA","Pf3D7_14_v3-2481033-2481276-1B.1","62+9N87+8N172D=TGTATGTA",864,1,1
"IM-23-122-OBAR","8073804906","Maziba","Pf3D7_14_v3-2695837-2696082-1A","CGTTTTGTATCATATTATTAGATATAGTTATTTTATTATTATTTTCTACATTATTATTCAATATATTACATCCTGTTATGGAATTATTGTTAAAATATAAATTATTCGAATTGTTATTATTAAATTCTAATCCACTAACTGCTGTTGTATATAATGATGATGAGTTATTATTATAGAAATC","Pf3D7_14_v3-2695837-2696082-1A.2","28+16N53A",736,1,1
"IM-23-122-OBAR","8073804906","Maziba","Pf3D7_14_v3-2733345-2733593-1A","TCGATGTACATGCAGAAAAAATATTGGAACGTTTATTTGTAATTTATTTATGTGTATTAAAAGAATATGAAAAACATCCTCCTAAAATATTAAAATATTCATTACGTGCTATATCTAGATACTCGATGTATATAAATAAATTTATCATGGATGATATATTATTTGAAATTAAAAACCTTGCTGCA","Pf3D7_14_v3-2733345-2733593-1A.1","15+8N",1214,1,1
"IM-23-122-OBAR","8073804906","Maziba","Pf3D7_10_v3-992596-992869-1A","GAAAATAATAAAATGCACAGTATCAATTCTGATAGAAATAAAAATGATTATATTCCATCTTCCTATTTACATACAATATATAAAACATTTAGCGAACATATAAACCGAGATAATGGAAATATTTATGATGATGAAAAAAAAATTTATATGATGGAACTGTTTTTTATATAGAAACATTAAACGAATTAAGAATTATAAATATATTATTTTCA","Pf3D7_10_v3-992596-992869-1A.3","133+12N160+8N",2,0.0155038759689922,2
"IM-23-122-OBAR","8073804906","Maziba","Pf3D7_11_v3-1006693-1006917-1A","GTGGGGGAGAGAATTTTACCTTGATATGCTCCCATGTTTTATCCTTTATACAATACATATAAGTGTCATTGGTAATATATGACCCTCTTTTACCTCCGTAAAGAAATAAACAATCTTCTTTTTTTTCAGTGGAGTAAATTAAATTTAATTTTGCAAAATAGCGTGG","Pf3D7_11_v3-1006693-1006917-1A.1","118+10N",2007,1,1
"IM-23-122-OBAR","8073804906","Maziba","Pf3D7_11_v3-1018781-1019053-1A","TTTTTGATTCATATCATTATCATAATTATATATATATTGATCTCTGTCTATATGGGGAGCAAAAAAATATAAAGGATGTTGTGTTAAGGCTAATAATAATTCTGTAGCTATACTACTACTTATGTTACTTATACCACATCTAGTGACTGTACATTTTTCATCTAATGTTCTATAGGATAAAGAATCTGAAGGACAATGCATATCAT","Pf3D7_11_v3-1018781-1019053-1A.2","60+9N",197,1,1
"IM-23-122-OBAR","8073804906","Maziba","Pf3D7_11_v3-1019050-1019319-1A","TCAAAACTTATTGCTACCGTAATACCTAAAGGAGGCATTTTACATAATCTTTTTACACTCGTAAGAATATTATTATAAAAGATTTCTTGATATCTATCATACATATGAATATTATTTAGAGATTTATATATATTATTATTTTGTTCATATAATAATATATTATTTAAAGACTTATCCATAATTTTTGTACATTTTATATTTTCTATA","Pf3D7_11_v3-1019050-1019319-1A.1",".",305,1,1
"IM-23-122-OBAR","8073804906","Maziba","Pf3D7_11_v3-1127074-1127316-1A","AACATTTTAATATTCCTAATTTCGAAAATATGATGAAAGGAGTTTTTGGAATTATTCAAAATCCTTTTGAAAATGGCCAACCCACTTTCCCATTCTTTAAAAATATTAATTCGATCTCTGGAATCGGTAATGTTGATATCCCCAAAAATTTTATGAATGATTTTTTGAATAATGGAAATGATCAAAACA","Pf3D7_11_v3-1127074-1127316-1A.1","13T160+8N",1273,1,1
"IM-23-122-OBAR","8073804906","Maziba","Pf3D7_12_v3-684011-684240-1A","ACCTAATGTTGGTAAGTCTACCATTTTTAATCGACTAACTCGAAAATATCAAGATGGTAGTATTGTTTTAGAGGTTAGTAGTACGAGAGATAAACTTTATGGAGAAGTTGAGTGGGAAGGATATAAATTTGAACTTGTGGATACAGGAGGTTTAGTTTTTGA","Pf3D7_12_v3-684011-684240-1A.4","73G",545,0.394927536231884,2
"IM-23-122-OBAR","8073804906","Maziba","Pf3D7_12_v3-684011-684240-1A","ACCTAATGTTGGTAAGTCTACCATTTTTAATCGACTAACTCGAAAATATCAAGATGGTAGTATTGTTTTAGATGTTAGTAGTACGAGAGATAAACTTTATGGAGAAGTTGAGTGGGAAGGATATAAATTTGAACTTATGGATACAGGAGGTTTAGTTTTTGA","Pf3D7_12_v3-684011-684240-1A.19","137A",835,0.605072463768116,2
"IM-23-122-OBAR","8073804906","Maziba","Pf3D7_12_v3-857050-857323-1A","ATATAATTTTAAGATGTCCTATCAAGACGTTCAGGAAAAAAAAAATGAAGATATAAATTATGATGAAATAGCTAGCAGCATGCTAGAGAAGATGGACAAACATATAAATGGAGAAAAACAACCAACGATACATTATGAAAATTTAAATGTACAAGAGCAAGAGGGAGCACATGCTTATTACTCAAATCAAGATATAAATAACATAAATA","Pf3D7_12_v3-857050-857323-1A.1","35+12N",230,0.443159922928709,2
"IM-23-122-OBAR","8073804906","Maziba","Pf3D7_12_v3-857050-857323-1A","ATATAATTTTAAGATGTCCTATCAAGACGTTCAGGAAAAAAAAAATGAAGATATAAATTATGATGAAATAGCTAGCAGCATGCTAGAGAAGATGGACAAACATATAAATGGAGAAAAACAACCAACGATACATTATGAAAATTTAAATGTACAAGAGCAAGGGGGAGCACATGCTTATTACTCAAATCAAGATATAAATAACATAAATA","Pf3D7_12_v3-857050-857323-1A.2","35+12N162G",289,0.556840077071291,2
"IM-23-122-OBAR","8073804906","Maziba","Pf3D7_13_v3-1004740-1005002-1A","TTACATCGTAAAAATAATTTAAAATATTATATATATTATCTTTTCCTTTTGGGGGGTCTCTTTTCTTTATATATATATTTACATTTCTCTTCATTTTATTACATGATAAATTAATATTTAATGTACTAATATATATATTATTAATTTTTATTTTCTTCTTCTTTTTTATATTAAAACAAAATGAAGATTCTTTAA","Pf3D7_13_v3-1004740-1005002-1A.1","50+8N161+8N",57,1,1
"IM-23-122-OBAR","8073804906","Maziba","Pf3D7_13_v3-1041593-1041860-1AB","CAAGATTGAAGTATTACATATCTCAGAAATTAAATGTATGCCCAAGAGATGTAAATGCACACATTGTAGGTGCTCATGGAAATAAAATGGTTCTTTTAAAAAGATACATTACTGTAGGTGGTATCCCTTTACAAGAATTTATTAATAACAAGTTAATTTCTGATGCTGAATTAGAAGCTATATTTGATAGAACTGTTAATACT","Pf3D7_13_v3-1041593-1041860-1AB.1",".",801,1,1
"IM-23-122-OBAR","8073804906","Maziba","Pf3D7_13_v3-1146764-1147010-1A","AAATTTTCTCCTAAAGTTATGCCTTTGTTAATGAAGGAGAAGAACGTGAAACATAAAGCACCTCCTAAAGGTACTATAAAGCATACGCTAGAATATTTAAAAAGAGCAGGAGAATCAAGAATGAAAGAAAATGAATTATACAAATCAAAAAAAGATAGCACACTTAGTTCAATTGCAATTAGAAAAAATTCC","Pf3D7_13_v3-1146764-1147010-1A.1","64C110G146+9N182+8N",1290,1,1
"IM-23-122-OBAR","8073804906","Maziba","Pf3D7_13_v3-1233093-1233332-1A","TCTATATGATCCTTATTTTTATCTTCATCACATTTATAATTTACATAATTTTCGACGTCATCATTTTCATTATTACTCATAATTGAATTATCCACAATGTTTGCCTCTTTTACAGCTTTACAAAGTTGGTAAAAAATATGATAATTCCTTTCACCTTCTTGTTGATCACACACCCGAACC","Pf3D7_13_v3-1233093-1233332-1A.1","130+8N",1335,1,1
"IM-23-122-OBAR","8073804906","Maziba","Pf3D7_13_v3-1265494-1265726-1A","TGTCATATACAGATTATAAAAATGATCATAGAATAAGCGAAATCTTAAATCGTTGTATTTTACGATTAAACGAGTTTGATCTAATTCATTTATCTTCTTTGGTCATATCTTTAAGTAAAATGAATTTTAGGAGTGTGTATTTTCTGGAACAAGTACAAAAGAAATT","Pf3D7_13_v3-1265494-1265726-1A.8",".",2158,1,1
"IM-23-122-OBAR","8073804906","Maziba","Pf3D7_13_v3-1350855-1351093-1A","TCTTTTATATTAGTTGTTTCGTTATTTTCATTATGTTCCATATTTTGGTTATTTGTATATTTTATATTTTTTAAAAATTGGTAAATATATTCCGAGATGAAAGGTGTAAAAGGGGCCATAATTATTGTAAACAAATATAATGTTCTACATAAAACATTTAATGATTGGTGAGT","Pf3D7_13_v3-1350855-1351093-1A.1","66+8N",1408,1,1
"IM-23-122-OBAR","8073804906","Maziba","Pf3D7_13_v3-1406713-1406975-1A","TTTCAGGTCTTCTTAAATATGTTTTAAATTCATTATTTAATTTTTCATCATATTTAGGTACATTTTTTTTTGGAAATCTAGATGTTTCATTATTATCGTGATTTGATGAATATATATAATGAGTTTGTTTAAAATGTGGTTCATTCAAATTATCTTTTTTCTTATCTTCGTGTATATTTTTATTATAATTTGAATACTTC","Pf3D7_13_v3-1406713-1406975-1A.2","62+11N154+8N",368,0.559270516717325,2
"IM-23-122-OBAR","8073804906","Maziba","Pf3D7_13_v3-1406713-1406975-1A","TTTCATGTCTTCTTAAATATGTTTTAAATTGATTATTTAATTTTTCATCATATTTAGGTACATTTTTTTTTGGAAATCTAGATGTTTCATTATTATCGTGATTTGATGAATATATATAATGAGTTTGTTTAAAATGTGGTTCATTCAAATTATCTTTTTTCTTATCTTCGTGTATATTTTTATTATAATTTGAATACTTC","Pf3D7_13_v3-1406713-1406975-1A.7","6T31G62+11N154+8N",290,0.440729483282675,2
"IM-23-122-OBAR","8073804906","Maziba","Pf3D7_13_v3-1419363-1419626-1A","TTTTGAAATCTGTATATTTTTTATCATGTTCATCGAGATTTATTTTGTTCTTTTTGTTTGAAATATCAACTACATGATTAAAAACATCTCCTAAATTATATAATTTCTTATCTAGGTCTTTTTGAAATGTCGATTCTCCTCCTTGTGCTGGTTTTTGTACTTCTTGTCCTTGTGTTGATATCTCTTGTTCATTTTTAGATTGAG","Pf3D7_13_v3-1419363-1419626-1A.2","16+8N24T28G",154,0.433802816901408,2
"IM-23-122-OBAR","8073804906","Maziba","Pf3D7_13_v3-1419363-1419626-1A","TTTTGAAATCTGTATATTTTTTATCATGTTCATCGAGATTTATTTTGTTCTTTTTGTTTGAAATATCAACTACATGATTAAAAACATCTCCTAAATTATATAATTTCTTATCTAGGTCTTTTTGAAATGTCGATTCTCCTCCTTGTGCTGGTTTTTGTACTTCTTTTCCTTGTGTTGATATCTCTTGTTCATTTTTAGATTGAG","Pf3D7_13_v3-1419363-1419626-1A.3","16+8N24T28G166T",201,0.566197183098592,2
"IM-23-122-OBAR","8073804906","Maziba","Pf3D7_13_v3-1465616-1465890-1A","TCTTGTGGATTATTATCTATTATATTTTCGTTTGGTTTTTCGACAGCAAAATTATCTCCTCTTGGTCTAGGTTGATCATCTTCGGGTTCATCTGGAACATCTAATGGTTCCCGTTTTGGAGGACATCTTTCTTCTTCACATTGTTCTTGTGTTTCACTTGTACATCCTTCGTGTAAGATTTCTCTTTTTCTTGACCTGGTACCTTTACCACAAGTTACACTACATGGAGA","Pf3D7_13_v3-1465616-1465890-1A.54","121G151G152T",41,0.0891304347826087,2
"IM-23-122-OBAR","8073804906","Maziba","Pf3D7_13_v3-1465616-1465890-1A","TCTTGTGGATTATTATCTATTATATTTTCTTCTGGTTTTTGGACAGAAGAATTATCTCCTCTTGGTCTAGGTTGATCATCTTCGGGTTCATCTGGAACATCTAATGGTTCCCATTTTGGAGGACATCTTTCTTCTTCACATTGTTCTTGTATTTCACTTGTACATCCTTCGTGTAAGATTTCTCTTTTTCTTGACCTGGTACCTTTACCACAAGTTACACTACATGGAGA","Pf3D7_13_v3-1465616-1465890-1A.8","30T32C41G47A49G113A121G152T",419,0.910869565217391,2
"IM-23-122-OBAR","8073804906","Maziba","Pf3D7_13_v3-1465901-1466157-1A","CATAAAGGGTCCGATAACATTTTTTACATTTTCCCATGCAGAATCAGCATACAAGTTACATTTACCATCTGATGGATGACAACCTACAAGAAATCTGTTGAAAGCTACATTAATACCTTGTCCAATACCAAAAACAGCTATTTTAACACCAAGATCATTTAATTTTCTTGATTCTTTTAATGAACCTTGAATACTAT","Pf3D7_13_v3-1465901-1466157-1A.5","19+8N152A158T185C",407,0.398238747553816,2
"IM-23-122-OBAR","8073804906","Maziba","Pf3D7_13_v3-1465901-1466157-1A","CATAAAGGGTCCGATAACATTTTTTACATTTTCCCATGCAGAATCAGCATACAAGTTACATTTACCATCTGATGGATGACAACCTACAAGAAATCTGTTGAAAGCTACATTAATACCTTGTCCAATACCAAAAACAGCTATTTTAACACCAAGATCATTTAATTTTCTTGATTCTTTTAATGAATCTTGAATACTAT","Pf3D7_13_v3-1465901-1466157-1A.2","19+8N152A158T",615,0.601761252446184,2
"IM-23-122-OBAR","8073804906","Maziba","Pf3D7_11_v3-1934962-1935236-1A","TGATGTGCCAATATTAAGGATACATTTTCTAAAGCTTCTAACAGATAATGAAAATTTTTTCTGCGATTTTCATTTAAATCATTAAATATATTGGTTAGTTCTTGTATTGACGTTTTTGGATCTAAGGATGTAATTTGTTCATTTAATTCTTCTGTATATTCTAGATTAAAGTTTAAATTATTAAAATAACCTTCAGCATTATTTTCATTTTT","Pf3D7_11_v3-1934962-1935236-1A.3","41A54+10N98G",113,0.437984496124031,2
"IM-23-122-OBAR","8073804906","Maziba","Pf3D7_11_v3-1934962-1935236-1A","TGATGTGCCAATATTAAGGATACATTTTCTAAAGCTTCTATCAGATAATGAAAATTTTTTCTGCGATTTTCATTTAAATCATTAAATATATTGGTTAGTTCTTGTATTGACGTTTTTGGATCTAAGGATGTAATTTGTTCATTTAATTCTTCTGTATATTCTAGATTAAAGTTTAAATTATTAAAATAACCTTCAGCATTATTTTCATTTTT","Pf3D7_11_v3-1934962-1935236-1A.1","54+10N98G",145,0.562015503875969,2
"IM-23-122-OBAR","8073804906","Maziba","Pf3D7_11_v3-1950431-1950680-2","AGATATATTTCAAGGAAAGGATATGTGGAATGATGGGAAATATGGTGAAGCGAAAAATCATATTAAGAATGCTTTTGGTGATATGAACAATAGAAAAGCTATGTTAAATGAAATTGAGAAAGGAATTAAAGATGAAACGTTTAGTCGTGAAAATGGTTTAGACGTTTGTAAATCTCAATGTGAGGAAAG","Pf3D7_11_v3-1950431-1950680-2.1","98G",395,1,1
"IM-23-122-OBAR","8073804906","Maziba","Pf3D7_11_v3-1968050-1968296-2","TCATTACACTAGTCATGATTGGTTTAGATTATTACGCCAAGGGAATAAAGCTCAAAATTCCATTTCTCAGGAAGTAGACATATTAAAGGAAAAGTATAAAAAATTAATTTCAGAGGAAGACAATAAAAAAGAAAATAACAATAATAATGATGATGAAGTAAAACCAGAACTAAAAGACAATATA","Pf3D7_11_v3-1968050-1968296-2.1","87A97+8N124+8N",181,0.411363636363636,2
"IM-23-122-OBAR","8073804906","Maziba","Pf3D7_11_v3-1968050-1968296-2","TCATTACACTAGTCATGATTGGTTTAGATTATTACGCCAAGGGAATAAAGCTCAAAATTCCATTTCTCAGGAAGTAGACATATTAACGGAAAAGTATAAAAAATTAATTTCAGAGGAAGACAATAAAAAAGAAAATAACAATAATAATGATGATGAAGTAAAACCAGAACTAAAAGACAATATA","Pf3D7_11_v3-1968050-1968296-2.2","97+8N124+8N",259,0.588636363636364,2
"IM-23-122-OBAR","8073804906","Maziba","Pf3D7_11_v3-2001725-2001999-2","AGATGTAAGAACTAAGAATGTAAATACAAGTAAGAGAAATGAAGGACTTAATGATATAAATGAATCAGAAAAAACAAGAACAAGAAGGGCATCAACAAAATCAAATAATAATAATAATAATGTATCATACGAGAATGAATTAGAGAGTGTATCTGAATCGTTTGATAACTTTTTGGAGGATCATATGAAGGAAGGTGTTTTTTTAGATGGGGAAAA","Pf3D7_11_v3-2001725-2001999-2.21","68+8N89G116I=AATAAT191+9N",24,0.39344262295082,2
"IM-23-122-OBAR","8073804906","Maziba","Pf3D7_11_v3-2001725-2001999-2","GGATGTAAGAACTAAGAATGTAAATACAAGTAAGAGAAATGAAGGACTTAATGATATAAATGAATCAGAAAAAACAAGAACAAGAAGGCCATCAACAAAATCAAATAATAATAATAATAATGTATCATACGAGAATGAATTAGAGAGTGTATCTGAATCGTTTGATAACTTTTTGGAGGATCATATGAAGGAAGGTGTTTTTTTAGATGGGGAAAA","Pf3D7_11_v3-2001725-2001999-2.52","1G68+8N116I=AATAAT191+9N",37,0.60655737704918,2
"IM-23-122-OBAR","8073804906","Maziba","Pf3D7_11_v3-408285-408534-1A","TATGAAGAAGGTTTAAAATATTGTGCGTCATCAATTAATTTATGGATATGTGCTATCGATTTACAAATAGAAAAAAAGAATTATACAGGTGCTAGAGCTTTGACGGAGAAAGCAAAAATCAAAATCAAGTATTTAAATTCTTTTAATAATAATAGTCATATTTTAAAAAGTAAAGAAATTATTGAA","Pf3D7_11_v3-408285-408534-1A.1","70+9N",282,0.427272727272727,2
"IM-23-122-OBAR","8073804906","Maziba","Pf3D7_11_v3-408285-408534-1A","TATGAAGAAGGTTTAAAATATTGTGCGTCATCAATTAATTTATGGATATGTGCTATCGATTTACAAATAGAAAAAAAGAATTATACAGGTGCTAGGGCTTTGACGGAGAAAGCAAAAATCAAAATCAAGTATTTAAATTCTTTTAATAATAATAGTCATATTTTAAAAAGTAAAGAAATTATTGAA","Pf3D7_11_v3-408285-408534-1A.4","70+9N96G",378,0.572727272727273,2
"IM-23-122-OBAR","8073804906","Maziba","Pf3D7_11_v3-408543-408771-1A","AGAGTGTTAATAATACTACAGCTAGTAATATTTCCAAATCCAAAAATGAACTTGAAAAAAAGTCATCAGTTAATAATAATGCTTATATTAAAATTATCGAAAATTATGATTTATTATGGTTAAAATTAATAGAAATTGAATTATGTTGTAATAATAAAAATTTAAATCCTATA","Pf3D7_11_v3-408543-408771-1A.1","54+9N",945,0.888993414863594,2
"IM-23-122-OBAR","8073804906","Maziba","Pf3D7_11_v3-408543-408771-1A","AGAGTGTTAATAATACTACAGCTAGTCATATTTCCAAATCCAAAAATGAACTTGAAAAAAAGTCATCAGCTAATAATAATGCTTATATTAAAATAATCGAAAATTATGATTTATTATGGTTAAAATTAATAGAAATTGAATTATGTTGTAATAATAAAAATTTAAATCCTATA","Pf3D7_11_v3-408543-408771-1A.2","27C54+9N70C95A",118,0.111006585136406,2
"IM-23-122-OBAR","8073804906","Maziba","Pf3D7_11_v3-497277-497548-1A","TTTTAGATTTAATTGAATATTCATTTTTAAATTATACTAGTTCTAATTTAAATACAATAAATAATAATAATGACAAAAAAAAACAAAATCAAAAAAATAAAAATCGCAAATATAGTAAAAATAATATTTTAGATCTCTATGAACACGTACGTACGATCAGTTTATTTTATCACACGTTTAATTTACCTAAGGAGTATAATGAAAAATTGTT","Pf3D7_11_v3-497277-497548-1A.1","74+11N90+9N148T150C",287,1,1
"IM-23-122-OBAR","8073804906","Maziba","Pf3D7_12_v3-1959644-1959891-1A","ATGGGAAGACGATAAGAGAAGAGAAATTAATTTCTGAGGGAGCGTATTCATTTGTTTATATGGCGAAGGATTTAAACACGAATCGAGCTTATACTATAAAGAAGACCATATGTCAAGATAAAGAGAAAATAGATATGGCGAATAAAGAAATCAACATTCTTAAAAGTTTACCTCCACATAAAAATATA","Pf3D7_12_v3-1959644-1959891-1A.2",".",920,1,1
"IM-23-122-OBAR","8073804906","Maziba","Pf3D7_12_v3-2092529-2092798-1B","AGTTGAAGGGGGAGGAATGATCGGAGTTATCAGATTAGAAAATCAAGTGAGAAATCCCCCTGTAATAAAATTGAAGAGTCATACATCTCCCATCCTTGATTTGTCATTTAACCCGTGTTATAGTGAGATATTAGCTTCATGTTCAGAAGATATGTCTATAAGAATATGGGAGATACGTCATGAGGATGAGAATGTGAATGAGGTA","Pf3D7_12_v3-2092529-2092798-1B.1",".",839,1,1
"IM-23-122-OBAR","8073804906","Maziba","Pf3D7_12_v3-2092654-2092884-2","GAGATATTAGCTTCATGTTCAGAAGATATGTCTATAAGAATATGGGAGATACGTCATGAGGATGAGAATGTGAATGAGGTAAAGGATCCTTTATGTATATTAAATGGTCATAAGAAAAAAGTAAATATATTATCATGGAATCCTATGAATTATTTTATATTATCATCT","Pf3D7_12_v3-2092654-2092884-2.1","114+8N",1042,1,1
"IM-23-122-OBAR","8073804906","Maziba","Pf3D7_12_v3-233418-233671-1A","CAAAAATATCATTCCCCAAATTTGTACTACTAATTGTTCCAATAGTTCCTATAGTTGTGGTAATTTGCTCATATGTCTTTTTTCCTAAAGATTTATTAGACACATTTGAAGGATCATTATTTTGTTCCAAATTCTTGGGCACAGTATTATTACATGAGAATAATGAAAAGTTATTATCATAATTCTTTTGTT","Pf3D7_12_v3-233418-233671-1A.1","77+8N",546,0.565217391304348,2
"IM-23-122-OBAR","8073804906","Maziba","Pf3D7_12_v3-233418-233671-1A","CAAAAATATCATTCCCCAAATTTGTACTACTAATTGTTCGAATAGTTCCTATAGTTGTGGTAATTTGCTCATATGTATTTTTTCCTAAAGATTTATTAGACACATTTGAAGGATCATTATTTTGTTCCAAATTCTTGGGCACAGTATTATTACATGAGAATAATGAAAAGTTATTATCATAATTCTTTTGTT","Pf3D7_12_v3-233418-233671-1A.2","40G77+8N",420,0.434782608695652,2
"IM-23-122-OBAR","8073804906","Maziba","Pf3D7_12_v3-529495-529767-1A","GCTCCCCAAAAGTTAACTGCTTCATTATTTTTTGGATCCCAAAAACTAACATTCGTTACCCATCCAACATAATCGGTAGATATCCTATATTCATAACTACTACAGAAATATTTATACTCATGGTATACATTTGCATCATTTACATCTACCAAATTAACAGTTTTACACAAATTGTGAATGCCATTCAAGTTATAAAAACCTGTACAT","Pf3D7_12_v3-529495-529767-1A.1","32T",719,1,1
"IM-23-122-OBAR","8073804906","Maziba","Pf3D7_12_v3-63081-63314-1A","TTTCCGTCATAATAGTTGCATACATTCTATTAAAAACTTTGGGTACTCCTAATATAATTTCACCTTTTGAATTACATATGTCTGTATTCAAAAATTTTATATCTCTACTCCATATATTTATCTTTACACCCAAAAACAAAGCAATGAAAAAAATAACCCTTTCATA","Pf3D7_12_v3-63081-63314-1A.5","146+9N",1,0.00074019245003701,2
"IM-23-122-OBAR","8073804906","Maziba","Pf3D7_12_v3-63081-63314-1A","TTTCCGTCATAATAGTTGCATACATTCTATTAAAAACTTTGGGTACTCCTAATATAATTTCACCTTTTGAATTACATATGTCTGTATTCAAAAATTTTATATCTCTACTCCATATATTTATCTTTACATCCAAAAACAAAGCAATGAAAAAAACAACCCTTTCATA","Pf3D7_12_v3-63081-63314-1A.6","129T146+9N",1350,0.999259807549963,2
"IM-23-122-OBAR","8073804906","Maziba","Pf3D7_12_v3-659881-660127-1A","GGTGGTTTAACATTTTGAGCTACGAGATTTTCGACTGATGGCAATCCTAATTTGATTAATTCCTTTAACATAATTTTTGCGTGTTTTTTTACTTCTGATTTGATATCAAAGCTTGATTCTAAAAAGGTTGGTGAATTTTTTTGTAAAACACTGACAAGTTCATTTGATATGGTCTCTGCTAAATCATCACCA","Pf3D7_12_v3-659881-660127-1A.24","17G35C50A73A74T83+9N135+9N",636,0.563330380868025,2
"IM-23-122-OBAR","8073804906","Maziba","Pf3D7_12_v3-659881-660127-1A","GGTGGTTTAACATTTTGAGCTACGAGTTGTTCGACTGATGGCAATCCTACTTTGATTAATTCCTTTAACATAATTTTTGCGTGTTTTTTTACTTCTGATTTGATATCAAAGCTTGATTCTAAAAAGGTTGGTGAATTTTTTTGTAAAACACTGACAAGTTCATTTGATATGGTCTCTGCTAAATCATCACCA","Pf3D7_12_v3-659881-660127-1A.42","17G27T29G35C73A74T83+9N135+9N",493,0.436669619131975,2
"IM-23-122-OBAR","8073804906","Maziba","Pf3D7_14_v3-294503-294768-2","CAGAATTTAGATGTTATCAAAGTCCCATTCTTACCTTTCTATGTAACTCTTTGTAACAACAGCAAATTACCAACTTTTGAATTTACCTCAGAAAATGGTAAATACACATTAGAACCTGAATACTACCTTCAACACATAGAAGATGTTGGTCCAGGATTATGTATGCTTAATATCATAGGATTAGATTTTCCAGTACCAACCTTTA","Pf3D7_14_v3-294503-294768-2.1",".",238,1,1
"IM-23-122-OBAR","8073804906","Maziba","Pf3D7_14_v3-294506-294753-1B","AATTTAGATGTTATCAAAGTCCCATTCTTACCTTTCTATGTAACTCTTTGTAACAACAGCAAATTACCAACTTTTGAATTTACCTCAGAAAATGGTAAATACACATTAGAACCTGAATACTACCTTCAACACATAGAAGATGTTGGTCCAGGATTATGTATGCTTAATATCATAGGATTAGATTTTCCAGT","Pf3D7_14_v3-294506-294753-1B.1",".",1757,1,1
"IM-23-122-OBAR","8073804906","Maziba","Pf3D7_14_v3-297583-297856-1B","AGGAGGTTTTTCTTATTATATTTTTGAAAATTTCGTTTTTCAAAAGAACCGTAAAATTAATCACATAATTAAGACTTCAAAATATTCGACAGTAGGATTTAATATTGAAAATTCTTATGATAGACTTATGAAAACAATTAAAGAGCATAAATTAAAAAATTATATAAAAGAATCAGTAAAACTTTTTAATAAAGGTTTAACCAAAAA","Pf3D7_14_v3-297583-297856-1B.1","153+8N",421,1,1
"IM-23-122-OBAR","8073804906","Maziba","Pf3D7_14_v3-298368-298636-1B","ACGATTTAATGTGGCAAGTTGATTTAGATGTACATTTTGGTAATGTATCTTCCAAAAAAGCAAACGTTATTTTAGATAGTGCCACCAGTGTCATAACTGTACCAACAGAATTTTTTAATCAATTCGTAGAATCTGCAAGTGTTTTCAAAGTTCCATTCTTATCTTTGTATGTAACCACTTGTGGTAACACGAAATTACCAA","Pf3D7_14_v3-298368-298636-1B.1","53+8N110+8N",567,1,1
"IM-23-122-OBAR","8073804906","Maziba","Pf3D7_14_v3-3124416-3124655-1A","TAATTGATCTTCTAGAGGAATTAGATATTTTGTCTATATCGAATAAAGATGAAGTAGAAAAACGAAGAAAGAAAACAACTCAAGAGACGCGGTTGTTAGGAAATATTGATTTAGGATATGGAAAATTAGGAGAGGGAATAAAGTATGAAAATTTACAGGAAGAATTAGGAAACAGATTATTTG","Pf3D7_14_v3-3124416-3124655-1A.4","72A144T",1359,0.590612777053455,2
"IM-23-122-OBAR","8073804906","Maziba","Pf3D7_14_v3-3124416-3124655-1A","TAATTGATCTTCTAGAGGAATTAGATATTTTGTCTATATCGAATAAAGATGAAGTAGAAAAACGAAGAAAGAAAACAACTCAAGAGACGCGGTTGTTAGGAAATATTGATTTAGGATATGGAAAATTAGGAGAGGGAATAAAGTATGAAAATTTACAGGAAGAATTAGGAAACAGTTTATTTG","Pf3D7_14_v3-3124416-3124655-1A.33","72A144T176T",942,0.409387222946545,2
"IM-23-122-OBAR","8073804906","Maziba","Pf3D7_14_v3-3125801-3126073-1A","ATTCTTATAATATTTAAGAATGAAGGGATTAAATATTTACATTTTAGCGACGATACTCTGAAATATGTTAATTTTAATTATCCTGATTTTAACTTATATAAATGTATGAATTTATATAAGAAAAATTATGTTGATAGGGATGAGAAAGATATCTGTGATTTTTCAAATGAAGATTTTCCGTTAATAAAAGAAAATAACAAGAGAATCAG","Pf3D7_14_v3-3125801-3126073-1A.1","51C",194,0.625806451612903,2
"IM-23-122-OBAR","8073804906","Maziba","Pf3D7_14_v3-3125801-3126073-1A","ATTCTTATAATATTTAAGAATGAAGGGATTAAATATTTACATTTTAGCGAGGATACTCTGAAATATGTTAATTTTAATTATCCTGATTTTAACTTATATAAATGTATGAATTTATATAAGAAAAATTATGTTGATAGGGATGAGAAAGATATCTGTGATTTTTCAAATGAAGATTTTCCGTTAATAAAAGAAAATAACAAGAGAATCAG","Pf3D7_14_v3-3125801-3126073-1A.5",".",116,0.374193548387097,2
"IM-23-122-OBAR","8073804906","Maziba","Pf3D7_14_v3-3214249-3214516-1A","TAAATAAAAAAGGATTAGATGATTTAATAAAAGATTTGTTAAAATATTTTCCAAAGAATTCAATTAGCGATCGTTTTGAATTGTTAGAATTTAAAATGACGGAGGATTGTTATACAAAAATGTGGTTTGATTTTATGAGTGATTTTGGAATAGCTACAATGAATGAAACCGAACATACTAGATCTTTTTATGGCTTAATCGAA","Pf3D7_14_v3-3214249-3214516-1A.1","5+8N194C",1218,1,1
"IM-23-122-OBAR","8073804906","Maziba","Pf3D7_14_v3-377765-378020-1A","AAAGATATATCAACTGAAAAGATTTTATCAAATAATTGCTTTAATAATAAGTTAAAAAATTGATTTCCAATATCTATCATATTCATATAATCTAATGATTTAAAAATATATAATATACTCTTTGGACTAAATTTTAATTCATCATTTATTATTCTCTCTTTTACTATTGTTTTAATTTGATTAAAATATATAA","Pf3D7_14_v3-377765-378020-1A.1","21G53+8N71T154C170T",393,1,1
"IM-23-122-OBAR","8073804906","Maziba","Pf3D7_14_v3-407306-407542-1A","CTTTCTTTCGTCTTTCTGTTCATTATCCATATAATCTTTTTCTACTACCTTTTCATTCTTTACTTTATTTCTATTAATACACAACTCTCCTTGAGTTAAGAGATTTACGATATTATCAATATTGTTTTCTTTCATATACTTCAACTTTTTACTATTCATTTTTAAAAGA","Pf3D7_14_v3-407306-407542-1A.5","44A47A",1,0.000828500414250207,3
"IM-23-122-OBAR","8073804906","Maziba","Pf3D7_13_v3-1725124-1725365-2","TGGAAATTGTTCCCATTTATTCATTTTTTCTTCATATACTTCAATAGAATTTAATCTCTCACCATTAGTTCCACCAATGACATAAATTTTATTATCAAAAGCAACACACATAGCTGATGATCTAGGGGTATTCAAAGGTGCCACCTCTACCCATGCTTTCATACGATGATCATATGCTTCTAC","Pf3D7_13_v3-1725124-1725365-2.1","23+8N",1212,1,1
"IM-23-122-OBAR","8073804906","Maziba","Pf3D7_13_v3-1725208-1725471-1B","CATAAATTTTATTATCAAAAGCAACACACATAGCTGATGATCTAGGGGTATTCAAAGGTGCCACCTCTACCCATGCTTTCATACGATGATCATATGCTTCTACATTCGGTATAATAGAAGAGCCATCATATCCCCCAATACAATAAATTCTACCATTTGACGTAACACCACAATTATTTCTTCTAGGTATATTTAAATTACTTGAAAC","Pf3D7_13_v3-1725208-1725471-1B.1",".",605,1,1
"IM-23-122-OBAR","8073804906","Maziba","Pf3D7_13_v3-1725379-1725652-2","ATTATTTCTTCTAGGTATATTTAAATTACTTGAAACATACCATACATCTCTTAAACGATCATACACCTCAGTTTCAAATAAAGCCTTATAATCATAGTTATTACCACCAAAAACGTATAAGAAATTATTCAATACAGCACTTCCAAAATAAGCTTTTTTGGTAGACATAGGTGTACACATACGCCAGCATTGTTGACTAATATCTAATAATTCCA","Pf3D7_13_v3-1725379-1725652-2.1","153+8N",94,1,1
"IM-23-122-OBAR","8073804906","Maziba","Pf3D7_13_v3-1725464-1725719-1B","ATCATAGTTATTACCACCAAAAACGTATAAGAAATTATTCAATACAGCACTTCCAAAATAAGCTTTTTTGGTAGACATAGGTGTACACATACGCCAGCATTGTTGACTAATATCTAATAATTCCATCGAATTTAAATATTCTACACCATCAAATCCACCTATACAAAATACTAATGGGAATGGTAAAAATTTAATACCA","Pf3D7_13_v3-1725464-1725719-1B.1","63+8N",605,1,1
"IM-23-122-OBAR","8073804906","Maziba","Pf3D7_13_v3-1725887-1726123-2","AAATAGCTCCACCAACATTAATATCAATCATAGTTTCAGTAGCAATATTTGCATCAACAATTTTTTTTTTATCATTCTCAAAATTTTTATATTCTTGATAATATTTTTCTTTTTCTAAATATAATACTAATTTAATTTTATCGATTTCTTGTAAAAATCTTAATCTTTCTTCATCAA","Pf3D7_13_v3-1725887-1726123-2.1","60+12N",242,1,1
"IM-23-122-OBAR","8073804906","Maziba","Pf3D7_13_v3-1726174-1726408-2","TTTCTAATTCTTTGTACATTCGTACTCTTTCCATTTCTAGTTCTTTCTTATCTTTAAATAATTTATCTTTTTCTCGAATAAAATTCATTTGTGTCTTTTTTAACCAATTAATAAATGTAATTCTTAAATCACCTACCATATTTTCAAAATCACTAGCATCACTTAAT","Pf3D7_13_v3-1726174-1726408-2.6","19T95+8N",507,1,1
"IM-23-122-OBAR","8073804906","Maziba","Pf3D7_13_v3-1876391-1876664-1A","AACTATCTGTAAAAGTATGTTTAGAACTAACATTTGAAGAGAAGTTACATCCGTGTATGACTTTTTTTTCATATTTTGGTTTTAAAACTATTTTATAATTATTATTTTTAAATTTGCATGTACATTCTGTATTAACATCTTTTGATGTAACATAAAATGGAGCTTTAAAGATAGTTAAGTTTTTATGATAAATTATTTTATTACTTTTATATA","Pf3D7_13_v3-1876391-1876664-1A.1","61+10N",545,1,1
"IM-23-122-OBAR","8073804906","Maziba","Pf3D7_13_v3-146695-146934-1A","AAAGTATTTGTAATAGATTAAACGATGAACTAAATGAAGAAATATGTGGTTATCAAATTAGGTTTGAAAAATCGTATTTTTTAAAACATAGTAAAATTAAAGTTATGACAGAAGGAATTTTATTGAAAGAAATTATGAGTGATTTTATTTTATCAAAATATAGTGTTATCATTCTTGA","Pf3D7_13_v3-146695-146934-1A.2","76+8N170C",2071,1,1
"IM-23-122-OBAR","8073804906","Maziba","Pf3D7_13_v3-156456-156685-1A","ATTATATGATATTTATATAAAATTAGAAAATCTAATTTTAGAAAAAATAACTGAAAGTATATACAATAGTACACCTCCATATAGAGTTATTATGTTCGAATTAATGACCAGATTATTTCGATTTTATACAAAACCAATAGACCTTATTATTACTATGAATACAC","Pf3D7_13_v3-156456-156685-1A.1","41+8N",257,0.573660714285714,2
"IM-23-122-OBAR","8073804906","Maziba","Pf3D7_13_v3-156456-156685-1A","ATTATATGATATTTATATAAAATTAGAAAATCTAATTTTAGAAAAAATAACTGAAAGTATATACAATAGTACACCTCCATATAGAGTTATTATGTTCGAATTAATGACCAGATTGTTTCGATTTTATACAAAACCAATAGACCTTATTATTACTATGAATACAC","Pf3D7_13_v3-156456-156685-1A.2","41+8N115G",191,0.426339285714286,2
"IM-23-122-OBAR","8073804906","Maziba","Pf3D7_13_v3-156713-156986-1A","TCCTTTTATGTGAACAAATTAAATATTGTAAATGATTTCTTTTTTGAAACACACCATAAAGATACACATCAAGACAGTCAAAATGAACACAAAACGGATGAACCTAAAATACATAATGTTTTCAAAAAAAAAAATAACGATATCTTTGTTAATATTCCTCTACCAAAAATATTTAAAAATTTCTTACATTCCATATATTTTAGAACTCC","Pf3D7_13_v3-156713-156986-1A.2","39+8N50C123+13N",264,0.577680525164114,2
"IM-23-122-OBAR","8073804906","Maziba","Pf3D7_13_v3-156713-156986-1A","TCCTTTTATGTGAACAAATTAAATATTGTAAATGATTTCTTTTTTGGAACACACCATAAAGATACACCTCAAGACAGTCAAAATGAACACAAAACGGATGAACCTAAAATACATAATGTTTTCAAAAAAAAAAATAACGATATCTTTGTTAATATTCCTCTACCAAAAATATTTAAAAATTTCTTACATTCCATATATTTTAGAACTCC","Pf3D7_13_v3-156713-156986-1A.1","39+8N47G50C68C123+13N",193,0.422319474835886,2
"IM-23-122-OBAR","8073804906","Maziba","Pf3D7_13_v3-1724895-1725166-1B","CGCCATTTTCTCCTCCTGTAATTATATAAGAATCTGACAATGTGGCAGCTCCAAAATTCATTTTTTTCTCTGGTACACCATTTAGAAATTGCCATCTTTTATTAAATGGTTGATATTGTTCAACGGAATCTAATATGTTATGTTCATTATCAATACCTCCAACAACATATATTTGATTAAGGTAATTAAAAGCTGCTCCTGAACTTCTAG","Pf3D7_13_v3-1724895-1725166-1B.1","60+9N",431,1,1
"IM-23-122-OBAR","8073804906","Maziba","Pf3D7_14_v3-2858894-2859160-1A","ATAGATTTTAATGAAATAAAAAACACATCAAATGAGTATAATAATTTTGAGGAACATAATTATCAAGATGATAAATTTATATTTAATAAAGATATACATAATATTCTTTTAGAATTAAAGGAATCATTAAATGACATATCACGTGGAAGACTAAATACATTGATAAGAGATAATAAAATAAGTAGTTGTATAATATATCA","Pf3D7_14_v3-2858894-2859160-1A.6","17+8N",334,0.594306049822064,2
"IM-23-122-OBAR","8073804906","Maziba","Pf3D7_14_v3-2858894-2859160-1A","ATAGATTTTAATGACATAAAAAACACAACAAATGAGTATAATAATTTTGAGGAACATAATTATCAAGATGATAAATTTATATTTAATAAAGATATACATAATATTCTTTTAGAATTAAAGGAATCATTAAATGACATATCACGTGGAAGACTAAATACATTGATAAGAGATAATAAAATAAGTAGTTATATAATATATCA","Pf3D7_14_v3-2858894-2859160-1A.2","15C17+8N28A188A",228,0.405693950177936,2
"IM-23-122-OBAR","8073804906","Maziba","Pf3D7_14_v3-293575-293829-1B","TTTTGTAGTGTAATGTGTGGTTTATTTTATTATGTGTATGAAAATGTATGGCTTCAAAGAGATAATGAAATGAATGAAATTTTAAAAAATTCCGAACATTTAACTATTGGATTTAAAGTTGAAAATGCACATGATAGAATTTTGAAAACTATAAAAACACATAAATTAAAAAATTACATTAAAGAAT","Pf3D7_14_v3-293575-293829-1B.1","83+8N167+8N",459,1,1
"IM-23-122-OBAR","8073804906","Maziba","Pf3D7_14_v3-279563-279833-1A","CATTTTTCTTTTAAATGAGAGCAATATATTTCTTAGGTTTATTCCGGATAAATGTTTAGTTATTAGCCAGGTGAGTAATAGTGATTCATATAAGGTAAATTGTATTAATTTCTCTGAAGGATTTTGTTGCTGTCATCCAATAAATAATTTAGCACTATTATATGGAGAGTATCAACAAAATCAAGAATCAAAAATTATGAAATTACCG","Pf3D7_14_v3-279563-279833-1A.1",".",480,1,1
"IM-23-122-OUOH","8073804797","Maziba","Pf3D7_01_v3-162867-163115-1A","ATATACCAATAATACTTTTTTTTTTAAATAATGTAAAAAATGATTTATATAATTGTTATAAACAAATGATCACATATCATAATAATAATAATATGCTAAATCATAACTCTAATATTTTATCAAAAGAAAATGAAAAAAAACAACCTTTTTCAACATATAATATATCAAATCTTTGTTCTCCTGACCAAATGGTGATAAATAAAAA","Pf3D7_01_v3-162867-163115-1A.24","15+12N34+8N91I=ATA92G129+10N",355,1,1
"IM-23-122-OUOH","8073804797","Maziba","Pf3D7_01_v3-181512-181761-1A","TTCATTATTGTTTTCATTCTTTTTTTAACGAAAACTATTCATCTCAAAAATATAAGATATTTTATATGACGAATGCCATTGTATTTTTTGTTACGTAAAACCTGACTTCTTCAAGGAAAACACATGCGCATTTTCACCAATTTTTGCCTAAGCTTATTATAAAAAGTATATTAAATGTATGAC","Pf3D7_01_v3-181512-181761-1A.2","19+9N83+8N",605,1,1
"IM-23-122-OUOH","8073804797","Maziba","Pf3D7_05_v3-958920-959168-1B","AATAATAAATCGAAAACCATTAGTTGAAAATAATGATGATGGAGAAACATTACCAAATATTAAAAAAATTGAATTTAAAAATGTAAGATTTCATTATGATACTAGAAAAGATGTTGAAATTTATAAAGATTTAAGTTTTACTCTAAAAGAAGGGAAAACATATGCATTTGTGGGAGAATCA","Pf3D7_05_v3-958920-959168-1B.1","61+9N",285,1,1
"IM-23-122-OUOH","8073804797","Maziba","Pf3D7_01_v3-145388-145662-1A","GATATGTTTAAATATATGATTCTCGAAAAAACTTTTTTTATTTTTTTTGTCAATAGATAAATGATCAATATTTTCTATATTTAATCTATCAAGTATTTTTATATATCTATTATTTCTTTCTTCGATGGATAAATTATATGAATCAATATCCTTTCTTTCATCAACAAACTTTTTTATTGTTAACTCCATTTTTTTATTTAAGATACCA","Pf3D7_01_v3-145388-145662-1A.2","25+25N139T169+8N188+9N",18,1,1
"IM-23-122-OUOH","8073804797","Maziba","Pf3D7_05_v3-961511-961758-1B","CTGCAGAAGATTATACTGTATTTAATAATAATGGAGAAATATTATTAGATGATATTAATATATGTGATTATAACTTAAGAGATCTTAGAAACTTATTTTCAATAGTTAGTCAAGAACCCATGTTATTTAATATGTCCATATATGAAAATATCAAATTTGGAAGAGAAGATGCAACATTGGAAGAT","Pf3D7_05_v3-961511-961758-1B.1",".",429,1,1
"IM-23-122-OUOH","8073804797","Maziba","Pf3D7_06_v3-1115900-1116168-1A","ATTTTTTAATAAAGCAGTACCATCTATATCTCTTCCTTTTTTTAAAACACATAAAGTTTCATCAAAATTGCTTGTGCTATTTTTATCAGGTTCAGGAAAATATTGTTTATTTGTAGAATATCCATTCTGATTACAAGTTATAATATTATTAATATTTATAAATTTTTTTTTTGTTTTTAAATCACCAAATTGATTATCGTTAT","Pf3D7_06_v3-1115900-1116168-1A.1","1+8N36+9N162+12N",71,1,1
"IM-23-122-OUOH","8073804797","Maziba","Pf3D7_06_v3-1128558-1128797-1A","ATTGAATCGTTGGTGTTTATTTTATTATTCCTCTTTTGTTTTTCAATGAATACAAATGTTTCATCGACACTATCTTTATGATCTATTGGTATGGCATGATTTTCTAAATTGCTATTTCTTTCATTAGAATTGTATTTTTCACTATTATAGGTTGAGGTTTTACTACATTTTATATTTTT","Pf3D7_06_v3-1128558-1128797-1A.1",".",449,1,1
"IM-23-122-OUOH","8073804797","Maziba","Pf3D7_05_v3-960810-961048-1B","TAATACAGGAAGCATTTTATAATATGCATACTGTTATTAATTATGGTTTAGAAGATTATTTCTGTAATTTGATAGAAAAAGCTATTGATTATAAAAATAAAGGACAAAAAAGAAGAATTATTGTAAATGCAGCTTTATGGGGATTCAGTCAAAGCGCTCAATTATTTATTAATAGTTT","Pf3D7_05_v3-960810-961048-1B.1","105+8N",52,1,1
"IM-23-122-OUOH","8073804797","Maziba","Pf3D7_07_v3-1066661-1066903-1A","TATGGTTTTGTAATTTATTGGTATGTGTTGTTAAAGGAGAATTTTTTTAATATCCCTTGTCATGGGCAAAATGAGAAAAAAGAAATAAAAAACTTTTATGTTCAACATGAAGATATTTGTGAACACACTATTGGTAATCATATGTTAGGTGATAAATTAAAAATGTGTACATCTAATATTAATG","Pf3D7_07_v3-1066661-1066903-1A.2","41+9N75+8N86+8N",938,1,1
"IM-23-122-OUOH","8073804797","Maziba","Pf3D7_07_v3-1149367-1149613-1A","TATTTGACTAGTCGAATAATATTTAATATTTTTGTTTAGGAAGTTTTCAAAATTGATGACATTGATAACCGTTTTTATTAAATCGCTTGGGTTGTTTGTGTGTTCTATAGTAGAAGACATAATTTTAAGAATGTGTTTTTGTGTTATTAAACAAAACTTTGTTACTATATGGAATCGTATGTTAT","Pf3D7_07_v3-1149367-1149613-1A.1","106T109A",1183,1,1
"IM-23-122-OUOH","8073804797","Maziba","Pf3D7_07_v3-403479-403716-1B","TTAGGTGGAGGTTCTTGTCTTGGTAAATGTGCTCATGTGTTTAAACTTATTTTTAAAGAGATTAAGGATAATATTTTTATTTATATTTTAAGTATTATTTATTTAAGTGTATGTGTAATGAATAAAATTTTTGCTAAAAGAACTTTAAACAAAATTGGTAACTATAGTTTTGTAACATCCGA","Pf3D7_07_v3-403479-403716-1B.1",".",585,1,1
"IM-23-122-OUOH","8073804797","Maziba","Pf3D7_07_v3-403487-403750-2","AGGTTCTTGTCTTGGTAAATGTGCTCATGTGTTTAAACTTATTTTTAAAGAGATTAAGGATAATATTTTTATTTATATTTTAAGTATTATTTATTTAAGTGTATGTGTAATGAATAAAATTTTTGCTAAAAGAACTTTAAACAAAATTGGTAACTATAGTTTTGTAACATCCGAAACTCACAACTTTATTTGTATGATTATGTTCTTT","Pf3D7_07_v3-403487-403750-2.1",".",160,1,1
"IM-23-122-OUOH","8073804797","Maziba","Pf3D7_07_v3-403801-404052-1B","TATATATATATATATGTATGTATGTTGATTAATTTGTTTATATATTTATATTTATTTCTTATGACCTTTTTAGGAACGACACCGAAGCTTTAATTTACAATTTTTTGCTATATCCATGTTAGATGCCTGTTCAGTCATTTTGGCCTTCATAGGTCT","Pf3D7_07_v3-403801-404052-1B.4","1+45N130+8N",558,1,1
"IM-23-122-OUOH","8073804797","Maziba","Pf3D7_07_v3-405517-405773-2","TTTTCTACCATGACATATACTATTGTTAGTTGTATACAAGGTCCAGCAATAGCAATTGCTTATTACTTTAAATTCTTAGCCGTAAGAATTAAAAAGATATAAATATATAAATATATATGTGAAATATATGATATATATGATATATATTTTTTATATGTAATGTTTTTTTTTTTTTTCACAATATACATTTAA","Pf3D7_07_v3-405517-405773-2.2","97+57N162+16N",43,1,1
"IM-23-122-OUOH","8073804797","Maziba","Pf3D7_07_v3-405570-405844-1B","ATAGCAATTGCTTATTACTTTAAATTCTTAGCCGTAAGAATTAAAAAGATATAAATATATAAATATATATGTGAAATATATGATATATATGATATATATTTTTTATATGTAATGTTTTTTTTTTTTTCACAATATACATTTAAATGTTTATGATGGTACAACGTATCATATTTTATAATAATTTTATGCATTCATGTATATTATTTTTACTTTTT","Pf3D7_07_v3-405570-405844-1B.4","49+57N114+16N",1,0.111111111111111,3
"IM-23-122-OUOH","8073804797","Maziba","Pf3D7_07_v3-405570-405844-1B","ATAGCAATTGCTTATTACTTTAAATTCTTAGCCGTAAGAATTAAAAAGATATAAATATATAAATATATATGTGAAATATATGATATATATGATATATATTTTTTATATGTAATGTTTTTTTTTTTTTTCACAATATACATTTAAATGTTTATGATGGTACAACGTATCATATTTTATAATAATTTTATGCATTCATGTATATTATTTTTACTTTTT","Pf3D7_07_v3-405570-405844-1B.2","49+57N114+16N",7,0.777777777777778,3
"IM-23-122-OUOH","8073804797","Maziba","Pf3D7_07_v3-405570-405844-1B","ATAGCAATTGCTTATTACTTTAAATTCTTAGCCGTAAGAATTAAAAAGATATAAATATATAAATATATATGTGAAATATATGATATATATGATATATATTTTTTATATGTAATGTTTTTTTTTTTTTTCACAATATACATTTAAATGTTTATGATGGTTCAACGTATTATATTTTATAATAATTTTATGTATTCATGTATATTATTTTTACTTTTT","Pf3D7_07_v3-405570-405844-1B.70","49+57N114+16N159T168T190T",1,0.111111111111111,3
"IM-23-122-OUOH","8073804797","Maziba","Pf3D7_07_v3-432832-433091-1A","TTGAAAAAGTCATCATCAGAATGGGGATGATTATTATTGTTATTATGAGTTTGGTTCGTATTAATATTATGCTCCTTTTCGTTATTTAATTTATGTTCATTTATATTTTTATAAATAAATAATTTTCCAAGAAGTATACCATTAATAAACTTACTAGTTAACATATTAGACTGCTCAATATTTGTACATTTTTTTAATGTATGTATT","Pf3D7_07_v3-432832-433091-1A.1","30+17N188+9N",276,1,1
"IM-23-122-OUOH","8073804797","Maziba","Pf3D7_07_v3-475313-475545-1A","AGCTTTATTATCTACAAAAAATCCACGTGGATATATGAAACAAATGAAATTGTATTTTATATTCCAAATTAAAGAAATTGCATTAAGAAAACATGGCTCTTTACTTACAGTCAAAAATTTATATGATAATAAACTTTTAAATATAAATTCATCATCTTCTACAAATA","Pf3D7_07_v3-475313-475545-1A.2","15+8N125G",636,1,1
"IM-23-122-OUOH","8073804797","Maziba","Pf3D7_07_v3-627351-627625-1A","TCACTAAGATAATTATTATTACCATTTTCAGCATAATAAAACTTCTGATGTTTTATAAGAGGAGTTTGGTTAGAAGCAAAATTATCAGCAGTTGTCGAATAATTATTATGTTCTTGATAAAAGAGATTATTCATATAGTTATTATTATTTTTCATATCATCCATAGTATTATTGTTAATATAAAATTCCTCATATGAATTATATATATA","Pf3D7_07_v3-627351-627625-1A.5","23C42C",45,1,1
"IM-23-122-OUOH","8073804797","Maziba","Pf3D7_07_v3-717260-717493-1A","GAGCTTGCTTTTTTGTTGCGTTACTTGCTGGGCTGATCAAAAAAAAAGTTGAATGTATTGAACTTAGTGCCAGCGAAATTTCCCCTCATGAAAACAAATCGACGAGTTCATCAATATTCCAAGAGGAATTAAAATTTGATAAGTCTCTGAAAAATTTTTTCAAACAA","Pf3D7_07_v3-717260-717493-1A.1","8+8N38+11N154+8N",1227,1,1
"IM-23-122-OUOH","8073804797","Maziba","Pf3D7_07_v3-729480-729750-1A","TGAATGTTCAGAAATTTTATATCACTTAAATCGTTTGAGTGAGTTAGATCAAATATTGTTGAAAGATAAAATAAGTATATATGAGTATCAGCTAAAGGACACGTTTTTAACAACGTATGATATAGGTTGTTTATTAAAAATAGCTCAAGTGTTGAATGAACAAAATTATTATGATAACATTCCATTTTTGCATATATTTTTATATAACATACATAA","Pf3D7_07_v3-729480-729750-1A.1","42A",79,1,1
"IM-23-122-OUOH","8073804797","Maziba","Pf3D7_07_v3-896613-896849-1B","ACAATGAAAAAATGTATTAATGATGAATTATATAAAATAAAAATAAATGTAGGTTTATATAAAAAGGATAGAAAAAAATTATCCTTTTTTATATTGTTGCATAAATTTTATTTAGATAATTATAATATTGTTATTAATAAATTAAAAAATATGAATAATTTAATAGAAA","Pf3D7_07_v3-896613-896849-1B.1","6+8N71+9N84+8N143+8N",214,1,1
"IM-23-122-OUOH","8073804797","Maziba","Pf3D7_08_v3-102277-102527-1A","TACCTTCATCTATTGAATTAATTTTCTCAAGTAACATATTTTTGTCTTGACTACTTTCATCTGTAAATGGAACCAATACTCTTTGCTTACCTGCAAAAAGGACAACTGACATATGAGCCTTATCCTTACTTACATTCGAATTAAAGACCATAGATTCTAAAAATGGTATAGTTCCTTTTAACCAATAATC","Pf3D7_08_v3-102277-102527-1A.3","74C76A",884,1,1
"IM-23-122-OUOH","8073804797","Maziba","Pf3D7_08_v3-1056678-1056903-1A","GTGTTAACGATAATTATAATGCAATAAGCACAACTAATTTTTCAGATGACATGGATGAATTGATAAAGAATCTTTCTATTATGGGTTTGTGTAAAGAGAAAATAGTGTTAACAGAAAAGGCAACAATATTTAATAACATTGAATTGTTGTATTCATATTATCTTATAGTTCAGA","Pf3D7_08_v3-1056678-1056903-1A.2","126A",3556,1,1
"IM-23-122-OUOH","8073804797","Maziba","Pf3D7_08_v3-1099719-1099977-1A","AAAAAATAAAAAATCAAACAAGATAAATAATAATGTATATAATACTAGTGGTATAAAAAATAATGATCAAAATATGGATAATATGAATCAAAAAGGAAAAAGTAACAAAAATTCAAATAAATATAATTTTGATGAAGAGGATTTATGGTTTTTATGTGATTTATGTAATAATCCTATAAGTCCGTTATGTTA","Pf3D7_08_v3-1099719-1099977-1A.4","1+14N54+8N97A",120,1,1
"IM-23-122-OUOH","8073804797","Maziba","Pf3D7_08_v3-1176313-1176549-1A","TACATCCAATGAATATTTTACACTTAAAAGAAATAAACAAATTATTCATAATAAAATACATATACTCTCTATGCAAAAAAATAAACAAAATACAAACGAGCTAAACAAATCATGTAATATTAACGCCATCATATTTAATATTAATTCTGATGATTTTGAGGTAGGCGATGAAATTGT","Pf3D7_08_v3-1176313-1176549-1A.4","67C74+9N",955,1,1
"IM-23-122-OUOH","8073804797","Maziba","Pf3D7_08_v3-1313088-1313338-1A","TGAGAGACATAGATATATGATAGAAAAATGGAAAAAAGAAGATTGGTTTTGTGATTTAAAAGAAACGTTGAAAAATGAATTCGAAGAACAGATGGATATAGGAAAAGTATCTTTTTTATATGAAAATAATAGAGAGTATGGAAAAAATTTTTATTTGGAAAAGCAAAAAATTATATGGAAAAGATGG","Pf3D7_08_v3-1313088-1313338-1A.2","31+8N82C111+8N141+8N164+8N",197,1,1
"IM-23-122-OUOH","8073804797","Maziba","Pf3D7_08_v3-1314717-1314986-1A","ATAAAAAAGAAAAAATTATTGTCAAAAGTTTTCATAGATATATATATGATGGTATTAGAAGATTTTAAAGAAGAAGAATGTAAAAAAAATAAAGAAATATTTCTTGATACTTATATAGATGAACTAAAAAAAGATTCGCAAAGTGAAAAAAATAAAAGCATGTTAAATATATTAGATGAAATAAAAAGTGATATTCATATAGGATATC","Pf3D7_08_v3-1314717-1314986-1A.7","2+15N87A125+9N145+9N",49,1,1
"IM-23-122-OUOH","8073804797","Maziba","Pf3D7_08_v3-1344618-1344845-1A","TATCTTTTCCATATATAATAACGCATGAATTCTTTAAATATATCTTTTACTTTATCTGTAAGTTTCATGGAATCTATTATTTCATGTGCATATTTTATTTTTGCCTCGTTTATATATTTACCTGCTTCTAATTTACATAAACATTTTTCTATTAAGTTTTG","Pf3D7_08_v3-1344618-1344845-1A.1","128C",2,0.00183654729109275,2
"IM-23-122-OUOH","8073804797","Maziba","Pf3D7_06_v3-1135605-1135855-1A","TATAAAGAATTTATACCACCTAAATTGTTAACATTAGAAGTATTATTTGTTTCTGTATTTTCTTGTAACGTATTTGTATTATTAATATTGTTAGATGAAATATTATGACTATTTCTTCTATTTGTTATATTTAAATTGTAAATAGTTTCATTACTAACACTACTGATACCACTGAAATGATTATTTAG","Pf3D7_06_v3-1135605-1135855-1A.2",".",225,1,1
"IM-23-122-OUOH","8073804797","Maziba","Pf3D7_06_v3-1136091-1136364-1A","CATTATTTTTGTATCCAACGTCGTTATTATTAAAACTTATTATTTGATTAATAACTGACGAACCACATATATTTACACAATGGAATACATAACTTAAGAAAGAGTAGTAATTGCATTTTACTTTTTGCATTTTCCCTCTGGTGGAGAAATAATTATTATGCTGATTATTACTTTTTGTATTATGATAATTTTTGGTAATCATTTTTTTT","Pf3D7_06_v3-1136091-1136364-1A.8","164A201+9N",165,1,1
"IM-23-122-OUOH","8073804797","Maziba","Pf3D7_06_v3-1140900-1141174-1A","CTTCCATGTGAGCTTCAAAATCGTCTGAAGGTCGACTAGACATGAAAAATTCAGATTGAGGTAAATCATCAAATGGATGATTTCTATATGATATTCTAGGTATTAATCCTAAGATATTATTTATGCTATTACATTGAGAATTTCCTTCATTGGTTGTGGTACTTATATCCACATTTTGGTGATCATCAGGATATAATGTATTTTCTTTAGAACTT","Pf3D7_06_v3-1140900-1141174-1A.2",".",87,1,1
"IM-23-122-OUOH","8073804797","Maziba","Pf3D7_06_v3-1192628-1192867-1A","GATTATATATTTCTATATTTTAATAAGAATGCGTTACACAAACATGATGCCTCTAATGAAATGTGTTTTGTGAAAAACGAAGATTCTACACGCACAAAAGGACATATGAATGATGAACAAAATGATTTATATAAAATAAATAATAATACAACATATTTTTTTAACAAAAACCACT","Pf3D7_06_v3-1192628-1192867-1A.1","30T155+9N",698,1,1
"IM-23-122-OUOH","8073804797","Maziba","Pf3D7_06_v3-1197245-1197515-1A","CATTAGGAAAAACAACAGAGCCTTCTTCCATACCATAAATACATAAATCATTTCCACTAATCTTTTCTAAATATTGCACAAAAGAATCAATATCATTATAAGATGACATCTTCTTTCTTATAAAATCTAATTGAGCTTTGGTAAATCGAAAACAATTAATATATTTTATTACTTCATATACACCAGCTAATATAGCAAATTGAC","Pf3D7_06_v3-1197245-1197515-1A.1","20G",210,1,1
"IM-23-122-OUOH","8073804797","Maziba","Pf3D7_06_v3-1235395-1235658-1A","GAATATGATAAAATATATATACCAAACAATAAAAATAAAATTAATAATATAAATAATTTTTTAATAAAAAACAATTTGCTGTTGAAATCCAAATTTATGAGAATAACTCCTAATACCTATTTATGTCGTAATTGTGTCCTGTTATATCAAAATGATTTTTCGTATAATACATATGAAGAAGAAATTAATAAAATGG","Pf3D7_06_v3-1235395-1235658-1A.1","56+8N65+8N",41,1,1
"IM-23-122-OUOH","8073804797","Maziba","Pf3D7_06_v3-1282656-1282930-1A","AAAATATGGAAGAAATATGATAAAGAAAACAATAAATATATATTGTCTCATTTTATTCCTCAATTTATTGAAGACTTAAATTTGAAGGATGAATTCCGAAATTTATTTGATGGATTTGTAAATGATTTGGATATTCTATTATATTCAGAATTTAAAGCATTTTATTTACAAATGAAGCAAAAAGATATAAATGAACTGAAAAATTCTGA","Pf3D7_06_v3-1282656-1282930-1A.1","3A60T",70,1,1
"IM-23-122-OUOH","8073804797","Maziba","Pf3D7_06_v3-145285-145531-1A","TCAACAAAAGCTGATGAATCATCATAATTTGAATAAAATTTATCATTCACAATATTATATTTTTGTTTCTTCTTTTTTCCCATAATATTATTATTTTGTTCACAATATATGTTCATGTGTCCCCTCTTTTTCTGTAAAATATTAAAATGTTTCTTACTATGCTTTTCTTCATTTTTAATAACA","Pf3D7_06_v3-145285-145531-1A.1","72+8N165T",731,1,1
"IM-23-122-OUOH","8073804797","Maziba","Pf3D7_06_v3-176108-176338-1A","ATTATTATTATTATTATTATGATGATGATGATGATGATCTGTGTTAAGATCATCTTCTATACCATTAGTTAAACATTTTATATTTTTATTCATATAAACATTAATCTTCACAACAGATTTATCAGATCTAGAAAATCTTGTACCTGTTGCTTTATGTAACAATAT","Pf3D7_06_v3-176108-176338-1A.1","1+38N",726,0.989100817438692,2
"IM-23-122-OUOH","8073804797","Maziba","Pf3D7_06_v3-176108-176338-1A","ATTATTATTATTATTATTATTATGATGATGATGATGATCTGTGTTAAGATCATCTTCTATACCATTAGTTAAACATTTTATATTTTTATTCATATAAACATTAATCTTCACAACAGATTTATCAGATCTAGAAAATCTTGTACCTGTTGCTTTATGTAACAATAT","Pf3D7_06_v3-176108-176338-1A.12","1+38N",8,0.0108991825613079,2
"IM-23-122-OUOH","8073804797","Maziba","Pf3D7_06_v3-416462-416720-1A","AAGAGAAAATGGACATTGTGGAGAATATAAAAAATAGAGGAAAGGAAAAAACAGAATTAACATATAAAGAAGTATATAAAACACAACAGAATCAAAATGATGCAAGTTTAAATTCATTTTGGGGTGATGAAAAAAAAAATAATAATTATGATATAGATATAGTAAAAGAGAAATATAGTGAGTTAATGAAAAAAAAAGAA","Pf3D7_06_v3-416462-416720-1A.2","3+8N28+8N45+8N129+12N188+11N",173,1,1
"IM-23-122-OUOH","8073804797","Maziba","Pf3D7_06_v3-532166-532407-1A","AGAACAATTGCTAAACACCAAATTGGGTGAAACAAAAAACCACCTGAACAGAACCCCATTTATACCTGAATCGGTCATACGAGAAAGGAAATTACGCCAAGAAAAAGCGCAATCCACAAACAACATGTTCGATTCAACAAACGCAGATAGTATTACTTCCCCATGTGATCCAACGAATGTCACG","Pf3D7_06_v3-532166-532407-1A.22","33+8N109G157T180T",1,0.000393545848091303,3
"IM-23-122-OUOH","8073804797","Maziba","Pf3D7_06_v3-532166-532407-1A","AGAACAATTGCTAAACACCAAATTGGGTGAAACAAAAAACCACCTGAACAGAACCCCATTTATACCTGAATCGGTCATACGAGAAAGGAAATTACGCCAAGAAAAAGCTCAATCCACAAACAACATGTTCGATTCAACAAACGCAGATAGTATTACTTCCCCATGTGATCCAACGAATGCCACG","Pf3D7_06_v3-532166-532407-1A.5","33+8N157T",5,0.00196772924045651,3
"IM-23-122-OUOH","8073804797","Maziba","Pf3D7_06_v3-532166-532407-1A","AGAACAATTGTTAAACACCAAATTGGGTGAAACAAAAAACCACCTGAACAGAACCCCATTTATACCTGAATCGGTCATACGAGAAAGGAAATTACGCCAAGAAAAAGCGCAATCCACAAACAACATGTTCGATTCAACAAACGCAGATAGTATTACTTCCCCATGTGATCCAACGAATGTCACG","Pf3D7_06_v3-532166-532407-1A.10","11T33+8N109G157T180T",2535,0.997638724911452,3
"IM-23-122-OUOH","8073804797","Maziba","Pf3D7_06_v3-851492-851765-1A","ACAATAGTACATTCTGCATTTACATCACAACCTCCATTATTTTTTGAACAGTTCATATCTTTCATAGGTATACATTTAAAATAATTTACACTCATATCAACTATATAATTAGGTCGGCATCTACATTGTTCTTTATCTTTTTCGACAATATAACAACGTGAATTGGGTCCACATTTGGAATATTCACAAATATAATTTACTTTAAATATAACAAAATTTCTCA","Pf3D7_06_v3-851492-851765-1A.1","39+8N",152,1,1
"IM-23-122-OUOH","8073804797","Maziba","Pf3D7_07_v3-1028330-1028603-1A","TAAAGAATATTTTTATTTCTAATATTATGGCTAAAAGGAAAATTATTTAATTTCATTTTTTGTGGGTTACTTGTATCATTACAACTCATCATCATGACCATATTATTATTATTATTATTGTTGTTGTTGTTGTTGTTGTGGTGGTTCATTACCAATAAATTTGTGTTATTATGTTCATCCTTTTTTATATTAACAATTTCATTTCTATAA","Pf3D7_07_v3-1028330-1028603-1A.1","55+8N101+36N177+8N202C",77,1,1
"IM-23-122-OUOH","8073804797","Maziba","Pf3D7_07_v3-1043981-1044225-1A","ATAATGATATGTTATTTCATCATCAGCATCGACTTCTTTTTTATTATGTTCAAACAAATTCTTATATTTTATATTATTGCATTTTTGTCTTTCCATATTTATAAAAGATTCTATTTTCTTTTTATAATCATTCCTTTTTATATAATTACACATTCCTTCATTTTGGTTGTCATAACTCTTCT","Pf3D7_07_v3-1043981-1044225-1A.1","36+8N",704,1,1
"IM-23-122-OUOH","8073804797","Maziba","Pf3D7_07_v3-105172-105442-1A","GACTACTAACAGAGTGACTACCTACGCTATGTTGAGATGAATTCCTTCCATCTGAATTACTTCCAGATAGGTGATTTTTTGTACTTCCATCTGAATTGTTTTCATATAATTGACTTTCCTTTTGTCCATCTAAATTATGCACTGCACTATGAGTTCCTTCACCCAAATTATTACTGTTTGTTGTATCATCATTTAAATCAAATCCATTTCTT","Pf3D7_07_v3-105172-105442-1A.8","79T103C",144,1,1
"IM-23-122-OUOH","8073804797","Maziba","Pf3D7_08_v3-585331-585590-1A","TGAAAACTTTTCATGTACGGTTAATAAACAAAATAATTCTGAATTATATATAAGTAAAACTTCTTCTACATCTCTAAATTTATGCATTGTAGCTCTTTTAAGATAATAAGGCAAATATTTTACAATATATTTTTGTTTAAAAAAACCTTGATGACCAACATTAATATCTTCCATTTTGGAAAAGGTTCCACTTAACG","Pf3D7_08_v3-585331-585590-1A.1","138+9N",319,1,1
"IM-23-122-OUOH","8073804797","Maziba","Pf3D7_08_v3-585703-585949-1A","AAACACATCATCAAAAGTTTCTGATATTGGCTTGTTTGATTCTTTATATTTAAAATCTTTATATAAATAAAATCTATCTTTCTTAAAATATGGATCTTTACGTACTTCAATCGAATCACTATCAGTTACAATATTTATATCTTTTAATGTTAAGTGGAAATTAGAATCAATAATAGCTA","Pf3D7_08_v3-585703-585949-1A.1",".",568,1,1
"IM-23-122-OUOH","8073804797","Maziba","Pf3D7_08_v3-585993-586266-1A","TGTAAATATAAATCATACGTATGACATGAATCATCATTTAATGCATTCTTAATTGTTAATGCTAATCTACTTACAATAATATAAGCAAAGTTTATATGAGAATGAATACCTTCTTTTCCTAAAAAGTTATAAAGACTAACAAATGGAGCATATATTATAAATTTATCATACTTTTTTTTGTGCATAACTTCATTTAATAAAATATTT","Pf3D7_08_v3-585993-586266-1A.1","171+10N",171,1,1
"IM-23-122-OUOH","8073804797","Maziba","Pf3D7_09_v3-1015103-1015350-1A","ATTATTTAATTTTTCATCTTTTATATTTTTCAGATTTTTTATATGAAGATATAGGAATACAACTAAATTAACAGCTGAAAATAATCTTACTAACAAAAATAATTTGAGGAATTCTTCATCATATAAATCTTTTGGAATATTATTTGTGTATTCATAAATTTCTATTAAGGATATAATAGTTATGA","Pf3D7_09_v3-1015103-1015350-1A.1","34+8N",35,1,1
"IM-23-122-OUOH","8073804797","Maziba","Pf3D7_09_v3-1406342-1406614-1A","TCTCAGATTATCATAGTGTTGTGGATGAAGATTTAATTAATTTTAATGATGATGTTACTTTAGAAACACAATCCATGATAGCACACGGAGGGTCTTTGTCAGAAATAGAAGAAACTGAAGATTTATCTTCAGATGTTGATAGATTACTTTCATCAATCGAAACTACTCCAAGAGATGATGTTGTATATATACGAGGTGATATTATATT","Pf3D7_09_v3-1406342-1406614-1A.3","118A148T204A",372,1,1
"IM-23-122-OUOH","8073804797","Maziba","Pf3D7_01_v3-194742-194973-1B","TACCTATAAAAATGAAAAAAATAAAGAAGAAGATAAATATGGAAAAAATGAAAAAAACGAAAAATATGACAAATATGACAAATATGAAAAATATGAAAAATATGATAAATACAAAAAAGATAATAAAAATCAACATGATGATCCACTTTATGATAATATTAATAAAAATTACGATAA","Pf3D7_01_v3-194742-194973-1B.2","14+9N42+17N112+8N",721,1,1
"IM-23-122-OUOH","8073804797","Maziba","Pf3D7_01_v3-455794-456054-1A","AGAAAAAAAATTTATTAAGAGGTATTTCGATTTTAAAAATTTAAGAATTAATTTTTAATTATGTCTATAAAAACTTAATAGAAAATAAATATTATTTTGTTTTTCAAAAAAATGTTTAAGAATAATATTTCTTTATTCTTTTACAATTTAGAACATATAATGCTATTTCTTTTAATTTTAATTTAATTTCAAA","Pf3D7_01_v3-455794-456054-1A.1","2+10N105+9N",25,1,1
"IM-23-122-OUOH","8073804797","Maziba","Pf3D7_01_v3-528859-529104-1A","TTTGATTCTTTTTAATGAAAAAGAAGCTAAAGATATGTCAGACCATATAATTTCCCAACAAAAACGTTATTGCTCTACCAATATTCATAGTATTTATAATAATAAAATATGTATATGTAAAAATAAGCGACATCATAACAAAAGAGGGAAAGGAATAAAGCATCCTGACATACATCAAAAGG","Pf3D7_01_v3-528859-529104-1A.19","93T",1879,1,1
"IM-23-122-OUOH","8073804797","Maziba","Pf3D7_01_v3-535965-536239-1A","GCTCATTTGATATTTTCCAGTTGTTTGATTTTAAAAATGATGTATATTTTTTAGATGATAATTTGTTCGACAAGGATATGGTATATTGTACAAGTACCAACAATTATGGCGTTATGGGAAATGATAATGATGATGATAAAATAATAAAAATACAAAATTTAAATGAGAAATTAAAAAATGGAAAAGCTGAATTTAAAGATATATTATTAT","Pf3D7_01_v3-535965-536239-1A.1","46+8N121+17N172+8N",54,1,1
"IM-23-122-OUOH","8073804797","Maziba","Pf3D7_02_v3-290580-290821-1A","TTATTATAAGGATTATAATTATTATCATTCTTATTATATGGATTAATATAATTTTGATCATAATCATTACTGTTTTTATCATATTGTGGATAATTATTTCTATTTCTATTTTGATTAAAATCCGATTGTCTATATCTAACTCTAATATCTGTAGATGCTAAATCATTAGGTAATGGG","Pf3D7_02_v3-290580-290821-1A.5","12+26N55T62A",837,1,1
"IM-23-122-OUOH","8073804797","Maziba","Pf3D7_02_v3-291770-292017-1A","TAATATCATAAGGTTTGAATATTTTCCTCTCAGGTATTATACCAACAGAAGGTTTATCATCATCTTTAAAACCTGCTCTATCTTTAACCCATTGATTAGGATTTTTTAAACATAAAGCTGGATTCTTTAATAAATCTTTCATATGTTCCATATTATTTTCTTCATTTATATATGATGCTAC","Pf3D7_02_v3-291770-292017-1A.1","101+8N177G",353,1,1
"IM-23-122-OUOH","8073804797","Maziba","Pf3D7_02_v3-470437-470709-1A","AATATTGACATGAAACATTATAATACACATAAGAAAAAAAAAATTTATTTATTCTTACAAAAAGAATATAAAAACAAAATTTTGGGATTTATAAATTTTTATAAACATATAACACACAAAATAAAAAAGAAACAAGAAAATGTTCATGATAAAATCACTTTTTTAAAATGTCTAAAGGAACTCTTTTTTGTCACACATACAAATG","Pf3D7_02_v3-470437-470709-1A.1","33+12N122+8N158+8N183+8N205G",54,1,1
"IM-23-122-OUOH","8073804797","Maziba","Pf3D7_02_v3-503040-503288-1A","ATTATGATTAATAATAATATTTCTCATAATTTCGTTAAATACATCTAAACTATTTATAGAACCATCTATATCATCTTCATTCCTATTTTGGTGAACCGATTCGGTGTTTATAACATCTAAGGTGTCTTTTTCTTCTCCTCTGTAACTTTTTATAATTTTTTGATAAATGTTGTTATAAGAATTATCA","Pf3D7_02_v3-503040-503288-1A.2","97C155+8N",620,1,1
"IM-23-122-OUOH","8073804797","Maziba","Pf3D7_02_v3-628941-629172-1A","ACTTTTTTTAGATTTTTCTTGATCGTTTTCATCATTTTTTATTTCCTGTTCATCTGAGGTTTTCTTTTGTAAACGCTTAGTGCGTCCCTTTTGACCTTTTAATTTTTTTTTAAATATATTTTTAACTTGATCAATGAAGAAAGCATAATCTTGTATGACAGAAAATCT","Pf3D7_02_v3-628941-629172-1A.4","2+9N34+8N86C102+11N",654,1,1
"IM-23-122-OUOH","8073804797","Maziba","Pf3D7_02_v3-630641-630907-1A","CTAAGTTATCTAAAATTATTAATTTTTTCAAATATGGTAATTTATGTCTATGAAGTAATAAGCCATCAACTAAATCTAAATCTAAACATAACCATTCTAATTTCGTTTCATTTAATATGTTTACAATTACATCTATACTAAAGTTAGAATGTAAAATCAAGGTTGTTACACCACTCATCATAGCTGCCATATCAACAAT","Pf3D7_02_v3-630641-630907-1A.1","22+8N43T",180,1,1
"IM-23-122-OUOH","8073804797","Maziba","Pf3D7_03_v3-221185-221419-1B","AAATAAATTAAATAGGAAAATATAAAGAAAAATGAAAATTAAGAAAAAAAGTAGTATATATTTTTATAAATATTGTACAACTCAAACTAAGATGTGTTCTTTATCTAATTAAGGAACAAGAAGGATAATACCATTATTAATCCTATTGAACTATTTACGACATTAAACA","Pf3D7_03_v3-221185-221419-1B.1","43+9N",355,1,1
"IM-23-122-OUOH","8073804797","Maziba","Pf3D7_03_v3-221295-221532-2","AAGGAACAAGAAGGATAATACCATTATTAATCCTATTGAACTATTTACGACATTAAACACACTGGAACATTTTTCCATTTTACAAATTTTTTTTTCAATATCATTTTCATAATTTAATTCGTCTTTAGGTTTATTAGCAGAGCCAGGCTTTATTCTAACTTGAATACCATTTCCACAAGTTA","Pf3D7_03_v3-221295-221532-2.5","86+11N107T114T",629,1,1
"IM-23-122-OUOH","8073804797","Maziba","Pf3D7_03_v3-221463-221712-1B","ACTTGAATACCATTTCCACAAGTTACACTACATGGGGACCATTCAGTTGAAAGAGAATTTTGTATTCTCTTTAAATATTCTGTTATGTGCTTATCACTTGGTTCTTCGTTATTATTATTTTTTACAGCATTGTTGGCATTAGCATTTTCATCTACATTTCGGTTTGGGTCATTTGGCATATTGTGACCTTGTC","Pf3D7_03_v3-221463-221712-1B.21","67C69C82G117+8N130T",1,0.0027027027027027,2
"IM-23-122-OUOH","8073804797","Maziba","Pf3D7_03_v3-221463-221712-1B","ACTTGAATACCATTTCCACAAGTTACACTACATGGGGACCATTCAGTTGAAATAGAATTTTTTATTTTGTTTAAATATTGTTCTATGTGCTTATCACTTGGTTCTTCGTTATTATTATTTTTTACAGCATTGTTGGCATTAGCATTTTCATCTACATTTCGGTTTGGGTCATTTGGCATATTGTGACCTTGTC","Pf3D7_03_v3-221463-221712-1B.15","53T62T80G83C117+8N130T",369,0.997297297297297,2
"IM-23-122-OUOH","8073804797","Maziba","Pf3D7_03_v3-515418-515657-1A","TTTCATTAATTTCTATATGTTTGAATTCCCTTATAGACATATTTGAATCATTATTACTTTTATATGAAGTGTTATTATCGAAATTATTATTAATACATTTTATTTTAATGATTTTGTTAAAATTTTTATTATTTACTATAATGGAAGTCAGATATGTACTTATCGTATGGAAAGCTAATCATCAACA","Pf3D7_03_v3-515418-515657-1A.3","5A",1306,1,1
"IM-23-122-OUOH","8073804797","Maziba","Pf3D7_03_v3-653961-654206-1A","CTCGTACAATATTTTTATAATTTCCTTTCATCTTATTTTTTTCTTTATATTTTTTTTTTTCATATGTAAGATTTATATAATCACTTTCGCTTTTTCTAACGCTTTTGAACTTTTTAAATGTACTTCGTTCATTATTTCTAATTCTCGTAAACACAAGAATAAATATTTTGATATATCTTATA","Pf3D7_03_v3-653961-654206-1A.1","35+9N49+13N101G",296,1,1
"IM-23-122-OUOH","8073804797","Maziba","Pf3D7_03_v3-85507-85756-1A","TATCATTTAAATTCTCTTTTTCCACAGCTCCAGCATTTTTATTTATATCATCTACAACTACATCTTCCTTCACATAATTATTTATATAAAAATTATTATCATCTAAAGCATCTGAAAATTCTTCATTTAATACTTCTTCATCTTCTACATTAAATGTTTTCGTTCTTTCATCATCTAATAAA","Pf3D7_03_v3-85507-85756-1A.3",".",147,1,1
"IM-23-122-OUOH","8073804797","Maziba","Pf3D7_03_v3-855426-855697-1A","GTTATTTCAGTATGAGTTTCAACAGTTAATACTACTTCAGGATATGGATTGATACTTAACATATGTACTCTCAATAATCTAGTATCAAATATATATGAAAATGTATACTCAGGAAAACATATAGTAGATAATCCATTATTATTCTCTATACATATTTTACTTATAGCTATATAATCGTAATTATCTTCTATTACTATTGGTTCTGTG","Pf3D7_03_v3-855426-855697-1A.2","32C61A",62,1,1
"IM-23-122-OUOH","8073804797","Maziba","Pf3D7_03_v3-891553-891827-1A","CAAGAGCTAAGAAAACATATAGAATCATCATAAGGATGTTGATAATATAAATGTGTTTTTATTTGTGTATTTATGTCAGAATATTGTTCCTTCGATTTATCTTTAAAATAATCAAGATTATTTATGTTGGTGGCTTTATTATTATTAAAATAATTTTGATTTGTTACATGATGACTAGGGGTATATTTGTATTTTACGTTTTTATTA","Pf3D7_03_v3-891553-891827-1A.7","93C116G",63,1,1
"IM-23-122-OUOH","8073804797","Maziba","Pf3D7_03_v3-980853-981120-2","TAAGATTCTTTTGAGTTATTTATTTTCCAAATAATTTGGTTATATATATATGAAAATTCGATCATACCACATGCTCCAAGAATAATAGATGCATCGTCATTATATTGGAATGTAAAACTTTCATCATACTCATTTGTATTAGGTACACAAGAATCATCTTTATTTTTATAATTTTCTTTACATGTACAATTAATTTTACTATATT","Pf3D7_03_v3-980853-981120-2.1",".",80,1,1
"IM-23-122-OUOH","8073804797","Maziba","Pf3D7_04_v3-1005938-1006187-1A","GTCTTAACATTAATTCTAGTTACAAAGTTACATGGATTTATTGAAAAGATATTTTCGTCATTATATTTCTTTTTTTCCATATCTGTTTGATCATTTTGATATGTTTTCATATTATCCATATGTTCATTATTTTGATCAATATAATTTTTTTTTATAATAAATTTAGAATTATTTTTAAAGAAA","Pf3D7_04_v3-1005938-1006187-1A.2","15T16C61T69+9N144+11N",225,1,1
"IM-23-122-OUOH","8073804797","Maziba","Pf3D7_04_v3-1037644-1037891-1A","GAAAGAGATTTAACAGATGATGCTGTGATTTTTGCACACTCACTTTATTTACCATTTGAAAAAGAAGAAATGTGGTGGATCGTTATCGGAATTAAAAAAATGAACTTACTTTTATCTATCAAAAAATTATCTTTATTGAAAAGTGTCAATAATATAAAAATTAATTTCGAATTGCCTGACA","Pf3D7_04_v3-1037644-1037891-1A.1","93+9N120+8N",713,1,1
"IM-23-122-OUOH","8073804797","Maziba","Pf3D7_04_v3-1083299-1083563-2","ATACACTTTCCATATGTAGAGGACTTATGATATATAGAATTATAAGATAAATGTTTATAATAATCTAAAAAAGTATAATGAGGTATTATAACAAAATCCAAATGTCCTTCTTTTTCTTGTAAAATATCAATAGAATTTGCAATGTTATAATTTGATAACTCTTTAAAATCATGTTGTAAAAAATTAACATTTTTATA","Pf3D7_04_v3-1083299-1083563-2.4","66+8N170C173G177+8N",140,1,1
"IM-23-122-OUOH","8073804797","Maziba","Pf3D7_04_v3-109939-110184-1A","CAACATCTGAATTATATAAATCTTTAGAAAAACAACTAATATCCTTACTACATATATTTATTTTTATACCAAGAATAACAGCCATATAAACCAAAACTCTCTCAAATACATGTGATACAGGTAAATAAGAAAAATGGGTTTTCGGTTTCATGTTTTTTATTACATTATGATCACATAATGGTGCTACT","Pf3D7_04_v3-109939-110184-1A.4","50A51C152+8N",2,0.00523560209424084,3
"IM-23-122-OUOH","8073804797","Maziba","Pf3D7_04_v3-109939-110184-1A","CAACATCTGAATTATATAAATCTTTAGAAAAACAACTAATATCCTTACTCCATATATTTATTTTTATACCAAGAATAACAGCCATATAAACCAAAACTCTCTCAAATACATGTGATACAGGTAAATAAGAAAAATGGGTTTTCGGTTTCATGTTTTTTATTACATTATGATCACATAATGGTGCTACT","Pf3D7_04_v3-109939-110184-1A.1","51C152+8N",1,0.00261780104712042,3
"IM-23-122-OUOH","8073804797","Maziba","Pf3D7_04_v3-109939-110184-1A","CAACATCTGAATTATATAAATCTTTAGAAAAACAACTAATATCCTTACTCGATATATTTATTTTTATACCAAGAATAACAGCCATATAAACCAAAACTCTCTCAAATACATGTGATACAGGTAAATAAGAAAAATGGGTTTTCGGTTTCATGTTTTTTATTACATTATGATCACATAATGGTGCTACT","Pf3D7_04_v3-109939-110184-1A.3","152+8N",379,0.992146596858639,3
"IM-23-122-OUOH","8073804797","Maziba","Pf3D7_04_v3-1113397-1113639-1A","GATTCTGCATGCAGTAATGAATCTATTGAAATCATCTAAGAATAAACTTTTTTGTTTAAACCATTTATTGAACATTTCACTTAAATGTGATTCAATTTTTTTTTCTGAGCTTTCCATAATTTGATTACATCTATTCAATTTGTTTGTATAAGTTTTAGGTGTTATTATTCTTTTACGTTTTAAATCATC","Pf3D7_04_v3-1113397-1113639-1A.1","47+8N95+11N130T161G",924,1,1
"IM-23-122-OUOH","8073804797","Maziba","Pf3D7_04_v3-115455-115684-1A","TATTAATGTCATTTTGTTTTTCTTTATTATTATTATTTTTATTTTTTCCCTGGTTATCTTCCTTATTACCTAGCTTTTTTTTGTTGTCATTATTTTCTGTCTGATTATTATTTTTGACTTTGTTCATCTTTGAATTATCCGTTCTGTTTGTATGTCTCAAGCAAGGT","Pf3D7_04_v3-115455-115684-1A.1","24+25N74+10N",1566,1,1
"IM-23-122-OUOH","8073804797","Maziba","Pf3D7_04_v3-133581-133830-1A","CTCTCGATTACCATTACCTACTTCAGTCTTTACAATTATAGGAGGTGTTTTAACATGATTATCCCCTCCATGAGGAGTAACCCTTAAAGGTTCTTCTTGAATATTTGGTGTCGCTTCGCCTGTTTCTGTAGAAAGGATATTTATTCTATCAACATATTCATCACCTTCTTCAACTGTACTATTTAAA","Pf3D7_04_v3-133581-133830-1A.3","11C38A",151,1,1
"IM-23-122-OUOH","8073804797","Maziba","Pf3D7_04_v3-133928-134154-1A","TTTTGAAATATCTAATTTATCCATTTGCCTTTTTATTTCATAGTCCCAACTACTTACCCAGGTATTAAAATTAATACAATCCTGTTCTGCATATTTTATGGCTTTTAAATCCCTCAATTTAGTAGCCCTATCTTCACAATAATCTTCTAATATTTTAAT","Pf3D7_04_v3-133928-134154-1A.1","21C",1206,1,1
"IM-23-122-OUOH","8073804797","Maziba","Pf3D7_04_v3-140317-140548-1A","TCGGGACAATATTATAAGGATTTTATCACATCAAGGAAAAATATTTATAATATAAGGGAAAATATATCCAAAAATGTAGATATGATAAAAAATGAAGAAAAGAAGAAAATACAGAATTGTGTAGATAAATATAATTCTATAAAACAATATGTAAAAATGCTTAAA","Pf3D7_04_v3-140317-140548-1A.1","86+8N",1438,1,1
"IM-23-122-OUOH","8073804797","Maziba","Pf3D7_04_v3-141741-141990-1A","TGAATACCATATAGCCCTTTCAAATTATATAAAGACAGAACTAAGAAATATAAACCTGCAAGAAATAAAAAACAATATAATAAAAATATTTAAAGAATTCAAATCTGCACACAAAGAAATTAAAAAAGAATCAGAACAAATTAATAAAGAATTTACCAAAATGGATGTCGTCATAAATCAATTAAGAGATATAG","Pf3D7_04_v3-141741-141990-1A.1","66+8N121+8N",632,1,1
"IM-23-122-OUOH","8073804797","Maziba","Pf3D7_04_v3-284121-284364-1A","ATATTGTATATTATCATAAGATTTATATGGAGGACCACATTGAAATCCGACAATTTCATTTGATGCATGTAGTACACATTCCGTATTTCTGTTTGAATTATTTAAAATAATTTTATTACTTAGAAATGATTCTTTTTCACTATAATCTTTATATAAGAAAGGGTCTTCATCAATTTGA","Pf3D7_04_v3-284121-284364-1A.1","157G",288,1,1
"IM-23-122-OUOH","8073804797","Maziba","Pf3D7_04_v3-316593-316858-1A","TTATTCATTTTTTGTATATTATCCTTTTCTACATCATCAAAATTTGTTAATGATTCACACGTTATATTTGGTGATATTATATTTCTACCTGTACATACACCAATATTTGTTGTACCTATTATTTTATACCCTTCTTGACATTTAAATTCTATTTTTTCACCAAGTAAATAATATTTTTTATCAGGGATAAGGGAAACATA","Pf3D7_04_v3-316593-316858-1A.1","7+8N151+8N173+8N",210,1,1
"IM-23-122-OUOH","8073804797","Maziba","Pf3D7_04_v3-544454-544718-1A","ACAAAATATAATACTTTATATACAAATGCTTATAAAAAATTTTAACTCGAACGTACTTCAAAATAATATAAATGAACAAGAAGTAATACATAATAACATCAACATTAATAATATAAAAGAAGAACAAATTATACCAAATAATATCAAGAATATCCATAATAATGACAATATTAATCATTGTGATGGTAATAAAATAA","Pf3D7_04_v3-544454-544718-1A.1","33+8N186G",106,1,1
"IM-23-122-OUOH","8073804797","Maziba","Pf3D7_04_v3-648065-648332-1A","TATGACTTCTGATTCAGTTTTGTTAAGATATATACCAAGAGATCTTAACAAATATAATAATTTTTCACCACTAACTCCATCTTTATTAGTATCGTATTCTTTAAATATTGATTCAATCTCAGCTCTCTTAAAGAAAACAAATATATATACATATATATATGTATTTATATGAATTTGTATCAATAAATAATAACATTCTTA","Pf3D7_04_v3-648065-648332-1A.1","141+30N",42,1,1
"IM-23-122-OUOH","8073804797","Maziba","Pf3D7_04_v3-748105-748359-1B","TGTGCATGTTGTAAGGTTGAAAGCAAAAATGAGGGGAAAAAAAATGAGGTTTTTAATAACTACACATTTAGAGGTCTAGGAAATAAAGGAGTATTACCATGGAAATGTATTTCCCTAGATATGAAATATTTTCGTGCAGTTACAACATATGTGAATGAATCAAAATATGAAAAATTGAAATATAAGAGATGTAAAT","Pf3D7_04_v3-748105-748359-1B.1","36+10N110T133C",217,1,1
"IM-23-122-OUOH","8073804797","Maziba","Pf3D7_04_v3-748374-748611-1B","AAACTGGGAAAGCATTCCAAAAAAATTTAAACCTTTAAGCAATAGGATAAATGTTATATTGTCTAGAACCTTAAAAAAAGAAGATTTTGATGAAGATGTTTATATCATTAACAAAGTTGAAGATCTAATAGTTTTACTTGGGAAATTAAATTACTATAAATGTTTTATTATAG","Pf3D7_04_v3-748374-748611-1B.1","3A18+9N72+9N",814,1,1
"IM-23-122-OUOH","8073804797","Maziba","Pf3D7_04_v3-748585-748822-2","TTAATAAAAAAAATATATTTTACTAGAATAAATAGTACATATGAATGTGATGTATTTTTTCCAGAAATAAATGAAAATGAGTATCAAATTATTTCTGTTAGCGATGTATATACTAGTAACAATACAACATTGGATTTTATCATTTATAAGAAAACGAATAATAAAATGTT","Pf3D7_04_v3-748585-748822-2.1","5+10N54+8N",119,1,1
"IM-23-122-OUOH","8073804797","Maziba","Pf3D7_04_v3-900526-900759-1A","TTAACAACTTATCATCATTTATTAGATTCTTTTCATGGAACAGATTATTAACAGTATCCATAATTTTATGATCATCCGTGTTATATGTATCTATACAAGTATTTAACTTGCTTATATAATTTACATATTTCAACGGATCATTTTGAAGTATGCAATCATCGAATGAATA","Pf3D7_04_v3-900526-900759-1A.2",".",1072,1,1
"IM-23-122-OUOH","8073804797","Maziba","Pf3D7_05_v3-1188456-1188706-1A","CGAAATTTAAATCAATAGCGGTTACGTTCATAATTTTGCCTTCAAAACTAACTTCTGTATGATATATAAATTTATTTTCCTTTACACTAAATACATATATAAAAATGGTACTTAATAATTTATCTTTATCATATTTAAATAATATTAAATCTGTTTTTACATCTGAGTTATAATCACCGAAAT","Pf3D7_05_v3-1188456-1188706-1A.3","2G170A",474,1,1
"IM-23-122-OUOH","8073804797","Maziba","Pf3D7_05_v3-1322099-1322341-1A","TTCCAATAGAAACTATATTACGATTTCCTTCATGAGGTAAATTGACATTCATCTTATATGTATAATTAAGGATGAGTAATAAATTGTATAAAAATATTTTTATTTAATAATTTATATGTATTATTAATAATTCTGAATTTATCAATTGATATATTATTTTTGTTTTTCTTTATGCCATTC","Pf3D7_05_v3-1322099-1322341-1A.1",".",97,1,1
"IM-23-122-OUOH","8073804797","Maziba","Pf3D7_05_v3-213027-213251-1A","ATGTACTTATCCCCTGATATGATTTTTCCAATATCATCAAAATCAGTAATCTCTAAATCATTTATATGATTTATATGTATAAATTCTTTTATCTTGTTCAAATAATTTCTGTAATAAAATATATTCTCTTTATCATCATCAATTATTTTCATATAATC","Pf3D7_05_v3-213027-213251-1A.4","25T26T",1179,1,1
"IM-23-122-OUOH","8073804797","Maziba","Pf3D7_05_v3-350808-351052-1A","TAATATAATTTGAGTTGATAATATTATAATTATTTTTTATATGTTGCTCATTTATATTATTATGATAAATATGAGTTGTATTTTTATTAGAGTTGTAGGACATTTTCCCATACATTAGTTGTTTTACATTTTTAACATTTTTATAATTATGTATTAAACATAAAATTATTAGATAAA","Pf3D7_05_v3-350808-351052-1A.5","32+8N116T164A",358,1,1
"IM-23-122-OUOH","8073804797","Maziba","Pf3D7_05_v3-369676-369949-1A","TGTAATATTATATATCCTGTTATAAATAAATCATTGGATATGGATGTGAAAAAAGAAGATATAAAAAAAAATGTAGAAGAAAATAAATATATAGAACATACACAGAATTTGAAAAATTATTTAGAAAATGATGAAAATGAGAAAAAAAAAAGAAGAAAAAGATCAAATAATAATGACAATTATAATTCTCATGATAATAATATTTTTCA","Pf3D7_05_v3-369676-369949-1A.1","48+8N62+11N141+12N",32,1,1
"IM-23-122-OUOH","8073804797","Maziba","Pf3D7_05_v3-395887-396136-1A","TCTAAGGATTGTTGGTTTTTTAGGATGCTCATCTTTTTAAGATAATCCTCTTTACTGTCGTTATTATTTAAATCGTTTTGTATAATATTATATTGTGAATTCCTTGTGTTTTTCATAACACTATTAGTCCTATTGGTGTTCTTCTTCTTATTATTATTATTGTTCTTCTTCTTAATAAA","Pf3D7_05_v3-395887-396136-1A.8","15+8N119C145+20N",251,1,1
"IM-23-122-OUOH","8073804797","Maziba","Pf3D7_05_v3-550803-551072-1A","ATATACACCTTTCTTATTTATATTAATCTTTTCATTTTTACAAGAAATCACCTCCCTACTTATTCGGTTGTCCTCATTTTCATATTTCATAACACCATCATTTATTTTTTCTATTTCTTTAATATTATTTTCTCCTTCGACGTAATTATGCTTTCCTATCATCTCCTTTGCTCTACTTCCTATATATACTAATTTCTCTCTGAA","Pf3D7_05_v3-550803-551072-1A.3","6D=ATA107+8N141C",66,1,1
"IM-23-122-OUOH","8073804797","Maziba","Pf3D7_05_v3-641131-641404-1A","GGAATTTTTTTTTTGGTGTTTTATTTTTTCGAAGGATACAGGATAATCTAAGACATTAAAATTATTGGGTTTGAAAAAGAGTTTCCTTTTTATGATGTGCAATAGAGGTATATTTATATAGGAAATATAAACATATAAAAGGAATATGATAAAAAGGAAATATTGACTTAATAAAATATTAATATTTCTTTTTTTCAAATATATTTCGT","Pf3D7_05_v3-641131-641404-1A.1","4+12N23+8N188+9N",25,1,1
"IM-23-122-OUOH","8073804797","Maziba","Pf3D7_05_v3-668763-669004-1A","TAATATTATCTGGCTCTGTAACCATGTCCGAACATATGTTAACAGGAGAATCTGTTCCTATACATAAAGAGCGGTTACCTTTTGAAGGAAATGCTATTATAAATAAAAATAATAAATATGACAGTAACGATGAAAAGGATGATTACCTTCGTATTTATAATAATCATGCTAGTATTAATATGATCAACCG","Pf3D7_05_v3-668763-669004-1A.1","73G122C188C",796,0.99749373433584,2
"IM-23-122-OUOH","8073804797","Maziba","Pf3D7_05_v3-668763-669004-1A","TAATATTATCTGGCTCTGTAACCATGTCCGAACATATGTTAACAGGAGAATCTGTTCCTATACATAAAGAGCGGTTACCTTTTGAAGGAAATGCTATTATAAATAAAAATAATAAATATGACAGTAACGATGAAAAGGATGATTACCTTCGTATTTATAATAATCATGCTAGTATTAATATGATCAAGCG","Pf3D7_05_v3-668763-669004-1A.2","73G122C",2,0.0025062656641604,2
"IM-23-122-OUOH","8073804797","Maziba","Pf3D7_05_v3-796518-796759-1A","TGGTTCTTCAATTGTTCATATAAGTTCTTTATTAGTAGGTGTATATTTATGTAGTAGTAGTGCAAATGCATTTAATCAAATTATTGAAAGAAATATAGATAAGTTAATGAAAAGAACCCAAAAAAGACCCTTAGCAAATAATAATCCAAATATGTCAGTTAAGCATGCTGAAATAT","Pf3D7_05_v3-796518-796759-1A.2","119+8N163G",533,1,1
"IM-23-122-OUOH","8073804797","Maziba","Pf3D7_05_v3-958079-958350-1B","TTTTTATATCTGTGTTTGGTGTAATATTAAAGAACATGAATTTAGGTGATGATATTAATCCTATAATATTATCATTAGTATCTATAGGTTTAGTACAATTTATATTATCAATGATATCAAGTTATTGTATGGATGTAATTACATCAAAAATATTAAAAACTTTAAAGCTTGAATATTTAAGAAGTGTTTTTTATCAAGATGGACAATTTC","Pf3D7_05_v3-958079-958350-1B.1","186+8N",35,1,1
"IM-23-122-OUOH","8073804797","Maziba","Pf3D7_05_v3-958372-958608-1B","ATTTATAACAATTTTTACATATGCCAGTTCCTTTTTAGGTTTATTTATTTGGTCATTAATAAAAAATGCACGTTTGACTTTATGTATTACTTGCGTTTTTCCGTTAATTTATGTTTGTGGTGTCATATGTAATAAGAAAGTAAAATTAAATAAAAAAACATCTTTGTTATATAATAACAATACC","Pf3D7_05_v3-958372-958608-1B.1","45T60+8N151+9N",593,1,1
"IM-23-122-OUOH","8073804797","Maziba","Pf3D7_13_v3-1350855-1351093-1A","TCTTTTATATTAGTTGTTTCGTTATTTTCATTATGTTCCATATTTTGGTTATTTGTATATTTTATATTTTTTAAAAATTGGTAAATATATTCCGAGATGAAAGGTGTAAAAGGGGCCATAATTATTGTAAACAAATATAATGTTCTACATAAAACATTTAATGATTGGTGAGT","Pf3D7_13_v3-1350855-1351093-1A.1","66+8N",702,1,1
"IM-23-122-OUOH","8073804797","Maziba","Pf3D7_13_v3-1406713-1406975-1A","TTTCATGTCTTCTTAAATATGTTTTAAATTCATTATTTAATTTTTCATCATATTTAGGTACATTTTTTTTTGGAAATCTAGATGTTTCATTATTATCGTGATTTGATGAATATATATAATGAGTTTGTTTAAAATGTGGTTCATTCAAATTATCTTTTTTCTTATCTTCGTGTATATTTTTATTATAATTTGAATACTTC","Pf3D7_13_v3-1406713-1406975-1A.1","6T62+11N154+8N",121,1,1
"IM-23-122-OUOH","8073804797","Maziba","Pf3D7_13_v3-1419363-1419626-1A","TTTTGAAATCTGTATATTTTTTATCATGTTCATCGAGATTTATTTTGTTCTCTTTGTTTGAAATATCAACTACATGATTAAAAACATCTCCTAAATTATATAATTTCTTATCTAGGTCTTTTTGAAATGTCGATTCTCCTCCTTGTGCTGGTTTTTGTACTTTTTGTCCTTGTGTTGATATCTCTTGTTCATTTTTAGATTGAG","Pf3D7_13_v3-1419363-1419626-1A.8","16+8N24T28G52C163T",94,1,1
"IM-23-122-OUOH","8073804797","Maziba","Pf3D7_13_v3-1465616-1465890-1A","TCTTGTGGATTATTATCTATTATATTTTCTTTTGGTTCTTCGACAGCAAAATTATCTCCTCTTGGTCTAGGTTGATCATCTTCGGGTTCATGTGGAACATCTAATGGTTCCCGTTTTGGAGGACATCTTTCTTCTTCACATTGTTCTCGTATTTCACTTGTACATCCTTCGTGTAAGATTTCTCTTTTTCTTGACCTGGTACCTTTACCACAAGTTACACTACATGGAGA","Pf3D7_13_v3-1465616-1465890-1A.23","30T38C92G121G148C152T",506,1,1
"IM-23-122-OUOH","8073804797","Maziba","Pf3D7_13_v3-1465901-1466157-1A","CATAAAGGGTCCGATAACATTTTTTACATTTTCCCATGCAGAATCAGCATACAAGTTACATTTACCATCTGATGGATGACAACCTACAAGAAATCTGTTGAAAGCTACATTAATACCTTGTCCAATACCAAAAACAGCTATTTTAACACCACGATCATTTAATTTTCTTGATTCTTTTAATGAATCTTGAATACTAT","Pf3D7_13_v3-1465901-1466157-1A.1","19+8N158T",599,1,1
"IM-23-122-OUOH","8073804797","Maziba","Pf3D7_13_v3-146695-146934-1A","AAAGTATTTGTAATAGATTGAACGATGAACTAAATGAAGAAATATGTGGTTATCAAATTAGGTTTGAAAAATCGTATTTTTTAAAACATAGTAAAATTAAAGTTATGACAGAAGGAATTTTATTGAAAGAAATTATGAGTGATTTTATTTTATCAAAATATAGTGTTATCATTCTTGA","Pf3D7_13_v3-146695-146934-1A.1","20G76+8N170C",1014,1,1
"IM-23-122-OUOH","8073804797","Maziba","Pf3D7_13_v3-156456-156685-1A","ATTATATGATATTTATATAAAATTAGAAAATCTAATTTTAGAAAAAATAACTGAAAGTATATACAATAGTACACCTCCATATAGAGTTATTATGTTCGAATTAATGACCAGATTGTTTCGATTTTATACAAAACCAATAGACCTTATTATTACTATGAATACAC","Pf3D7_13_v3-156456-156685-1A.2","41+8N115G",246,1,1
"IM-23-122-OUOH","8073804797","Maziba","Pf3D7_13_v3-156713-156986-1A","TCCTTTTATGTGAACAAATTAAATATTGTAAATGATTTCTTTTTTGAAACACACCATAAAGATACACATCAAGACAGTCAAAATGAACACAAAACGGATGAACCTAAAATACATAATGTTTTCAAAAAAAAAAATAACGATATCTTTGTTAATATTCCTCTACCAAAAATATTTAAAAATTTCTTACATTCCATATATTTTAGAACTCC","Pf3D7_13_v3-156713-156986-1A.2","39+8N50C123+13N",87,1,1
"IM-23-122-OUOH","8073804797","Maziba","Pf3D7_13_v3-1724895-1725166-1B","CGCCATTTTCTCCTCCTGTAATTATATAAGAATCTGACAATGTGGCAGCTCCAAAATTCATTTTTTTCTCTGGTACACCATTTAGAAATTGCCATCTTTTATTAAATGGTTGATATTGTTCAACGGAATCTAATATGTTATGTTCATTATCAATACCTCCAACAACATATATTTGATTAAGGTAATTAAAAGCTGCTCCTGAACTTCTAG","Pf3D7_13_v3-1724895-1725166-1B.1","60+9N",109,1,1
"IM-23-122-OUOH","8073804797","Maziba","Pf3D7_13_v3-1725124-1725365-2","TGGAAATTGTTCCCATTTATTCATTTTTTCTTCATATACTTCAATAGAATTTAATCTCTCACCATTAGTTCCACCAATGACATAAATTTTATTATCAAAAGCAACACACATAGCTGATGATCTAGGGGTATTCAAAGGTGCCACCTCTACCCATGCTTTCATACGATGATCATATGCTTCTAC","Pf3D7_13_v3-1725124-1725365-2.1","23+8N",1641,1,1
"IM-23-122-OUOH","8073804797","Maziba","Pf3D7_13_v3-1725208-1725471-1B","CATAAATTTTATTATCAAAAGCAACACACATAGCTGATGATCTAGGGGTATTCAAAGGTGCCACCTCTACCCATGCTTTCATACGATGATCATATGCTTCTACATTCGGTATAATAGAAGAGCCATCATATCCCCCAATACAATAAATTCTACCATTTGACGTAACACCACAATTATTTCTTCTAGGTATATTTAAATTACTTGAAAC","Pf3D7_13_v3-1725208-1725471-1B.1",".",320,1,1
"IM-23-122-OUOH","8073804797","Maziba","Pf3D7_13_v3-1725379-1725652-2","ATTATTTCTTCTAGGTATATTTAAATTACTTGAAACATACCATACATCTCTTAAACGATCATACACCTCAGTTTCAAATAAAGCCTTATAATCATAGTTATTACCACCAAAAACGTATAAGAAATTATTCAATACAGCACTTCCAAAATAAGCTTTTTTGGTAGACATAGGTGTACACATACGCCAGTATTGTTGACTAATATCTAATAATTCCA","Pf3D7_13_v3-1725379-1725652-2.2","153+8N188T",113,1,1
"IM-23-122-OUOH","8073804797","Maziba","Pf3D7_13_v3-1725464-1725719-1B","ATCATAGTTATTACCACCAAAAACGTATAAGAAATTATTCAATACAGCACTTCCAAAATAAGCTTTTTTGGTAGACATAGGTGTACACATACGCCAGTATTGTTGACTAATATCTAATAATTCCATCGAATTTAAATATTCTACACCATCAAATCCACCTATACAAAATACTAATGGGAATGGTAAAAATTTAATACCA","Pf3D7_13_v3-1725464-1725719-1B.2","63+8N98T",205,1,1
"IM-23-122-OUOH","8073804797","Maziba","Pf3D7_13_v3-1725887-1726123-2","AAATAGCTCCACCAACATTAATATCAATCATAGTTTCAGTAGCAATATTTGCATCAACAATTTTTTTTTTATCATTCTCAAAATTTTTATATTCTTGATAATATTTTTCTTTTTCTAAATATAATACTAATTTAATTTTATCGATTTCTTGTAAAAATCTTAATCTTTCTTCATCAA","Pf3D7_13_v3-1725887-1726123-2.1","60+12N",413,1,1
"IM-23-122-OUOH","8073804797","Maziba","Pf3D7_13_v3-1726174-1726408-2","TTTCTAATTCTTTGTACAATCGTACTCTTTCCATTTCTAGTTCTTTCTTATCTTTAAATAATTTATCTTTTTCTCGAATAAAATTCATTTGTGTCTTTTTTAACCAATTAATAAATGTAATTCTTAAATCACCTACCATATTTTCAAAATCACTAGCATCACTTAAT","Pf3D7_13_v3-1726174-1726408-2.1","95+8N",1062,1,1
"IM-23-122-OUOH","8073804797","Maziba","Pf3D7_13_v3-1876391-1876664-1A","AACTATCTGTAAAAGTATGTTTAGAACTAACATTTGAAGAGAAGTTACATCCGTGTATGACTTTTTTTTCATATTTTGGTTTTAAAACTATTTTATAATTATTATTTTTAAATTTGCATGTACATTCTGTATTAACATCTTTTGATGTAACATAAAATGGAGCTTTAAAGATAGTTAACTTATTATGATAAATTATTTTATTACTTTTATATA","Pf3D7_13_v3-1876391-1876664-1A.8","61+10N179C182A",70,1,1
"IM-23-122-OUOH","8073804797","Maziba","Pf3D7_13_v3-2114242-2114482-1A","CTTCCATTAACTCAATATATAATTTATTAATAATTTTTAATTTGTTTATTTCAAAAAGGCATAGTTGTAACAAGGTTCTTAAGGTTCTATTACCCCCTAAGAGGTTAAAATGAATATTTCCTTTTTCTCGTATATGCAAAAAATCCCTTAACAATAAATCATATTCATCAGTATGAAATGT","Pf3D7_13_v3-2114242-2114482-1A.1","67G76T137+8N",530,1,1
"IM-23-122-OUOH","8073804797","Maziba","Pf3D7_13_v3-2114829-2115090-1A","ATTCAATATATATAAAAATATAGCTAATAAACATTTCAAATCTCCATTAAGAACTTTATTCATCTTAACAAAAGCTCTATGAACTTCTGTATCTATAGTCGATTTTGTTATTCTAAGCATATCATTAAGTAAAAAATTTACGGTATCGACATTAACAGTGTAATAATTTCTTCCTAAATTTAAATGTTCTAAATAATTCAA","Pf3D7_13_v3-2114829-2115090-1A.1","130+8N192A",224,1,1
"IM-23-122-OUOH","8073804797","Maziba","Pf3D7_13_v3-2504481-2504734-1B","TAAAATGTGTTGATGATTTTAACAATATGGTTATAACGATAAAAGAGGAAGTAAACAATCATTGGGAAAATAATATATACAATAAAAAGGATATGGTTAATTATACAAATGAAAATTATAATGATAATATATTAACATATGAATATATTAATGAAACACTTAGAAAAGAAAAAAAAAGATATTATA","Pf3D7_13_v3-2504481-2504734-1B.1","168+11N",82,1,1
"IM-23-122-OUOH","8073804797","Maziba","Pf3D7_13_v3-2545065-2545291-1A","ATGATTCCTCAAAAGTTTAACATTCCACATAGTATCTGTTAAATTGATAGTTTGCAAACAATTATACGTTTGGTTATTTTTATTTTTAAAAAAGGATATATGATCATCTAAAGATTTATTTTTGAGAAAGATTTCCATATATTCATATATATCATGAATACACCA","Pf3D7_13_v3-2545065-2545291-1A.1","87+8N154A",1348,1,1
"IM-23-122-OUOH","8073804797","Maziba","Pf3D7_13_v3-2770591-2770863-2","ACACATCGATTTTATCAAAAGGAAATATTCCAAGAAATATTTTTAAAAAAAAATAGTGAGTTAGATGATCACGTATGGAATATAGAAAGTATTACTACGAATATATTAGAGAGGAATAAATTAAGTGATCAAAATAATGAAGATAACCATGATGTTAATAATAATAATGAAGACCCATCTGGGGGTAATTTAAAAACCAATCTAAT","Pf3D7_13_v3-2770591-2770863-2.1","44+11N156+13N",236,1,1
"IM-23-122-OUOH","8073804797","Maziba","Pf3D7_13_v3-2770621-2770854-1B","ATTCCAAGAAATATTTTTAAAAAAAAATAGTGAGTTAGATGATCACGTATGGAATATAGAAAGTATTACTACGAATATATTAGAGAGGAATAAATTAAGTGATCAAAATAATGAAGATAACCATGATGTTAATAATAATAATGAAGACCCATCTGGGGGTAATTTAAAAAC","Pf3D7_13_v3-2770621-2770854-1B.1","18+11N130+13N",244,1,1
"IM-23-122-OUOH","8073804797","Maziba","Pf3D7_13_v3-2780346-2780575-1B","GTTGGATAGAATGCCCGACTACGGATCGGGAGGTCGTGGGTTCGACTCCTGCCCGGCCTAATTTTTTTCGTTTTCGTTTTTAAAGTAAAAAAGGATAATATTTTTAAAAAACATTTAGTATATATATTTTTTTTAAATAATAAATCTATTATATTATTAAATATTATGAGAAGA","Pf3D7_13_v3-2780346-2780575-1B.1","61+9N86+8N105+8N126+10N",407,1,1
"IM-23-122-OUOH","8073804797","Maziba","Pf3D7_13_v3-2814583-2814832-2","TCAGTCTTCTAATTCTAGCGATAATGATCCTGCAGTAGTAAGTGGTAGAGAATCTAAAGATGTAAATCTTCATACTTCTGAAAGGATTAAAGAAAATGAAGAAGGTGTGATTAAAACAGATGAAAGTTCAAAAAGTATTGAAATTTCTAAAATACCATCTGACCAAAATAATCATAGTGATTTATCACAG","Pf3D7_13_v3-2814583-2814832-2.2",".",1125,1,1
"IM-23-122-OUOH","8073804797","Maziba","Pf3D7_13_v3-2814606-2814855-1B","TAGCGATAATGATCCTGCAGTAGTAAGTGGTAGAGAATCTAAAGATGTAAATCTTCATACTTCTGAAAGGATTAAAGAAAATGAAGAAGGTGTGATTAAAACAGATGAAAGTTCAAAAAGTATTGAAATTTCTAAAATACCATCTGACCAAAATAATCATAGTGATTTATCACAGAATGCAAATGAGGACTCTA","Pf3D7_13_v3-2814606-2814855-1B.2",".",693,1,1
"IM-23-122-OUOH","8073804797","Maziba","Pf3D7_13_v3-2816310-2816554-1B","CAAATACTTTTCAATATAGGTCTAGTGAAAGTGTGGAAGTAATAACTAATAAACCTGATGAAATGGAAATGACAACTAAACCACCATCACAATACATTGAAAAGGAAATTGGAGAAATTGATTCTACAAAAAATCAAGATAATGATGAACAAAGCAATTCTATAATTCCTTTAATTAATAAAAATAATGAA","Pf3D7_13_v3-2816310-2816554-1B.1","127+8N",717,1,1
"IM-23-122-OUOH","8073804797","Maziba","Pf3D7_13_v3-2840462-2840736-1B","AATAAACACATATGTTTATTAATAAAATTGTTAGTTATTTTTATGTATACATAATAAATTAAAGATACTAAAACAATATTTTTAAATGTAAATAAATGAATAATGATATTATTTATATGATTCATCATTCTATATTTACATGGAAGATTAAAAAATTATATATATATATATATGGTAATTTCTGTGTTTATGTTTTTATTTTTATAATA","Pf3D7_13_v3-2840462-2840736-1B.4","149+23N",1,1,1
"IM-23-122-OUOH","8073804797","Maziba","Pf3D7_13_v3-388138-388408-1A","ATATATCTTTATTCATATGTTCTATATATTGTCTTTGTCTCTTTTCCTTTCTCATATCAGATATTATTGAATAATTTCCTTTATCACATACATATCTAGGATTATGTGATAATTCATAAGCTGCTCTTTTTAAAACTCTATTCTTTTCTTTAAAACTATTAAATTTTATATTATTGTTCATATTAGATGTGTTCCTTTTAATAATA","Pf3D7_13_v3-388138-388408-1A.1","194C",2,0.0131578947368421,2
"IM-23-122-OUOH","8073804797","Maziba","Pf3D7_13_v3-388138-388408-1A","ATATATCTTTATTCATATGTTCTATATATTGTCTTTGTCTCTTTTCCTTTCTCATATCAGATATTATTGAATAATTTCCTTTATCACATACATATCTAGGATTATGTGATAATTCATAAGCTGCTCTTTTTAAAACTCTATTCTTTTGTTTAAAACTATTAAATTTTATATTATTGTTCATATTAGATGTGTTACTTTTAATAATA","Pf3D7_13_v3-388138-388408-1A.60","148G",150,0.986842105263158,2
"IM-23-122-OUOH","8073804797","Maziba","Pf3D7_13_v3-479569-479811-1A","CTAGAGACGAATTTGATGATAAAAGAAAATTAAAAGAAGAGAAAATTAAACAATGCCAACTATTAAATGAAAAACAACGAGAAGAAAAAGAAAAAGAAGAAAGAATTCTGAGAGAAAAAGCTGTTGAATATACCTTACAAAATGAAGAAGAATATAAACAACTAAAACGAAAATT","Pf3D7_13_v3-479569-479811-1A.2","79G96+8N",672,1,1
"IM-23-122-OUOH","8073804797","Maziba","Pf3D7_13_v3-748254-748510-1B","ATACCAAAAAAAATAAAATAAAATGAAATAATAAATAAATAAATATACATATATTTACATATATATATATATAATTACACATATTTTTGATTGAGGACAAATTACATGTCGTGTAGTTCGTCTTCCTTGTGCGTTTCAATCACACAATCCGATTTAGGATAACATGTACACAAAAGAATATATTTTTTCTT","Pf3D7_13_v3-748254-748510-1B.1","5+10N39+33N180+8N",97,1,1
"IM-23-122-OUOH","8073804797","Maziba","Pf3D7_13_v3-815862-816091-1A","ATGATGTAGATGCTAATAGCACATCCTGGTCAGTATCTTGTGATAAATAATTTAATTTATCCGCTAAAAAATAAAGTATAATTTCACAGCTTTTTTTATTTGTATCTGTGTTTTTCATGTTATCATAAAAAGACAAAGATGAAGTAGCACATGAGTTAATTA","Pf3D7_13_v3-815862-816091-1A.2","59A65+8N90+9N",491,1,1
"IM-23-122-OUOH","8073804797","Maziba","Pf3D7_13_v3-852647-852921-1A","TACGAAATGATGAATTAAAAGAATTAACATTTATGAAAAATAAAGAAAATAGGAATGCAGATACATATGTTTTTCATTATCCTAAAAAAGAGAAATATGACCAATTAGTTTTTGAATTACGTAAACATAATTTTAATATAACAAGCATGAATACATATAAAAAACTAACAAATGAAACATCATCACAAAAAGAAGAAAATGCTTCTATAATAAGTT","Pf3D7_13_v3-852647-852921-1A.1","75C83+8N158+8N",63,1,1
"IM-23-122-OUOH","8073804797","Maziba","Pf3D7_13_v3-911757-912005-1A","GAGCCAACAATTTGATTTTCCACAACTTACTGAATCTTTAAAACATTGTGAACAGGTATTTGACATTTTTTTATTATCTTTGGCTAGTTCCTTTTGAACACATTCCATAGTACTATCACCTGAACCTAAGTTATCAACAGAACATTTTAATAATATACTAAAAAATTTATTGCTAGGAGAAAGTTGTAAA","Pf3D7_13_v3-911757-912005-1A.3","60T65+9N159+8N",771,1,1
"IM-23-122-OUOH","8073804797","Maziba","Pf3D7_13_v3-935613-935884-1A","CAAAATAATATGAATAGTAATAGTAATAGTTATAATAATTTTAATATAACAGATAGAAGTAAAGAAATAAAAAAAGATTATAAAAGAAACAAAATTTTAATAGTTATTAATAATATTAATACAAATCATATTTTATTATTAAATGAAAGTGTTATAAAAAAAAAAATACTTACATTTTATCTAGATCTTTTTTTTGATGATAATGAACAAAT","Pf3D7_13_v3-935613-935884-1A.2","68+11N155+13N187+10N",60,1,1
"IM-23-122-OUOH","8073804797","Maziba","Pf3D7_13_v3-958247-958510-1B","TTTATATTATCTGTAATATGCACATTTTGTATAATATTATCAATATTTGTAGCATTTTGACCGTATGTTTCATTTTCATCGTATGTTCCATTTATATTGTATGTTCCATTTTCATCGTATGTTCCATTTATATTGTATGTTCCATTTTCATCGTATGTTCCATTTATATTGTATGTTCCATTTTTATCATATGTTATGTCCACAT","Pf3D7_13_v3-958247-958510-1B.1","106C",111,1,1
"IM-23-122-OUOH","8073804797","Maziba","Pf3D7_14_v3-1038300-1038538-1A","ATTAATGATTTATACACTTCAACTACACTTTTTAATTTAGCCCATACAACTAATAAAGCTCTACGATAAATTTCTTTTTTATTTGATTTAGAAAAAGGAGAAAACCATTGAAACTTTTTGGCTAGATATTTATGGTCTTTATCAAAAATATATTCTGAAACTTCATCTTCTAGAAGT","Pf3D7_14_v3-1038300-1038538-1A.3","50C74+8N",686,1,1
"IM-23-122-OUOH","8073804797","Maziba","Pf3D7_14_v3-106867-107115-1A","AATGACATGAACAAGTCAGGCGAAAAAGAGGAACATGTTATAAATAGTAAATGGAAAAATAAATTTTTCCATGAAGTTATACAAAATATGTTATATGATGATAATATAAATGATCATAAAGAAGAAATTAAGGAAGATAATTCTAATGAATATAATATCAATAATAAAAATGATAATTTATATGATATA","Pf3D7_14_v3-106867-107115-1A.2","120A",45,1,1
"IM-23-122-OUOH","8073804797","Maziba","Pf3D7_14_v3-1166107-1166371-1A","TTTTTGAATTATTAAATATATCTTCTATAAAAAAAGAATATCAAGCTATACATAACAATAAGTATTTTTTATGGAATATGGATGCAGATTTTTTTACTATAAAAAATCATCATAAGGATAATAAGGATAACAATGATGAAAATGTGAATGTAATAATACAACAAAATAATTTAGTTCTCGAAAAATATGATCATTTAATAGA","Pf3D7_14_v3-1166107-1166371-1A.1","28+9N64+8N88+9N100+8N",57,1,1
"IM-23-122-OUOH","8073804797","Maziba","Pf3D7_14_v3-120101-120365-1A","TTTTACAACATTATTTTTTTCTTCCTCCTCAGATAAAATAGGTACACATATCGCGTCCTTATCACATCCTCCATTGTTTACCTTACAATGTTCTTCGCATTCGAAATTTTTTTCAGGATTACTTGAAAAGCCTTCTGGACAATTACAATATTCATATCCATGAGCATTCTTACAAACACCTTTTCCACAATTTAAAA","Pf3D7_14_v3-120101-120365-1A.1","13+9N106+9N165C",151,1,1
"IM-23-122-OUOH","8073804797","Maziba","Pf3D7_14_v3-137398-137668-1A","ACCATTCATATTTTCTAGGTTTGTTTAACCAATTACATATATATAATATATTACAAAATAATTGTTTTAATAATATATGTTTAGTTAATATTAATTCAATACTACTTAATTTATTTCTTATATTTTTTAAAAGATCTTCATAAACAAAATCAAAATTATCTATTAATAATAAATAACCAAATCTTTTATGCACATTTTTTATTC","Pf3D7_14_v3-137398-137668-1A.1","122+8N191C194+8N",12,1,1
"IM-23-122-OUOH","8073804797","Maziba","Pf3D7_14_v3-1392837-1393086-1A","ACATGTATTGTCCCCAGCATGAATCGGGTGATAAATATTATCAAGCGTATCAAAAAATGGATTGTAATTATTACTACTATTCATATCATTATTTTTTGTGGTGGTGGTGGACTGTGAAATGTTTTCCTTATGATTTTGACTTGTGTGTATATCCCTACCAACAACATATTCAACATTATTATTATCAAAAA","Pf3D7_14_v3-1392837-1393086-1A.4","51+8N91+8N108I=TGG",381,1,1
"IM-23-122-OUOH","8073804797","Maziba","Pf3D7_14_v3-1956056-1956330-1B","CTAATTTTTTTTCTCCACTTTGTAATTTTTATTGTTGAATATATATATAAAGTTAAACCTATAAATAATACACTACCTAATAAACTATTCTTATATTTAAAAATAAATATAATACATGTTATTAATCCTTCTATTGTTGCCGGAATAATATACATTAAAACAGAACTCATCAAATTATTAGCACTCTCGGTACCTCTATCAACTATTCTCA","Pf3D7_14_v3-1956056-1956330-1B.2","4+10N",57,1,1
"IM-23-122-OUOH","8073804797","Maziba","Pf3D7_14_v3-1992121-1992370-1A","ATTAAAACATTTCAACAATTTTATTTCCTTCTTTATAAAATTATATAAATTAATTATTTTCTTTTTATCACATTCAAAGACGGCATAAGGTGCACCCCATGAACATTTTTTACTTTTGCTACCATCAGGCATAATATAAACACCAGTACCATTTTTTTCTGATAAATTAATATTTTTTTGTATAACATCATA","Pf3D7_14_v3-1992121-1992370-1A.8","12T105+8N151+9N172+9N",84,1,1
"IM-23-122-OUOH","8073804797","Maziba","Pf3D7_14_v3-2004362-2004606-1A","TATTTCCATATTATTGTAATAGGGCTTTTTCTTGCTCTTCTAATTTTTGTATATCTTGCTTATCCTTATCTAATTGTCCAAGAGCATTTAATTCATCTTCTACATTTATTTTATTTTCTTGAGAATATTCTTCAATTTTGTCTTCGAAACTGTTATATAATCTATTTATAATTGGTTG","Pf3D7_14_v3-2004362-2004606-1A.1",".",204,1,1
"IM-23-122-OUOH","8073804797","Maziba","Pf3D7_08_v3-1344618-1344845-1A","TATCTTTTCCATATATAATAACGCATGAATTCTTTAAATATATCTTTTACTTTATCTGTAAGTTTCATGGAATCTATTATTTCTTCTGCATATTTTATTTTTGCCTCGTTTATATATTTACCTGCTTCTAATTTACATAAACATTTTTCTATTAAGTTTTG","Pf3D7_08_v3-1344618-1344845-1A.7","84T86C128C",1087,0.998163452708907,2
"IM-23-122-OUOH","8073804797","Maziba","Pf3D7_08_v3-1365709-1365954-1B","ATTTTCATCTTGTAATGTGTTTTTAACATTATAGCAGTAATTTTCTAGGTTGTTTCTTGCTTCAATTCTATTTTTATTTTGTTCATCCTCTTCTTTATATTTTTCTGCATCATTTACCATACGATCGATATCATCTTTTGATAATCTTCCTTTATCATTTGTAATAGTAATTTGGTTTTGT","Pf3D7_08_v3-1365709-1365954-1B.1",".",286,1,1
"IM-23-122-OUOH","8073804797","Maziba","Pf3D7_08_v3-1365750-1365999-2","TTTCTAGGTTGTTTCTTGCTTCAATTCTATTTTTATTTTGTTCATCCTCTTCTTTATATTTTTCTGCATCATTTACCATACGATCGATATCATCTTTTGATAATCTTCCTTTATCATTTGTAATAGTAATTTGGTTTTGTTTACCAGTACCTTTATCTAATGCTGTTACATTTAGGATACCATT","Pf3D7_08_v3-1365750-1365999-2.1",".",405,1,1
"IM-23-122-OUOH","8073804797","Maziba","Pf3D7_08_v3-1366575-1366822-2","TTTAGCTTTTTCACATTGTGTTCTTAATCTTCTTAATGATTTTGAATTTTTGGAAACATCTTTACCTCCATTTTTTTTTTTAAAATCTTGTACACAGAAGTTTACTAATTTATTATCAAAATCTTCTCCTCCTAAATGTGTATCTCCTGAGGTAGCTTTAACTTCAAAAATTCCATCTTCAAGTGTTAATAAGG","Pf3D7_08_v3-1366575-1366822-2.1","70+13N",646,1,1
"IM-23-122-OUOH","8073804797","Maziba","Pf3D7_08_v3-1366626-1366856-1B","CTTTACCTCCATTTTTTTTTTTAAAATCTTGTACACAGAAGTTTACTAATTTATTATCAAAATCTTCTCCTCCTAAATGTGTATCTCCTGAGGTAGCTTTAACTTCAAAAATTCCATCTTCAAGTGTTAATAAGGAAACATCAAATGTTCCTCCTCCTAAATC","Pf3D7_08_v3-1366626-1366856-1B.1","11+13N",232,1,1
"IM-23-122-OUOH","8073804797","Maziba","Pf3D7_08_v3-1370603-1370853-1B","AAAAGTAATTAAAAAAAAAAAAAATGAAAATAAAAAAAAACATTACATATTTTTTTATGTATAAAATATTTTAAAGCACTGAGATTATTTATGTTATAAATTAATTGAATGTTTAAAAGATTATAAAATTTTATTTATGAAAATATATGAATATATATAATATAAGCAGGTATTAAATAACCAAATAATAT","Pf3D7_08_v3-1370603-1370853-1B.2","10+32N49+9N",28,1,1
"IM-23-122-OUOH","8073804797","Maziba","Pf3D7_08_v3-1370814-1371045-2","TGTTGCAATATATTACTAAAAAATAGAATTATTATGTTATTTTGATCATATGGGAATACATTTAAATATTTATATTCTGATGAATATTCTTATAAAAAAAAAAGGGGGGGGGGAAATAATACGTTCATGATTTATTTATATTTCAATATATTTTCTATTTTGCGA","Pf3D7_08_v3-1370814-1371045-2.2","17+8N93+21N",58,1,1
"IM-23-122-OUOH","8073804797","Maziba","Pf3D7_08_v3-1375025-1375284-1B","CAAGTTATTATTAAATGCGGAATTATTCTATATAAAAATAAAAAAGAATTTAAAAATGAAAAAATTTATATATATACAATATATAAATATATATATATATATATATATATATTATTATTATATGTATTTTTATAATTGAATGATATATTTATTTCTATTTGCAATTAAAATGCTTACGTTATCTAACAAAAGTACGGAGGCAAAA","Pf3D7_08_v3-1375025-1375284-1B.220","39+8N47A58+8N67+53N",1,1,1
"IM-23-122-OUOH","8073804797","Maziba","Pf3D7_08_v3-1375205-1375450-2","ACAAAAGTACGGAGGCAAAAACGGCAGCGGATAATACTTTATTTTTTGAGAAGGAAACCATTTTTATTAAATAACTATATAAATAGAAAAAGAAATAATAACAAAAATGTATAAATATAATTGTATAATATATGATATATATAAAATATAGAATACTAATTTTTTGCATATACAAAAAA","Pf3D7_08_v3-1375205-1375450-2.1","41+8N159+8N173+7N",93,1,1
"IM-23-122-OUOH","8073804797","Maziba","Pf3D7_08_v3-1386786-1387035-2","TTGTCTCCTTTGTCGCAGCATGCCTTTCATTAGCTGCTATAGCTTGTGTTATCTTAACTTCATTATAAAAAAAATATACTTCGATAAAAGGTACATATACCATGCTGGTCAATGATATTAGCATGCGACATTCTAATATATCCATTATGAACAAGGTGAACAAGAATATTGGGATTATTGAAATTGT","Pf3D7_08_v3-1386786-1387035-2.1","66+10N",320,1,1
"IM-23-122-OUOH","8073804797","Maziba","Pf3D7_08_v3-1386795-1387043-1B","TCCTTTGTCGCAGCATGCCTTTCATTAGCTGCTATAGCTTGTGTTATCTTAACTTCATTATAAAAAAAATATACTTCGATAAAAGGTACATATACCATGCTGGTCAATGATATTAGCATGCGACATTCTAATATATCCATTATGAACAAGGTGAACAAGAATATTGGGATTATTGAAATTGTCTGCATTA","Pf3D7_08_v3-1386795-1387043-1B.1","61+10N",374,1,1
"IM-23-122-OUOH","8073804797","Maziba","Pf3D7_08_v3-336421-336651-1A","TAACAACGAACCCATAAATTTACAGAAAAATTTAGATTTAATCATATGGCTAAAAAAGAATATAAAAGAAGGAGAAGCTTTAATTTCTGATATACCCACATCAAGTTTTTTAAGGTGTACTACAAATTATAAATTTGTATTGCATCCACAATATGAAGATAGT","Pf3D7_08_v3-336421-336651-1A.1","51+8N105+8N",942,1,1
"IM-23-122-OUOH","8073804797","Maziba","Pf3D7_08_v3-399693-399961-1A","CTTTTCTTCACCTTGGTTTATTACATTATTATTTTCATCATTGTGTTGAATGTCCTTATAAATATGTTCATTAATAATATCTTTGGAAGTATCTTCCATATTTTCTTCTTTATCAATTTTAAATACTTTTTCATAACTTTCATTTTCTTTTTTCTCCTTGGATGTTTCTAATTTATTCTCGTCATTTTTATCAAAATTATTTTTATAACTTTCA","Pf3D7_08_v3-399693-399961-1A.1","147+8N",193,1,1
"IM-23-122-OUOH","8073804797","Maziba","Pf3D7_08_v3-412801-413062-1A","ATGAAGAAATATACGAATATATACTTATAAACGATATTTTTAATTTAAAAAAAGAAATAAAAAATTTCAATATATTAAATAAATATGATGTATTTGAATATATTATTATTATTTTAAAATTGTATGATAAAATATATCCTGATGCAAAGTACATCGAATGTGTACGAGAAACATCACAGAATGGTGACCTTTTA","Pf3D7_08_v3-412801-413062-1A.1","46+9N58+8N101+13N188C190T",39,1,1
"IM-23-122-OUOH","8073804797","Maziba","Pf3D7_08_v3-476232-476475-1A","CAAACACATGATAAACAAAAGTGTAAGGAAAATTTTTCAAATTCATTTGTTAATGAAATATATGAAAAAGAAGAAAAAGAAACGCAAAAAATGAAAGAATATTTAGAACAACATGAAGAACATTTTTCAACGTTTAGAAATTCAATTTTATGTAAATTAAGAATAGCTGAAGAATT","Pf3D7_08_v3-476232-476475-1A.1","85+8N",416,1,1
"IM-23-122-OUOH","8073804797","Maziba","Pf3D7_08_v3-549583-549807-1B","ACGTGCTGTTCAAAGAATGTTTGAAATGATAAATGAAGGTGCTAGTGTTATAGATATAGGTGGAGAATCCTCTGGTCCTTTTGTTATACCTAATCCAAAAATTAGTGAAAGAGATTTAGTAGTACCTGTATTACAATTATTTCAAAAAGAATGGAATGATATAAA","Pf3D7_08_v3-549583-549807-1B.1",".",1194,1,1
"IM-23-122-OUOH","8073804797","Maziba","Pf3D7_08_v3-549960-550215-1B","GATGAACTAACAAATTATGATAATCTAGTTTATGATATAAAAAATTATTTAGAACAAAGATTAAATTTTCTTGTATTAAATGGAATACCTCGTTATAGGATACTATTTGATATTGGATTAGGATTTGCGAAGAAACATGATCAATCTATTAAACTCTTACAAAATATACATGTATATGATGAGTATCCACTT","Pf3D7_08_v3-549960-550215-1B.1","4G38+8N",188,1,1
"IM-23-122-OUOH","8073804797","Maziba","Pf3D7_08_v3-550057-550318-2","ACTATTTGATATTGGATTAGGATTTGCGAAGAAACATGATCAATCTATTAAACTCTTACAAAATATACATGTATATGATGAGTATCCACTTTTTATTGGATATTCAAGAAAAAGATTTATTGCCCATTGCATGAATGATCAAAATGTTGTAATAAATACACAACAAAAATTACATGATGAACAACAAAATGAAAATAAAAATA","Pf3D7_08_v3-550057-550318-2.1",".",312,1,1
"IM-23-122-OUOH","8073804797","Maziba","Pf3D7_14_v3-407306-407542-1A","CTTTCTTTCGTCTTTCTGTTCATTATCCATATAATCTTTTTCTCCTTCCTTTTCATTCTTTACTTTATTTCTATTAATACACAACTCTCCTTGAGTTAAGAGATTTACGATATTATCAATATTGTTTTCTTTCATATACTTCAACTTTTTACTATTCATTTTTAAAAGA","Pf3D7_14_v3-407306-407542-1A.1",".",3,0.00420757363253857,2
"IM-23-122-OUOH","8073804797","Maziba","Pf3D7_14_v3-407306-407542-1A","CTTTCTTTCGTCTTTGTTTTCATTATCCATATAATCTTTTTCTCCTTCCTTTTCATTATTTACTTTATTTCTATTAATACACAATTCTCCTTGAGTTAAGAGATTTACGATATTATCAATATTGTTTTCTTTCATATACTTCAACTTTTTACTATTCATTTTTAAAAGA","Pf3D7_14_v3-407306-407542-1A.47","16G18T58A85T",710,0.995792426367461,2
"IM-23-122-OUOH","8073804797","Maziba","Pf3D7_14_v3-421322-421547-1A","TAAGAAAGATGAAGTAATAGAAAAAACTGAAGTATCAAAGAAAACATTTTCAGGTATAGGTTTTAATCTTACTGAGAAAGAAGCTAAAGTATTAGGTGTAGGTGTAACCTATCAAGAATATCCAGAAACCATGTTATATAACTGTCCAAACAATTCTA","Pf3D7_14_v3-421322-421547-1A.1","20+8N",536,1,1
"IM-23-122-OUOH","8073804797","Maziba","Pf3D7_14_v3-771407-771633-1A","ACCCACGGGACATTTTAATTTATACCTATTGGAACATTTTTTATTAGGTCTTTCTTTATGATTCTTCTTTAAAATAGGTTCATCATTATTTGAGTAAACTAACAGATTATTATCGTTCTCAAAATTATTATAACCATCAATATTTTTATTTCCATATACATCTATAA","Pf3D7_14_v3-771407-771633-1A.1","36+8N",1605,1,1
"IM-23-122-OUOH","8073804797","Maziba","Pf3D7_14_v3-921176-921432-1A","ACAATATTAATTTTTTAAGTTCATTATTTCAATTTTATATTTAGGAGGATCTATATCCATATATTATTCATTTTAAAAATATTAAAATAAATACATATATAAATATATAAACATATAAAAACAGTCTTTTAAAAATTAATAAGATTTATATAAAATATGGTTATAAATCCTATTTTGTATTATATTAAA","Pf3D7_14_v3-921176-921432-1A.5","15T186T",34,1,1
"IM-23-122-OUOH","8073804797","Maziba","Pf3D7_09_v3-163813-164052-1A","GTAATAATAATAATAATAATGTATTTCTTTCATCAAGTGATCCAAATAAATTAAACACAACACCATCACCATTTGGTTTATCATCTATTGGAAATCTAAATACAAACAATAAATTAAATAGCTTTCCAGATTTTAGTCAAGCTAATAAAACATTTCTACAAAATGATAGCTTAT","Pf3D7_09_v3-163813-164052-1A.1","2+19N28T131T",541,1,1
"IM-23-122-OUOH","8073804797","Maziba","Pf3D7_09_v3-164045-164311-1A","ATCAACTGGTGTTGCAAAACCATTAGTTACCAATTTTAATTCTCCATTTAGTGCTTTTGGTAAAACAAATACCAGTGATATATTTAAAACTAATACTACTGCATCAACTACAAATGCAACTGCAACTGCAACTCCTGCTCCCTTTGGATCAGCATTTGGAGCGCAAAAGAATAATGATAGCTTGTTTGGAAATAATGCATTCAAGCTTTCG","Pf3D7_09_v3-164045-164311-1A.1",".",466,1,1
"IM-23-122-OUOH","8073804797","Maziba","Pf3D7_09_v3-202854-203106-1A","AATATACAAAGAATGCATATGATAAAATATTCTTTGTCCTTTAAAATTTTTTGTTCTTGTACTTTGTTTTTTATAATCTATTAAATTCATATCTGATGAAATATCATATTTATATTCCCCTTTATGAGCATTTACAAAAGTTTCGCTATTTCTTTTATTAATATATGTATTTGAGCACATATTTTTAT","Pf3D7_09_v3-202854-203106-1A.1","16C46+8N66+8N183T",445,1,1
"IM-23-122-OUOH","8073804797","Maziba","Pf3D7_09_v3-270915-271160-1A","CTTTGTATGTATTATCTGTTGTTTTATCTTCACCTTGATTTCCTGTACTTGTAGATTCAGTAGATGGACCTTCAGAACCTGCTAATTCATCACTAGTAGATGCAGCACTTGTACTTTTAGATTGTTCTTTTAATGGTCCCATATATTTGTATAATTCTATTTCTAAATCTTGATCCTTGGTTTTTTCTTCTAA","Pf3D7_09_v3-270915-271160-1A.1","82C85A180+8N",757,1,1
"IM-23-122-OUOH","8073804797","Maziba","Pf3D7_09_v3-516735-517007-1A","ATAGAAGGATATATAAAAAATTATCAAGAATCATATAATATAAATGACCATTGTAAATTAGTTCCATTAAATTTTTATAAAGATTCTATTTCTAATGATTTAGGTACTCCATGCCCTGTGAATAGTATTACCTTAAATGTGGGCGCAAAAACTATAAATGAATGTTTGTGTAATAAAGGATATTTCTATAATGTCAAGAAACAACAATGTAA","Pf3D7_09_v3-516735-517007-1A.2","14+8N211A",65,1,1
"IM-23-122-OUOH","8073804797","Maziba","Pf3D7_09_v3-595828-596094-1A","ATAATTTTTTCATCGTTCTTATACATTAATGATAAAGTCTTTTTGCAAAATTTTTTGAAGAGATCAGATTTGAGATAAAGACGTTTGGCTAATTTATACGAGAATTCGAGAGCATCTAATTTTATATTTAAACATTTTTTCGTATCCAATATATTATAATTTTGTTCATAAGTCTGTTCGTTTATATTATTTAATACTTTT","Pf3D7_09_v3-595828-596094-1A.3","4+8N50+8N134+8N180G",102,1,1
"IM-23-122-OUOH","8073804797","Maziba","Pf3D7_09_v3-685560-685825-1A","AAACCAAACAACGACAAAGGAACAAGATAATTTTTTCAATTTTTATAAAAGTAATATATATGATATGGAAAATAGAACATGTAATAATAATATATTACAATATTGTGTTATGAATAATAAATCATATTTATTTCATAATATATCATCCAAAAAAAATATATATATAAAAAAAAAGAATCATCAGTTTTCTTTATTCATATATT","Pf3D7_09_v3-685560-685825-1A.80","1A30+8N38A79A148+10N165+11N",2,0.2,2
"IM-23-122-OUOH","8073804797","Maziba","Pf3D7_09_v3-685560-685825-1A","GAACCAAACAACGACAAAGGAACAAGATAATTTTTTCAATTTTTATAAAAGTAATATATATGATATGGAAAATAGAACATGTAATAATAATATATTACAATATTGTGTTATGAATAATAAATCATATTTATTTCATAATATATCATCCAAAAAAAATATATATATAAAAAAAAAGAATCATCAGTTTTCTTTATTCATATATT","Pf3D7_09_v3-685560-685825-1A.3","30+8N38A79A148+10N165+11N",8,0.8,2
"IM-23-122-OUOH","8073804797","Maziba","Pf3D7_09_v3-82006-82236-1A","TTTATCATCTTTAGGCCATAACCAGAGTACAAGCAATCCAACTATAACAATTGTAATTAACATTATAAATACTGTAATACCATAAACACTACCATAAGCGATCAGAAATGCACTAAAAATATAAAAATATTCACTTAGAATAAGAGTAGCGATAAAACTAAAAATAGC","Pf3D7_09_v3-82006-82236-1A.9","95T119A125A128T",1411,1,1
"IM-23-122-OUOH","8073804797","Maziba","Pf3D7_10_v3-1386657-1386909-1A","CGATTTTGGTAGGGAACAGGTTAAATATATTGAAGACGTGGTTTGATAATCAGGTATTTCTTTAATTAAATATTCATGATATTGTTCGTTAGATACATAAATTAATTCGTCCTCCACATTTTGCTGTTCTGTTATAATTTGTGAAGAAGCTTGGTTTGTCTTATTTGGTAATTGCTCTTTTATGA","Pf3D7_10_v3-1386657-1386909-1A.1",".",658,1,1
"IM-23-122-OUOH","8073804797","Maziba","Pf3D7_10_v3-1392371-1392620-1A","TGATGAAAATGATGATTCCCTTATTTCTAATTCTTTAGTACCCGAAACAAGTTACAATCAAGATTACTCTTTATACACTATTAATATTTTGAATGGACTTCCTGATAAAAAAAGTAATATGAAAAATATTGATTTAGAAAAATTTAAAGATACTTCAATACATACAAAGGAAGAGGGACCCATTGTA","Pf3D7_10_v3-1392371-1392620-1A.1","106+9N",309,1,1
"IM-23-122-OUOH","8073804797","Maziba","Pf3D7_10_v3-1414337-1414596-1A","GACCTGAATGGAAAGGTCAATGTGATAAATTTGAAAAAGAAAAAAGTAAATATGAAGATACTAAAAGTAGAACTGCTGAAATATATTTAAAAGAAATATGTTCTGAATGTGATTGTAAATATAAAGATTTGGATAATACATTTAAAGAATTTAAAGATAACGTTACGCTTCTTAAAGCAGTAATTGATAACAAA","Pf3D7_10_v3-1414337-1414596-1A.1","17T39+8N70G82T167G",411,1,1
"IM-23-122-OUOH","8073804797","Maziba","Pf3D7_10_v3-1414599-1414832-1A","ATCTAGATCAACGAGGGAATATAACAACATCTCAAGGAAATTCACACCGTGCAACTGTTGTGCAACAAGCTGATCAAACCAACAGATTAGATAATGTAAACTCTGTAACGCAAAGAGGAAATAATAACTACAACAATAATTTAGAGCGTGGATTGGGTTCTGGTGCT","Pf3D7_10_v3-1414599-1414832-1A.1","70C",2414,1,1
"IM-23-122-OUOH","8073804797","Maziba","Pf3D7_10_v3-992331-992603-1A","TCATTATATTTTTAAAAAAAAAAATTATGATATAAAATCTTCAATTAATAAAAGATCTATCCAGTTCTTTAAAGACACTAATATAGATCATTATATAGCATATGAATATTATAAGGAGGACCGTACAGAATTTATATTAACTATTATGAATGAAAAAAATATTACTCATCAAGAAACTCAAAGTCTTGAAATGAAAAAGTTGAAAG","Pf3D7_10_v3-992331-992603-1A.3","13+13N127A152+9N",82,1,1
"IM-23-122-OUOH","8073804797","Maziba","Pf3D7_10_v3-992596-992869-1A","GAAAATAATAAAATGCACAGTATCAATTCTGATAGAAATAAAAATGATTATATTCCATCTTCCTATTTACATACAATATATAAAACATTTAGCGAACATATAAACCGAGATAATGGAAATATTTATGATGATGAAAAAAAAAATTTATATGATGGAACTGTTTTTTATATAGAAACATTAAACGAATTAAGAATTATAAATATATTATTTTCA","Pf3D7_10_v3-992596-992869-1A.1","133+12N160+8N",23,1,1
"IM-23-122-OUOH","8073804797","Maziba","Pf3D7_11_v3-1006693-1006917-1A","GTGGGGGAGAGAATTTTACCTTGATATGCTCCCATGTTTTATCCTTTATACAATACATATAAGTGTCATTGGTAATATATGACCCTCTTTTACCTCCGTAAAGAAATAAACAATCTTCTTTTTTTTCAGTGGAGTAAATTAAATTTAATTTTGCAAAATAGCGTGG","Pf3D7_11_v3-1006693-1006917-1A.1","118+10N",1297,1,1
"IM-23-122-OUOH","8073804797","Maziba","Pf3D7_11_v3-1018781-1019053-1A","TTTTTGATTCATATCATTATCATAATTATATATATATTGATCTCTGTCTATATGGGGAGCAAAAAAATATAAAGGATGTTGTGTTAAGGCTAATAATAATTCTGTAGCTATACTACTACTTATGTTACTTATACCACATCTAGTGACTGTACATTTTTCATCTAATGTTCTATAGGATAAAGAATCTGAAGGACAATGCATATCAT","Pf3D7_11_v3-1018781-1019053-1A.2","60+9N",20,1,1
"IM-23-122-OUOH","8073804797","Maziba","Pf3D7_11_v3-1019050-1019319-1A","TCAAAACTTATTGCTACCGTAATACCTAAAGGAGGCATTTTACATAATCTTTTTACACTCGTAAGAATATTATTATAAAAGATTTCTTGATATCTATCATACATATGAATATTATTTAGAGATTTATATATATTATTATTTTGTTCATATAATAATATATTATTTAAAGACTTATCCATAATTTTTGTACATTTTATATTTTCTATA","Pf3D7_11_v3-1019050-1019319-1A.1",".",26,1,1
"IM-23-122-OUOH","8073804797","Maziba","Pf3D7_11_v3-1127074-1127316-1A","AACATTTTAATATTCCTAATTTCGAAAATATGATGAAAGGAGTTTTTGGAATTATTCAAAATCCTTTTGAAAATGGCCAACCCACTTTCCCATTCTTTAAAAATATTAATTCGATCTCTGGAATCGGTAATGTTGATATCCCCAAAAATTTTATGAATGATTTTTTGAATAATGGAAATGATCAAAACA","Pf3D7_11_v3-1127074-1127316-1A.1","13T160+8N",660,1,1
"IM-23-122-OUOH","8073804797","Maziba","Pf3D7_11_v3-115913-116184-1A","ACCTCCCGATGTTATAAATATTATATTATCATCATCATTTGGAAGGAAATTCTCCTCTAATGTTTTTAATATTTCATCTATATTTTTAGGTCTCAATTTACTATTGAAAAATTTTGAATACTTCAAAAAATAATCATCATCTTTTACATTACATATATTATCATTATTTTCATTTTGTTTTAGTAGTTCATCTTTTATATTATC","Pf3D7_11_v3-115913-116184-1A.3","124+8N",31,1,1
"IM-23-122-OUOH","8073804797","Maziba","Pf3D7_11_v3-119432-119705-1A","CTCCTTTATATTCATCAAGAAATTTCATCCAAGAGTAATTATGTTTTTCTTGTTGATATTTTGCTTTATACAAACGAGCAAGATACTTTTTATACGATTCATGCTCTTTAATTTTCTTTTCAAAAGTTTTGGTTATAATGTGTTGAAGTGATTGTAAAGTATTTTTCTTTAATTTTCTCCATATTAATCTACATGCGATTATAAGAA","Pf3D7_11_v3-119432-119705-1A.3","145G",137,1,1
"IM-23-122-OUOH","8073804797","Maziba","Pf3D7_11_v3-1293919-1294168-1A","TCCATATCAAAATAGTGATGTGTATCGTCCAATCAACGAACATAGGGAACATCCAAAAGAATACCAATATCCATTACACCAGGAACATACATACCAACAAGAAGATTCAGGAGAAGACGAAAATACATTACAACACGCATATCCAATAGACCACGAAGGTGCCGAACCCGCACCACAAGAACAAAATTTAT","Pf3D7_11_v3-1293919-1294168-1A.14","65C",661,1,1
"IM-23-122-OUOH","8073804797","Maziba","Pf3D7_11_v3-1294664-1294910-1A","AAAAGATAAATTATTTGAAAACTATACATATTTAAGTAAAAATGTAGTTGATAACTGGGAAAAAGTTTGCCCTAGAAAGAATTTAGAGAATGCAAAATTCGGATTATGGGTCGATGGAAATTGTGAAGATATACCACATGTAAATGAATTTTCAGCAAATGATCTTTTTGAATGTAATAAATTAGTTTTTGAATTG","Pf3D7_11_v3-1294664-1294910-1A.13","9A12T17G40A86G152T159A",1317,1,1
"IM-23-122-OUOH","8073804797","Maziba","Pf3D7_11_v3-1295103-1295335-1A","ACTACTGCTTTGTCCCATCCCAACGAAGTTGAAAACAATTTTCCATGTTCATTATATAAAGATGAAATAATGAAAGAAATCGAAAGAGAATCAAAACGAATTAAATTAAATGATAATGATGATGAAGGGAATAAAAAAATTATAGCTCCAAGAATTTTTATTTCAGATGATAAA","Pf3D7_11_v3-1295103-1295335-1A.33","23A132+9N",1,0.000557724484104852,2
"IM-23-122-OUOH","8073804797","Maziba","Pf3D7_11_v3-1295103-1295335-1A","ACTACTGCTTTGTCCCATCCCATCGAAGTTGAAAACAATTTTCCATGTTCATTATATAAAGATGAAATAATGAAAGAAATCGAAAGAGAATCAAAACGAATTAAATTAAATGATAATGATGATGAAGGGAATAAAAAAATTATAGCTCCAAGAATTTTTATTTCAGATGATAAA","Pf3D7_11_v3-1295103-1295335-1A.1","132+9N",1792,0.999442275515895,2
"IM-23-122-OUOH","8073804797","Maziba","Pf3D7_11_v3-1295371-1295597-1A","AAGTAACATCAAATAATGAAGTTGTAGTTAAAGAAGAATATAAAGATGAATATGCAGATATTCCTGAACATAAACCAACTTATGATAAAATGAAAATTATAATTGCATCATCAGCTGCTGTCGCTGTATTAGCAACTATTTTAATGGTTTATCTTTATAAAAGAA","Pf3D7_11_v3-1295371-1295597-1A.1",".",684,1,1
"IM-23-122-OUOH","8073804797","Maziba","Pf3D7_11_v3-1374917-1375148-1A","TTTTTAAATGAAAATCTCCAAAGCTTCTGGTTGGTTGTAATCTACCTTTAACATAACAATTATCATAATGATGTGATAAGAGATGAAAAGGTGTTTTACATAATTCATATGTATTATTATTATTAACAGTTTTATAATCTCGAGTACATATTTTACATACTAATATA","Pf3D7_11_v3-1374917-1375148-1A.1","112+14N",847,1,1
"IM-23-122-OUOH","8073804797","Maziba","Pf3D7_11_v3-1375807-1376056-1A","TCGTTATGTACCCTAATAAATTTTTTTTCATTATTTGAATCTATATTATTTACATTAGTATTTTGAGTTGTACCATAAATTTCAGTGTTATTATTATTTCTATTCATATAATTATGTCCGCTTATATAATTATGACCATTAAAAAAACGTCTTCCATGTATATCATCTCTTCTAATGTATTTA","Pf3D7_11_v3-1375807-1376056-1A.1","20+10N140+9N",123,1,1
"IM-23-122-OUOH","8073804797","Maziba","Pf3D7_11_v3-1376058-1376305-1A","TTTCTGGCTCGATATAATCCATTTCAATATTTATATTAGATATGAAACATCTATCTTCAATAGGTGAATTTGCTGCAAATTGAGCCATAGAAAAATGATTCTCATTCCTTTGAAAATATGAACTATTCAACTCATCAAGGTTTTCATATGTTATTTCATAACTGCCATCATCTGAATCCTCTTCATCA","Pf3D7_11_v3-1376058-1376305-1A.1","140G",604,1,1
"IM-23-122-OUOH","8073804797","Maziba","Pf3D7_11_v3-1816152-1816378-1A","TTGGGTAGATATCGTTATAAGGGCTATAATGTATTGACTTCTCCGGGTTTGTTACATTATCATTACAACCAATATTATTAAGGTTAATATTATTTTTATCATTATTATTGTTGTTTTCATTTGTGTGGTTATATAATAACAATGATGTGTCGTCTATTGGATCATT","Pf3D7_11_v3-1816152-1816378-1A.1","50T90T",2071,1,1
"IM-23-122-OUOH","8073804797","Maziba","Pf3D7_11_v3-1902041-1902278-2","ATGAAACAAAATGTCCACCTAGATACCCTTTAAAATCAAAAGTTTTTGGAACCTTTGACCAAAAAACAGGAAAATGTAAAAGTCTCATGGACAAAGCATATGAAGTTGGAATTAATAAATTTTCAGTCTGTTTAGAATATTTATTTTTAGTATCACCTAAGGATTTATATAATAGCGGAAG","Pf3D7_11_v3-1902041-1902278-2.1","60+8N",1291,1,1
"IM-23-122-OUOH","8073804797","Maziba","Pf3D7_11_v3-1934962-1935236-1A","TGATGTGCCAATATTAAGGATACATTTTCTAAAGCTTCTATCAGATAATGAAAATTTTTTCTGCGATTTTCATTTAAATCATTAAATATATTGGTTAGTTCTTGTATTGACGTTTTTGGATCTAAGGATGTAATTTGTTCATTTAATTCTTCTGTATATTCTAGATTAAAGTTTAAATTATTAAAATAACCTTCAGCATTATTTTCATTTTT","Pf3D7_11_v3-1934962-1935236-1A.1","54+10N98G",10,1,1
"IM-23-122-OUOH","8073804797","Maziba","Pf3D7_11_v3-1950431-1950680-2","AGATATATTTCAAGGAAAGGATATGTGGAATGATGGGAAATATGGTGAAGCGAAAAATCATATTAAGAATGCTTTTGGTGATATGAACAATAGAAAAACTATGTTAAATGAAATTGAGAAAGGAATTAAAGATGAAACGTTTAGTCGTGAAAATGGTTTAGACGTTTGTAAATCTCAATGTGAGGAAAG","Pf3D7_11_v3-1950431-1950680-2.2",".",633,1,1
"IM-23-122-OUOH","8073804797","Maziba","Pf3D7_11_v3-1968050-1968296-2","TCATTACACTAGTCATGATTGGTTTAGATTATTACGCCAAGGGAATAAAGCTCAAAATTCCATTTCTCAGGAAGTAGACATATTAAAGGAAAAGTATAAAAAATTAATTTCAGAGGAAGACAATAAAAAAGAAAATAACAATAATAATGATGATGAAGTAAAACCAGAACTAAAAGACAATATA","Pf3D7_11_v3-1968050-1968296-2.1","87A97+8N124+8N",712,1,1
"IM-23-122-OUOH","8073804797","Maziba","Pf3D7_11_v3-2001725-2001999-2","AGATGTAAGAACTAAGAATGTAAATACAAGTAAGAGAAATGAAGGACTTAATGATATAAATGAATCAGAAAAAACAAGAACAAGAAGGCCATCAACAAAATCAAATAATAATAATGTATCATACGAGAATGAATTAGAGAGTGTATCTGAATCGTTTGATAACTTTTTGGAGGATCATATGAAGGAAGGTGTTTTTTTAGATGGGGAAAA","Pf3D7_11_v3-2001725-2001999-2.2","68+8N191+9N",106,1,1
"IM-23-122-OUOH","8073804797","Maziba","Pf3D7_11_v3-408285-408534-1A","TACGAAGAAGGTTTAAAATATTGTGCGTCATCAATTAATTTATGGATATGTGCTATCGATTTACAAATAGAAAAAAAGAATTATACAGGTGCTAGAGCTTTGACGGAGAAAGCAAAAATCAAAATCAAGTATTTAAATTCTTTTAATAATAATAGTCATATTTTAAAAAGTAAAGAAATTATTGAA","Pf3D7_11_v3-408285-408534-1A.2","3C70+9N",419,1,1
"IM-23-122-OUOH","8073804797","Maziba","Pf3D7_11_v3-408543-408771-1A","AGAGTGTTAATAATACTACAGCTAGTAATATTTCCAAATCCAAAAATGAACTTGAAAAAAAGTCATCAGTTAATAATAATGCTTATATTAAAATTATCGAAAATTATGATTTATTATGGTTAAAATTAATAGAAATTGAATTATGTTGTAATAATAAAAATTTAAATCCTATA","Pf3D7_11_v3-408543-408771-1A.1","54+9N",1695,1,1
"IM-23-122-OUOH","8073804797","Maziba","Pf3D7_11_v3-497277-497548-1A","TTTTAGATTTAATTGAATATTCATTTTTAAATTATACTAGTTCTAATTTAAATACAATAAATAATAATAATGACAAAAAAAAACAAAATCAAAAAAATAAAAATCGCAAATATAGTAAAAATAATATTTTAGATCTCTATGAACACGTAAGTACGATCAGTTTATTTTATCACACGTTTAATTTACCTAAGGAGTATAATGAAAAATTGTT","Pf3D7_11_v3-497277-497548-1A.2","74+11N90+9N148T",37,1,1
"IM-23-122-OUOH","8073804797","Maziba","Pf3D7_12_v3-1959644-1959891-1A","ATGGGAAGACGATAAGAGAAGAGAAATTAATTTCTGAGGGAGCGTATTCATTTGTTTATATGGCGAAGGATTTAAACACGAATCGAGCTTATACTATAAAGAAGACCATATGTCAAGATAAAGAGAAAATAGATATGGCGAAAAAAGAAATCAACATTCTTAAAAGTTTACCTCCACATAAAAATATA","Pf3D7_12_v3-1959644-1959891-1A.1","143A",415,1,1
"IM-23-122-OUOH","8073804797","Maziba","Pf3D7_12_v3-2092529-2092798-1B","AGTTGAAGGGGGAGGAATGATCGGAGTTATCAGATTAGAAAATCAAGTGAGAAATCCCCCTGTAATAAAATTGAAGAGTCATACATCTCCCATCCTTGATTTGTCATTTAACCCGTGTTATAGTGAGATATTAGCTTCATGTTCAGAAGATATGTCTATAAGAATATGGGAGATACGTCATGAGGATGAGAATGTGAATGAGGTA","Pf3D7_12_v3-2092529-2092798-1B.1",".",188,1,1
"IM-23-122-OUOH","8073804797","Maziba","Pf3D7_12_v3-2092654-2092884-2","GAGATATTAGCTTCATGTTCAGAAGATATGTCTATAAGAATATGGGAGATACGTCATGAGGATGAGAATGTGAATGAGGTAAAGGATCCTTTATGTATATTAAATGGTCATAAGAAAAAAGTAAATATATTATCATGGAATCCTATGAATTATTTTATATTATCATCT","Pf3D7_12_v3-2092654-2092884-2.1","114+8N",1452,1,1
"IM-23-122-OUOH","8073804797","Maziba","Pf3D7_12_v3-233418-233671-1A","CAAAAATATCATTCCCCAAATTTGTACTACTAATTGTTCCAATAGTTCCTATAGTTGTGGTAATTTGCTCATATGTATTTTTTCCTAAAGATTTATTAGACACATTTGAAGGATCATTATTTTGTTCCAAATTCTTGGGCACAGTATTATTACATGAGAATAATGAAAAGTTATTATCATAATTCTTTTGTT","Pf3D7_12_v3-233418-233671-1A.3","77+8N",385,1,1
"IM-23-122-OUOH","8073804797","Maziba","Pf3D7_12_v3-529495-529767-1A","GCTCCCCAAAAGTTAACTGCTTCATTATTTTTTGGATCCCAAAAACTAACATTCGTTACCCATCCAACATAATCGGTAGATATCCTATATTCATAACTACTACAGAAATATTTATACTCATGGTATACATTTGCATCATTTACATCTACCAAATTAACAGTTTTACACAAATTGTGAATGCCATTCAAGTTATAAAAACCTGTACAT","Pf3D7_12_v3-529495-529767-1A.1","32T",218,1,1
"IM-23-122-OUOH","8073804797","Maziba","Pf3D7_12_v3-63081-63314-1A","TTTCCGTCATAATAGTTGCATACATTCTATTAAAAACTTTGGGTACTCCTAATATAATTTCAGCTTTTGAATTACATATGTCTGTATTCAAAAATTTTATATCTCTACTCCATATATTTATCTTTACACCCAAAAACAAAGTAATGAAAAAAATAACCCTTTCATA","Pf3D7_12_v3-63081-63314-1A.3","63G142T146+9N",697,1,1
"IM-23-122-OUOH","8073804797","Maziba","Pf3D7_12_v3-659881-660127-1A","GGTGGTTTAACATTTTCAGCTACGAGTTTTTCGACTGATGGCAATCCTACTTTGATTAATTCCTTTAACATAAGTTTTGCGTGTTTTTTTACTTCTGATTTGATATCAAAGCTTGATTCTAAAAAGGTTGGTGAATTTTTTTGTAAAACACTGACAAGTTCATTTGATATGGTCTCTGCTAAATCATCACCA","Pf3D7_12_v3-659881-660127-1A.15","27T35C73A74G83+9N135+9N",721,1,1
"IM-23-122-OUOH","8073804797","Maziba","Pf3D7_12_v3-684011-684240-1A","ACCTAATGTTGGTAAGTCTACCATTTTTAATCGACTAACTCGAAAATATCAAGATGGTAGTATTGTTTTAGAGGTTAGTAGTACGAGAGATAAACTTTATGGAGAAGTTGAGTGGGAAGGATATAAATTTGAACTTGTGGATACAGGAGGTTTAGTTTTTGA","Pf3D7_12_v3-684011-684240-1A.4","73G",1103,1,1
"IM-23-122-OUOH","8073804797","Maziba","Pf3D7_12_v3-857050-857323-1A","ATATAATTTTAAGATGTCCTATCAAGACGTTCAGGAAAAAAAAAATGAAGATATAAATTATGATGAAATAGCTAGCAGCATGCTAGAGAAGATGGACAAACATATAAATGGAGAAAAACAACCAACGATACATTATGAAAATTTAAATGTACAAGAGCAAGGGGGAGCACATGCTTATTACTCAAATCAAGATATAAATAACATAAATA","Pf3D7_12_v3-857050-857323-1A.2","35+12N162G",78,1,1
"IM-23-122-OUOH","8073804797","Maziba","Pf3D7_13_v3-1004740-1005002-1A","TTACATCGTAAAAATAATTTAAAATATTATATATATTATCTTTTCCTTTTGGGGGGTCTCTTTTCTTTATATATATATTTACATTTCTCTTCATTTTATTACATGATAAATTAATATTTAATGTACTAATATATATATTATTAATTTTTATTTTCTTCTTCTTTTTTATATTAAAACAAAATGAAGATTCTTTAA","Pf3D7_13_v3-1004740-1005002-1A.1","50+8N161+8N",5,1,1
"IM-23-122-OUOH","8073804797","Maziba","Pf3D7_13_v3-1041593-1041860-1AB","CAAGATTGAAGTATTACATATCTCAGAAATTAAATGTATGCCCAAGAGATGTAAATGCACACATTGTAGGTGCTCATGGAAATAAAATGGTTCTTTTAAAAAGATACATTACTGTAGGTGGTATCCCTTTACAAGAATTTATTAATAACAAGTTAATTTCTGATGCTGAATTAGAAGCTATATTTGATAGAACTGTTAATACT","Pf3D7_13_v3-1041593-1041860-1AB.1",".",206,1,1
"IM-23-122-OUOH","8073804797","Maziba","Pf3D7_13_v3-1146764-1147010-1A","AAATTTTCTCCTAAAGTTATGCCTTTGTTAATGAAGGAGAAGAACGTGAAACATAAAGCACCTCCTAAAGGTACTATAAAGCATACGCTAGAATATTTAAAAAGAGCAGCAGAATCAAGAATGAAAGAAAATGAATTATACAAATCAAAAAAAGATAGCACACTTAGTTCAATTGCAATTAGAAAAAATTCC","Pf3D7_13_v3-1146764-1147010-1A.2","64C146+9N182+8N",642,1,1
"IM-23-122-OUOH","8073804797","Maziba","Pf3D7_13_v3-1233093-1233332-1A","TCTATATGATCCTTATTTTTATCTTCATCACATTTATAATTTACATAATTTTCGACGTCATCATTTTCATTATTACTCATAATTGAATTATCCACAATGTTTGCCTCTTTTACAGCTTTACAAAGTTGGTAAAAAATATGATAATTCCTTTCACCTTCTTGTTGATCACACACCCGAACC","Pf3D7_13_v3-1233093-1233332-1A.1","130+8N",756,1,1
"IM-23-122-OUOH","8073804797","Maziba","Pf3D7_13_v3-1265494-1265726-1A","TGTCATATACAGATTATAAAAATGATCATAGAATAAGCGAAATTTTAAATCGTTGTATTTTACGATTAAACGAGTTTGATCTAATTCATTTATCTTCTTTGGTCATATCTTTAAGTAAAATGAATTTTAGGAGTGTGTATTTTATGGAACAAGTACAAAAGAAATT","Pf3D7_13_v3-1265494-1265726-1A.4","44T144A",1,0.000693481276005548,2
"IM-23-122-OUOH","8073804797","Maziba","Pf3D7_13_v3-1265494-1265726-1A","TGTCATATACAGATTATAAAAATGATCATAGAATAAGCGAAATTTTAAATCGTTGTATTTTACGATTAAACGAGTTTGATCTAATTCATTTATCTTCTTTGGTCATATCTTTAAGTAAAATGAATTTTAGGAGTGTGTATTTTCAGGAACAAGTACAAAAGAAATT","Pf3D7_13_v3-1265494-1265726-1A.2","44T145A",1441,0.999306518723994,2
"IM-23-122-OUOH","8073804797","Maziba","Pf3D7_14_v3-2858894-2859160-1A","ATAGATTTTAATGACATAAAAAACACAACAAATGAGTATAATAATTTTGAGGAACATAATTATCAAGATGATAAATTTATATTTAATAAAGATATACATAATATTCTTTTAGAATTAAAGGAATCATTAAATGACATATCACGTGGAAGACTAAATACATTGATAAGAGATAATAAAATAAGTAGTTATATAATATATCA","Pf3D7_14_v3-2858894-2859160-1A.2","15C17+8N28A188A",115,1,1
"IM-23-122-OUOH","8073804797","Maziba","Pf3D7_14_v3-293575-293829-1B","TTTTGTAGTGTAATGTGTGGTTTATTTTATTATGTGTATGAAAATGTATGGCTTCAAAGAGATAATGAAATGAATGAAATTTTAAAAAATTCCGAACATTTAACTATTGGATTTAAAGTTGAAAATGCACATGATAGAATTTTGAAAACTATAAAAACACATAAATTAAAAAATTACATTAAAGAAT","Pf3D7_14_v3-293575-293829-1B.1","83+8N167+8N",110,1,1
"IM-23-122-OUOH","8073804797","Maziba","Pf3D7_14_v3-294503-294768-2","CAGAATTTAGATGTTATCAAAGTCCCATTCTTACCTTTCTATGTAACTCTTTGTAACAACAGCAAATTACCAACTTTTGAATTTACCTCAGAAAATGGTAAATACACATTAGAACCTGAATACTACCTTCAACACATAGAAGATGTTGGTCCAGGATTATGTATGCTTAATATCATAGGATTAGATTTTCCAGTACCAACCTTTA","Pf3D7_14_v3-294503-294768-2.1",".",292,1,1
"IM-23-122-OUOH","8073804797","Maziba","Pf3D7_14_v3-294506-294753-1B","AATTTAGATGTTATCAAAGTCCCATTCTTACCTTTCTATGTAACTCTTTGTAACAACAGCAAATTACCAACTTTTGAATTTACCTCAGAAAATGGTAAATACACATTAGAACCTGAATACTACCTTCAACACATAGAAGATGTTGGTCCAGGATTATGTATGCTTAATATCATAGGATTAGATTTTCCAGT","Pf3D7_14_v3-294506-294753-1B.1",".",945,1,1
"IM-23-122-OUOH","8073804797","Maziba","Pf3D7_14_v3-297583-297856-1B","AGGAGGTTTTTCTTATTATATTTTTGAAAATTTCGTTTTTCAAAAGAACCGTAAAATTAATCACATAATTAAGACTTCAAAATATTCGACAGTAGGATTTAATATTGAAAATTCTTATGATAGACTTATGAAAACAATTAAAGAGCATAAATTAAAAAATTATATAAAAGAATCAGTAAAACTTTTTAATAAAGGTTTAACCAAAAA","Pf3D7_14_v3-297583-297856-1B.1","153+8N",46,1,1
"IM-23-122-OUOH","8073804797","Maziba","Pf3D7_14_v3-298368-298636-1B","ACGATTTAATGTGGCAAGTTGATTTAGATGTACATTTTGGTAATGTATCTTCCAAAAAAGCAAACGTTATTTTAGATAGTGCCACCAGTGTCATAACTGTACCAACAGAATTTTTTAATCAATTCGTAGAATCTGCAAGTGTTTTCAAAGTTCCATTCTTATCTTTGTATGTAACCACTTGTGGTAACACGAAATTACCAA","Pf3D7_14_v3-298368-298636-1B.1","53+8N110+8N",189,1,1
"IM-23-122-OUOH","8073804797","Maziba","Pf3D7_14_v3-2020604-2020849-1A","CAAGAACATGAATATTTCTGTAAATACATAGACAAGTCCTCATTATGTCTTATCACAGGGTGCTCTTTTTTAATATGACAATATAATTTTATATGTTTTATTATTTCTTGATGAATTTCACATAATAAAAATAATGTGTGATTCATATGTTGACTACTCAATATAGAAAAGCCACTAACTAATTG","Pf3D7_14_v3-2020604-2020849-1A.5","65+8N158T",499,1,1
"IM-23-122-OUOH","8073804797","Maziba","Pf3D7_14_v3-2260533-2260765-1A","AATAACCATCAAATACAAACTCAACCAACAAATACAGTACAATATATTCAACCAAATTATGAACAAGTCATAACACAAGTAGATCAAAATCGTAATCTATTCAATCAACAGCTTGTAGGAAGTACAGTAATGCAAAATATGACACCACAAGGTGTAAACACGTTAAATTATCCTGCAACG","Pf3D7_14_v3-2260533-2260765-1A.2",".",1294,1,1
"IM-23-122-OUOH","8073804797","Maziba","Pf3D7_14_v3-2355614-2355853-1A","ACTTTTCTCGATTCACATTATCCAAACCCATTTAACGAGTATGAAAAATATGACAAACATTATTATGAACTTGAAAATATTTTAAAAAACAAACTTAATGAACATTCCTTAAATTATCAATCTTTGTTAAAAATGAAAAGATTTATAAGTATGAACGATATGGAAAATAATAA","Pf3D7_14_v3-2355614-2355853-1A.1","83+8N",616,1,1
"IM-23-122-OUOH","8073804797","Maziba","Pf3D7_14_v3-2481033-2481276-1B","CCATGTGGATAAAGACAGTAGAGAGCAATTCGAAATAAAACAGTACTCTTGCAAATTAGATATTTTTTTGAACTCATCTGTTCCTATAAAAAATTCTGAATGTAAGCAGAATAAATTATACACAAAAGAATATATATTCATTTTTATTTATTCACTTTATATATGTTTGTA","Pf3D7_14_v3-2481033-2481276-1B.1","62+9N87+8N172D=TGTATGTA",624,1,1
"IM-23-122-OUOH","8073804797","Maziba","Pf3D7_14_v3-2695837-2696082-1A","CGTTCTGTATCATATTATTAGATATAGTTATTTTATTATTATTTTCTACATTATTATTCAATATATTACATCCTGTTATGGAATTATTGTTAAAATATAAATTATTCGAATTGTTATTATTAAATTCTAATCCACTAACTGCTGTTGTATATAATGATGATGAGTTATTATTATAGAAATC","Pf3D7_14_v3-2695837-2696082-1A.3","5C28+16N53A",224,1,1
"IM-23-122-OUOH","8073804797","Maziba","Pf3D7_14_v3-2733345-2733593-1A","TCGATGTACATGCAGAAAAAATATTGGAACGTTTATTTGTAATTTATTTATGTGTATTAAAAGAATATGAAAAACATCCTCCTAAAATATTAAAATATTCATTACGTGCTATATCGAGATACTCGATGTATATAAATAAATTTATCATGGATGATATATTATTTGAAATTAAAAACCTTGCTGCA","Pf3D7_14_v3-2733345-2733593-1A.2","15+8N116G",577,1,1
"IM-23-122-OUOH","8073804797","Maziba","Pf3D7_14_v3-279563-279833-1A","CATTTTTCTTTTAAATGAGAGCAATATATTTCTTAGGTTTATTCCGGATAAATGTTTAGTTATTAGCCAGGTGAGTAATAGTGATTCATATAAGGTAAATTGTATTAATTTCTCTGAAGGATTTTGTTGCTGTCATCCAATAAATAATTTAGCACTATTATATGGAGAGTATCAACAAAATCAAGAATCAAAAATTATGAAATTACCG","Pf3D7_14_v3-279563-279833-1A.1",".",83,1,1
"IM-23-122-OUOH","8073804797","Maziba","Pf3D7_14_v3-3214249-3214516-1A","TAAATAAAAAAGGATTAGATGATTTAATAAAAGATTTGTTAAAATATTTTCCAAAGAATTCAATTAGCGATCGTTTTGAATTGTTAGAATTTAAAATGACGGAGGATTGTTATACAAAAATGTGGTTTGATTTTATGAGTGATTTTGGAATAGCTACAATGAATGAAACCGAACATACTAGATCTTTTTATGGCTTAATCGAA","Pf3D7_14_v3-3214249-3214516-1A.1","5+8N194C",381,1,1
"IM-23-122-OUOH","8073804797","Maziba","Pf3D7_14_v3-377765-378020-1A","AAAGATATATCAACTGAAAAGATTTTATCAAATAATTGCTTTAATAATAAGTTAAAAAATTGATTTCCAATATCTATCATATTCATATAATCTAATGATTTAAAAATATATAATATACTCTTTGGACTAAATTTTAATTCATCATTTATTATTCTCTCTTTTACTATTGTTTTAATTTGATTAAAATATATAA","Pf3D7_14_v3-377765-378020-1A.1","21G53+8N71T154C170T",62,1,1
"IM-23-122-OUOH","8073804797","Maziba","Pf3D7_14_v3-3124416-3124655-1A","TAATTGATCTTCTAGAGGAATTAGATATTTTGTCTATATCGAATAAAGATGAAGTAGAAAAACGAAGAAAGGAAACAACTCAAGAGACGCGGTTGTTAGGAAATATTGATTTAGGATATGGAAAATTAGGAGAGGGAATAAAGTATGAAAATTTACAGGAAGAATTAGGAAACAGATTATTTG","Pf3D7_14_v3-3124416-3124655-1A.21","144T",1893,1,1
"IM-23-122-OUOH","8073804797","Maziba","Pf3D7_14_v3-3125801-3126073-1A","ATTCTTATAATATTTAAGAATGAAGGGATTAAATATTTACATTTTAGCGAGGATACTCTGAAATATGTTAATTTTAATTATCCTGATTTTAACTTATATAAATGTATGAATTTATATAAGAAAAATTATGTTGATAGGGATGAGAAAGATATCTGTGATTTTTCAAATGAAGATTTTCCGTTAATAAAAGAAAATAACAAGAGAATCAG","Pf3D7_14_v3-3125801-3126073-1A.5",".",41,1,1
"IM-23-122-RMAM","8070933864","Maziba","Pf3D7_05_v3-641131-641404-1A","GGAATTTTTTTTTTGGTGTTTTATTTTTTCGAAGGATACAGTATAATCTAAGACATTAAAATTATTGGGTTTGAAAAAGAGTTTCCTTTTTATGATGTGCAATAGAGGTATATTTATATAGGAAATATAAACATATAAAAGGAATATGATAAAAAGGAAATATTGACTTAATAAAATATTAATATTTCTTTTTTTAAAATATATTTCGT","Pf3D7_05_v3-641131-641404-1A.3","4+12N23+8N42T188+9N",42,0.212121212121212,2
"IM-23-122-RMAM","8070933864","Maziba","Pf3D7_05_v3-668763-669004-1A","TAATATTATCTGGCTCTGTAACCATGTCCGAACATATGTTAACAGGAGAATCTGTTCCTATACATAAAGAGCAGTTACCTTTTGAAGGAAATGCTATTATAAATAAAAATAATAAATATGAGAGTAACGATGAAAAGGATGATTACCTTCGTATTTATAATAATCATGCTAGTATTAATATGATCAACCG","Pf3D7_05_v3-668763-669004-1A.5","188C",220,0.200364298724954,3
"IM-23-122-RMAM","8070933864","Maziba","Pf3D7_05_v3-641131-641404-1A","GGAATTTTTTTTTTGGTGTTTTATTTTTTCGAAGGATACAGGATAATCTAAGACATTAAAATTATTGGGTTTGAAAAAGAGTTTCCTTTTTATGATGTGCAATAGAGGTATATTTATATAGGAAATATAAACATATAAAAGGAATATGATAAAAAGGAAATATTGACTTAATAAAATATTAATATTTCTTTTTTTCAAATATATTTCGT","Pf3D7_05_v3-641131-641404-1A.1","4+12N23+8N188+9N",156,0.787878787878788,2
"IM-23-122-RMAM","8070933864","Maziba","Pf3D7_14_v3-297583-297856-1B","AGGAGGTTTTTCTTATTATATTTTTGAAAATTTCGTTTTTCAAAAGAACCGTAAAATTAATCACATAATTAAGACTTCAAAATATTCGACAGTAGGATTTAATATTGAAAATTCTTATGATAGACTTATGAAAACAATTAAAGAGCATAAATTAAAAAATTATATAAAAGAATCAGTAAAACTTTTTAATAAAGGTTTAACCAAAAA","Pf3D7_14_v3-297583-297856-1B.1","153+8N",297,1,1
"IM-23-122-RMAM","8070933864","Maziba","Pf3D7_05_v3-395887-396136-1A","TCTAAGGATTGTTGGTTTTTTAGGATGCTCATCTTTTTAAGATAATCCTCTTTACTGTCGTTATTATTTAAATCGTTTTGTATAATATTATATTGTGAATTCCTTGTGTTTTTCATAATACTATTAGTCCTATTGGTGTTCTTCTTCTTATTATTATTATTATTGTTCTTCTTCTTAATAAA","Pf3D7_05_v3-395887-396136-1A.4","15+8N145+20N",82,0.197115384615385,2
"IM-23-122-RMAM","8070933864","Maziba","Pf3D7_05_v3-550803-551072-1A","ATATAATACACCTTTCTTATTTATATTAATCTTTTCATTTTTACAAGAAATCACCTCCCTACTTATTCGGTTGTCCTCATTTTCATATTTCATAACACCATCATTTATTTTTTCTATTTCTTTAATATTATTTTCTCCTTGGACGTAATTATGCTTTCCTATCATCTCCTTTGCTCTACTTCCTATATATACTAATTTCTCTCTGAA","Pf3D7_05_v3-550803-551072-1A.1","107+8N",129,0.35054347826087,2
"IM-23-122-RMAM","8070933864","Maziba","Pf3D7_13_v3-852647-852921-1A","TACGAAATGATGAATTAAAAGAATTAACATTTATGAAAAATAAAGAAAATAGGAATGCAGATACATATGTTTTTGATTATCCTAAAAAAGAGAAATATGACCAATTAGTTTTTGAATTACGTAAACATAATTTTAATATAACAAGCATTAATACATATAAAAAACTAAAAAATGAAACATCATCACAAAAAGAAGAAAATGCTTCTATAATAAGTT","Pf3D7_13_v3-852647-852921-1A.8","83+8N149T158+8N169A",2,0.00546448087431694,4
"IM-23-122-RMAM","8070933864","Maziba","Pf3D7_14_v3-294506-294753-1B","AATTTAGATGTTATCAAAGTCCCATTCTTACCTTTCTATGTAACTCTTTGTAACAACAGCAAATTACCAACTTTTGAATTTACCTCAGAAAATGGTAAATACACATTAGAACCTGAATACTACCTTCAACACATAGAAGATGTTGGTCCAGGATTATGTATGCTTAATATCATAGGATTAGATTTTCCAGT","Pf3D7_14_v3-294506-294753-1B.1",".",1189,1,1
"IM-23-122-RMAM","8070933864","Maziba","Pf3D7_14_v3-293575-293829-1B","TTTTGTAGTGTAATGTGTGGTTTATTTTATTATGTGTATGAAAATGTATGGCTTCAAAGAGATAATGAAATGAATGAAATTTTAAAAAATTCCGAACATTTAACTATTGGATTTAAAGTTGAAAATGCACATGATAGAATTTTGAAAACTATAAAAACACATAAATTAAAAAATTACATTAAAGAAT","Pf3D7_14_v3-293575-293829-1B.1","83+8N167+8N",366,1,1
"IM-23-122-RMAM","8070933864","Maziba","Pf3D7_14_v3-294503-294768-2","CAGAATTTAGATGTTATCAAAGTCCCATTCTTACCTTTCTATGTAACTCTTTGTAACAACAGCAAATTACCAACTTTTGAATTTACCTCAGAAAATGGTAAATACACATTAGAACCTGAATACTACCTTCAACACATAGAAGATGTTGGTCCAGGATTATGTATGCTTAATATCATAGGATTAGATTTTCCAGTACCAACCTTTA","Pf3D7_14_v3-294503-294768-2.1",".",1005,1,1
"IM-23-122-RMAM","8070933864","Maziba","Pf3D7_08_v3-102277-102527-1A","TACCTTCATCTATTGAATTAATTTTCTCAAGTAACATATTTTTGTCTTGACTACTTTCATCTGTAAATGGAACGAGTACTCTTTGCTTACCTGCAAAAAGGACAACTGACATATGAGCCTTATCCTTACTTACATTCGAATTAAAGACCATAGATTCTAAAAATGGTATAGTTCCTTTTAACCAATAATC","Pf3D7_08_v3-102277-102527-1A.1","76G",3,0.00244897959183673,4
"IM-23-122-RMAM","8070933864","Maziba","Pf3D7_08_v3-102277-102527-1A","TACCTTCATCTATTGAATTAATTTTCTCAAGTAACATATTTTTGTCTTGACTACTTTCATCTGTAAATGGAACTAATACTCTTTGCTTACCTGCAAAAAGGACAACTGACATATGAGCCTTATCCTTACTTACATTCGAATTAAAGACCATAGATTCTAAAAATGGTATAGTTCCTTTTAACCAATAATC","Pf3D7_08_v3-102277-102527-1A.2","74T76A",22,0.0179591836734694,4
"IM-23-122-RMAM","8070933864","Maziba","Pf3D7_14_v3-3124416-3124655-1A","TAATTGATCTTCTAGAGGAATTAGATATTTTGTCTATATCGAATAAAGATGAAGTAGAAAAACGAAGAAAGGAAACAACTCAAGAGACGCGGTTGTTAGGAAATATTGATTTAGGATATGGAAAATTAGGAGAGGGAATAAAGCATGAAAATTTACAGGAAGAATTAGGAAACAGATTATTTG","Pf3D7_14_v3-3124416-3124655-1A.1",".",1889,0.978756476683938,4
"IM-23-122-RMAM","8070933864","Maziba","Pf3D7_13_v3-935613-935884-1A","CAAAATAATATGAATAGTAATAGTAATAGTTATAATAATTTTAATATAACAGATAGAAGTAAAGAAATAAAAAAAAATTATAAAAGAAACAAAATTTTAATAGTTATTAATAATATTAATACAAATCATATTTTATTATTAAATGAAAGTGTTATAAAAAAAAAAATACTTACATTTTATCTAGATCTTTTTTTTGATGATAATGAACAAAT","Pf3D7_13_v3-935613-935884-1A.1","68+11N155+13N187+10N",4,0.00647249190938511,2
"IM-23-122-RMAM","8070933864","Maziba","Pf3D7_13_v3-911757-912005-1A","GAGCCAACAATTTGATTTTCCACAACTTACTGAATCTTTAAAACATTGTGAACAGGTATTTGACATTTTTTTATTATCTTTGGCTAGTTCCTTTTGAACACATTCCATAGTACTATCACCTGAACCTAAGTTATCAACAGAACATTTTAATAATATACTAAAAAATTTATTGCTAGGAGAAAGTTGTAAA","Pf3D7_13_v3-911757-912005-1A.3","60T65+9N159+8N",784,0.628708901363272,2
"IM-23-122-RMAM","8070933864","Maziba","Pf3D7_07_v3-105172-105442-1A","GACTACTAACAGAGTGACTACCTACGCTATGTTGAGATGAATTGCTTCCATTTGAATTACTTCCAGATAGGTGATTTTCTGTACTTCCATCTGAATTGTTTTCATATAATTGACTTTCCTTTTGTCCATCTAAATTATGCACTGCACTATGAGTTCCTTCACCCAAATTATTACTGTTTGTTGTATCATCATTTAAATCAAATCCATTTCTT","Pf3D7_07_v3-105172-105442-1A.5","44G52T103C",174,0.371002132196162,3
"IM-23-122-RMAM","8070933864","Maziba","Pf3D7_07_v3-105172-105442-1A","GACTACTAACAGAGTGACTACCTACGCTATGTTGAGATGAATTGCTTCCATTTGAATTACTTCCAGATAGGTGATTTTCTGTACTTCCATCTGAATTGTTTTTATATAATTGACTTTCCTTTTGTCCATCTAAATTATGCACTGCACTATGAGTTCCTTCACCCAAATTATTACTGTTTGTTGTATCATCATTTAAATCAAATCCATTTCTT","Pf3D7_07_v3-105172-105442-1A.2","44G52T",1,0.00213219616204691,3
"IM-23-122-RMAM","8070933864","Maziba","Pf3D7_14_v3-3124416-3124655-1A","TAATTGATCTTCTAGAGGAATTAGATATTTTGTCTATATCGAATAAAGATGAAGTAGAAAAACGAAGAAAGAAAACAACTCAAGAGACGCGGTTGTTAGGAAATATTGATTTAGGATATGGAAAATTAGGAGAGGGAATAAAGTATGAAAATTTACAGGAAGAATTAGGAAACAGATTATTTG","Pf3D7_14_v3-3124416-3124655-1A.4","72A144T",27,0.0139896373056995,4
"IM-23-122-RMAM","8070933864","Maziba","Pf3D7_04_v3-284121-284364-1A","ATATTGTATATTATCATAAGATTTATATGGAGGACCACATTGAAATCCGACAATTTCATTTGATGCATGTAGTACACATTCCGTATTTCTGTTTGAATTATTTAAAATAATTTTATTACTTAGAAATGATTCTTTTTCACTATAATCTTTATATAACAAAGGTTCTTCATCAATTTGA","Pf3D7_04_v3-284121-284364-1A.4","163T",235,0.342066957787482,2
"IM-23-122-RMAM","8070933864","Maziba","Pf3D7_04_v3-284121-284364-1A","ATATTGTATATTATCATAAGATTTATATGGAGGACCACATTGAAATCCGACAATTTCATTTGATGCATGTAGTACACATTCCGTATTTCTGTTTGAATTATTTAAAATAATTTTATTACTTAGAAATGATTCTTTTTCACTATAATCTTTATATAAGAAAGGGTCTTCATCAATTTGA","Pf3D7_04_v3-284121-284364-1A.1","157G",452,0.657933042212518,2
"IM-23-122-RMAM","8070933864","Maziba","Pf3D7_08_v3-1313088-1313338-1A","TGAGAGACATAGATATATGATAGAAAAATGGAAAAAAGAAGATTGGTTTTGTGATTTAAAAGAAACGTTGAAAAATGAATTCGAAGAACAGATGGATATAGGAAAAGTATCTTTTTTATATGAAAATAATAGAGAGTATGGAAAAAATTTTTATTTGGAAAAGCAAAAAATTATATGGAAAAGATGG","Pf3D7_08_v3-1313088-1313338-1A.2","31+8N82C111+8N141+8N164+8N",114,0.177018633540373,2
"IM-23-122-RMAM","8070933864","Maziba","Pf3D7_08_v3-1099719-1099977-1A","AAAAAATAAAAAATCAAACAAGATAAATAATAATGTATATAATACTAGTGGTATAAAAAATAATGATCAAAATATGGATAATATGAATCAAAAAGGAAAAAGTAACAAAAATTCAAATAAATATAATTTTGATGAAGAGGATTTATGGTTTTTATGTGATTTATGTAATAATCCTATAAGTCCGTTATGTTA","Pf3D7_08_v3-1099719-1099977-1A.4","1+14N54+8N97A",13,0.0264765784114053,2
"IM-23-122-RMAM","8070933864","Maziba","Pf3D7_08_v3-1099719-1099977-1A","AAAAAATAAAAAATCAAACAAGATAAATAATAATGTATATAATACTAGTGGTATAAAAAATAATGATCAAAATATGGATAATATGAATCAAAAAGGAAAAAGTAACAAAAATTCAAATAAATATAATTTTGATGAAGAGGACTTATGGTTTTTATGTGATTTATGTAATAATCCTATAAGTCCGTTATGTTA","Pf3D7_08_v3-1099719-1099977-1A.1","1+14N54+8N97A142C",478,0.973523421588595,2
"IM-23-122-RMAM","8070933864","Maziba","Pf3D7_13_v3-911757-912005-1A","GAGCCAACAATTTGATTTTCCACAACTTACTGAATCTTTAAAACATTGTGAACAGGTATCTGACATTTTTTTATTATCTTTGGCTAGTTCCTTTTGAACACATTCCATAGTACTATCACCTGAACCTAAGTTATCAACAGAACATTTTAATAATATACTAAAAAATTTATTGCTAGGAGAAAGTTGTAAA","Pf3D7_13_v3-911757-912005-1A.1","65+9N159+8N",463,0.371291098636728,2
"IM-23-122-RMAM","8070933864","Maziba","Pf3D7_08_v3-1176313-1176549-1A","TACATCCAATGAATATTTTACACTTAAAAGAAATAAACAAATTATTCATAATAAAATACATATACTCTCTATGCAAAAAAATAAACAAAATACAAACGAGCTAAACAAATTATGTAATATTAACGCCATCATATTCAATATTAATTCTGATGATTTTGAGGTAGGCGATGAAATTGT","Pf3D7_08_v3-1176313-1176549-1A.5","67C74+9N111T136C",287,0.209031318281136,4
"IM-23-122-RMAM","8070933864","Maziba","Pf3D7_08_v3-1375025-1375284-1B","CAAGTTATTGTTAAATTCGGAGTTATTCTATAAAAATGAAAAATCATTTAAAAATGTAAAAATGTACATATATATATATATATATATATATAATATTATTATATGTATTTTTATAAGTAAGTGTTATATTTATTTATATTTGCAATTAAAATACTTACGTTATCTAACAAAAGTACGGAAGCAAAA","Pf3D7_08_v3-1375025-1375284-1B.7","10G17T22G33D=TA39+8N58+8N66G67+53N132G134A136G139T151A168A195A",5,0.714285714285714,3
"IM-23-122-RMAM","8070933864","Maziba","Pf3D7_08_v3-1176313-1176549-1A","TACATCCAATGAATATTTTACACTTAAAAGAAATAAACAAATTATTCATAATAAAATACATATACTCTCTATGCAAAAAAATAAACAAAATACAAACGAGCTAAACAAATCATGTAATATTAACGCCATCATATTTAATATTAATTCTGATGATTTTGAGGTAGGCGATGAAATTGT","Pf3D7_08_v3-1176313-1176549-1A.4","67C74+9N",909,0.662053896576839,4
"IM-23-122-RMAM","8070933864","Maziba","Pf3D7_14_v3-3214249-3214516-1A","TAAATAAAAAAGGATTAGATGATTTAATAAAAGATTTGTTAAAATATTTTCCAAAGAATTCAATTAGCGATCGTTTTGAATTGTTAGAATTTAAAATGACGGAGGATTGTTATACAAAAATGTGGTTTGATTTTATGAGTGATTTTGGAATAGCTACAATGAATGAAACCGAACATACTAGATCTTTTTATGGCTTAATCGAA","Pf3D7_14_v3-3214249-3214516-1A.1","5+8N194C",1159,0.996560619088564,2
"IM-23-122-RMAM","8070933864","Maziba","Pf3D7_05_v3-550803-551072-1A","ATATAATACACCTTTCTTATTTATATTAATCTTTTCATTTTTACAAGAAATCACCTCCCTACTTATTCGGTTGTCCTCATTTTCATATTTCATAACACCATCATTTATTTTTTCTATTTCTTTAATATTATTTTCTCCTTCGACGTAATTATGCTTTCCTATCATCTCCTTTGCTCTACTTCCTATATATACTAATTTCTCTCTGAA","Pf3D7_05_v3-550803-551072-1A.2","107+8N141C",239,0.64945652173913,2
"IM-23-122-RMAM","8070933864","Maziba","Pf3D7_05_v3-796518-796759-1A","TGGTTCTTCAATTGTTCATATAAGTTCTTTATTAGTAGGTGTATATTTATGTAGTAGTAGTGCAAATGCATTTAATCAAATTATTGAAAGAAATATAGATAAGTTAATGAAAAGAACCCAAAAAAGACCCTTAGCAAATAATAATCCAAATATGTCAGTTAAGCATGCTGAAATAT","Pf3D7_05_v3-796518-796759-1A.2","119+8N163G",7,0.00773480662983425,4
"IM-23-122-RMAM","8070933864","Maziba","Pf3D7_08_v3-1056678-1056903-1A","GTGTTAACGATAATTATAATGCAATAAGCACAACTAATTTTTCAGATGACATGGATGAATTGATAAAGAATCTTTCTATTATGGGTTTGTGTAAAGAGAAAATAGTGTTAACAGAAAAGGCAACAATATTTAATAACATTGAATTGTTGTATTCATATTATCTTATAGTTCAGA","Pf3D7_08_v3-1056678-1056903-1A.2","126A",372,0.149457613499397,3
"IM-23-122-RMAM","8070933864","Maziba","Pf3D7_08_v3-1056678-1056903-1A","GTGTTAAGGATAATTATAATGCAATAAGCACAACTAATTTTTCAGATGACATGGATGAATTGATAAAGAATCTTTCTATTATGGGTTTGTGTAAAGAGAAAATAGTGTTAACAGAAAAGGCAACAATATTTAATAACATTGAATTGTTGTATTCATATTATCTTATAGTTCAGA","Pf3D7_08_v3-1056678-1056903-1A.4","8G126A",49,0.0196866211329851,3
"IM-23-122-RMAM","8070933864","Maziba","Pf3D7_05_v3-796518-796759-1A","TGGTTCTTCAATTGTTCATATAAGTTCTTTATTAGTAGGTGTATATTTATGTAGTAGTAGTGCAAATGCATTTAATCAAATTATTGAAAGAAATATAGATAAGTTAATGAAAAGAACCCAAAAAAGACCCTTAGCAAATAATAATCCAAATATGTCAGTTAAACATGCTGAAATAT","Pf3D7_05_v3-796518-796759-1A.4","119+8N",9,0.00994475138121547,4
"IM-23-122-RMAM","8070933864","Maziba","Pf3D7_13_v3-852647-852921-1A","TACGAAATGATGAATTAAAAGAATTAACATTTATGAAAAATAAAGAAAATAGGAATGCAGATACATATGTTTTTCATTATCCTAAAAAAGAGAAATATGACCAATTAGTTTTTGAATTACGTAAACATAATTTTAATATAACAAGCATTAATACATATAAAAAACTAACAAATGAAACATCATCACAAAAAGAAGAAAATGCTTCTATAATAAGTT","Pf3D7_13_v3-852647-852921-1A.3","75C83+8N149T158+8N",124,0.33879781420765,4
"IM-23-122-RMAM","8070933864","Maziba","Pf3D7_11_v3-1902041-1902278-2","ATGAAACAAAATGTCCACCTAGATACCCTTTAAAATCAAAAGTTTTTGGAACCTTTGACCAAAAAACAGGAAAATGTAAAAGTCTCATGGACAAAGCATATGAAGTTGGAATTAATAAATTTTCAGTCTGTTTAGAATATTTATTTTTAGTATCACCTAAGGATTTATATAATAGCAGAAG","Pf3D7_11_v3-1902041-1902278-2.2","60+8N177A",1667,0.630007558578987,2
"IM-23-122-RMAM","8070933864","Maziba","Pf3D7_14_v3-3125801-3126073-1A","ATTCTTATAATATTTAAGAATGAAGGGATTAAATATTTACATTTTAGCGAGGATACTCTGAAATATGTTAATTTTAATTATCCTGATTTTAACTTATATAAATGTATGAATTTATATAAGAAAAATTATGTTGATAGGGATGAGAAAGATATCTGTGATTTTTCAAATGAAGATATTCCGTTAATAAAAGAAAATAACAAGAGAATCAG","Pf3D7_14_v3-3125801-3126073-1A.3","175A",151,0.629166666666667,2
"IM-23-122-RMAM","8070933864","Maziba","Pf3D7_14_v3-2858894-2859160-1A","ATAGATTTTAATGACATAAAAAACACAACAAATGAGTATAATAATTTTGAGGAACATAATTATCAAGATGATAAATTTATATTTAATAAAGATATACATAATATTCTTTTAGAATTAAAGGAATCATTAAATGACATATCACGTGGAAGACTAAATACATTGATAAGAGATAATAAAATAAGTAGTTATATAATATATCA","Pf3D7_14_v3-2858894-2859160-1A.2","15C17+8N28A188A",12,0.0225988700564972,2
"IM-23-122-RMAM","8070933864","Maziba","Pf3D7_14_v3-3124416-3124655-1A","TAATTGATCTTCTAGAGGAATTAGATATTTTGTCTATATCGAATAAAGATGAAGTAGAAAAACGAAGAAAGAAAACAACTCAAGAGACGCGGTTGTTAGGAAATATTGATTTAGGATATGGAAAATTAGGAGAGGGAATAAAGCATGAAAATTTACAGGAAGAATTAGGAAACAGATTATTTG","Pf3D7_14_v3-3124416-3124655-1A.5","72A",13,0.00673575129533679,4
"IM-23-122-RMAM","8070933864","Maziba","Pf3D7_04_v3-141741-141990-1A","TGAATACCATATAGCCCTTTCAAATTATATAAAGACAGAACTAAGAAATATAAACCTGCAAGAAATAAAAAACAATATAATAAAAATATTTAAAGAATTCGAATCTGCACACAAAGAAATTAAAAAAGAATCAGAACAAATTAATAAAGAATTTACCAAAATGGATGTCGTCATAAATCAATTAAGAGATATAG","Pf3D7_04_v3-141741-141990-1A.8","66+8N101G121+8N",13,0.00952380952380952,3
"IM-23-122-RMAM","8070933864","Maziba","Pf3D7_08_v3-1375205-1375450-2","ACAAAAGTACGGAGGCAAAAACGGCAGCGGATAATACTTTATTTTTTGAGAAGGAAACCATTTTTATTAAATAACTATATAAATAGAAAAAGAAATAATAACAAAAATGTATAAATATAATTGTATAATATATGATATATATAAAATATAGAATACTAATTTTTTGCATATACAAAAAA","Pf3D7_08_v3-1375205-1375450-2.1","41+8N159+8N173+7N",241,1,1
"IM-23-122-RMAM","8070933864","Maziba","Pf3D7_08_v3-1056678-1056903-1A","GTGTTAACGATAATTATAATGCAATAAGCACAACTAATTTTTCAGATGACATGGATGAATTGATAAAGAATCTTTCTATTATGGGTTTGTGTAAAGAGAAAATAGTGTTAACAGAAAAGGCAACACTATTTAATAACATTGAATTGTTGTATTCATATTATCTTATAGTTCAGA","Pf3D7_08_v3-1056678-1056903-1A.1",".",2068,0.830855765367618,3
"IM-23-122-RMAM","8070933864","Maziba","Pf3D7_14_v3-2004362-2004606-1A","TATTTCCATATTATTGTAATAGGGCTTTTTCTTGCTCTTCTAATTTTTGTATATCTTGCTTATCCTTATCTAATTGTCCAAGAGCAGATAATTCATCATCTACATTTATTTTATTTTCTTGAGAATATTCTTCAATTTTGTCTTCGAAACTGTTATATAATCTATTTATAATTGGTTG","Pf3D7_14_v3-2004362-2004606-1A.11","87G88A98A",271,0.606263982102908,3
"IM-23-122-RMAM","8070933864","Maziba","Pf3D7_14_v3-2004362-2004606-1A","TATTTCCATATTATTGTAATAGGGCTTTTTCTTGCTCTTCTAATTTTTGTATATCTTGCTTATCCTTATCTAATTGTCCAAGAGCATCTAATTCATCATCTACATTTATTTTATTTTCTTGAGAATATTCTTCAATTTTGTCTTCGAAACTGTTATATAATCTATTTATAATTGGTTG","Pf3D7_14_v3-2004362-2004606-1A.4","88C98A",4,0.00894854586129754,3
"IM-23-122-RMAM","8070933864","Maziba","Pf3D7_14_v3-2004362-2004606-1A","TATTTCCATATTATTGTAATAGGGCTTTTTCTTGCTCTTCTAATTTTTGTATATCTTGCTTATCCTTATCTAATTGTCCAAGAGCATTTAATTCATCTTCTACATTTATTTTATTTTCTTGAGAATATTCTTCAATTTTGTCTTCGAAACTGTTATATAATCTATTTATAATTGGTTG","Pf3D7_14_v3-2004362-2004606-1A.1",".",172,0.384787472035794,3
"IM-23-122-RMAM","8070933864","Maziba","Pf3D7_08_v3-1176313-1176549-1A","TACATCCAATGAATATTTTACACTTAAAAGAAATAAACAAATTATTCATAATAAAATACATATACTTTCTATGCAAAAAAATAAACAAAATACAAACGAGCTAAACAAATTATGTAATATTAACGCCATCATATTCAATATTAATTCTGATGATTTTGAGGTAGGCGATGAAATTGT","Pf3D7_08_v3-1176313-1176549-1A.1","74+9N111T136C",171,0.124544792425346,4
"IM-23-122-RMAM","8070933864","Maziba","Pf3D7_07_v3-105172-105442-1A","GACTACTAACAGAGTGACTACCTACGCTATGTTGAGATGAATTCCTTCCATCTGAATTACTTCCAGATAGGTGATTTTCTGTACTTCCATCTGAATTGTTTTTATATAATTGACTTTCCTTTTGTCCATCTAAATTATGCACTGCACTATGAGTTCCTTCACCCAAATTATTACTGTTTGTTGTATCATCATTTAAATCAAATCCATTTCTT","Pf3D7_07_v3-105172-105442-1A.1",".",294,0.626865671641791,3
"IM-23-122-RMAM","8070933864","Maziba","Pf3D7_14_v3-2858894-2859160-1A","ATAGATTTTAATGACATAAAAAACACAACAAATGAGTATAATAATTTTGAGGAACATAATTATCAAGATGATAAATTTATATTTAATAAAGATATACATAATATTCTTTTAGAATTAAAGGAATCATTAAATGACATATCACGTGGAAGACTAAATACATTGATAAGAGATAATAAAATAAGTAGTTGTATAATATATCA","Pf3D7_14_v3-2858894-2859160-1A.1","15C17+8N28A",519,0.977401129943503,2
"IM-23-122-RMAM","8070933864","Maziba","Pf3D7_05_v3-395887-396136-1A","TCTAAGGATTGTTGGTTTTTTAGGATGCTCATCTTTTTAAGATAATCCTCTTTACTGTCGTTATTATTTAAATCGTTTTGTATAATATTATATTGTGAATTCCTTGTGTTTTTCATAACACTATTAGTCCTATTGGTGTTCTTCTTATTATTATTATTATTATTGTTCTTCTTCTTAATAAA","Pf3D7_05_v3-395887-396136-1A.5","15+8N119C145+20N",334,0.802884615384615,2
"IM-23-122-RMAM","8070933864","Maziba","Pf3D7_14_v3-279563-279833-1A","CATTTTTCTTTTAAATGAGAGCAATATATTTCTTAGGTTTATTCCGGATAAATGTTTAGTTATTAGCCAGGTGAGTTATAGTGATTCATATAAGGTAAATTGTATTAATTTCTCTGAAGGATTTTGTTGCTGTCATCCAATAAATAATTTAGCACTATTATATGGAGAGTATCAACAAAATCAAGAATCAAAAATTATGAAATTACCG","Pf3D7_14_v3-279563-279833-1A.2","77T",165,0.369127516778524,2
"IM-23-122-RMAM","8070933864","Maziba","PmUG01_12_v1-1397996-1398245-1AB","CAACATATGGTGAAGCATGTAAGTTAACAATTTCCAGTGCTGTATTTACAGTCCTATCAAATATGGCATCCAATTCAGCATCGGTAATTTTTTTATTATTAATAAATTCTTGTAATGGAATACCACCAACAGTTATGTATCTTTTCAAAGGAACCATTTTATTACCATGTGCAGCAACAATAAGTGCATTT","PmUG01_12_v1-1397996-1398245-1AB.1","87+9N",1646,1,1
"IM-23-122-RMAM","8070933864","Maziba","Pf3D7_14_v3-298368-298636-1B","ACGATTTAATGTGGCAAGTTGATTTAGATGTACATTTTGGTAATGTATCTTCCAAAAAAGCAAACGTTATTTTAGATAGTGCCACCAGTGTCATAACTGTACCAACAGAATTTTTTAATCAATTCGTAGAATCTGCAAGTGTTTTCAAAGTTCCATTCTTATCTTTGTATGTAACCACTTGTGGTAACACGAAATTACCAA","Pf3D7_14_v3-298368-298636-1B.1","53+8N110+8N",339,1,1
"IM-23-122-RMAM","8070933864","Maziba","Pf3D7_14_v3-3124416-3124655-1A","TAATTGATCTTCTAGAGGAATTAGATATTTTGTCTATATCGAATAAAGATGAAGTAGAAAAACGAAGAAAGGAAACAACTCAAGAGACGCGGTTGTTAGGAAATATTGATTTAGGATATGGAAAATTAGGAGAGGGAATAAAGTATGAAAATTTACAGGAAGAATTAGGAAACAGATTATTTG","Pf3D7_14_v3-3124416-3124655-1A.21","144T",1,0.000518134715025907,4
"IM-23-122-RMAM","8070933864","Maziba","Pf3D7_11_v3-1968050-1968296-2","TCATTACACTAGTCATGATTGGTTTAGATTATTACGCCAAGGGAATAAAGCTCAAAATTCCATTTCTCAGGAAGTAGACATATTAACGGAAAAGTATAAAAAATTAATTTCAGAGGAAGACAATAAAAAAGAAAATAACAATAATAATGATGATGAAGTAAAACCAGAACTAAAAGACAATATA","Pf3D7_11_v3-1968050-1968296-2.2","97+8N124+8N",72,0.034816247582205,4
"IM-23-122-RMAM","8070933864","Maziba","Pf3D7_08_v3-1176313-1176549-1A","TACATCCAATGAATATTTTACACTTAAAAGAAATAAACAAATTATTCATAATAAAATACATATACTTTCTATGCAAAAAAATAAACAAAATACAAACGAGCTAAACAAATCATGTAATATTAACGCCATCATATTTAATATTAATTCTGATGATTTTGAGGTAGGCGATGAAATTGT","Pf3D7_08_v3-1176313-1176549-1A.3","74+9N",6,0.00436999271667881,4
"IM-23-122-RMAM","8070933864","Maziba","Pf3D7_05_v3-350808-351052-1A","TAATATAATTTGAGTTGATAATATTATAATTATTTTTTATATGTTGCTCATTTATATTATTATGATAAATATGAGTTGTATTTTTATTAGAATTGTAGGACATTTTCCCATACATGAGTTGTTTTACATTTTTAACATTTTTATAATTATGTATTAAACATAAGATTATTAGATAAA","Pf3D7_05_v3-350808-351052-1A.6","32+8N92A",167,0.184326710816777,3
"IM-23-122-RMAM","8070933864","Maziba","Pf3D7_05_v3-796518-796759-1A","TGGTTCTTCAATTATTCATATAAGTTCTTTATTAGTAGGTGTATATTTATGTAGTAGTAGTGCAAATGCATTTAATCAAATTATTGAAAGAAATATAGATAAGTTAATGAAAAGAACCCAAAAAAGACCCTTAGCAAATAATAATCCAAATATGTCAGTTAAACATGCTGAAATAT","Pf3D7_05_v3-796518-796759-1A.1","14A119+8N",305,0.337016574585635,4
"IM-23-122-RMAM","8070933864","Maziba","Pf3D7_08_v3-399693-399961-1A","CTTTTCTTCACCTTGGTTTATTACATTATTATTTTCATCATTGTGTTGAATGTCCTTATAAATATGTTCATTAATAATATCTTTGGAAGTATCTTCCATATTTTCTTCTTTATCAATTTTAAATACTTTTTCATAACTTTCATTTTCTTTTTTCTCCTTGGATGTTTCTAATTTATTCTCGTCATTTTTATCAAAATTATTTTTATAACTTTCA","Pf3D7_08_v3-399693-399961-1A.1","147+8N",271,0.335811648079306,2
"IM-23-122-RMAM","8070933864","Maziba","Pf3D7_08_v3-399693-399961-1A","CTTTTCTTCACCTTGGTTTATTACATTATTATTTTCATCATTGTGTTGAATGTCTTTATAAATATGTTCATTAATAATATCTTTGGAAGTATCTTCCATATTTTCTTCTTTATCAATTTTAAATACTTTTTCATAACTTTCATTTTCTTTTTTCTCCTTGGATGTTTCTAATTTATTCTCGTCATTTTTATCAAAATTATTTTTATAACTTTCA","Pf3D7_08_v3-399693-399961-1A.2","55T147+8N",536,0.664188351920694,2
"IM-23-122-RMAM","8070933864","Maziba","Pf3D7_14_v3-2020604-2020849-1A","CAAGAACATGAATATTTCTGTAAATACATAGACAAGTCCTCATTATGTCTTATCACAGGGTGCTCTTCTTTAATATGACAATATAATTTTATATGTTTTATTATTTCTTGATGAATTTCACATAATAAAAATAATGTGTGATTCATATGTTGACTACCCAATATAGAAAAGCCACTAACTAATTG","Pf3D7_14_v3-2020604-2020849-1A.1","65+8N",567,0.629300776914539,3
"IM-23-122-RMAM","8070933864","Maziba","Pf3D7_07_v3-1043981-1044225-1A","ATAATGATATGTTATTTCATCATCAGCATCGACTTCTTTCTTATTATGTTCAAACAAATTCTTATATTTTATATTATTGCATTTTTGTCTTTCCATATTTATAAAAGATTCTATTTTCTTTTTATAATCATTCCTTTTTATATAATTACACATTCCTTCATTTTGGTTGTCATAACTCTTCT","Pf3D7_07_v3-1043981-1044225-1A.2","36+8N",20,0.0177304964539007,2
"IM-23-122-RMAM","8070933864","Maziba","Pf3D7_07_v3-1043981-1044225-1A","ATAATGATATGTTATTTCATCATCAGCATCGACTTCTTTTTTATTATGTTCAAACAAATTCTTATATTTTATATTATTGCATTTTTGTCTTTCCATATTTATAAAAGATTCTATTTTCTTTTTATAATCATTCCTTTTTATATAATTACACATTCCTTCATTTTGGTTGTCATAACTCTTCT","Pf3D7_07_v3-1043981-1044225-1A.1","36+8N",1108,0.982269503546099,2
"IM-23-122-RMAM","8070933864","Maziba","Pf3D7_06_v3-145285-145531-1A","TCAACAAAAGCTGATGAATCATCATAATTTGAATAAAATTTATCATTCACAATATTATATTTTTGTTTCTTCTTTTTTCCCATAATATTATTATTTTGTTCACAATATATGTTCATGTGTCCCCTCTTTTTCTGTAAAATATTAAAATGTTTCTTACTATGCTTTTCTTCATTTTTAATAACA","Pf3D7_06_v3-145285-145531-1A.1","72+8N165T",1078,0.604260089686099,2
"IM-23-122-RMAM","8070933864","Maziba","Pf3D7_08_v3-1313088-1313338-1A","TGAGAGACATAGATATATGATAGAAAAATGGAAAAAAGAAGATTGGTTTTGTGATTTAAAAGAAACGTTGAAAAATGAATTTGAAGAACAGATGGATATAGGAAAAGTATCTTTTTTATATGAAAATAATAGAGAGTATGGAAAAAATTTTTATTTGGAAAAGCAAAAAATTATATGGAAAAGATGG","Pf3D7_08_v3-1313088-1313338-1A.1","31+8N111+8N141+8N164+8N",530,0.822981366459627,2
"IM-23-122-RMAM","8070933864","Maziba","Pf3D7_08_v3-1386795-1387043-1B","TCCTTTGTCGCAGCATGCCTTTCATTAGCTGCTATAGCTTGTGTTATCTTAACTTCATTATAAAAAAAATATACTTCGATAAAAGGTACATATACCATGCTGGTCAATGATATTAGCATGCGACATTCTAATATATCCATTATGAACAAGGTGAACAAGAATATTGGGATTATTGAAATTGTCTGCATTA","Pf3D7_08_v3-1386795-1387043-1B.1","61+10N",472,1,1
"IM-23-122-RMAM","8070933864","Maziba","Pf3D7_11_v3-1376058-1376305-1A","TTTCTGGCTCGATATAATCCATTTCAATATTTATATTAGATATGAAACATCTATCTTCAATAGGTGAATTTGCTGCAAATTGAGCCATAGAAAAATGATTCTCATTCCTTTGAAAATATGAACTATTCAACTCATCAAGGTTTTCATATGTTATTTCATAAGTGCCATCATCTGAATCCTCTTCATCA","Pf3D7_11_v3-1376058-1376305-1A.4","140G162G",333,0.386759581881533,2
"IM-23-122-RMAM","8070933864","Maziba","Pf3D7_05_v3-796518-796759-1A","TGGTTCTTCAATTATTCATATAAGTTCTTTATTAGTAGGTGTATATTTATGTAGTAGTAGTGCAAATGCATTTAATCAAATTATTGAAAGAAATATAGATAAGTTAATGAAAAGAACCCAAAAAAGACCCTTAGCAAATAATAATCCAAATATGTCAGTTAAGCATGCTGAAATAT","Pf3D7_05_v3-796518-796759-1A.3","14A119+8N163G",584,0.645303867403315,4
"IM-23-122-RMAM","8070933864","Maziba","Pf3D7_14_v3-3125801-3126073-1A","ATTCTTATAATATTTAAGAATGAAGGGATTAAATATTTACATTTTAGCGACGATACTCTGAAATATGTTAATTTTAATTATCCTGATTTTAACTTATATAAATGTATGAATTTATATAAGAAAAATTATGTTGATAGGGATGAGAAAGATATCTGTGATTTTTCAAATGAAGATTTTCCGTTAATAAAAGAAAATAACAAGAGAATCAG","Pf3D7_14_v3-3125801-3126073-1A.1","51C",89,0.370833333333333,2
"IM-23-122-RMAM","8070933864","Maziba","Pf3D7_05_v3-668763-669004-1A","TAATATTATCTGGCTCTGTAACCATGTCCGAACATATGTTAACAGGAGAATCTGTTCCTATACATAAAGAGCGGTTACCTTTTGAAGGAAATGCTATTATAAATAAAAATAATAAATATGACAGTAACGATGAAAAGGATGATTACCTTCGTATTTATAATAATCATGCTAGTATTAATATGATCAAGCG","Pf3D7_05_v3-668763-669004-1A.2","73G122C",859,0.782331511839709,3
"IM-23-122-RMAM","8070933864","Maziba","Pf3D7_14_v3-120101-120365-1A","TTTTACAACATTATTTTTTTCTTCCTCCTCAGATAAAATAGGTACACATATCGCGTCCTTATCACATCCTCCATTGTTTACCTTACAATGTTCTTCGCATTCGAAATTTTTTTCAGGATTACTTGAAAAGCCTTCTGGACAATTACAATATTCATATCCATGAACATTCTTACAAACACCTTTTCCACAATTTAAAA","Pf3D7_14_v3-120101-120365-1A.3","13+9N106+9N164A165C",130,0.32994923857868,2
"IM-23-122-RMAM","8070933864","Maziba","Pf3D7_14_v3-1992121-1992370-1A","ATTAAAACATTCCAACAATTTTATTTCCTTCTTTATAAAATTATATAAATTAATTATTTTCTTTTTATCACATTCAAAGACGGCATAAGGTGCACCCCATGAACATTTTTTACTTTTGCTACCATCAGGCATAATATAAACACCAGTACCATTTTTTTCTGATAAATTAATATTTTTTTGTATAACATCATA","Pf3D7_14_v3-1992121-1992370-1A.1","105+8N151+9N172+9N",246,0.984,2
"IM-23-122-RMAM","8070933864","Maziba","Pf3D7_05_v3-1188456-1188706-1A","CAAAATTTAAATCAATAGCGGTTACGTTCATAATTTTGCCTTCAAAACTAACTTCTGTATGATATATAAATTTATTTTCCTTTACACTAAATACATATATAAAAATGGTACTTAATAATTTATCTTTATCATATTTAAATAATATTAAATCTGTTTTTACATCTGAGTTATAATCACCGAAAT","Pf3D7_05_v3-1188456-1188706-1A.10","170A",13,0.00948212983223924,4
"IM-23-122-RMAM","8070933864","Maziba","Pf3D7_14_v3-2733345-2733593-1A","TCGATGTACATGCAGAAAAAATATTGGAACGTTTATTTGTAATTTATTTATGTGTATTAAAAGAATATGAAAAACATCCTCCTAAAATATTAAAATATTCATTACGTGCTATATCGAGATACTCGATGTATATAAATAAATTTATCATGGATGATATATTATTTGAAATTAAAAACCTTGCTGCA","Pf3D7_14_v3-2733345-2733593-1A.2","15+8N116G",313,0.298664122137405,2
"IM-23-122-RMAM","8070933864","Maziba","Pf3D7_14_v3-2733345-2733593-1A","TCGATGTACATGCAGAAAAAATATTGGAACGTTTATTTGTAATTTATTTATGTGTATTAAAAGAATATGAAAAACATCCTCCTAAAATATTAAAATATTCATTACGTGCTATATCTAGATACTCGATGTATATAAATAAATTTATCATGGATGATATATTATTTGAAATTAAAAACCTTGCTGCA","Pf3D7_14_v3-2733345-2733593-1A.1","15+8N",735,0.701335877862595,2
"IM-23-122-RMAM","8070933864","Maziba","Pf3D7_14_v3-279563-279833-1A","CATTTTTCTTTTAAATGAGAGCAATATATTTCTTAGGTTTATTCCGGATAAATGTTTAGTTATTAGCCAGGTGAGTAATAGTGATTCATATAAGGTAAATTGTATTAATTTCTCTGAAGGATTTTGTTGCTGTCATCCAATAAATAATTTAGCACTATTATATGGAGAGTATCAACAAAATCAAGAATCAAAAATTATGAAATTACCG","Pf3D7_14_v3-279563-279833-1A.1",".",282,0.630872483221476,2
"IM-23-122-RMAM","8070933864","Maziba","Pf3D7_11_v3-1006693-1006917-1A","GTGGGGGAGAGAATTTTACCTTGATATGCTCCCATGTTTTATCCTTTATACAATACATATAAGTGTCATTGGTAATATATGACCCTCTTTTACCTCCGTAAAGAAATAAACAATCTTCTTTTTTTTCAGTGGAGTAAATTAAATTTAATTTTGCAAAATAGCGTGG","Pf3D7_11_v3-1006693-1006917-1A.1","118+10N",22,0.0672782874617737,2
"IM-23-122-RMAM","8070933864","Maziba","Pf3D7_14_v3-921176-921432-1A","ACAATATTAATTTTTTAAGTTCATTATTTCAATTTTATATTTAGGAGGATCTATATCCATATATTATTCATTTTAAAAATATTAAAATAAATACATATATAAATATATAAACATATAAAAACAGTCTTTTAAAAATTAATAAGATTTATATAAAATATGGTTATAAATCCTATTTTGTATTATATTAAA","Pf3D7_14_v3-921176-921432-1A.5","15T186T",222,0.608219178082192,3
"IM-23-122-RMAM","8070933864","Maziba","Pf3D7_11_v3-1374917-1375148-1A","TTTTTAAATGAAAATCTCCAAAGCTTCTGGTTGGTTGTAATCTACCTTTAACATAACAATTATCATAATGATGTGATAAGAGATGAAAAGGTGTTTTACATAATTTATATGTATTATTATTATTAACAGTTTTATAATCTCGAGTACATATTTTACATACTAATATA","Pf3D7_11_v3-1374917-1375148-1A.4","106T112+14N",378,0.359315589353612,2
"IM-23-122-RMAM","8070933864","Maziba","Pf3D7_14_v3-2695837-2696082-1A","CGTTTTGTATCATATTATTAGATATAGTTATTTTATTATTATTTTCTACATTGTTATTCAATATATTACATCCTGTTATGGAATTATTGTTAAAATATAAATTATTCGAATTGTTATTATTAAATTCTAATCCACTAACTGCTGTTGTATATAATGATGATGAGTTATTATTATAGAAATC","Pf3D7_14_v3-2695837-2696082-1A.1","28+16N",215,0.32089552238806,3
"IM-23-122-RMAM","8070933864","Maziba","Pf3D7_05_v3-668763-669004-1A","TAATATTATCTGGCTCTGTAACCATGTCCGAACATATGTTAACAGGAGAATCTGTTCCTATACATAAAGAGCAGTTACCTTTTGAAGGAAATGCTATTATAAATAAAAATAATAAATATGAGAGTAACGATGAAAAGGATGATTACCTTCGTATTTATAATAATCATGCTAGTATTAATATGATCAAGCG","Pf3D7_05_v3-668763-669004-1A.7",".",19,0.017304189435337,3
"IM-23-122-RMAM","8070933864","Maziba","Pf3D7_11_v3-1816152-1816378-1A","TTGGGTAGATATCGTTATAAGGGCTATAATGTATTGACTTCTCCGGGTTGGTTACATTATCATTACAACCAATATTATTAAGGTTAATATTATTTTTATCATTATTATTGTTGTTTTCATTTGTGTGGTTATATAATAACAATGATGTGTCGTCTATTGGATCATT","Pf3D7_11_v3-1816152-1816378-1A.2","90T",29,0.0163472378804961,3
"IM-23-122-RMAM","8070933864","Maziba","Pf3D7_05_v3-350808-351052-1A","TAATATAATTTGAGTTGATAATATTATAATTATTTTTTATATGTTGCTCATTTATATTATTATGATAAATATGAGTTGTATTTTTATTAGAATTGTAGGACATTTTCCCATACATGAGTTGTTTTACATTTTTAACATTTTTATAATTATGTATTAAACATAAAATTATTAGATAAA","Pf3D7_05_v3-350808-351052-1A.7","32+8N92A164A",562,0.620309050772627,3
"IM-23-122-RMAM","8070933864","Maziba","Pf3D7_08_v3-1375025-1375284-1B","CAAGTTATTATTAAATGCGGAATTATTCTATATAAAAATAAAAAAGCATTTAAAAATGAAAAAATTTATATATATACAATATATAAATATATATATATATATATATATATATATATATTATTATTATATGTATTTTTATAATTGAATGATATATTTATTTCTATTTGCAATTAAAATGCTTACGTTATCTAACAAAAGTACGGAGGCAAAA","Pf3D7_08_v3-1375025-1375284-1B.6","39+8N58+8N67+53N",1,0.142857142857143,3
"IM-23-122-RMAM","8070933864","Maziba","Pf3D7_13_v3-388138-388408-1A","ATATATCTTTATTCATATGTTCTATATATTGTCTTTGTCTCTTTTCCTTTCTCATATCAGATATTATTGAATAATTTCCTTTATCACATACATATCTAGGATTATGTGATAATTCATAAGCTGCTCTTTTTAAAACTCTATTCTTTTCTTTAAAACTATTAAATTTTATATTATTGTTCATATTAGATGTGTTCCTTTTAATAATA","Pf3D7_13_v3-388138-388408-1A.1","194C",784,1,1
"IM-23-122-RMAM","8070933864","Maziba","Pf3D7_11_v3-1816152-1816378-1A","TTGGGTAGATATCGTTATAAGGGCTATAATGTATTGACTTCTCCGGGTTGGTTACATTATCATTACAACCAATATTATTAAGGTTCATATTATTTTTATCATTATTATTGTTGTTTTCATTTGTGTGGTTATATAATAACAATGATGTGTCGTCTATTGGATCATT","Pf3D7_11_v3-1816152-1816378-1A.3","86C90T",1727,0.973506200676437,3
"IM-23-122-RMAM","8070933864","Maziba","Pf3D7_11_v3-1816152-1816378-1A","TTGGGTAGATATCGTTATAAGGGCTATAATGTATTGACTTCTCCGGGTTTGTTACATTATCATTACAACCAATATTATTAAGGTTAATATTATTTTTATCATTATTATTGTTGTTTTCATTTGTGTGGTTATATAATAACAATGATGTGTCGTCTATTGGATCATT","Pf3D7_11_v3-1816152-1816378-1A.1","50T90T",18,0.0101465614430665,3
"IM-23-122-RMAM","8070933864","Maziba","Pf3D7_13_v3-479569-479811-1A","CTAGAGACGAATTTGATGATAAAAGAAAATTAAAAGAAGAGAAAATTAAACAATGCCAACTATTAAATGAAAAACAACTAGAAGAAAAAGAAAAAGAAAAAAGAATTCTGAGAGAAAAAGCTGTTGAATATACCTTACAAAATGAAGAAGAATATAAACAACTAAAAGGAAAATT","Pf3D7_13_v3-479569-479811-1A.3","96+8N168G",18,0.0188284518828452,3
"IM-23-122-RMAM","8070933864","Maziba","Pf3D7_11_v3-1902041-1902278-2","ATGAAACAAAATGTCCACCTAGATACCCTTTAAAATCAAAAGTTTTTGGAACCTTTGACCAAAAAACAGGAAAATGTAAAAGTCTCATGGACAAAGCATATGAAGTTGGAATTAATAAATTTTCAGTCTGTTTAGAATATTTATTTTTAGTATCACCTAAGGATTTATATAATAGCGGAAG","Pf3D7_11_v3-1902041-1902278-2.1","60+8N",979,0.369992441421013,2
"IM-23-122-RMAM","8070933864","Maziba","Pf3D7_14_v3-921176-921432-1A","ACAATATTAATTTTATAAGTTCATTATTTCAATTTTATATTTAGGAGGATCTATATCCATATATTATTCATTTTAAAAATATTAAAATAAATACATATATAAATATATAAACATATAAATACAGTCTTTTAAAAATTAATAAGATTTATATAAAATATGGTTATAAATCCTATTTTGTATTATATTAAA","Pf3D7_14_v3-921176-921432-1A.8","120T186T",136,0.372602739726027,3
"IM-23-122-RMAM","8070933864","Maziba","Pf3D7_11_v3-1018781-1019053-1A","TTTTTGATTCATATCATTATCATAATTATATATATATTGATCTCTGTCTATATGGGGAGCAAAAAAATATAAAGGATGTTGTGTCAAGGCTAATAATAATTCTGTAGCTATACTACTACTTATGTTACTTATACCACATCTAGTGACTGTGCATTTTTCATCTAATGTTCTATAGGATAAAGAATCTGAAGGACAATGCATATCAT","Pf3D7_11_v3-1018781-1019053-1A.1","60+9N85C151G",56,0.378378378378378,2
"IM-23-122-RMAM","8070933864","Maziba","Pf3D7_04_v3-316593-316858-1A","TTATTCATTTTTTCTATATTATCCTTTTCTACATCATCAAAATTTGTTAATGATTCACACGTTATATTTGGTGATATTATATTTCTACCTGTACATACACCAATATTTGTTGTACCTATTATTTTATACCCTTCTTGACATTTAAATTCTATTTTTTCACCAAGTAAATAATATTTTTTATCAGGGATAAGGGAAACATA","Pf3D7_04_v3-316593-316858-1A.2","7+8N151+8N173+8N",260,0.37037037037037,2
"IM-23-122-RMAM","8070933864","Maziba","Pf3D7_11_v3-1376058-1376305-1A","TTTCTGGCTCGATATAATCCATTTCAATATTTATATTAGATATGAAACATCTATCTTCAATAGGTGAATTTGCTGCAAATTGAGCCATAGAAAAATGATTCTCATTCCTTTGAAAATATGAACTATTCAACTCATCAAGGTTTTCATATGTTATTTCATAACTGCCATCATCTGAATCCTCTTCATCA","Pf3D7_11_v3-1376058-1376305-1A.1","140G",528,0.613240418118467,2
"IM-23-122-RMAM","8070933864","Maziba","Pf3D7_14_v3-2695837-2696082-1A","CGTTCTGTATCATATTATTAGATATAGTTATTTTATTATTATTTTCTACATTATTATTCAATATATTACATCCTGTTATGGAATTATTGTTAAAATATAAATTATTCGAATTGTTATTATTAAATTCTAATCCACTAACTGCTGTTGTATATAATGATGATGAGTTATTATTATAGAAATC","Pf3D7_14_v3-2695837-2696082-1A.3","5C28+16N53A",6,0.00895522388059702,3
"IM-23-122-RMAM","8070933864","Maziba","Pf3D7_14_v3-2695837-2696082-1A","CGTTTTGTATCATATTATTAGATATAGTTATTTTATTATTATTTTCTACATTATTATTCAATATATTACATCCTGTTATGGAATTATTGTTAAAATATAAATTATTCGAATTGTTATTATTAAATTCTAATCCACTAACTGCTGTTGTATATAATGATGATGAGTTATTATTATAGAAATC","Pf3D7_14_v3-2695837-2696082-1A.2","28+16N53A",449,0.670149253731343,3
"IM-23-122-RMAM","8070933864","Maziba","Pf3D7_13_v3-2816310-2816554-1B","CAAATACTTTTCAATATAGGTCTAGTGAAAGTGTGGAAGTAATAACTAATAAACCTGATGAAATGGAAATTACAACTAAACCACCATCACAATACATTGAAAAGGAAATTGGAGAAATTGATTCTACAAAAAATCAAGATAATGATGAACAAAGCAATTCTATAATTCCTTTAATTAATAAAAATAATGAA","Pf3D7_13_v3-2816310-2816554-1B.3","71T127+8N",4,0.004149377593361,2
"IM-23-122-RMAM","8070933864","Maziba","Pf3D7_13_v3-2840462-2840736-1B","AATAAACACATATGTTTATTAATAAAATTGTTAGTTATTTTTATGTATACATAATAAATTAAAGATACTAAAACAATATTTTTAAATGTAAATAAATGAATAATGATATTATTTATATGATTCATCATTCTATATTTACATGGAAGATTAAAAAATTATATATATATATATATGGTAATTTCTGTGTTTATGTTTTTATTTTTATAATA","Pf3D7_13_v3-2840462-2840736-1B.4","149+23N",12,1,1
"IM-23-122-RMAM","8070933864","Maziba","Pf3D7_08_v3-1314717-1314986-1A","ATAAAAAAGAAAAAATTATTGTCAAAAGTTTTCATAGATATATATATGATGGTATTAGAAGATTTTAAAGAAGAAGAATGTAAAAAGAATAAAGAAATATTTCTTGATACTTATATAGATGAACTAAAAAAAGATTCGCAAAGTGAAAAAAATAAAAGCATGTTAAATATATTAGATGAAATAAAAAGTGATATTCATATAGGATATC","Pf3D7_08_v3-1314717-1314986-1A.3","2+15N125+9N145+9N",206,0.861924686192469,4
"IM-23-122-RMAM","8070933864","Maziba","Pf3D7_14_v3-120101-120365-1A","TTTTACAACATTATTTTTTTCTTCCTCCTCAGATAAAATAGGTACACATATCGCGTCCTTATCACATCCTCCATTGTTTACCTTACAATGTTCTTCGCATTCGAAATTTTTTTCAGGATTACTTGAAAAGCCTTCTGGACAATTACAATATTCATATCCATGAGTATTCTTACAAACACCTTTTCCACAATTTAAAA","Pf3D7_14_v3-120101-120365-1A.2","13+9N106+9N",264,0.67005076142132,2
"IM-23-122-RMAM","8070933864","Maziba","Pf3D7_14_v3-1956056-1956330-1B","CTAATTTTTTTTCTCCACTTTGTAATTTTTATTGTTGAATATATATATAAAGTTAAACCTATAAATAATACACTACCTAATAAACTATTCTTATATTTAAAAATAAATATAACACATGTTATTAATCCTTCTATTGTTGCCGGAATAATATACATTAAAACAGAACTCATCAAATTATTAGCACTCTCGGTACCTCTATCAACTATTCTCA","Pf3D7_14_v3-1956056-1956330-1B.1","4+10N113C",416,1,1
"IM-23-122-RMAM","8070933864","Maziba","Pf3D7_05_v3-1188456-1188706-1A","CAAAATTTAAATCAATAGCGGTTACGTTCATAATTTTGCCTTCAAAACTAACTTCTGTATGATATATAAATTTATTTTCCTTTACACTAAATACATATATAAAAATGGTACTTAATAATTTATCTTTATCATATTTAAATAATATTAAATCTGTTTTTACATCTGAGTTGTAATCACCGAAAT","Pf3D7_05_v3-1188456-1188706-1A.1",".",544,0.396790663749088,4
"IM-23-122-RMAM","8070933864","Maziba","Pf3D7_14_v3-2020604-2020849-1A","CAAGAACATGAATATTTCTGTAAATACATAGACAAGTCCTCATTATGTCTTATCACAGGGTGCTCTTTTTTAATATGACAATATAATTTTATATGTTTTATTATTTCTTGATGAATTTCACATAATAAAAATAATGTGTGATTCATATGTTGACTACTCAATATAGAAAAGCCACTAACTAATTG","Pf3D7_14_v3-2020604-2020849-1A.5","65+8N158T",7,0.00776914539400666,3
"IM-23-122-RMAM","8070933864","Maziba","Pf3D7_11_v3-1934962-1935236-1A","TGATGTGCCAATATTAAGGATACATTTTCTAAAGCTTCTATCAGATAATGAAAATTTTTTCTGCGATTTTCATTTAAATCATTAAATATATTGGTTAGTTCTTGTATTGACGTTTTTGGATCTAAGGATGTAATTTGTTCATTTAATTCTTCTGTATATTCTAGATTAAAGTTTAAATTATTAAAATAACCTTCAGCATTATTTTCATTTTT","Pf3D7_11_v3-1934962-1935236-1A.1","54+10N98G",141,1,1
"IM-23-122-RMAM","8070933864","Maziba","Pf3D7_08_v3-102277-102527-1A","TACCTTCATCTATTGAATTAATTTTCTCAAGTAACATATTTTTGTCTTGACTACTTTCATCTGTAAATGGAACGACTACTCTTTGCTTACCTGCAAAAAGGACAACTGACATATGAGCCTTATCCTTACTTACATTCGAATTAAAGACCATAGATTCTAAAAATGGTATAGTTCCTTTTAACCAATAATC","Pf3D7_08_v3-102277-102527-1A.4",".",453,0.369795918367347,4
"IM-23-122-RMAM","8070933864","Maziba","Pf3D7_11_v3-1374917-1375148-1A","TTTTTAAATGAAAATCTCCAAAGCTTCTGGTTGGTTGTAATCTACCTTTAACATAACAATTATCATAATGATGTGATAAGAGATGAAAAGGTGTTTTACATAATTCATATGTATTATTATTATTAACAGTTTTATAATCTCGAGTACATATTTTACATACTAATATA","Pf3D7_11_v3-1374917-1375148-1A.1","112+14N",674,0.640684410646388,2
"IM-23-122-RMAM","8070933864","Maziba","Pf3D7_08_v3-1386786-1387035-2","TTGTCTCCTTTGTCGCAGCATGCCTTTCATTAGCTGCTATAGCTTGTGTTATCTTAACTTCATTATAAAAAAAATATACTTCGATAAAAGGTACATATACCATGCTGGTCAATGATATTAGCATGCGACATTCTAATATATCCATTATGAACAAGGTGAACAAGAATATTGGGATTATTGAAATTGT","Pf3D7_08_v3-1386786-1387035-2.1","66+10N",760,1,1
"IM-23-122-RMAM","8070933864","Maziba","Pf3D7_12_v3-63081-63314-1A","TTTCCGTCATAATAGTTGCATACATTCTATTAAAAACTTTGGGTACTCCTAATATAATTTCACCTTTTGAATTACATATGTCTGTATTCAAAAATTTTATATCTCTACTCCATATATTTATCTTTACACCCAAAAACAAAGCAATGAAAAAAACAACCCTTTCATA","Pf3D7_12_v3-63081-63314-1A.1","146+9N",357,0.361702127659574,3
"IM-23-122-RMAM","8070933864","Maziba","Pf3D7_06_v3-851492-851765-1A","ACAATAGTACATTCTGCATTTACATCACAACCTCCATTATTTTTTGAACAGTTCATATCTTTCATAGGTATACATTTAAAATAATTTACACTCATATCAACTATATAATTAGGTCGGCATCTACATTGTTCTTTATCTTTTTCGACAATATAACAACGTGAATTGGGTCCACATTTGGAATATTCACAAATATAATTTACTTTAAATATAACAAAATTTTTCA","Pf3D7_06_v3-851492-851765-1A.4","39+8N220T",9,0.0113924050632911,4
"IM-23-122-RMAM","8070933864","Maziba","Pf3D7_08_v3-1314717-1314986-1A","ATAAAAAAGAAAAAATTATTGTCAAAAGTTTTCATAGATATATATATGATGGTATTAGAAGATTTTAAAGAAGAAGAATGTAAAAAAAATAAAGAAATATTTCTTGATACTTATATAGATGAACTAAAAAAAGATTCACAAAGTGAAAAAAATAAAAGCATGTTAAATATATTAGATGAAATAAAAAGTGATATTCATATAGGATATC","Pf3D7_08_v3-1314717-1314986-1A.1","2+15N87A125+9N138A145+9N",31,0.129707112970711,4
"IM-23-122-RMAM","8070933864","Maziba","Pf3D7_08_v3-1314717-1314986-1A","ATAAAAAAGAAAAAATTATTGTCAAAAGTTTTCATAGATATATATATGATGGTATTAGAAGATTTTAAAGAAGAAGAATGTAAAAAGAATAAAGAAATATTTCTTGATACTTATATAGATGAACTAAAAAAAGATTCACAAAGTGAAAAAAATAAAAGCATGTTAAATATATTAGATGAAATAAAAAGTGATATTCATATAGGATATC","Pf3D7_08_v3-1314717-1314986-1A.2","2+15N125+9N138A145+9N",1,0.00418410041841004,4
"IM-23-122-RMAM","8070933864","Maziba","Pf3D7_08_v3-1370814-1371045-2","TGTTGCAATATATTACTAAAAAATAGAATTATTATGTTATTTTGATCATATGGGAATACATTTAAATATTTATATTCTGATGAATATTCTTATAAAAAAAAAAGGGGGGGGGGAAATAATACGTTCATGATTTATTTATATTTCAATATATTTTCTATTTTGCGA","Pf3D7_08_v3-1370814-1371045-2.2","17+8N93+21N",368,1,1
"IM-23-122-RMAM","8070933864","Maziba","Pf3D7_08_v3-1375025-1375284-1B","CAAGTTATTATTAAATGCGGAATTATTCTATATAAAAATAAAAAAGCATTTAAAAATGAAAAAATTTATATATATACAATATATAAATATATATATATATATATATATATATATTATTATTATATGTATTTTTATAATTGAATGATATATTTATTTCTATTTGCAATTAAAATGCTTACGTTATCTAACAAAAGTACGGAGGCAAAA","Pf3D7_08_v3-1375025-1375284-1B.4","39+8N58+8N67+53N",1,0.142857142857143,3
"IM-23-122-RMAM","8070933864","Maziba","Pf3D7_05_v3-369676-369949-1A","TGTAATATTATATATCCTGTTATAAATAAATCACTGGATATGGATGTGAAAAAAGAAGATATAAAAAAAAATGTAGAAGAAAATAAATATATAGAACATACACAGAATTTGAAAAATTATTTAGAAAATGATGAAAATGAGAAAAAAAAAAGAAGAAAAAGATCAAATAATAATGACAATTATAATTCTCATGATAATAATATTTTTCA","Pf3D7_05_v3-369676-369949-1A.2","34C48+8N62+11N141+12N",3,0.00940438871473354,3
"IM-23-122-RMAM","8070933864","Maziba","Pf3D7_05_v3-350808-351052-1A","TAATATAATTTGAGTTGATAATATTATAATTATTTTTTATATGTTGCTCATTTATATTATTATGATAAATATGAGTTGTATTTTTATTAGAGTTGTAGGACATTTTCCCATACATGAGTTGTTTTACATTTTTAACATTTTTATAATTATGTATTAAACATAAGATTATTAGATAAA","Pf3D7_05_v3-350808-351052-1A.2","32+8N",177,0.195364238410596,3
"IM-23-122-RMAM","8070933864","Maziba","Pf3D7_05_v3-369676-369949-1A","TGTAATATTATATATCCTGTTATAAATAAATCACTGGATATGGATGTGAAAAAAGAAGATATAAAAAAAAATGTAGAAGAAAATAAATATATAGAACATACACAGAATTTGAAAAATCATTTAGAAAATGATGAAAATGAGAAAAAAAAAAGAAGAAAAAGATCAAATAATAATGACAATTATAATTCTCATGATAATAATATTTTTCA","Pf3D7_05_v3-369676-369949-1A.4","34C48+8N62+11N118C141+12N",61,0.191222570532915,3
"IM-23-122-RMAM","8070933864","Maziba","Pf3D7_05_v3-369676-369949-1A","TGTAATATTATATATCCTGTTATAAATAAATCATTGGATATGGATGTGAAAAAAGAAGATATAAAAAAAAATGTAGAAGAAAATAAATATATAGAACATACACAGAATTTGAAAAATTATTTAGAAAATGATGAAAATGAGAAAAAAAAAAGAAGAAAAAGATCAAATAATAATGACAATTATAATTCTCATGATAATAATATTTTTCA","Pf3D7_05_v3-369676-369949-1A.1","48+8N62+11N141+12N",255,0.799373040752351,3
"IM-23-122-RMAM","8070933864","Maziba","Pf3D7_11_v3-1950431-1950680-2","AGATATATTTCAAGGAAAGGATATGTGGAATGATGGGAAATATGGTGAAGCGAAAAATCATATTAAGAATGCTTTTGGTGATATGAACAATAGAAAAGCTATGTTAAATGAAATTGAGAAAGGAATTAAAGATGAAACGTTTAGTCGTGAAAATGGTTTAGACGTTTGTAAATCTCAATGTGAGGAAAG","Pf3D7_11_v3-1950431-1950680-2.1","98G",1559,1,1
"IM-23-122-RMAM","8070933864","Maziba","Pf3D7_11_v3-1968050-1968296-2","TCATTACACTAGTCATGATTGGTTTAGATTATTACGCCAAGGGAATAAAGCTCAAAATTCCATTTCTCAGGAAGTAGACATATTAAAGGAAAAGTATAAAAAATTAATTTCAGAGGAAGACAATAAAAAAGAAAATAACAATAATAATGATGATGAAGTAAAACCAGAACTAAAAGACAATATA","Pf3D7_11_v3-1968050-1968296-2.1","87A97+8N124+8N",16,0.00773694390715667,4
"IM-23-122-RMAM","8070933864","Maziba","Pf3D7_12_v3-529495-529767-1A","GCTCCCCAAAAGTTAACTGCTTCATTATTTTGTGGATCCCAAAAACTAACATTCGTTACCCATCCAACATAATCGGTAGATATCCTATATTCATAACTACTACAGAAATATTTATACTCATGGTATACATTTGCATCATTTACATCTACCAAATTAACAGTTTTACACAAATTGTGAATTCCATTCAAGTTATAAAAACCTGTACAT","Pf3D7_12_v3-529495-529767-1A.4","180T",2,0.00336700336700337,3
"IM-23-122-RMAM","8070933864","Maziba","Pf3D7_11_v3-1375807-1376056-1A","TCGTTATGTACCCTAATAAATTTTTTTTCATTATTTGAATCTATATTATTTACATTAGTATTTTGAGTTGTACCATAAATTTCAGTGTTATTATTATTTCTATTCATATAATTATGTCCGCTTATATAATTATGACCATTAAAAAAACGTCTTCCATGTATATCATCTCTTCTAATGTATTTA","Pf3D7_11_v3-1375807-1376056-1A.1","20+10N140+9N",117,0.372611464968153,2
"IM-23-122-RMAM","8070933864","Maziba","Pf3D7_05_v3-213027-213251-1A","ATGTACTTATCCCCTGATATGATTTTTCCAATATCATCAAAATCAGTAATCTCTAAATCATTTATATGATTTATATGTATAAATTCTTTTATCTTGTTCAAATAATTTCTGTAATAAAATATATTCTCTTTATCATCATCAATTATTTTCATATAATC","Pf3D7_05_v3-213027-213251-1A.4","25T26T",470,0.350746268656716,5
"IM-23-122-RMAM","8070933864","Maziba","Pf3D7_05_v3-213027-213251-1A","ATGTACTTATCCCCTGATATGATTTCCCCAATATCATCAAAATCAGTAATCTCTAAATCATTTATATGATTTATATGTATAAATTCTTTTATCTTGTTCAAATAATTTCTGTAATAAAATATATTCTCTTTATCATCATCAATTATTTTCATATAATC","Pf3D7_05_v3-213027-213251-1A.1","25T27C",9,0.00671641791044776,5
"IM-23-122-RMAM","8070933864","Maziba","Pf3D7_05_v3-213027-213251-1A","ATGTACTTATCCCCTGATATGATTTCTCCAGTATCATCAAAATCAGTAATCTCTAAATCATTTATATGATTTATATGTATAAATTCTTTTATCTTGTTCAAATAATTTCTGTAATAAAATATATTCTCTTTATCATCATCAATTATTTTCATATAATC","Pf3D7_05_v3-213027-213251-1A.10","25T31G",837,0.624626865671642,5
"IM-23-122-RMAM","8070933864","Maziba","Pf3D7_10_v3-1414337-1414596-1A","GACCTGAATGGAAAGGTCAATGTGATAAATTTGAAAAAGAAAAAAGTAAATATGAAGATACTAAAAGTAGAACTGCTGAAATATATTTAAAAGAAATATGTTCTGAATGTGATTGTAAATATAAAGATTTGGATAATACATTTAAAGAATTTAAAGATAACGTTACGCTTCTTAAAGCAGTAATTGATAACAAA","Pf3D7_10_v3-1414337-1414596-1A.1","17T39+8N70G82T167G",38,0.0462287104622871,3
"IM-23-122-RMAM","8070933864","Maziba","Pf3D7_08_v3-336421-336651-1A","TAACAACGAACCCATAAATTTACAGAAAAATTTAGATTTAATCATATGGCTAAAAAAGAATATAAAAGAAGGAGAAGCTTTAATTTCTGATATACCCACATCAAGTTTTTTAAGGTGTACTACAAATTATAAATTTGTATTGCATCCACAATATGAAGATAGT","Pf3D7_08_v3-336421-336651-1A.1","51+8N105+8N",1203,0.990123456790123,2
"IM-23-122-RMAM","8070933864","Maziba","Pf3D7_08_v3-336421-336651-1A","TAACAACGAACCCATAAATTTACAGAAAAATTTAGATTTAATCATATGGCTAAAAAAGAATATAAAAGAAGGAGAAGCTTTAATTTCTGATATACCCACATCAAGTTTTTTAAGGTGTACTACAAATTATAAATTTGTATTGCATCCCCAATATGAAGATAGT","Pf3D7_08_v3-336421-336651-1A.4","51+8N105+8N148C",12,0.00987654320987654,2
"IM-23-122-RMAM","8070933864","Maziba","Pf3D7_12_v3-659881-660127-1A","GGTGGTTTAACATTTTCAGCTACGACTTTTTCGACTGATGGCAATCCTAATTTGATTAATTCCTTTAACATATGTTTTGCGTGTTTTTTTACTTCTGATTTGATATCAAAGCTTGATTCTAAAAAGGTTGGTGAATTTTTTTGTAAAACACTGACAAGTTCATTTGATATGGTCTCTGCTAAATCATCACCA","Pf3D7_12_v3-659881-660127-1A.4","26C27T35C50A73T74G83+9N135+9N",2,0.00234192037470726,5
"IM-23-122-RMAM","8070933864","Maziba","Pf3D7_12_v3-659881-660127-1A","GGTGGTTTAACATTTTCAGCTACGAGTTTTTCGAATGATGGCAATCCTACTTTGATTAATTCCTTTAACATAAGTTTTGCGTGGTTTTTTACTTCTGATTTGATATCAAAGCTTGATTCTAAAAAGGTTGGTGAATTTTTTTGTAAAACACTGACAAGTTCATTTGATATGGTCTCTGCTAAATCATCACCA","Pf3D7_12_v3-659881-660127-1A.5","27T73A74G83+9N135+9N",14,0.0163934426229508,5
"IM-23-122-RMAM","8070933864","Maziba","Pf3D7_05_v3-958079-958350-1B","TTTTTATATCTGTGTTTGGTGTAATATTAAAGAACATGAATTTAGGTGATGATATTAATCCTATAATATTATCATTAGTATCTATAGGTTTAGTACAATTTATATTATCAATGATATCAAGTTATTGTATGGATGTAATTACATCAAAAATATTAAAAACTTTAAAGCTTGAATATTTAAGAAGTGTTTTTTATCAAGATGGACAATTTC","Pf3D7_05_v3-958079-958350-1B.1","186+8N",207,1,1
"IM-23-122-RMAM","8070933864","Maziba","Pf3D7_14_v3-921176-921432-1A","ACAATATTAATTTTATAAGTTCATTATTTCAATTTTATATTTAGGAGGATCTATATCCATATATTATTCATTTTAAAAATATTAAAATAAATACATATATAAATATATAAACATATAAAAACAGTCTTTTAAAAATTAATAAGATTTATATAAAATATGGTTATAAATCCTATTTTGTATTATATTAAA","Pf3D7_14_v3-921176-921432-1A.4","186T",7,0.0191780821917808,3
"IM-23-122-RMAM","8070933864","Maziba","Pf3D7_09_v3-82006-82236-1A","TTTATCATCTTTAGGCCATAACCAGAGTACAAGCAATCCAACTATAACAATTGTAATTAACATTATAAATACTGTAATACCATAAACACTACCAGAAGCGATCAGAAATGCACTAAAAGTATAAGAACATTCACTTGGAATAAGAGTAGCGATAAAACTAAAAATAGC","Pf3D7_09_v3-82006-82236-1A.4","95G125G137G",479,0.306461932181702,5
"IM-23-122-RMAM","8070933864","Maziba","Pf3D7_07_v3-1066661-1066903-1A","TATAGTTTTGTAATTTATTGGTATGTGTTGTTAAAGGAGAATTTTTTTAATATCCCTTGTCATGGGCAAAAGGAGAAAAAAGAAATAAAAAACTTTTATGTTCAACATGAAGATATTTGTGAACACACTATTGGTAATCATATGTTAGGTGATAAATTAAAAATGTGTACATCTAATATTAATG","Pf3D7_07_v3-1066661-1066903-1A.3","4A41+9N72G75+8N86+8N",1043,0.612808460634548,3
"IM-23-122-RMAM","8070933864","Maziba","Pf3D7_13_v3-935613-935884-1A","CAAAATAATATGAATAGTAATAGTAATAGTTATAATAATTTTAATATAACAGATAGAAGTAAAGAAATAAAAAAAGATTATAAAAGAAACAAAATTTTAATAGTTATTAATAATATTAATACAAATCATATTTTATTATTAAATGAAAGTGTTATAAAAAAAAAAATACTTACATTTTATCTAGATCTTTTTTTTGATGATAATGAACAAAT","Pf3D7_13_v3-935613-935884-1A.2","68+11N155+13N187+10N",614,0.993527508090615,2
"IM-23-122-RMAM","8070933864","Maziba","Pf3D7_06_v3-176108-176338-1A","ATTATTATTATTATTATTATTATGATGATGATGATGATCTGTGTTAAGATCATCTTCTATACCATTAGTTAAACATTTTATATTTTTATTCATATAAACATTAATCTTCACAACAGATTTATCAGATCTAGAAAATCTTGTACCTGTTGCTTTATGTAACAATAT","Pf3D7_06_v3-176108-176338-1A.12","1+38N",37,0.0531609195402299,3
"IM-23-122-RMAM","8070933864","Maziba","Pf3D7_11_v3-1375807-1376056-1A","TCGTTATGTACCCTAATAAATTTTTTTTCATTATTTGAATCTATATTATTTACATTAGTATTTTGAGTTGTACCATAAATTTCAGTGTTATTATTATTTCTATTCATATAATTATGTCCGCTTATATAATTATGACCATTAAAAAAATGTCTTCCATGTATATCATCTCTTCTAATGTATTTA","Pf3D7_11_v3-1375807-1376056-1A.2","20+10N140+9N",197,0.627388535031847,2
"IM-23-122-RMAM","8070933864","Maziba","Pf3D7_10_v3-1414337-1414596-1A","GACCTGAATGGAAAGGCCAATGTGATAAATTTGAAAAAGAAAAAAGTAAATATGAAGATACTAAAAGTATAACTGCTGAAAAATATTTAAAAGAAATATGTTCTGAATGTGATTGTAAATATAAAGATTTGGATAATACATTTAAAGAATTTAATGATAACGTTACGCTTCTTAAAGCAGTAATTGATAACAAA","Pf3D7_10_v3-1414337-1414596-1A.3","39+8N155T167G",516,0.627737226277372,3
"IM-23-122-RMAM","8070933864","Maziba","Pf3D7_08_v3-1314717-1314986-1A","ATAAAAAAGAAAAAATTATTGTCAAAAGTTTTCATAGATATATATATGATGGTATTAGAAGATTTTAAAGAAGAAGAATGTAAAAAAAATAAAGAAATATTTCTTGATACTTATATAGATGAACTAAAAAAAGATTCGCAAAGTGAAAAAAATAAAAGCATGTTAAATATATTAGATGAAATAAAAAGTGATATTCATATAGGATATC","Pf3D7_08_v3-1314717-1314986-1A.7","2+15N87A125+9N145+9N",1,0.00418410041841004,4
"IM-23-122-RMAM","8070933864","Maziba","Pf3D7_14_v3-1038300-1038538-1A","ATTAATGATTTATACACTTCAACTACACTTTTTAATTTAGCCCATACAATTAATAAAGCTCTACGATAAATTTCTTTTTTATTTGATTTAGAAAAAGGAGAAAACCATTGAAACTTTTTGGCTAGATATTTATGGTCTTTATCAAAAATATATTCTGAAACTTCATCTTCTAGAAGT","Pf3D7_14_v3-1038300-1038538-1A.1","74+8N",898,1,1
"IM-23-122-RMAM","8070933864","Maziba","Pf3D7_08_v3-1344618-1344845-1A","TATCTTTTCCATATATAATAACGCATGAATTCTTTAAATATATCTTTTACTTTATCTGTAAGTTTCATGGAATCTATTATTTCATCTGCATATTTTATTTTTGCCTCGTTTATATATTTACCTGCTTCTAATTTACATAAACATTTTTCTATTAAGTTTTG","Pf3D7_08_v3-1344618-1344845-1A.4","86C128C",16,0.0150517403574788,4
"IM-23-122-RMAM","8070933864","Maziba","Pf3D7_08_v3-1344618-1344845-1A","TATCTTTTCCATATATAATAACGCATGAATTCTTTAAATATATCTTTTACTTTATCTGTAAGTTTCATGGAATCTATTATTTCATGTGCATATTTTATTTTTGCCTCGTTTATATATTTACCTGCTTCTAATTTACATAAACATTTTTCTATTAAGTTTTG","Pf3D7_08_v3-1344618-1344845-1A.1","128C",649,0.610536218250235,4
"IM-23-122-RMAM","8070933864","Maziba","Pf3D7_14_v3-1992121-1992370-1A","ATTAAAACATTCCAACAATTTTATTTCCTTCTTTATAAAATTATATAAATTAATTATTTTCTTTTTATCACATTCAAAGACGGCATAAGGTGCACCCCATGAACATTTTTTACTTTTGCTACCATCAGGCATAATATAATCACCAGTACCATTTTTTTCTGATAAATTAATATTTTTTTGTATAACATCATA","Pf3D7_14_v3-1992121-1992370-1A.2","105+8N140T151+9N172+9N",4,0.016,2
"IM-23-122-RMAM","8070933864","Maziba","Pf3D7_05_v3-1188456-1188706-1A","CGAAATTTAAATCAATAGCGGTTACGTTCATAATTTTGCCTTCAAAACTAACTTCTGTATGATATATAAATTTATTTTCCTTTACACTAAATACATATATAAAAATGGTACTTAATAATTTATCTTTATCATATTTAAATAATATTAAATCTGTTTTTACATCTGAGTTGTAATCACCGAAAT","Pf3D7_05_v3-1188456-1188706-1A.4","2G",8,0.00583515681983953,4
"IM-23-122-RMAM","8070933864","Maziba","Pf3D7_05_v3-958372-958608-1B","ATTTATAACAATTTTTACATATGCCAGTTCCTTTTTAGGTTTATTTATTTGGTCATTAATAAAAAATGCACGTTTGACTTTATGTATTACTTGCGTTTTTCCGTTAATTTATGTTTGTGGTGTCATATGTAATAAGAAAGTAAAATTAAATAAAAAAACATCTTTGTTATATAATAACAATACC","Pf3D7_05_v3-958372-958608-1B.1","45T60+8N151+9N",940,1,1
"IM-23-122-RMAM","8070933864","Maziba","Pf3D7_05_v3-958920-959168-1B","AATAATAAATCGAAAACCATTAGTTGAAAATAATGATGATGGAGAAACATTACCAAATATTAAAAAAATTGAATTTAAAAATGTAAGATTTCATTATGATACTAGAAAAGATGTTGAAATTTATAAAGATTTAAGTTTTACTCTAAAAGAAGGGAAAACATATGCATTTGTGGGAGAATCA","Pf3D7_05_v3-958920-959168-1B.1","61+9N",541,1,1
"IM-23-122-RMAM","8070933864","Maziba","Pf3D7_12_v3-529495-529767-1A","GCTCCCCAAAAGTTAACTGCTTCATTATTTTGTGGATCCCAAAAACTAACATTCGTTACCCATCCAACATAATCGGTAGATATCCTATATTCATAACTACTACAGAAATATTTATACTCATGGTATACATTTGCATCATTTACATCTACCAAATTAACAGTTTTACACAAATTGTGAATGCCATTCAAGTTATAAAAACCTGTACAT","Pf3D7_12_v3-529495-529767-1A.2",".",191,0.321548821548822,3
"IM-23-122-RMAM","8070933864","Maziba","Pf3D7_06_v3-145285-145531-1A","TCAACAAAAGCTGATGAATCATCATAATTTGAATAAAATTTATCATTCACAATATTATATTTTTGTTTCTTCTTTTTTCCCATAATATTATTATTTTGTTCACAATATATGTTCATGTGTCCCCTCTTTTTCTGTAAAATATTAAAATGTTTCTTAGTATGCTTCTCTTCATTTTTAATAACA","Pf3D7_06_v3-145285-145531-1A.2","72+8N157G",706,0.395739910313901,2
"IM-23-122-RMAM","8070933864","Maziba","Pf3D7_06_v3-176108-176338-1A","ATTATTATTATTATTATTATGATGATGATGATGATGATCTGTGTTAAGATCATCTTCTATACCATTAGTTAAACATTTTATATTTTTATTCATATAAACATTAATCTTCACAACAGATTTATCAGATCTAGAAAATCTTGTACCTGTTGCTTTATGTAACAATAT","Pf3D7_06_v3-176108-176338-1A.1","1+38N",650,0.933908045977011,3
"IM-23-122-RMAM","8070933864","Maziba","Pf3D7_04_v3-316593-316858-1A","TTATTCATTTTTTGTATATTATCCTTTTCTACATCATCAAAATTTGTTAATGATTCACACGTTATATTTGGTGATATTATATTTCTACCTGTACATACACCAATATTTGTTGTACCTATTATTTTATACCCTTCTTGACATTTAAATTCTATTTTTTCACCAAGTAAATAATATTTTTTATCAGGGATAAGGGAAACATA","Pf3D7_04_v3-316593-316858-1A.1","7+8N151+8N173+8N",442,0.62962962962963,2
"IM-23-122-RMAM","8070933864","Maziba","Pf3D7_11_v3-1968050-1968296-2","TCATTACACTAGTTATGATTGGTTTAGATTATTACGCCAAGGGAATAAAGCTCAAAATTCCATTTCTCAGGAAGTAGACATATTAACGGAAAAGTATAAAAAATTAATTTCAGAGGAAGACAATAAAAAAGAAAATAACAATAATAATGATGATGAAGTAAAACCAGAACTAAAAGACAATATA","Pf3D7_11_v3-1968050-1968296-2.20","14T97+8N124+8N",1298,0.627659574468085,4
"IM-23-122-RMAM","8070933864","Maziba","Pf3D7_08_v3-1370603-1370853-1B","AAAAGTAATTAAAAAAAAAAAAAATGAAAATAAAAAAAAACATTACATATTTTTTTATGTATAAAATATTTTAAAGCACTGAGATTATTTATGTTATAAATTAATTGAATGTTTAAAAGATTATAAAATTTTATTTATGAAAATATATGAATATATATAATATAAGCAGGTATTAAATAACCAAATAATAT","Pf3D7_08_v3-1370603-1370853-1B.2","10+32N49+9N",198,1,1
"IM-23-122-RMAM","8070933864","Maziba","Pf3D7_12_v3-233418-233671-1A","CAAAAATATCATTCCCCAAATTTGTACTACTAATTGTTCCAATAGTTCCTATAGTTGTGGTAATTTGCTCATATGTCTTTTTTCCTAAAGATTTATTAGACACATTTGAAAGATCATTATTTTGTTCCAAATTCTTGGGCACAGTATTATTACATGAGAATAATGAAAAGTTATTATCATAATTCTTTTGTT","Pf3D7_12_v3-233418-233671-1A.4","77+8N111A",5,0.00698324022346369,5
"IM-23-122-RMAM","8070933864","Maziba","Pf3D7_12_v3-233418-233671-1A","CAAAAATATCATTCCCCAAATTTGTACTACTAATTGTTCCAATAGTTCCTATAGTTGTGGTAATTTTCTCATATGTATTTTTTCCTAAAGATTTATTAGACACATTTGAAGGATCATTATTTTGTTCCAAATTCTTGGGCACAGTATTATTACATGAGAATAATGAAAAGTTATTATCATAATTCTTTTGTT","Pf3D7_12_v3-233418-233671-1A.5","67T77+8N",260,0.363128491620112,5
"IM-23-122-RMAM","8070933864","Maziba","Pf3D7_12_v3-233418-233671-1A","CAAAAATATCATTCCCCAAATTTGTACTACTAGTTGTTCCAATAGTTCCTATAGTTGTGGTAATTTGCTCATATGTATTTTTTCCTAAAGATTTATTAGACACATTTGAAGGATCATTATTTTGTTCCAAATTCTTGGGCACAGTATTATTACATGAGAATAATGAAAAGTTATTATCATAATTCTTTTGTT","Pf3D7_12_v3-233418-233671-1A.8","33G77+8N",5,0.00698324022346369,5
"IM-23-122-RMAM","8070933864","Maziba","Pf3D7_14_v3-771407-771633-1A","ACCCACGGGACATTTTAATTTATACCTATTGGAACATTTTTTATTAGGTCTTTCTTTATGATTCTTCTTTAAAATAGGTTCATCATTATTTGAGTAAACTAACAGATTATTATCGTTCTCAAAATTATTATAACCATCAATATTTTTATTTCCATATACATCTATAA","Pf3D7_14_v3-771407-771633-1A.1","36+8N",1211,0.9050822122571,3
"IM-23-122-RMAM","8070933864","Maziba","Pf3D7_06_v3-1235395-1235658-1A","GAATATGATAAAATATATATACCAAACAATAAAAATAAAATTAATAATATAAATAATTTTTTAATAAAAAACAATTTGCTGTTGAAATCCAAATTTATGAGAATAACTCCTAATACCTATTTATGTCGTAATTGTGTCCTGTTATATCAAAATGATTTTTCGTATAATACATATGAAGAAGAAATTAATAAAATGG","Pf3D7_06_v3-1235395-1235658-1A.1","56+8N65+8N",233,0.978991596638655,2
"IM-23-122-RMAM","8070933864","Maziba","Pf3D7_09_v3-82006-82236-1A","TTTATCATCTTTAGGCCATAACCAGAGTACAAGCAATCCAACTATAACAATTGTAATTAACATTATAAATACTGTAATACCATAAACACTACCAGAAGCGATCAGAAATGCACTAAAAGTACAACAACATTCACTTGGAATAAGAGTAGCGATAAAACTAAAAATAGC","Pf3D7_09_v3-82006-82236-1A.3","95G122C137G",1057,0.676263595649392,5
"IM-23-122-RMAM","8070933864","Maziba","Pf3D7_06_v3-1235395-1235658-1A","GAATATGATAAAATATATATACCAAACAATAAAAATAAAATTAATAATATAAATAATTTTTTAATAAAAAACAATTTGTTGTTGAAATCCAAATTTATGAGAATAACTCCTAATACCTATTTATGTCGTAATTGTGTCCTGTTATATCAAAATGATTTTTCGTATAATACATATGAAGAAGAAATTAATAAAATGG","Pf3D7_06_v3-1235395-1235658-1A.2","56+8N65+8N79T",5,0.0210084033613445,2
"IM-23-122-RMAM","8070933864","Maziba","Pf3D7_14_v3-3214249-3214516-1A","TAAATAAAAAAGGATTAGATGATTTAATAAAAGATTTGTTAAAATATTTTCCAAAGAATTCAATTAGCGATCGTTTTGAATTGTTAGAATTTAAAATGACGGAGGATTGTTATACAAAAATGTGGTTTGATTTTATGATTGATTTTGGAATAGCTACAATGAATGAAAACGAACATACTAGATCTTTTTATGGCTTAATCGAA","Pf3D7_14_v3-3214249-3214516-1A.3","5+8N139T169A194C",4,0.00343938091143594,2
"IM-23-122-RMAM","8070933864","Maziba","Pf3D7_04_v3-141741-141990-1A","TGAATACCATATAGCCCTTTCAAATTATATAAAGACAGAACTAAGAAATATAAACCTGCAAGAAATAAAAAACAATATAATAAAAATATTTAAAGAATTCGAATCTGCACACAAAGAAATTAAAAAAGAATCAAAACAAATTAATAAAGAATTTACCAAAATGGATGTCGTCATAAATCAATTAAGAGATATAG","Pf3D7_04_v3-141741-141990-1A.2","66+8N101G121+8N134A",1317,0.964835164835165,3
"IM-23-122-RMAM","8070933864","Maziba","Pf3D7_11_v3-1018781-1019053-1A","TTTTTGATTCATATCATTATCATAATTATATATATATTGATCTCTGTCTATATGGGGAGCAAAAAAATATAAAGGATGTTGTGTTAAGGCTAATAATAATTCTGTAGCTATACTACTACTTATGTTACTTATACCACATCTAGTGACTGTACATTTTTCATCTAATGTTCTATAGGATAAAGAATCTGAAGGACAATGCATATCAT","Pf3D7_11_v3-1018781-1019053-1A.2","60+9N",92,0.621621621621622,2
"IM-23-122-RMAM","8070933864","Maziba","Pf3D7_14_v3-2481033-2481276-1B","CCATGTGGATAAAGACAGTAGAGAGCAATTCGAAATAAAACAGTACTCTTGCAAATTAGATATTTTTTTGAACTCATCTGTTCCTATAAAAAATTCTGAATGTAAGCAGAATAAATTATACACAAAAGAATATATATTCATTTTTATTTATTCACTTTATATATGTTTGTATGTATGTA","Pf3D7_14_v3-2481033-2481276-1B.3","62+9N87+8N",660,1,1
"IM-23-122-RMAM","8070933864","Maziba","Pf3D7_08_v3-1366626-1366856-1B","CTTTACCTCCATTTTTTTTTTTAAAATCTTGTACACAGAAGTTTACTAATTTATTATCAAAATCTTCTCCTCCTAAATGTGTATCTCCTGAGGTAGCTTTAACTTCAAAAATTCCATCTTCAAGTGTTAATAAGGAAACATCAAATGTTCCTCCTCCTAAATC","Pf3D7_08_v3-1366626-1366856-1B.1","11+13N",284,1,1
"IM-23-122-RMAM","8070933864","Maziba","Pf3D7_13_v3-2780346-2780575-1B","GTTGGATAGAATGCCCGACTACGGATCGGGAGGTCGTGGGTTCGACTCCTGCCCGGCCTAATTTTTTTCGTTTTCGTTTTTAAAGTAAAAAAGGATAATATTTTTAAAAAACATTTAGTATATATATTTTTTTTAAATAATAAATCTATTATATTATTAAATATTATGAGAAGA","Pf3D7_13_v3-2780346-2780575-1B.1","61+9N86+8N105+8N126+10N",456,0.858757062146893,2
"IM-23-122-RMAM","8070933864","Maziba","Pf3D7_13_v3-2814606-2814855-1B","TAGCGATAATGATCCTGCAGTAGTAAGTGGTAGAGAATCTAAAGATGTAAATCTTCATACTTCTGAAAGGATTAAAGAAAATGAAGAAGGTGTGATTAAAACAGATGAAAGTTCAAAAAGTATTGAAATTTCTAAAATACCATCTGACCAAAATAATCATAGTGATTTATCACAGAATGCAAATGAGGACTCTA","Pf3D7_13_v3-2814606-2814855-1B.2",".",389,0.364573570759138,2
"IM-23-122-RMAM","8070933864","Maziba","Pf3D7_06_v3-532166-532407-1A","AGAACAATTGTTAAACACCAAATTGGGTGAAACAAAAAACCACCTGAACAGAACCCCATTTATACCTGAATCGGTCATACGAGAAAGGAAATTACGCCAAGAAAAAGCTCAATCCACAAACAACATGTTCGATTCAACAAACGCAGATAGTATTACTTCCCCATGTGATCCAACGAATGCCACG","Pf3D7_06_v3-532166-532407-1A.6","11T33+8N157T",727,0.373778920308483,5
"IM-23-122-RMAM","8070933864","Maziba","Pf3D7_06_v3-851492-851765-1A","ACAATAGTACATTCTGCATTTACATCACAACCTCCATTATTTTTTGAACAGTTCATATCTTTCATAGGTATACATTTAAAATAATTTACACTCATATCAACTATATAATTAGGTCGGCATCTACATTGTTCTTTATCTTTTTCGACAATATAACAACGTGAATTGGGTCCACATTTGGAATATTCACAAATATAATTTACTTTAAATATAACAAAATTTCTCA","Pf3D7_06_v3-851492-851765-1A.1","39+8N",533,0.674683544303798,4
"IM-23-122-RMAM","8070933864","Maziba","Pf3D7_06_v3-851492-851765-1A","ACAATAGTACATTCTGCATTTACATCACAACCTCCATTATTTTTTGAACAGTTCATATCTTTCATAGGTATACATTTAAAATAATTTACACTCATATCAACTATATAATTAGGTCGGCATCTACATTGTTCTTTATCTTTTTCGACAATATAACAACGTGAATTGGGTCCACATTTGGAATATTCACAAATATTATTTACTTTAAATATAACAAAATTTTTCA","Pf3D7_06_v3-851492-851765-1A.2","39+8N194T220T",228,0.288607594936709,4
"IM-23-122-RMAM","8070933864","Maziba","Pf3D7_06_v3-851492-851765-1A","ACAATAGTACATTGTGCATTTACATCACAACCTCCATTATTTTTTGAACAGTTCATATCTTTCATAGGTATACATTTAAAATAATTTACACTCATATCAACTATATAATTAGGTCGGCATCTACATTGTTCTTTATCTTTTTCGACAATATAACAACGTGAATTGGGTCCACATTTGGAATATTCACAAATATAATTTACTTTAAATATAACAAAATTTCTCA","Pf3D7_06_v3-851492-851765-1A.3","14G39+8N",20,0.0253164556962025,4
"IM-23-122-RMAM","8070933864","Maziba","Pf3D7_07_v3-1028330-1028603-1A","TAAAGAATATTTTTATTTCTAATATTATGGCTAAAAGGAAAATTATTTAATTTCATTTTTTGTGGGTTACTTGTATCATTACAACTCATCATCATGACCATATTATTATTATTATTATTGTTGTTGTTGTTGTTGTGGTGGTTCATTACCAATAAATTTGTGTTATTATGTTCATCCTTTTTTATATTAACAATTTCATTTCTATAA","Pf3D7_07_v3-1028330-1028603-1A.2","55+8N101+36N177+8N202C",122,0.38006230529595,2
"IM-23-122-RMAM","8070933864","Maziba","Pf3D7_07_v3-1028330-1028603-1A","TAAAGAATATTTTTATTTCTAATATTATGGCTAAAAGGAAAATTATTTAATTTCATTTTTTGTGGGTTACTTGTATCATTACAACTCATCATCATGACCATATTATTATTATTATTATTGTTGTTGTTGTTGTTGTTGTTGTGGTGGTTCATTACCAATAAATTTGTGTTATTATGTTCATCCTTTTTTATATTAACAATTTCATTTCTATAA","Pf3D7_07_v3-1028330-1028603-1A.11","55+8N101+36N177+8N202C",199,0.61993769470405,2
"IM-23-122-RMAM","8070933864","Maziba","Pf3D7_08_v3-102277-102527-1A","TACCTTCATCTATTGAATTAATTTTCTCAAGTAACATATTTTTGTCTTGACTACTTTCATCTGTAAATGGAACGAATACTCTTTGCTTACCTGCAAAAAGGACAATTGACATATGAGCCTTATCCTTACTTACATTCGAATTAAAGACCATAGATTCTAAAAATGGTATAGTTCCTTTTAACCAATAATC","Pf3D7_08_v3-102277-102527-1A.6","76A106T",747,0.609795918367347,4
"IM-23-122-RMAM","8070933864","Maziba","Pf3D7_09_v3-82006-82236-1A","TTTATCATCTTTAGGCCATAACCAGAGTACAAGCAATCCAACTATAACAATTGTAATTAACATTATAAATACTGTAATACCATAAACACTACCAGAAGCGATCAGAAATGCACTAAAAGTATCAACAACATTCACTTGGAATAAGAGTAGCGATAAAACTAAAAATAGC","Pf3D7_09_v3-82006-82236-1A.7","95G123I=C137G",3,0.00191938579654511,5
"IM-23-122-RMAM","8070933864","Maziba","Pf3D7_14_v3-2355614-2355853-1A","ACTTTTCTCGATTCACATTATCCAAACCCATTTAACGAGTATGAAAAATATGACAAACATTATTATGAACTTGAAAATATTTTAAAAAACAAACTTAATGAACATTCCTTAAATTATCAATCTTTGTTAAAAATGAAAAGATTTATAAGTATGAACGATATGGAAAATAATAA","Pf3D7_14_v3-2355614-2355853-1A.1","83+8N",513,0.640449438202247,2
"IM-23-122-RMAM","8070933864","Maziba","Pf3D7_11_v3-1295371-1295597-1A","AAGTAACATCAAATAATGAAGTTGTAGTTAAAGAAGAATATAAAGATGAATATGCAGATATTCCTGAACATAAACCAACTTATGATAACATGAAAATTATAATTGCATCATCAGCTGCTGTCGCTGTATTAGCAACTATTTTAATGGTTTATCTTTATAAAAGAA","Pf3D7_11_v3-1295371-1295597-1A.2","89C",11,0.0114107883817427,2
"IM-23-122-RMAM","8070933864","Maziba","Pf3D7_12_v3-529495-529767-1A","GCTCCCCAAAAGTTAACTGCTTCATTATTTTTTGGATCCCAAAAACTAACATTCGTTACCCATCCAACATAATCGGTAGATATCCTATATTCATAACTACTACAGAAATATTTATACTCATGGTATACATTTGCATCCTTTACATCTACCAAATTAACAGTTTTACACAAATTGTGAATGCCATTCAAGTTATAAAAACCTGTACAT","Pf3D7_12_v3-529495-529767-1A.11","32T138C",401,0.675084175084175,3
"IM-23-122-RMAM","8070933864","Maziba","Pf3D7_07_v3-1066661-1066903-1A","TATAGTTTTGTAATTTATTGGTATGTGTTGTTAAAGGAGAATTTTTTTAATATCCCTTGTCATGGGCAAAATGAGAAAAAAGAAATAAAAAACTTTTATGTTCAACATGAAGATATTTGTGAACACACTATTGGTAATCATATGTTAGGTGATAAATTAAAATTGTGTACATCTAATATTAATG","Pf3D7_07_v3-1066661-1066903-1A.16","4A41+9N75+8N86+8N163T",264,0.155111633372503,3
"IM-23-122-RMAM","8070933864","Maziba","Pf3D7_13_v3-958247-958510-1B","TTTATATTATCTGTAATATGCACATTTTGTATAATATTATCAATATTTGTAGCATTTTGACCGTATGTTTCATTTTCATCGTATGTTCCATTTATATTGTATGTTCCATTTATATTGTATGTTCCATTTTCATCGTATGTTCCATTTATATTGTATGTTCCATTTTCATCGTATGTTCCATTTATATTGTATGTTCCATTTTTATCATATGTTATGTCCACAT","Pf3D7_13_v3-958247-958510-1B.7","106C112I=ATATTGTATGTTCCATTT",106,0.552083333333333,2
"IM-23-122-RMAM","8070933864","Maziba","Pf3D7_13_v3-958247-958510-1B","TTTATATTATCTGTAATATGCACATTTTGTATAATATTATCAATATTTGTAGCATTTTGACCGTATGTTTCATTTTCATCGTATGTTCCATTTATATTGTATGTTCCATTTTCATCGTATGTTCCATTTATATTGTATGTTCCATTTTCATCGTATGTTCCATTTATATTGTATGTTCCATTTTTATCATATGTTATGTCCACAT","Pf3D7_13_v3-958247-958510-1B.1","106C",86,0.447916666666667,2
"IM-23-122-RMAM","8070933864","Maziba","Pf3D7_14_v3-106867-107115-1A","AATGACATGAACAAGTCAGGCGAAAAAGAGGAACATGTTATAAATAGTAAATGGAAAAATAAATTTTTCCATGAAGTTATACAAAATATGTTATATGATGATAATATAAATGATCATAAAGAAGAAATTAAGGAAGATAATTCTAATGAATATAATATCAATAATAAAAATGATAATTTATATGATATA","Pf3D7_14_v3-106867-107115-1A.2","120A",171,0.308108108108108,3
"IM-23-122-RMAM","8070933864","Maziba","Pf3D7_14_v3-106867-107115-1A","AATGACATGAACAAGTCAGGCGAAAAAGAGGAACATGTTATAAATAGTAAATGGAAAAATAAATTTTTCCATGAAGTTATACAAAATATGTTATATGATGATAATATAAATGATCATAAGGAAGAAATTAAGGAAGATAATTCTAATGAATATAATATCAATAATAAAAATGATAATTTATATGATATA","Pf3D7_14_v3-106867-107115-1A.3",".",369,0.664864864864865,3
"IM-23-122-RMAM","8070933864","Maziba","Pf3D7_14_v3-137398-137668-1A","ACCATTCATATTTTCTAGGTTTGTTTAACCAATTACATATATATAATATATTACAAAATAATTGTTTTAATAATATATGTTTAGTTAATATTAATTCAATACTACTTAATTTATTTCTTATATTTTTTAAAAGATCTTCATAAACAAAATCAAAATTATCTATTAATAATAAATAACCAAATCTTTTATGCACATTTTTTATTC","Pf3D7_14_v3-137398-137668-1A.1","122+8N191C194+8N",88,0.727272727272727,2
"IM-23-122-RMAM","8070933864","Maziba","Pf3D7_05_v3-1188456-1188706-1A","CAAAATTTAAATCAATAGCGGTTACGTTCATAATTTTGCCTTCAAAACTAACCTCTGTATGATATATAAATTTATTTTCCTTTACACTAAATACATATATAAAAATGGTACTTAATAATTTATCTTTATCATATTTAAATAATATTAAATCTGTTTTTACATCTGAGTTGTAATCACCGAAAT","Pf3D7_05_v3-1188456-1188706-1A.2","53C",806,0.587892049598833,4
"IM-23-122-RMAM","8070933864","Maziba","Pf3D7_05_v3-1322099-1322341-1A","TTCCAATAGAAACTAGATTACGATTTTCTTCATGAGGTAAATTGACATTCATCTTATATGTATAATTAAGGATGAGTAATAAATTGTATAGAAATATTTTTATTTAATAATTTATATGTATTATTAATAATTCTGAATTTATCAATTGATATATTATTTTTGTTTTTCTTTATGCCATTC","Pf3D7_05_v3-1322099-1322341-1A.2","16G27T91G",162,0.653225806451613,3
"IM-23-122-RMAM","8070933864","Maziba","Pf3D7_11_v3-1006693-1006917-1A","GTGGGGGAGAGAATTTTACCTTGATATGCTCCCATGTTTTATCCTTTATACAATACACATAAGTGTCATTGGTAATATATGACCCTCTTTTACCTCCGTAAAGAAATAAACAATCTTCTTTTTTTTCAGTGGAGTAAATTAAATTTAATTTTGCAAAATAGCGTGG","Pf3D7_11_v3-1006693-1006917-1A.2","58C118+10N",305,0.932721712538226,2
"IM-23-122-RMAM","8070933864","Maziba","Pf3D7_02_v3-503040-503288-1A","ATTATGATTAATAATAATATTTCTCATAATTTCGTTAAATACATCTAAACTATTTATAGAACCATCTATATCATCTTCATTCCTATTTTGGTGAACTGATTCGGTGTTTATAACATCTAAGGTGTCTTTTTCTTCTCCTCTGTAACTTTTTATAATTTTTTGATAAATGTTGTTATAAGAATTATCA","Pf3D7_02_v3-503040-503288-1A.1","155+8N",1031,0.872250423011844,2
"IM-23-122-RMAM","8070933864","Maziba","Pf3D7_11_v3-1295371-1295597-1A","AAGTAACATCAAATAATGAAGTTGTAGTTAAAGAAGAATATAAAGATGAATATGCAGATATTCCTGAACATAAACCAACTTATGATAAAATGAAAATTATAATTGCATCATCAGCTGCTGTCGCTGTATTAGCAACTATTTTAATGGTTTATCTTTATAAAAGAA","Pf3D7_11_v3-1295371-1295597-1A.1",".",953,0.988589211618257,2
"IM-23-122-RMAM","8070933864","Maziba","Pf3D7_14_v3-377765-378020-1A","AAAGATATATCAACTGAAAAGATTTTATCAAATAATTGCTTTAATAATAAGTTAAAAAATTGATTTCCAATATCTATCATATTCATATAATCTAATGATTTAAAAATATATAATATACTCTTTGGACTAAATTTTAATTCATCATTTATTATTCTCTCTTTTACTATTGCTTTAATTTGATTAAAATATATAA","Pf3D7_14_v3-377765-378020-1A.12","21G53+8N71T154C",141,0.400568181818182,2
"IM-23-122-RMAM","8070933864","Maziba","Pf3D7_11_v3-1968050-1968296-2","TCATTACACTAGTCATGATTGGTTTAGATTATTACGCCAAGGGAATAAAGCTCAAAATTCCATTTCTCAGGAAGTAGACATATTAACGGAAAAGTATAAAAAATTAATTTCAGAGGAAGACAATAAAAAAGAAAATAACAATAATAATGATGATGAAGTAAAACCAGAACTAAAAGGCAATATA","Pf3D7_11_v3-1968050-1968296-2.10","97+8N124+8N177G",682,0.329787234042553,4
"IM-23-122-RMAM","8070933864","Maziba","Pf3D7_12_v3-2092654-2092884-2","GAGATATTAGCTTCATGTTCAGAAGATATGTCTATAAGAATATGGGAGATACGTCATGAGGATGAGAATGTGAATGAGGTAAAGGATCCTTTATGTATATTAAATGGTCATAAGAAAAAAGTAAATATATTATCATGGAATCCTATGAATTATTTTATATTATCATCT","Pf3D7_12_v3-2092654-2092884-2.1","114+8N",2002,1,1
"IM-23-122-RMAM","8070933864","Maziba","Pf3D7_12_v3-233418-233671-1A","CAAAAATATCATTCCCCAAATTTGTACTACTAATTGTTCCAATAGTTCCTATAGTTGTGGTAATTTGCTCATATGTATTTTTTCCTAAAGATTTATTAGACACATTTGAAGGATCATTATTTTGTTCCAAATTCTTGGGCACAGTATTATTACATGAGAATAATGAAAAGTTATTATCATAATTCTTTTGTT","Pf3D7_12_v3-233418-233671-1A.3","77+8N",437,0.610335195530726,5
"IM-23-122-RMAM","8070933864","Maziba","Pf3D7_14_v3-771407-771633-1A","ACCCACGGGACATTTTAATTTATACCTATTGGAACATTTTTTATTAGGTCTTTCTTTATGATTCTTCTTTAAAATAGGTTCATCATTATTTGAGTAAACTAACAGATCATTATCGTTCTCAAAATTATTATAACCATCAATATTTTTATTTCCATATACATCTATAA","Pf3D7_14_v3-771407-771633-1A.6","36+8N108C",103,0.0769805680119581,3
"IM-23-122-RMAM","8070933864","Maziba","Pf3D7_12_v3-233418-233671-1A","CAAAAATATCATTCCCCAAATTTGTACTACTAATTGTTCCAATAGTTCCTATAGTTGTGGTAATTTGCTCATATGTCTTTTTTCCTAAAGATTTATTAGACACATTTGAAGGATCATTATTTTGTTCCAAATTCTTGGGCACAGTATTATTACATGAGAATAATGAAAAGTTATTATCATAATTCTTTTGTT","Pf3D7_12_v3-233418-233671-1A.1","77+8N",9,0.0125698324022346,5
"IM-23-122-RMAM","8070933864","Maziba","Pf3D7_06_v3-1192628-1192867-1A","GATTATATATTTCTATATTTTAATAAGAAGGCGTTACACAAACATGATGCCTCTAATGAAATGTGTTTTGTGAAAAACGAAGATTCTACACGCACAAAAGGACATATGAATGATGAACAAAATGATTTATATAAAATAAATAATAATACAACATATTTTTTTAACAAAAACCACT","Pf3D7_06_v3-1192628-1192867-1A.2","155+9N",24,0.0260021668472373,2
"IM-23-122-RMAM","8070933864","Maziba","Pf3D7_07_v3-627351-627625-1A","TCACTAAGATAATTATTATTACTATTTTCAGCATAATAAAATTTCTGATGTTTTATAAGAGGAGTTTGGTTAGAAGCAAAATTATCAGCAGTTGTCGAATAATTATTATGTTCTTGATAAAAGAGATTATTCATATAGTTATTATTATTTTTCATATCATCCATAGTATTATTGTTAATATAAAATTCCTCATATGAATTATATATATA","Pf3D7_07_v3-627351-627625-1A.1",".",276,0.996389891696751,2
"IM-23-122-RMAM","8070933864","Maziba","Pf3D7_07_v3-717260-717493-1A","GAGCTTGCTTTTTTGTTGCGTTACTTGCTGGGCTGATCAAAAAAAAAGTTGAATGTATTGAACTTAGTGCCAGCGAAATTTCCCCTCATGAAAACAAATCGACGAGTTCATCAATATTCCAAGAGGAATTAAAATTTGATAAGTCTCTGAAAAATTTTTTCAAACAA","Pf3D7_07_v3-717260-717493-1A.1","8+8N38+11N154+8N",216,0.167701863354037,4
"IM-23-122-RMAM","8070933864","Maziba","Pf3D7_07_v3-717260-717493-1A","GAGCTTGCTTTTTTGTTGCGTTACTTGCTGGGCTGATCAAAAAAAAAGTTGAATGTATTGAACTTAGTGCCAGCGAAATTTCCCCTCATGAAAACAAATCGACGAGTTCATCAATATTCCAAGAGGAATTAAAATTTGATGAGTCTCTGAAAAAATTTTTCAAACAA","Pf3D7_07_v3-717260-717493-1A.3","8+8N38+11N141G154+8N",10,0.0077639751552795,4
"IM-23-122-RMAM","8070933864","Maziba","Pf3D7_07_v3-717260-717493-1A","GAGCTTGCTTTTTTGTTGCGTTACTTGCTGGGCTGATCAAAAAAAAAGTTGAATGTATTGAACTTAGTGCCAGCGAAATTTCCCCTCATGAAAACAAATCGACGAGTTCATCAATATTCCAAGAGGAATTAAAATTTGATGAGTCTCTGAAAAATTTTTTCAAACAA","Pf3D7_07_v3-717260-717493-1A.2","8+8N38+11N141G154+8N",207,0.160714285714286,4
"IM-23-122-RMAM","8070933864","Maziba","Pf3D7_06_v3-1282656-1282930-1A","AAAATATGGAAGAAATATGATAAAGAAAACAATAAATATATATTGTCTCATTTTATTCCTCAATTTATTGAAGACTTAAATTTGAAGGATGAATTCCGAAATTTATTTGATGGATTTGTAAATGATTTGGATATTCTATTATATTCAGAATTTAAAGCATTTTATTTACAAATGAAGCAAAAAGATATAAATGAACTGAAAAATTCTGA","Pf3D7_06_v3-1282656-1282930-1A.1","3A60T",423,1,1
"IM-23-122-RMAM","8070933864","Maziba","Pf3D7_02_v3-628941-629172-1A","ACTTTTTTTAGATTTTTCTTGATCGTTTTCATCATTTTTTATTTCCTGTTCATCTGAGGTTTTCTTTTGTAAACGCTTAGTGCGTCCCTTTTGACCTTTTAATTTTTTTTTAAATATATTTTTAACTTGATCAATGAAGAAAGCATAATCTTGTATGACAGAAAATCT","Pf3D7_02_v3-628941-629172-1A.4","2+9N34+8N86C102+11N",734,0.807480748074808,2
"IM-23-122-RMAM","8070933864","Maziba","Pf3D7_14_v3-2260533-2260765-1A","AATAACCATCAAATACAAACTCAACCAACAAATACAGTACAATATATTCAACCAAATTATGAACAAGTCATAACACAAGTAGATCAAAATGGTAATCTATTCAATCAACAGCTTGTAGGAAGTACAGTAATGCAAAATATGACACCACAAGGTGTAAACACGTTAAATTATCCTGCAACG","Pf3D7_14_v3-2260533-2260765-1A.1","91G",419,0.418581418581419,3
"IM-23-122-RMAM","8070933864","Maziba","Pf3D7_14_v3-2355614-2355853-1A","ACTTTTCTCGATTCACATTATCCAAACCCATTTAACGAGTATGAAAAATATGACAAACATTATTATGAACTTGAAAATATTTTAAAAAACAAACTTAATGAACAATCCTTAAATTATCAATCTTTGTTAAAAATGAAAAGATTTATAAGTATGAACGATATGGAAAATAATAA","Pf3D7_14_v3-2355614-2355853-1A.2","83+8N105A",288,0.359550561797753,2
"IM-23-122-RMAM","8070933864","Maziba","Pf3D7_13_v3-2780346-2780575-1B","GTTGGATAGAATGCCCGACTACGGATCGGGAGGTCGTGGGTTCGACTCCTGCCCGGCCTAATTTTTTTCGTTTTCCTTTTTAAAGTAAAAAAGGATAATATTTTTAAAAAACATTTAGTATATATATTTTTTTTAAATAATAAATCTATTATATTATTAAATATTATGAGAAGA","Pf3D7_13_v3-2780346-2780575-1B.2","61+9N76C86+8N105+8N126+10N",75,0.141242937853107,2
"IM-23-122-RMAM","8070933864","Maziba","Pf3D7_06_v3-176108-176338-1A","ATTATTATTATTATTATTATGATGATGATGATGATGATGATCTGTGTTAAGATCATCTTCTATACCATTAGTTAAACATTTTATATTTTTATTCATATAAACATTAATCTTCACAACAGATTTATCAGATCTAGAAAATCTTGTACCTGTTGCTTTATGTAACAATAT","Pf3D7_06_v3-176108-176338-1A.5","1+38N",9,0.0129310344827586,3
"IM-23-122-RMAM","8070933864","Maziba","Pf3D7_10_v3-1386657-1386909-1A","CGATTTTGGTAGGGAACAGGTTAAATATATTGAAGACGTGGTTTGATAATCAGGTATTTCTTTAATTAAATATTCATGATATTGTTCGTTAGATACATAAATTAATTCGTCTTCCACATTTTGCTGTTCTGTTATAATTTGTGAAGAAGCTTGGTTTGTCTTATTTGGTAATTGCTCTTTTATGA","Pf3D7_10_v3-1386657-1386909-1A.14","112T",593,0.630851063829787,4
"IM-23-122-RMAM","8070933864","Maziba","Pf3D7_13_v3-2814606-2814855-1B","TAGCGATAATGATCCTGCAGTAGTAAGTGGTAGAGAATCTAAAGATGTAAATCTTCATACTTCTGAAAGGATTAAAGAAAATGAAGAAGGTGTGATTAAAACAGATGATAGTTCAAAAAGTATTGAAATTTCTAAAATACCATCTGACCAAAATAATCATAGTGATTTATCACAGAATGCAAATGAGGACTCTA","Pf3D7_13_v3-2814606-2814855-1B.1","109T",678,0.635426429240862,2
"IM-23-122-RMAM","8070933864","Maziba","Pf3D7_13_v3-2816310-2816554-1B","CAAATACTTTTCAATATAGGTCTAGTGAAAGTGTGGAAGTAATAACTAATAAACCTGATGAAATGGAAATGACAACTAAACCACCATCACAATACATTGAAAAGGAAATTGGAGAAATTGATTCTACAAAAAATCAAGATAATGATGAACAAAGCAATTCTATAATTCCTTTAATTAATAAAAATAATGAA","Pf3D7_13_v3-2816310-2816554-1B.1","127+8N",960,0.995850622406639,2
"IM-23-122-RMAM","8070933864","Maziba","Pf3D7_04_v3-115455-115684-1A","TATTAATGTCATTTTGTTTTTCTTTATTATTATTATTTTTATTTTTTCCCTGGTTATCTTTCTTATTACCTAGCTTTTTTTTGTTGTCATTATTTTCTGTCTGATTATTATTTTTGACTTTGTTCATCTTTGAATTATCCGTTCTGTTTGTATGTCTCAAGCAAGGT","Pf3D7_04_v3-115455-115684-1A.16","24+25N61T74+10N",10,0.00675675675675676,3
"IM-23-122-RMAM","8070933864","Maziba","Pf3D7_13_v3-479569-479811-1A","CTAGAGACGAATTTGATGATAAAAGAAAATTAAAAGAAGAGAAAATTAAACAATGCCAACTATTAAATGAAAAACAACTAGAAGAAAAAGAAAAAGAAAAAAGAATTCTGAGAGAAAAAGCTGTTGAATATACCATACAAAATGAAGAAGAATATAAACAACTAAAAGGAAAATT","Pf3D7_13_v3-479569-479811-1A.6","96+8N135A168G",296,0.309623430962343,3
"IM-23-122-RMAM","8070933864","Maziba","Pf3D7_13_v3-479569-479811-1A","CTAGAGACGAATTTGATGATAAAAGAAAATTAAAAGAAGAGAAAATTAAACAATGCCAACTATTAAATGAAAAACAACTAGAAGAAAAAGAAAAAGAAAAAAGAATTCTGAGAGAAAAAGCTGTTGAATATACCTTACAAAATGAAGAAGAATATAAACAACTAAAACGAAAATT","Pf3D7_13_v3-479569-479811-1A.1","96+8N",642,0.671548117154812,3
"IM-23-122-RMAM","8070933864","Maziba","Pf3D7_13_v3-748254-748510-1B","ATACCAAAAAAAATAAAATAAAATAAAATGAAATAATAAATAAATAAATATACATATATTTACATATATATATATATAATTACACATATTTTTGATTGAGGACAAATTACATGTAGTGTAGTTCGTCTTCCTTGTGCGTTTCAATCACACAATCCGATTTAGGATAACATGTACACAAAAGAATATATTTTTTCTT","Pf3D7_13_v3-748254-748510-1B.2","5+10N25I=AAAAT39+33N108A180+8N",308,1,1
"IM-23-122-RMAM","8070933864","Maziba","Pf3D7_13_v3-815862-816091-1A","ATGATGTAGATGCTAACACAACATCCTGGTCAGTATCTTGTGATAAATAATTTAATTTGTCCGCTAAAAAATAAAGTATAATTTCACAGCTTTTTTTATTTGTATCTGTGTTTTTCATGTTATCATAAAAAGACAAAGATGAAGTAGCACATGAGTTAATTA","Pf3D7_13_v3-815862-816091-1A.1","17C19C20A65+8N90+9N",549,1,1
"IM-23-122-RMAM","8070933864","Maziba","Pf3D7_07_v3-896613-896849-1B","ACAATGAAAAAATGTATTAATGATGAATTATATAAAATAAAAATAAATGTAGGTTTATATAAAAAGGATAGAAAAAAATTATCCTTTTTTATATTGTTGCATAAATTTTATTTAGATAATTATAATATTGTTATTAATAAATTAAAAAATATGAATAATTTAATAGAAA","Pf3D7_07_v3-896613-896849-1B.1","6+8N71+9N84+8N143+8N",496,1,1
"IM-23-122-RMAM","8070933864","Maziba","Pf3D7_13_v3-1465901-1466157-1A","CATAAAGGGTCCGATAACATTTTTTACATTTTCCCATGCAGAATCAGCATACAAGTTACATTTACCATCTGATGGATGACAACCTACAAGAAATCTGTTGAAAGCTACATTAATACCTTGTCCAATACCAAAAACAGCTATTTTAACACCACGATCATTTAATTTTCTTGATTCTTTTAATGAATCTTGAATACTAT","Pf3D7_13_v3-1465901-1466157-1A.1","19+8N158T",228,0.387096774193548,4
"IM-23-122-RMAM","8070933864","Maziba","Pf3D7_13_v3-1465901-1466157-1A","CATAAAGGGTCCGATAACATTTTTTACATTTTCCCATGCAGAATCAGCATACAAGTTACATTTACCATCTGATGGATGACAACCTACAAGAAATCTGTTGAAAGCTACATTAATACCTTGTCCAATACCAAAAACAGCTATTTTAACACCACGATCATTTAATTTTCTTGATTCTTTTAATGAATTTTGAATACTAT","Pf3D7_13_v3-1465901-1466157-1A.17","19+8N158T186T",354,0.601018675721562,4
"IM-23-122-RMAM","8070933864","Maziba","Pf3D7_07_v3-1066661-1066903-1A","TATAGTTTTGTAATTTATTGGTATGTGTTGTTAAAGGAGAATTTTTTTAATATCCCTTGTCATGGGCAAAATGAGAAAAAAGAAATAAAAAACTTTTATGTTCAACATGAAGATATTTGTGAACACACTATTGGTAATCATATGTTAGGTGATAAATTAAAAATGTGTACATCTAATATTAATG","Pf3D7_07_v3-1066661-1066903-1A.1","4A41+9N75+8N86+8N",395,0.232079905992949,3
"IM-23-122-RMAM","8070933864","Maziba","Pf3D7_14_v3-407306-407542-1A","CTTTCTTTCGTCTTTCTGTTCATTATCCATATAATCTTTTTCTCCTTCCTTTTCATTCTTTACTTTATTTCTATTAATACACAACTCTCCTTGAGTTAAGAGATTTACGATATTATCAATATTGTTTTCTTTCATATACTTCAACTTTTTACTATTCATTTTTAAAAGA","Pf3D7_14_v3-407306-407542-1A.1",".",609,0.631088082901554,3
"IM-23-122-RMAM","8070933864","Maziba","Pf3D7_14_v3-407306-407542-1A","CTTTCTTTCGTCTTTGTTTTCATTATCCATATAATCTTTTTCTCCTTCCTTTTCATTCTTTACTTTATTTCTATTAATACACAACTCTCCTTGAGTTAAGAGATTTACGATATTATCAATATTGTTTTCTTTCATATACTTCAACTTTTTACTATTCATTTTTAAAAGA","Pf3D7_14_v3-407306-407542-1A.7","16G18T",41,0.0424870466321244,3
"IM-23-122-RMAM","8070933864","Maziba","Pf3D7_11_v3-2001725-2001999-2","AGATGTAAGAACTAAGAATGTAAATACAAGTAAGAGAAATGAAGGACTTAATGATATAAATGAATCAGAAAAAACAAGAACAAGAAGGCCATCAACAAAATCAAATAATAATAATGTATCATACGAGAATGAATTAGAGAGTGTATCTGAATCGTTTGATAACTTTTTGGAGGATCATATGAAGGAAGGTGTTTTTTTAGATGGGGAAAA","Pf3D7_11_v3-2001725-2001999-2.2","68+8N191+9N",183,0.423611111111111,3
"IM-23-122-RMAM","8070933864","Maziba","Pf3D7_04_v3-544454-544718-1A","ACAAAATATAATACTTTATATACAAATGCTTATAAAAAATTTTAACTCGAACGTACTTCAAAATAATATAAATGAACAAGAAGTAATACATAATAACATCAACATTAATAATATAAAAGAAGAACAAATTATACCAAATAATATCAAGAATATCCATAATAATGACAATATTAATCATTGTGATGATAATAAAATAA","Pf3D7_04_v3-544454-544718-1A.3","33+8N",235,0.325936199722608,2
"IM-23-122-RMAM","8070933864","Maziba","Pf3D7_14_v3-106867-107115-1A","AATGACATGAACAAGTCAGGCGAAAAAGAGGAACATGTTATAAATAGTAAATGGAAAAATAAATTTTTCCATGAAGTAATACAAAATATGTTATATGATGATAATATAAATGATCATAAGGAAGAAATTAAGGAAGATAATTCTAATGAATATAATATCAATAATAAAAATGATAATTTATATGATATA","Pf3D7_14_v3-106867-107115-1A.1","78A",15,0.027027027027027,3
"IM-23-122-RMAM","8070933864","Maziba","Pf3D7_14_v3-1166107-1166371-1A","TTTTTGAATTATTAAATATATCTTCTATAAAAAAAGAATATCAAGCTATACATAACAATAAGTATTTTTTATGGAATATGGATGCAGATTTTTTTACTATAAAAAATCATCATAAGGATAATAAGGATAACAATGATGAAAATGTGAATGTAATAATACAACAAAATAATTTAGTTCTAGAAAAATATGATCATTTAATAGA","Pf3D7_14_v3-1166107-1166371-1A.2","28+9N64+8N88+9N100+8N179A",339,0.830882352941177,2
"IM-23-122-RMAM","8070933864","Maziba","Pf3D7_14_v3-1392837-1393086-1A","ACATGTATTGTCCCCAGCATGAATCGGGTGATAAATATTATCAAGCGTATCAAAAAATGGATTGTAATTATTACTACTATTCATATCATTATTTTTTGTGGTGGTGGACTGTGAAATGTTTTCCTTATGATTTTGACTTGTGTGTATATCCCTACCAACAATATATTCAACATTATTATTATCAAAAA","Pf3D7_14_v3-1392837-1393086-1A.3","51+8N91+8N162T",17,0.0214105793450882,2
"IM-23-122-RMAM","8070933864","Maziba","Pf3D7_04_v3-900526-900759-1A","TTAACAACTTATCATCATTTATTAGATTCTTTTCATTGAACAGATTATTAACAGTATCCATAATTTTATGATCATCCGTGTTATATGTATCTATACAAGTATTTAACTTGCTTATATAATTTACATATTTCAACGGATCATTTTGAAGTATGCAATCATCGAATGAATA","Pf3D7_04_v3-900526-900759-1A.4","37T",596,0.583170254403131,3
"IM-23-122-RMAM","8070933864","Maziba","Pf3D7_14_v3-2020604-2020849-1A","CAAGAACATGAATATTTCTGTATATACATAGACAAGTCCTCATTATGTCTTATCACAGGGTGCTCTTCTTTAATATGACAATATAATTTTATATGTTTTATTATTTCTTGATGAATTTCACATAATAAAAATAATGTGTGATTCATATGTTGACTACCCAATATAGAAAAGCCACTAACTAATTG","Pf3D7_14_v3-2020604-2020849-1A.4","23T65+8N",327,0.362930077691454,3
"IM-23-122-RMAM","8070933864","Maziba","Pf3D7_13_v3-852647-852921-1A","TACGAAATGATGAATTAAAAGAATTAACATTTATGAAAAATAAAGAAAATAGGAATGCAGATACATATGTTTTTCATTATCCTAAAAAAGAGAAATATGACCAATTAGTTTTTGAATTACGTAAACATAATTTTAATATAACAAGCATGAATACATATAAAAAACTAAATAATGAAACATCATCACAAAAAGAAGAAAATGCTTCTATAATAAGTT","Pf3D7_13_v3-852647-852921-1A.5","75C83+8N158+8N169A170T",4,0.0109289617486339,4
"IM-23-122-RMAM","8070933864","Maziba","Pf3D7_13_v3-852647-852921-1A","TACGAAATGATGAATTAAAAGAATTAACATTTATGAAAAATAAAGAAAATAGGAATGCAGATACATATGTTTTTCATTATCCTAAAAAAGAGAAATATGACCAATTAGTTTTTGAATTACGTAAACATAATTTTAATATAACAAGCATGAATACATATAAAAAACTAACAAATGAAACATCATCACAAAAAGAAGAAAATGCTTCTATAATAAGTT","Pf3D7_13_v3-852647-852921-1A.1","75C83+8N158+8N",236,0.644808743169399,4
"IM-23-122-RMAM","8070933864","Maziba","Pf3D7_13_v3-156713-156986-1A","TCCTTTTATGTGAACAAATTAAATATTGTAAATGATTTCTTTTTTGAAACACACCATAAAGATACACCTCAAGACAGTCAAAATGAACACAAAACGGATGAACCTAAAATACATAATGTTTTCAAAAAAAAAAATAACGATATCTTTGTTAATATTCCTCTACCAAAAATATTTAAAAATTTCTTACATTCCATATATTTTAGAACTCC","Pf3D7_13_v3-156713-156986-1A.3","39+8N50C68C123+13N",9,0.0200892857142857,2
"IM-23-122-RMAM","8070933864","Maziba","Pf3D7_05_v3-213027-213251-1A","ATGTACTTATCCCCTGATATGATTGTTCCAATATCATCAAAATCAGTAATCTCTAAATCATTTATATGATTTATATGTATAAATTCTTTTATCTTGTTCAAATAATTTCTGTAATAAAATATATTCTCTTTATCATCATCAATTATTTTCATATAATC","Pf3D7_05_v3-213027-213251-1A.6","25G26T",12,0.00895522388059702,5
"IM-23-122-RMAM","8070933864","Maziba","Pf3D7_07_v3-432832-433091-1A","TTGAAAAAGTCATCATCAGAATGGGGATGATTATTATTGTTATTATGAGTTTGGTTCGTATTAATATTATGCTCCTTTTCGTTATTTAATTTATGTTCATTTATATTTTTATAAATAAATAATTTTCCAAGAAGTATACCATTAATAAACTTACTAGTTAACATATTAGACTGCTCAATATTTGTACATTTTTTTAATGTATGTATT","Pf3D7_07_v3-432832-433091-1A.1","30+17N188+9N",738,0.670909090909091,4
"IM-23-122-RMAM","8070933864","Maziba","Pf3D7_06_v3-1136091-1136364-1A","CATTATTTTTGTATCCAACGTCGTTATTATTAAAACTTATTATTTGATTAATAACTGACGAACCACATATATTTACACAATGGAATACATAACTTAAGAAAGAGTAGTAATTGCATTTTACTTTTTGCATTTTCCCTCTGGTGGAGAAATAATTATTATGCTGCTTATTACTTTTTGTATTATGATAATTTTTGGTAATCATTTTTTTT","Pf3D7_06_v3-1136091-1136364-1A.2","201+9N",625,0.987361769352291,2
"IM-23-122-RMAM","8070933864","Maziba","Pf3D7_06_v3-1140900-1141174-1A","CTTCCATGTGAGCTTCAAAATCGTCTGAAGGTCGACTAGACATGAAAAATTCAGATTGAGGTAAATCATCAAATGGATGATTTCTATATGATATTCTAGGTATTAATCCTAAGATATTATTTATGCTATTACATTGAGAATTTCCTTCATTGGTTGTGGTACTTATATCCACATTTTGGTGATCATCAAGATATAATGTATTTTCTTTAGAACTT","Pf3D7_06_v3-1140900-1141174-1A.1","189A",152,0.329718004338395,2
"IM-23-122-RMAM","8070933864","Maziba","Pf3D7_14_v3-771407-771633-1A","ACCCACGGGACATTTTAATTTATACCTATTGGAACATTTTTTATTAGGTCTTTCTTTATGATTCTTCTTTAAAATAGGTTCATCATTATTTGAGTAAACTAACAGATCATTATGGTTCTCAAAATTATTATAACCATCAATATTTTTATTTCCATATACATCTATAA","Pf3D7_14_v3-771407-771633-1A.3","36+8N108C114G",24,0.0179372197309417,3
"IM-23-122-RMAM","8070933864","Maziba","Pf3D7_09_v3-270915-271160-1A","CTTTGTATGTATTATCTGTTGTTTTATCTTCACCTTGATTTCCTGTACTTGTAGATTCAGTAGATGGACCTTCAGAACCTGATAATTCATCACTAGTAGATGCAGCACTTGTACTTTTAGATTGTTCTTTTAATGGTCCCATATATTTGTATAATTCTATTTCTAAATCTTGATCCTTGGTTTTTTCTTCTAA","Pf3D7_09_v3-270915-271160-1A.3","85A180+8N",352,0.317403065825068,2
"IM-23-122-RMAM","8070933864","Maziba","Pf3D7_09_v3-270915-271160-1A","CTTTGTATGTATTATCTGTTGTTTTATCTTCACCTTGATTTCCTGTACTTGTAGATTCAGTAGATGGACCTTCAGAACCTGCTAATTCATCACTAGTAGATGCAGCACTTGTACTTTTAGATTGTTCTTTTAATGGTCCCATATATTTGTATAATTCTATTTCTAAATCTTGATCCTTGGTTTTTTCTTCTAA","Pf3D7_09_v3-270915-271160-1A.1","82C85A180+8N",757,0.682596934174932,2
"IM-23-122-RMAM","8070933864","Maziba","Pf3D7_06_v3-1192628-1192867-1A","GATTATATATTTCTATATTTTAATAAGAATGCGTTACACAAACATGATGCCTCTAATGAAATGTGTTTTGTGAAAAACGAAGATTCTACACGCACAAAAGGACATATGAATGATGAACAAAATGATTTATATAAAATAAATAATAATACAACATATTTTTTTAACAAAAACCACT","Pf3D7_06_v3-1192628-1192867-1A.1","30T155+9N",899,0.973997833152763,2
"IM-23-122-RMAM","8070933864","Maziba","Pf3D7_06_v3-1197245-1197515-1A","CATTAGGAAAAACAACAGAGCCTTCTTCCATACCATAAATACATAAATCATTTCCACTAATCTTTTCTAAATATTGCACAAAAGAATCAATATCATTATAAGATGACATCTTCTTTCTTATAAAATCTAATTGAGCTTTGGTAAATCGAAAACAATTAATATATTTTATTACTTCATATACACCAGCTAATATAGCAAATTGAC","Pf3D7_06_v3-1197245-1197515-1A.1","20G",735,1,1
"IM-23-122-RMAM","8070933864","Maziba","Pf3D7_09_v3-685560-685825-1A","GAACCAAACAACGACAAAGGAACAAGATAATTTTTTCCATTTTTATAAAAGTAATATATATGATATGGAAAATAGAACATGTAATAATAATATATTACAATATTGTGTTATGAATAATAAATCATATTTATTTCATAATATATCATCCAAAAAAAATATATATATAAAAAAAAAGAATCATCAGTTTTCTTTATTCATATATT","Pf3D7_09_v3-685560-685825-1A.1","30+8N79A148+10N165+11N",19,0.612903225806452,2
"IM-23-122-RMAM","8070933864","Maziba","Pf3D7_07_v3-717260-717493-1A","GAGCTTGCTTTTTTGTTGCGTTACTTGCTGGGCTGATCAAAAAAAAAGTTGAATGTATTGAACTTAGTGCCAGCGAAATTTCCCCTCATGAAAACAAATCGACGAGTTCATCAATATTCCAAGAGGAATTAAAATTTGATGAGTCTCTGAGAAATTTTTTCAAACAA","Pf3D7_07_v3-717260-717493-1A.4","8+8N38+11N141G151G154+8N",855,0.663819875776398,4
"IM-23-122-RMAM","8070933864","Maziba","Pf3D7_09_v3-685560-685825-1A","GAACCAAACAACGACAAAGGAACAAGATAATTTTTTCAATTTTTATAAAAGTAATATATATGATATGGAAAATAGAACATGTAATAATAATATATTACAATATTGTGTTATGAATAATAAATCATATTTATTTCATAATATATCATCCAAAAAAAATATATATATAAAAAAAAAGAATCATCAGTTTTCTTTATTCATATATT","Pf3D7_09_v3-685560-685825-1A.3","30+8N38A79A148+10N165+11N",12,0.387096774193548,2
"IM-23-122-RMAM","8070933864","Maziba","Pf3D7_05_v3-213027-213251-1A","ATGTACTTATCCCCTGATATGATTCCTCCAATATCATCAAAATCAGTAATCTCTAAATCATTTATATGATTTATATGTATAAATTCTTTTATCTTGTTCAAATAATTTCTGTAATAAAATATATTCTCTTTATCATCATCAATTATTTTCATATAATC","Pf3D7_05_v3-213027-213251-1A.2",".",12,0.00895522388059702,5
"IM-23-122-RMAM","8070933864","Maziba","Pf3D7_13_v3-2770621-2770854-1B","ATTCCAAGAAATATTTTTAAAAAAAAATAGTGAGTTAGATGATCACGTATGGAATATAGAAAGTATTACTACGAATATATTAGAGAGGAATAAATTAAGTGATCAAAATAATGAAGATAACCATGATGTTAATAATAATAATGAAGACCCATCTGGGGGTAATTTAAAAAC","Pf3D7_13_v3-2770621-2770854-1B.1","18+11N130+13N",224,0.418691588785047,2
"IM-23-122-RMAM","8070933864","Maziba","Pf3D7_10_v3-1386657-1386909-1A","CGATTTTGGTAGAGAACAGGTTAAATATATTGAAGACGTGGTTTGATAATCAGGTATTTCTTTAATTAAATATTCATGATATTGTTCGTTAGATACATAAATTAATTCGTCCTCCACATTTTGCTGTTCTGTTATAATTTGTGAAGAAGCTTGGTTTGTCTTATTTGGTAATTGCTCTTTTATGA","Pf3D7_10_v3-1386657-1386909-1A.3","13A",17,0.0180851063829787,4
"IM-23-122-RMAM","8070933864","Maziba","Pf3D7_13_v3-1465901-1466157-1A","CATAAAGGGTCCGATAACATTTTTTACATTTTCCCATGTAGAATCAGCATACAAGTTACATTTACCATCTGATGGATGACAACCTACAAGAAATCTGTTGAAAGCTACATTAATACCTTGTCCAATACCAAAAACAGCTATTTTAACACCACGATCATTTAATTTTCTTGATTCTTTTAATGAATCTTGAATACTAT","Pf3D7_13_v3-1465901-1466157-1A.12","19+8N39T158T",6,0.0101867572156197,4
"IM-23-122-RMAM","8070933864","Maziba","Pf3D7_10_v3-1386657-1386909-1A","CGATTTTGGTAGGGAACAGGTTAAATATATTGAAGACGTGGTTTGATAATCAGGTATTTCTTTAATTAAATATTCATGATATTGTTCGTTAGATACATAAATTAATTCATCCTCCACATTTTGCTGTTCTGTTATAATTTGTGAAGAAGCTTGGTTTGTTTTATTTGGTAATTGCTCTTTTATGA","Pf3D7_10_v3-1386657-1386909-1A.4","109A160T",177,0.188297872340426,4
"IM-23-122-RMAM","8070933864","Maziba","Pf3D7_10_v3-1392371-1392620-1A","TGATGAAAATGATGATTCCCATTTTTCTAATTCTTTAGTATCTGAAACGAGTTACAATCAAGATTACTCTTTATACACTATTAATATTTTGAATGGACTTCCTGATAAAAAAAGTAATATGAAAAATATTGATTTAGAAAAATTTAAAGATACTTCAATACATACAAAGGAAGAGGGACCCATTGTA","Pf3D7_10_v3-1392371-1392620-1A.3","21A23T41T43T49G106+9N",2,0.00323624595469256,3
"IM-23-122-RMAM","8070933864","Maziba","Pf3D7_12_v3-63081-63314-1A","TTTCCGTCATAATAGTTGCATACATTCTATTAAAAACTTTGGGTACTCCTAATATAATTTCACCTTTTGAATTACATATGTCTGTATTCAAAAATTTTATATCTCTACTCCATATATTTATCTTTACACCCAAAAACAAAGTAATGAAAAAAATAACCCTTTCATA","Pf3D7_12_v3-63081-63314-1A.9","142T146+9N",24,0.0243161094224924,3
"IM-23-122-RMAM","8070933864","Maziba","Pf3D7_12_v3-63081-63314-1A","TTTCCGTCATAATAGTTGCATACATTCTATTAAAAACTTTGGGTACTCCTAATATAATTTCAGCTTTTGAATTACATATGTCTGTATTCAAAAATTTTATATCTCTACTCCATATATTTATCTTTACACCCAAAAACAAAGTAATGAAAAAAATAACCCTTTCATA","Pf3D7_12_v3-63081-63314-1A.3","63G142T146+9N",606,0.613981762917933,3
"IM-23-122-RMAM","8070933864","Maziba","Pf3D7_06_v3-532166-532407-1A","AGAACAATTGCTAAACACCAAATTGGGTGAAACAAAAAACCACCTGAACAGAACCCCATTTATACCTGAATCGGTCATACGAGAAAGGAAATTACGCCAAGAAAAAGCGCAATCCACAAACAACATGTTCGATTCAACAAACGCAGATAGTATTACTTCCCCATGTGATCCAACGAATGCCACG","Pf3D7_06_v3-532166-532407-1A.1","33+8N109G157T",41,0.0210796915167095,5
"IM-23-122-RMAM","8070933864","Maziba","Pf3D7_06_v3-532166-532407-1A","AGAACAATTGCTAAACACCAAATTGGGTGAAACAAAAAACCACCTGAACAGAACCCCATTTATACCTGAATCGGTCATACGAGAAAGGAAATTACGCCAAGAAAAAGCTCAATCCACAAACAACATGTTCGATTCAACAAACGCAGATAGTATTACGTCCCCATGTGATCCAACGAATGCCACG","Pf3D7_06_v3-532166-532407-1A.8","33+8N",3,0.00154241645244216,5
"IM-23-122-RMAM","8070933864","Maziba","Pf3D7_06_v3-532166-532407-1A","AGAACAATTGTTAAACACCAAATTGGGTGAAACAAAAAACCACCTGAACAGAACCCCATTTATACCTGAATCGGTCATACGAGAAAGGAAATTACGCCAAGAAAAAGCTCAATCCACAAACAACATGTTCGATTCAACAAACGCAGATAGTATTACGTCCCCATGTGATCCAACGAATGCCACG","Pf3D7_06_v3-532166-532407-1A.9","11T33+8N",1155,0.593830334190231,5
"IM-23-122-RMAM","8070933864","Maziba","Pf3D7_08_v3-412801-413062-1A","ATGAAGAAATATACGAATATATACTTATAAACGATATTTTTAATTTAAAAAAAGAAATAAAAAATTTCAATATATTAAATAAATATGATGTATTTGAATATATTATTATTATTTTAAAATTGTATGATAAAATATATCCTGATGCAAAGTACATCGAATGTGTACGAGAAACATCACAGAATGGTGATCCTTTA","Pf3D7_08_v3-412801-413062-1A.2","46+9N58+8N101+13N",84,0.571428571428571,2
"IM-23-122-RMAM","8070933864","Maziba","Pf3D7_08_v3-412801-413062-1A","ATGAAGAAATATACGAATATATACTTATAAACGATATTTTTAATTTAAAAAAAGAAATAAAAAATTTCAATATATTAAATAAATATGATGTATTTGAATATATTATTATTATTTTAAAATTGTATGATAAAATATATCCTGATGCAGAGTACATCGAATGTGTACGAGAAACATCACAGAATGGTGACCTTTTA","Pf3D7_08_v3-412801-413062-1A.4","46+9N58+8N101+13N147G188C190T",63,0.428571428571429,2
"IM-23-122-RMAM","8070933864","Maziba","Pf3D7_07_v3-729480-729750-1A","TGAATGTTCAGAAATTTTATATCACTTAAATCGTTTGAGTGCGTTAGATCAAATATTGTTGAAAGATAAAATAAGTATATATGAGTATCAGCTAAAGGACACGTTTTTAACAACGTATGATATAGGTTGTTTATTAAAAATAGCTCAAGTGTTGAATGAACAAAATTATTATGATAACATTCCATTTTTGCATATATTTTTATATAACATACATAA","Pf3D7_07_v3-729480-729750-1A.2",".",339,0.779310344827586,2
"IM-23-122-RMAM","8070933864","Maziba","Pf3D7_04_v3-141741-141990-1A","TGAATACCATATAGCCCTTTCAAATTATATAAAGACAGAACTAAGAAATATAAACCTGCAAGAAATAAAAAACAATATAATAAAAATATTTAAAGAATTCAAATCTGCACACAAAGAAATTAAAAAAGAATCAGAACAAATTAATAAAGAATTTACCAAAATGGATGTCGTCATAAATCAATTAAGAGATATAG","Pf3D7_04_v3-141741-141990-1A.1","66+8N121+8N",35,0.0256410256410256,3
"IM-23-122-RMAM","8070933864","Maziba","Pf3D7_02_v3-628941-629172-1A","ACTTTTTTTAGATTTTTCTTGATCGTTTTCATCATTTTTTATTTCCTGTTCATCTGAGGTTTTCTTTTGTAAACGCTTAGTGCGTTGCTTTTGACCTTTTAATTTTTTTTTAAATATATTTTTAACTTGATCAATGAAGAAAGCATAATCTTGTATGACAGAAAATCT","Pf3D7_02_v3-628941-629172-1A.2","2+9N34+8N87G102+11N",175,0.192519251925193,2
"IM-23-122-RMAM","8070933864","Maziba","Pf3D7_02_v3-630641-630907-1A","CTAAGTTATCTAAAATTATTAATTTTTTCAAATATGGTAATTCATGTCTATGAAGTAATAAGCCATCAACTAAATCTAAATCTAAACATAACCATTCTAATTTCGTTTCATTTAATATGTTTACAATTACATCTATACTAAAGTTAGAATGTAAAATCAAGGTTGTTACACCACTCATCATAGCTGCCATATCAACAAT","Pf3D7_02_v3-630641-630907-1A.3","22+8N",520,1,1
"IM-23-122-RMAM","8070933864","Maziba","Pf3D7_11_v3-1019050-1019319-1A","TCAAAACTTATTGCTACCGTAATACCTAAAGGAGGCATTTTACATAATCTTTTTACACTCGTAAGAATATTATTATAAAAGATTTCTTGATATCTATCATACATATGAATATTATTTAGAGATTTATATATATTATTATTTTGTTCATATAATAATATATTATTTAAAGACTTATCCATAATTTTTGTACATTTTATATTTTCTATA","Pf3D7_11_v3-1019050-1019319-1A.1",".",133,1,1
"IM-23-122-RMAM","8070933864","Maziba","Pf3D7_14_v3-407306-407542-1A","CTTTCTTTTGTCTTTGTTTTCATTATCCATATAATCTTTTTCTCCTTCCTTTTCATTCTTTACTTTATTTCTATTAATACACAATTCTCCTTGAGTTAAGAGATTTACGATATTATCAATATTGTTTTCTTTCATATACTTCAACTTTTTACTATTCATTTTTAAAAGA","Pf3D7_14_v3-407306-407542-1A.67","9T16G18T85T",315,0.326424870466321,3
"IM-23-122-RMAM","8070933864","Maziba","Pf3D7_04_v3-544454-544718-1A","ACAAAATATAATACTTTATATACAAATGCTTATAAAAAATTTTAACGCGGACGTACTTCAAAATAATATAAATGAACAAGAAGTAATACATAATAACATCAACATTAATAATATAAAAGAAGAACAAATTATACCAAATAATATCAAGAATATCCATAATAATGACAATATTAATCATTGTGATGATAATAAAATAA","Pf3D7_04_v3-544454-544718-1A.6","33+8N47G50G",486,0.674063800277393,2
"IM-23-122-RMAM","8070933864","Maziba","Pf3D7_11_v3-408285-408534-1A","TATGAAGAAGGTTTAAAATATTGTGCGTCATCAATTAATTTATGGATATGTGCTATCGATTTACAAATAGAAAAAAAGAATTATACAGGTGCTAGGGCTTTGACGGAGAAAGCAAAAATCAAAATCAAGTATTTAAATTCTTTTAATAATAATAGTCATATTTTAAAAAGTAAAGAAATTATTGAA","Pf3D7_11_v3-408285-408534-1A.4","70+9N96G",11,0.0172143974960876,2
"IM-23-122-RMAM","8070933864","Maziba","Pf3D7_04_v3-748105-748359-1B","TGTGCATGTTGTAAGGTTGAAAGCAAAAATGAGGGGAAAAAAAATGAGGTTTTTAATAACTACACATTTAGAGGTCTAGGAAATAAAGGAGTATTACCATGGAAATGTATTTCCCTAGATATGAAATATTTTCGTGCAGTTACAACATATGTGAATGAATCAAAATATGAAAAATTGAAATATAAGAGATGTAAAT","Pf3D7_04_v3-748105-748359-1B.1","36+10N110T133C",463,1,1
"IM-23-122-RMAM","8070933864","Maziba","Pf3D7_08_v3-1344618-1344845-1A","TATCTTTTCCATATATAATAACGCATGAATTCTTTAAATATATCTTTTACTTTATCTGTAAGTTTCATGGAATCTATTATTTCATGTGCATATTTTATTTTTGCCTCGTTTATATATTTACCTGCTTTTAATTTACATAAACATTTTTCTATTAAGTTTTG","Pf3D7_08_v3-1344618-1344845-1A.6",".",202,0.19002822201317,4
"IM-23-122-RMAM","8070933864","Maziba","Pf3D7_14_v3-1392837-1393086-1A","ACATGTATTGTCCCCAGCATGAATCGGGTGATAAATATTATCAAGCGTATCAAAAAATGGATTGTAATTATTACTACTATTCATATCATTATTTTTTGTGGTGGTGGACTGTGAAATGTTTTCCTTATGATTTTGACTTGTGTGTATATCCCTACCAACAACATATTCAACATTATTATTATCAAAAA","Pf3D7_14_v3-1392837-1393086-1A.2","51+8N91+8N",777,0.978589420654912,2
"IM-23-122-RMAM","8070933864","Maziba","Pf3D7_08_v3-1365750-1365999-2","TTTCTAGGTTGTTTCTTGCTTCAATTCTATTTTTATTTTGTTCATCCTCTTCTTTATATTTTTCTGCATCATTTACCATACGATCGATATCATCTTTTGATAATCTTCCTTTATCATTTGTAATAGTAATTTGGTTTTGTTTACCAGTACCTTTATCTAATGCTGTTACATTTAGGATACCATT","Pf3D7_08_v3-1365750-1365999-2.1",".",968,1,1
"IM-23-122-RMAM","8070933864","Maziba","Pf3D7_14_v3-2260533-2260765-1A","AATAACCATCAAATACAAACTCAACCAACAAATACAGTACAATATATTCAACCAAATTATCAACAAGTCATAACACAAGTAGATCAAAATGGTAATCTATTCAATCAACAGCTTGTAGGAAGTACAGTAATGCAAAATATGACACCACAAGGTGTAAACACGTTAAATTATCCTGCAACG","Pf3D7_14_v3-2260533-2260765-1A.3","61C91G",578,0.577422577422577,3
"IM-23-122-RMAM","8070933864","Maziba","Pf3D7_08_v3-476232-476475-1A","CAAACACATGATAAACAAAAGTGTAAGGAAAATTTTTCAAATTCATTTGTTAATGAAATATATGAAAAAGAAGAAAAAGAAACGCAAAAAATGAAAGAATATTTAGAACAACATGAAGAACATTTTTCAACGTTTAGAAATTCAATTTTATGTAAATTAAGAATAGCTGAAGAATT","Pf3D7_08_v3-476232-476475-1A.1","85+8N",29,0.044478527607362,2
"IM-23-122-RMAM","8070933864","Maziba","Pf3D7_08_v3-1366575-1366822-2","TTTAGCTTTTTCACATTGTGTTCTTAATCTTCTTAATGATTTTGAATTTTTGGAAACATCTTTACCTCCATTTTTTTTTTTAAAATCTTGTACACAGAAGTTTACTAATTTATTATCAAAATCTTCTCCTCCTAAATGTGTATCTCCTGAGGTAGCTTTAACTTCAAAAATTCCATCTTCAAGTGTTAATAAGG","Pf3D7_08_v3-1366575-1366822-2.1","70+13N",1144,0.990476190476191,2
"IM-23-122-RMAM","8070933864","Maziba","Pf3D7_08_v3-1366575-1366822-2","TTTAGCTTTTTCACATTGTGTTCTTAATCTTCTTAATGATTTTGAATTTTTGGAAACATCTTTACCTCCATTTTTTTTTTTAAAATCTTGTACACAGAAGTTTACTAATTTATTATCAAAATCTTCTCCTCCTAAATGTGTATCTCCTGAGGTAGCTTTAACTTCAAAAATTCCATCTTCAATTGTTAATAAGG","Pf3D7_08_v3-1366575-1366822-2.2","70+13N183T",11,0.00952380952380952,2
"IM-23-122-RMAM","8070933864","Maziba","Pf3D7_09_v3-164045-164311-1A","ATCAACTGGTGTTGCAAAACCATTAGTTACCAATTTTAATTCTCCATTTAGTGCTTTTGGTAAAACAAATACCAGTGATATATTTAAAACTAATACTACTGCATCAACTACAAATGCAACTGCAACTGCAACTCCTGCTCCCTTTGGATCAGCATTTGGAGCGCAAAAGAATAATGATAGCTTGTTTGGAAATAATGCATTCAAGCTTTCG","Pf3D7_09_v3-164045-164311-1A.1",".",312,0.417112299465241,2
"IM-23-122-RMAM","8070933864","Maziba","Pf3D7_09_v3-164045-164311-1A","ATCAACTGGTGTTGCAAAACCATTAGTTACCAATTTTAATTCTCCATTTAGTGCTTTTGGTAAAACAAATACCAGTGATATATTTAAAACTAATACTACTGCATCAACTACAAATGCAACTGCAACTGCAACTGCAACTCCTGCTCCCTTTGGATCAGCATTTGGAACGCAAAAGAATAATGATAGCTTGTTTGGAAATAATGCATTCAAGCTTTCG","Pf3D7_09_v3-164045-164311-1A.56","134I=GCAACT161A",436,0.582887700534759,2
"IM-23-122-RMAM","8070933864","Maziba","Pf3D7_09_v3-202854-203106-1A","AATATACAAAGAATGCATATGATAAAATATTCTTTGTCCTTTAAAATTTTTTGTTCTTGTACTTTGTTTTTTATAATCTATTAAATTCATATCTGATGAAATATCATATTTATATTCCCCTTTATGAGCATTTACAAAAGTTTCGTTATTTCTTTTATTAATATATGTATTTGAGCACATATATTTAT","Pf3D7_09_v3-202854-203106-1A.7","16C46+8N66+8N146T",4,0.00322061191626409,3
"IM-23-122-RMAM","8070933864","Maziba","Pf3D7_06_v3-1140900-1141174-1A","CTTCCATGTGAGCTTCAAAATCGTCTGAAGGTCGACTAGACATGAAAAATTCAGATTGAGGTAAATCATCAAATGGATGATTTCTATATGATATTCTAGGTATTAATCCTAAGATATTATTTATGCTATTACATTGAGAATTTCCTTCATTGGTTGTGGTACTTATATCCACATTTTGGTGATCATCAGGATATAATGTATTTTCTTTAGAACTT","Pf3D7_06_v3-1140900-1141174-1A.2",".",309,0.670281995661605,2
"IM-23-122-RMAM","8070933864","Maziba","Pf3D7_07_v3-475313-475545-1A","AGCTTTATTATCTACAAAAAATCCACGTGGATATATGAAACAAATGAAATTGTATTTTATATTCCAAATTAAAGAAATTGCATTAAGAAAACATGGCTCTTTACTTACAGTCAAAAATTTATATGATAATAAACTTTTAAATATAAATTCATCATCTTCTACAAATA","Pf3D7_07_v3-475313-475545-1A.2","15+8N125G",756,0.794952681388013,2
"IM-23-122-RMAM","8070933864","Maziba","Pf3D7_07_v3-627351-627625-1A","TCACTAAGATAATTATTATTACCATTTTCAGCATAATAAAACTTCTGATGTTTTATAAGAGGAGTTTGGTTAGAAGCAAAATTATCAGCAGTTGTCGAATAATTATTATGTTCTTGATAAAAGAGATTATTCATATAGTTATTATTATTTTTCATATCATCCATAGTATTATTGTTAATATAAAATTCCTCATATGAATTATATATATA","Pf3D7_07_v3-627351-627625-1A.5","23C42C",1,0.0036101083032491,2
"IM-23-122-RMAM","8070933864","Maziba","Pf3D7_11_v3-1294664-1294910-1A","AAAAGATAAATTATTTGAAAACTATACATATTTAAGTAAAAATGTAGTTGATAACTGGGAAGAAGTTTGCCCTAGAAAGAATTTAGAGAATGCAAAATTCGGATTATGGGTCGATGGAAATTGTGAAGATATACCACATGTAAATGAATTTTCAGCAAATGATCTTTTTGAATGTAATAAATTAGTTTTTGAATTG","Pf3D7_11_v3-1294664-1294910-1A.12","9A12T17G40A62G86G152T159A",11,0.00552486187845304,7
"IM-23-122-RMAM","8070933864","Maziba","Pf3D7_11_v3-1294664-1294910-1A","AAAAGATATATCATTTCAAAACTATACATATTTAAGTAAAAATGTAGTTGATAACTGGGAAAAAGTTTGCCCTAGAAAGAATTTAAAGAATGCAAAATTCGGATTATGGGTCGATGGAAATTGTGAAGATATACCACATGTAAATGAATTTTCAGCAAATGATCTTTTTGAATGTAATAAATTAGTTTTTGAATTG","Pf3D7_11_v3-1294664-1294910-1A.14","40A86A152T159A",6,0.00301356102461075,7
"IM-23-122-RMAM","8070933864","Maziba","Pf3D7_11_v3-1294664-1294910-1A","AAAAGATATATCATTTCAAAACTATACATATTTAAGTAAAAATGTAGTTGATAACTGGGAAAAAGTTTGCCCTAGAAAGAATTTAAAGAATGCAAAATTCGGATTATGGGTCGATGGAAATTGTGAAGATATACCGCATGTAAATGAATTTCCAGCAATTGATCTTTTTGAATGTAATAAATTAGTTTTTGAATTG","Pf3D7_11_v3-1294664-1294910-1A.41","40A86A136G",623,0.312908086388749,7
"IM-23-122-RMAM","8070933864","Maziba","Pf3D7_09_v3-82006-82236-1A","TTTATCATCTTTAGGCCATAACCAGAGTACAAGCAATCCAACTATAACAATTGTAATTAACATTATAAATACTGTAATACCATAAACACTACCAGAAGCGATCAGAAATGCACTAAAAGTATAACAACATTCACTTAGAATAAGAGTAGCGATAAAACTAAAAATAGC","Pf3D7_09_v3-82006-82236-1A.10","95G",3,0.00191938579654511,5
"IM-23-122-RMAM","8070933864","Maziba","Pf3D7_07_v3-729480-729750-1A","TGAATGTTCAGAAATTTTATATCACTTAAATCGTTTGAGTGAGTTAGATCAAATATTGTTGAAAGATAAAATAAGTATATATGAGTATCAGCTAAAGGACACGTTTTTAACAACGTATGATATAGGTTGTTTATTAAAAATAGCTCAAGTGTTGAATGAACAAAATTATTATGATAACATTCCATTTTTGCATATATTTTTATATAACATACATAA","Pf3D7_07_v3-729480-729750-1A.1","42A",96,0.220689655172414,2
"IM-23-122-RMAM","8070933864","Maziba","Pf3D7_13_v3-1465616-1465890-1A","TCTTGTGGATTATTATCTATTATATTTTCTTTTGGTTTTTCGACAGCAAAATTATCTCCTCTTGGTCTAGGTTGATCATCTTCGGGTTCATCTGGAACATCTAATGGTTCCCGTTTTGGAGGACATCTTTCTTCTTCACATTGTTCTTGTAATTCACTTGTACATCCTTCGTGTAAGATTTCTCTTTTTCTTGACCTGGTACCTTTACCACAAGTTACACTACATGGAGA","Pf3D7_13_v3-1465616-1465890-1A.51","30T121G",539,0.582702702702703,6
"IM-23-122-RMAM","8070933864","Maziba","Pf3D7_13_v3-1465901-1466157-1A","CATAAAGGGTCCGATAACATTTTTTACATTTTCCCATGCAGAATCAGCATACAAGTTACATTTACCATCTGATGGATGACAACCTACAAGAAATCTGTTGAAAGCTACATTAATACCTTGTCCAATACCAAAAACAGCTATTTTAACACCAAGATCATTTAATTTTCTTGATTCTTTTAATGAACCTTGAATACTAT","Pf3D7_13_v3-1465901-1466157-1A.5","19+8N152A158T185C",1,0.00169779286926995,4
"IM-23-122-RMAM","8070933864","Maziba","Pf3D7_13_v3-2770621-2770854-1B","ATTCCAAGAAATATTTTTAAAAAAAAATAGTGAGTTAGATGATCACGTATGGAATATAGAAAGTATTACTACGAATATATTAGAGAGGAATAAATTAAGTGATCAAAATAATGAATATAACCATGATGTTAATAATAATAATGAAGACCCATCTGGGGGTAATTTAAAAAC","Pf3D7_13_v3-2770621-2770854-1B.2","18+11N116T130+13N",311,0.581308411214953,2
"IM-23-122-RMAM","8070933864","Maziba","Pf3D7_01_v3-535965-536239-1A","GCTCATTTGATATTTTCCAGTTGTTTGATTTTAAAAATGATGTATATTTTTTAGATGATAATTTGTTCGACAAGGATATGGTATATTGTACAAGTACCAACAATTATGGCGTTATGGGAAATGATAATGATGATGATAAAATAATAAAAATACAAAATTTAAATGAGAAATTAAAAAATGGAAAAGCTGAATTTAAAGATATATTATTAT","Pf3D7_01_v3-535965-536239-1A.1","46+8N121+17N172+8N",83,0.194379391100703,5
"IM-23-122-RMAM","8070933864","Maziba","Pf3D7_02_v3-290580-290821-1A","TTATTATAAGGATTATAATTATTATCATTCTTATTATATGGATTAATATAATTTCGATCATTATCATTACTGTTTTCATCATATTGTGGATAATTATTTCTATTTCTATTTTGATTAAAATCCGATTGTCTATATCTAACTCTAATATCTGTAGATGCTAAATCATTAGGTAATGGG","Pf3D7_02_v3-290580-290821-1A.18","12+26N77C",241,0.22253000923361,4
"IM-23-122-RMAM","8070933864","Maziba","Pf3D7_13_v3-2814583-2814832-2","TCAGTCTTCTAATTCTAGCGATAATGATCCTGCAGTAGTAAGTGGTAGAGAATCTAAAGATGTAAATCTTCATACTTCTGAAAGGATTAAAGAAAATGAAGAAGGTGTGATTAAAACAGATGATAGTTCAAAAAGTATTGAAATTTCTAAAATACCATCTGACCAAAATAATCATAGTGATTTATCACAG","Pf3D7_13_v3-2814583-2814832-2.1","124T",1399,0.626230975828111,2
"IM-23-122-RMAM","8070933864","Maziba","Pf3D7_06_v3-416462-416720-1A","AAGAAAAAATGGACATTGTGGAGAATATAAAAAATAGAGGAAAGGAAAAAACAGAATTAACATATAAAGAAGTATATAAAACACAACAGAATCAAAATGATGCAAGTTTAAATTCATTTTGGGGTGATGAAAAAAAAAATAATAATTATGATATAGATATAGTAAAAGAGAAATATAGTGAGTTAATGAAAAAAAAAGAA","Pf3D7_06_v3-416462-416720-1A.1","3+8N28+8N45+8N129+12N188+11N",488,0.851657940663176,2
"IM-23-122-RMAM","8070933864","Maziba","Pf3D7_06_v3-416462-416720-1A","AAGAGAAAATGGACATTGTGGAGAATATAAAAAATAGAGGAAAGGAAAAAACAGAATTAACATATAAAGAAGTATATAAAACACAACAGAATCAAAATGATGCAAGTTTAAATTCATTTTGGGGTGATGAAAAAAAAAATAATAATTATGATATAGATATAGTAAAAGAGAAATATAGTGAGTTAATGAAAAAAAAAGAA","Pf3D7_06_v3-416462-416720-1A.2","3+8N28+8N45+8N129+12N188+11N",85,0.148342059336824,2
"IM-23-122-RMAM","8070933864","Maziba","Pf3D7_04_v3-115455-115684-1A","TATTAATGTCATTTTGTTTTTCTTTATTATTATTATTTTTATTTTTTCCCTGGTTATCTTCCTTATTACCTAGCTTTTTTTTGTTGTCATTATTTTCTGTCTGATTATTATTTTTGACTTTGTTCATCTTTGAATTATTCGTTCTGTTTGTATGTCTCAAGCAAGGT","Pf3D7_04_v3-115455-115684-1A.5","24+25N74+10N139T",21,0.0141891891891892,3
"IM-23-122-RMAM","8070933864","Maziba","Pf3D7_10_v3-992331-992603-1A","TCATTATATTTTTAAAAAAAAAAATTATGATATAAAATCTTCAATTAATAAAAGATCTATCCAGTTCTTTAAAGACACTAATATAGATCATTATATAGCATATGAATATTATAAGGAGGACCGTACAGAATTTATATTAACTATTATGAATGAAAAAAATATTACTCATCAAGAAACTCAAAGTCTTGAAATGAAAAAGTTGAAAG","Pf3D7_10_v3-992331-992603-1A.3","13+13N127A152+9N",10,0.0209205020920502,3
"IM-23-122-RMAM","8070933864","Maziba","Pf3D7_10_v3-992331-992603-1A","TCATTATATTTTTAAAAAAAAAAATTATGATATAAAATCTTCAATTAATAAAAGATCTATCCAGTTCTTTAAAGACACTAATATAGATCATTATATAGCATATGAATATTATAAGGAGGACCGTACGGAATTTATATTAACTATTATGAATGAAAAAAATATTACTCATCAAGAAACTCAAAGTCTTGAAATGAAAAAGTTGAAAG","Pf3D7_10_v3-992331-992603-1A.2","13+13N152+9N",287,0.600418410041841,3
"IM-23-122-RMAM","8070933864","Maziba","Pf3D7_06_v3-532166-532407-1A","AGAACAATTGCTAAACACCAAATTGGGTGAAACAAAAAACCACCTGAACAGAACCCCATTTATACCTGAATCGGTCATACGAGAAAGGAAATTACGCCAAGAAAAAGCTCAATCCACAAACAACATGTTCGATTCAACAAACGCAGATAGTATTACTTCCCCATGTGATCCAACGAATGCCACG","Pf3D7_06_v3-532166-532407-1A.5","33+8N157T",19,0.00976863753213368,5
"IM-23-122-RMAM","8070933864","Maziba","Pf3D7_02_v3-503040-503288-1A","ATTATGATTAATAATAATATTTCTCATAATTTCGTTAAATACATCTAAACTATTTATAGAACCATCTATATCATCTTCATTCCTATTTTGGTGAACCGATTCGGTGTTTATAACATCTAAGGTGTCTTTTTCTTCTCCTCTGTAACTTTTTATAATTTTTTGATAAATGTTGTTATAAGAATTATCA","Pf3D7_02_v3-503040-503288-1A.2","97C155+8N",151,0.127749576988156,2
"IM-23-122-RMAM","8070933864","Maziba","Pf3D7_13_v3-156456-156685-1A","ATTATATGATATTTATATAAAATTAGAAAATCTAATTTTAGAAAAAATAACTGAAAGTATATACAATAGTACACCTCCATATAGAGTTATTATGTTCGAATTAATGACCAGATTGTTTCGATTTTATACAAAACCAATAGACCTTATTATTACTATGAATACAC","Pf3D7_13_v3-156456-156685-1A.2","41+8N115G",376,0.964102564102564,2
"IM-23-122-RMAM","8070933864","Maziba","Pf3D7_12_v3-659881-660127-1A","GGTGGTTTAACATTTTCAGCTATGAGTTTTTCGACTGGTGGCAATCCTACTTTGATTAATTCCTTTAACATAAGTTTTGCGTGTCTTTTTACTTCTGATTTGATATCAAAGCTTGATTCTAAAAAGGTTGGTGAATTTTTTTGTAAAACACTGACAAGTTCATTTGATATGGTCTCTGCTAAATCATCACCA","Pf3D7_12_v3-659881-660127-1A.32","23T27T35C38G73A74G83+9N135+9N",528,0.618266978922717,5
"IM-23-122-RMAM","8070933864","Maziba","Pf3D7_08_v3-476232-476475-1A","CAAACACATGATAAACAAAAGTGTAAGGAAAATTTTTCAAATTCTTTTGTTAATGAAATATATGAAAAAGAAGAAAAAGAAACGCAAAAAATGAAAGAATATTTAGAACAACATGAAGAACATTTTTCAACGTTTAGAAATTCAATTTTATGTAAATTAAGAATAGCTGAAGAATT","Pf3D7_08_v3-476232-476475-1A.2","45T85+8N",623,0.955521472392638,2
"IM-23-122-RMAM","8070933864","Maziba","Pf3D7_14_v3-377765-378020-1A","AAAGATATATCAACTGAAAAGATTTTATCAAATAATTGCTTTAATAATAAGTTAAAAAATTGATTTCCAATATCTATCATATTCATATAATCTAATGATTTAAAAATATATAATATACTCTTTGGACTAAATTTTAATTCATCATTTATTATTCTCTCTTTTACTATTGTTTTAATTTGATTAAAATATATAA","Pf3D7_14_v3-377765-378020-1A.1","21G53+8N71T154C170T",211,0.599431818181818,2
"IM-23-122-RMAM","8070933864","Maziba","Pf3D7_05_v3-961511-961758-1B","CTGCAGAAGATTATACTGTATTTAATAATAATGGAGAAATATTATTAGATGATATTAATATATGTGATTATAACTTAAGAGATCTTAGAAACTTATTTTCAATAGTTAGTCAAGAACCCATGTTATTTAATATGTCCATATATGAAAATATCAAATTTGGAAGAGAAGATGCAACATTGGAAGAT","Pf3D7_05_v3-961511-961758-1B.1",".",768,1,1
"IM-23-122-RMAM","8070933864","Maziba","Pf3D7_07_v3-1149367-1149613-1A","TATTTGACTAGTCGAATAATATTTAATATTTTTGTTTAGGAAGTTTTCAAAATTGATGACATTGATAACCGTTTTTATTAAATCGCTTGGGTTGTTTGTGTGTTCCATTGTAGAAGACATAATTTTAAGAATGTGTTTTTGTGTTATTAAACAAAACTTTGTTACTATATGGAATCGTATGTTAT","Pf3D7_07_v3-1149367-1149613-1A.2",".",15,0.00807319698600646,3
"IM-23-122-RMAM","8070933864","Maziba","Pf3D7_07_v3-1149367-1149613-1A","TATTTGACTAGTCGAATAATATTTAATATTTTTGTTTAGGAAGTTTTCAAAATTGATGACATTGATAACCGTTTTTATTAAATCGCTTGGGTTGTTTGTGTGTTCTATAGTAGAAGACATAATTTTAAGAATGTGTTTTTGTGTTATTAAACAAAACTTTGTTACTATATGGAATCGTATGTTAT","Pf3D7_07_v3-1149367-1149613-1A.1","106T109A",654,0.351991388589882,3
"IM-23-122-RMAM","8070933864","Maziba","Pf3D7_07_v3-1149367-1149613-1A","TATTTGACTAGTCGAATAATATTTAATATTTTTGTTTAGGAAGTTTTCAAAATTGATGACATTGATAACCGTTTTTATTAAATCGCTTGGGTTGTTTGTGTGTTCTATTGTAGAAGACATAATTTTAAGAATGTGTTTTTGTGTTATTAAACAAAACTTTGTTACTATATGGAATCGTATGTTAT","Pf3D7_07_v3-1149367-1149613-1A.7","106T",1189,0.639935414424112,3
"IM-23-122-RMAM","8070933864","Maziba","Pf3D7_04_v3-648065-648332-1A","TATAACTTCTGATTCAGTTTTGTTAAGATATATACCAAGAGATCTTAACAAATATAATAATTTTTCACCACTAACTCCATCTTTATTAGTATCGTATTCTTTAAATATTGATTCAATCTCAGCTCTCTTAAAGAAAACAAATATATATACATATATATATGTATTTATATGAATTTGTATCAATAAATAATAACATTCTTA","Pf3D7_04_v3-648065-648332-1A.2","4A141+30N",162,0.552901023890785,2
"IM-23-122-RMAM","8070933864","Maziba","Pf3D7_04_v3-748374-748611-1B","AAACTGGGAAAGCATTCCAAAAAAATTTAAACCTTTAAGCAATAGGATAAATGTTATATTGTCTAGAACCTTAAAAAAAGAAGATTTTGATGAAGATGTTTATATCATTAACAAAGTTGAAGATCTAATAGTTTTACTTGGGAAATTAAATTACTATAAATGTTTTATATTAG","Pf3D7_04_v3-748374-748611-1B.3","3A18+9N72+9N169A170T",3,0.0032258064516129,2
"IM-23-122-RMAM","8070933864","Maziba","Pf3D7_14_v3-137398-137668-1A","ACCATTCATATTTTCTAGGTTTGTTTAACCAATTACATATATATAATATATTACAAAATAATTGTTTTAATAATATATGTTTAGTTAATATTAATTCAATACTACTTAATTTATTTCTTATATTTTTTAAAAGATCTTCATAAACAAAATCAAAATTATCTATTAATAATAAATAACCAAATCTTTTATGTACATTTTTTATTC","Pf3D7_14_v3-137398-137668-1A.2","122+8N194+8N",33,0.272727272727273,2
"IM-23-122-RMAM","8070933864","Maziba","Pf3D7_08_v3-1365709-1365954-1B","ATTTTCATCTTGTAATGTGTTTTTAACATTATAGCAGTAATTTTCTAGGTTGTTTCTTGCTTCAATTCTATTTTTATTTTGTTCATCCTCTTCTTTATATTTTTCTGCATCATTTACCATACGATCGATATCATCTTTTGATAATCTTCCTTTATCATTTGTAATAGTAATTTGGTTTTGT","Pf3D7_08_v3-1365709-1365954-1B.1",".",477,1,1
"IM-23-122-RMAM","8070933864","Maziba","Pf3D7_05_v3-1322099-1322341-1A","TTCCAATAGAAACTATATTACGATTTCCTTCATGAGGTAAATTGACATTCATCTTATATGTATAATTAAGGATGAGTAATAAATTGTATAAAAATATTTTTATTTAATAATTTATATGTATTATTAATAATTCTGAATTTATCAATTGATATATTATTTTTGTTTTTCTTTATGCCATTC","Pf3D7_05_v3-1322099-1322341-1A.1",".",82,0.330645161290323,3
"IM-23-122-RMAM","8070933864","Maziba","Pf3D7_14_v3-2260533-2260765-1A","AATAACCATCAAATACAAACTCAACCAACAAATACAGTACAATATATTCAACCAAATTATGAACAAGTCATAACACAAGTAGATCAAAATCGTAATCTATTCAATCAACAGCTTGTAGGAAGTACAGTAATGCAAAATATGACACCACAAGGTGTAAACACGTTAAATTATCCTGCAACG","Pf3D7_14_v3-2260533-2260765-1A.2",".",4,0.003996003996004,3
"IM-23-122-RMAM","8070933864","Maziba","Pf3D7_07_v3-432832-433091-1A","TTGAAAAAGTCATCATCAGAATGGGGATGATTATTATTGTTATTATGAGTTTGGTTCGTATTAATATTATGATCCTTTTCGTTATTTAATTTATGTTCATTTATATTTTTATAAATAAATAATTTTCCAAGAAGTATACCATTAATAAACTTACTAGTTAACATATTAGACTGCTCAATATTTGTACATTTTTTTAATGTATGTATT","Pf3D7_07_v3-432832-433091-1A.4","30+17N72A188+9N",183,0.166363636363636,4
"IM-23-122-RMAM","8070933864","Maziba","Pf3D7_12_v3-2092529-2092798-1B","AGTTGAAGGGGGAGGAATGATCGGAGTTATCAGATTAGAAAATCAAGTGAGAAATCCCCCTGTAATAAAATTGAAGAGTCATACATCTCCCATCCTTGATTTGTCATTTAACCCGTGTTATAGTGAGATATTAGCTTCATGTTCAGAAGATATGTCTATAAGAATATGGGAGATACGTCATGAGGATGAGAATGTGAATGAGGTA","Pf3D7_12_v3-2092529-2092798-1B.1",".",579,1,1
"IM-23-122-RMAM","8070933864","Maziba","Pf3D7_03_v3-980853-981120-2","TAAGATTCTTTTGAGTTATTTATTTTCCAAATAATTTGGTTATATATATATGAAAATTCGATCATACCACATGCTCCAAGAATAATAGATGCATCGTCATTATATTGGAATGTAAAACTTTCATCATACTCATTTGTATTAGGTACACAAGAATCATCTTTATTTTTATAATTTTCTTTACATGTACAATTAATTTTACTATATT","Pf3D7_03_v3-980853-981120-2.1",".",404,1,1
"IM-23-122-RMAM","8070933864","Maziba","Pf3D7_04_v3-1005938-1006187-1A","GTCTTAACATTAATCTTAGTTACAAAGTTACATGGATTTATTGAAAAGATATTTTCGTCACTATATTTCTTTTTTTCCATATCCGTTTGATCATTTTTATATGTTTTCATATTATCCATATGTTCATTATTTTGATCAATATAATTTTTTTTTATAATAAATTTAGAATTATTTTTAAAGAAA","Pf3D7_04_v3-1005938-1006187-1A.1","69+9N84C98T144+11N",20,0.0336134453781513,3
"IM-23-122-RMAM","8070933864","Maziba","Pf3D7_07_v3-475313-475545-1A","AGCTTTATTATCTACAAAAAATCCACGTGGATATATGAAACAAATGAAATTGTATTTTATATTCCAAATTAAAGAAATTGCATTAAGAAAACATGGCTCTTTACTTACAGTCAAAAATTTATATAATAATAAACTTTTAAATATAAATTCATCATCTTCTACAAATA","Pf3D7_07_v3-475313-475545-1A.1","15+8N",195,0.205047318611987,2
"IM-23-122-RMAM","8070933864","Maziba","Pf3D7_09_v3-202854-203106-1A","AATATACAAAGAATGTATATGATAAAATATTCTTTGTCCTTTAAAATTTTTTGTTCTTGTACTTTGTTTTTTATAATCTATTAAATTCATATCTGATGAAATATCATATTTATATTCCCCTTTATGAGCATTTACAAAAGTTTCGTTATTTCTTTTATTAATATATGTATTTGAGCACATATATTTAT","Pf3D7_09_v3-202854-203106-1A.2","46+8N66+8N146T",767,0.617552334943639,3
"IM-23-122-RMAM","8070933864","Maziba","Pf3D7_13_v3-1406713-1406975-1A","TTTCAGGTCTTCTTAAATATGTTTTAAATTCATTATTTAATTTTTCATCATATTTAGGTACATTTTTTTTTGGAAATCTAGATGTTTCATTATTATCGTGATTTGATGAATATATATAATGAGTTTGTTTAAAATGTGGTTCATTCAAATTATCTTTTTTCTTATCTTCGTGTATATTTTTATTATAATTTGAATACTTC","Pf3D7_13_v3-1406713-1406975-1A.2","62+11N154+8N",323,0.661885245901639,2
"IM-23-122-RMAM","8070933864","Maziba","Pf3D7_13_v3-1406713-1406975-1A","TTTCATGTCTTCTTAAATATGTTTTAAATTCATTATTTAATTTTTCATCATATTTAGGTACATTTTTTTTTGGAAATCTAGATGTTTCATTATTATCGTGATTTGATGAATATATATAATGAGTTTGTTTAAAATGTGGTTCATTCAAATTATCTTTTTTCTTATCTTCGTGTATATTTTTATTATAATTTGAATACTTC","Pf3D7_13_v3-1406713-1406975-1A.1","6T62+11N154+8N",165,0.338114754098361,2
"IM-23-122-RMAM","8070933864","Maziba","Pf3D7_13_v3-1419363-1419626-1A","TTTTGAAATCTGTATATTCTTTACCATATTTATCGATATTTATTTTGTTCTTTTTGTTTGAAATATCAACTACATGATTAAAAACATCTCCTAAATTATATAATTTCTTATCTAGGTCTTTTTGAAATGTCGATTCTCCTCCTTGTGCTGGTTTTTGTACTTCTTGTCCTTGTGTTGATATCTCTTGTTCATTTTTAGATTGAG","Pf3D7_13_v3-1419363-1419626-1A.15","16+8N31T37T",75,0.29296875,2
"IM-23-122-RMAM","8070933864","Maziba","Pf3D7_13_v3-1419363-1419626-1A","TTTTGAAATCTGTATATTTTTTATCATGTTCATCGAGATTTATTTTGTTCTCTTTGTTTGAAATATCAACTACATGATTAAAAACATCTCCTAAATTATATAATTTCTTATCTAGGTCTTTTCGAAATGTCGATTCTCCTCCTTGTGCTGGTTTTTGTACTTCTTTTCCTTGTGTTGATATCTCTTGTTCATTTTTAGATTGAG","Pf3D7_13_v3-1419363-1419626-1A.5","16+8N24T28G52C123C166T",181,0.70703125,2
"IM-23-122-RMAM","8070933864","Maziba","Pf3D7_13_v3-1465616-1465890-1A","TCTTGTGGATTATTATCTATTATATTTTCGTTTGGTTTTTCGACAGCAAAATTATCTCCTCTTGGTCTAGGTTGATCATCTTCGGGTTCATCTGGAACATCTAATGGTTCCCGTTTTGGAGGACATCTTTCTTCTTCACATTGTTCTTGTAATTCACTTGTACATCCTTCGTGTAAGATTTCTCTTTTTCTTGACCTGGTACCTTTACCACAAGTTACACTACATGGAGA","Pf3D7_13_v3-1465616-1465890-1A.9","121G",8,0.00864864864864865,6
"IM-23-122-RMAM","8070933864","Maziba","Pf3D7_11_v3-1294664-1294910-1A","AAAAGATATATCATTTCAAAACTATACATATTTAAGTAAAAATGTAGTTGATAACTGGGAAGAAGTTTGCCCTAGAAAGAATTTAGAGAATGCAAAATTCGGATTATGGGTCGATGGAAATTGTGAAGATATACCACATGTAAATAAATTTTCAGCAAATGATCTTTTTGAATGTAATAAATTAGTTTTTGAATTG","Pf3D7_11_v3-1294664-1294910-1A.2","40A62G86G146A152T159A",8,0.00401808136614766,7
"IM-23-122-RMAM","8070933864","Maziba","Pf3D7_09_v3-82006-82236-1A","TTTATCATCTTTAGGCCATAACCAGAGTACAAGCAATCCAACTATAACAATTGTAATTAACATTATAAATACTGTAATACCATAAACACTACCAGAAGCGATCAGAAATGCACTAAAAGTATAACAATATTCACATGAAATAAGAGTAGCGATAAAACTAAAAATAGC","Pf3D7_09_v3-82006-82236-1A.6","95G128T135A137G138A",21,0.0134357005758157,5
"IM-23-122-RMAM","8070933864","Maziba","Pf3D7_11_v3-1295103-1295335-1A","ACTACTGCTTTGTCCCATCCCATCGAAGTTGAAAACAATTTTCCATGTTCATTATATAAAAATGAAATAATGAAAGAAATCGAAAGAGAATCAAAACGAATTAAATTAAATGATAATGATGATGAAGGGAATAAAAAAATTATAGCTCCAAGAATTTTTATTTCAGATGATAAA","Pf3D7_11_v3-1295103-1295335-1A.5","61A132+9N",507,0.394245723172628,3
"IM-23-122-RMAM","8070933864","Maziba","Pf3D7_11_v3-1295103-1295335-1A","ACTACTGCTTTGTCCCATCCCATCGAAGTTGAACACAATTTTCCATGTTCATTATATAAAGATGAAATAAAGAAAGAAATCGAAAGAGAATCAAAACGAATTAAATTAAATGATAATGATGATGAAGGGAATAAAAAAATTATAGCTCCAAGAATTTTTATTTCAGATGATATA","Pf3D7_11_v3-1295103-1295335-1A.6","34C71A132+9N173T",765,0.594867807153966,3
"IM-23-122-RMAM","8070933864","Maziba","Pf3D7_02_v3-290580-290821-1A","TTATTATAAGGATTATAATTATTATCATTCTTATTATATGGATTAATATAATTTCGATCATAATCATTACTGTTTTTATCATATTGTGGATAATTATTTCTATTTCTATTTTGATTAAAATCCGATTGTCTATATCTAACTCTAATATCTGTAGATGCTAAATCATTAGGTAATGGG","Pf3D7_02_v3-290580-290821-1A.6","12+26N62A",770,0.710987996306556,4
"IM-23-122-RMAM","8070933864","Maziba","Pf3D7_13_v3-156713-156986-1A","TCCTTTTATGTGAACAAATTAAATATTGTAAATGATTTCTTTTTTGGAACACACCATAAAGATACACCTCAAGACAGTCAAAATGAACACAAAACGGATGAACCTAAAATACATAATGTTTTCAAAAAAAAAAATAACGATATCTTTGTTAATATTCCTCTACCAAAAATATTTAAAAATTTCTTACATTCCATATATTTTAGAACTCC","Pf3D7_13_v3-156713-156986-1A.1","39+8N47G50C68C123+13N",439,0.979910714285714,2
"IM-23-122-RMAM","8070933864","Maziba","Pf3D7_13_v3-1724895-1725166-1B","CGCCATTTTCTCCTCCTGTAATTATATAAGAATCTGACAATGTGGCAGCTCCAAAATTCATTTTTTTCTCTGGTACACCATTTAGAAATTGCCATCTTTTATTAAATGGTTGATATTGTTCAACGGAATCTAATATGTTATGTTCATTATCAATACCTCCAACAACATATATTTGATTAAGGTAATTAAAAGCTGCTCCTGAACTTCTAG","Pf3D7_13_v3-1724895-1725166-1B.1","60+9N",317,1,1
"IM-23-122-RMAM","8070933864","Maziba","Pf3D7_13_v3-146695-146934-1A","AAAGTATTTGTAATAGATTAAACGATGAACTAAATGAAGAAATATGTGGTTATCAAATTAGGTTTGAAAAATCGTATTTTTTAAAACATAGTAAAATTAAAGTTATGACAGAAGGAATTTTATTGAAAGAAATTATGAGTGATTTTATTTTATCAAAATATAGTGTTATCATTCTTGA","Pf3D7_13_v3-146695-146934-1A.2","76+8N170C",50,0.0271591526344378,4
"IM-23-122-RMAM","8070933864","Maziba","Pf3D7_04_v3-1113397-1113639-1A","GATTCTGCATGCAGTAATGAATCTATTGAAATCATCTAAGAATAAACTTTTTTGTTTAAACCATTTATTGAACATTTCACTTAAATGTGATTCAATTTTTTTTTCTGAGCTTTCCATAATTTGATTACATCTATTCAATTTGTTTGTATAATTATTAGGTCTTATTATTCTTTTACGTTTTAAATCATC","Pf3D7_04_v3-1113397-1113639-1A.3","47+8N95+11N130T152T154A",1,0.000622277535780958,4
"IM-23-122-RMAM","8070933864","Maziba","Pf3D7_04_v3-115455-115684-1A","TATTAATGTCATTTTGTTTTTCTTTATTATTATTATTTTTATTTTTTCCCTGGTTATCTTCCTTATTACCTAGCTTTTTTTTGTTGTCATTATTTTCTGTCTGATTATTATTTTTGACTCTGTTCATCTTTGAATTATCCGTTCTGTTTGTATGTCTCAAGCAAGGT","Pf3D7_04_v3-115455-115684-1A.2","24+25N74+10N120C",1449,0.979054054054054,3
"IM-23-122-RMAM","8070933864","Maziba","Pf3D7_10_v3-1414599-1414832-1A","ATCTAGATCAACGAGGGAATATAACAACATCTCAAGGAAATTCACACCGTGCAACTGTTGTGCAACAAGCTGATCAAACCAACAGATTAGATAATGTAAACTCTGTAACGCAAAGAGGAAATAATAACTACAACAATAATTTAGAGCGTGGATTGGGTTCTGGTGCT","Pf3D7_10_v3-1414599-1414832-1A.1","70C",1374,1,1
"IM-23-122-RMAM","8070933864","Maziba","Pf3D7_04_v3-1113397-1113639-1A","GATTCTGCATGCAGTAATGAATCTATTGAAATCATCTAAGAATAAACTTTTTTGTTTAAACCATTTATTGAACATTTCACTTAAATGTGATTCAATTTTTTTTTCTGAGCTTTCCATAATTTGATTACATCTATTCAATTTGTTTGTATAAGTTTTAGGTGTTATTATTCTTTTACGTTTTAAATCATC","Pf3D7_04_v3-1113397-1113639-1A.1","47+8N95+11N130T161G",1558,0.969508400746733,4
"IM-23-122-RMAM","8070933864","Maziba","Pf3D7_10_v3-1414337-1414596-1A","GACCTGAATGGAAAGGTCAATGTGATAAATTTGAAAAAGAAAAAAGTAAATATGAAGATACTAAAAGTAGAACTGCTGAAATATATTTAAAAGAAATATGTTCTGAATGTGATTGTAAATATAAAGATTTGGATAATACATTTAAAGAATTTAATGATAACGTTACGCTTCTTAAAGCAGTAATTGATAACAAA","Pf3D7_10_v3-1414337-1414596-1A.5","17T39+8N70G82T155T167G",268,0.326034063260341,3
"IM-23-122-RMAM","8070933864","Maziba","Pf3D7_04_v3-133928-134154-1A","TTTTGAAATATCTAATTTATCCATTTGCCTTTTTATTTCATAGTCCCAACTACTTACCCAGGTATTAAAATTAATACAATCCTGTTCTGCATATTTTATGGCTTTTAAATCCCTCAATTTAGTAGCCCTATCTTCACAATAATCTTCTAATATTTTAAT","Pf3D7_04_v3-133928-134154-1A.1","21C",778,0.634066829665852,2
"IM-23-122-RMAM","8070933864","Maziba","Pf3D7_04_v3-133928-134154-1A","TTTTGAAATATCTAATTTATTCATTTGCCTTTTTATTTCATAGTCCCAACTACTTACCCAGGTATTAAAATTAATACAATCCTGTTCTGCATATTTTATGGCTTTTAAATCCCTCAATTTAGTAGCCCTATCTTCACAATAATCTTCTAATATTTTAAT","Pf3D7_04_v3-133928-134154-1A.2",".",449,0.365933170334148,2
"IM-23-122-RMAM","8070933864","Maziba","Pf3D7_04_v3-140317-140548-1A","TCGGGACAATATTATAAGGATTTTATCACATCAAGGAAAAATATTTATAATATAAGGGAAAATATATCCAAAAATGTAGATATGATAAAAAATGAAGAAAAGAAGAAAATACAGAATTGTGTAGATAAATATAATTCTATAAAACAATATGTAAAAATGCTTAAA","Pf3D7_04_v3-140317-140548-1A.1","86+8N",1838,1,1
"IM-23-122-RMAM","8070933864","Maziba","Pf3D7_13_v3-146695-146934-1A","AAAGTATTTGTAATAGATTGAACGATGAACTAAATGAAGAAATATGTGGTTATCAAATTAGGTTTGAAAAATCGTATTTTTTAAAACATAGTAAAATTAAAGTTATGACAGAAGGAATTTTATTGAAAGAAATTATGAGTGATTTTATTTTATCAAAATATAGTGTTATTATTCTTGA","Pf3D7_13_v3-146695-146934-1A.3","20G76+8N",9,0.0048886474741988,4
"IM-23-122-RMAM","8070933864","Maziba","Pf3D7_06_v3-1136091-1136364-1A","CATTATTTTTGTATCCAACGTCGTTATTATTAAAACTTATTATTTGATTAATAACTGACGAACCACATATATTTACACAATGGAATACATAACTTAAGAAAGAGTAGTAATTGCATTTTACTTTTTGCATTTTCCCTCTGGTGGAGAAATAATTATTATGCTGCTTATTACTCTTTGTATTATGATAATTTTTGGTAATCATTTTTTTT","Pf3D7_06_v3-1136091-1136364-1A.1","173C201+9N",8,0.0126382306477093,2
"IM-23-122-RMAM","8070933864","Maziba","Pf3D7_14_v3-421322-421547-1A","TAAGAAAGATGAAGTAATAGAAAAAACTGAAGTATCAAAGAAAACATTTTCAGGTATAGGTTTTAATCTTACTGAAAAAGAAGCTAAAGTATTAGGTGTAGGTGTAACCTATCAAGAATATCCAGAAACCATGTTATATAACTGTCCAAACAATTCTA","Pf3D7_14_v3-421322-421547-1A.2","20+8N76A",617,1,1
"IM-23-122-RMAM","8070933864","Maziba","Pf3D7_09_v3-163813-164052-1A","GTAATAATAATAATAATAATGTATTTCTTTCATCAAGTGATCCAAATAAATTAAACACAACACCATCACCATTTGGTTTATCATCTATTGGAAATCTAAATACAAACAATAAATTAAATAGCTTTCCAGATTTTAGTCAAGCTAATAAAACATTTCTACAAAATGATAGCTTAT","Pf3D7_09_v3-163813-164052-1A.1","2+19N28T131T",479,0.593556381660471,2
"IM-23-122-RMAM","8070933864","Maziba","Pf3D7_06_v3-1115900-1116168-1A","ATTTTTTAATAAAGCAGTACCATCTATATCTCTTCCTTTTTTTAAAACACATAAAGTTTCATCAAAATTGCTTGTGCTATTTTTATCAGGTTCAGGAAAATATTGTTTATTTGTAGAATATCCATTCTGATTACAAGTTATAATATTATTAATATTTATAAATTTTTTGTTTGTTTTTAAATCACCAAATTGATTATCGTTAT","Pf3D7_06_v3-1115900-1116168-1A.3","1+8N36+9N162+12N",2,0.00411522633744856,2
"IM-23-122-RMAM","8070933864","Maziba","Pf3D7_06_v3-1115900-1116168-1A","ATTTTTTAATAAAGCAGTACCATCTATATCTCTTCCTTTTTTTAAAACACATAAAGTTTCATCAAAATTGCTTGTGCTATTTTTATCAGGTTCAGGAAAATATTGTTTATTTGTAGAATATCCATTCTGATTACAAGTTATAATATTATTAATATTTATAAATTTTTTTTTTGTTTTTAAATCACCAAATTGATTATCGTTAT","Pf3D7_06_v3-1115900-1116168-1A.1","1+8N36+9N162+12N",484,0.995884773662551,2
"IM-23-122-RMAM","8070933864","Maziba","Pf3D7_11_v3-2001725-2001999-2","AGATGTAAGAACTAAGAATGTAAATACAAGTAAGAGAAATGAAGGACTTAATGATATAAATGAATCAGAAAAAACAAGAACAAGAAGGGCATCAACAAAATCAAATAATAATAATAATAATGTATCATACGAGAATGAATTAGAGAGTGTATCTGAATGGTTTGATAACTTTTTGGAGGATCATATGAAGGAAGGTGTTTTTTTAGATGGGGAAAA","Pf3D7_11_v3-2001725-2001999-2.5","68+8N89G116I=AATAAT153G191+9N",244,0.564814814814815,3
"IM-23-122-RMAM","8070933864","Maziba","Pf3D7_11_v3-2001725-2001999-2","GGATGTAAGAACTAAGAATGTAAATACAAGTAAGAGAAATGAAGGACTTAATGATATAAATGAATCAGAAAAAACAAGAACAAGAAGGGCATCAACAAAATCAAATAATAATAATAATAATGTATCATACGAGAATGAATTAGAGAGTGTATCTGAATGGTTTGATAACTTTTTGGAGGATCATATGAAGGAAGGTGTTTTTTTAGATGGGGAAAA","Pf3D7_11_v3-2001725-2001999-2.1","1G68+8N89G116I=AATAAT153G191+9N",5,0.0115740740740741,3
"IM-23-122-RMAM","8070933864","Maziba","Pf3D7_04_v3-648065-648332-1A","TATGACTTCTGATTCAGTTTTGTTAAGATATATACCAAGAGATCTTAACAAATATAATAATTTTTCACCACTAACTCCATCTTTATTAGTATCGTATTCTTTAAATATTGATTCAATCTCAGCTCTCTTAAAGAAAACAAATATATATACATATATATATGTATTTATATGAATTTGTATCAATAAATAATAACATTCTTA","Pf3D7_04_v3-648065-648332-1A.1","141+30N",131,0.447098976109215,2
"IM-23-122-RMAM","8070933864","Maziba","Pf3D7_14_v3-1166107-1166371-1A","TTTTTGAATTATTAAATATATCTTCTATAAAAAAAGAATATCAAGCTATACATAACAATAAGTATTTTTTATGGAATATGGATGCAGATTTTTTTACTATAAAAAATCATCATAAGGATAATAAGGATAACAATGATGAAAATGTGAATGTAATAATACAACAAAATAATTTAGTTCTCGAAAAATATGATCATTTAATAGA","Pf3D7_14_v3-1166107-1166371-1A.1","28+9N64+8N88+9N100+8N",69,0.169117647058824,2
"IM-23-122-RMAM","8070933864","Maziba","Pf3D7_04_v3-900526-900759-1A","TTAACAACTTATCATCATTTATTAGATTCTTTTCATGGAACAGATTATTAACAGTATCCATAATTTTATGATCATCCGTGTTATATGTATCTATACAAGTATTTAGCTTGCTTATATAATTTACATATTTCAACGGATCATTTTGAAGTATGCAATCATCGAATGAATA","Pf3D7_04_v3-900526-900759-1A.1","106G",399,0.39041095890411,3
"IM-23-122-RMAM","8070933864","Maziba","Pf3D7_12_v3-1959644-1959891-1A","ATGGGAAGACGATAAGAGAAGAGAAATTAATTTCTGAGGGAGCGTATTCATTTGTTTATATGGCGAAGGATTTAAACACGAATCGAGCTTATACTATAAAGAAGACCATATGTCAAGATAAAGAGAAAATAGATATGGCGAATAAAGAAATCAACATTCTTAAAAGTTTACCTCCACATAAAAATATA","Pf3D7_12_v3-1959644-1959891-1A.2",".",538,0.681875792141952,3
"IM-23-122-RMAM","8070933864","Maziba","Pf3D7_05_v3-1322099-1322341-1A","TTCCAATAGAAACTATATTACGATTTTCTTCATGAGGTAAATTGACATTCATCTTATATGTATAATTAAGGATGAGTAATAAATTGTATAAAAATATTTTTATTTAATAATTTATATGTATTATTAATAATTCTGAATTTATCAATTGATATATTATTTTTGTTTTTCTTTATGCCATTC","Pf3D7_05_v3-1322099-1322341-1A.4","27T",4,0.0161290322580645,3
"IM-23-122-RMAM","8070933864","Maziba","Pf3D7_07_v3-405570-405844-1B","ATAGCAATTGCTTATTACTTTAAATTCTTAGCCGTAAGAATTAAAAAGATATAAATATATAAATATATATGTGAAATATATGATATATATGATATATATTTTTTATATGTAATGTTTTTTTTTTTTTTCACAATATACATTTAAATGTTTATGATGGTACAACGTATCATATTTTATAATAATTTTATGCATTCATGTATATTATTTTTACTTTTT","Pf3D7_07_v3-405570-405844-1B.2","49+57N114+16N",179,1,1
"IM-23-122-RMAM","8070933864","Maziba","Pf3D7_13_v3-1465616-1465890-1A","TCTTGTGGATTATTATCTATTATATTTTCTTTTGGTTTTTCGACAACAAAATTATCTCCTCTTGGTCTAGGTTGATCATCTTCGGGTTCATGTGGAACATCTAATGGTTCCCGTTTTGGAGGACATCTTTCTTCTTCACATTGTTCTTGTATTTCACTTGTACATCCTTTGTGTAAGATTTCTCTTTTTCTTGACCTGGTACCTTTACCACAAGTTACACTACATGGAGA","Pf3D7_13_v3-1465616-1465890-1A.66","30T46A92G121G152T170T",349,0.377297297297297,6
"IM-23-122-RMAM","8070933864","Maziba","Pf3D7_01_v3-535965-536239-1A","GCTCATTTGATATTTTCCAGTTGTTTGATTTTAAAAATGATGTATATTTTTTAGATGATAATTTGTTCGACAAGGATATGGTATATTGTACAAGTACCAACAATTATGGCGTTATGGAAAATGATAATGATGATGATAAAATAATAAAAATACAAAATTTAAATGAGAAATTAAAAAATGGAAAAGCTGAATTTAAAGATATATTATTAT","Pf3D7_01_v3-535965-536239-1A.3","46+8N118A121+17N172+8N",54,0.126463700234192,5
"IM-23-122-RMAM","8070933864","Maziba","Pf3D7_03_v3-891553-891827-1A","CAAGAGCTAAGAAAACATATAGAATCATCATAAGGATGTTGATAATATAAATGTGTTTTTATTTGTGTATTTATGTCAGAATATTGTTCCTTTGATTTATCTTTAAAATAATCAAGATTATTTATGTTGGTGGCTTTATTATTATTAAAATAATTTTGATTTGTTACATGATGACTATGGGTATATTTGTATTTTACGTTTTTATTA","Pf3D7_03_v3-891553-891827-1A.10","116G178T",8,0.024390243902439,2
"IM-23-122-RMAM","8070933864","Maziba","Pf3D7_09_v3-163813-164052-1A","GTAATAATAATAATAATAATGTATTTCTTTCATCAAGTGATCCAAATAAATTAAACACAACACCATCACCATTTGGTTTATCATCTATTGGAAATCTAAATACAAACAATAAATTAAATAGCTTTCCAGACTTTAGTCAAGCTAATAAAACATTTCTACAAAATGATAGCTTAT","Pf3D7_09_v3-163813-164052-1A.2","2+19N28T",328,0.406443618339529,2
"IM-23-122-RMAM","8070933864","Maziba","Pf3D7_09_v3-202854-203106-1A","AATATACAAAGAATGCATATGATAAAATATTCTTTGTCCTTTAAAATTTTTTGTTCTTGTACTTTGTTTTTTATAATCTATTAAATTCATATCTGATGAAATATCATATTTATATTCCCCTTTATGAGCATTTACAAAAGTTTCGCTATTTCTTTTATTAATATATGTATTTGAGCACATATTTTTAT","Pf3D7_09_v3-202854-203106-1A.1","16C46+8N66+8N183T",471,0.379227053140097,3
"IM-23-122-RMAM","8070933864","Maziba","Pf3D7_13_v3-2114829-2115090-1A","ATTCAATATATATAAAAATATAGCTAATAAACATTTCAAATCTCCATTAAGAACTTTATTCATCTTAACAAAAGCTCTATGAACTTCTGTATCTATAGTCGATTTTGTTATTCTAAGCATATCATTAAGTAAAAAATTTACGGTATCGACATTAACAGTGTAATAATTTCTTCCTAAATTTAAATGTTCTATATAATTCAA","Pf3D7_13_v3-2114829-2115090-1A.5","130+8N",281,0.343941248470012,3
"IM-23-122-RMAM","8070933864","Maziba","Pf3D7_13_v3-2504481-2504734-1B","TAAAATGTGTTGATGATTTTAACAATATGGTTATAACGATAAAAGAGGAAGTAAACAATCATTGGGAAAATAATATATACAATAAAAAGGATATGGTTAATTATACAAATGAAAATTATAATGATAATATATTAACATATGAATATATTAATGAAACACTTAGAAAAGAAAAAAAAAGATATTATA","Pf3D7_13_v3-2504481-2504734-1B.1","168+11N",322,1,1
"IM-23-122-RMAM","8070933864","Maziba","Pf3D7_13_v3-2545065-2545291-1A","ATGATTCCTCAAAAGTTTAACATTCCACATAGTATCTGTTAAATTGATAGTTTGCAAACAATTATACGTTTCGTTATTTTTATTTTTAAAAAAGGATATATGATCATCTAAAGATTTATTTTTGAGAAAGATTTCCATATATTCATATATATCTTGAATACACCA","Pf3D7_13_v3-2545065-2545291-1A.8","72C87+8N",22,0.0151724137931034,4
"IM-23-122-RMAM","8070933864","Maziba","Pf3D7_04_v3-1037644-1037891-1A","GAAAGAGATTTAACAGATGATGCTGTGATTTTTGCACACTCACTTTATTTACCATTTGAAAAAGAAGAAATGTGGTGGATCGTTATCGGAATTAAAAAAATGAACTTACTTTTATCTATCAAAAAATTATCTTTATTGAAAAGTATCAATAATATAAAAATTAATTTCGAATTGCCTGACA","Pf3D7_04_v3-1037644-1037891-1A.2","93+9N120+8N145A",835,1,1
"IM-23-122-RMAM","8070933864","Maziba","Pf3D7_04_v3-1083299-1083563-2","ATACACTTTCCATATGTAGAGGACTTATGATATATAGAATTATAAGATAAATGTTTATAATAATCTAAAAAAGTATAATGAGGTATTATAACAAAATCCAAATGTCCTTCTTTTTCTTGTAAAATATCAATAGAATTTGCAATGTTATAATTTGATAACTCTTTAAAATCATGTTGTAAAAAATTAACATTTTTATA","Pf3D7_04_v3-1083299-1083563-2.4","66+8N170C173G177+8N",18,0.0235910878112713,2
"IM-23-122-RMAM","8070933864","Maziba","Pf3D7_09_v3-516735-517007-1A","ATAGAAGGATATATAAAAAATTATCAAGAATCATATAATATAAATGACCATTGTAAATTAGTTCCATTAAATTTTTATAAAGATTCTATTTCTAATGATTTAGGTACTCCATGCCCTGTGAATAGTATTACCTTAAATGTGGGCGCAAAAACTATAAATGAATGTTTGTGTAATAAAGGATATTTCTATAATGTCAAGAAACAACAATGTAA","Pf3D7_09_v3-516735-517007-1A.2","14+8N211A",18,0.036734693877551,2
"IM-23-122-RMAM","8070933864","Maziba","Pf3D7_11_v3-1295103-1295335-1A","ACTACTGCTTTGTCCCATCCCAACGAAGTTGAAAACAATTTTCCATGTTCATTATATAAAGATGAAATAAAGAAAGAAATCGAAAGAGAATCAAAACGAATTAAATTAAATGATAATGATGATGAAGGGAATAAAAAAATTATAGCTCCAAGAATTTTTATTTCAGATGATAAA","Pf3D7_11_v3-1295103-1295335-1A.7","23A71A132+9N",14,0.0108864696734059,3
"IM-23-122-RMAM","8070933864","Maziba","Pf3D7_09_v3-595828-596094-1A","ATAATTTTTTCATCGTTCTTATACATTAATGATAAAGTCTTTTTGCAAAATTTTTTGAAGAGATCAGATTTGAGATAAAGACGTTTGGCTAATCTATAGGAGAATTCTAGAGCATCTAATTTTATATTTAAACATTTTTTCGTATCCAATATATTATAATTTTGTTCATAAGTCTGTTCGTTTATATTATTTAATACTTTT","Pf3D7_09_v3-595828-596094-1A.2","4+8N50+8N94C99G108T134+8N180G",11,0.0194003527336861,3
"IM-23-122-RMAM","8070933864","Maziba","Pf3D7_07_v3-405517-405773-2","TTTTCTACCATGACATATACTATTGTTAGTTGTATACAAGGTCCAGCAATAGCAATTGCTTATTACTTTAAATTCTTAGCCGTAAGAATTAAAAAGATATAAATATATAAATATATATGTGAAATATATGATATATATGATATATATTTTTTATATGTAATGTTTTTTTTTTTTTTCACAATATACATTTAA","Pf3D7_07_v3-405517-405773-2.2","97+57N162+16N",306,1,1
"IM-23-122-RMAM","8070933864","Maziba","Pf3D7_07_v3-432832-433091-1A","TTGAAAAAGTCATCATCAGAATGGGGATGATTATTATTGTTATTATGAGTTTGGTTCGTATTAATATTATGCTCCTTTTCGTTATTTAATTTATGTTCATTTATATTTTTATAAATAAATAATTTTCCAAGAAGTATACCATTAATAAACTTACTAGTTAACATATTAGACTGCTCAATATTTGTACATTTTTTTAAAGTATGTATT","Pf3D7_07_v3-432832-433091-1A.2","30+17N188+9N198A",174,0.158181818181818,4
"IM-23-122-RMAM","8070933864","Maziba","Pf3D7_13_v3-2770591-2770863-2","ACACATCGATTTTATCAAAAGGAAATATTCCAAGAAATATTTTTAAAAAAAAATAGTGAGTTAGATGATCACGTATGGAATATAGAAAGTATTACTACGAATATATTAGAGAGGAATAAATTAAGTGATCAAAATAATGAATATAACCATGATGTTAATAATAATAATGAAGACCCATCTGGGGGTAATTTAAAAACCAATCTAAT","Pf3D7_13_v3-2770591-2770863-2.3","44+11N142T156+13N",697,0.613556338028169,2
"IM-23-122-RMAM","8070933864","Maziba","Pf3D7_05_v3-960810-961048-1B","TAATACAGGAAGCATTTTATAATATGCATACTGTTATTAATTATGGTTTAGAAGATTATTTCTGTAATTTGATAGAAAAAGCTATTGATTATAAAAATAAAGGACAAAAAAGAAGAATTATTGTAAATGCAGCTTTATGGGGATTCAGTCAAAGCGCTCAATTATTTATTAATAGTTT","Pf3D7_05_v3-960810-961048-1B.1","105+8N",853,1,1
"IM-23-122-RMAM","8070933864","Maziba","Pf3D7_02_v3-290580-290821-1A","TTATTATAAGGATTATAATTATTATCATTCTTATTATATGGATTAATATAATTTCGATCATTATCATTACTGTTTTTATCATATTGTGGATAATTATTTCTATTTCTATTTTGATTAAAATCCGATTGTCTATATCTAACTCTAATATCTGTAGATGCTAAATCATTAGGTAATGGG","Pf3D7_02_v3-290580-290821-1A.1","12+26N",15,0.0138504155124654,4
"IM-23-122-RMAM","8070933864","Maziba","Pf3D7_10_v3-1386657-1386909-1A","CGATTTTGGTAGGGAACAGGTTAAATATATTGAAGACGTGGTTTGATAATCAGGTATTTCTTTAATTAAATATTCATGATATTGTTCGTTAGATACATAAATTAATTCGTCCTCCACATTTTGCTGTTCTGTTATAATTTGTGAAGAAGCTTGGTTTGTTTTATTTGGTAATTGCTCTTTTATGA","Pf3D7_10_v3-1386657-1386909-1A.7","160T",153,0.162765957446809,4
"IM-23-122-RMAM","8070933864","Maziba","Pf3D7_10_v3-1392371-1392620-1A","TGATGAAAATGATGATTCCCTTATTTCTAATTCTTTAGTACCCGAAACAAGTTACAATCAAGATTACTCTTTATACACTATTAATATTTTGAATGGACTTCCTGATAAAAAAAGTAATATGAAAAATATTGATTTAGAAAAATTTAAAGATACTTCAATACATACAAAGGAAGAGGGACCCATTGTA","Pf3D7_10_v3-1392371-1392620-1A.1","106+9N",135,0.218446601941748,3
"IM-23-122-RMAM","8070933864","Maziba","Pf3D7_04_v3-1113397-1113639-1A","GATTCTGCATGCAGTAATGAATCTATTGAAATCATCTAAGAATAAACTTTTTTGTTTAAACCATTTATTGAACATTTCACTTAAATGTGATTCAATTTTTTTTTCTGAGCTTTCCATAATTTGATTACAACTATTCAATTTGTTTGTATAAGTTTTAGGTCTTATTATTCTTTTACGTTTTAAATCATC","Pf3D7_04_v3-1113397-1113639-1A.2","47+8N95+11N",37,0.0230242688238955,4
"IM-23-122-RMAM","8070933864","Maziba","Pf3D7_10_v3-1392371-1392620-1A","TGATGAAAATGATGATTCCCTTATTTCTAATTCTTTAGTACCCGAAACAAGTTACAATCAAGATTACTCTTTATACACTATTAATATTTTGAATGGACTTCCTGATAAAGAAAGTAATATGAAAAATATTGATTTAGAAAAATTTAAAGATACTTCAATACATACAAAGGAAGAGGGACCCATTGTA","Pf3D7_10_v3-1392371-1392620-1A.2","106+9N",481,0.77831715210356,3
"IM-23-122-RMAM","8070933864","Maziba","Pf3D7_02_v3-291770-292017-1A","TAATATCATAAGGTTTGAATATTTTCCTCTCAGGTATTATACCAACAGAAGGTTTATCATCATCTTTAAAACCTGCTCTATCTTTAACCCATTGATTAGGATTTTTTAAACATAAAGCTGGATTCTTTAATAAATCTTTCATATGTTCCATATTATTTTCTTCATTTATATATGATTCTAC","Pf3D7_02_v3-291770-292017-1A.2","101+8N",3,0.00457317073170732,4
"IM-23-122-RMAM","8070933864","Maziba","Pf3D7_10_v3-992331-992603-1A","TCATTATATTTTTAAAAAAAAAAATTATGATATAAAATCTTCAATTAATAAAAGATCTATCCAGTTCTTTAGAGACACTAATATAGATCATTATATAGCATATGAATATTATAAGGAGGACCGTACAGAATTTATATTAACTATTATGAATGAAAAAAATATTACTCATCAAGAAACTCAAAGTCTTGAAATGAAAAAGTTGAAAG","Pf3D7_10_v3-992331-992603-1A.1","13+13N72G127A152+9N",181,0.378661087866109,3
"IM-23-122-RMAM","8070933864","Maziba","Pf3D7_12_v3-659881-660127-1A","GGTGGTTTAACATTTTCAGCTACGAGTTTTTCGACTGATGGCAATCCTACTTTGATTAATTCCTTTAACATAAGTTTTGCGTGTTTTTTTACTTCTGATTTGATATCAAAGCTTGATTCTAAAAAGGTTGGTGAATTTTTTTGTAAAACACTGACAAGTTCATTTGATATGGTCTCTGCTAAATCATCACCA","Pf3D7_12_v3-659881-660127-1A.15","27T35C73A74G83+9N135+9N",308,0.360655737704918,5
"IM-23-122-RMAM","8070933864","Maziba","Pf3D7_12_v3-659881-660127-1A","GGTGGTTTAACATTTTCAGCTACGAGTTTTTCGACTGATGGCAATCCTACTTTGATTAATTCCTTTAACATAAGTTTTTGCGTGTTTTTTTACTTCTGATTTGATATCAAAGCTTGATTCTAAAAAGGTTGGTGAATTTTTTTGTAAAACACTGACAAGTTCATTTGATATGGTCTCTGCTAAATCATCACCA","Pf3D7_12_v3-659881-660127-1A.154","27T35C73I=A74T83+9N135+9N",2,0.00234192037470726,5
"IM-23-122-RMAM","8070933864","Maziba","Pf3D7_04_v3-109939-110184-1A","CAACATCTGAATTATATAAATCTTTAGAAAAACAACTAATATCCTTACTCCATATATTTATTTTTATACCAAGAATAACAGCCATATAAACCAAAACTCTCTCAAATACATGTGATACAGGTAAATAAGAAAAATGGGTTTTCGGTTTCATGTTTTTTATTACATTATGATCACATAATGGTGCTACT","Pf3D7_04_v3-109939-110184-1A.1","51C152+8N",243,0.334250343878955,3
"IM-23-122-RMAM","8070933864","Maziba","Pf3D7_04_v3-109939-110184-1A","CAACATCTGAATTATATAAATCTTTAGAAAAACAACTAATATCCTTACTCCATATATTTATTTTTATACCAAGAATAACAGCCATATAAACCAAAACTCTCTCAAATGCATGTGATACAGGTAAATAAGAAAAATGGGTTTTCGGTTTCATGTTTTTTATTACATTATGATCACATAATGGTGCTACT","Pf3D7_04_v3-109939-110184-1A.2","51C108G152+8N",7,0.00962861072902338,3
"IM-23-122-RMAM","8070933864","Maziba","Pf3D7_07_v3-432832-433091-1A","TTGAAAAAGTCATCATCAGAATGGGGATGATTATTATTGTTATTATGAGTTTGGTTCGTATTAATATTATGATCCTTTTCGTTATTTAATTTATGTTCATTTATATTTTTATAAATAAATAATTTTCCAAGAAGTATACCATTAATAAACTTACTAGTTAACATATTAGACTGCTCAATATTTGTACATTTTTTTAAAGTATGTATT","Pf3D7_07_v3-432832-433091-1A.3","30+17N72A188+9N198A",5,0.00454545454545455,4
"IM-23-122-RMAM","8070933864","Maziba","Pf3D7_13_v3-2114242-2114482-1A","CTTCCATTAACTCAATATATAATTTATTAATAATTTTTAATTTGTTTATTTCAAAAAGGCATAGTTTTAACATGGTTCTTAAGGTTCTATTACCCCCTAAGAGGTTAAAATGAATATTTCCTTTTTCTCGTATATGCAAAAAATCCCTTAACAATAAATCATATTCATCAGTATGAAATGT","Pf3D7_13_v3-2114242-2114482-1A.7","73T76T137+8N",342,0.351851851851852,5
"IM-23-122-RMAM","8070933864","Maziba","Pf3D7_03_v3-221185-221419-1B","AAATAAATTAAATAGGAAAATATAAAGAAAAATGAAAATTAAGAAAAAAAGTAGTATATATTTTTATAAATATTGTACAACTCAAACTAAGATGTGTTCTTTATCTAATTAAGGAACAAGAAGGATAATACCATTATTAATCCTATTGAACTATTTACGACATTAAACA","Pf3D7_03_v3-221185-221419-1B.1","43+9N",564,1,1
"IM-23-122-RMAM","8070933864","Maziba","Pf3D7_03_v3-221295-221532-2","AAGGAACAAGAAGGATAATACCATTATTAATCCTATTGAACTATTTACGACATTAAACACACTGGAACATTTTTCCATTTTACAAATTTTTTTTTCAATATCATTTGCATAATCTAATTCGTCTTTAGGTTTACCAGCAGAGCCAGGCTTTATTCTAACTTGAATACCATTTCCACAAGTTA","Pf3D7_03_v3-221295-221532-2.11","86+11N134C135C",736,0.65017667844523,3
"IM-23-122-RMAM","8070933864","Maziba","Pf3D7_06_v3-1128558-1128797-1A","ATTGAATCGTTGGTGTTTATTTTATTATTCCTCTTTTGTTTTTCAATGAATACAAATGTTTCATCGACACTATCTTTATGATCTATTGGTATGGCATGATTTTCTAAATTGCTATTTCTTTCATTAGAATTGTATTTTTCACTATTATAGGTTGAGGTTTTACTACATTTTATATTTTT","Pf3D7_06_v3-1128558-1128797-1A.1",".",770,1,1
"IM-23-122-RMAM","8070933864","Maziba","Pf3D7_06_v3-1135605-1135855-1A","TATAAAGAATTTATACCACCTAAATTGTTAACATTAGAAGTATTATTTGTTTCTGTATTTTCTTGTAACGTATTTGTATTATTAATATTGTTAGATGAAATATTATGACTATTTCTTCTATTTGTTATATTTAAATTGTAAATAGTTTCATTACTAACACTACTGATACCACTGAAATGATTATTTAG","Pf3D7_06_v3-1135605-1135855-1A.2",".",723,0.9890560875513,2
"IM-23-122-RMAM","8070933864","Maziba","Pf3D7_11_v3-408285-408534-1A","TATGAAGAAGGTTTAAAATATTGTGCGTCATCAATTAATTTATGGATATGTGCTATCGATTTACAAATAGAAAAAAAGAATTATACAGGTGCTAGAGCTTTGACGGAGAAAGCAAAAATCAAAATCAAGTATTTAAATTCTTTTAATAATAATAGTCATATTTTAAAAAGTAAAGAAATTATTGAA","Pf3D7_11_v3-408285-408534-1A.1","70+9N",628,0.982785602503912,2
"IM-23-122-RMAM","8070933864","Maziba","Pf3D7_11_v3-408543-408771-1A","AGAGTGTTAATAATACTACAGCTAGTCATATTTCCAAATCCAAAAATGAACTTGAAAAAAAGTCATCAGCTAATAATAATGCTTATATTAAAATAATCGAAAATTATGATTTATTATGGTTAAAATTAATAGAAATTGAATTATGTTGTAATAATAAAAATTTAAATCCTATA","Pf3D7_11_v3-408543-408771-1A.2","27C54+9N70C95A",95,0.725190839694656,2
"IM-23-122-RMAM","8070933864","Maziba","Pf3D7_04_v3-900526-900759-1A","TTAACAACTTATCATCATTTATTAGATTCTTTTCATGGAACAGATTATTAACAGTATCCATAATTTTATGATCATCCGTGTTATATGTATCTATACAAGTATTTAACTTGCTTATATAATTTACATATTTCAACGGATCATTTTGAAGTATGCAATCATCGAATGAATA","Pf3D7_04_v3-900526-900759-1A.2",".",27,0.0264187866927593,3
"IM-23-122-RMAM","8070933864","Maziba","Pf3D7_12_v3-1959644-1959891-1A","ATGGGAAGACGATAAGAGAAGAGAAATTAATTTCTGAGGGAGCGTATTCATTTGTTTATATGGCGAAGGATTTAAACACGAATCGAGCTTATACTATAAAGAAGACCATATGTCAAGATAAAGAGAAAATAGATATGGCGAAAAAAGAAATCAACATTCTTAAAAGTTTACCTCCACATAAAAATATA","Pf3D7_12_v3-1959644-1959891-1A.1","143A",229,0.290240811153359,3
"IM-23-122-RMAM","8070933864","Maziba","Pf3D7_12_v3-1959644-1959891-1A","ATGGGAAGACGATAAGAGAAGAGAAATTAATTTCTGAGGGAGCGTATTCATTTGTTTATATGGCGAAGGATTTAAACACGAATCGAGCTTATACTATAAAGAAGACCATATGTCAAGATAAAGAGAAAATAGATATGGCGTATAAAGAAATCAACATTCTTAAAAGTTTACCTCCACATAAAAATATA","Pf3D7_12_v3-1959644-1959891-1A.3","141T",22,0.0278833967046895,3
"IM-23-122-RMAM","8070933864","Maziba","Pf3D7_13_v3-156456-156685-1A","ATTATATGATATTTATATAAAATTAGAAAATCTAATTTTAGAAAAAATAACTGAAAGTATATACAATAGTACACCTCCATATAGAGTTATTATGTTCGAATTAATGACCAGATTATTTCGATTTTATACAAAACCAATAGACCTTATTATTACTATGAATACAC","Pf3D7_13_v3-156456-156685-1A.1","41+8N",14,0.0358974358974359,2
"IM-23-122-RMAM","8070933864","Maziba","Pf3D7_07_v3-403801-404052-1B","TATATATATATATATGTATGTATGTTGATTAATTTGTTTATATATTTATATTTATTTCTTATGACCTTTTTAGGAACGACACCGAAGCTTTAATTTACAATTTTTTGCTATATCCATGTTAGATGCCTGTTCAGTCATTTTGGCCTTCATAGGTCT","Pf3D7_07_v3-403801-404052-1B.4","1+45N130+8N",567,1,1
"IM-23-122-RMAM","8070933864","Maziba","Pf3D7_09_v3-595828-596094-1A","ATAATTTTTTCATCGTTCTTATACATGAATGATAAAGTCTTTTTGCAAAATTTTTTGAAGAGATCAGATTTGAGATAAAGACGTTTGGCTAATCTATAGGAGAATTCTAGAGCATCTAATTTTATATTTAAACATTTTTTCGTATCCAATATATTATAATTTTGTTCATAAGTCTGTTCGTTTATATTATTTAATACTTTT","Pf3D7_09_v3-595828-596094-1A.4","4+8N27G50+8N94C99G108T134+8N180G",186,0.328042328042328,3
"IM-23-122-RMAM","8070933864","Maziba","Pf3D7_09_v3-1406342-1406614-1A","TCTCAGATTATCATAGTGTTGTGGATGAAGATTTAATTAATTTTAATGATGATGTTACTTTAGAAACACAATCCATGATAGCACACGGAGGGTCTTTGTCAGAAATAGAAGAAACTGGAAGATTTATCTTCAGATGTTGATAGATTACTTTCATCAATCGAAACTACTCCAAGAGATGATGTTGTATATATACGAGGTGATATTATATT","Pf3D7_09_v3-1406342-1406614-1A.7","120I=A148T204A",1,0.00219298245614035,3
"IM-23-122-RMAM","8070933864","Maziba","Pf3D7_13_v3-2114829-2115090-1A","ATTCAATATATATAAAAATATAGCTAATAAACATTTCAAATCTCCATTAAGAACTTTATTCATCTTAACAAAAGCTCTATGAACTTCTGTATCTATAGTCGATTTTGTTATTCTAAGCATATCATTAAGTAAAAAATTTACGGTATCGACATTAACAGTGTAATAATGTCTTCCTAAATTTAAATGTTCTAAATAATTCAA","Pf3D7_13_v3-2114829-2115090-1A.3","130+8N168G192A",21,0.025703794369645,3
"IM-23-122-RMAM","8070933864","Maziba","Pf3D7_13_v3-2114829-2115090-1A","ATTCAATATATATAAAAATATAGCTAATAAACATTTCAAATCTCCATTAAGAACTTTATTCATCTTAACAAAAGCTCTATGAACTTCTGTATCTATAGTCGATTTTGTTATTCTAAGCATATCATTAAGTAAAAAATTTACGGTATCGACATTAACAGTGTAATAATTTCTTCCTAAATTTAAATGTTCTAAATAATTCAA","Pf3D7_13_v3-2114829-2115090-1A.1","130+8N192A",515,0.630354957160343,3
"IM-23-122-RMAM","8070933864","Maziba","Pf3D7_13_v3-1350855-1351093-1A","TCTTTTATATTAGTTGTTTCGTTATTTTCATTATGTTCCATATTTTGGTTATTTGTATATTTTATATTTTTTAAAAATTGGTAAATATATTCCGAGATGAAAGGTGTAAAAGGGGCCATAATTATTGTAAACAAATATAATGTTCTACATAAAACATTTAATGATTGGTGAGT","Pf3D7_13_v3-1350855-1351093-1A.1","66+8N",1218,0.973621103117506,2
"IM-23-122-RMAM","8070933864","Maziba","Pf3D7_01_v3-528859-529104-1A","TTTGATTCTTTTTAATGAAAAAGAAGCTAAAGATATGTCAGACCATATAATTTCCCAACAAAAACGTTATTGCTCTACCAATATTCATAGTAATTATAATAATAAAATATGTATATGTAAAAATAAGCGACATCATAACAAAAGAGGGAAAGGAATAAAGCATCATGACATACATCAAAAGG","Pf3D7_01_v3-528859-529104-1A.1","165A",1912,0.848646249445184,5
"IM-23-122-RMAM","8070933864","Maziba","Pf3D7_01_v3-528859-529104-1A","TTTGATTCTTTTTAATGAAAAAGAAGCTAAAGATATGTCAGACCATATAATTTCCCAACAAAAACGTTATTGCTCTACCAATATTCATAGTAATTATAATAATAAAATATGTATATGTAAAAATAAGCGACATCATAACAAAAGAGGGAAAGGAATAAAGCATCCTGACATACATCAAAAGG","Pf3D7_01_v3-528859-529104-1A.2",".",9,0.00399467376830892,5
"IM-23-122-RMAM","8070933864","Maziba","Pf3D7_01_v3-528859-529104-1A","TTTGATTCTTTTTAATGAAAAAGAAGCTAAAGATATGTCAGACCATATAATTTCCCAACAAAAACGTTATTGCTCTACCAATATTCATAGTATTTATAATAATAAAATATGTATATGTAAAAATAAGCGACATCATAACAAAAGAGGGAAAGGAATAAAGCATCATGACATACATCAAAAGG","Pf3D7_01_v3-528859-529104-1A.4","93T165A",297,0.131824234354194,5
"IM-23-122-RMAM","8070933864","Maziba","Pf3D7_01_v3-528859-529104-1A","TTTGATTCTTTTTAATGAAAAAGAAGCTAAAGATATGTCAGACTATATAATTTCCCAACAAAAACGTTATTGCTCTACCAATATTCATAGTAATTATAATAATAAAATATGTATATGTAAAAATAAGCGACATCATAACAAAAGAGGGAAAGGAATAAAGCATCATGACATACATCAAAAGG","Pf3D7_01_v3-528859-529104-1A.6","44T165A",29,0.0128717265867732,5
"IM-23-122-RMAM","8070933864","Maziba","Pf3D7_04_v3-1083299-1083563-2","ATACACTTTCCATATGTAGAGGACTTATGATATATAGAATTATAAGATAAATGTTTATAATAATCTAAAAAAGTATAATGAGGTATTATAACAAAATCCAAATGTCCTTCTTTTTCTTGTAAAATATCAATAGAATTTGCAATGTTATAATTTGATAACTCTTTAAAATGATATTGTAAAAAATTAACATTTTTATA","Pf3D7_04_v3-1083299-1083563-2.1","66+8N177+8N",745,0.976408912188729,2
"IM-23-122-RMAM","8070933864","Maziba","Pf3D7_09_v3-595828-596094-1A","ATAATTTTTTCATCGTTCTTATACATGAATGATAAAGTCTTTTTGCAAAATTTTTTGAAGAGATCAGATTTGAGATAAAGACGTTTGGCTAATTTATACGAGAATTCGAGAGCATCTAATTTTATATTTAAACATTTTTTCGTATCCAATATATTATAATTTTGTTCATAAGTCTGTTCATTTATATTATTTAATACTTTT","Pf3D7_09_v3-595828-596094-1A.6","4+8N27G50+8N134+8N",370,0.652557319223986,3
"IM-23-122-RMAM","8070933864","Maziba","Pf3D7_11_v3-497277-497548-1A","TTTTAGATTTAATTGAATATTCATTTTTAAATTATACTAGTTCTAATTTAAATACAATAAATAATAATAATGACAAAAAAAAACAAAATCAAAAAAATAAAAATCGCAAATATAGTAAAAATAATATTTTAGATCTCTATGAACACGTACGTACGATCAGTTTATTTTATCACACGTTTAATTTACCTAAGGAGTATAATGAAAAATTGTT","Pf3D7_11_v3-497277-497548-1A.1","74+11N90+9N148T150C",204,0.673267326732673,2
"IM-23-122-RMAM","8070933864","Maziba","Pf3D7_09_v3-516735-517007-1A","ATAGAAGGATATATAAAAAATTATCAAGAATCATATAATATAAATGACCATTGTAAATTAGTTCCATTAAATTTTTATAAAGATTCTATTTCTAATGATTTAGGTACTCCATGCCCTGTGAATAGTATTACCTTAAATGTGGGCGCAAAAACTATAAATGAATGTTTGTGTAATAAAGGATATTTCTATAATGTCAAGAAACAACAATGTGA","Pf3D7_09_v3-516735-517007-1A.1","14+8N",472,0.963265306122449,2
"IM-23-122-RMAM","8070933864","Maziba","Pf3D7_08_v3-585703-585949-1A","AAACACATCATCAAAAGTTTCTGATATTGGCTTGTTTGATTCTTTATATTTAAAATCTTTATATAAATAAAATCTATCTTTCTTAAAATATGGATCTTTACGTAGTTCAATCGAATCCCTATCAGTTACAATATTTATATCTTTTAATGTTAAGTGGAAATTAGAATCAATAATAGCTA","Pf3D7_08_v3-585703-585949-1A.3","105G118C",616,0.63050153531218,4
"IM-23-122-RMAM","8070933864","Maziba","Pf3D7_13_v3-1465616-1465890-1A","TCTTGTGGATTATTATCTATTATATTTTCTTTTGGTTCTTCGACAGCAAAATTATCTCCTCTTGGTCTAGGTTGATCATCTTCGGGTTCATGTGGAACATCTAATGGTTCCCGTTTTGGAGGACATCTTTCTTCTTCACATTGTTCTTGTATTTCACTTGTACATCCTTCGTGTAAGATTTCTCTTTTTCTTGACCTGGTACCTTTACCACAAGTTACACTACATGGAGA","Pf3D7_13_v3-1465616-1465890-1A.14","30T38C92G121G152T",2,0.00216216216216216,6
"IM-23-122-RMAM","8070933864","Maziba","Pf3D7_09_v3-1406342-1406614-1A","TCTCAGATTATCATAGTGTTGTGGATGAAGATTTAATTAATTTTAATGATGATGTTACTTTAGAAACACAATCCATGATAGCACACGGAGGGTCTTTGTCAGAAATAGAAGAAACTGGAGATTTATCTTCAGATGTTGATAGATTACTTTCATCAATCGAAACTACTCCAAGAGATGATGTTGTATATATACGAGGTGATATTATATT","Pf3D7_09_v3-1406342-1406614-1A.1","148T204A",56,0.12280701754386,3
"IM-23-122-RMAM","8070933864","Maziba","Pf3D7_08_v3-550057-550318-2","ACTATTTGATATTGGATTAGGATTTGGGAAGAAACATGATCAATCTATTAAACTCTTACAAAATATACATGTATATGATGAGTATCCACTTTTTATTGGATATTCAAGAAAAAGATTTATTGCCCATTGCATGAATGATCAAAATGTTGTAATAAATACACAACAAAAATTACATGATGAACAACAAAATGAAAATAAAAATA","Pf3D7_08_v3-550057-550318-2.2","27G",43,0.0397045244690674,2
"IM-23-122-RMAM","8070933864","Maziba","Pf3D7_04_v3-1113397-1113639-1A","GATTCTGCATGCAGTAATGAATCTATTGAAATCATCTAAGAATAAACTTTTTTGTTTAAACCATTTATTGAACATTTCACTTAAATGTGATTCAATTTTTTTTTCTGAGATTTCCATAATTTGATTACATCTATTCAATTTGTTTGTATAATTATTAGGTCTTATTATTCTTTTACGTTTTAAATCATC","Pf3D7_04_v3-1113397-1113639-1A.4","47+8N95+11N110A130T152T154A",11,0.00684505289359054,4
"IM-23-122-RMAM","8070933864","Maziba","Pf3D7_13_v3-2814583-2814832-2","TCAGTCTTCTAATTCTAGCGATAATGATCCTGCAGTAGTAAGTGGTAGAGAATCTAAAGATGTAAATCTTCATACTTCTGAAAGGATTAAAGAAAATGAAGAAGGTGTGATTAAAACAGATGAAAGTTCAAAAAGTATTGAAATTTCTAAAATACCATCTGACCAAAATAATCATAGTGATTTATCACAG","Pf3D7_13_v3-2814583-2814832-2.2",".",835,0.373769024171889,2
"IM-23-122-RMAM","8070933864","Maziba","Pf3D7_13_v3-146695-146934-1A","AAAGTATTTGTAATAGATTGAACGATGAACTAAATGAAGAAATATGTGGTTATCAAATTAGGTTTGAAAAATCGTATTTTTTAAAACATAGTAAAATTAAAGTTATGACAGAAGGAATTTTATTGAAAGAAATTATGAGTGATTTTATTTTATCAAAATATAGTGTTATCATTCTTGA","Pf3D7_13_v3-146695-146934-1A.1","20G76+8N170C",593,0.322107550244432,4
"IM-23-122-RMAM","8070933864","Maziba","Pf3D7_02_v3-291770-292017-1A","TAATATCATAAGGTTTGAATATTTTCCTCTCAGGTATTATACCAACAGAAGGTTTATCATCATCTTTAAAACCTGCTCTATCTTTAACCCATTGATTAGGATTTTTTAAACATAAAGCTGGATTCTTTAATAAATCTTTCATATGTTCCATATTATTTTCTTCATTTATATATGATGCTAC","Pf3D7_02_v3-291770-292017-1A.1","101+8N177G",3,0.00457317073170732,4
"IM-23-122-RMAM","8070933864","Maziba","Pf3D7_11_v3-408543-408771-1A","AGAGTGTTAATAATACTACAGCTAGTAATATTTCCAAATCCAAAAATGAACTTGAAAAAAAGTCATCAGTTAATAATAATGCTTATATTAAAATTATCGAAAATTATGATTTATTATGGTTAAAATTAATAGAAATTGAATTATGTTGTAATAATAAAAATTTAAATCCTATA","Pf3D7_11_v3-408543-408771-1A.1","54+9N",36,0.274809160305344,2
"IM-23-122-RMAM","8070933864","Maziba","Pf3D7_02_v3-470437-470709-1A","AATATTGACATGAAACATTATAATACACATAAGAAAAAAAAAATTTATTTATTCTTACAAAAAGAATATAAAAACAAAATTTTGGGATTTATAAATTTTTATAAACATATAACACACAAAATAAAAAAGAAACAAGAAAATGTTCATGATAAAATCACTTTTTTAAAATGTCTAAAGGAACTCTTTTTTGTCACACATACAAATA","Pf3D7_02_v3-470437-470709-1A.2","33+12N122+8N158+8N183+8N",64,0.139433551198257,3
"IM-23-122-RMAM","8070933864","Maziba","Pf3D7_10_v3-992596-992869-1A","GAAAATAATAAAATGCACAGTATCAATTCTGATAGAAATAAAAATGATTATATTCCATCTTCCTATTTACATACAATATATAAAACATTTAGCGAACATATAAACCGAGATAATGGAAATATTTATGATGATGAAAAAAAAAATTTATATGATGGAACTGTTTTTTATATAGAAACATTAAACGAATTAAGAATTATAAATATATTATTTTCA","Pf3D7_10_v3-992596-992869-1A.1","133+12N160+8N",115,1,1
"IM-23-122-RMAM","8070933864","Maziba","Pf3D7_04_v3-109939-110184-1A","CAACATCTGAATTATATAAATCTTTAGAAAAACAACTAATATCCTTACTACATATATTTATTTTTATACCAAGAATAACAGCCATATAAACCAAAACTCTCTCAAATGCATGTGATACAGGTAAATAAGAAAAATGGGTTTTCGGTTTCATGTTTTTTATTACATTATGATCACATAATGGTGCTACT","Pf3D7_04_v3-109939-110184-1A.5","50A51C108G152+8N",477,0.656121045392022,3
"IM-23-122-RMAM","8070933864","Maziba","Pf3D7_02_v3-470437-470709-1A","AATATTGACATGAAACATTATAATACACATAAGAAAAAAAAAATTTATTTATTCTTACAAAAAGAATATAAAAACAAAATTTTGGGATTTATAAATTTTTATAAACGTATAACACACAAAATAAAAAAGAAACAAGAAAATGTTCATGATAAAATCACTTTTTTAAAATGTCTAAAGGAACTCTTTTTTGTCACACATACAAATA","Pf3D7_02_v3-470437-470709-1A.3","33+12N107G122+8N158+8N183+8N",98,0.213507625272331,3
"IM-23-122-RMAM","8070933864","Maziba","Pf3D7_13_v3-2545065-2545291-1A","ATGATTCCTCAAAAGTTTAACATTCCACATAGTATCTGTTAAATTGATAGTTTGCAAACAATTATACGTTTGGTTATTTTTATTTTTAAAAAAGGATATATGATCATCTAAAGATTTATTTTTGAGAAAGATTTCCATATATTCATATATATCATGAATACACCA","Pf3D7_13_v3-2545065-2545291-1A.1","87+8N154A",1401,0.966206896551724,4
"IM-23-122-RMAM","8070933864","Maziba","Pf3D7_03_v3-891553-891827-1A","CAAGAGCTAAGAAAACATATAGAATCATCATAAGGATGTTGATAATATAAATGTGTTTTTATTTGTGTATTTATGTCAGAATATTGTTCCTTCGATTTATCTTTAAAATAATCAAGATTATTTATGTTGGTGGCTTTATTATTATTAAAATAATTTTGATTTGTTACATGATGACTATGGGTATATTTGTATTTTACGTTTTTATTA","Pf3D7_03_v3-891553-891827-1A.1","93C116G178T",320,0.975609756097561,2
"IM-23-122-RMAM","8070933864","Maziba","Pf3D7_13_v3-2114242-2114482-1A","CTTCCATTAACTCAATATATAATTTATTAATAATTTTTAATTTGTTTATTTCAAAAAGGCATAGTTTTAACAAGGCTCTTAAGGTTCTATTACCCCCTAAGAGGTTAAAATGAATATTTCCTTTTTCTCGTATATGCAAAAAATCCCTTAACAATAAATCATATTCATCAGTATGAAATGT","Pf3D7_13_v3-2114242-2114482-1A.2","137+8N",20,0.0205761316872428,5
"IM-23-122-RMAM","8070933864","Maziba","Pf3D7_13_v3-1265494-1265726-1A","TGTCATATACAGATTATAAAAATGATCATAGAATAAGCGAAATTTTAAATCGTTGTATTTTACGATTAAACGAGTTTGATCTAATTCATTTATCTTCTTTGGTCATATCTTTAAGTAAAATGAATTTTAGGAGTGTGTATTTTCTGGAACAAGTACAAAAGAAATT","Pf3D7_13_v3-1265494-1265726-1A.6","44T",1003,0.603126879134095,6
"IM-23-122-RMAM","8070933864","Maziba","Pf3D7_08_v3-585331-585590-1A","TGAAAACTTTTCATGTACGGTTAATAAACAAAATAATTCTGAATTATATATAAGTAAAACTTCTTCTACATCTCTAAATTTATGCATTGTAGCTCTTTTAAGATAATAAGGCAAATATTTTACAATATATTTTTGTTTAAAAAAACCTTGATGACCAACATTAATATCTTCCATTTTGGAAAAGGTTCCACTTAACG","Pf3D7_08_v3-585331-585590-1A.1","138+9N",355,0.383783783783784,2
"IM-23-122-RMAM","8070933864","Maziba","Pf3D7_11_v3-1127074-1127316-1A","AACATTTTAATAGTCCTAATTTCGAAAATATGATGAAAGGAGTTTTTGGAATTATTCAAAATCCTTTTGAAAATGGCCAACCCACTTTCCCATTCTTTAAAAATATTAATTCGATCTCTGGAATCGGTAATGTTGATATCCCCAAAAATTTTATGAATGATTTTTTGAATAATGGAAATGATCAAAACA","Pf3D7_11_v3-1127074-1127316-1A.2","160+8N",1163,0.974853310980721,2
"IM-23-122-RMAM","8070933864","Maziba","Pf3D7_11_v3-1127074-1127316-1A","AACATTTTAATATTCCTAATTTCGAAAATATGATGAAAGGAGTTTTTGGAATTATTCAAAATCCTTTTGAAAATGGCCAACCCACTTTCCCATTCTTTAAAAATATTAATTCGATCTCTGGAATCGGTAATGTTGATATCCCCAAAAATTTTATGAATGATTTTTTGAATAATGGAAATGATCAAAACA","Pf3D7_11_v3-1127074-1127316-1A.1","13T160+8N",30,0.0251466890192791,2
"IM-23-122-RMAM","8070933864","Maziba","Pf3D7_07_v3-403479-403716-1B","TTAGGTGGAGGTTCTTGTCTTGGTAAATGTGCTCATGTGTTTAAACTTATTTTTAAAGAGATTAAGGATAATATTTTTATTTATATTTTAAGTATTATTTATTTAAGTGTATGTGTAATGAATAAAATTTTTGCTAAAAGAACTTTAAACAAAATTGGTAACTATAGTTTTGTAACATCCGA","Pf3D7_07_v3-403479-403716-1B.1",".",830,1,1
"IM-23-122-RMAM","8070933864","Maziba","Pf3D7_11_v3-1294664-1294910-1A","AAAAGATAAATCATTTCAAAACTATACATATTTAAGTAAAAATGTAGTTGATAACTGGGAAGAAGTTTGCCCTAGAAAGAATTTAGAGAATGCAAAATTCGGATTATGGGTCGATGGAAATTGTGAAGATATACCACATGTAAATAAATTTTCAGCAAATGATCTTTTTGAATGTAATAAATTAGTTTTTGAATTG","Pf3D7_11_v3-1294664-1294910-1A.4","9A40A62G86G146A152T159A",39,0.0195881466599699,7
"IM-23-122-RMAM","8070933864","Maziba","Pf3D7_04_v3-748374-748611-1B","AAACTGGGAAAGCATTCCAAAAAAATTTAAACCTTTAAGCAATAGGATAAATGTTATATTGTCTAGAACCTTAAAAAAAGAAGATTTTGATGAAGATGTTTATATCATTAACAAAGTTGAAGATCTAATAGTTTTACTTGGGAAATTAAATTACTATAAATGTTTTATTATAG","Pf3D7_04_v3-748374-748611-1B.1","3A18+9N72+9N",927,0.996774193548387,2
"IM-23-122-RMAM","8070933864","Maziba","Pf3D7_08_v3-1344618-1344845-1A","TATCTTTTCCATATATAATAACGCATGAATTCTTTAAATATATCTTTTACTTTATCTGTAAGTTTCATGGAATCTATTATTTCTTCTGCATATTTTATTTTTGCCTCGTTTATATATTTACCTGCTTCTAATTTACATAAACATTTTTCTATTAAGTTTTG","Pf3D7_08_v3-1344618-1344845-1A.7","84T86C128C",196,0.184383819379116,4
"IM-23-122-RMAM","8070933864","Maziba","Pf3D7_04_v3-133581-133830-1A","CTCTCGATTATCATTACCTACTTCAGTCTTTACAATTGTAGGAGGTGTTTTAACATGATTATCCCCTCCATGAGGAGTAACCCTTAAAGGTTCTTCTTGAATATTTGGTGTCGCTTCGCCTGTTTCTGTAGAAAGGATATTTATTCTATCAACATATTCATCACCTTCTTCAACTGTACTATTTAAA","Pf3D7_04_v3-133581-133830-1A.1",".",209,1,1
"IM-23-122-RMAM","8070933864","Maziba","Pf3D7_11_v3-497277-497548-1A","TTTTAGATTTAATTGAATATTCATTTTTAAATTATACTAGTTCTAATTTAAATACAATAAATAATAATAATGACAAAAAAAAACAAAATCAAAAAAATAAAAATCGCAAATATAGTAAAAATAATATTTTAGATCTCTATGAACACGTAAGTACGATCAGTTTATTTTATCACACGTTTAATTTACCTAAGGAGTATAATGAAAAATTGTT","Pf3D7_11_v3-497277-497548-1A.2","74+11N90+9N148T",99,0.326732673267327,2
"IM-23-122-RMAM","8070933864","Maziba","Pf3D7_13_v3-1876391-1876664-1A","AACTATCTGTAAAAGTATGTTTAGAACTAACATTTGAAGAGAAGTTACATCCGTGTATGACTTTTTTTTCATATTTTGGTTTTAAAACTATTTTATAATTATTATTTTTAAATTTGCATGTACATTCTGTATTAACATCTTTTGATGTAACATAAAATGGAGCTTTAAAGATAGTTAAGTTTTTATGATAAATTATTTTATTACTTTTATATA","Pf3D7_13_v3-1876391-1876664-1A.1","61+10N",330,0.617977528089888,3
"IM-23-122-RMAM","8070933864","Maziba","Pf3D7_13_v3-2545065-2545291-1A","ATGATTCCTCAAAAGTTTAACATTCCACATAGTATCTGTTAAATTGATAGTTTGCAAACAATTATACGTTTGGTTATTTTTATTTTTAAAAAAGGATATATGATCATCTAAAGATTTATTTTTGAGAAAGATTTCCATATATTCATATATATCTTGAATACACCA","Pf3D7_13_v3-2545065-2545291-1A.5","87+8N",23,0.0158620689655172,4
"IM-23-122-RMAM","8070933864","Maziba","Pf3D7_13_v3-2770591-2770863-2","ACACATCGATTTTATCAAAAGGAAATATTCCAAGAAATATTTTTAAAAAAAAATAGTGAGTTAGATGATCACGTATGGAATATAGAAAGTATTACTACGAATATATTAGAGAGGAATAAATTAAGTGATCAAAATAATGAAGATAACCATGATGTTAATAATAATAATGAAGACCCATCTGGGGGTAATTTAAAAACCAATCTAAT","Pf3D7_13_v3-2770591-2770863-2.1","44+11N156+13N",439,0.386443661971831,2
"IM-23-122-RMAM","8070933864","Maziba","Pf3D7_13_v3-2114242-2114482-1A","CTTCCATTAACTCAATATATAATTTATTAATAATTTTTAATTTGTTTATTTCAAAAAGGCATAGTTTTAACAAGGTTCTTAAGTTTCTATTACCCCCTAAGAGGTTAAAATGAATATTTCCTTTTTCTCGTATATGCAAAAAATCCCTTAACAATAAATCATATTCATCAGTATGAAATGT","Pf3D7_13_v3-2114242-2114482-1A.4","76T84T137+8N",597,0.614197530864197,5
"IM-23-122-RMAM","8070933864","Maziba","Pf3D7_13_v3-1350855-1351093-1A","TCTTTTATATTAGTTGTTTCGTTATTTTCATTATGTTCCATATTTTGGTTATTTGTATATTTTATATTTTTTAAAAATTGGTAAATATATTCAGAGATGAAAGGTGTAAAAGGGGCCATAATTATTGTAAACAAATATAATGTTCTACATAAAACATTTAATGATTGGTGAGT","Pf3D7_13_v3-1350855-1351093-1A.2","66+8N93A",33,0.026378896882494,2
"IM-23-122-RMAM","8070933864","Maziba","Pf3D7_11_v3-1293919-1294168-1A","TCCATATCAAAAAAGTGATGTGTATCATCCAATCAACGAACATAGGGAACATCCAAAAGAATACCAATATCCATTACACCAGGAACATACATACCAACAAGAAGATTCAGGAGAAGACGAAAATACATTACAACACGCATATCCAATAGACCACGAAGGTGCTGAACCCGCACCACAAGAACAAAATTTAT","Pf3D7_11_v3-1293919-1294168-1A.4","13A27A65C163T",13,0.0176390773405699,4
"IM-23-122-RMAM","8070933864","Maziba","Pf3D7_11_v3-1293919-1294168-1A","TCCATATCAAAATAGTAATGTGTATCATCCAATCAACGAACATAGGGAACATCCAAAAGAATACCAATATCCATTACACCAGGAACATACATACCAACAAGAAGATTCAGGAGAAGACGAAAATACATTACAACACGCATATCCAATAGACCACGAAGGTGCCGAACCCGCACCACAAGAACAAAATTTAT","Pf3D7_11_v3-1293919-1294168-1A.2","17A27A65C",2,0.00271370420624152,4
"IM-23-122-RMAM","8070933864","Maziba","Pf3D7_11_v3-1294664-1294910-1A","AAAAGATAAATCATTTCAAAACTATACATATTTAAGTAAAAATGTAGTTGATAACTGGGAAAAAGTTTGCCCTAGAAAGAATTTAGAGAATGCAAAATTCGGATTATGGGTCGATGGAAATTGTGAAGATATACCACATGTAAATGAATTTTCAGCAAATGATCTTTTTGAATGTAATAAATTAGTTTTTGAATTG","Pf3D7_11_v3-1294664-1294910-1A.10","9A40A86G152T159A",1301,0.653440482169764,7
"IM-23-122-RMAM","8070933864","Maziba","Pf3D7_08_v3-585703-585949-1A","AAACACATCATCAAAAGTTTCTGATATTGGCTTGTTTGATTCTTTATATTTAAAATCTTTATATAAATAAAATCTATCTTTCTTAAAATATGGATCTTTACGTACTTCAATCGAATCCCTATCAGTTACAATATTTATATCTTTTAATGTTAAGTGGAAATTAGAATCAATAATAGCTA","Pf3D7_08_v3-585703-585949-1A.2","118C",5,0.00511770726714432,4
"IM-23-122-RMAM","8070933864","Maziba","Pf3D7_11_v3-1294664-1294910-1A","AAAAGATAAATCATTTCAAAACTATACATATTTAAGTAAAAATGTAGTTGATAACTGGGAAGAAGTTTGCCCTAGAAAGAATTTAGAGAATGCAAAATTCGGATTATGGGTCGATGGAAATTGTGAAGATATACCACATGTAAATGAATTTTCAGCAAATGATCTTTTTGAATGTAATAAATTAGTTTTTGAATTG","Pf3D7_11_v3-1294664-1294910-1A.26","9A40A62G86G152T159A",3,0.00150678051230537,7
"IM-23-122-RMAM","8070933864","Maziba","Pf3D7_01_v3-535965-536239-1A","GCTCATTCGATATTTTCCAGTTGTTTGATTTTAAAAATGATGTATATTTTTTAGATGATAATTTGTTCGACAAGGATATGGTATATTGTACAAGTACCAACAATTATGGCGTTATGGAAAATGATAATGATGATGATAAAATAATAAAAATACAAAATTTAAATGAGAAATTAAAAAATGGAAAAGCTGAATTTAAAGATATATTATTAT","Pf3D7_01_v3-535965-536239-1A.5","8C46+8N118A121+17N172+8N",282,0.660421545667447,5
"IM-23-122-RMAM","8070933864","Maziba","Pf3D7_04_v3-748585-748822-2","TTAATAAAAAAAATATATTTTACTAGAATAAATAGTACATATGAATGTGATGTATTTTTTCCAGAAATAAATGAAAATGAGTATCAAATTATTTCTGTTAGCGATGTATATACTAGTAACAATACAACATTGGATTTTATCATTTATAAGAAAACGAATAATAAAATGTT","Pf3D7_04_v3-748585-748822-2.1","5+10N54+8N",465,1,1
"IM-23-122-RMAM","8070933864","Maziba","Pf3D7_13_v3-1465616-1465890-1A","TCTTGTGGATTATTATCTATTATATTTTCTTCTGGTTTTTCGACAGCAAAATTATCTCCTCTTGGTCTAGGTTGATCATCTTCGGGTTCATCTGGAACATCTAATGGTTCCCATTTTGGAGGACATCTTTCTTCTTCACATTGTTCTTGTAATTCACTTGTACATCCTTCGTGTAAGATTTCTCTTTTTCTTGACCTGGTACCTTTACCACAAGTTACACTACATGGAGA","Pf3D7_13_v3-1465616-1465890-1A.81","30T32C113A121G",7,0.00756756756756757,6
"IM-23-122-RMAM","8070933864","Maziba","Pf3D7_13_v3-2545065-2545291-1A","ATGATTCCTCAAAAGTTTAACATTCCACATAGTATCTGTTAAATTGATAGTTTGCAAACAATTATACGTTTCGTTATTTTTATTTTTAAAAAAGGATATATGATCATCTAAAGATTTATTTTTGAGAAAGATTTCCATATATTCATATATATCTTGGATACACCA","Pf3D7_13_v3-2545065-2545291-1A.28","72C87+8N157G",4,0.00275862068965517,4
"IM-23-122-RMAM","8070933864","Maziba","Pf3D7_03_v3-221463-221712-1B","ACTTGAATACCATTTCCACAAGTTACACTACATGGGGACCATTCAGTTGAAAGAGAATTTTTTATTGTCTTTAAATATTGTTCTATGTGCTTATCACTTGGTTCTTCGTTATTATTATTTTTTACAGCATTGTTGGCATTAGCATTTTCATCTACATTTCGGTTTGGGTCATTTGGCATATTGTGACCTTGTC","Pf3D7_03_v3-221463-221712-1B.1","62T67G69C80G83C117+8N130T",188,0.372277227722772,3
"IM-23-122-RMAM","8070933864","Maziba","Pf3D7_03_v3-855426-855697-1A","GTTATTTCAGTATGAGTTTCAACAGTTAATACTACTTCAGGATATGGATTGATACTTAACGTATGTACTCTCAATAATCTAGTATCAAATATATATGAAAATGTATACTCAGGAAAACATATAGTAGATAATCCATTATTATTCTCTATACATATTTTACTTATAGCTATATAATCGTAATTATCTTCTATTACTATTGGTTCTGTG","Pf3D7_03_v3-855426-855697-1A.1","32C",7,0.0191256830601093,2
"IM-23-122-RMAM","8070933864","Maziba","Pf3D7_08_v3-585993-586266-1A","TGTAAATATAAATCATACGTATGACATGTATCATCATTTAATGCATTCTTAATTGTTAATGCTAATCTACTTACAATAATATAAGCAAAGTTTATATGAGAATGAATACCTTCTTTTCCTAAAAAGTTATAAAGACTAACAAATGGAGCATATATTATAAATTTATCATACTTTTTTTTGTGCATAACTTCATTTAATAAAATATTT","Pf3D7_08_v3-585993-586266-1A.2","29T171+10N",18,0.0228716645489199,2
"IM-23-122-RMAM","8070933864","Maziba","Pf3D7_12_v3-684011-684240-1A","ACCTAATGTTGGTAAGTCTACCATTTTTAATCGACTAACTCGAAAATATCAAGATGGTAGTATTGTATTAGATGTTAGTAGTACGAGAGATAAACTTTATGGAGAAGTTGAGTGGGAAGGATATAAATTTGAACTTGTGGATACAGGAGGTTTAGTTTTTGA","Pf3D7_12_v3-684011-684240-1A.1","67A",364,0.381951731374607,3
"IM-23-122-RMAM","8070933864","Maziba","Pf3D7_02_v3-290580-290821-1A","TTATTATAAGGATTATAATTATTATCATTCTTATTATATGGATTAATATAATTTCGATCATTATCATTACTGTTTTTATCATATTGTGGATAATTATTTCTATTTCTATTTTGATTAAAATCCGATTGTCTATATCTAACTCTAGTATCTGTAGATGCTAAATCATTAGGTAATGGG","Pf3D7_02_v3-290580-290821-1A.13","12+26N145G",57,0.0526315789473684,4
"IM-23-122-RMAM","8070933864","Maziba","Pf3D7_13_v3-146695-146934-1A","AAAGTATTTGTAATAGATTAAACGATGAACTAAATGAAGAAATATGTGGTTATCAAATTAGGTTTGAAAAATCGTATTTTTTAAAACATAGTAAAATTAAAGTTATGACAGAAGGAATTTTATTGAAAGAAATTATGAGTGATTTTATTTTATCAAAATATAGTGTTATTATTCTTGA","Pf3D7_13_v3-146695-146934-1A.4","76+8N",1189,0.645844649646931,4
"IM-23-122-RMAM","8070933864","Maziba","Pf3D7_02_v3-291770-292017-1A","TAATATCATAAGGTTTGAATATTTTCCTCTCAGGTATTATACCAACAGAAGGTTTATCATCATCTTTAAAACCTGCTCTATCTTTAACCCAATGATTAGGATTTTTTAAACATAAAGCTGGATTCTTTAATAAATCTTTCATATGTTCCATATTATTTTCTTCATTTATATATGATTCTAC","Pf3D7_02_v3-291770-292017-1A.3","92A101+8N",560,0.853658536585366,4
"IM-23-122-RMAM","8070933864","Maziba","Pf3D7_01_v3-181512-181761-1A","TTCATTATTGTTTTCATTCTTTTTTTAACTAAAACTATTCATCTCAAAAATATAAGATATTTTATATGACGAATGCCATTGTATTTTTTGTTACGTAAAACCTGACTTCTTCAAGGAAAACACATGCGCATTTTCACCAATTTTTGCCTAAGCTTATTATAAAAAGTATATTAAATGTATGAC","Pf3D7_01_v3-181512-181761-1A.1","19+9N30T83+8N",11,0.0111902339776195,3
"IM-23-122-RMAM","8070933864","Maziba","Pf3D7_07_v3-403487-403750-2","AGGTTCTTGTCTTGGTAAATGTGCTCATGTGTTTAAACTTATTTTTAAAGAGATTAAGGATAATATTTTTATTTATATTTTAAGTATTATTTATTTAAGTGTATGTGTAATGAATAAAATTTTTGCTAAAAGAACTTTAAACAAAATTGGTAACTATAGTTTTGTAACATCCGAAACTCACAACTTTATTTGTATGATTATGTTCTTT","Pf3D7_07_v3-403487-403750-2.1",".",717,1,1
"IM-23-122-RMAM","8070933864","Maziba","Pf3D7_02_v3-291770-292017-1A","TAATATCATAAGGTTTGAATATTTTCCTCTTAGGTATTATACCAACAGAAGGTTTATCATCATCTTTAAAACCTGCTCTATCTTTAACCCATTGATTAGGATTTTTTAAACATAAAGCTGGATTCTTTAATAAATCTTTCATATGTTCCATATTATTTTCTTCATTTATATATGATTCTAC","Pf3D7_02_v3-291770-292017-1A.6","31T101+8N",90,0.13719512195122,4
"IM-23-122-RMAM","8070933864","Maziba","Pf3D7_04_v3-1005938-1006187-1A","GTCTTAACATTAATTCTAGTTACAAAGTTACATGGATTTATTGAAAAGATATTTTCGTCATTATATTTCTTTTTTTCCATATCTGTTTGATCATTTTGATATGTTTTCATATTATCCATATGTTCATTATTTTGATCAATATAATTTTTTTTTATAATAAATTTAGAATTATTTTTAAAGAAA","Pf3D7_04_v3-1005938-1006187-1A.2","15T16C61T69+9N144+11N",373,0.626890756302521,3
"IM-23-122-RMAM","8070933864","Maziba","Pf3D7_02_v3-470437-470709-1A","AATATTGACATGAAACATTATAATACACATAAGAAAAAAAAAATTTATTTATTCTTACAAAAAGAATATAAAAACAAAATTTTGGGATTTATAAATTTTTATAAACATATAACACACAAAATAAAAAAGAAACAAGAAAATGTTCATGATAAAATCACTTTTTTAAAATGTCTAAAGGAACTCTTTTTTGTCACACATACAAATG","Pf3D7_02_v3-470437-470709-1A.1","33+12N122+8N158+8N183+8N205G",297,0.647058823529412,3
"IM-23-122-RMAM","8070933864","Maziba","Pf3D7_13_v3-1876391-1876664-1A","AACTATCTGTAAAAGTATGTTTAGAACTAACATTTGAAGAGAAGTTACATCCGTGTATGACTTTTTTTTCATATTTTGGTTTTAAAACTATTTTATAATTATTATTTTTAAATTTGCATGTACATTCTGTATTAACATCTTTTGATGTAACATAAAATGGAGCTTTAAAGATAGTTAACTTTTCATGATAAATTATTTTATTACTTTTATATA","Pf3D7_13_v3-1876391-1876664-1A.2","61+10N179C184C",191,0.357677902621723,3
"IM-23-122-RMAM","8070933864","Maziba","Pf3D7_01_v3-535965-536239-1A","GCTCATTCGATATTTTCCAGTTGTTTGATTTTAAAAATGATGTATATTTTTTAGATGATAATTTGTTCGACAAGGATATGGTATATTGTACAAGTACCAACAATTATGGCGTTATGGAAAATGATAATGATGATGATAAAATAATAAAAATACAGAATTTAAATGAGAAATTAAAAAATGGAAAAGCTGAATTTAAAGATATATTATTAT","Pf3D7_01_v3-535965-536239-1A.12","8C46+8N118A121+17N155G172+8N",3,0.00702576112412178,5
"IM-23-122-RMAM","8070933864","Maziba","Pf3D7_01_v3-535965-536239-1A","GCTCATTCGATATTTTCCAGTTGTTTGATTTTAAAAATGATGTATATTTTTTAGATGATAATTTGTTCGACAAGGATATGGTATATTGTACAAGTACCAACAATTATGGCGTTATGGGAAATGATAATGATGATGATAAAATAATAAAAATACAAAATTTAAATGAGAAATTAAAAAATGGAAAAGCTGAATTTAAAGATATATTATTAT","Pf3D7_01_v3-535965-536239-1A.11","8C46+8N121+17N172+8N",5,0.0117096018735363,5
"IM-23-122-RMAM","8070933864","Maziba","Pf3D7_13_v3-1465616-1465890-1A","TCTTGTGGATTATTATCTATTATATTTTCTTTTGGTTCTTCGACAGCAAAATTATCTCCTCTTGGTCTAGGTTCATCATCTTCGGGTTCATGTGGAACATCTAATGGTTCCCGTTTTGGAGGACATCTTTCTTCTTCACATTGTTCTTGTATTTCACTTGTACATCCTTCGTGTAAGATTTCTCTTTTTCTTGACCTGGTACCTTTACCACAAGTTACACTACATGGAGA","Pf3D7_13_v3-1465616-1465890-1A.16","30T38C74C92G121G152T",20,0.0216216216216216,6
"IM-23-122-RMAM","8070933864","Maziba","Pf3D7_03_v3-855426-855697-1A","GTTATTTCAGTATGAGTTTCAACAGTTAATAATACTTCAGGATATGGATTGATACTTAACGTATGTACTCTCAATAATCTAGTATCAAATATATATGAAAATGTATACTCAGGAAAACATATAGTAGATAATCCATTATTATTCTCTATACATATTTTACTTATAGCTATATAATCGTAATTATCTTCTATTACTATTGGTTCTGTG","Pf3D7_03_v3-855426-855697-1A.3",".",359,0.980874316939891,2
"IM-23-122-RMAM","8070933864","Maziba","Pf3D7_13_v3-1725124-1725365-2","TGGAAATTGTTCCCATTTATTCATTTTTTCTTCATATACTTCAATAGAATTTAATCTCTCACCATTAGTTCCACCAATGACATAAATTTTATTATCAAAAGCAACACACATAGCTGATGATCTAGGGGTATTCAAAGGTGCCACCTCTACCCATGCTTTCATACGATGATCATATGCTTCTAC","Pf3D7_13_v3-1725124-1725365-2.1","23+8N",2358,1,1
"IM-23-122-RMAM","8070933864","Maziba","Pf3D7_08_v3-585331-585590-1A","TGAAAACTTTTCATGTACGGTTAATAAACAAAATAATTCTGAATTATATATAAGTAAAACTTCTTCTACATCTCTAAATTTATGCATTGTAGCTCTTTTAATATAATAAGGCAAATATTTTACAATATATTTTTGTTTAAAAAAACCTTGATGACCAACATTAATATCTTCCATTTTGGAAAAGGTTCCACTTAACG","Pf3D7_08_v3-585331-585590-1A.2","102T138+9N",570,0.616216216216216,2
"IM-23-122-RMAM","8070933864","Maziba","Pf3D7_08_v3-585703-585949-1A","AAACACATCATCAAAAGTTTCTGATATTGGCTTGTTTGATTCTTTATATTTAAAATCTTTATATAAATAAAATCTATCTTTCTTAAAATATGGATCTTTACGTACTTCAATCGAATCACTATCAGTTACAATATTTATATCTTTTAATGTTAAGTGGAAATTAGAATCAATAATAGCTA","Pf3D7_08_v3-585703-585949-1A.1",".",354,0.362333674513818,4
"IM-23-122-RMAM","8070933864","Maziba","Pf3D7_13_v3-1725464-1725719-1B","ATCATAGTTATTACCACCAAAAACGTATAAGAAATTATTCAATACAGCACTTCCAAAATAAGCTTTTTTGGTAGACATAGGTGTACACATACGCCAGCATTGTTGACTAATATCTAATAATTCCATCGAATTTAAATATTCTACACCATCAAATCCACCTATACAAAATACTAATGGGAATGGTAAAAATTTAATACCA","Pf3D7_13_v3-1725464-1725719-1B.1","63+8N",553,0.982238010657194,2
"IM-23-122-RMAM","8070933864","Maziba","Pf3D7_11_v3-1293919-1294168-1A","TCCATATCAAAATAGTGATGTGTATCGTCCAATCAACGAACATAGGGAACATCCAAAAGAATACCAATATCCATTACACCAGGAACATACATACCAACAAGAAGATTCAGGAGAAGACGAAAATACATTACAACACGCATATCCAATAGACCACGAAGGTGCCGAACCCGCACCACAAGAACAAAATTTAT","Pf3D7_11_v3-1293919-1294168-1A.14","65C",242,0.328358208955224,4
"IM-23-122-RMAM","8070933864","Maziba","Pf3D7_11_v3-115913-116184-1A","ACCTCCAGATGTTATAAATATTATATTATCATCATCATTTGGAAGGAAATTCTCCTCTAATGTTTTTAATATTTCATCTATATTTTTAGGTCTCAATTTACTATTGAAAAATTTTGAATACTTCAAAAAATAATCATCATCTTTTACATTACATATATTATCATTATTTTCATTTTGTTTTAGTAGTTCATCTTTTATATTATC","Pf3D7_11_v3-115913-116184-1A.4","7A124+8N",150,0.627615062761506,3
"IM-23-122-RMAM","8070933864","Maziba","Pf3D7_13_v3-1004740-1005002-1A","TTACATCGTAAAAATAATTTAAAATATTATATATATTATCTTTTCCTTTTGGGGGGTCTCTTTTCTTTATATATATATTTACATTTCTCTTCATTTTATTACATGATAAATTAATATTTAATGTACTAATATATATATTATTAATTTTTATTTTCTTCTTCTTTTTTATATTAAAACAAAATGAAGATTCTTTAA","Pf3D7_13_v3-1004740-1005002-1A.1","50+8N161+8N",10,0.344827586206897,2
"IM-23-122-RMAM","8070933864","Maziba","Pf3D7_06_v3-1135605-1135855-1A","TATAAAGAATTTATACCACCTAAATTGTTAACATTAGAAGTATTATTTGTTTCTGTATTTTCTTGTAACGTATTTGTATTATTAATATTGTTAGATGAAATATTATGACTATTTCTTCTATTTGTTATATTTAAATTGTAAATAGTTTCATTACTAACACTACTGATACCATTGAAATGATTATTTAG","Pf3D7_06_v3-1135605-1135855-1A.1","172T",8,0.0109439124487004,2
"IM-23-122-RMAM","8070933864","Maziba","Pf3D7_12_v3-857050-857323-1A","ATATAATTTTAAGATGTCCTATCAAGACGTTCAGGAAAAAAAAAATGAAGATATAAATTATGATGAAATAGCTAGCAGCATGCTAGAGAAGATGGACAAACATATAAATGGAGAAAAACAACCAACGATACATTATGAAAATTTAAATGTACAAGAGCAAGGGGGAGCACATGCTTATTACTCAAATCAAGATATAAATAACATAAATA","Pf3D7_12_v3-857050-857323-1A.2","35+12N162G",265,0.614849187935035,2
"IM-23-122-RMAM","8070933864","Maziba","Pf3D7_08_v3-585703-585949-1A","AAACACATCATCAAAAGTTTCTGATATTGGCTTGTTTGATTCTTTATATTTAAAATCTTTATATAAATAAAATCTATCTTTCTTAAAATATGGATCTTTACGTAGTTCAATCGAATCACTATCAGTTACAATATTTATATCTTTTAATGTTAAGTGGAAATTAGAATCAATAATAGCTA","Pf3D7_08_v3-585703-585949-1A.4","105G",2,0.00204708290685773,4
"IM-23-122-RMAM","8070933864","Maziba","Pf3D7_13_v3-1041593-1041860-1AB","CAAGATTGAAGTATTACATATCTCAGAAATTAAATGTATGCCCAAGAGATGTAAATGCACACATTGTAGGTGCTCATGGAAATAAAATGGTTCTTTTAAAAAGATACATTACTGTAGGTGGTATCCCTTTACAAGAATTTATTAATAACAAGTTAATTTCTGATGCTGAATTAGAAGCTATATTTGATAGAACTGTTAATACT","Pf3D7_13_v3-1041593-1041860-1AB.1",".",542,1,1
"IM-23-122-RMAM","8070933864","Maziba","Pf3D7_13_v3-1876391-1876664-1A","TACTATCTGTAAAAGTATGTTTAGAACTAACATTTGAAGAGAAGTTACATCCGTGTATGACTTTTTTTTCATATTTTGGTTTTAAAACTATTTTATAATTATTATTTTTAAATTTGCATGTACATTCTGTATTAACATCTTTTGATGTAACATAAAATGGAGCTTTAAAGATAGTTAAGTTTTTATGATAAATTATTTTATTACTTTTATATA","Pf3D7_13_v3-1876391-1876664-1A.3","1T61+10N",13,0.0243445692883895,3
"IM-23-122-RMAM","8070933864","Maziba","Pf3D7_09_v3-1015103-1015350-1A","ATTATTTAATTTTTCATCTTTTATATTTTTCAGATTTTTTATATGAAGATATAGGAATACAACTAAATTAACAGCTGAAAATAATCTTACTAACAAAAATAATTTGAGGAATTCTTCATCATATAAATCTTTTGGAATATTATTTGTGTATTCATAAATTTCTATTAAGGATATAATAGTTATGA","Pf3D7_09_v3-1015103-1015350-1A.1","34+8N",338,1,1
"IM-23-122-RMAM","8070933864","Maziba","Pf3D7_11_v3-119432-119705-1A","CTCCTTTATATTCATCAAGAAATTTCATCCAAGAGTAATTATGTTTTTCTTGTTGATATTTTGCTTTATACAAACGAGCAAGATACTTTTTATACGATTCATGCTCTTTAATTTTCTTTTCAAAAGTTTTGGTTATAATGTGTTGAAGTGATTGTAAAGTATTTTTCTTTAATTTTCTCCATATTAATCTACATGCGATTATAAGAA","Pf3D7_11_v3-119432-119705-1A.3","145G",6,0.0106761565836299,4
"IM-23-122-RMAM","8070933864","Maziba","Pf3D7_01_v3-455794-456054-1A","AGAAAAAAAATTTATTAAGAGGTATTTCGATTTTAAAAATTTAAGAATTAATTTTTAATTATGTCTATAAAAACTTAATAGAAAATAAATATTATTTTGTTTTTCAAAAAAATGTTTAAGAATAATATTTCTTTATTCTTTTACAATTTAGAACATATAATGCTATTTCTTTTAATTTTAATTTAATTTCAAA","Pf3D7_01_v3-455794-456054-1A.1","2+10N105+9N",299,1,1
"IM-23-122-RMAM","8070933864","Maziba","Pf3D7_01_v3-528859-529104-1A","TTTGATTCTTTTTAATAAAAAAGAAGCTAAAGATATGTCAGACGATATAATTTCCCAACAAAAACGTTATTGCTCTACCAATATTCATAGTATTTATAATAATAAAATATGTATATGTAAAAATAAGCGACATCATAACAAAAGAGGGAAAGGAATAAAGCATCATGACATACATCAAAAGG","Pf3D7_01_v3-528859-529104-1A.12","17A44G93T165A",6,0.00266311584553928,5
"IM-23-122-RMAM","8070933864","Maziba","Pf3D7_01_v3-194742-194973-1B","TACCTATAAAAATGAAAAAAATAAAGAAGAAGATAAATATGGAAAAAATGAAAAAAACGAAAAATATGACAAATATGACAAATATGAAAAATATGAAAAATATGATAAATACAAAAAAGATAATAAAAATCAACATGATGATCCACTTTATGATAATATTAATAAAAATTACGATAA","Pf3D7_01_v3-194742-194973-1B.2","14+9N42+17N112+8N",490,0.521831735889244,2
"IM-23-122-RMAM","8070933864","Maziba","Pf3D7_13_v3-1725887-1726123-2","AAATAGCTCCACCAACATTAATATCAATCATAGTTTCAGTAGCAATATTTGCATCAACAATTTTTTTTTTATCATTCTCAAAATTTTTATATTCTTGATAATATTTTTCTTTTTCTAAATATAATACTAATTTAATTTTATCGATTTCTTGTAAAAATCTTAATCTTTCTTCATCAA","Pf3D7_13_v3-1725887-1726123-2.1","60+12N",964,1,1
"IM-23-122-RMAM","8070933864","Maziba","Pf3D7_04_v3-1005938-1006187-1A","GTCTTAACATTAATCTTAGTTACAAAGTTACATGGATTTATTGAAAAGATATTTTCGTCACTATATTTCTTTTTTTCCATATCTGTTTGATCATTTTGATATGTTTTCATATTATCCATATGTTCATTATTTTGATCAATATAATTTTTTTTTATAATAAATTTAGAATTATTTTTAAAGAAA","Pf3D7_04_v3-1005938-1006187-1A.3","69+9N144+11N",202,0.339495798319328,3
"IM-23-122-RMAM","8070933864","Maziba","Pf3D7_13_v3-1004740-1005002-1A","TTACATCGTAAAAATAATTTAAAATATTATATATATTATCTTTTCCTTTTCGGGGGTCTCTTTTCTTTATATATATATTTACATTTCTCTTCATTTTATTACATGATAAATTAATATTTAATGTACTAATATATATATTATTAATTTTTATTTTCTTCTTCTTTTTTATATTAAAACAAAATGAAGATTCTTTAA","Pf3D7_13_v3-1004740-1005002-1A.2","50+8N161+8N",19,0.655172413793103,2
"IM-23-122-RMAM","8070933864","Maziba","Pf3D7_11_v3-1293919-1294168-1A","TCCATATCAAAATAGTGATGTGTATCGTCCAATCAACGAACATAGGGAACATCCAAAAGAATACGAATATCCATTACACCAGGAACATACATACCAACAAGAAGATTCAGGAGAAGACGAAAATACATTACAACACGCATATCCAATAGACCACGAAGGTGCCGAACCCGCACCACAAGAACAAAATTTAT","Pf3D7_11_v3-1293919-1294168-1A.1",".",480,0.651289009497965,4
"IM-23-122-RMAM","8070933864","Maziba","Pf3D7_13_v3-2114242-2114482-1A","CTTCCATTAACTCAATATATAATTTATTAATAATTTTTAATTTGTTTATTTCAAAAAGGCATAGTTGTAACAAGGTTCTTAAGGTTCTATTACCCCCTAAGAGGTTAAAATGAATATTTCCTTTTTCTCGTATATGCAAAAAATCCCTTAACAATAAATCATATTCATCAGTATGAAATGT","Pf3D7_13_v3-2114242-2114482-1A.1","67G76T137+8N",9,0.00925925925925926,5
"IM-23-122-RMAM","8070933864","Maziba","Pf3D7_13_v3-1725464-1725719-1B","ATCATAGTTATTACCACCAAAAACGTATAAGAAATTATTCAATACAGCACTTCCAAAATAAGCTTTTTTGGTAGACATAGGTGTACACATACGCCAGCATTGTTGACTAATATCTAATAATTCCATCGAATTTAAATATTCTACACCATCAAATCCACCTATACAAAATACTAATGGGAATAGTAAAAATTTAATACCA","Pf3D7_13_v3-1725464-1725719-1B.8","63+8N182A",10,0.0177619893428064,2
"IM-23-122-RMAM","8070933864","Maziba","Pf3D7_03_v3-221463-221712-1B","ACTTGAATACCATTTCCACAAGTTACACTACATGGGGACCATTCAGTTGAAAGAGAATTTTGTATTATCTTTAAATATTCTTTTATGTGCTTATCACTTGGTTCTTCGTTATTATTATTTTTTACAGCATTGTTGGCATTAGCATTTTCATCTACATTTCGGTTTGGGTCATTTGGCATATTGTGACCTTGTC","Pf3D7_03_v3-221463-221712-1B.22","67A69C117+8N130T",315,0.623762376237624,3
"IM-23-122-RMAM","8070933864","Maziba","Pf3D7_13_v3-1725208-1725471-1B","CATAAATTTTATTATCAAAAGCAACACACATAGCTGATGATCTAGGGGTATTCAAAGGTGCCACCTCTACCCATGCTTTCATACGATGATCATATGCTTCTACATTCGGTATAATAGAAGAGCCATCATATCCCCCAATACAATAAATTCTACCATTTGACGTAACACCACAATTATTTCTTCTAGGTATATTTAAATTACTTGAAAC","Pf3D7_13_v3-1725208-1725471-1B.1",".",604,1,1
"IM-23-122-RMAM","8070933864","Maziba","Pf3D7_08_v3-549960-550215-1B","GATGAACTAACAAATTATGATAATCTAGTTTATGATATAAAAAATTATTTAGAACAAAGATTAAATTTTCTTGTATTAAATGGAATACCTCGTTATAGGATACTATTTGATATTGGATTAGGATTTGCGAAGAAACATGATCAATCTATTAAACTCTTACAAAATATACATGTATATGATGAGTATCCACTT","Pf3D7_08_v3-549960-550215-1B.1","4G38+8N",559,0.975567190226876,2
"IM-23-122-RMAM","8070933864","Maziba","Pf3D7_09_v3-1406342-1406614-1A","TCTCAGATTATCATAGTGTTGTGGATGAAGATTTAATTAATTTTAATGATGATGTTACTTTAGAAACACAATCCATGATAGCACACGGAGGGTCTTTGTCAGAAATAGAAGAAACTGAAGATTTATCTTCAGATGTTGATAGATTACTTTCATCAATCGAAACTACTCCAAGAGATGATGTTGTATATATACGAGGTGATATTATATT","Pf3D7_09_v3-1406342-1406614-1A.3","118A148T204A",399,0.875,3
"IM-23-122-RMAM","8070933864","Maziba","Pf3D7_08_v3-549583-549807-1B","ACGTGCTGTTCAAAGAATGTTTGAAATGATAAATGAAGGTGCTAGTGTTATAGATATAGGTGGAGAATCCTCTGGTCCTTTTGTTATACCTAATCCAAAAATTAGTGAAAGAGATTTAGTAGTACCTGTATTACAATTATTTCAAAAAGAATGGAATGATATAAA","Pf3D7_08_v3-549583-549807-1B.1",".",1090,1,1
"IM-23-122-RMAM","8070933864","Maziba","Pf3D7_13_v3-1725379-1725652-2","ATTATTTCTTCTAGGTATATTTAAATTACTTGAAACATACCATACATCTCTTAAACGATCATACACCTCAGTTTCAAATAAAGCCTTATAATCATAGTTATTACCACCAAAAACGTATAAGAAATTATTCAATACAGCACTTCCAAAATAAGCTTTTTTGGTAGACATAGGTGTACACATACGCCAGCATTGTTGACTAATATCTAATAATTCCA","Pf3D7_13_v3-1725379-1725652-2.1","153+8N",577,1,1
"IM-23-122-RMAM","8070933864","Maziba","Pf3D7_03_v3-221295-221532-2","AAGGAACAAGAAGGATAATACCATTATTAATCCTATTGAACTATTTACGACATTAAACACACTGGAACATTTTTCCATTTTACAAATTTTTTTTTCAATATCATTTTCATAATCTAATTGGTCTTTAGGTTTATTAGCAGAGCCAGGCTTTATTCTAACTTGAATACCATTTCCACAAGTTA","Pf3D7_03_v3-221295-221532-2.2","86+11N107T120G",394,0.348056537102473,3
"IM-23-122-RMAM","8070933864","Maziba","Pf3D7_01_v3-181512-181761-1A","TTCATTATTGTTTTCATTCTTTTTTTAACGAAAACTATTCATCTCAAAAATATAAGATATTTTATATGACGAATGCCATTGTATTTTTTGTTACGTAAAACCTGACTTCTTCAGGGAAAACACATGCGCATTTTCACCAATTTTTGCCTAAGCTTATTATAAAAAGTATATTAAATGTATGAC","Pf3D7_01_v3-181512-181761-1A.3","19+9N83+8N114G",600,0.610376398779247,3
"IM-23-122-RMAM","8070933864","Maziba","Pf3D7_13_v3-1726174-1726408-2","TTTCTAATTCTTTGTACAATCGTACTCTTTCCATTTCTAGTTCTTTCTTATCTTTAAATAATTTATCTTTTTCTCGAATAAAATTCATTTGTGTCTTTTTTAACCAATTAATAAATGTAATTCTTAAATCACCTACCATATTTTCAAAATCACTAGCATCACTTAAT","Pf3D7_13_v3-1726174-1726408-2.1","95+8N",1834,1,1
"IM-23-122-RMAM","8070933864","Maziba","Pf3D7_01_v3-194742-194973-1B","TACCTATAAAAATGAAAAAAATAAAGAAGAAGATAAATATGGAAAAAATGAAAAAAACGAAAAATATGACAAATATGACAAATATGAAAAATATGACAAATATGAAAAATATGAAAAATATGATAAATACAAAAAAGATAATAAAAATCAACATGATGATCCACTTTATGATAATATTAATAAAAATTACGATAA","Pf3D7_01_v3-194742-194973-1B.23","14+9N42+17N97I=CAAATATGAAAAATATGA112+8N",449,0.478168264110756,2
"IM-23-122-RMAM","8070933864","Maziba","Pf3D7_13_v3-1265494-1265726-1A","TGTCATATACAGATTATAAAAATGATCATAGAATAAGCGAAATTTTAAATCGTTGTATTTTACGATTAAACGAGTTTGATCTAATTCATTTATCTTCTTTGGTCATATCTTTAAGTAAAATGAATTTTAGGAGTGTGTATTTTATGGAACAAGTACAAAAGAAATT","Pf3D7_13_v3-1265494-1265726-1A.4","44T144A",23,0.0138304269392664,6
"IM-23-122-RMAM","8070933864","Maziba","Pf3D7_13_v3-1146764-1147010-1A","AAATTTTCTCCTAAAGTTATGCCTTTGTTAATGAAGGAGAAGAACGTGAAACATAAAGCACCTCCTAAAGGTACTATAAAGCATACGCTAGAATATTTAAAAAGAGCAGCAGAATCAAGAATGAAAGAAAATGAATTATACAAATCAAAAAAAGATAGCACACTTAGTTCAATTGCAATTAGAAAAAATTCC","Pf3D7_13_v3-1146764-1147010-1A.2","64C146+9N182+8N",743,0.662210338680927,2
"IM-23-122-RMAM","8070933864","Maziba","Pf3D7_13_v3-2114242-2114482-1A","CTTCCATTAACTCAATATATAATTTATTAATAATTTTTAATTTGTTTATTTCAAAAAGGCATAGTTGTAACAAGGTTCTTAAGGTTTTATTACCCCCTAAGAGGTTAAAATGAATATTTCCTTTTTCTCGTATATGCAAAAAATCCCTTAACAATAAATCATATTCATCAGTATGAAATGT","Pf3D7_13_v3-2114242-2114482-1A.13","67G76T87T137+8N",4,0.00411522633744856,5
"IM-23-122-RMAM","8070933864","Maziba","Pf3D7_08_v3-550057-550318-2","ACTATTTGATATTGGATTAGGATTTGCGAAGAAACATGATCAATCTATTAAACTCTTACAAAATATACATGTATATGATGAGTATCCACTTTTTATTGGATATTCAAGAAAAAGATTTATTGCCCATTGCATGAATGATCAAAATGTTGTAATAAATACACAACAAAAATTACATGATGAACAACAAAATGAAAATAAAAATA","Pf3D7_08_v3-550057-550318-2.1",".",1040,0.960295475530933,2
"IM-23-122-RMAM","8070933864","Maziba","Pf3D7_03_v3-515418-515657-1A","TTTCCTTAATTTCTATATGTTTGAATTCCCTTATAGACATATTTGAATCATTATTACTTTTATATGAAGTGTTATTATCGAAATTATTATTAATACATTTTATTTTAATGATTTTGTTAAAATTTTTATTATTTACTATAATGGAAGTCAGATATGTACTTATCGTATGGAAAGCTAATCATCAACA","Pf3D7_03_v3-515418-515657-1A.2","5C",1752,0.833095577746077,2
"IM-23-122-RMAM","8070933864","Maziba","Pf3D7_13_v3-1265494-1265726-1A","TGTCATATACAGATTATAAAAATGATCATAGAATAAGCGAAATCTTAAATCGTTGTATTTTACGATTAAACGAGTTTGATCTAATTCATTTATCTTCTTTGGTCATATCTTTAAGTAAAATGAATTTTAGGAGTGTGTATTTTCAGGAACAAGTACAAAAGAAATT","Pf3D7_13_v3-1265494-1265726-1A.3","145A",631,0.379434756464221,6
"IM-23-122-RMAM","8070933864","Maziba","Pf3D7_08_v3-549960-550215-1B","GATGAACTAACAAATTATGATAATCTAGTTTATGATATAAAAAATTATTTAGAACAAAGATTAAATTTTCTTGTATTAAATGGAATACCTCGTTATAGGATACTATTTGATATTGGATTAGGATTTGGGAAGAAACATGATCAATCTATTAAACTCTTACAAAATATACATGTATATGATGAGTATCCACTT","Pf3D7_08_v3-549960-550215-1B.3","4G38+8N128G",14,0.0244328097731239,2
"IM-23-122-RMAM","8070933864","Maziba","Pf3D7_08_v3-585993-586266-1A","TGTAAATATAAATCATACGTATGACATGAATCATCATTTAATGCATTCTTAATTGTTAATGCTAATCTACTTACAATAATATAAGCAAAGTTTATATGAGAATGAATACCTTCTTTTCCTAAAAAGTTATAAAGACTAACAAATGGAGCATATATTATAAATTTATCATACTTTTTTTTGTGCATAACTTCATTTAATAAAATATTT","Pf3D7_08_v3-585993-586266-1A.1","171+10N",769,0.97712833545108,2
"IM-23-122-RMAM","8070933864","Maziba","Pf3D7_03_v3-85507-85756-1A","TATCATTTAAATTCTCTTTTTCCACAGCTCCAGCATTTTTATTTATATCATCTACAACTACATCTTCCTTCACATAATTATTTATATAAAAATTATTATCATCTAAAGCATCTGAAAATTCTTCATTTAATACTTCTTCATCTACATTAAATGTTTTCGTTCTTTCATCATCTAATAAA","Pf3D7_03_v3-85507-85756-1A.1","144D=TCT",341,1,1
"IM-23-122-RMAM","8070933864","Maziba","Pf3D7_03_v3-221295-221532-2","AAGGAACAAGAAGGATAATACCATTATTAATCCTATTGAACTATTTACGACATTAAACACACTGGAACATTTTTCCATTTTACAAATTTTTTTTTCAATATCATTTGCATAATCTAATTGGTCTTTAGGTTTATTAGCAGAGCCAGGCTTTATTCTAACTTGAATACCATTTCCACAAGTTA","Pf3D7_03_v3-221295-221532-2.1","86+11N120G",2,0.00176678445229682,3
"IM-23-122-RMAM","8070933864","Maziba","Pf3D7_13_v3-1265494-1265726-1A","TGTCATATACAGATTATAAAAATGATCATAGAATAAGCGAAATTTTAAATCGTTGTATTTTACGATTAAACGAGTTTGATCTAATTCATTTATCTTCTTTGGTCATATCTTTAAGTAAAATGAATTTTAGGAGTGTGTATTTTCAGGAACAAGTACAAAAGAAATT","Pf3D7_13_v3-1265494-1265726-1A.2","44T145A",3,0.00180396873120866,6
"IM-23-122-RMAM","8070933864","Maziba","Pf3D7_13_v3-1265494-1265726-1A","TGTCATATACAGATTATAAAAATGATCATAGAATAAGCGAAATCTTAAATCGTTGTATTTTACGATTAAACGAGTTTGATCTAATTCATTTATCTTCTTTGGTCATATCTTTAAGTAAAATGAATTTTAGGAGTGTGTATTTTCTGGAACAAGTACAAAAGAAATT","Pf3D7_13_v3-1265494-1265726-1A.8",".",1,0.000601322910402886,6
"IM-23-122-RMAM","8070933864","Maziba","Pf3D7_12_v3-684011-684240-1A","ACCTAATGTTGGTAAGTCTACCATTTTTAATCGACTAACTCGAAAATATCAAGATGGTAGTATTGTTTTAGAGGTTAGTAGTACGAGAGATAAACTTTATGGAGAAGTTGAGTGGGAAGGATATAAATTTGAACTTGTGGATACAGGAGGTTTAGTTTTTGA","Pf3D7_12_v3-684011-684240-1A.4","73G",575,0.603357817418678,3
"IM-23-122-RMAM","8070933864","Maziba","Pf3D7_11_v3-119432-119705-1A","CTCCTTTATATTCATCAAGAAATTTCATCCAAGAGTAATTATGTTTTTCTTGTTGATATTTTGCTTTATACAAACGAGCAAGATACTTTTTATACGATTCATGCTCTTTAATTTTCTTTTCAAAAGTTTTGGTTATAATGTGTTCAAGTGATTGTAAAGTATTTTTCTTTAATTTTCTCCATATTAATCTACATGCGATTATAAGAA","Pf3D7_11_v3-119432-119705-1A.1",".",9,0.0160142348754448,4
"IM-23-122-RMAM","8070933864","Maziba","Pf3D7_12_v3-857050-857323-1A","ATATAATTTTAAGATGTCCTATCAAGACGTTCAGGAAAAAAAAAATGAAGATATAAATTATGATGAAATAGCTAGCAGCATGCTAGAGAAGATGGACAAACATATAAATGGAGAAAAACAACCAACGATACATTATGAAAATTTAAATGTACAAGAGCAAGAGGGAGCACATGCTTATTACTCAAATCAAGATATAAATAACATAAATA","Pf3D7_12_v3-857050-857323-1A.1","35+12N",166,0.385150812064965,2
"IM-23-122-RMAM","8070933864","Maziba","Pf3D7_11_v3-119432-119705-1A","CTCCTTTATATTCATCAAGAAATTTCATCCAAAAGTAATTATGTTTTTCTTGTTGATATTTTGCTTTATACAAACGAGCAAGATACTTATTATACGATTCATGCTCTTTAATTTTCTTTTCAAAAGTTTTGGTTATAATGTGTTCAAGTGATTGTAAAGTATTTTTCTTTAATTTTCTCCATATTAATCTACATGCGATTATAAGAA","Pf3D7_11_v3-119432-119705-1A.2","33A89A",371,0.660142348754448,4
"IM-23-122-RMAM","8070933864","Maziba","Pf3D7_12_v3-684011-684240-1A","ACCTAATGTTGGTAAGTCTACCATTTTTAATCGACTAACTCGAAAATATCAAGATGGTAGTATTGTTTTAAATGTTAGTAGTACGAGAGATAAACTTTATGGAGAAGTTGAGTGGGAAGGATATAAATTTGAACTTGTGGATACAGGAGGTTTAGTTTTTGA","Pf3D7_12_v3-684011-684240-1A.5","71A",14,0.0146904512067156,3
"IM-23-122-RMAM","8070933864","Maziba","Pf3D7_01_v3-162867-163115-1A","ATATACCAATAATACTTTTTTTTTTAAATAATGTAAAAAATGATTTATATAATTGTTATAAACAAATGATCACATATCATAATAATAATAATAATATGCTAAATCATAACTCTAATATTTTATCAAAAGAAAATGAAAAAAAACAACCTTTTTCAACATATAATATATCAAATCTTTGTTCTCCTGACCAAATGGTGATAAATAAAAA","Pf3D7_01_v3-162867-163115-1A.4","15+12N34+8N91I=ATAATA92G129+10N",393,0.35183527305282,2
"IM-23-122-RMAM","8070933864","Maziba","Pf3D7_13_v3-1265494-1265726-1A","TGTCATATACAGATTATAAAAATGATCATAGAATAAGCGAAATCTTAAATCGTTGTATTTTACGATTAAACGAGTTTGATCTAATTCATTTATCTTCTTTGGTCATATCTTTAAGTAAAATGAATTTTAGGAGTGTGTATTTTATGGAACAAGTACAAAAGAAATT","Pf3D7_13_v3-1265494-1265726-1A.1","144A",2,0.00120264582080577,6
"IM-23-122-RMAM","8070933864","Maziba","Pf3D7_01_v3-162867-163115-1A","ATATACCAATAATACTTTTTTTTTTAAATAATGTAAAAAATGATTTATATAATTGTTATAAACAAATGATCACATATCATAATAATAATAATAATATGCTAAATCATAACTCTAATATTTTATCAAAAGAAAATGAAAAAAAACAACCTTTTTCAACATATTATATATCAAATCTTTGTTCTCCTGACCAAATGGTGATAAATAAAAA","Pf3D7_01_v3-162867-163115-1A.12","15+12N34+8N91I=ATAATA92G129+10N156T",724,0.64816472694718,2
"IM-23-122-RMAM","8070933864","Maziba","Pf3D7_13_v3-1146764-1147010-1A","AAATTTTCTCCTAAAGTTATGCCTTTGTTAATGAAGGAGAAGAACGTGAAACATAAAGCACCTCCTAAAGGTACTATAAAGCATACGCTAGAATATTTAAAAAGAGCAGGAGAATCAAGAATGAAAGAAAATGAATTATACAAATCAAAAAAAGATAGCACACTTAGTTCAATTGCAATTAGAAAAAATTCC","Pf3D7_13_v3-1146764-1147010-1A.1","64C110G146+9N182+8N",379,0.337789661319073,2
"IM-23-122-RMAM","8070933864","Maziba","Pf3D7_13_v3-1233093-1233332-1A","TCTATATGATCCTTATTTTTATCTTCATCACATTTATAATTTACATAATTTTCGACGTCATCATTTTCATTATTACTCATAATTGAATTATCCACAATGTTTGCCTCTTTTACAGCTTTACAAAGTTGGTAAAAAATATGATAATTCCTTTCACCTTCTTGTTGATCACACACCCGAACC","Pf3D7_13_v3-1233093-1233332-1A.1","130+8N",410,0.371376811594203,2
"IM-23-122-RMAM","8070933864","Maziba","Pf3D7_11_v3-115913-116184-1A","ACCTCCAGATGTTATAAATATTATATTATCATCATCATTTGGAAGGAAATTCTCCTCTAATGTTTTTAATATTTCATCTATATTTTTAGGTCTCAATTTACTATTGAAAAATTTTGAATACTTCAAAAAATAATCATCATCTTTTACATTACATATATTATCATTATTTTCATTTTGTTTTAGTAGTTCATCTTTTTTATTATC","Pf3D7_11_v3-115913-116184-1A.1","7A124+8N197T",9,0.0376569037656904,3
"IM-23-122-RMAM","8070933864","Maziba","Pf3D7_11_v3-115913-116184-1A","ACCTCCCGATGTTATAAATATTATATTATCATCATCATTTGGAAGGAAATTCTCCTCTAATGTTTTTAATATTTCATCTATATTTTTAGGTCTCAATTTACTATTGAAAAATTTTGAATACTTCAAAAAATAATCATCATCTTTTACATTACATATATTATCATTATTTTCATTTTGTTTTAGTAGTTCATCTTTTATATTATC","Pf3D7_11_v3-115913-116184-1A.3","124+8N",80,0.334728033472803,3
"IM-23-122-RMAM","8070933864","Maziba","Pf3D7_01_v3-145388-145662-1A","GATATGTTTAAATATATGATTCTCGAAAAAACTTTTTTTATTTTTTTTGTCAATAGATAAATGATCAATATTTTCTATATTTAATCTATCAAGTATTTTTATATATCTATTATTTCTTTCTTCGATGGATAAATTATAAGAATCAATATCCTTTCTTTCATCAACAAACTTTTTTATTGTTAACTCCATTTTTTTATTTAAGATACCA","Pf3D7_01_v3-145388-145662-1A.1","25+25N169+8N188+9N",200,1,1
"IM-23-122-RMAM","8070933864","Maziba","Pf3D7_01_v3-181512-181761-1A","TTCATTATTGTTTTCATTCTTTTTTTAACGAAAACTATTCATCTCAAAAATATAAGATATTTTATATGACGAATGCCATTGTATTTTTTGTTACGTAAAACCTGACTTCTTCAAGGAAAACACATGCGCATTTTCACCAATTTTTGCCTAAGCTTATTATAAAAAGTATATTAAATGTATGAC","Pf3D7_01_v3-181512-181761-1A.2","19+9N83+8N",372,0.378433367243133,3
"IM-23-122-RMAM","8070933864","Maziba","Pf3D7_03_v3-515418-515657-1A","TTTCATTAATTTCTATATGTTTGAATTCCCTTATAGACATATTTGAATCATTATTACTTTTATATGAAGTGTTATTATCGAAATTATTATTAATACATTTTATTTTAATGATTTTGTTAAAATTTTTATTATTTACTATAATGGAAGTCAGATATGTACTTATCGTATGGAAAGCTAATCATCAACA","Pf3D7_03_v3-515418-515657-1A.3","5A",351,0.166904422253923,2
"IM-23-122-RMAM","8070933864","Maziba","Pf3D7_13_v3-1233093-1233332-1A","TCTATATGATCCTTATTTTTATCTTCATCACATTTATAATTTACATAATTTTCGACGTCATCATTTTCATTATTACTCATAATTGAATTATCCACAATGCTTGCCTCTTTTACAGCTTTACAAAGTTGGTAAAAAATATGATAATTCCTTTCACCTTCTTGTTGATCACACACCCGAACC","Pf3D7_13_v3-1233093-1233332-1A.2","100C130+8N",694,0.628623188405797,2
"IM-23-122-RMAM","8070933864","Maziba","Pf3D7_03_v3-221463-221712-1B","ACTTGAATACCATTTCCACAAGTTACACTACATGGGGACCATTCAGTTGAAATAGAATTTTGTATTTTGTTTAAATATTCTTTTATGTGCTTATCACTTGGTTCTTCGTTATTATTATTTTTTACAGCATTGTTGGCATTAGCATTTTCATCTACATTTCGGTTTGGGTCATTTGGCATATTGTGACCTTGTC","Pf3D7_03_v3-221463-221712-1B.7","53T117+8N130T",2,0.00396039603960396,3
"IM-23-122-RMAM","8070933864","Maziba","Pf3D7_03_v3-653961-654206-1A","CTCGTACAATATTTTTATAATTTCCTTTCATCTTATTTTTTTCTTTATATTTTTTTTTTTCATATGTAAGATTTATATAATCACTTTCGCTTTTTCTAACGCTTTTGAACTTTTTAAATGTACTTCGTTCATTATTTCTAATTCTCGTAAACACAAGAATAAATATTTTGATATATCTTATA","Pf3D7_03_v3-653961-654206-1A.1","35+9N49+13N101G",620,1,1
"IM-23-122-RMAM","8070933864","Maziba","Pf3D7_11_v3-119432-119705-1A","CTCCTTTATATTCATCAAGAAATTTCATCCAAAAGTAATTATGTTTTTCTTGTTGATATTTTGCTTTATACAAACGAGCAAGATACTTATTATACGATTCATGCTCTTTAATTTTCTTTTCAAAAGTTTTGGTTATAATGTGTTGAAGTGATTGTAAAGTATTTTTCTTTAATTTTCTCCATATTAATCTACATGCGATTATAAGAA","Pf3D7_11_v3-119432-119705-1A.4","33A89A145G",176,0.313167259786477,4
"IM-23-122-TFAY","8039831925","Maziba","Pf3D7_07_v3-403487-403750-2","AGGTTCTTGTCTTGGTAAATGTGCTCATGTGTTTAAACTTATTTTTAAAGAGATTAAGGATAATATTTTTATTTATATTTTAAGTATTATTTATTTAAGTGTATGTGTAATGAATAAAATTTTTGCTAAAAGAACTTTAAACAAAATTGGTAACTATAGTTTTGTAACATCCGAAACTCACAACTTTATTTGTATGATTATGTTCTTT","Pf3D7_07_v3-403487-403750-2.1",".",556,1,1
"IM-23-122-TFAY","8039831925","Maziba","Pf3D7_13_v3-1004740-1005002-1A","TTACATCGTAAAAATAATTTAAAATATTATATATATTATCTTTTCCTTTTGGGGGGTCTCTTTTCTTTATATATATATTTACATTTCTCTTCATTTTATTACATGATAAATTAATATTTAATGTACTAATATATATATTATTAATTTTTATTTTCTTCTTCTTTTTTATATTAAAACAAAATGAAGATTCTTTAA","Pf3D7_13_v3-1004740-1005002-1A.1","50+8N161+8N",42,1,1
"IM-23-122-TFAY","8039831925","Maziba","Pf3D7_13_v3-1041593-1041860-1AB","CAAGATTGAAGTATTACATATCTCAGAAATTAAATGTATGCCCAAGAGATGTAAATGCACACATTGTAGGTGCTCATGGAAATAAAATGGTTCTTTTAAAAAGATACATTACTGTAGGTGGTATCCCTTTACAAGAATTTATTAATAACAAGTTAATTTCTGATGCTGAATTAGAAGCTATATTTGATAGAACTGTTAATACT","Pf3D7_13_v3-1041593-1041860-1AB.1",".",716,1,1
"IM-23-122-TFAY","8039831925","Maziba","Pf3D7_13_v3-2114829-2115090-1A","ATTCAATATATATAAAAATATAGCTAATAAACATTTCAAATCTCCATTAAGAACTTTATTCATCTTAACAAAAGCTCTATGAACTTCTGTATCTATAGTCGATTTTGTTATTCTAAGCATATCATTAAGTAAAAAATTTACGGTATCGACATTAACAGTGTAATAATTTCTTCCTAAATTTAAATGTTCTAAATAATTCAA","Pf3D7_13_v3-2114829-2115090-1A.1","130+8N192A",854,1,1
"IM-23-122-TFAY","8039831925","Maziba","Pf3D7_12_v3-659881-660127-1A","GGTGGTTTAACATTTTGAGCTACGAGATTTTCGACTGATGGCAATCCTAATTTGATTAATTCCTTTAACATAATTTTTGCGTGTTTTTTTACTTCTGATTTGATATCAAAGCTTGATTCTAAAAAGGTTGGTGAATTTTTTTGTAAAACACTGACAAGTTCATTTGATATGGTCTCTGCTAAATCATCACCA","Pf3D7_12_v3-659881-660127-1A.24","17G35C50A73A74T83+9N135+9N",1354,1,1
"IM-23-122-TFAY","8039831925","Maziba","Pf3D7_13_v3-1146764-1147010-1A","AAATTTTCTCCTAAAGTTATGCCTTTGTTAATGAAGGAGAAGAACGTGAAACATAAAGCACCTCCTAAAGGTACTATAAAGCATACGCTAGAATATTTAAAAAGAGCAGGAGAATCAAGAATGAAAGAAAATGAATTATACAAATCAAAAAAAGATAGCACACTTAGTTCAATTGCAATTAGAAAAAATTCC","Pf3D7_13_v3-1146764-1147010-1A.1","64C110G146+9N182+8N",1730,1,1
"IM-23-122-TFAY","8039831925","Maziba","Pf3D7_05_v3-668763-669004-1A","TAATATTATCTGGCTCTGTAACCATGTCCGAACATATGTTAACAGGAGAATCTGTTCCTATACATAAAGAGCGGTTACCTTTTGAAGGAAATGCTATTATAAATAAAAATAATAAATATGACAGTAACGATGAAAAGGATGATTACCTTCGTATTTATAATAATCATGCTAGTATTAATATGATCAACCG","Pf3D7_05_v3-668763-669004-1A.1","73G122C188C",1832,1,1
"IM-23-122-TFAY","8039831925","Maziba","Pf3D7_07_v3-105172-105442-1A","GACTACTAACAGAGTGACTACCTACGCTATGTTGAGATGAATTCCTTCCATCTGAATTACTTCCAGATAGGTGATTTTCTGTACTTCCATCTGAATTGTTTTTATATAATTGACTTTCCTTTTGTCCATCTAAATTATGCACTGCACTATGAGTTCCTTCACCCAAATTATTACTGTTTGTTGTATCATCATTTAAATCAAATCCATTTCTT","Pf3D7_07_v3-105172-105442-1A.1",".",531,1,1
"IM-23-122-TFAY","8039831925","Maziba","Pf3D7_07_v3-403479-403716-1B","TTAGGTGGAGGTTCTTGTCTTGGTAAATGTGCTCATGTGTTTAAACTTATTTTTAAAGAGATTAAGGATAATATTTTTATTTATATTTTAAGTATTATTTATTTAAGTGTATGTGTAATGAATAAAATTTTTGCTAAAAGAACTTTAAACAAAATTGGTAACTATAGTTTTGTAACATCCGA","Pf3D7_07_v3-403479-403716-1B.1",".",1194,1,1
"IM-23-122-TFAY","8039831925","Maziba","Pf3D7_05_v3-369676-369949-1A","TGTAATATTATATATCCTGTTATAAATAAATCACTGGATATGGATGTGAAAAAAGAAGATATAAAAAAAAATGTAGAAGAAAATAAATATATAGAACATACACAGAATTTGAAAAATTATTTAGAAAATGATGAAAATGAGAAAAAAAAAAGAAGAAAAAGATCAAATAATAATGACAATTATAATTCTCATGATAATAATATTTTTCA","Pf3D7_05_v3-369676-369949-1A.2","34C48+8N62+11N141+12N",351,1,1
"IM-23-122-TFAY","8039831925","Maziba","Pf3D7_02_v3-628941-629172-1A","ACTTTTTTTAGATTTTTCTTGATCGTTTTCATCATTTTTTATTTCCTGTTCATCTGAGGTTTTCTTTTGTAAACGCTTAGTGCGTTGCTTTTGACCTTTTAATTTTTTTTTAAATATATTTTTAACTTGATCAATGAAGAAAGCATAATCTTGTATGACAGAAAATCT","Pf3D7_02_v3-628941-629172-1A.2","2+9N34+8N87G102+11N",1287,1,1
"IM-23-122-TFAY","8039831925","Maziba","Pf3D7_04_v3-748585-748822-2","TTAATAAAAAAAATATATTTTACTAGAATAAATAGTACATATGAATGTGATGTATTTTTTCCAGAAATAAATGAAAATGAGTATCAAATTATTTCTGTTAGCGATGTATATACTAGTAACAATACAACATTGGATTTTATCATTTATAAGAAAACGAATAATAAAATGTT","Pf3D7_04_v3-748585-748822-2.1","5+10N54+8N",369,1,1
"IM-23-122-TFAY","8039831925","Maziba","Pf3D7_07_v3-1149367-1149613-1A","TATTTGACTAGTCGAATAATATTTAATATTTTTGTTTAGGAAGTTTTCAAAATTGATGACATTGATAACCGTTTTTATTAAATCGCTTGGGTTGTTTGTGTGTTCTATAGTAGAAGACATAATTTTAAGAATGTGTTTTTGTGTTATTAAACAAAACTTTGTTACTATATGGAATCGTATGTTAT","Pf3D7_07_v3-1149367-1149613-1A.1","106T109A",2128,1,1
"IM-23-122-TFAY","8039831925","Maziba","Pf3D7_04_v3-648065-648332-1A","TATGACTTCTGATTCAGTTTTGTTAAGATATATACCAAGAGATCTTAACAAATATAATAATTTTTCACCACTAACTCCATCTTTATTAGTATCGTATTCTTTAAATATTGATTCAATCTCAGCTCTCTTAAAGAAAACAAATATATATACATATATATATGTATTTATATGAATTTGTATCAATAAATAATAACATTCTTA","Pf3D7_04_v3-648065-648332-1A.1","141+30N",321,1,1
"IM-23-122-TFAY","8039831925","Maziba","Pf3D7_11_v3-2001725-2001999-2","GGATGTAAGAACTAAGAATGTAAATACAAGTAAGAGAAATGAAGGACTTAATGATATAAATGAATCAGAAAAAACAAGAACAAGAAGGGCATCAACAAAATCAAATAATAATAATAATAATGTATCATACGAGAATGAATTAGAGAGTGTATCTGAATGGTTTGATAACTTTTTGGAGGATCATATGAAGGAAGGTGTTTTTTTAGATGGGGAAAA","Pf3D7_11_v3-2001725-2001999-2.1","1G68+8N89G116I=AATAAT153G191+9N",327,1,1
"IM-23-122-TFAY","8039831925","Maziba","Pf3D7_02_v3-630641-630907-1A","CTAAGTTATCTAAAATTATTAATTTTTTCAAATATGGTAATTTATGTCTATGAAGTAATAAGCCATCAACTAAATCTAAATCTAAACATAACCATTCTAATTTCGTTTCATTTAATATGTTTACAATTACATCTATACTAAAGTTAGAATGTAAAATCAAGGTTGTTACACCACTCATCATAGCTGCCATATCAACAAT","Pf3D7_02_v3-630641-630907-1A.1","22+8N43T",473,1,1
"IM-23-122-TFAY","8039831925","Maziba","Pf3D7_05_v3-350808-351052-1A","TAATATAATTTGAGTTGATAATATTATAATTATTTTTTATATGTTGCTCATTTATATTATTATGATAAATATGAGTTGTATTTTTATTAGAGTTGTAGGACATTTTCCCATACATTAGTTGTTTTACATTTTTAACATTTTTATAATTATGTATTAAACATAAGATTATTAGATAAA","Pf3D7_05_v3-350808-351052-1A.1","32+8N116T",987,1,1
"IM-23-122-TFAY","8039831925","Maziba","Pf3D7_06_v3-1192628-1192867-1A","GATTATATATTTCTATATTTTAATAAGAATGCGTTACACAAACATGATGCCTCTAATGAAATGTGTTTTGTGAAAAACGAAGATTCTACACGCACAAAAGGACATATGAATGATGAACAAAATGATTTATATAAAATAAATAATAATACAACATATTTTTTTAACAAAAACCACT","Pf3D7_06_v3-1192628-1192867-1A.1","30T155+9N",1169,1,1
"IM-23-122-TFAY","8039831925","Maziba","Pf3D7_01_v3-194742-194973-1B","TACCTATAAAAATGAAAAAAATAAAGAAGATAAATATGGAAAAAATGAAAAAAACGAAAAATATGACAAATATGACAAATATGAAAAATATGAAAAATATGATAAATACAAAAAAGATAATAAAAATCAACATGATGATCCACTTTATGATAATATTAATAAAAATTACGATAA","Pf3D7_01_v3-194742-194973-1B.16","14+9N31D=AGA42+17N112+8N",2263,1,1
"IM-23-122-TFAY","8039831925","Maziba","Pf3D7_12_v3-63081-63314-1A","TTTCCGTCATAATAGTTGCATACATTCTATTAAAAACTTTGGGTACTCCTAATATAATTTCACCTTTTGAATTACATATGTCTGTATTCAAAAATTTTATATCTCTACTCCATATATTTATCTTTACATCCAAAAACAAAGCAATGAAAAAAACAACCCTTTCATA","Pf3D7_12_v3-63081-63314-1A.6","129T146+9N",6,0.00456968773800457,2
"IM-23-122-TFAY","8039831925","Maziba","Pf3D7_07_v3-1066661-1066903-1A","TATAGTTTTGTAATTTATTGGTATGTGTTGTTAAAGGAGAATTTTTTTAATATCCCTTGTCATGGGCAAAAGGAGAAAAAAGAAATAAAAAACTTTTATGTTCAACATGAAGATATTTGTGAACACACTATTGGTAATCATATGTTAGGTGATAAATTAAAAATGTGTACATCTAATATTAATG","Pf3D7_07_v3-1066661-1066903-1A.3","4A41+9N72G75+8N86+8N",2006,1,1
"IM-23-122-TFAY","8039831925","Maziba","Pf3D7_13_v3-2504481-2504734-1B","TAAAATGTGTTGATGATTTTAACAATATGGTTATAACGATAAAAGAGGAAGTAAACAATCATTGGGAAAATAATATATACAATAAAAAGGATATGGTTAATTATACAAATGAAAATTATAATGATAATATATTAACATATGAATATATTAATGAAACACTTAGAAAAGAAAAAAAAAGATATTATA","Pf3D7_13_v3-2504481-2504734-1B.1","168+11N",366,1,1
"IM-23-122-TFAY","8039831925","Maziba","Pf3D7_05_v3-1322099-1322341-1A","TTCCAATAGAAACTATATTACGATTTTCTTCATGAGGTAAATTGACATTCATCTTATATGTATAATTAAGGATGAGTAATAAATTGTATAAAAATATTTTTATTTAATAATTTATATGTATTATTAATAATTCTGAATTTATCAATTGATATATTATTTTTGTTTTTCTTTATGCCATTC","Pf3D7_05_v3-1322099-1322341-1A.4","27T",273,1,1
"IM-23-122-TFAY","8039831925","Maziba","Pf3D7_04_v3-900526-900759-1A","TTAACAACTTATCATCATTTATTAGATTCTTTTCATGGAACAGATTATTAACAGTATCCATAATTTTATGATCATCCGTGTTATATGTATCTATACAAGTATTTAGCTTGCTTATATAATTTACATATTTCAACGGATCATTTTGAAGTATGCAATCATCGAATGAATA","Pf3D7_04_v3-900526-900759-1A.1","106G",1553,1,1
"IM-23-122-TFAY","8039831925","Maziba","Pf3D7_05_v3-641131-641404-1A","GGAATTTTTTTTTTGGTGTTTTATTTTTTCGAAGGATACAGTATAATCTAAGACATTAAAATTATTGGGTTTGAAAAAGAGTTTCCTTTTTATGATGTGCAATAGAGGTATATTTATATAGGAAATATAAACATATAAAAGGAATATGATAAAAAGGAAATATTGACTTAATAAAATATTAATATTTCTTTTTTTAAAATATATTTCGT","Pf3D7_05_v3-641131-641404-1A.3","4+12N23+8N42T188+9N",218,1,1
"IM-23-122-TFAY","8039831925","Maziba","Pf3D7_07_v3-1043981-1044225-1A","ATAATGATATGTTATTTCATCATCAGCATCGACTTCTTTCTTATTATGTTCAAACAAATTCTTATATTTTATATTATTGCATTTTTGTCTTTCCATATTTATAAAAGATTCTATTTTCTTTTTATAATCATTCCTTTTTATATAATTACACATTCCTTCATTTTGGTTGTCATAACTCTTCT","Pf3D7_07_v3-1043981-1044225-1A.2","36+8N",1378,1,1
"IM-23-122-TFAY","8039831925","Maziba","Pf3D7_04_v3-748374-748611-1B","AAACTGGGAAAGCATTCCAAAAAAATTTAAACCTTTAAGCAATAGGATAAATGTTATATTGTCTAGAACCTTAAAAAAAGAAGATTTTGATGAAGATGTTTATATCATTAACAAAGTTGAAGATCTAATAGTTTTACTTGGGAAATTAAATTACTATAAATGTTTTATATTAG","Pf3D7_04_v3-748374-748611-1B.3","3A18+9N72+9N169A170T",1215,1,1
"IM-23-122-TFAY","8039831925","Maziba","Pf3D7_05_v3-958920-959168-1B","AATAATAAATCGAAAACCATTAGTTGAAAATAATGATGATGGAGAAACATTACCAAATATTAAAAAAATTGAATTTAAAAATGTAAGATTTCATTATGATACTAGAAAAGATGTTGAAATTTATAAAGATTTAAGTTTTACTCTAAAAGAAGGGAAAACATATGCATTTGTGGGAGAATCA","Pf3D7_05_v3-958920-959168-1B.1","61+9N",683,1,1
"IM-23-122-TFAY","8039831925","Maziba","Pf3D7_05_v3-958079-958350-1B","TTTTTATATCTGTGTTTGGTGTAATATTAAAGAACATGAATTTAGGTGATGATATTAATCCTATAATATTATCATTAGTATCTATAGGTTTAGTACAATTTATATTATCAATGATATCAAGTTATTGTATGGATGTAATTACATCAAAAATATTAAAAACTTTAAAGCTTGAATATTTAAGAAGTGTTTTTTATCAAGATGGACAATTTC","Pf3D7_05_v3-958079-958350-1B.1","186+8N",203,1,1
"IM-23-122-TFAY","8039831925","Maziba","Pf3D7_13_v3-388138-388408-1A","ATATATCTTTATTCATATGTTCTATATATTGTCTTTGTCTCTTTTCCTTTCTCATATCAGATATTATTGAATAATTTCCTTTATCACATACATATCTAGGATTATGTGATAATTCATAAGCTGCTCTTTTTAAAACTCTATTCTTTTCTTTAAAACTATTAAATTTTATATTATTGTTCATATTAGATGTGTTCCTTTTAATAATA","Pf3D7_13_v3-388138-388408-1A.1","194C",833,1,1
"IM-23-122-TFAY","8039831925","Maziba","Pf3D7_11_v3-408543-408771-1A","AGAGTGTTAATAATACTACAGCTAGTAATATTTCCAAATCCAAAAATGAACTTGAAAAAAAGTCATCAGTTAATAATAATGCTTATATTAAAATTATCGAAAATTATGATTTATTATGGTTAAAATTAATAGAAATTGAATTATGTTGTAATAATAAAAATTTAAATCCTATA","Pf3D7_11_v3-408543-408771-1A.1","54+9N",2427,1,1
"IM-23-122-TFAY","8039831925","Maziba","Pf3D7_14_v3-2695837-2696082-1A","CGTTTTGTATCATATTATTAGATATAGTTATTTTATTATTATTTTCTACATTGTTATTCAATATATTACATCCTGTTATGGAATTATTGTTAAAATATAAATTATTCGAATTGTTATTATTAAATTCTAATCCACTAACTGCTGTTGTATATAATGATGATGAGTTATTATTATAGAAATC","Pf3D7_14_v3-2695837-2696082-1A.1","28+16N",687,1,1
"IM-23-122-TFAY","8039831925","Maziba","Pf3D7_13_v3-2780346-2780575-1B","GTTGGATAGAATGCCCGACTACGGATCGGGAGGTCGTGGGTTCGACTCCTGCCCGGCCTAATTTTTTTCGTTTTCGTTTTTAAAGTAAAAAAGGATAATATTTTTAAAAAACATTTAGTATATATATTTTTTTTAAATAATAAATCTATTATATTATTAAATATTATGAGAAGA","Pf3D7_13_v3-2780346-2780575-1B.1","61+9N86+8N105+8N126+10N",588,1,1
"IM-23-122-TFAY","8039831925","Maziba","Pf3D7_12_v3-2092654-2092884-2","GAGATATTAGCTTCATGTTCAGAAGATATGTCTATAAGAATATGGGAGATACGTCATGAGGATGAGAATGTGAATGAGGTAAAGGATCCTTTATGTATATTAAATGGTCATAAGAAAAAAGTAAATATATTATCATGGAATCCTATGAATTATTTTATATTATCATCT","Pf3D7_12_v3-2092654-2092884-2.1","114+8N",2461,1,1
"IM-23-122-TFAY","8039831925","Maziba","Pf3D7_12_v3-63081-63314-1A","TTTCCGTCATAATAGTTGCATACATTCTATTAAAAACTTTGGGTACTCCTAATATAATTTCACCTTTTGAATTACATATGTCTGTATTCAAAAATTTTATATCTCTACTCCATATATTTATCTTTACACCCAAAAACAAAGCAATGAAAAAAACAACCCTTTCATA","Pf3D7_12_v3-63081-63314-1A.1","146+9N",1307,0.995430312261995,2
"IM-23-122-TFAY","8039831925","Maziba","Pf3D7_11_v3-497277-497548-1A","TTTTAGATTTAATTGAATATTCATTTTTAAATTATACTAGTTCTAATTTAAATACAATAAATAATAATAATGACAAAAAAAAACAAAATCAAAAAAATAAAAATCGCAAATATAGTAAAAATAATATTTTAGATCTCTATGAACACGTACGTACGATCAGTTTATTTTATCACACGTTTAATTTACCTAAGGAGTATAATGAAAAATTGTT","Pf3D7_11_v3-497277-497548-1A.1","74+11N90+9N148T150C",351,1,1
"IM-23-122-TFAY","8039831925","Maziba","Pf3D7_06_v3-176108-176338-1A","ATTATTATTATTATTATGATGATGATGATGATGATCTGTGTTAAGATCATCTTCTATACCATTAGTTAAACATTTTATATTTTTATTCATATAAACATTAATCTTCACAACAGATTTATCAGATCTAGAAAATCTTGTACCTGTTGCTTTATGTAACAATAT","Pf3D7_06_v3-176108-176338-1A.9","1+38N",19,0.0139500734214391,2
"IM-23-122-TFAY","8039831925","Maziba","Pf3D7_12_v3-857050-857323-1A","ATATAATTTTAAGATGTCCTATCAAGACGTTCAGGAAAAAAAAAATGAAGATATAAATTATGATGAAATAGCTAGCAGCATGCTAGAGAAGATGGACAAACATATAAATGGAGAAAAACAACCAACGATACATTATGAAAATTTAAATGTACAAGAGCAAGGGGGAGCACATGCTTATTACTCAAATCAAGATATAAATAACATAAATA","Pf3D7_12_v3-857050-857323-1A.2","35+12N162G",447,1,1
"IM-23-122-TFAY","8039831925","Maziba","Pf3D7_05_v3-958372-958608-1B","ATTTATAACAATTTTTACATATGCCAGTTCCTTTTTAGGTTTATTTATTTGGTCATTAATAAAAAATGCACGTTTGACTTTATGTATTACTTGCGTTTTTCCGTTAATTTATGTTTGTGGTGTCATATGTAATAAGAAAGTAAAATTAAATAAAAAAACATCTTTGTTATATAATAACAATACC","Pf3D7_05_v3-958372-958608-1B.1","45T60+8N151+9N",1348,1,1
"IM-23-122-TFAY","8039831925","Maziba","Pf3D7_01_v3-455794-456054-1A","AGAAAAAAAATTTATTAAGAGGTATTTCGATTTTAAAAATTTAAGAATTAATTTTTAATTATGTCTATAAAAACTTAATAGAAAATAAATATTATTTTGTTTTTCAAAAAAATGTTTAAGAATAATATTTCTTTATTCTTTTACAATTTAGAACATATAATGCTATTTCTTTTAATTTTAATTTAATTTCAAA","Pf3D7_01_v3-455794-456054-1A.1","2+10N105+9N",271,1,1
"IM-23-122-TFAY","8039831925","Maziba","Pf3D7_04_v3-748105-748359-1B","TGTGCATGTTGTAAGGTTGAAAGCAAAAATGAGGGGAAAAAAAATGAGGTTTTTAATAACTACACATTTAGAGGTCTAGGAAATAAAGGAGTATTACCATGGAAATGTATTTCCCTAGATATGAAATATTTTCGTGCAGTTACAACATATGTGAATGAATCAAAATATGAAAAATTGAAATATAAGAGATGTAAAT","Pf3D7_04_v3-748105-748359-1B.1","36+10N110T133C",707,1,1
"IM-23-122-TFAY","8039831925","Maziba","Pf3D7_04_v3-544454-544718-1A","ACAAAATATAATACTTTATATACAAATGCTTATAAAAAATTTTAACTCGAACGTACTTCAAAATAATATAAATGAACAAGAAGTAATACATAATAACATCAACATTAATAATATAAAAGAAGAACAACTTATACCAAATAATATCAAGAATATCCATAATAATGACAATATTAATCATTGTGATGGTAATAAAATAA","Pf3D7_04_v3-544454-544718-1A.12","33+8N128C186G",793,1,1
"IM-23-122-TFAY","8039831925","Maziba","Pf3D7_11_v3-1816152-1816378-1A","TTGGGTAGATATCGTTATAAGGGCTATAATGTATTGACTTCTCCGGGTTTGTTACATTATCATTACAACCAATATTATTAAGGTTAATATTATTTTTATCATTATTATTGTTGTTTTCATTTGTGTGGTTATATAATAACAATGATGTGTCGTCTATTGGATCATT","Pf3D7_11_v3-1816152-1816378-1A.1","50T90T",3134,1,1
"IM-23-122-TFAY","8039831925","Maziba","Pf3D7_13_v3-479569-479811-1A","CTAGAGACGAATTTGATGATAAAAGAAAATTAAAAGAAGAGAAAATTAAACAATGCCAACTATTAAATGAAAAACAACTAGAAGAAAAAGAAAAAGAAAAAAGAATTCTGAGAGAAAAAGCTGTTGAATATACCTTACAAAATGAAGAAGAATATAAACAACTAAAACGAAAATT","Pf3D7_13_v3-479569-479811-1A.1","96+8N",1285,1,1
"IM-23-122-TFAY","8039831925","Maziba","Pf3D7_03_v3-221185-221419-1B","AAATAAATTAAATAGGAAAATATAAAGAAAAATGAAAATTAAGAAAAAAAGTAGTATATATTTTTATAAATATTGTACAACTCAAACTAAGATGTGTTCTTTATCTAATTAAGGAACAAGAAGGATAATACCATTATTAATCCTATTGAACTATTTACGACATTAAACA","Pf3D7_03_v3-221185-221419-1B.1","43+9N",763,1,1
"IM-23-122-TFAY","8039831925","Maziba","Pf3D7_11_v3-408285-408534-1A","TATGAAGAAGGTTTAAAATATTGTGCGTCATCAATTAATTTATGGATATGTGCTATCGATTTACAAATAGAAAAAAAGAATTATACAGGTGCTAGAGCTTTGACGGAGAAAGCAAAAATCAAAATCAAGTATTTAAATTCTTTTAATAATAATAGTCATATTTTAAAAAGTAAAGAAATTATTGAA","Pf3D7_11_v3-408285-408534-1A.1","70+9N",774,1,1
"IM-23-122-TFAY","8039831925","Maziba","Pf3D7_11_v3-1950431-1950680-2","AGATATATTTCAAGGAAAGGATATGTGGAATGATGGGAAATATGGTGAAGCGAAAAATCATATTAAGAATGCTTTTGGTGATATGAACAATAGAAAAGCTATGTTAAATGAAATTGAGAAAGGAATTAAAGATGAAACGTTTAGTCGTGAAAATGGTTTAGACGTTTGTAAATCTCAATGTGAGGAAAG","Pf3D7_11_v3-1950431-1950680-2.1","98G",1639,1,1
"IM-23-122-TFAY","8039831925","Maziba","Pf3D7_05_v3-550803-551072-1A","ATATAATACACCTTTCTTATTTATATTAATCTTTTCATTTTTACAAGAAATCACCTCCCTACTTATTCGGTTGTCCTCATTTTCATATTTCATAACACCATCATTTATTTTTTCTATTTCTTTAATATTATTTTCTCCTTCGACGTAATTATGCTTTCCTATCATCTCCTTTGCTCTACTTCCTATATATACTAATTTCTCTCTGAA","Pf3D7_05_v3-550803-551072-1A.2","107+8N141C",407,1,1
"IM-23-122-TFAY","8039831925","Maziba","Pf3D7_05_v3-796518-796759-1A","TGGTTCTTCAATTGTTCATATAAGTTCTTTATTAGTAGGTGTATATTTATGTAGTAGTAGTGCAAATGCATTTAATCAAATTATTGAAAGAAATATAGATAAGTTAATGAAAAGAACCCAAAAAAGACCCTTAGCAAATAATAATCCAAATATGTCAGTTAAGCATGCTGAAATAT","Pf3D7_05_v3-796518-796759-1A.2","119+8N163G",964,1,1
"IM-23-122-TFAY","8039831925","Maziba","Pf3D7_12_v3-684011-684240-1A","ACCTAATGTTGGTAAGTCTACCATTTTTAATCGACTAACTCGAAAATATCAAGATGGTAGTATTGTTTTAGATGATAGTAGTACGAGAGATAAACTTTATGGAGAAGTTGAGTGGGAAGGATATAAATTTGAACTTGTGGATACAGGAGGTTTAGTTTTTGA","Pf3D7_12_v3-684011-684240-1A.6","75A",1347,1,1
"IM-23-122-TFAY","8039831925","Maziba","Pf3D7_13_v3-2770591-2770863-2","ACACATCGATTTTATCAAAAGGAAATATTCCAAGAAATATTTTTAAAAAAAAATAGTGAGTTAGATGATCACGTATGGAATATAGAAAGTATTACTACGAATATATTAGAGAGGAATAAATTAAGTGATCAAAATAATGAAGATAACCATGATGTTAATAATAATAATGAAGACCCATCTGGGGGTAATTTAAAAACCAATCTAAT","Pf3D7_13_v3-2770591-2770863-2.1","44+11N156+13N",732,1,1
"IM-23-122-TFAY","8039831925","Maziba","Pf3D7_01_v3-535965-536239-1A","GCTCATTTGATATTTTCCAGTTGTTCGATTTTAAAAATGATGTATATTTTTTAGATGATAATTTGTTCGACAAGGATATGGTATATTGTACAAGTACCAACAATTATGGCGTTATGGAAAATGATAATGATGATGATAAAATAATAAAAATACAAAATTTAAATGAGAAATTAAAAAATGGAAAAGCTGAATTTAAAGATATATTATTAT","Pf3D7_01_v3-535965-536239-1A.13","26C46+8N118A121+17N172+8N",470,1,1
"IM-23-122-TFAY","8039831925","Maziba","Pf3D7_14_v3-3214249-3214516-1A","TAAATAAAAAAGGATTAGATGATTTAATAAAAGATTTGTTAAAATATTTTCCAAAGAATTCAATTAGCGATCGTTTTGAATTGTTAGAATTTAAAATGACGGAGGATTGTTATACAAAAATGTGGTTTGATTTTATGAGTGATTTTGGAATAGCTACAATGAATGAAACCGAACATACTAGATCTTTTTATGGCTTAATCGAA","Pf3D7_14_v3-3214249-3214516-1A.1","5+8N194C",1118,1,1
"IM-23-122-TFAY","8039831925","Maziba","Pf3D7_01_v3-145388-145662-1A","GATATGTTTAAATATATGATTCTCGAAAAAACTTTTTTTATTTTTTTTGTCAATAGATAAATGATCAATATTTTCTATATTTAATCTATCAAGAATTTTTATATATCTATTATTTCTTTCTTCGATGGATAAATTATAAGAATCAATATCCTTTCTTTCATCAACAAACTTTTTTATTGTTAACTCCATTTTTTTATTTAAGATACCA","Pf3D7_01_v3-145388-145662-1A.4","25+25N94A169+8N188+9N",188,1,1
"IM-23-122-TFAY","8039831925","Maziba","Pf3D7_01_v3-181512-181761-1A","TTCATTATTGTTTTCATTCTTTTTTTAACGAAAACTATTCATCTCAAAAATATAAGATATTTTATATGACGAATGCCATTGTATTTTTTGTTACGTAAAACCTGACTTCTTCAAGGAAAACACATGCGCATTTTCACCAATTTTTGCCTAAGCTTATTATAAAAAGTATATTAAATGTATGAC","Pf3D7_01_v3-181512-181761-1A.2","19+9N83+8N",1196,1,1
"IM-23-122-TFAY","8039831925","Maziba","Pf3D7_02_v3-291770-292017-1A","TAATATCATAAGGTTTGAATATTTTCCTCTCAGGTATTATACCAACAGAAGGTTTATCATCATCTTTAAAACCTGCTCTATCTTTAACCCATTGATTAGGATTTTTTAAACATAAAGCTGGATTCTTTAATAAATCTTTCATATGTTCCATATTATTTTCTTCATTTATATATGATTCTAC","Pf3D7_02_v3-291770-292017-1A.2","101+8N",906,1,1
"IM-23-122-TFAY","8039831925","Maziba","Pf3D7_13_v3-2114242-2114482-1A","CTTCCATTAACTCAATATATAATTTATTAATAATTTTTAATTTGTTTATTTCAAAAAGGCATAGTTGTAACAAGGCTCTTAAGGTTCTATTACCCCCTAAGAGGTTAAAATGAATATTTCCTTTTTCTCGTATATGCAAAAAATCCCTTAACAATAAATCATATTCATCAGTATGAAATGT","Pf3D7_13_v3-2114242-2114482-1A.9","67G137+8N",1267,1,1
"IM-23-122-TFAY","8039831925","Maziba","Pf3D7_05_v3-1188456-1188706-1A","CGAAATTTAAATCAATAGCGGTTACGTTCATAATTTTGCCTTCAAAACTAACTTCTGTATGATATATAAATTTATTTTCCTTTACACTAAATACATATATAAAAATGGTACTTAATAATTTATCTTTATCATATTTAAATAATATTAAATCTGTTTTTACATCTGAGTTGTAATCACCGAAAT","Pf3D7_05_v3-1188456-1188706-1A.4","2G",1375,1,1
"IM-23-122-TFAY","8039831925","Maziba","Pf3D7_09_v3-164045-164311-1A","ATCAACTGGTGTTGCAAAACCATTAGTTACCAATTTTAATTCTCCATTTAGTGCTTTTGGTAAAACAAATACCAGTGATATATTTAAAACTAATACTACTGCATCAACTACAAATGCAACTGCAAATGCAACTCCTGCTCCCTTTGGATCAGCATTTGGAGCGCAAAAAAATAATGATAGCTTGTTTGGAAATAATGCATTCAAGCTTTCG","Pf3D7_09_v3-164045-164311-1A.2","126A169A",948,1,1
"IM-23-122-TFAY","8039831925","Maziba","Pf3D7_09_v3-270915-271160-1A","CTTTGTATGTATTATCTGTTGTTTTATCTTCACCTTGATTTCCTGTACTTGTAGATTCAGTAGATGGACCTTCAGAACCTGCTAATTCATCACTAGTAGATGCAGCACTTGTACTTTTAGATTGTTCTTTTAATGGTCCCATATATTTGTATAATTCTATTTCTAAATCTTGATCCTTGGTTTTTTCTTCTAA","Pf3D7_09_v3-270915-271160-1A.1","82C85A180+8N",1965,1,1
"IM-23-122-TFAY","8039831925","Maziba","Pf3D7_12_v3-233418-233671-1A","CAAAAATATCATTCCCCAAATTTATACTACTAATTGTTCCAATAGTTCCTATAGTTGTGGTAATTTGCTCATATGTATTTTTTCCTAAAGATTTATTAGACACATTTGAAGGATCATTATTTTGTTCCAAATTCTTGGGCACAGTATTATTACATGAGAATAATGAAAAGTTATTATCATAATTCTTTTGTT","Pf3D7_12_v3-233418-233671-1A.6","24A77+8N",873,1,1
"IM-23-122-TFAY","8039831925","Maziba","Pf3D7_13_v3-2545065-2545291-1A","ATGATTCCTCAAAAGTTTAACATTCCACATAGTATCTGTTAAATTGATAGTTTGCAAACAATTATACGTTTGGTTATTTTTATTTTTAAAAAAGGATATATGATCATCTAAAGATTTATTTTTGAGAAAGATTTCCATATATTCATATATATCATGAATACACCA","Pf3D7_13_v3-2545065-2545291-1A.1","87+8N154A",2306,1,1
"IM-23-122-TFAY","8039831925","Maziba","Pf3D7_12_v3-529495-529767-1A","GCTCCCCAAAAGTTAACTGCTTCATTATTTTTTGGATCCCAAAAACTAACATTCGTTACCCATCCAACATAATCGGTAGATATCCTATATTCATAACTACTACAGAAATATTTATACTCATGGTATACATTTGCATCATTTACATCTACCAAATTAACAGTTTTACACAAATTGTGAATTCCATTCAAGTTATAAAAACCTGTACAT","Pf3D7_12_v3-529495-529767-1A.7","32T180T",718,1,1
"IM-23-122-TFAY","8039831925","Maziba","Pf3D7_13_v3-146695-146934-1A","AAAGTATTTGTAATAGATTAAACGATGAACTAAATGAAGAAATATGTGGTTATCAAATTAGGTTTGAAAAATCGTATTTTTTAAAACATAGTAAAATTAAAGTTATGACAGAAGGAATTTTATTGAAAGAAATTATGAGTGATTTTATTTTATCAAAATATAGTGTTATCATTCTTGA","Pf3D7_13_v3-146695-146934-1A.2","76+8N170C",2468,1,1
"IM-23-122-TFAY","8039831925","Maziba","Pf3D7_13_v3-2770621-2770854-1B","ATTCCAAGAAATATTTTTAAAAAAAAATAGTGAGTTAGATGATCACGTATGGAATATAGAAAGTATTACTACGAATATATTAGAGAGGAATAAATTAAGTGATCAAAATAATGAAGATAACCATGATGTTAATAATAATAATGAAGACCCATCTGGGGGTAATTTAAAAAC","Pf3D7_13_v3-2770621-2770854-1B.1","18+11N130+13N",602,1,1
"IM-23-122-TFAY","8039831925","Maziba","Pf3D7_14_v3-3125801-3126073-1A","ATTCTTATAATATTTAAGAATGAAGGGATTAAATATTTACATTTTAGCGACGATACTCTGAAATATGTTAATTTTAATTATCCTGATTTTAACTTATATAAATGTATGAATTTATATAAGAAAAATTATGTTGATAGGGATGAGAAAGATATCTGTGATTTTTCAAATGAAGATTTTCCGTTAATAAAAGAAAATAACAAGAGAATCAG","Pf3D7_14_v3-3125801-3126073-1A.1","51C",209,1,1
"IM-23-122-TFAY","8039831925","Maziba","Pf3D7_13_v3-156713-156986-1A","TCCTTTTATGTGAACAAATTAAATATTGTAAATGATTTCTTTTTTGGAACACACCATAAAGATACACCTCAAGACAGTCAAAATGAACACAAAACGGATGAACCTAAAATACATAATGTTTTCAAAAAAAAAAATAACGATATCTTTGTTAATATTCCTCTACCAAAAATATTTAAAAATTTCTTACATTCCATATATTTTAGAACTCC","Pf3D7_13_v3-156713-156986-1A.1","39+8N47G50C68C123+13N",471,1,1
"IM-23-122-TFAY","8039831925","Maziba","Pf3D7_07_v3-627351-627625-1A","TCACTAAGATAATTATTATTACTATTTTCAGCATAATAAAATTTCTGATGTTTTATAAGAGGAGTTTGGTTAGAAGCAAAATTATCAGCAGTTGTCGAATAATTATTATGTTCTTGATAAAAGAGATTATTCATATAGTTATTATTATTTTTCATATCATCCATAGTATTATTGTTAATATAAAATTCCTCATATGAATTATATATATA","Pf3D7_07_v3-627351-627625-1A.1",".",336,1,1
"IM-23-122-TFAY","8039831925","Maziba","Pf3D7_06_v3-1197245-1197515-1A","CATTAGGAAAAACAACAGAGCCTTCTTCCATACCATAAATACATAAATCATTTCCACTAATCTTTTCTAAATATTGCACAAAAGAATCAATATCATTATAAGATGACATCTTCTTTCTTATAAAATCTAATTGAGCTTTGGTAAATCGAAAACAATTAATATATTTTATTACTTCATATACACCAGCTAATATAGCAAATTGAC","Pf3D7_06_v3-1197245-1197515-1A.1","20G",711,1,1
"IM-23-122-TFAY","8039831925","Maziba","Pf3D7_02_v3-470437-470709-1A","AATATTGACATGAAACATTATAATACACATAAGAAAAAAAAAATTTATTTATTCTTACAAAAAGAATATAAAAACAAAATTTTGGGATTTATAAATTTTTATAAACATATAACACACAAAATAAAAAAGAAACAAGAAAATGTTCATGATAAAATCACTTTTTTAAAATGTCTAAAGGAACTCTTTTTTGTCACACATACAAATA","Pf3D7_02_v3-470437-470709-1A.2","33+12N122+8N158+8N183+8N",470,1,1
"IM-23-122-TFAY","8039831925","Maziba","Pf3D7_02_v3-503040-503288-1A","ATTATGATTAATAATAATATTTCTCATAATTTCGTTAAATACATCTAAACTATTTATAGAACCATCTATATCATCTTCATTCCTATTTTGGTGAACTGATTCGGTGTTTATAACATCTAAGGTGTCTTTTTCTTCTCCTCTGTAACTTTTTATAATTTTTTGATAAATGTTGTTATAAGAATTATCA","Pf3D7_02_v3-503040-503288-1A.1","155+8N",1730,1,1
"IM-23-122-TFAY","8039831925","Maziba","Pf3D7_06_v3-176108-176338-1A","ATTATTATTATTATGATGATGATGATGATGATGATCTGTGTTAAGATCATCTTCTATACCATTAGTTAAACATTTTATATTTTTATTCATATAAACATTAATCTTCACAACAGATTTATCAGATCTAGAAAATCTTGTACCTGTTGCTTTATGTAACAATAT","Pf3D7_06_v3-176108-176338-1A.32","1+38N",1343,0.986049926578561,2
"IM-23-122-TFAY","8039831925","Maziba","Pf3D7_13_v3-1725887-1726123-2","AAATAGCTCCACCAACATTAATATCAATCATAGTTTCAGTAGCAATATTTGCATCAACAATTTTTTTTTTATCATTCTCAAAATTTTTATATTCTTGATAATATTTTTCTTTTTCTAAATATAATACTAATTTAATTTTATCGATTTCTTGTAAAAATCTTAATCTTTCTTCATCAA","Pf3D7_13_v3-1725887-1726123-2.1","60+12N",910,1,1
"IM-23-122-TFAY","8039831925","Maziba","Pf3D7_12_v3-1959644-1959891-1A","ATGGGAAGACGATAAGAGAAGAGAAATTAATTTCTGAGGGAGCGTATTCATTTGTTTATATGGCGAAGGATTTAAACACGAATCGAGCTTATACTATAAAGAAGACCATATGTCAAGATAAAGAGAAAATAGATATGGCGAAAAAAGAAATCAACATTCTTAAAAGTTTACCTCCACATAAAAATATA","Pf3D7_12_v3-1959644-1959891-1A.1","143A",908,1,1
"IM-23-122-TFAY","8039831925","Maziba","Pf3D7_05_v3-395887-396136-1A","TCTAAGGATTGTTGGTTTTTTAGGATGCTCATCTTTTTAAGATAATCCTCTTTACTGTCGTTATTATTTAAATCGTTTTGTATAATATTATATTGTGAATTCCTTGTGTTTTTCATAATACTATTAGTCCTATTGGTGTTCTTCTTATTATTATTATTATTATTGTTCTTCTTCTTAATAAA","Pf3D7_05_v3-395887-396136-1A.2","15+8N145+20N",448,1,1
"IM-23-122-TFAY","8039831925","Maziba","Pf3D7_06_v3-1140900-1141174-1A","CTTCCATGTGAGCTTCAAAATCGTCTGAAGGTCGACTAGACATGAAAAATTCAGATTGAGGTAAATCATCAAATGGATGATTTCTATATGATATTCTAGGTATTAATCCTAAGATATTATTTATGCTATTACATTGAGAATTTCCTTCATTGGTTGTGGTACTTATATCCACATTTTGGTGATCATCAGGATATAATGTATTTTCTTTAGAACTT","Pf3D7_06_v3-1140900-1141174-1A.2",".",573,1,1
"IM-23-122-TFAY","8039831925","Maziba","Pf3D7_08_v3-412801-413062-1A","ATGAAGAAATATACGAATATATACTTATAAACGATATTTTTAATTTAAAAAAAGAAATAAAAAATTTCAATATATTAAATAAATATGATGTATTTGAATATATTATTATTATTTTAAAATTGTATGATAAAATATATCCTGATGCAAAGTACATCGAATGTGTACGAGAAACATCACAGAATGGTGATCCTTTA","Pf3D7_08_v3-412801-413062-1A.2","46+9N58+8N101+13N",121,1,1
"IM-23-122-TFAY","8039831925","Maziba","Pf3D7_08_v3-1365750-1365999-2","TTTCTAGGTTGTTTCTTGCTTCAATTCTATTTTTATTTTGTTCATCCTCTTCTTTATATTTTTCTGCATCATTTACCATACGATCGATATCATCTTTTGATAATCTTCCTTTATCATTTGTAATAGTAATTTGGTTTTGTTTACCAGTACCTTTATCTAATGCTGTTACATTTAGGATACCATT","Pf3D7_08_v3-1365750-1365999-2.1",".",1004,1,1
"IM-23-122-TFAY","8039831925","Maziba","Pf3D7_13_v3-1406713-1406975-1A","TTTCAGGTCTTCTTAAATATGTTTTAAATTCATTATTTAATTTTTCATCATATTTAGGTACATTTTTTTTTGGAAATCTAGATGTTTCATTATTATCGTGATTTGATGAATATATATAATGAGTTTGTTTAAAATGTGGTTCATTCAAATTATCTTTTTTCTTATCTTCGTGTATATTTTTATTATAATTTGAATACTTC","Pf3D7_13_v3-1406713-1406975-1A.2","62+11N154+8N",647,1,1
"IM-23-122-TFAY","8039831925","Maziba","Pf3D7_04_v3-133928-134154-1A","TTTTGAAATATCTAATTTATCCATTTGCCTTTTTATTTCATAGTCCCAACTACTTACCCAGGTATTAAAATTAATACAATCCTGTTCTGCATATTTTATGGCTTTTAAATCCCTCAATTTAGTAGCCCTATCTTCACAATAATCTTCTAATATTTTAAT","Pf3D7_04_v3-133928-134154-1A.1","21C",1835,1,1
"IM-23-122-TFAY","8039831925","Maziba","Pf3D7_08_v3-1366575-1366822-2","TTTAGCTTTTTCACATTGTGTTCTTAATCTTCTTAATGATTTTGAATTTTTGGAAACATCTTTACCTCCATTTTTTTTTTTAAAATCTTGTACACAGAAGTTTACTAATTTATTATCAAAATCTTCTCCTCCTAAATGTGTATCTCCTGAGGTAGCTTTAACTTCAAAAATTCCATCTTCAAGTGTTAATAAGG","Pf3D7_08_v3-1366575-1366822-2.1","70+13N",1236,1,1
"IM-23-122-TFAY","8039831925","Maziba","Pf3D7_08_v3-1366626-1366856-1B","CTTTACCTCCATTTTTTTTTTTAAAATCTTGTACACAGAAGTTTACTAATTTATTATCAAAATCTTCTCCTCCTAAATGTGTATCTCCTGAGGTAGCTTTAACTTCAAAAATTCCATCTTCAAGTGTTAATAAGGAAACATCAAATGTTCCTCCTCCTAAATC","Pf3D7_08_v3-1366626-1366856-1B.1","11+13N",313,1,1
"IM-23-122-TFAY","8039831925","Maziba","Pf3D7_04_v3-316593-316858-1A","TTATTCATTTTTTGTATATTATCCTTTTCTACATCATCAAAATTTGTTAATGATTCACACGTTATATTTGGTGATATTATATTTCTACCTGTACATACACCAATATTTGTTGTACCTATTATTTTATACCCTTCTTGACATTTAAATTCTATTTTTTCACCAAGTAAATAATATTTTTTATCAGGGATAAGGGAAACATA","Pf3D7_04_v3-316593-316858-1A.1","7+8N151+8N173+8N",882,1,1
"IM-23-122-TFAY","8039831925","Maziba","Pf3D7_11_v3-1902041-1902278-2","ATGAAACAAAATGTCCACCTAGATACCCTTTAAAATCAAAAGTTTTTGGAACCTTTGACCAAAAAACAGGAAAATGTAAAAGTCTCATGGACAAAGCATATGAAGTTGGAATTAATAAATTTTCAGTCTGTTTAGAATATTTATTTTTAGTATCACCTAAGGATTTATATAATAGCGGAAG","Pf3D7_11_v3-1902041-1902278-2.1","60+8N",2936,1,1
"IM-23-122-TFAY","8039831925","Maziba","Pf3D7_08_v3-1386795-1387043-1B","TCCTTTGTCGCAGCATGCCTTTCATTAGCTGCTATAGCTTGTGTTATCTTAACTTCATTATAAAAAAAATATACTTCGATAAAAGGTACATATACCATGCTGGTCAATGATATTAGCATGCGACATTCTAATATATCCATTATGAACAAGGTGAACAAGAATATTGGGATTATTGAAATTGTCTGCATTA","Pf3D7_08_v3-1386795-1387043-1B.1","61+10N",729,1,1
"IM-23-122-TFAY","8039831925","Maziba","Pf3D7_11_v3-1934962-1935236-1A","TGATGTGCCAATATTAAGGATACATTTTCTAAAGCTTCTATCAGATAATGAAAATTTTTTCTGCGATTTTCATTTAAATCATTAAATATATTGGTTAGTTCTTGTATTGACGTTTTTGGATCTAAGGATGTAATTTGTTCATTTAATTCTTCTGTATATTCTAGATTAAAGTTTAAATTATTAAAATAACCTTCAGCATTATTTTCATTTTT","Pf3D7_11_v3-1934962-1935236-1A.1","54+10N98G",145,1,1
"IM-23-122-TFAY","8039831925","Maziba","Pf3D7_08_v3-336421-336651-1A","TAACAACGAACCCATAAATTTACAGAAAAATTTAGATTTAATCATATGGCTAAAAAAGAATATAAAAGAAGGAGAAGCTTTAATTTCTGATATACCTACATCAAGTTTTTTAAGGTGTACTACAAATTATAAATTTGTATTGCATCCCCAATATGAAGATAGT","Pf3D7_08_v3-336421-336651-1A.3","51+8N97T105+8N148C",1582,1,1
"IM-23-122-TFAY","8039831925","Maziba","Pf3D7_05_v3-213027-213251-1A","ATGTACTTATCCCCTGATATGATTCCTCCAATATCATCAAAATCAGTAATCTCTAAATCATTTATATGATTTATATGTATAAATTCTTTTATCTTGTTCAAATAATTTCTGTAATAAAATATATTCTCTTTATCATCATCAATTATTTTCATATAATC","Pf3D7_05_v3-213027-213251-1A.2",".",1752,1,1
"IM-23-122-TFAY","8039831925","Maziba","Pf3D7_12_v3-2092529-2092798-1B","AGTTGAAGGGGGAGGAATGATCGGAGTTATCAGATTAGAAAATCAAGTGAGAAATCCCCCTGTAATAAAATTGAAGAGTCATACATCTCCCATCCTTGATTTGTCATTTAACCCGTGTTATAGTGAGATATTAGCTTCATGTTCAGAAGATATGTCTATAAGAATATGGGAGATACGTCATGAGGATGAGAATGTGAATGAGGTA","Pf3D7_12_v3-2092529-2092798-1B.1",".",636,1,1
"IM-23-122-TFAY","8039831925","Maziba","Pf3D7_06_v3-1128558-1128797-1A","ATTGAATCGTTGGTGTTTATTTTATTATTCCTCTTTTGTTTTTCAATGAATACAAATGTTTCATCGACACTATCTTTATGATCTATTGGTATGGCATGATTTTCTAAATTGCTATTTCTTTCATTAGAATTGTATTTTTCACTATTATAGGTTGAGGTTTTACTACATTTTATATTTTT","Pf3D7_06_v3-1128558-1128797-1A.1",".",1057,1,1
"IM-23-122-TFAY","8039831925","Maziba","Pf3D7_06_v3-1135605-1135855-1A","TATAAAGAATTTATACCACCTAAATTGTTAACATTAGAAGTATTATTTGTTTCTGTATTTTCTTGTAACGTATTTGTATTATTAATATTGTTAGATGAAATATTATGACTATTTCTTCTATTTGTTATATTTAAATTGTAAATAGTTTCATTACTAACACTACTGATACCACTGAAATGATTATTTAG","Pf3D7_06_v3-1135605-1135855-1A.2",".",848,1,1
"IM-23-122-TFAY","8039831925","Maziba","Pf3D7_07_v3-1028330-1028603-1A","TAAAGAATATTTTTATTTCTAATATTATGGCTAAAAGGAAAATTATTTAATTTCATTTTTTGTGGGTTACTTGTATCATTACAACTCATCATCATGACCATATTATTATTATTATTATTGTTGTTGTTGTTGTTGTGGTGGTTCATTACCAATAAATTTGTGTTATTATGTTCATCCTTTTTTATATTAACAATTTCATTTCTATAA","Pf3D7_07_v3-1028330-1028603-1A.2","55+8N101+36N177+8N202C",386,1,1
"IM-23-122-TFAY","8039831925","Maziba","Pf3D7_13_v3-156456-156685-1A","ATTATATGATATTTATATAAAATTAGAAAATCTAATTTTAGAAAAAATAACTGAAAGTATATACAATAGTACACCTCCATATAGAGTTATTATGTTCGAATTAATGACCAGATTGTTTCGATTTTATACAAAACCAATAGACCTTATTATTACTATGAATACAC","Pf3D7_13_v3-156456-156685-1A.2","41+8N115G",462,1,1
"IM-23-122-TFAY","8039831925","Maziba","Pf3D7_14_v3-2481033-2481276-1B","CCATGTGGATAAAGACAGTAGAGAGCAATTCGAAATAAAACAGTACTCTTGCAAATTAGATATTTTTTTGAACTCATCTGTTCCTATAAAAAATTCTGAATGTAAGCAGAATAAATTATACACAAAAGAATATATATTCATTTTTATTTATTCACTTTATATATGTTTGTATGTATGTA","Pf3D7_14_v3-2481033-2481276-1B.3","62+9N87+8N",666,1,1
"IM-23-122-TFAY","8039831925","Maziba","Pf3D7_01_v3-162867-163115-1A","ATATACCAATAATACTTTTTTTTTTAAATAATGTAAAAAATGATTTATATAATTGTTATAAACAAATGATCACATATCATAATAATAATATCCTAAATCATAACTCTAATATTTTATCAAAAGAAAATGAAAAAAAACAACCTTTTTCAACATATAATATATCAAATCTTTGTTCTCCTGACCAAATGGTGATAAATAAAAA","Pf3D7_01_v3-162867-163115-1A.1","15+12N34+8N129+10N",1635,1,1
"IM-23-122-TFAY","8039831925","Maziba","Pf3D7_02_v3-290580-290821-1A","TTATTATAAGGATTATAATTATTATCATTCTTATTATATGGATTAATATAATTTCGATCATAATCATTACTGTTTTTATCATATTGTGGATAATTATTTCTATTTCTATTTTGATTAAAATCCGATTGTCTATATCTAACTCTAATATCTGTAGATGCTAAATCATTAGGTAATGGG","Pf3D7_02_v3-290580-290821-1A.6","12+26N62A",1679,1,1
"IM-23-122-TFAY","8039831925","Maziba","Pf3D7_09_v3-1015103-1015350-1A","ATTATTTAATTTTTCATCTTTTATATTTTTCAGATTTTTTATATGAAGATGTAGGAATACAACTAAATTAACAGCTGAAAATAATCTTACTAACAAAAATAATTTGAGGAATTCTTCATCATATAAATCTTTTGGAATATTATTTGTGCATTCATAAATTTCTATTAAGGATATAATAGTTATGA","Pf3D7_09_v3-1015103-1015350-1A.2","34+8N51G149C",224,1,1
"IM-23-122-TFAY","8039831925","Maziba","Pf3D7_09_v3-1406342-1406614-1A","TCTCAGATTATCATAGTGTTGTGGATGAAGATTTAATTAATTTTAATGATGATGTTACTTTAGAAACACAATCCATGATAGCACACGGAGGGTCTTTGTCAGAAATAGAAGAAACTGAAGATTTATCTTCAGATGTTGATAGATTACTTTCATCAATCGAAACTACTCCAAGAGATGATGTTGTATATATACGAGGTGATATTATATT","Pf3D7_09_v3-1406342-1406614-1A.3","118A148T204A",1120,1,1
"IM-23-122-TFAY","8039831925","Maziba","Pf3D7_09_v3-163813-164052-1A","GTAATAATAATAATAATAATGTATTTCTTTCATCAAGTGATCCAAATAAATTAAACACAACACCATCACCATTTGGTTTATCATCTATTGGAAATCTAAATACAAACAATAAATTAAATAGCTTTCCAGACTTTAGTCAAGCTAATAAAACATTTCTACAAAATGATAGCTTAT","Pf3D7_09_v3-163813-164052-1A.2","2+19N28T",1043,1,1
"IM-23-122-TFAY","8039831925","Maziba","Pf3D7_09_v3-202854-203106-1A","AATATACAAAGAATGTATATGATAAAATATTCTTTGTCCTTTAAAATTTTTTGTTCTTGTACTTTGTTTTTTATAATCTATTAAATTCATATCTGATGAAATATCATATTTATATTCCCCTTTATGAGCATTTACAAAAGTTTCGCTATTTCTTTTATTAATATATGTATTTGAGCACATATTTTTAT","Pf3D7_09_v3-202854-203106-1A.3","46+8N66+8N183T",1238,1,1
"IM-23-122-TFAY","8039831925","Maziba","Pf3D7_11_v3-1968050-1968296-2","TCATTACACTAGTCATGATTGGTTTAGATTATTACGCCAAGGGAATAAAGCTCAAAATTCCATTTCTCAGGAAGTAGACATATTAAAGGAAAAGTATAAAAAATTAATTTCAGAGGAAGACAATAAAAAAGAAAATAACAATAATAATGATGATGAAGTAAAACCAGAACTAAAAGACAATATA","Pf3D7_11_v3-1968050-1968296-2.1","87A97+8N124+8N",1926,1,1
"IM-23-122-TFAY","8039831925","Maziba","Pf3D7_13_v3-1465901-1466157-1A","CATAAAGGGTCCGATAACATTTTTTACATTTTCCCATGCAGAATCAGCATACAAGTTACATTTACCATCTGATGGATGACAACCTACAAGAAATCTGTTGAAAGCTACATTAATACCTTGTCCAATACCAAAAACAGCTATTTTAACACCACGATCATTTAATTTTCTTGATTCTTTTAATGAATCTTGAATACTAT","Pf3D7_13_v3-1465901-1466157-1A.1","19+8N158T",1244,1,1
"IM-23-122-TFAY","8039831925","Maziba","Pf3D7_08_v3-399693-399961-1A","CTTTTCTTCACCTTGGTTTATTACATTATTATTTTCATCATTGTGTTGAATGTCCTTATAAATATGTTCATTAATAATATCTTTGGAAGTATCTTCCATATTTTCTTCTTTATCAATTTTAAATACTTTTTCATAACTTTCATTTTCTTTTTTCTCCTTGGATGTTTCTAATTTATTCTCGTCATTTTTATCAAAATTATTTTTATAACTTTCA","Pf3D7_08_v3-399693-399961-1A.1","147+8N",903,1,1
"IM-23-122-TFAY","8039831925","Maziba","Pf3D7_13_v3-1350855-1351093-1A","TCTTTTATATTAGTTGTTTCGTTATTTTCATTATGTTCCATATTTTGGTTATTTGTATATTTTATATTTTTTAAAAATTGGTAAATATATTCCGAGATGAAAGGTGTAAAAGGGGCCATAATTATTGTAAACAAATATAATGTTCTACATAAAACATTTAATGATTGGTGAGT","Pf3D7_13_v3-1350855-1351093-1A.1","66+8N",1492,1,1
"IM-23-122-TFAY","8039831925","Maziba","Pf3D7_03_v3-221463-221712-1B","ACTTGAATACCATTTCCACAAGTTACACTACATGGGGACCATTCAGTTGAAATAGAATTTTGTATTTTGTTTAAATATTCTTTTATGTGCTTATCACTTGGTTCTTCGTTATTATTATTTTTTACAGCATTGTTGGCATTAGCATTTTCATCTACATTTCGGTTTGGGTCATTTGGCATATTGTGACCTTGTC","Pf3D7_03_v3-221463-221712-1B.7","53T117+8N130T",795,1,1
"IM-23-122-TFAY","8039831925","Maziba","Pf3D7_04_v3-133581-133830-1A","CTCTCGATTATCATTACCTACTTCAGTCTTTACAATTGTAGGAGGTGTTTTAACATGATTATCCCCTCCATGAGGAGTAACCCTTAAAGGTTCTTCTTGAATATTTGGTGTCGCTTCGCCTGTTTCTGTAGAAAGGATATTTATTCTATCAACATATTCATCACCTTCTTCAACTGTACTATTTAAA","Pf3D7_04_v3-133581-133830-1A.1",".",308,1,1
"IM-23-122-TFAY","8039831925","Maziba","Pf3D7_11_v3-1294664-1294910-1A","AAAAGATAAATTATTTGAAAACTATACATATTTAAGTAAAAATGTAGTTCATAACTGGGAAGAAGTTTGCCCTAGAAAGAATTTACAGAATGCAAAATTCGGATTATGGGTCGATGGAAATTGTGAAGATATACCACATGTAAATGAATTTTCAGCAAATGATCTTTTTGAATGTAATAAATTAGTTTTTGAATTG","Pf3D7_11_v3-1294664-1294910-1A.18","9A12T17G40A50C62G152T159A",2667,1,1
"IM-23-122-TFAY","8039831925","Maziba","Pf3D7_07_v3-475313-475545-1A","AGCTTTATTATCTACAAAAAATCCACGTGGATATATGAAACAAATGAAATTGTATTTTATATTCCAAATTAAAGAAATTGCATTAAGAAAACATGGCTCTTTACTTACAGTCAAAAATTTATATGATAATAAACTTTTAAATATAAATTCATCATCTTCTACAAATA","Pf3D7_07_v3-475313-475545-1A.2","15+8N125G",1112,1,1
"IM-23-122-TFAY","8039831925","Maziba","Pf3D7_13_v3-1724895-1725166-1B","CGCCATTTTCTCCTCCTGTAATTATATAAGAATCTGACAATGTGGCAGCTCCAAAATTCATTTTTTTCTCTGGTACACCATTTAGAAATTGCCATCTTTTATTAAATGGTTGATATTGTTCAACGGAATCTAATATGTTATGTTCATTATCAATACCTCCAACAACATATATTTGATTAAGGTAATTAAAAGCTGCTCCTGAACTTCTAG","Pf3D7_13_v3-1724895-1725166-1B.1","60+9N",351,1,1
"IM-23-122-TFAY","8039831925","Maziba","Pf3D7_06_v3-1235395-1235658-1A","GAATATGATAAAATATATATACCAAACAATAAAAATAAAATTAATAATATAAATAATTTTTTAATAAAAAACAATTTGTTGTTGAAATCCAAATTTATGAGAATAACTCCTAATACCTATTTATGTCGTAATTGTGTCCTGTTATATCAAAATGATTTTTCGTATAATACATATGAAGAAGAAATTAATAAAATGG","Pf3D7_06_v3-1235395-1235658-1A.2","56+8N65+8N79T",256,1,1
"IM-23-122-TFAY","8039831925","Maziba","Pf3D7_13_v3-1725208-1725471-1B","CATAAATTTTATTATCAAAAGCAACACACATAGCTGATGATCTAGGGGTATTCAAAGGTGCCACCTCTACCCATGCTTTCATACGATGATCATATGCTTCTACATTCGGTATAATAGAAGAGCCATCATATCCCCCAATACAATAAATTCTACCATTTGACGTAACACCACAATTATTTCTTCTAGGTATATTTAAATTACTTGAAAC","Pf3D7_13_v3-1725208-1725471-1B.1",".",763,1,1
"IM-23-122-TFAY","8039831925","Maziba","Pf3D7_06_v3-1282656-1282930-1A","AAGATATGGAAGAAATATGATAAAGAAAACAATAAATATATATTGTCTCATTTTATTCCCCAATTTATTGAAGACTTAAATTTGAAGGATGAATTCCGAAATTTATTTGATGGATTTGTAAATGATTTGGATATTCTATTATATTCAGAATTTAAAGCATTTTATTTACAAATGAAGCAAAAAGATATAAATGAACTGAAAAATTCTGA","Pf3D7_06_v3-1282656-1282930-1A.4",".",468,1,1
"IM-23-122-TFAY","8039831925","Maziba","Pf3D7_06_v3-145285-145531-1A","TCAACAAAAGCTGATGAATCATCATAATTTGAATAAAATTTATCATTCACAATATTATATTTTTGTTTCTTCTTTTTTCCCATAATATTATTATTTTGTTCACAATATATGTTCATGTGTCCCCTCTTTTTCTGTAAAATATTAAAATGTTTCTTACTATGCTTTTCTTCATTTTTAATAACA","Pf3D7_06_v3-145285-145531-1A.1","72+8N165T",2274,1,1
"IM-23-122-TFAY","8039831925","Maziba","Pf3D7_05_v3-960810-961048-1B","TAATACAGGAAGCATTTTATAATATGCATACTGTTATTAATTATGGTTTAGAAGATTATTTCTGTAATTTGATAGAAAAAGCTATTGATTATAAAAATAAAGGACAAAAAAGAAGAATTATTGTAAATGCAGCTTTATGGGGATTCAGTCAAAGCGCTCAATTATTTATTAATAGTTT","Pf3D7_05_v3-960810-961048-1B.1","105+8N",1143,1,1
"IM-23-122-TFAY","8039831925","Maziba","Pf3D7_13_v3-1233093-1233332-1A","TCTATATGATCCTTATTTTTATCTTCATCACATTTATAATTTACATAATTTTCGACGTCATCATTTTCATTATTACTCATAATTGAATTATCCACAATGCTTGCCTCTTTTACAGCTTTACAAAGTTGGTAAAAAATATGATAATTCCTTTCACCTTCTTGTTGATCACACACCCGAACC","Pf3D7_13_v3-1233093-1233332-1A.2","100C130+8N",1358,1,1
"IM-23-122-TFAY","8039831925","Maziba","Pf3D7_13_v3-1465616-1465890-1A","TCTTGTGGATTATTATCTATTATATTTTCTTTTGGTTCTTCGACAGCAAAATTATCTCCTCTTGGTCTAGGTTGATCATCTTCGGGTTCATGTGGAACATCTAATGGTTCCCGTTTTGGAGGACATCTTTCTTCTTCACATTGTTCTCGTATTTCACTTGTACATCCTTCGTGTAAGATTTCTCTTTTTCTTGACCTGGTACCTTTACCACAAGTTACACTACATGGAGA","Pf3D7_13_v3-1465616-1465890-1A.23","30T38C92G121G148C152T",1333,1,1
"IM-23-122-TFAY","8039831925","Maziba","Pf3D7_06_v3-1115900-1116168-1A","ATTTTTTAATAAAGCAGTACCATCTATATCTCTTCCTTTTTTTAAAACACATAAAGTTTCATCAAAATTGCTTGTGCTATTTTTATCAGGTTCAGGAAAATATTGTTTATTTGTAGAATATCCATTCTGATTACAAGTTATAATATTATTAATATTTATAAATTTTTTTTTTGTTTTTAAATCACCAAATTGATTATCGTTAT","Pf3D7_06_v3-1115900-1116168-1A.1","1+8N36+9N162+12N",596,1,1
"IM-23-122-TFAY","8039831925","Maziba","Pf3D7_13_v3-1876391-1876664-1A","AACTATCTGTAAAAGTATGTTTAGAACTAACATTTGAAGAGAAGTTACATCCGTGTATGACTTTTTTTTCATATTTTGGTTTTAAAACTATTTTATAATTATTATTTTTAAATTTGCATGTACATTCTGTATTAACATCTTTTGATGTAACATAAAATGGAGCTTTAAAGATAGTTAACTTTTCATGATAAATTATTTTATTACTTTTATATA","Pf3D7_13_v3-1876391-1876664-1A.2","61+10N179C184C",558,1,1
"IM-23-122-TFAY","8039831925","Maziba","Pf3D7_03_v3-515418-515657-1A","TTTCCTTAATTTCTATATGTTTGAATTCCCTTATAGACATATTTGAATCATTATTACTTTTATATGAAGTGTTATTATCGAAATTATTATTAATACATTTTATTTTAATGATTTTGTTAAAATTTTTATTATTTACTATAATGGAAGTCAGATATGTACTTATCGTATGGAAAGCTAATCATCAACA","Pf3D7_03_v3-515418-515657-1A.2","5C",2934,1,1
"IM-23-122-TFAY","8039831925","Maziba","Pf3D7_13_v3-1419363-1419626-1A","TTTTGAAATCTGTATATTTTTTATCATGTTCATCGAGATTTATTTTGTTCTTTTTGTTTGAAATATCAACTACATGATTAAAAACATCTCCTAAATTATATAATTTCTTATCTAGGTCTTTTTGAAATGTCGATTCTCCTCCTTGTGCTGGTTTTTGTACTTCTTGTCCTTGTGTTGATATCTCTTGTTCATTTTTAGATTGAG","Pf3D7_13_v3-1419363-1419626-1A.2","16+8N24T28G",326,1,1
"IM-23-122-TFAY","8039831925","Maziba","Pf3D7_04_v3-140317-140548-1A","TCGGGACAATATTATAAGGATTTTATCACATCAAGGAAAAATATTTATAATATAAGGGAAAATATATCCAAAAATGTAGATATGATAAAAAATGAAGAAAAGAAGAAAATACAGAATTGTGTAGATAAATATAATTCTATAAAACAATATGTAAAAATGCTTAAA","Pf3D7_04_v3-140317-140548-1A.1","86+8N",2190,1,1
"IM-23-122-TFAY","8039831925","Maziba","Pf3D7_04_v3-141741-141990-1A","TGAATACCATATAGCCCTTTCAAATTATATAAAGACAGAACTAAGAAATATAAACCTGCAAGAAATAAAAAACAATATAATAAAAATATTTAAAGAATTCGAATCTGCACACAAAGAAATTAAAAAAGAATCAAAACAAATTAATAAAGAATTTACCAAAATGGATGTCGTCATAAATCAATTAAGAGATATAG","Pf3D7_04_v3-141741-141990-1A.2","66+8N101G121+8N134A",2199,1,1
"IM-23-122-TFAY","8039831925","Maziba","Pf3D7_04_v3-284121-284364-1A","ATATTGTATATTATCATAAGATTTATATGGAGGACCACATTGAAATCCGACAATTTCATTTGATGCATGTAGTACACATTCCGTATTTCTGTTTGAATTATTTAAAATAATTTTATTACTTAGAAATGATTCTTTTTCACTATAATCTTTATATAACAAAGGGTTTTCATCAATTTGA","Pf3D7_04_v3-284121-284364-1A.6","165T",865,1,1
"IM-23-122-TFAY","8039831925","Maziba","Pf3D7_11_v3-1376058-1376305-1A","TTTCTGGCTCGATATAATCCATTTCAATATTTATATTAGATATGAAACATCTATCTTCAATAGGTGAATTTGCTGCAAATTGAGCCATAGAAAAATGATTCTCATTCCTTTGAAAATATGAACTATTCAACTCATCAAGGTTTTCATATGTTATTTCATAACTGCCATCATCTGAATCCTCTTCATCA","Pf3D7_11_v3-1376058-1376305-1A.1","140G",1102,1,1
"IM-23-122-TFAY","8039831925","Maziba","Pf3D7_14_v3-771407-771633-1A","ACCCACGGGACATTTTAATTTATACCTATTGGAACATTTTTTATTAGGTCTTTCTTTATGATTCTTCTTTAAAATAGGTTCATCATTATTTGAGTAAACTAACAGATCATTATCGTTCTCAAATTTATTATAACCATCAATATTTTTATTTCCATATACATCTATAA","Pf3D7_14_v3-771407-771633-1A.2","36+8N108C124T",2608,1,1
"IM-23-122-TFAY","8039831925","Maziba","Pf3D7_08_v3-1386786-1387035-2","TTGTCTCCTTTGTCGCAGCATGCCTTTCATTAGCTGCTATAGCTTGTGTTATCTTAACTTCATTATAAAAAAAATATACTTCGATAAAAGGTACATATACCATGCTGGTCAATGATATTAGCATGCGACATTCTAATATATCCATTATGAACAAGGTGAACAAGAATATTGGGATTATTGAAATTGT","Pf3D7_08_v3-1386786-1387035-2.1","66+10N",695,1,1
"IM-23-122-TFAY","8039831925","Maziba","Pf3D7_08_v3-1375205-1375450-2","ACAAAAGTACGGAGGCAAAAACGGCAGCGGATAATACTTTATTTTTTGAGAAGGAAACCATTTTTATTAAATAACTATATAAATAGAAAAAGAAATAATAACAAAAATGTATAAATATAATTGTATAATATATGATATATATAAAATATAGAATACTAATTTTTTGCATATACAAAAAA","Pf3D7_08_v3-1375205-1375450-2.1","41+8N159+8N173+7N",182,1,1
"IM-23-122-TFAY","8039831925","Maziba","Pf3D7_13_v3-1726174-1726408-2","TTTCTAATTCTTTGTACAATCGTACTCTTTCCATTTCTAGTTCTTTCTTATCTTTAAATAATTTATCTTTTTCTCGAATAAAATTCATTTGTGTCTTTTTTAACCAATTAATAAATGTAATTCTTAAATCACCTACCATATTTTCAAAATCACTAGCATCACTTAAT","Pf3D7_13_v3-1726174-1726408-2.1","95+8N",2202,1,1
"IM-23-122-TFAY","8039831925","Maziba","Pf3D7_06_v3-1136091-1136364-1A","CATTATTTTTGTATCCAACGTCGTTATTATTAAAACTTATTATTTGATTAATAACTGACGAACCACATATATTTACACAATGGAATACATAACTTAAGAAAGAGTAGTAATTGCATTTTACTTTTTGCATTTTCCCTCTGGTGGAGAAATAATTATTATGCTGCTTATTACTTTTTGTATTATGATAATTTTTGGTAATCATTTTTTTT","Pf3D7_06_v3-1136091-1136364-1A.2","201+9N",802,1,1
"IM-23-122-TFAY","8039831925","Maziba","Pf3D7_13_v3-1265494-1265726-1A","TGTCATATACAGATTATAAAAATGATCATAGAATAAGCGAAATCTTAAATCGTTGTATTTTACGATTAAACGAGTTTGATCTAATTCATTTATCTTCTTTGGTCATATCTTTAAGTAAAATGAATTTTAGGAGTGTGTATTTTCTGGAACAAGTACAAAAGAAATT","Pf3D7_13_v3-1265494-1265726-1A.8",".",2117,1,1
"IM-23-122-TFAY","8039831925","Maziba","Pf3D7_05_v3-961511-961758-1B","CTGCAGAAGATTATACTGTATTTAATAATAATGGAGAAATATTATTAGATGATATTAATATATGTGATTATAACTTAAGATATCTTAGAAACTTATTTTCAATAGTTAGTCAAGAACCCATGTTATTTAATATGTCCATATATGAAAATATCAAATTTGGAAGAGAAGATGCAACATTGGAAGAT","Pf3D7_05_v3-961511-961758-1B.2","81T",856,1,1
"IM-23-122-TFAY","8039831925","Maziba","Pf3D7_08_v3-1365709-1365954-1B","ATTTTCATCTTGTAATGTGTTTTTAACATTATAGCAGTAATTTTCTAGGTTGTTTCTTGCTTCAATTCTATTTTTATTTTGTTCATCCTCTTCTTTATATTTTTCTGCATCATTTACCATACGATCGATATCATCTTTTGATAATCTTCCTTTATCATTTGTAATAGTAATTTGGTTTTGT","Pf3D7_08_v3-1365709-1365954-1B.1",".",632,1,1
"IM-23-122-TFAY","8039831925","Maziba","Pf3D7_08_v3-1344618-1344845-1A","TATCTTTTCCATATATAATAACGCATGAATTCTTTAAATATATCTTTTACTTTATCTGTAAGTTTCATGGAATCTATTATTTCATGTGCATATTTTATTTTTGCCTCGTTTATATATTTACCTGCTTCTAATTTACATAAACATTTTTCTATTAAGTTTTG","Pf3D7_08_v3-1344618-1344845-1A.1","128C",1417,1,1
"IM-23-122-TFAY","8039831925","Maziba","Pf3D7_03_v3-653961-654206-1A","CTCGTACAATATTTTTATAATTTCCTTTCATCTTATTTTTTTCTTTATATTTTTTTTTTTCATATGTAAGATTTATATAATCACTTTCGCTTTTTCTAACGCTTTTGAACTTTTTAAATGTACTTCGTTCATTATTTCTAATTCTCGTAAACACAAGAATAAATATTTTGATATATCTTATA","Pf3D7_03_v3-653961-654206-1A.1","35+9N49+13N101G",804,1,1
"IM-23-122-TFAY","8039831925","Maziba","Pf3D7_08_v3-476232-476475-1A","CAAACACATGATAAACAAAAGTGTAAGGAAAATTTTTCAAATTCATTTGTTAATGAAATATATGAAAAAGAAGAAAAAGAAACGCAAAAAATGAAAGAATATTTAGAACAACATGAAGAACATTTTTCAACGTTTAGAAATTCAATTTTATGTAAATTAAGAATAGCTGAAGAATT","Pf3D7_08_v3-476232-476475-1A.1","85+8N",1107,1,1
"IM-23-122-TFAY","8039831925","Maziba","Pf3D7_08_v3-585703-585949-1A","AAACACATCATCAAAAGTTTCTGATATTGGCTTGTTTGATTCTTTATATTTAAAATCTTTATATAAATAAAATCTATCTTTCTTAAAATATGGATCTTTACGTAGTTCAATCGAATCCCTATCAGTTACAATATTTATATCTTTTAATGTTAAGTGGAAATTAGAATCAATAATAGCTA","Pf3D7_08_v3-585703-585949-1A.3","105G118C",1014,1,1
"IM-23-122-TFAY","8039831925","Maziba","Pf3D7_01_v3-528859-529104-1A","TTTGATTCTTTTTAATGAAAAAGAAGCTAAAGATATGTCAGACGATATAATTTCCCAACAAAAACGTTATTGCTCTACCAATATTCATAGTAATTATAATAATAAAATATGTATATGTAAAAATAAGCGACATCATAACAAAAGAGGGAAAGGAATAAAGCATCCTGACATACATCAAAAGG","Pf3D7_01_v3-528859-529104-1A.8","44G",3045,1,1
"IM-23-122-TFAY","8039831925","Maziba","Pf3D7_08_v3-585993-586266-1A","TGTAAATATAAATCATACGTATGACATGTATCATCATTTAATGCATTCTTAATTGTTAATGCTAATCTACTTACAATAATATAAGCAAAGTTTATATGAGAATGAATACCTTCTTTTCCTAAAAAGTTATAAAGACTAACAAATGGAGCATATATTATAAATTTATCATACTTTTTTTTGTGCATAACTTCATTTAATAAAATATTT","Pf3D7_08_v3-585993-586266-1A.2","29T171+10N",813,1,1
"IM-23-122-TFAY","8039831925","Maziba","Pf3D7_14_v3-2858894-2859160-1A","ATAGATTTTAATGACATAAAAAACACAACAAATGAGTATAATAATTTTGAGGAACATAATTATCAAGATGATAAATTTATATTTAATAAAGATATACATAATATTCTTTTAGAATTAAAGGAATCATTAAATGACATATCACGTGGAAGACTAAATACATTGATAAGAGATAATAAAATAAGTAGTTATATAATATATCA","Pf3D7_14_v3-2858894-2859160-1A.2","15C17+8N28A188A",509,1,1
"IM-23-122-TFAY","8039831925","Maziba","Pf3D7_13_v3-1725379-1725652-2","ATTATTTCTTCTAGGTATATTTAAATTACTTGAAACATACCATACATCTCTTAAACGATCATACACCTCAGTTTCAAATAAAGCCTTATAATCATAGTTATTACCACCAAAAACGTATAAGAAATTATTCAATACAGCACTTCCAAAATAAGCTTTTTTGGTAGACATAGGTGTACACATACGCCAGAATTGTTGACTAATATCTAATAATTCCA","Pf3D7_13_v3-1725379-1725652-2.14","153+8N188A",433,1,1
"IM-23-122-TFAY","8039831925","Maziba","Pf3D7_14_v3-921176-921432-1A","ACAATATTAATTTTTTAAGTTCATTATTTCAATTTTATATTTAGGAGGATCTATATCCATATATTATTCATTTTAAAAATATTAAAATAAATACATATATAAATATATAAACATATAAAAACAGTCTTTTAAAAATTAATAAGATTTATATAAAATATGGTTATAAATCCTATTTTGTATTATATTAAA","Pf3D7_14_v3-921176-921432-1A.5","15T186T",385,1,1
"IM-23-122-TFAY","8039831925","Maziba","Pf3D7_06_v3-416462-416720-1A","AAGAAAAAATGGACATTGTGGAGAATATAAAAAATAGAGGAAAGGAAAAAACAGAATTAACATATAAAGAAGTATATAAAACACAACAGAATCAAAATGATGCAAGTTTAAATTCATTTTGGGGTGATGAAAAAAAAAATAATAATTATGATATAGATATAGTAAAAGAGAAATATAGTGAGTTAATGAAAAAAAAAGAA","Pf3D7_06_v3-416462-416720-1A.1","3+8N28+8N45+8N129+12N188+11N",956,1,1
"IM-23-122-TFAY","8039831925","Maziba","Pf3D7_14_v3-293575-293829-1B","TTTTGTAGTGTAATGTGTGGTTTATTTTATTATGTGTATGAAAATGTATGGCTTCAAAGAGATAATGAAATGAATGAAATTTTAAAAAATTCCGAACATTTAACTATTGGATTTAAAGTTGAAAATGCACATGATAGAATTTTGAAAACTATAAAAACACATAAATTAAAAAATTACATTAAAGAAT","Pf3D7_14_v3-293575-293829-1B.1","83+8N167+8N",365,1,1
"IM-23-122-TFAY","8039831925","Maziba","Pf3D7_06_v3-851492-851765-1A","ACAATAGTACATTGTGCATTTACATCACAACCTCCATTATTTTTTGAACAGTTCATATCTTTCATAGGTATACATTTAAAATAATTTACACTCATATCAACTATATAATTAGGTCGGCATCTACATTGTTCTTTATCTTTTTCGACAATATAACAACGTGAATTGGGTCCACATTTGGAATATTCACAAATATAATTTACTTTAAATATAACAAAATTTTTCA","Pf3D7_06_v3-851492-851765-1A.8","14G39+8N220T",1046,1,1
"IM-23-122-TFAY","8039831925","Maziba","Pf3D7_07_v3-405517-405773-2","TTTTCTACCATGACATATACTATTGTTAGTTGTATACAAGGTCCAGCAATAGCAATTGCTTATTACTTTAAATTCTTAGCCGTAAGAATTAAAAAGATATAAATATATAAATATATATGTGAAATATATGATATATATGATATATATTTTTTATATGTAATGTTTTTTTTTTTTTTCACAATATACATTTAA","Pf3D7_07_v3-405517-405773-2.2","97+57N162+16N",211,1,1
"IM-23-122-TFAY","8039831925","Maziba","Pf3D7_07_v3-405570-405844-1B","ATAGCAATTGCTTATTACTTTAAATTCTTAGCCGTAAGAATTAAAAAGATATAAATATATAAATATATATGTGAAATATATGATATATATGATATATATTTTTTATATGTAATGTTTTTTTTTTTTTTCACAATATACATTTAAATGTTTATGATGGTACAACGTATCATATTTTATAATAATTTTATGCATTCATGTATATTATTTTTACTTTTT","Pf3D7_07_v3-405570-405844-1B.2","49+57N114+16N",178,1,1
"IM-23-122-TFAY","8039831925","Maziba","Pf3D7_14_v3-3124416-3124655-1A","TAATTGATCTTCTAGAGGATTTAGATATTTTGTCTATATCGAATAAAGATGAAGTAGAAAAACGAAGAAAGAAAACAACTCAAGAGACGCGGTTGTTAGGAAATATTGATTTAGGATATGGAAAATTAGGAGAGGGAATAAAGTATGAAAATTTACAGGAAGAATTAGGAAACAGATTATTTG","Pf3D7_14_v3-3124416-3124655-1A.6","20T72A144T",3007,1,1
"IM-23-122-TFAY","8039831925","Maziba","Pf3D7_03_v3-85507-85756-1A","TATCATTTAAATTCTCTTTTTCCACAGCTCCAGCATTTTTATTTATATCATCTACAACTACATCTTCCTTCACATAATTATTTATATAAAAATTATTATCATCTAAAGCATCTGAAAATTCTTCATTTAATACTTCTTCATCTACATTAAATGTTTTCGTTCTTTCATCATCTAATAAA","Pf3D7_03_v3-85507-85756-1A.1","144D=TCT",444,1,1
"IM-23-122-TFAY","8039831925","Maziba","Pf3D7_07_v3-717260-717493-1A","GAGCTTGCTTTTTTGTTGCGTTACTTGCTGGGCTGATCAAAAAAAAAGTTGAATGTATTGAACTTAGTGCCAGCGAAATTTCCCCTCATGAAAACAAATCGACGAGTTCATCAATATTCCAAGAGGAATTAAAATTTGATGAGTCTCTGAAAAATTTTTTCAAACAA","Pf3D7_07_v3-717260-717493-1A.2","8+8N38+11N141G154+8N",1440,1,1
"IM-23-122-TFAY","8039831925","Maziba","Pf3D7_13_v3-1725124-1725365-2","TGGAAATTGTTCCCATTTATTCATTTTTTCTTCATATACTTCAATAGAATTTAATCTCTCACCATTAGTTCCACCAATGACATAAATTTTATTATCAAAAGCAACACACATAGCTGATGATCTAGGGGTATTCAAAGGTGCCACCTCTACCCATGCTTTCATACGATGATCATATGCTTCTAC","Pf3D7_13_v3-1725124-1725365-2.1","23+8N",3301,1,1
"IM-23-122-TFAY","8039831925","Maziba","Pf3D7_14_v3-279563-279833-1A","CATTTTTCTTTTAAATGAGAGCAATATATTTCTTAGGTTTATTCCGGATAAATGTTTAGTTATTAGCCAGGTGAGTTATAGTGATTCATATAAGGTAAATTGTATTAATTTCTCTGAAGGATTTTGTTGCTGTCATCCAATAAATAATTTAGCACTATTATATGGAGAGTATCAACAAAATCAAGAATCAAAAATTATGAAATTACCG","Pf3D7_14_v3-279563-279833-1A.2","77T",455,1,1
"IM-23-122-TFAY","8039831925","Maziba","Pf3D7_08_v3-549960-550215-1B","GATGAACTAACAAATTATGATAATCTAGTTTATGATATAAAAAATTATTTAGAACAAAGATTAAATTTTCTTGTATTAAATGGAATACCTCGTTATAGGATACTATTTGATATTGGATTAGGATTTGGGAAGAAACATGATCAATCTATTAAACTCTTACAAAATATACATGTATATGATGAGTATCCACTT","Pf3D7_08_v3-549960-550215-1B.3","4G38+8N128G",640,1,1
"IM-23-122-TFAY","8039831925","Maziba","Pf3D7_08_v3-1370814-1371045-2","TGTTGCAATATATTACTAAAAAATAGAATTATTATGTTATTTTGATCATATGGGAATACATTTAAATATTTATATTCTGATGAATATTCTTATAAAAAAAAAAGGGGGGGGGGGAAATAATACGTTCATGATTTATTTATATTTCAATATATTTTCTATTTTGCGA","Pf3D7_08_v3-1370814-1371045-2.7","17+8N93+21N",67,1,1
"IM-23-122-TFAY","8039831925","Maziba","Pf3D7_08_v3-102277-102527-1A","TACCTTCATCTATTGAATTAATTTTCTCAAGTAACATATTTTTGTCTTGACTACTTTCATCTGTAAATGGAACGAGTACTCTTTGCTTACCTGCAAAAAGGACAACTGACATATGAGCCTTATCCTTACTTACATTCGAATTAAAGACCATAGATTCTAAAAATGGTATAGTTCCTTTTAACCAATAATC","Pf3D7_08_v3-102277-102527-1A.1","76G",1722,1,1
"IM-23-122-TFAY","8039831925","Maziba","Pf3D7_13_v3-1725464-1725719-1B","ATCATAGTTATTACCACCAAAAACGTATAAGAAATTATTCAATACAGCACTTCCAAAATAAGCTTTTTTGGTAGACATAGGTGTACACATACGCCAGAATTGTTGACTAATATCTAATAATTCCATCGAATTTAAATATTCTACACCATCAAATCCACCTATACAAAATACTAATGGGAATGGTAAAAATTTAATACCA","Pf3D7_13_v3-1725464-1725719-1B.15","63+8N98A",679,1,1
"IM-23-122-TFAY","8039831925","Maziba","Pf3D7_10_v3-1392371-1392620-1A","TGATGAAAATGATGATTCCCATTTTTCTAATTCTTTAGTATCTGAAACGAGTTACAATCAAGATTACTCTTTATACACTATTAATATTTTGAATGGACTTCCTGATAAAAAAAGTAATATGAAAAATATTGATTTAGAAAAATTTAAAGATACTTCAATACATACAAAGGAAGAGGGACCCATTGTA","Pf3D7_10_v3-1392371-1392620-1A.3","21A23T41T43T49G106+9N",839,1,1
"IM-23-122-TFAY","8039831925","Maziba","Pf3D7_07_v3-403801-404052-1B","TATATATATATATATGTATGTATGTTGATTAATTTGTTTATATATTTATATTTATTTCTTATGACCTTTTTAGGAACGACACCGAAGCTTTAATTTACAATTTTTTGCTATATCCATGTTAGATGCCTGTTCAGTCATTTTGGCCTTCATAGGTCT","Pf3D7_07_v3-403801-404052-1B.4","1+45N130+8N",770,1,1
"IM-23-122-TFAY","8039831925","Maziba","Pf3D7_06_v3-532166-532407-1A","AGAACAATTGCTAAACACCAAATTGGGTGAAACAAAAAACCACCTGAACAGAACCCCATTTATACCTGAATCGGTCATACGAGAAAGGAAATTACGCCAAGAAAAAGCGCAATCCACAAACAACATGTTCGATTCAACAAACGCAGATAGTATTACTTCCCCATGTGATCCAACGAATGCCACG","Pf3D7_06_v3-532166-532407-1A.1","33+8N109G157T",3793,1,1
"IM-23-122-TFAY","8039831925","Maziba","Pf3D7_08_v3-1314717-1314986-1A","ATAAAAAAGAAAAAATTATTGTCAAAAGTTTTCATAGATATATATATGATGGTATTAGAAGATTTTAAAGAAGAAGAATGTAAAAAGAATAAAGAAATATTTCTTGATACTTATATAGATGAACTAAAAAAAGATTCGCAAAGTGAAAAAAATAAAAGCATGTTAAATATATTAGATGAAATAAAAAGTGATATTCATATAGGATATC","Pf3D7_08_v3-1314717-1314986-1A.3","2+15N125+9N145+9N",322,1,1
"IM-23-122-TFAY","8039831925","Maziba","Pf3D7_09_v3-595828-596094-1A","ATAATTTTTTCATCGTTCTTATACATGAATGATAAAGTCTTTTTGCAAAATTTTTTGAAGAGATCAGATTTGAGATAAAGACGTTTGGCTAATTTATACGAGAATTCGAGAGCATCTAATTTTATATTTAAACATTTTTTCGTATCCAATATATTATAATTTTGTTCATAAGTCTGTTCATTTATATTATTTAATACTTTT","Pf3D7_09_v3-595828-596094-1A.6","4+8N27G50+8N134+8N",571,1,1
"IM-23-122-TFAY","8039831925","Maziba","Pf3D7_11_v3-1295103-1295335-1A","ACTACTGCTTTGTCCCATCCCATCGAAGTTGAAAACAATTTTCCATGTTCATTATATAAAAATGAAATAATGAAAGAAATCGAAAGAGAATCAAAACGAATTAAATTAAATGATAATGATGATGAAGGGAATAAAAAAATTATAGCTCCAAGAATTTTTATTTCAGATGATATA","Pf3D7_11_v3-1295103-1295335-1A.9","61A132+9N173T",1646,1,1
"IM-23-122-TFAY","8039831925","Maziba","Pf3D7_14_v3-377765-378020-1A","AAAGATATATCAACTGAAAAGATTTTATCAAATAATTGCTTTAATAATAAGTTAAAAAATTGATTTCCAATATCTATCATATTCATATAATCTAATGATTTAAAAATATATAATATACTCTTTGGACTAAATTTTAATTCATCATTTATTATTTTCTCTTTTACTATTGCTTTAATTTGATTAAAATATATAA","Pf3D7_14_v3-377765-378020-1A.2","21G53+8N71T",335,1,1
"IM-23-122-TFAY","8039831925","Maziba","Pf3D7_14_v3-407306-407542-1A","CTTTCTTTCGTCTTTCTGTTCATTATCCATATAATCTTTTTCTACTACCTTTTCATTCTTTACTTTATTTCTATTAATACACAATTCTCCTTGAGTTAAGAGATTTACGATATTATCAATATTGTTTTCTTTCATATACTTCAACTTTTTACTATTCATTTTTAAAAGA","Pf3D7_14_v3-407306-407542-1A.4","44A47A85T",1256,1,1
"IM-23-122-TFAY","8039831925","Maziba","Pf3D7_08_v3-1370603-1370853-1B","AAAAGTAATTAAAAAAAAAAAAAATGAAAATAAAAAAAAACATTACATATTTTTTTATGTATAAAATATTTTAAAGCACTGAGATTATTTATGTTATAAATTAATTGAATGTTTAAAAGATTATAAAATTTTATTTATGAAAATATATGAATATATATAATATAAGCAGGTATTAAATAACCAAATAATAT","Pf3D7_08_v3-1370603-1370853-1B.2","10+32N49+9N",243,1,1
"IM-23-122-TFAY","8039831925","Maziba","Pf3D7_07_v3-729480-729750-1A","TGAATGTTCAGAAATTTTATATCACTTAAATCGTTTGAGTGAGTTAGATCAAATATTGTTGAAAGATAAAATAAGTATATATGAGTATCAGCTAAAGGACACGTTTTTAACAACGTATGATATAGGTTGTTTATTAAAAATAGCTCAAGTGTTGAATGAACAAAATTATTATGATAACATTCCATTTTTGCATATATTTTTATATAACATACATAA","Pf3D7_07_v3-729480-729750-1A.1","42A",523,1,1
"IM-23-122-TFAY","8039831925","Maziba","Pf3D7_07_v3-896613-896849-1B","ACAATGAAAAAATGTATTAATGATGAATTATATAAAATAAAAATAAATGTAGGTTTATATAAAAAGGATAGAAAAAAATTATCCTTTTTTATATTGTTGCATAAATTTTATTTAGATAATTATAATATTGTTATTAATAAATTAAAAAATATGAATAATTTAATAGAAA","Pf3D7_07_v3-896613-896849-1B.1","6+8N71+9N84+8N143+8N",527,1,1
"IM-23-122-TFAY","8039831925","Maziba","Pf3D7_14_v3-421322-421547-1A","TAAGAAAGATGAAGTAATAGAAAAAACTGAAGTATCAAAGAAAACATTTTCAGGTATAGGTTTTAATCTTACTGAAAAAGAAGCTAAAGTATTAGGTGTAGGTGTAACCTATCAAGAATATCCAGAAACCATGTTATATAACTGTCCAAACAATTCTA","Pf3D7_14_v3-421322-421547-1A.2","20+8N76A",774,1,1
"IM-23-122-TFAY","8039831925","Maziba","Pf3D7_04_v3-1037644-1037891-1A","GAAAGAGATTTAACAGATGATGCTGTGATTTTTGCACACTCACTTTATTTACCATTTGAAAAAGAAGAAATGTGGTGGATCGTTATCGGAATTAAAAAAATGAACTTACTTTTATCTATCAAAAAATTATCTTTATTGAAAAGTGTCAATAATATAAAAATTAATTTCGAATTGCCTGACA","Pf3D7_04_v3-1037644-1037891-1A.1","93+9N120+8N",1112,1,1
"IM-23-122-TFAY","8039831925","Maziba","Pf3D7_14_v3-1956056-1956330-1B","CTAATTTTTTTTCTCCACTTTGTAATTTTTATTGTTGAATATATATATAAAGTTAAACCTATAAATAATACACTACCTAATAAACTATTCTTATATTTAAAAATAAATATAACACATGTTATTAATCCTTCTATTGTTGCCGGAATAATATACATTAAAACAGAACTCATCAAATTATTAGCACTCTCGGTACCTCTATCAACTATTCTCA","Pf3D7_14_v3-1956056-1956330-1B.1","4+10N113C",400,1,1
"IM-23-122-TFAY","8039831925","Maziba","Pf3D7_10_v3-1414337-1414596-1A","GACCTGAATGGAAAGGTCAATGTGATAAATTTGAAAAAGAAAAAAGTAAATATGAAGATACTAAAAGTAGAACTGCTGAAATATATTTAAAAGAAATATGTTCTGAATGTGATTGTAAATATAAAGATTTGGATAATACATTTAAAGAATTTAAAGATAACGTTACGCTTCTTAAAGCAGTAATTGATAACAAA","Pf3D7_10_v3-1414337-1414596-1A.1","17T39+8N70G82T167G",911,1,1
"IM-23-122-TFAY","8039831925","Maziba","Pf3D7_03_v3-221295-221532-2","AAGGAACAAGAAGGATAATACCATTATTAATCCTATTGAACTATTTACGACATTAAACACACTGGAACATTTTTCCATTTTACAAATTTTTTTTTCAATATCATTTATATAATCTAATTGGTCTTTAGGTTTATCAGCAGAGCCAGGCTTTATTCTAACTTGAATACCATTTCCACAAGTTA","Pf3D7_03_v3-221295-221532-2.8","86+11N107A108T120G135C",1419,1,1
"IM-23-122-TFAY","8039831925","Maziba","Pf3D7_13_v3-815862-816091-1A","ATGATGTAGATGCTAACACAACATCCTGGTCAGTATCTTGTGATAAATAATTTAATTTGTCCGCTAAAAAATAAAGTATAATTTCACAGCTTTTTTTATTTGTATCTGTGTTTTTCATGTTATCATAAAAAGACAAAGATGAAGTAGCACATGAGTTAATTA","Pf3D7_13_v3-815862-816091-1A.1","17C19C20A65+8N90+9N",788,1,1
"IM-23-122-TFAY","8039831925","Maziba","Pf3D7_14_v3-298368-298636-1B","ACGATTTAATGTGGCAAGTTGATTTAGATGTACATTTTGGTAATGTATCTTCCAAAAAAGCAAACGTTATTTTAGATAGTGCCACCAGTGTCATAACTGTACCAACAGAATTTTTTAATCAATTCGTAGAATCTGCAAGTGTTTTCAAAGTTCCATTCTTATCTTTGTATGTAACCACTTGTGGTAACACGAAATTACCAA","Pf3D7_14_v3-298368-298636-1B.1","53+8N110+8N",346,1,1
"IM-23-122-TFAY","8039831925","Maziba","Pf3D7_07_v3-432832-433091-1A","TTGAAAAAGTCATCATCAGAATGGGGATGATTATTATTGTTATTATGAGTTTGGTTCGTATTAATATTATGCTCCTTTTCGTTATTTAATTTATGTTCATTTATATTTTTATAAATAAATAATTTTCCAAGAAGTATACCATTAATAAACTTACTAGTTAACATATTAGACTGCTCAATATTTGTACATTTTTTTAATGTATGTATT","Pf3D7_07_v3-432832-433091-1A.1","30+17N188+9N",1266,1,1
"IM-23-122-TFAY","8039831925","Maziba","Pf3D7_14_v3-106867-107115-1A","AATGACATGAACAAGTCAGGCGAAAAAGAGGAACATGTTATAAATAGTAAATGGAAAAATAAATTTTTCCATGAAGTAATACAAAATATGTTATATGATGATAATATAAATGATCATAAGGAAGAAATTAAGGAAGATAATTCTAATGAATATAATATCAATAATAAAAATGATAATTTATATGATATA","Pf3D7_14_v3-106867-107115-1A.1","78A",409,1,1
"IM-23-122-TFAY","8039831925","Maziba","Pf3D7_08_v3-585331-585590-1A","TGAAAACTTTTCATGTACGGTTAATAAACAAAATAATTCTGAATTATATATAAGTAAAACTTCTTCTACATCTCTAAATTTATGCATTGTAGCTCTTTTAATATAATAAGGCAAATATTTTACAATATATTTTTGTTTAAAAAAACCTTGATGACCAACATTAATATCTTCCATTTTGGAAAAGGTTCCACTTAACG","Pf3D7_08_v3-585331-585590-1A.2","102T138+9N",1019,1,1
"IM-23-122-TFAY","8039831925","Maziba","Pf3D7_08_v3-550057-550318-2","ACTATTTGATATTGGATTAGGATTTGGGAAGAAACATGATCAATCTATTAAACTCTTACAAAATATACATGTATATGATGAGTATCCACTTTTTATTGGATATTCAAGAAAAAGATTTATTGCCCATTGCATGAATGATCAAAATGTTGTAATAAATACACAACAAAAATTACATGATGAACAACAAAATGAAAATAAAAATA","Pf3D7_08_v3-550057-550318-2.2","27G",912,1,1
"IM-23-122-TFAY","8039831925","Maziba","Pf3D7_11_v3-1375807-1376056-1A","TCGTTATGTACCCTAATAAATTTTTTTTCATTATTTGAATCTATATTATTTACATTAGTATTTTGAGTTGTACCATAAATTTCAGTGTTATTATTATTTCTATTCATATAATTATGTCCGCTTATATAATTATGACCATTAAAAAAATGTCTTCCATGTATATCATCTCTTCTAATGTATTTA","Pf3D7_11_v3-1375807-1376056-1A.2","20+10N140+9N",331,1,1
"IM-23-122-TFAY","8039831925","Maziba","Pf3D7_14_v3-2004362-2004606-1A","TATTTCCATATTATTGTAATAGGGCTTTTTCTTGCTCTTCTAATTTTTGTATATCTTGCTTATCCTTATCTAATTGTCCAAGAGCATTTAATTCATCTTCTACATTTATTTTATTTTCTTGAGAATATTCTTCAATTTTGTCTTCGAAACTGTTATATAATCTATTTATAATTGGTTG","Pf3D7_14_v3-2004362-2004606-1A.1",".",574,1,1
"IM-23-122-TFAY","8039831925","Maziba","Pf3D7_14_v3-2260533-2260765-1A","AATAACCATCAAATACAAACTCAACCAACAAATACAGTACAATATATTCAACCAAATTATCAACAAGTCATAACACAAGTAGATCAAAATGGTAATCTATTCAATCAACAGCTTGTAGGAAGTACAGTAATGCAAAATATGACACCACAAGGTGTAAACACGTTAAATTATCCTGCAACG","Pf3D7_14_v3-2260533-2260765-1A.3","61C91G",2505,1,1
"IM-23-122-TFAY","8039831925","Maziba","Pf3D7_03_v3-980853-981120-2","TAAGATTCTTTTGAGTTATTTATTTTCCAAATAATTTGGTTATATATATATGAAAATTCGATCATACCACATGCTCCAAGAATAATAGATGCATCGTCATTATATTGGAATGTAAAACTTTCATCATACTCATTTGTATTAGGTACACAAGAATCATCTTTATTTTTATAATTTTCTTTACATGTACAATTAATTTTACTATATT","Pf3D7_03_v3-980853-981120-2.1",".",300,1,1
"IM-23-122-TFAY","8039831925","Maziba","Pf3D7_03_v3-855426-855697-1A","GTTATTTCAGTATGAGTTTCAACAGTTAATACTACTTCAGGATATGGATTGATACTTAACGTATGTACTCTCAATAATCTAGTATCAAATATATATGAAAATGTATACTCAGGAAAACATATAGTAGATAATCCATTATTATTCTCTATACATATTTTACTTATAGCTATATAATCGTAATTATCTTCTATTACTATTGGTTCTGTG","Pf3D7_03_v3-855426-855697-1A.1","32C",408,1,1
"IM-23-122-TFAY","8039831925","Maziba","Pf3D7_14_v3-1392837-1393086-1A","ACATGTATTGTCCCCAGCATGAATCGGGTGATAAATATTATCAAGCGTATCAAAAAATGGATTGTAATTATTACTACTATTCATATCATTATTTTTTGTGGTGGTGGTGGACTGTGAAATGTTTTCCTTATGATTTTGACTTGTGTGTATATCCCTACCAACAACATATTCAACATTATTATTATCAAAAA","Pf3D7_14_v3-1392837-1393086-1A.4","51+8N91+8N108I=TGG",998,1,1
"IM-23-122-TFAY","8039831925","Maziba","Pf3D7_10_v3-1414599-1414832-1A","ATCTAGATCAACGAGGGAATATAACAACATCTCAAGGAAATTCACACCGTGCAACTGTTGTGCAACAAGCTGATCAAACCAACAGATTAGATAATGTAAACTCTGTAACGCAAAGAGGAAATAATAACTACAACAATAATTTAGAGCGTGGATTGGGTTCTGGTGCT","Pf3D7_10_v3-1414599-1414832-1A.1","70C",1878,1,1
"IM-23-122-TFAY","8039831925","Maziba","Pf3D7_08_v3-1313088-1313338-1A","TGAGAGACATAGATATATGATAGAAAAATGGAAAAAAGAAGATTGGTTTTGTGATTTAAAAGAAACGTTGAAAAATGAATTTGAAGAACAGATGGATATAGGAAAAGTATCTTTTTTATATGAAAATAATAGAGAGTATGGAAAAAATTTTTATTTGGAAAAGCAAAAAATTATATGGAAAAGATGG","Pf3D7_08_v3-1313088-1313338-1A.1","31+8N111+8N141+8N164+8N",813,1,1
"IM-23-122-TFAY","8039831925","Maziba","Pf3D7_09_v3-516735-517007-1A","ATAGAAGGATATATAAAAAATTATCAAGAATCATATAATATAAATGACCATTGTAAATTAGTTCCATTAAATTTTTATAAAGATTCTATTTCTAATGATTTAGGTACTCCATGCCCTGTGAATAGTATTACCTTAAATGTGGGCGCAAAAACTATAAATGAATGTTTGTGTAATAAAGGATATTTCTATAATGTCAAGAAACAACAATGTGA","Pf3D7_09_v3-516735-517007-1A.1","14+8N",480,1,1
"IM-23-122-TFAY","8039831925","Maziba","Pf3D7_04_v3-115455-115684-1A","TATTAATGTCATTTTGTTTTTCTTTATTATTATTATTTTTATTTTTTCCCTGGTTATCTTCCTTATTACCTAGCTTTTTTTTGTTGTCATTATTTTCTGTCTGATTATTATTTTTGACTTTGTTCATCTTTGAATTATTCGTTCTGTTTGTATGTCTCAAGCAAGGT","Pf3D7_04_v3-115455-115684-1A.5","24+25N74+10N139T",1919,1,1
"IM-23-122-TFAY","8039831925","Maziba","Pf3D7_11_v3-1293919-1294168-1A","ACCATATCAAAATAGTGATGTGTATCATCCAATCAACGAACATAGGGAACATTCAAAAGAATACGAATATCCATTACACCAGGAACATACATACCAACAAGAAGATTCAGGAGAAGACGAAAATACATTACAACACGCATATCCAATAGACCACGAAGGTGCCGAACCCGCACCACAAGAACAAAATTTAT","Pf3D7_11_v3-1293919-1294168-1A.7","1A27A53T",1925,1,1
"IM-23-122-TFAY","8039831925","Maziba","Pf3D7_14_v3-2355614-2355853-1A","ACTTTTCTCGATTCACATTATCCAAACCCATTTAACGAGTATGAAAAATATGACAAACATTATTATGAACTTGAAAATATTTTAAAAAACAAACTTAATGAACATTCCTTAAATTATCAATCTTTGTTAAAAATGAAAAGATTTATAAGTATGAACGATATGGAAAATAATAA","Pf3D7_14_v3-2355614-2355853-1A.1","83+8N",1184,1,1
"IM-23-122-TFAY","8039831925","Maziba","Pf3D7_14_v3-2733345-2733593-1A","TCGATGTACATGCAGAAAAAATATTGGAACGTTTATTTGTAATTTATTTATGTGTATTAAAAGAATATGAAAAACATCCTCCTAAAATATTAAAATATTCATTACGTGCTATATCTAGATACTCGATGTATATAAATAAATTTATCATGGATGATATATTATTTGAAATTAAAAACCTTGCTGCA","Pf3D7_14_v3-2733345-2733593-1A.1","15+8N",1362,1,1
"IM-23-122-TFAY","8039831925","Maziba","Pf3D7_14_v3-2020604-2020849-1A","CAAGAACATGAATATTTCTGTAAATACATAGACAAGTCCTCATTATGTCTTATCACAGGGTGCTCTTCTTTAATATGACAATATAATTTTATATGTTTTATTATTTCTTGATGAATTTCACATAATAAAAATAATGTGTGATTCATATGTTGACTACCCAATATAGAAAAGCCACTAACTAATTG","Pf3D7_14_v3-2020604-2020849-1A.1","65+8N",1221,1,1
"IM-23-122-TFAY","8039831925","Maziba","Pf3D7_11_v3-1127074-1127316-1A","AACATTTTAATAGTCCTAATTTCGAAAATATGATGAAAGGAGTTTTTGGAATTATTCAAAATCCTTTTGAAAATGGCCAACCCACTTTCCCATTCTTTAAAAATATTAATTCGATCTCTGGAATCGGTAATGTTGATATCCCCAAAAATTTTATGAATGATTTTTTGAATAATGGAAATGATCAAAACA","Pf3D7_11_v3-1127074-1127316-1A.2","160+8N",1830,1,1
"IM-23-122-TFAY","8039831925","Maziba","Pf3D7_03_v3-891553-891827-1A","CAAGAGCTAAGAAAACATATAGAATTATCATAAGGATGTTGATAATATAAATGTGTTTTTATTTGTGTATTTATGTCAGAATATTGTTCCTTCGATTTATCTTTAAAATAATCAAGATTATTTATGTTGGTGGCTTTATTATTATTAAAATAATTTTGATTTGTTACATGATGACTATGGGTATATTTGTATTTTACGTTTTTATTA","Pf3D7_03_v3-891553-891827-1A.3","26T93C116G178T",341,1,1
"IM-23-122-TFAY","8039831925","Maziba","Pf3D7_14_v3-1038300-1038538-1A","ATTAATGATTTATACACTTCAACTACACTTTTTAATTTAGCCCATACAACTAATAAAGCTCTACGATAAATTTCTTTTTTATTTGATTTAGAAAAAGGAGAAAACCATTGAAACTTTTTGGCTAGATATTTATGGTCTTTATCAAAAATATATTCTGAAACTTCATCTTCTAGAAGT","Pf3D7_14_v3-1038300-1038538-1A.3","50C74+8N",1303,1,1
"IM-23-122-TFAY","8039831925","Maziba","Pf3D7_14_v3-297583-297856-1B","AGGAGGTTTTTCTTATTATATTTTTGAAAATTTCGTTTTTCAAAAGAACCGTAAAATTAATCACATAATTAAGACTTCAAAATATTCGACAGTAGGATTTAATATTGAAAATTCTTATGATAGACTTATGAAAACAATTAAAGAGCATAAATTAAAAAATTATATAAAAGAATCAGTAAAACTTTTTAATAAAGGTTTAACCAAAAA","Pf3D7_14_v3-297583-297856-1B.1","153+8N",323,1,1
"IM-23-122-TFAY","8039831925","Maziba","Pf3D7_04_v3-1005938-1006187-1A","GTCTTAACATTAATTCTAGTTACAAAGTTACATGGATTTATTGAAAAGATATTTTCGTCATTATATTTCTTTTTTTCCATATCTGTTTGATCATTTTGATATGTTTTCATATTATCCATATGTTCATTATTTTGATCAATATAATTTTTTTTTATAATAAATTTAGAATTATTTTTAAAGAAA","Pf3D7_04_v3-1005938-1006187-1A.2","15T16C61T69+9N144+11N",691,1,1
"IM-23-122-TFAY","8039831925","Maziba","Pf3D7_14_v3-1992121-1992370-1A","ATTAAAACATTCCAACAATTTTATTTCCTTCTTTATAAAATTATATAAATTAATTATTTTCTTTTTATCACATTCAAAGACGGCATAAGGTGCACCCCATGAACATTTTTTACTTTTGCTACCATCAGGCATAATATAAACACCAGTACCATTTTTTTCTGATAAATTAATATTTTTTTGTATAACATCATA","Pf3D7_14_v3-1992121-1992370-1A.1","105+8N151+9N172+9N",312,1,1
"IM-23-122-TFAY","8039831925","Maziba","Pf3D7_07_v3-404325-404590-1B","GAAACACAAGAAGAAAATTCTATCATATTTAATCTTGTCTTAATTAGTGCCTTAATTGTAAGAAAACAAAATATATAAATAAATAAATATATATATATATATATATATATATATATATTGTAATATTTAATATATATTAACACTTAAACTTTTTTTTTATTTTATTAATTTATATTCTTTATCATTTTTTTTTTTTTTTTCCTTCTTTTTT","Pf3D7_07_v3-404325-404590-1B.1002","71+40N145T154T176+19N198+8N",1,1,1
"IM-23-122-TFAY","8039831925","Maziba","Pf3D7_11_v3-1374917-1375148-1A","TTTTTAAATGAAAATCTCCAAAGCTTCTGGTTGGTTGTAATCTACCTTTAACATAACAATTATCATAATGATGTGATAAGAGATGAAAAGGTGTTTTACATAATTCATATGTATTATTATTATTAACAGTTTTATAATCTCGAGTACATATTTTACATACTAATATA","Pf3D7_11_v3-1374917-1375148-1A.1","112+14N",1290,1,1
"IM-23-122-TFAY","8039831925","Maziba","Pf3D7_13_v3-911757-912005-1A","GAGCCAACAATTTGATTTTCCACAACTTACTGAATCTTTAAAACATTGTGAACAGGTATCTGACATTTTTTTATTATCTTTGGCTAGTTCCTTTTGAACACATTCCATAGTACTATCACCTGAACCTAAGTTATCAACAGAACATTTTAATAATATACTAAAAAATTTATTGCTAGGAGAAAGTTGTAAA","Pf3D7_13_v3-911757-912005-1A.1","65+9N159+8N",1554,1,1
"IM-23-122-TFAY","8039831925","Maziba","Pf3D7_08_v3-1176313-1176549-1A","TACATCCAATGAATATTTTACACTTAAAAGAAATAAACAAATTATTCATAATAAAATACATATACTTTCTATGCAAAAAAATAAACAAAATACAAACGAGCTAAACAAATTATGTAATATTAACGCCATCATATTCAATATTAATTCTGATGATTTTGAGGTAGGCGATGAAATTGT","Pf3D7_08_v3-1176313-1176549-1A.1","74+9N111T136C",1861,1,1
"IM-23-122-TFAY","8039831925","Maziba","Pf3D7_11_v3-1295371-1295597-1A","AAGTAACATCAAATAATGAAGTTGTAGTTAAAGAAGAATATAAAGATGAATATGCAGATATTCCTGAACATAAACCAACTTATGATAAAATGAAAATTATAATTGCATCATCAGCTGCTGTCGCTGTATTAGCAACTATTTTAATGGTTTATCTTTATAAAAGAA","Pf3D7_11_v3-1295371-1295597-1A.1",".",1448,1,1
"IM-23-122-TFAY","8039831925","Maziba","Pf3D7_10_v3-1386657-1386909-1A","CGATTTTGGTAGGGAACAGGTTAAATATATTGAAGACGTGGTTTGATAATCAGGTATTTCTTTAATTAAATATTCATGATATTGTTCGTTAGATACATAAATTAATTCGTCCTCCACATTTTGCTGTTCTGTTATAATTTGTGAAGAAGCTTGGTTTGTCTTATTTGGTAATTGCTCTTTTATGA","Pf3D7_10_v3-1386657-1386909-1A.1",".",1254,1,1
"IM-23-122-TFAY","8039831925","Maziba","Pf3D7_11_v3-115913-116184-1A","ACCTCCAGATGTTATAAATATTATATTATCATCATCATTTGGAAGGAAATTCTCCTCTAATGTTTTTAATATTTCATCTATATTTTTAGGTCTCAATTTACTATTGAAAAATTTTGAATACTTCAAAAAATAATCATCATCTTTTACATTACATATATTATCATTATTTTCATTTTGTTTTAGTAGTTCATCTTTTTTATTATC","Pf3D7_11_v3-115913-116184-1A.1","7A124+8N197T",245,1,1
"IM-23-122-TFAY","8039831925","Maziba","Pf3D7_14_v3-137398-137668-1A","ACCATTCATATTTTCTAGGTTTGTTTAACCAATTACATATATATAATATATTACAAAATAATTGTTTTAATAATATATGTTTAGTTAATATTAATTCAATACTACTTAATTTATTTCTTATATTTTTTAAAAGATCTTCATAAACAAAATCAAAATTATCTATTAATAATAAATAACCAAATCTTTTATGTACATTTTTTATTC","Pf3D7_14_v3-137398-137668-1A.2","122+8N194+8N",113,1,1
"IM-23-122-TFAY","8039831925","Maziba","Pf3D7_14_v3-1166107-1166371-1A","TTTTTGAATTATTAAATATATCTTCTATAAAAAAAGAATATCAAGCTATACATAACAATAAGTATTTTTTATGGAATATGGATGCAGATTTTTTTACTATAAAAAATCATCATAAGGATAATAAGGATAACAATGATGAAAATGTGAATGTAATAATACAACAAAATAATTTAGTTCTCGAAAAATATGATCATTTAATAGA","Pf3D7_14_v3-1166107-1166371-1A.1","28+9N64+8N88+9N100+8N",484,1,1
"IM-23-122-TFAY","8039831925","Maziba","Pf3D7_13_v3-935613-935884-1A","CAAAATAATATGAATAGTAATAGTAATAGTTATAATAATTTTAATATAACAGATAGAAGTAAAGAAATAAAAAAAGATTATAAAAGAAACAAAATTTTAATAGTTATTAATAATATTAATACAAATCATATTTTATTATTAAATGAAAGTGTTATAAAAAAAAAAATACTTACATTTTATCTAGATCTTTTTTTTGATGATAATGAACAAAT","Pf3D7_13_v3-935613-935884-1A.2","68+11N155+13N187+10N",769,1,1
"IM-23-122-TFAY","8039831925","Maziba","Pf3D7_04_v3-1083299-1083563-2","ATATACTTTCCATATGTAGAGGACTTATGATATATAGAATTATAAGATAAATGTTTATAATAATCTAAAAAAGTATAATGAGGTATTATAACAAAATCCAAATGTCCTTCTTTTTCTTGTAAAATATCAATAGAATTTGCAATGTTATAATTTGATAACTCTTTAAAATGATATTGTAAAAAATTAACATTTTTATA","Pf3D7_04_v3-1083299-1083563-2.2","4T66+8N177+8N",447,1,1
"IM-23-122-TFAY","8039831925","Maziba","Pf3D7_04_v3-1113397-1113639-1A","GATTCTGCATGCAGTAATGAATCTATTGAAATCATCTAAGAATAAACTTTTTTGTTTAAACCATTTATTGAACATTTCACTTAAATGTGATTCAATTTTTTTTTCTGAGCTTTCCATAATTTGATTACATCTATTCAATTTGTTTGTATAAGTTTTAGGTGTTATTATTCTTTTACGTTTTAAATCATC","Pf3D7_04_v3-1113397-1113639-1A.1","47+8N95+11N130T161G",2265,1,1
"IM-23-122-TFAY","8039831925","Maziba","Pf3D7_08_v3-1099719-1099977-1A","AAAAAATAAAAAATCAAACAAGATAAATAATAATGTATATAATACTAGTGGTATAAAAAATAATGATCAAAATATGGATAATATGAATCAAAAAGGGAAAAGTAACAAAAATTCAAATAAATATAATTTTGATGAAGAGGATTTATGGTTTTTATGTGATTTATGTAATAATCCTATAAGTCCGTTATGTTA","Pf3D7_08_v3-1099719-1099977-1A.3","1+14N54+8N",671,1,1
"IM-23-122-TFAY","8039831925","Maziba","Pf3D7_10_v3-992331-992603-1A","TCATTATATTTTTAAAAAAAAAAATTATGATATAAAATCTTCAATTAATAAAAGATCTATCCAGTTCTTTAAAGACACTAATATAGATCATTATATAGCATATGAATATTATAAGGAGGACCGTACAGAATTTATATTAACTATTATGAATGAAAAAAATATTACTCATCAAGAAACTCAAAGTCTTGAAATGAAAAAGTTGAAAG","Pf3D7_10_v3-992331-992603-1A.3","13+13N127A152+9N",477,1,1
"IM-23-122-TFAY","8039831925","Maziba","Pf3D7_08_v3-549583-549807-1B","ACGTGCTGTTCAAAGAATGTTTGAAATGATAAATGAAGGTGCTAGTGTTATAGATATAGGTGGAGAATCCTCTGGTCCTTTTGTTATACCTAATCCAAAAATTAGTGAAAGAGATTTAGTAGTACCTGTATTACAATTATTTCAAAAAGAATGGAATGATATAAA","Pf3D7_08_v3-549583-549807-1B.1",".",1377,1,1
"IM-23-122-TFAY","8039831925","Maziba","Pf3D7_09_v3-685560-685825-1A","GAACCAAACAACGACAAAGGAACAAGATAATTTTTTCCATTTTTATAAAAGTAATATATATGATATGGAAAATAGAACATGTAATAATAATATATTACAATATTGTGTTATGAATAATAAATCATATTTATTTCATAATATATCATCCAAAAAAAATATATATATAAAAAAAAAGAATCATCAGTTTTCTTTATTCATATATT","Pf3D7_09_v3-685560-685825-1A.1","30+8N79A148+10N165+11N",28,1,1
"IM-23-122-TFAY","8039831925","Maziba","Pf3D7_13_v3-958247-958510-1B","TTTATATTATCTGTAATATGCACATTTTGTATAATATTATCAATATTTGTAGCATTTTGACCGTATGTTTCATTTTCATCGTATGTTCCATTTATATTGTATGTTCCATTTTCATCGTATGTTCCATTTATATTGTATGTTCCATTTTCATCGTATGTTCCATTTATATTGTATGTTCCATTTTTATCATATGTTATGTCCACAT","Pf3D7_13_v3-958247-958510-1B.1","106C",611,1,1
"IM-23-122-TFAY","8039831925","Maziba","Pf3D7_14_v3-294506-294753-1B","AATTTAGATGTTATCAAAGTCCCATTCTTACCTTTCTATGTAACTCTTTGTAACAACAGCAAATTACCAACTTTTGAATTTACCTCAGAAAATGGTAAATACACATTAGAACCTGAATACTACCTTCAACACATAGAAGATGTTGGTCCAGGATTATGTATGCTTAATATCATAGGATTAGATTTTCCAGT","Pf3D7_14_v3-294506-294753-1B.1",".",1668,1,1
"IM-23-122-TFAY","8039831925","Maziba","Pf3D7_11_v3-1018781-1019053-1A","TTTTTGATTCATATCATTATCATAATTATATATATATTGATCTCTGTCTATATGGGGAGCAAAAAAATATAAAGGATGTTGTGTTAAGGCTAATAATAATTCTGTAGCTATACTACTACTTATGTTACTTATACCACATCTAGTGACTGTACATTTTTCATCTAATGTTCTATAGGATAAAGAATCTGAAGGACAATGCATATCAT","Pf3D7_11_v3-1018781-1019053-1A.2","60+9N",123,1,1
"IM-23-122-TFAY","8039831925","Maziba","Pf3D7_13_v3-748254-748510-1B","ATACCAAAAAAAATAAAATAAAATGAAATAATAAATAAATAAATATACATATATTTACATATATATATATATAATTACACATATTTTTGATTGAGGACAAATTACATGTCGTGTAGTTCGTCTTCCTTGTGCGTTTCAATCACACAATCCGATTTAGGATAACATGTACACAAAAGAATATATTTTTTCTT","Pf3D7_13_v3-748254-748510-1B.1","5+10N39+33N180+8N",411,1,1
"IM-23-122-TFAY","8039831925","Maziba","Pf3D7_13_v3-852647-852921-1A","TACGAAATGATGAATTAAAAGAATTAACATTTATGAAAAATAAAGAAAATAGGAATGCAGATACATATGTTTTTGATTATCCTAAAAAAGAGAAATATGACCAATTAGTTTTTGAATTACGTAAACATAATTTTAATATAACAAGCATGAATACATATAAAAAACTAACAAATGAAACATCATCACAAAAAGAAGAAAATGCTTCTATAATAAGTT","Pf3D7_13_v3-852647-852921-1A.4","83+8N158+8N",396,1,1
"IM-23-122-TFAY","8039831925","Maziba","Pf3D7_10_v3-992596-992869-1A","GAAAATAATAAAATGCACAGTATCAATTCTGATAGAAATAAAAATGATTATATTCCATCTTCCTATTTACATACAATATATAAAACATTTAGCGAACATATAAACCGAGATAATGGAAATATTTATGATGATGAAAAAAAAAATTTATATGATGGAACTGTTTTTTATATAGAAACATTAAACGAATTAAGAATTATAAATATATTATTTTCA","Pf3D7_10_v3-992596-992869-1A.1","133+12N160+8N",146,1,1
"IM-23-122-TFAY","8039831925","Maziba","Pf3D7_14_v3-294503-294768-2","CAGAATTTAGATGTTATCAAAGTCCCATTCTTACCTTTCTATGTAACTCTTTGTAACAACAGCAAATTACCAACTTTTGAATTTACCTCAGAAAATGGTAAATACACATTAGAACCTGAATACTACCTTCAACACATAGAAGATGTTGGTCCAGGATTATGTATGCTTAATATCATAGGATTAGATTTTCCAGTACCAACCTTTA","Pf3D7_14_v3-294503-294768-2.1",".",246,1,1
"IM-23-122-TFAY","8039831925","Maziba","Pf3D7_14_v3-120101-120365-1A","TTTTACAACATTATTTTTTTCTTCCTCCTCAGATAAAATAGGTACACATATCGCGTCCTTATCACATCCTCCATTGTTTACCTTACAATGTTCTTCGCATTCGAAATTTTTTTCAGGATTACTTGAAAAGCCTTCTGGACAATTACAATATTCATATCCATGAGCATTCTTACAAACACCTTTTCCACAATTTAAAA","Pf3D7_14_v3-120101-120365-1A.1","13+9N106+9N165C",516,1,1
"IM-23-122-TFAY","8039831925","Maziba","Pf3D7_11_v3-1019050-1019319-1A","TCAAAACTTATTGCTACCGTAATACCTAAAGGAGGCATTTTACATAATCTTTTTACACTCGTAAGAATATTATTATAAAAGATTTCTTGATATCTATCATACATATGAATATTATTTAGAGATTTATATATATTATTATTTTGTTCATATAATAATATATTATTTAAAGACTTATCCATAATTTTTGTACATTTTATATTTTCTATA","Pf3D7_11_v3-1019050-1019319-1A.1",".",216,1,1
"IM-23-122-TFAY","8039831925","Maziba","Pf3D7_08_v3-1056678-1056903-1A","GTGTTAACGATAATTATAATGCAATAAGCACAACTAATTTTTCAGATGACATGGATGAATTGATAAAGAATCTTTCTATTATGGGTTTGTGTAAAGAGAAAATAGTGTTAACAGAAAAGGCAACACTATTTAATAACATTGAATTGTTGTATTCATATTATCTTATAGTTCAGA","Pf3D7_08_v3-1056678-1056903-1A.1",".",4755,1,1
"IM-23-122-TFAY","8039831925","Maziba","Pf3D7_11_v3-1006693-1006917-1A","GTGGGGGAGAGAATTTTACCTTGATATGCTCCCATGTTTTATCCTTTATACAATACATATAAGTGTCATTGGTAATATATGACCCTCTTTTACCTCCGTAAAGAAATAAACAATCTTCTTTTTTTTCAGTGGAGTAAATTAAATTTAATTTTGCAAAATAGCGTGG","Pf3D7_11_v3-1006693-1006917-1A.1","118+10N",2031,1,1
"IM-23-122-TFAY","8039831925","Maziba","Pf3D7_09_v3-82006-82236-1A","TTTATCATCTTTAGGCCATAACCAGAGTACAAGCAATCCAACTATAACAATTGTAATTAACATTATAAATACTGTAATACCATAAACACTACCAGAAGCGATCAGAAATGCACTAAAAGTATAACAACATTCACTTAGAATAAGAGTAGCGATAAAACTAAAAATAGC","Pf3D7_09_v3-82006-82236-1A.10","95G",2520,1,1
"IM-23-122-TFAY","8039831925","Maziba","Pf3D7_11_v3-119432-119705-1A","CTCCTTTATATTCATCAAGAAATTTCATCCAAGAGTAATTATGTTTTTCTTGTTGATATTTTGCTTTATACAAACGAGCAAGATACTTTTTATACGATTCATGCTCTTTAATTTTCTTTTCAAAAGTTTTGGTTATAATGTGTTCAAGTGATTGTAAAGTATTTTTCTTTAATTTTCTCCATATTAATCTACATGCGATTATAAGAA","Pf3D7_11_v3-119432-119705-1A.1",".",589,1,1
"IM-23-122-TFAY","8039831925","Maziba","Pf3D7_04_v3-109939-110184-1A","CAACATCTGAATTATATAAATCTTTAGAAAAACAACTAATATCCTTACTCCATATATTTATTTTTATACCAAGAATAACAGCCATATAAACCAAAACTCTCTCAAATGCATGTGATACAGGTAAATAAGAAAAATGGGTTTTCGGTTTCATGTTTTTTATTACATTATGATCACATAATGGTGCTACT","Pf3D7_04_v3-109939-110184-1A.2","51C108G152+8N",828,1,1
"IM-23-122-VYRP","8073804699","Maziba","Pf3D7_09_v3-516735-517007-1A","ATAGAAGGATATATAAAAAATTATCAAGAATCATATAATATAAATGACCATTGTAAATTAGTTCCATTAAATTTTTATAAAGATTCTATTTCTAATGATTTAGGTACTCCATGCCCTGTGAATAGTATTACCTTAAATGTGGGCGCAAAAACTATAAATGAATGTTTGTGTAATAAAGGATATTTCTATAATGTCAAGAAACAACAATGTGA","Pf3D7_09_v3-516735-517007-1A.1","14+8N",167,1,1
"IM-23-122-VYRP","8073804699","Maziba","Pf3D7_09_v3-202854-203106-1A","AATATACAAAGAATGCATATGATAAAATATTCTTTGTCCTTTAAAATTTTTTGTTCTTGTACTTTGTTTTTTATAATCTATTAAATTCATATCTGATGAAATATCATATTTATATTCCCCTTTATGAGCATTTACAAAAGTTTCGCTATTTCTTTTATTAATATATGTATTTGAGCACATATTTTTAT","Pf3D7_09_v3-202854-203106-1A.1","16C46+8N66+8N183T",902,1,1
"IM-23-122-VYRP","8073804699","Maziba","Pf3D7_09_v3-270915-271160-1A","CTTTGTATGTATTATCTGTTGTTTTATCTTCACCTTGATTTCCTGTACTTGTAGATTCAGTAGATGGACCTTCAGAACCTGATAATTCATTACTAGTAGATGCAGCACTTGTACTTTTAGATTGTTCTTTTAATGGTCCCATATATTTGTATAATTCTATTTCTAAATCTTGATCCTTGGTTTTTTCTTCTAA","Pf3D7_09_v3-270915-271160-1A.2","85A91T180+8N",1367,0.998539079620161,2
"IM-23-122-VYRP","8073804699","Maziba","Pf3D7_09_v3-270915-271160-1A","CTTTGTATGTATTATCTGTTGTTTTATCTTCACCTTGATTTCCTGTACTTGTAGATTCAGTAGATGGACCTTCAGAACCTGCTAATTCATCACTAGTAGATGCAGCACTTGTACTTTTAGATTGTTCTTTTAATGGTCCCATATATTTGTATAATTCTATTTCTAAATCTTGATCCTTGGTTTTTTCTTCTAA","Pf3D7_09_v3-270915-271160-1A.1","82C85A180+8N",2,0.0014609203798393,2
"IM-23-122-VYRP","8073804699","Maziba","Pf3D7_10_v3-1386657-1386909-1A","CGATTTTGGTAGGGAACAGGTTAAATATATTGAAGACGTGGTTTGATAATCAGGTATTTCTTTAATTAAATATTCATGATATTGTTCGTTAGATACATAAATTAATTCGTCCTCCACATTTTGCTGTTCTGTTATAATTTGTGAAGAAGCTTGGTTTGTCTTATTTGGTAATTGCTCTTTTATGA","Pf3D7_10_v3-1386657-1386909-1A.1",".",1090,1,1
"IM-23-122-VYRP","8073804699","Maziba","Pf3D7_09_v3-595828-596094-1A","ATAATTTTTTCATCGTTCTTATACATTAATGATAAAGTCTTTTTGCAAAATTTTTTGAAGAGATCAGATTTGAGATAAAGACGTTTGGCTAATTTATACGAGAATTCGAGAGCATCTAATTTTATATTTAAACATTTTTTCGTATCCAATATATTATAATTTTGTTCATAAGTCTGTTCGTTTATATTATTTAATACTTTT","Pf3D7_09_v3-595828-596094-1A.3","4+8N50+8N134+8N180G",346,1,1
"IM-23-122-VYRP","8073804699","Maziba","Pf3D7_09_v3-685560-685825-1A","GAACCAAACAACGACAAAGGAACAAGATAATTTTTTCCATTTTTATAAAAGTAATATATATGATATGGAAAATAGAACATGTAATAATAATATATTACAATATTGTGTTATGAATAATAAATCATATTTATTTCATAATATATCATCCAAAAAAAATATATATATAAAAAAAAAGAATCATCAGTTTTCTTTATTCATATATT","Pf3D7_09_v3-685560-685825-1A.1","30+8N79A148+10N165+11N",27,1,1
"IM-23-122-VYRP","8073804699","Maziba","Pf3D7_09_v3-82006-82236-1A","TTTATCATCTTTAGGCCATAACCAGAGTACAAGCAATCCAACTATAACAATTGTAATTAACATTATAAATACTGTAATACCATAAACACTACCAGAAGCGATCAGAAATGCACTAAAAGTATCAACAACATTCACTTGGAATAAGAGTAGCGATAAAACTAAAAATAGC","Pf3D7_09_v3-82006-82236-1A.7","95G123I=C137G",1,0.00034965034965035,2
"IM-23-122-VYRP","8073804699","Maziba","Pf3D7_10_v3-1414599-1414832-1A","ATCTAGATCAACGAGGGAATATAACAACATCTCAAGGAAATTCACACCGTGCAACTGTTGTGCAACAAGCTGATCAAACCAACAGATTAGATAATGTAAACTCTGTAACGCAAAGAGGAAATAATAACTACAACAATAATTTAGAGCGTGGATTGGGTTCTGGTGCT","Pf3D7_10_v3-1414599-1414832-1A.1","70C",4950,1,1
"IM-23-122-VYRP","8073804699","Maziba","Pf3D7_09_v3-164045-164311-1A","ATCAACTGGTGTTGCAAAACCATTAGTTACCAATTTTAATTCTCCATTTAGTGCTTTTGGTAAAACAAATACCAGTGATATATTTAAAACTAATACTACTGCATCAACTACAAATGCAACTGCAACTGCAACTCCTGCTCCCTTTGGATCAGCATTTGGAGCGCAAAAGAATAATGATAGCTTGTTTGGAAATAATGCATTCAAGCTTTCG","Pf3D7_09_v3-164045-164311-1A.1",".",1074,1,1
"IM-23-122-VYRP","8073804699","Maziba","Pf3D7_12_v3-1959644-1959891-1A","ATGGGAAGACGATAAGAGAAGAGAAATTAATTTCTGAGGGAGCGTATTCATTTGTTTATATGGCGAAGGATTTAAACACGAATCGAGCTTATACTATAAAGAAGACCATATGTCAAGATAAAGAGAAAATAGATATGGCGAAAAAAGAAATCAACATTCTTAAAAGTTTACCTCCACATAAAAATATA","Pf3D7_12_v3-1959644-1959891-1A.1","143A",750,1,1
"IM-23-122-VYRP","8073804699","Maziba","Pf3D7_12_v3-2092529-2092798-1B","AGTTGAAGGGGGAGGAATGATCGGAGTTATCAGATTAGAAAATCAAGTGAGAAATCCCCCTGTAATAAAATTGAAGAGTCATACATCTCCCATCCTTGATTTGTCATTTAACCCGTGTTATAGTGAGATATTAGCTTCATGTTCAGAAGATATGTCTATAAGAATATGGGAGATACGTCATGAGGATGAGAATGTGAATGAGGTA","Pf3D7_12_v3-2092529-2092798-1B.1",".",581,1,1
"IM-23-122-VYRP","8073804699","Maziba","Pf3D7_12_v3-2092654-2092884-2","GAGATATTAGCTTCATGTTCAGAAGATATGTCTATAAGAATATGGGAGATACGTCATGAGGATGAGAATGTGAATGAGGTAAAGGATCCTTTATGTATATTAAATGGTCATAAGAAAAAAGTAAATATATTATCATGGAATCCTATGAATTATTTTATATTATCATCT","Pf3D7_12_v3-2092654-2092884-2.1","114+8N",1955,1,1
"IM-23-122-VYRP","8073804699","Maziba","Pf3D7_12_v3-233418-233671-1A","CAAAAATATCATTCCCCAAATTTGTACTACTAATTGTTCCAATAGTTCCTATAGTTGTGGTAATTTGCTCATATGTATTTTTTCCTAAAGATTTATTAGACACATTTGAAGGATCATTATTTTGTTCCAAATTCTTGGGCACAGTATTATTACATGAGAATAATGAAAAGTTATTATCATAATTCTTTTGTT","Pf3D7_12_v3-233418-233671-1A.3","77+8N",947,1,1
"IM-23-122-VYRP","8073804699","Maziba","Pf3D7_12_v3-529495-529767-1A","GCTCCCCAAAAGTTAACTGCTTCATTATTTTTTGGATCCCAAAAACTAACATTCGTTACCCATCCAACATAATCGGTAGATATCCTATATTCATAACTACTACAGAAATATTTATACTCATGGTATACATTTGCATCATTTACATCTACCAAATTAACAGTTTTACACAAATTGTGAATGCCATTCAAGTTATAAAAACCTGTACAT","Pf3D7_12_v3-529495-529767-1A.1","32T",460,1,1
"IM-23-122-VYRP","8073804699","Maziba","Pf3D7_12_v3-63081-63314-1A","TTTCCGTCATAATAGTTGCATACATTCTATTAAAAACTTTGGGTACTCCTAATATAATTTCACCTTTTGAATTACATATGTCTGTATTCAAAAATTTTATATCTCTACTCCATATATTTATCTTTACATCCAAAAACAAAGCAATGAAAAAAACAACCCTTTCATA","Pf3D7_12_v3-63081-63314-1A.6","129T146+9N",1499,1,1
"IM-23-122-VYRP","8073804699","Maziba","Pf3D7_12_v3-659881-660127-1A","GGTGGTTTAACATTTTCAGCTACGAGTTTTTCGAATGATGGCAATCCTACTTTGATTAATTCCTTTAACATAAGTTTTGCGTGGTTTTTTACTTCTGATTTGATATCAAAGCTTGATTCTAAAAAGGTTGGTGAATTTTTTTGTAAAACACTGACAAGTTCATTTGATATGGTCTCTGCTAAATCATCACCA","Pf3D7_12_v3-659881-660127-1A.5","27T73A74G83+9N135+9N",1262,0.996053670086819,3
"IM-23-122-VYRP","8073804699","Maziba","Pf3D7_09_v3-82006-82236-1A","TTTATCATCTTTAGGCCATAACCAGAGTACAAGCAATCCAACTATAACAATTGTAATTAACATTATAAATACTGTAATACCATAAACACTACCAGAAGCGATCAGAAATGCACTAAAAGTATTACAACATTCACTTGTAATAAGAGTAGCGATAAAACTAAAAATAGC","Pf3D7_09_v3-82006-82236-1A.2","95G123T137G138T",2859,0.99965034965035,2
"IM-23-122-VYRP","8073804699","Maziba","Pf3D7_12_v3-684011-684240-1A","ACCTAATGTTGGTAAGTCTACCATTTTTAATCGACTAACTCGAAAATATCAAGATGGTAGTATTGTTTTAGAGGTTAGTAGTACGAGAGATAAACTTTATGGAGAAGTTGAGTGGGAAGGATATAAATTTGAACTTGTGGATACAGGAGGTTTAGTTTTTGA","Pf3D7_12_v3-684011-684240-1A.4","73G",2168,0.994951812758146,2
"IM-23-122-VYRP","8073804699","Maziba","Pf3D7_10_v3-1392371-1392620-1A","TGATGAAAATGATGATTCCCTTATTTCTAATTCTTTAGTACCCGAAACAAGTTACAATCAAGATTACTCTTTATACACTATTAATATTTTGAATGGACTTCCTGATAAAGAAAGTAATATGAAAAATATTGATTTAGAAAAATTTAAAGATACTTCAATACATACAAAGGAAGAGGGACCCATTGTA","Pf3D7_10_v3-1392371-1392620-1A.2","106+9N",713,1,1
"IM-23-122-VYRP","8073804699","Maziba","Pf3D7_10_v3-1414337-1414596-1A","GACCTGAATGGAAAGGTCAATGTGATAAATTTGAAAAAGAAAAAAGTAAATATGAAGATACTAAAAGTAGAACTGCTGAAATATATTTAAAAGAAATATGTTCTGAATGTGATTGTAAATATAAAGATTTGGATAATACATTTAAAGAATTTAAAGATAACGTTACGCTTCTTAAAGCAGTAATTGATAACAAA","Pf3D7_10_v3-1414337-1414596-1A.1","17T39+8N70G82T167G",850,1,1
"IM-23-122-VYRP","8073804699","Maziba","Pf3D7_11_v3-408543-408771-1A","AGAGTGTTAATAATACTACAGCTAGTAATATTTCCAAATCCAAAAATGAACTTGAAAAAAAGTCATCAGTTAATAATAATGCTTATATTAAAATTATCGAAAATTATGATTTATTATGGTTAAAATTAATAGAAATTGAATTATGTTGTAATAATAAAAATTTAAATCCTATA","Pf3D7_11_v3-408543-408771-1A.1","54+9N",2868,1,1
"IM-23-122-VYRP","8073804699","Maziba","Pf3D7_11_v3-497277-497548-1A","TTTTAGATTTAATTGAATATTCATTTTTAAATTATACTAGTTCTAATTTAAATACAATAAATAATAATAATGACAAAAAAAAACAAAATCAAAAAAATAAAAATCGCAAATATAGTAAAAATAATATTTTAGATCTCTATGAACACGTAAGGACGATCAGTTTATTTTATCACACGTTTAATTTACCTAAGGAGTATAATGAAAAATTGTT","Pf3D7_11_v3-497277-497548-1A.3","74+11N90+9N148T152G",137,1,1
"IM-23-122-VYRP","8073804699","Maziba","Pf3D7_14_v3-921176-921432-1A","ACAATATTAATTTTTTAAGTTCATTATTTCAATTTTATATTTAGGAGGATCTATATCCATATATTATTCATTTTAAAAATATTAAAATAAATACATATATAAATATATAAACATATAAAAACAGTCTTTTAAAAATTAATAAGATTTATATAAAATATGGTTATAAATCCTATTTTGTATTATATTAAA","Pf3D7_14_v3-921176-921432-1A.5","15T186T",109,1,1
"IM-23-122-VYRP","8073804699","Maziba","Pf3D7_10_v3-992331-992603-1A","TCATTATATTTTTAAAAAAAAAAATTATGATATAAAATCTTCAATTAATAAAAGATCTATCCAGTTCTTTAGAGACACTAATATAGATCATTATATAGCATATGAATATTATAAGGAGGACCGTACAGAATTTATATTAACTATTATGAATGAAAAAAATATTACTCATCAAGAAACTCAAAGTCTTGAAATGAAAAAGTTGAAAG","Pf3D7_10_v3-992331-992603-1A.1","13+13N72G127A152+9N",259,1,1
"IM-23-122-VYRP","8073804699","Maziba","Pf3D7_10_v3-992596-992869-1A","GAAAATAATAAAATGCACAGTATCAATTCTGATAGAAATAAAAATGATTATATTCCATCTTCCTATTTACATACAATATATAAAACATTTAGCGAACATATAAACCGAGATAATGGAAATATTTATGATGATGAAAAAAAAAATTTATATGATGGAACTGTTTTTTATATAGAAACATTAAACGAATTAAGAATTATAAATATATTATTTTCA","Pf3D7_10_v3-992596-992869-1A.1","133+12N160+8N",52,1,1
"IM-23-122-VYRP","8073804699","Maziba","Pf3D7_11_v3-1375807-1376056-1A","TCGTTATGTACCCTAATAAATTTTTTTTCATTATTTGAATCTATATTATTTACATTAGTATTTTGAGTTGTACCATAAATTTCAGTGTTATTATTATTTCTATTCATATAATTATGTCCGCTTATATAATTATGACCATTAAAAAAACGTCTTCCATGTATATCATCTCTTCTAATGTATTTA","Pf3D7_11_v3-1375807-1376056-1A.1","20+10N140+9N",325,1,1
"IM-23-122-VYRP","8073804699","Maziba","Pf3D7_11_v3-1376058-1376305-1A","TTTCTGGCTCGATATAATCCATTTCAATATTTATATTAGATATGAAACATCTATCTTCAATAGGTGAATTTGCTGCAAATTGAGCCATAGAAAAATGATTCTCATTCCTTTGAAAATATGAACTATTCAACTCATCAAGGTTTTCATATGTTATTTCATAACTGCCATCATCTGAATCCTCTTCATCA","Pf3D7_11_v3-1376058-1376305-1A.1","140G",1251,1,1
"IM-23-122-VYRP","8073804699","Maziba","Pf3D7_11_v3-1816152-1816378-1A","TTGGGTAGATATCGTTATAAGGGCTATAATGTATTGACTTCTCCGGGTTGGTTACATTATCATTACAACCAATATTATTAAGGTTAATATTATTTTTATCATTATTATTGTTGTTTTCATTTGTGTGGTTATATAATAACAATGATGTGTCGTCTATTGGATCATT","Pf3D7_11_v3-1816152-1816378-1A.2","90T",2,0.000497388709276299,2
"IM-23-122-VYRP","8073804699","Maziba","Pf3D7_11_v3-1816152-1816378-1A","TTGGGTAGATATCGTTATAAGGGCTATAATGTATTGACTTCTCCGGGTTTGTTACATTATCATTACAACCAATATTATTAAGGTTAATACTATTTTTATCATTATTATTGTTGTTTTCATTTGTGTGGTTATATAATAACAATGATGTGTCGTCTATTGGATCATT","Pf3D7_11_v3-1816152-1816378-1A.5","50T",4019,0.999502611290724,2
"IM-23-122-VYRP","8073804699","Maziba","Pf3D7_12_v3-659881-660127-1A","GGTGGTTTAACATTTTCAGCTATGAGTTTTTCGACTGGTGGCAATCCTACTTTGATTAATTCCTTTAACATAAGTTTTGCGTGTCTTTTTACTTCTGATTTGATATCAAAGCTTGATTCTAAAAAGGTTGGTGAATTTTTTTGTAAAACACTGACAAGTTCATTTGATATGGTCTCTGCTAAATCATCACCA","Pf3D7_12_v3-659881-660127-1A.32","23T27T35C38G73A74G83+9N135+9N",3,0.00236779794790845,3
"IM-23-122-VYRP","8073804699","Maziba","Pf3D7_12_v3-659881-660127-1A","GGTGGTTTAACATTTTGAGCTACGAGTTTTTCGAATGATGGCAATCCTACTTTGATTAATTCCTTTAACATAGATTTTGCGTGGTTTTTTACTTCTGATTTGATATCAAAGCTTGATTCTAAAAAGGTTGGTGAATTTTTTTGTAAAACACTGACAAGTTCATTTGATATGGTCTCTGCTAAATCATCACCA","Pf3D7_12_v3-659881-660127-1A.19","17G27T83+9N135+9N",2,0.0015785319652723,3
"IM-23-122-VYRP","8073804699","Maziba","Pf3D7_14_v3-421322-421547-1A","TAAGAAAGATGAAGTAATAGAAAAAACTGAAGTATCAAAGAAAACATTTTCAGGTATAGGTTTTAATCTTACTGAGAAAGAAGCTAAAGTATTAGGTGTAGGTGTAACCTATCAAGAATATCCAGAAACCATGTTATATAACTGTCCAAACAATTCTA","Pf3D7_14_v3-421322-421547-1A.1","20+8N",1209,0.999173553719008,2
"IM-23-122-VYRP","8073804699","Maziba","Pf3D7_14_v3-421322-421547-1A","TAAGAAAGATGAAGTAATAGAAAAAACTGAAGTATCAAAGAAAACATTTTCAGGTATAGGTTTTAATCTTACTTACAAAGAAGCTAAAGTATTAGGTGTAGGTGTAACCTATCAAGAATATCCAGAAACCATGTTATATAACTGTCCAAACAATTCTA","Pf3D7_14_v3-421322-421547-1A.5","20+8N74T76C",1,0.000826446280991736,2
"IM-23-122-VYRP","8073804699","Maziba","Pf3D7_14_v3-771407-771633-1A","ACCCACGGGACATTTTAATTTATACCTATTGGAACATTTTTTATTAGGTCTTTCTTTATGATTCTTCTTTAAAATAGGTTCATCATTATTTGAGTAAACTAACAGATCATTATCGTTCTCAAAATTATTATAACCATCAATATTTTTATTTCCATATACATCTATAA","Pf3D7_14_v3-771407-771633-1A.6","36+8N108C",199,0.985148514851485,2
"IM-23-122-VYRP","8073804699","Maziba","Pf3D7_14_v3-771407-771633-1A","ACCCACGGGACATTTTAATTTATACCTATTGGAACATTTTTTATTAGGTCTTTCTTTATGATTCTTCTTTAAAATAGGTTCATCATTATTTGAGTAAACTAACAGATTATTATCGTTCTCAAAATTATTATAACCATCAATATTTTTATTTCCATATACATCTATAA","Pf3D7_14_v3-771407-771633-1A.1","36+8N",3,0.0148514851485149,2
"IM-23-122-VYRP","8073804699","Maziba","Pf3D7_09_v3-1015103-1015350-1A","ATTATTTAATTTTTCATCTTTTATATTTTTCAGATTTTTTATATGAAGATGTAGGAATACAACTAAATTAACAGCTGAAAATAATCTTACTAACAAAAATAATTTGAGGAATTCTTCATCATATAAATCTTTTGGAATATTATTTGTGTATTCATAAATTTCTATTAAGGATATAATAGTTATGA","Pf3D7_09_v3-1015103-1015350-1A.3","34+8N51G",394,1,1
"IM-23-122-VYRP","8073804699","Maziba","Pf3D7_09_v3-1406342-1406614-1A","TCTCAGATTATCATAGTGTTGTGGATGAAGATTTAATTAATTTTAATGATGATGTTACTTTAGAAACACAATCCATGATAGCACACGGAGGGTCTTTGTCAGAAATAGAAGAAACTGAAGATTTATCTTCAGATGTTGATAGATTACTTTCATCAATCGAAACTACTCCAAGAGATGATGTTGTATATATACGAGGTGATATTATATT","Pf3D7_09_v3-1406342-1406614-1A.3","118A148T204A",1049,1,1
"IM-23-122-VYRP","8073804699","Maziba","Pf3D7_09_v3-163813-164052-1A","GTAATAATAATAATAATAATGTATTTCTTTCATCAAGTGATCCAAATAAATTAAACACAACACCATCACCATTTGGTTTATCATCTATTGGAAATCTAAATACAAACAATAAATTAAATAGCTTTCCAGATTTTAGTCAAGCTAATAAAACATTTCTACAAAATGATAGCTTAT","Pf3D7_09_v3-163813-164052-1A.1","2+19N28T131T",1199,1,1
"IM-23-122-VYRP","8073804699","Maziba","Pf3D7_14_v3-298368-298636-1B","ACGATTTAATGTGGCAAGTTGATTTAGATGTACATTTTGGTAATGTATCTTCCAAAAAAGCAAACGTTATTTTAGATAGTGCCACCAGTGTCATAACTGTACCAACAGAATTTTTTAATCAATTCGTAGAATCTGCAAGTGTTTTCAAAGTTCCATTCTTATCTTTGTATGTAACCACTTGTGGTAACACGAAATTACCAA","Pf3D7_14_v3-298368-298636-1B.1","53+8N110+8N",425,1,1
"IM-23-122-VYRP","8073804699","Maziba","Pf3D7_14_v3-3124416-3124655-1A","TAATTGATCTTCTAGAGGAATTAGATATTTTGTCTATATCGAATAAAGATGAAGTAGAAAAACGAAGAAAGGAAACAACTCAAGAGACGCGGTTGTTAGGAAATATTGATTTAGGATATGGAAAATTAGGAGAGGGAATAAAGCATGAAAATTTACAGGAAGAATTAGGAAACAGATTATTTG","Pf3D7_14_v3-3124416-3124655-1A.1",".",3256,1,1
"IM-23-122-VYRP","8073804699","Maziba","Pf3D7_14_v3-3125801-3126073-1A","ATTCTTATAATATTTAAGAATGAAGGGATTAAATATTTACATTTTAGCGACGATACTCTGAAATATGTTAATTTTAATTATCCTGATTTTAACTTATATAAATGTATGAATTTATATAAGAAAAATTATGTTGATAGGGATGAGAAAGATATCTGTGATTTTTCAAATGAAGATTTTCCGTTAATAAAAGAAAATAACAAGAGAATCAG","Pf3D7_14_v3-3125801-3126073-1A.1","51C",112,1,1
"IM-23-122-VYRP","8073804699","Maziba","Pf3D7_14_v3-3214249-3214516-1A","TAAATAAAAAAGGATTAGATGATTTAATAAAAGATTTGTTAAAATATTTTCCAAAGAATTCAATTAGCGATCGTTTTGAATTGTTAGAATTTAAAATGACGGAGGATTGTTATACAAAAATGTGGTTTGATTTTATGAGTGATTTTGGAATAGCTACAATGAATGAAAGCGAACATACTAGATCTTTTTATGGCTTAATCGAA","Pf3D7_14_v3-3214249-3214516-1A.2","5+8N169G194C",1011,1,1
"IM-23-122-VYRP","8073804699","Maziba","Pf3D7_08_v3-549583-549807-1B","ACGTGCTGTTCAAAGAATGTTTGAAATGATAAATGAAGGTGCTAGTGTTATAGATATAGGTGGAGAATCCTCTGGTCCTTTTGTTATACCTAATCCAAAAATTAGTGAAAGAGATTTAGTAGTACCTGTATTACAATTATTTCAAAAAGAATGGAATGATATAAA","Pf3D7_08_v3-549583-549807-1B.1",".",2563,1,1
"IM-23-122-VYRP","8073804699","Maziba","Pf3D7_08_v3-549960-550215-1B","GATGAACTAACAAATTATGATAATCTAGTTTATGATATAAAAAATTATTTAGAACAAAGATTAAATTTTCTTGTATTAAATGGAATACCTCGTTATAGGATACTATTTGATATTGGATTAGGATTTGCGAAGAAACATGATCAATCTATTAAACTCTTACAAAATATACATGTATATGATGAGTATCCACTT","Pf3D7_08_v3-549960-550215-1B.1","4G38+8N",460,1,1
"IM-23-122-VYRP","8073804699","Maziba","Pf3D7_08_v3-550057-550318-2","ACTATTTGATATTGGATTAGGATTTGCGAAGAAACATGATCAATCTATTAAACTCTTACAAAATATACATGTATATGATGAGTATCCACTTTTTATTGGATATTCAAGAAAAAGATTTATTGCCCATTGCATGAATGATCAAAATGTTGTAATAAATACACAACAAAAATTACATGATGAACAACAAAATGAAAATAAAAATA","Pf3D7_08_v3-550057-550318-2.1",".",353,1,1
"IM-23-122-VYRP","8073804699","Maziba","Pf3D7_08_v3-585331-585590-1A","TGAAAACTTTTCATGTACGGTTAATAAACAAAATAATTCTGAATTATATATAAGTAAAACTTCTTCTACATCTCTAAATTTATGCATTGTAGCTCTTTTAAGATAATAAGGCAAATATTTTACAATATATTTTTGTTTAAAAAAACCTTGATGACCAACATTAATATCTTCCATTTTGGAAAAGGTTCCACTTAACG","Pf3D7_08_v3-585331-585590-1A.1","138+9N",617,1,1
"IM-23-122-VYRP","8073804699","Maziba","Pf3D7_08_v3-585703-585949-1A","AAACACATCATCAAAAGTTTCTGATATTGGCTTGTTTGATTCTTTATATTTAAAATCTTTATATAAATAAAATCTATCTTTCTTAAAATATGGATCTTTACGTAGTTCAATCGAATCCCTATCAGTTACAATATTTATATCTTTTAATGTTAAGTGGAAATTAGAATCAATAATAGCTA","Pf3D7_08_v3-585703-585949-1A.3","105G118C",1207,1,1
"IM-23-122-VYRP","8073804699","Maziba","Pf3D7_08_v3-585993-586266-1A","TGTAAATATAAATCATACGTATGACATGTATCATCATTTAATGCATTCTTAATTGTTAATGCTAATCTACTTACAATAATATAAGCAAAGTTTATATGAGAATGAATACCTTCTTTTCCTAAAAAGTTATAAAGACTAACAAATGGAGCATATATTATAAATTTATCATACTTTTTTTTGTGCATAACTTCATTTAATAAAATATTT","Pf3D7_08_v3-585993-586266-1A.2","29T171+10N",446,1,1
"IM-23-122-VYRP","8073804699","Maziba","Pf3D7_12_v3-684011-684240-1A","ACCTAATGTTGGTAAGTCTACCATTTTTAATCGACTAACTCGAAAATATCAAGATGGTAGTATTGTTTTTGATGTTAGTAGTACGAGAGATAAACTTTATGGAGAAGTTGAGTGGGAAGGATATAAATTTGAACTTGTGGATACAGGAGGTTTAGTTTTTGA","Pf3D7_12_v3-684011-684240-1A.2","70T",11,0.00504818724185406,2
"IM-23-122-VYRP","8073804699","Maziba","Pf3D7_12_v3-857050-857323-1A","ATATAATTTTAAGATGTCCTATCAAGACGTTCAGGAAAAAAAAAATGAAGATATAAATTATGATGAAATAGCTAGCAGCATGCTAGAGAAGATGGACAAACATATAAATGGAGAAAAACAACCAACGATACATTATGAAAATTTAAATGTACAAGAGCAAGGGGGAGCACATGCTTATTACTCAAATCAAGATATAAATAACATAAATA","Pf3D7_12_v3-857050-857323-1A.2","35+12N162G",172,1,1
"IM-23-122-VYRP","8073804699","Maziba","Pf3D7_13_v3-1004740-1005002-1A","TTACATCGTAAAAATAATTTAAAATATTATATATATTATCTTTTCCTTTTGGGGGGTCTCTTTTCTTTATATATATATTTACATTTCTCTTCATTTTATTACATGATAAATTAATATTTAATGTACTAATATATATATTATTAATTTTTATTTTCTTCTTCTTTTTTATATTAAAACAAAATGAAGATTCTTTAA","Pf3D7_13_v3-1004740-1005002-1A.1","50+8N161+8N",32,1,1
"IM-23-122-VYRP","8073804699","Maziba","Pf3D7_13_v3-1041593-1041860-1AB","CAAGATTGAAGTATTACATATCTCAGAAATTAAATGTATGCCCAAGAGATGTAAATGCACACATTGTAGGTGCTCATGGAAATAAAATGGTTCTTTTAAAAAGATACATTACTGTAGGTGGTATCCCTTTACAAGAATTTATTAATAACAAGTTAATTTCTGATGCTGAATTAGAAGCTATATTTGATAGAACTGTTAATACT","Pf3D7_13_v3-1041593-1041860-1AB.1",".",529,1,1
"IM-23-122-VYRP","8073804699","Maziba","Pf3D7_11_v3-1006693-1006917-1A","GTGGGGGAGAGAATTTTACCTTGATACGCTCCCATGTTTTATCCTTTATACAATACACATAAGTGTCATTGGTAATATATGACCCTCTTTTACCTCCGTAAAGAAATAAACAATCTTCTTTTTTTTCAGTGGAGTAAATTAAATTTAATTTTGCAAAATAGCGTGG","Pf3D7_11_v3-1006693-1006917-1A.3","27C58C118+10N",356,0.997198879551821,2
"IM-23-122-VYRP","8073804699","Maziba","Pf3D7_11_v3-1006693-1006917-1A","GTGGGGGAGAGAATTTTACCTTGATATGCTCCCATGTTTTATCCTTTATACAATACACATAAGTGTCATTGGTAATATATGACCCTCTTTTACCTCCGTAAAGAAATAAACAATCTTCTTTTTTTTCAGTGGAGTAAATTAAATTTAATTTTGCAAAATAGCGTGG","Pf3D7_11_v3-1006693-1006917-1A.2","58C118+10N",1,0.00280112044817927,2
"IM-23-122-VYRP","8073804699","Maziba","Pf3D7_11_v3-1018781-1019053-1A","TTTTTGATTCATATCATTATCATAATTATATATATATTGATCTCTGTCTATATGGGGAGCAAAAAAATATAAAGGATGTTGTGTCAAGGCTAATAATAATTCTGTAGCTATACTACTACTTATGTTACTTATACCACATCTAGTGACTGTGCATTTTTCATCTAATGTTCTATAGGATAAAGAATCTGAAGGACAATGCATATCAT","Pf3D7_11_v3-1018781-1019053-1A.1","60+9N85C151G",110,1,1
"IM-23-122-VYRP","8073804699","Maziba","Pf3D7_14_v3-377765-378020-1A","AAAGATATATCAACTGAAAAGATTTTATCAAATAATTGCTTTAATAATAAGTTAAAAAATTGATTTCCAATATCTATCATATTCATATAATCTAATGATTTAAAAATATATAATATACTCTTTGGACTAAATTTTAATTCATCATTTATTATTCTCTCTTTTACTATTGTTTTAATTTGATTAAAATATATAA","Pf3D7_14_v3-377765-378020-1A.1","21G53+8N71T154C170T",154,1,1
"IM-23-122-VYRP","8073804699","Maziba","Pf3D7_14_v3-407306-407542-1A","CTTTCTTTCGTCTTTCTGTTCATTATCCATATAATCTTTTTCTCCTTCCTTTTCATTCTTTACTTTATTTCTATTAATACACAACTCTCCTTGAGTTAAGAGATTTACGATATTATCAATATTGTTTTCTTTCATATACTTCAACTTTTTACTATTCATTTTTAAAAGA","Pf3D7_14_v3-407306-407542-1A.1",".",4,0.00312256049960968,2
"IM-23-122-VYRP","8073804699","Maziba","Pf3D7_14_v3-407306-407542-1A","CTTTCTTTCGTCTTTGTTTTCATTATCCATATAATCTTTTTCTCCTTCCTTTTCATTCTTTACTTTATTTCTATTAATACACAACTCTCCTTGAGTTAAGAGATTTACGATATTATCAATATTGTTTTCTTTCATATACTTCAACTTTTTACTATTCATTTTTAAAAGA","Pf3D7_14_v3-407306-407542-1A.7","16G18T",1277,0.99687743950039,2
"IM-23-122-VYRP","8073804699","Maziba","Pf3D7_05_v3-641131-641404-1A","GGAATTTTTTTTTTGGTGTTTTATTTTTTCGAAGGATACAGTATAATCTAAGACATTAAAATTATTGGGTTTGAAAAAGAGTTTCCTTTTTATGATGTGCAATAGAGGTATATTTATATAGGAAATATAAACATATAAAAGGAATATGATAAAAAGGAAATATTGACTTAATAAAATATTAATATTTCTTTTTTTAAAATATATTTCGT","Pf3D7_05_v3-641131-641404-1A.3","4+12N23+8N42T188+9N",58,1,1
"IM-23-122-VYRP","8073804699","Maziba","Pf3D7_05_v3-668763-669004-1A","TAATATTATCTGGCTCTGTAACCATGTCCGAACATATGTTAACAGGAGAATCTGTTCCTATACATAAAGAGCAGTTACCTTTTGAAGGAAATGCTATTATAAATAAAAATAATAAATATGAGAGTAACGATGAAAAGGATGATTACCTTCGTATTTATAATAATCATGCTAGTATTAATATGATCAACCG","Pf3D7_05_v3-668763-669004-1A.5","188C",1337,1,1
"IM-23-122-VYRP","8073804699","Maziba","Pf3D7_05_v3-796518-796759-1A","TGGTTCTTCAATTGTTCATATAAGTTCTTTATTAGTAGGTGTATATTTATGTAGTAGTAGTGCAAATGCATTTAATCAAATTATTGAAAGAAATATAGATAAGTTAATGAAAAGAACCCAAAAAAGACCCTTAGCAAATAATAATCCAAATATGTCAGTTAAACATGCTGAAATAT","Pf3D7_05_v3-796518-796759-1A.4","119+8N",964,1,1
"IM-23-122-VYRP","8073804699","Maziba","Pf3D7_13_v3-1465901-1466157-1A","CATAAAGGGTCCGATAACATTTTTTACATTTTCCCATGTAGAATCAGCATACAAGTTACATTTACCATCTGATGGATGACAACCTACAAGAAATCTGTTGAAAGCTACATTAATACCTTGTCCAATACCAAAAACAGCTATTTTAACACCACGATCATTTAATTTTCTTGATTCTTTTAATGAATCTTGAATACTAT","Pf3D7_13_v3-1465901-1466157-1A.12","19+8N39T158T",5,0.00408830744071954,2
"IM-23-122-VYRP","8073804699","Maziba","Pf3D7_13_v3-146695-146934-1A","AAAGTATTTGTAATAGATTGAACGATGAACTAAATGAAGAAATATGTGGTTATCAAATTAGGTTTGAAAAATCGTATTTTTTAAAACATAGTAAAATTAAAGTTATGACAGAAGGAATTTTATTGAAAGAAATTATGAGTGATTTTATTTTATCAAAATATAGTGTTATCATTCTTGA","Pf3D7_13_v3-146695-146934-1A.1","20G76+8N170C",1855,1,1
"IM-23-122-VYRP","8073804699","Maziba","Pf3D7_13_v3-156456-156685-1A","ATTATATGATATTTATATAAAATTAGAAAATCTAATTTTAGAAAAAATAACTGAAAGTATATACAATAGTACACCTCCATATAGAGTTATTATGTTCGAATTAATGACCAGATTATTTCGATTTTATACAAAACCAATAGACCTTATTATTACTATGAATACAC","Pf3D7_13_v3-156456-156685-1A.1","41+8N",529,1,1
"IM-23-122-VYRP","8073804699","Maziba","Pf3D7_13_v3-156713-156986-1A","TCCTTTTATGTGAACAAATTAAATATTGTAAATGATTTCTTTTTTGAAACACACCATAAAGATACACATCAAGACAGTCAAAATGAACACAAAACGGATGAACCTAAAATACATAATGTTTTCAAAAAAAAAAATAACGATATCTTTGTTAATATTCCTCTACCAAAAATATTTAAAAATTTCTTACATTCCATATATTTTAGAACTCC","Pf3D7_13_v3-156713-156986-1A.2","39+8N50C123+13N",222,1,1
"IM-23-122-VYRP","8073804699","Maziba","Pf3D7_13_v3-1724895-1725166-1B","CGCCATTTTCTCCTCCTGTAATTATATAAGAATCTGACAATGTGGCAGCTCCAAAATTCATTTTTTTCTCTGGTACACCATTTAGAAATTGCCATCTTTTATTAAATGGTTGATATTGTTCAACGGAATCTAATATGTTATGTTCATTATCAATACCTCCAACAACATATATTTGATTAAGGTAATTAAAAGCTGCTCCTGAACTTCTAG","Pf3D7_13_v3-1724895-1725166-1B.1","60+9N",230,1,1
"IM-23-122-VYRP","8073804699","Maziba","Pf3D7_13_v3-1725124-1725365-2","TGGAAATTGTTCCCATTTATTCATTTTTTCTTCATATACTTCAATAGAATTTAATCTCTCACCATTAGTTCCACCAATGACATAAATTTTATTATCAAAAGCAACACACATAGCTGATGATCTAGGGGTATTCAAAGGTGCCACCTCTACCCATGCTTTCATACGATGATCATATGCTTCTAC","Pf3D7_13_v3-1725124-1725365-2.1","23+8N",2059,1,1
"IM-23-122-VYRP","8073804699","Maziba","Pf3D7_13_v3-1725208-1725471-1B","CATAAATTTTATTATCAAAAGCAACACACATAGCTGATGATCTAGGGGTATTCAAAGGTGCCACCTCTACCCATGCTTTCATACGATGATCATATGCTTCTACATTCGGTATAATAGAAGAGCCATCATATCCCCCAATACAATAAATTCTACCATTTGACGTAACACCACAATTATTTCTTCTAGGTATATTTAAATTACTTGAAAC","Pf3D7_13_v3-1725208-1725471-1B.1",".",668,1,1
"IM-23-122-VYRP","8073804699","Maziba","Pf3D7_13_v3-1725379-1725652-2","ATTATTTCTTCTAGGTATATTTAAATTACTTGAAACATACCATACATCTCTTAAACGATCATACACCTCAGTTTCAAATAAAGCCTTATAATCATAGTTATTACCACCAAAAACGTATAAGAAATTATTCAATACAGCACTTCCAAAATAAGCTTTTTTGGTAGACATAGGTGTACACATACGCCAGCATTGTTGACTAATATCTAATAATTCCA","Pf3D7_13_v3-1725379-1725652-2.1","153+8N",162,1,1
"IM-23-122-VYRP","8073804699","Maziba","Pf3D7_11_v3-1902041-1902278-2","ATGAAACAAAATGTCCACCTAGATACCCTTTAAAATCAAAAGTTTTTGGAACCTTTGACCAAAAAACAGGAAAATGTAAAAGTCTCATGGACAAAGCATATGAAGTTGGAATTAATAAATTTTCAGTCTGTTTAGAATATTTATTTTTAGTATCACCTAAGGATTTATATAATAGCGGAAG","Pf3D7_11_v3-1902041-1902278-2.1","60+8N",1545,1,1
"IM-23-122-VYRP","8073804699","Maziba","Pf3D7_11_v3-1934962-1935236-1A","TGATGTGCCAATATTAAGGATACATTTTCTAAAGCTTCTAACAGATAATGAAAATTTTTTCTGCGATTTTCATTTAAATCATTAAATATATTGGTTAGTTCTTGTATTGACGTTTTTGGATCTAAGGATGTAATTTGTTCATTTAATTCTTCTGTATATTCTAGATTAAAGTTTAAATTATTAAAATAACCTTCAGCATTATTTTCATTTTT","Pf3D7_11_v3-1934962-1935236-1A.3","41A54+10N98G",150,1,1
"IM-23-122-VYRP","8073804699","Maziba","Pf3D7_11_v3-1950431-1950680-2","AGATATATTTCAAGGAAAGGATATGTGGAATGATGGGAAATATGGTGAAGCGAAAAATCATATTAAGAATGCTTTTGGTGATATGAACAATAGAAAAGCTATGTTAAATGAAATTGAGAAAGGAATTAAAGATGAAACGTTTAGTCGTGAAAATGGTTTAGACGTTTGTAAATCTCAATGTGAGGAAAG","Pf3D7_11_v3-1950431-1950680-2.1","98G",858,1,1
"IM-23-122-VYRP","8073804699","Maziba","Pf3D7_11_v3-1968050-1968296-2","TCATTACACTAGTCATGATTGGTTTAGATTATTACGCCAAGGGAATAAAGCTCAAAATTCCATTTCTCAGGAAGTAGACATATTAAAGGAAAAGTATAAAAAATTAATTTCAGAGGAAGACAATAAAAAAGAAAATAACAATAATAATGATGATGAAGTAAAACCAGAACTAAAAGACAATATA","Pf3D7_11_v3-1968050-1968296-2.1","87A97+8N124+8N",911,1,1
"IM-23-122-VYRP","8073804699","Maziba","Pf3D7_11_v3-2001725-2001999-2","GGATGTAAGAACTAAGAATGTAAATACAAGTAAGAGAAATGAAGGACTTAATGATATAAATGAATCAGAAAAAACAAGAACAAGAAGGGCATCAACAAAATCAAATAATAATAATAATAATGTATCATACGAGAATGAATTAGAGAGTGTATCTGAATGGTTTGATAACTTTTTGGAGGATCATATGAAGGAAGGTGTTTTTTTAGATGGGGAAAA","Pf3D7_11_v3-2001725-2001999-2.1","1G68+8N89G116I=AATAAT153G191+9N",68,1,1
"IM-23-122-VYRP","8073804699","Maziba","Pf3D7_11_v3-408285-408534-1A","TACGAAGAAGGTTTAAAATATTGTGCGTCATCAATTAATTTATGGATATGTGCTATCGATTTACAAATAGAAAAAAAGAATTATACAGGTGCTAGAGCTTTGACGGAGAAAGCAAAAATCAAAATCAAGTATTTAAATTCTTTTAATAATAATAGTCATATTTTAAAAAGTAAAGAAATTATTGAA","Pf3D7_11_v3-408285-408534-1A.2","3C70+9N",778,1,1
"IM-23-122-VYRP","8073804699","Maziba","Pf3D7_04_v3-748374-748611-1B","AAACTGGGAAAGCATTCCAAAAAAATTTAAACCTTTAAGCAATAGGATAAATGTTATATTGTCTAGAACCTTAAAAAAAGAAGATTTTGATGAAGATGTTTATATCATTAACAAAGTTGAAGATCTAATAGTTTTACTTGGGAAATTAAATTACTATAAATGTTTTATTTTAG","Pf3D7_04_v3-748374-748611-1B.2","3A18+9N72+9N170T",1736,1,1
"IM-23-122-VYRP","8073804699","Maziba","Pf3D7_04_v3-748585-748822-2","TTAATAAAAAAAATATATTTTACTAGAATAAATAGTACATATGAATGTGATGTATTTTTTCCAGAAATAAATGAAAATGAGTATCAAATTATTTCTGTTAGCGATGTATATACTAGTAACAATACAACATTGGATTTTATCATTTATAAGAAAACGAATAATAAAATGTT","Pf3D7_04_v3-748585-748822-2.1","5+10N54+8N",206,1,1
"IM-23-122-VYRP","8073804699","Maziba","Pf3D7_04_v3-900526-900759-1A","TTAACAACTTATCATCATTTATTAGATTCTTTTCATGGAACAGATTATTAACAGTATCCATAATTTTATGATCATCCGTGTTATATGTATCTATACAAGTATTTAACTTGCTTATATAATTTACATATTTCAACGGATCATTTTGAAGTATGCAATCATCGAATGAATA","Pf3D7_04_v3-900526-900759-1A.2",".",2161,1,1
"IM-23-122-VYRP","8073804699","Maziba","Pf3D7_05_v3-1188456-1188706-1A","CAAAATTTAAATCAATAGCGGTTACGTTCATAATTTTGCCTTCAAAACTAACTTCTGTATGATATATAAATTTATTTTCCTTTACACTAAATACATATATAAAAATGGTACTTAATAATTTATCTTTATCATATTTAAATAATATTAAATCTGTTTTTACATCTGAGTTATAATCACCGAAAT","Pf3D7_05_v3-1188456-1188706-1A.10","170A",1110,1,1
"IM-23-122-VYRP","8073804699","Maziba","Pf3D7_05_v3-1322099-1322341-1A","TTCCAATAGAAACTATATTACGATTTCCTTCATGAGGTAAATTGACATTCATCTTATATGTATAATTAAGGATGAGTAATAAATTGTATAAAAATATTTTTATTTAATAATTTATATGTATTATTAATAATTCTGAATTTATCAATTGATATATTATTTTTGTTTTTCTTTATGCCATTC","Pf3D7_05_v3-1322099-1322341-1A.1",".",266,1,1
"IM-23-122-VYRP","8073804699","Maziba","Pf3D7_05_v3-213027-213251-1A","ATGTACTTATCCCCTGATATGATTTTTCCAATATCATCAAAATCAGTAATCTCTAAATCATTTATATGATTTATATGTATAAATTCTTTTATCTTGTTCAAATAATTTCTGTAATAAAATATATTCTCTTTATCATCATCAATTATTTTCATATAATC","Pf3D7_05_v3-213027-213251-1A.4","25T26T",2355,1,1
"IM-23-122-VYRP","8073804699","Maziba","Pf3D7_05_v3-350808-351052-1A","TAATATAATTTGAGTTGATAATATTATAATTATTTTTTATATGTTGCTCATTTATATTATTATGATAAATATGAGTTGTATTTTTATTAGAGTTGTAGGACATTTTCCCATACATGAGTTGTTTTACATTTTTAACATTTTTATAATTATGTATTAAACATAAGATTATTAGATAAA","Pf3D7_05_v3-350808-351052-1A.2","32+8N",878,1,1
"IM-23-122-VYRP","8073804699","Maziba","Pf3D7_05_v3-369676-369949-1A","TGTAATATTATATATCCTGTTATAAATAAATCATTGGATATGGATGTGAAAAAAGAAGATATAAAAAAAAATGTAGAAGAAAATAAATATATAGAACATACACAGAATTTGAAAAATTATTTAGAAAATGATGAAAATGAGAAAAAAAAAAGAAGAAAAAGATCAAATAATAATGACAATTATAATTCTCATGATAATAATATTTTTCA","Pf3D7_05_v3-369676-369949-1A.1","48+8N62+11N141+12N",105,1,1
"IM-23-122-VYRP","8073804699","Maziba","Pf3D7_05_v3-395887-396136-1A","TCTAAGGATTGTTGGTTTTTTAGGATGCTCATCTTTTTAAGATAATCCTCTTTACTGTCGTTATTATTTAAATCGTTTTGTATAATATTATATTGTGAATTCCTTGTGTTTTTCATAACACTATTAGTCCTATTGGTGTTCTTCTTATTATTATTATTATTATTATTGTTCTTCTTCTTAATAAA","Pf3D7_05_v3-395887-396136-1A.9","15+8N119C145+20N",353,1,1
"IM-23-122-VYRP","8073804699","Maziba","Pf3D7_05_v3-550803-551072-1A","ATATACACCTTTCTTATTTATATTAATCTTTTCATTTTTACAAGAAATCACCTCCCTACTTATTCGGTTGTCCTCATTTTCATATTTCATAACACCATCATTTATTTTTTCTATTTCTTTAATATTATTTTCTCCTTCGACGTAATTATGCTTTCCTATCATCTCCTTTGCTCTACTTCCTATATATACTAATTTCTCTCTGAA","Pf3D7_05_v3-550803-551072-1A.3","6D=ATA107+8N141C",221,1,1
"IM-23-122-VYRP","8073804699","Maziba","Pf3D7_13_v3-2840462-2840736-1B","AATAAACACATATGTTTATTAATAAAATTGTTAGTTATTTTTATGTATACATAATAAATTAAAGATACTAAAACAATATTTTTAAATGTAAATAAATGAATAATGATATTATTTATATGATTCATCATTCTATATTTACATGGAAGATTAAAAAATTATATATATATATATATGGTAATTTCTGTGTTTATGTTTTTATTTTTATAATA","Pf3D7_13_v3-2840462-2840736-1B.4","149+23N",10,1,1
"IM-23-122-VYRP","8073804699","Maziba","Pf3D7_13_v3-388138-388408-1A","ATATATCTTTATTCATATGTTCTATATATTGTCTTTGTCTCTTTTCCTTTCTCATATCAGATATTATTGAATAATTTCCTTTATCACATACATATCTAGGATTATGTGATAATTCATAAGCTGCTCTTTTTAAAACTCTATTCTTTTCTTTAAAACTATTAAATTTTATATTATTGTTCATATTAGATGTGTTCCTTTTAATAATA","Pf3D7_13_v3-388138-388408-1A.1","194C",551,1,1
"IM-23-122-VYRP","8073804699","Maziba","Pf3D7_13_v3-479569-479811-1A","CTAGAGACGAATTTGATGATAAAAGAAAATTAAAAGAAGAGAAAATTAAACAATGCCAACTATTAAATGAAAAACAACTAGAAGAAAAAGAAAAAGAAAAAAGAATTCTGAGAGAAAAAGCTGTTGAATATACCTTACAAAATGAAGAAGAATATAAACAACTAAAAGGAAAATT","Pf3D7_13_v3-479569-479811-1A.3","96+8N168G",1463,1,1
"IM-23-122-VYRP","8073804699","Maziba","Pf3D7_13_v3-748254-748510-1B","ATACCAAAAAAAATAAAATAAAATGAAATAATAAATAAATAAATATACATATATTTACATATATATATATATAATTACACATATTTTTGATTGAGGACAAATTACATGTCGTGTAGTTCGTCTTCCTTGTGCGTTTCAATCACACAATCCGATTTAGGATAACATGTACACAAAAGAATATATTTTTTCTT","Pf3D7_13_v3-748254-748510-1B.1","5+10N39+33N180+8N",273,1,1
"IM-23-122-VYRP","8073804699","Maziba","Pf3D7_13_v3-815862-816091-1A","ATGATGTAGATGCTAACACAACATCCTGGTCAGTATCTTGTGATAAATAATTTAATTTGTCCGCTAAAAAATAAAGTATAATTTCACAGCTTTTTTTATTTGTATCTGTGTTTTTCATGTTATCATAAAAAGACAAAGATGAAGTAGCACATGAGTTAATTA","Pf3D7_13_v3-815862-816091-1A.1","17C19C20A65+8N90+9N",973,1,1
"IM-23-122-VYRP","8073804699","Maziba","Pf3D7_13_v3-852647-852921-1A","TACGAAATGATGAATTAAAAGAATTAACATTTATGAAAAATAAAGAAAATAGGAATGCAGATACATATGTTTTTGATTATCCTAAAAAAGAGAAATATGACCAATTAGTTTTTGAATTACGTAAACATAATTTTAATATAACAAGCATTAATACATATAAAAAACTAAAAAATGAAACATCATCACAAAAAGAAGAAAATGCTTCTATAATAAGTT","Pf3D7_13_v3-852647-852921-1A.8","83+8N149T158+8N169A",136,1,1
"IM-23-122-VYRP","8073804699","Maziba","Pf3D7_13_v3-911757-912005-1A","GAGCCAACAATTTGATTTTCCACAACTTACTGAATCTTTAAAACATTGTGAACAGGTATCTGACATTTTTTTATTATCTTTGGCTAGTTCCTTTTGAACACATTCCATAGTACTATCACCTGAACCTAAGTTATCAACAGAACATTTTAATAATATACTAAAAAATTTATTGCTAGGAGAAAGTTGTAAA","Pf3D7_13_v3-911757-912005-1A.1","65+9N159+8N",1132,1,1
"IM-23-122-VYRP","8073804699","Maziba","Pf3D7_13_v3-1146764-1147010-1A","AAATTTTCTCCTAAAGTTATGCCTTTGTTAATGAAGGAGAAGAACGTGAAACATAAAGCACCTCCTAAAGGTACTATAAAGCATACGCTAGAATATTTAAAAAGAACAGCAGAATCAAGAATGAAAGAAAATGAATTATACAAATCAAAAAAAGATAGCACACTTAGTTCAATTGCAATTAGAAAAAATTCC","Pf3D7_13_v3-1146764-1147010-1A.22","64C106A146+9N182+8N",1283,0.999221183800623,2
"IM-23-122-VYRP","8073804699","Maziba","Pf3D7_13_v3-1146764-1147010-1A","AAATTTTCTCCTAAAGTTATGCCTTTGTTAATGAAGGAGAAGAACGTGAAACATAAAGCACCTCCTAAAGGTACTATAAAGCATACGCTAGAATATTTAAAAAGAGCAGGAGAATCAAGAATGAAAGAAAATGAATTATACAAATCAAAAAAAGATAGCACACTTAGTTCAATTGCAATTAGAAAAAATTCC","Pf3D7_13_v3-1146764-1147010-1A.1","64C110G146+9N182+8N",1,0.000778816199376947,2
"IM-23-122-VYRP","8073804699","Maziba","Pf3D7_13_v3-1233093-1233332-1A","TCTATATGATCCTTATTTTTATCTTCATCACATTTATAATTTACATAATTTTCGACGTCATCATTTTCATTATTACTCATAATTGAATTATCCACAATGCTTGCCTCTTTTACAGCTTTACAAAGTTGGTAAAAAATATGATAATTCCTTTCACCTTCTTGTTGATCACACACCCGAACC","Pf3D7_13_v3-1233093-1233332-1A.2","100C130+8N",1694,1,1
"IM-23-122-VYRP","8073804699","Maziba","Pf3D7_13_v3-1265494-1265726-1A","TGTCATATACAGATTATAAAAATGATCATAGAATAAGCGAAATCTTAAATCGTTGTATTTTACGATTAAACGAGTTTGATCTAATTCATTTATCTTCTTTGGTCATATCTTTAAGTAAAATGAATTTTAGGAGTGTGTATTTTATGGAACAAGTACAAAAGAAATT","Pf3D7_13_v3-1265494-1265726-1A.1","144A",3057,1,1
"IM-23-122-VYRP","8073804699","Maziba","Pf3D7_13_v3-1350855-1351093-1A","TCTTTTATATTAGTTGTTTCGTTATTTTCATTATGTTCCATATTTTGGTTATTTGTATATTTTATATTTTTTAAAAATTGGTAAATATATTCCGAGATGAAAGGTGTAAAAGGGGCCATAATTATTGTAAACAAATATAATGTTCTACATAAAACATTTAATGATTGGTGAGT","Pf3D7_13_v3-1350855-1351093-1A.1","66+8N",1574,1,1
"IM-23-122-VYRP","8073804699","Maziba","Pf3D7_13_v3-1406713-1406975-1A","TTTCAGGTCTTCTTAAATATGTTTTAAATTCATTATTTAATTTTTCATCATATTTAGGTACATTTTTTTTTGGAAATCTAGATGTTTCATTATTATCGTGATTTGATGAATATATATAATGAGTTTGTTTAAAATGTGGTTCATTCAAATTATCTTTTTTCTTATCTTCGTGTATATTTTTATTATAATTTGAATACTTC","Pf3D7_13_v3-1406713-1406975-1A.2","62+11N154+8N",278,1,1
"IM-23-122-VYRP","8073804699","Maziba","Pf3D7_13_v3-1419363-1419626-1A","TTTTGAAATCTGTATATTTTTTATCATGTTCATCGAGATTTATTTTGTTCTCTTTGTTTGAAATATCAACTACATGATTAAAAACATCTCCTAAATTATATAATTTCTTATCTAGGTCTTTTCGAAATGTCGATTCTCCTCCTTGTGCTGGTTTTTGTACTTCTTTTCCTTGTGTTGATATCTCTTGTTCATTTTTAGATTGAG","Pf3D7_13_v3-1419363-1419626-1A.5","16+8N24T28G52C123C166T",230,1,1
"IM-23-122-VYRP","8073804699","Maziba","Pf3D7_13_v3-1465616-1465890-1A","TCTTGTGGATTATTATCTATTATATTTTCTTCTGGTTTTTCGACAGCAAAATTATCTCCTCTTGGTCTAGGTTGATCATCTTCGGGTTCATCTGGAACATCTAATGGTTCCCATTTTGGAGGACATCTTTCTTCTTCACATTGTTCTTGTAATTCACTTGTACATCCTTCGTGTAAGATTTCTCTTTTTCTTGACCTGGTACCTTTACCACAAGTTACACTACATGGAGA","Pf3D7_13_v3-1465616-1465890-1A.81","30T32C113A121G",848,1,1
"IM-23-122-VYRP","8073804699","Maziba","Pf3D7_13_v3-1465901-1466157-1A","CATAAAGGGTCCGATAACATTTTTTACATTTTCCCATGCAGAATCAGCATACAAGTTACATTTACCATCTGATGGATGACAACCTACAAGAAATCTGTTGAAAGCTACATTAATACCTTGTCCAATACCAAAAACAGCTATTTTAACACCACGATCATTTAATTTTCTTGATTCTTTTAATGAATCTTGAATACTAT","Pf3D7_13_v3-1465901-1466157-1A.1","19+8N158T",1218,0.99591169255928,2
"IM-23-122-VYRP","8073804699","Maziba","Pf3D7_08_v3-1375025-1375284-1B","CAAGTTATTATTAAATGCGGAATTATTCTATATAAAAATAAAAAAGCATTTAAAAATGAAAAAATTTATATATATACAATATATAAATATATATATATATATATATATTATTATTATATGTATTTTTATAATTGAATGATATATTTATTTCTATTTGCAATTAAAATGCTTACGTTATCTAACAAAAGTACGGAGGCAAAA","Pf3D7_08_v3-1375025-1375284-1B.19","39+8N58+8N67+53N",38,0.904761904761905,2
"IM-23-122-VYRP","8073804699","Maziba","Pf3D7_08_v3-1375025-1375284-1B","CAAGTTATTGTTAAATTCGGAGTTATTCTATAAAAATGAAAAATCATTTAAAAATGTAAAAATGTACATATATATATATATATATATAATATTATTATATGTATTTTTATAAGTAAGTGTTATATTTATTTATATTTGCAATTAAAATACTTACGTTATCTAACAAAAGTACGGAAGCAAAA","Pf3D7_08_v3-1375025-1375284-1B.10","10G17T22G33D=TA39+8N58+8N66G67+53N132G134A136G139T151A168A195A",4,0.0952380952380952,2
"IM-23-122-VYRP","8073804699","Maziba","Pf3D7_08_v3-1375205-1375450-2","ACAAAAGTACGGAGGCAAAAACGGCAGCGGATAATACTTTATTTTTTGAGAAGGAAACCATTTTTATTAAATAACTATATAAATAGAAAAAGAAATAATAACAAAAATGTATAAATATAATTGTATAATATATGATATATATAAAATATAGAATACTAATTTTTTGCATATACAAAAAA","Pf3D7_08_v3-1375205-1375450-2.1","41+8N159+8N173+7N",155,1,1
"IM-23-122-VYRP","8073804699","Maziba","Pf3D7_08_v3-1386786-1387035-2","TTGTCTCCTTTGTCGCAGCATGCCTTTCATTAGCTGCTATAGCTTGTGTTATCTTAACTTCATTATAAAAAAAAATATACTTCGATAAAAGGTACATATACCATGCTGGTCAATGATATTAGCATGCGACATTCTAATATATCCATTATGAACAAGGTGAACAAGAATATTGGGATTATTGAAATTGT","Pf3D7_08_v3-1386786-1387035-2.13","66+10N",491,1,1
"IM-23-122-VYRP","8073804699","Maziba","Pf3D7_08_v3-1386795-1387043-1B","TCCTTTGTCGCAGCATGCCTTTCATTAGCTGCTATAGCTTGTGTTATCTTAACTTCATTATAAAAAAAAATATACTTCGATAAAAGGTACATATACCATGCTGGTCAATGATATTAGCATGCGACATTCTAATATATCCATTATGAACAAGGTGAACAAGAATATTGGGATTATTGAAATTGTCTGCATTA","Pf3D7_08_v3-1386795-1387043-1B.11","61+10N",624,1,1
"IM-23-122-VYRP","8073804699","Maziba","Pf3D7_08_v3-336421-336651-1A","TAACAACGAACCCATAAATTTACAGAAAAATTTAGATTTAATCATATGGCTAAAAAAGAATATAAAAGAAGGAGAAGCTTTAATTTCTGATATACCTACATCAAGTTTTTTAAGGTGTACTACAAATTATAAATTTGTATTGCATCCCCAATATGAAGATAGT","Pf3D7_08_v3-336421-336651-1A.3","51+8N97T105+8N148C",1990,1,1
"IM-23-122-VYRP","8073804699","Maziba","Pf3D7_08_v3-399693-399961-1A","CTTTTCTTCACCTTGGTTTATTACATTATTATTTTCATCATTGTGTTGAATGTCTTTATAAATATGTTCATTAATAATATCTTTGGAAGTATCTTCCATATTTTCTTCTTTATCAATTTTAAATACTTTTTCATAACTTTCATTTTCTTTTTTCTCCTTGGATGTTTCTAATTTATTCTCGTCATTTTTATCAAAATTATTTTTATAACTTTCA","Pf3D7_08_v3-399693-399961-1A.2","55T147+8N",406,1,1
"IM-23-122-VYRP","8073804699","Maziba","Pf3D7_08_v3-412801-413062-1A","ATGAAGAAATATACGAATATATACTTATAAACGATATTTTTAATTTAAAAAAAGAAATAAAAAATTTCAATATATTAAATAAATATGATGTATTTGAATATATTATTATTATTTTAAAATTGTATGATAAAATATATCCTGATGTAGAGTACATCGAATGTGTACGAGAAACATCACAGAATGGTGATCCTTTA","Pf3D7_08_v3-412801-413062-1A.5","46+9N58+8N101+13N145T147G",88,1,1
"IM-23-122-VYRP","8073804699","Maziba","Pf3D7_08_v3-476232-476475-1A","CAAACACATGATAAACAAAAGTGTAAGGAAAATTTTTCAAATTCATTTGTTAATGAAATATATGAAAAAGAAGAAAAAGAAACGCAAAAAATGAAAGAATATTTAGAACAACATGAAGAACATTTTTCAACGTTTAGAAATTCAATTTTATGTAAATTAAGAATAGCTGAAGAATT","Pf3D7_08_v3-476232-476475-1A.1","85+8N",835,1,1
"IM-23-122-VYRP","8073804699","Maziba","Pf3D7_14_v3-2695837-2696082-1A","CGTTCTGTATCATATTATTAGATATAGTTATTTTATTATTATTTTCTACATTATTATTCAATATATTACATCCTGTTATGGAATTATTGTTAAAATATAAATTATTCGAATTGTTATTATTAAATTCTAATCCACTAACTGCTGTTGTATATAATGATGATGAGTTATTATTATAGAAATC","Pf3D7_14_v3-2695837-2696082-1A.3","5C28+16N53A",550,1,1
"IM-23-122-VYRP","8073804699","Maziba","Pf3D7_14_v3-2733345-2733593-1A","TCGATGTACATGCAGAAAAAATATTGGAACGTTTATTTGTAATTTATTTATGTGTATTAAAAGAATATGAAAAACATCCTCCTAAAATATTAAAATATTCATTACGTGCTATATCGAGATACTCGATGTATATAAATAAATTTATCATGGATGATATATTATTTGAAATTAAAAACCTTGCTGCA","Pf3D7_14_v3-2733345-2733593-1A.2","15+8N116G",1208,0.997522708505368,2
"IM-23-122-VYRP","8073804699","Maziba","Pf3D7_14_v3-2733345-2733593-1A","TCGATGTACATGCAGAAAAAATATTGGAACGTTTATTTGTAATTTATTTATGTGTATTAAAAGAATATGAAAAACATCCTCCTAAAATATTAAAATATTCATTACGTGCTATATCTAGATACTCGATGTATATAAATAAATTTATCATGGATGATATATTATTTGAAATTAAAAACCTTGCTGCA","Pf3D7_14_v3-2733345-2733593-1A.1","15+8N",3,0.00247729149463253,2
"IM-23-122-VYRP","8073804699","Maziba","Pf3D7_14_v3-279563-279833-1A","CATTTTTCTTTTAAATGAGAGCAATATATTTCTTAGGTTTATTCCGGATAAATGTTTAGTTATTAGCCAGGTGAGTAATAGTGATTCATATAAGGTAAATTGTATTAATTTCTCTGAAGGATTTTGTTGCTGTCATCCAATAAATAATTTAGCACTATTATATGGAGAGTATCAACAAAATCAAGAATCAAAAATTATGAAATTACCG","Pf3D7_14_v3-279563-279833-1A.1",".",247,1,1
"IM-23-122-VYRP","8073804699","Maziba","Pf3D7_14_v3-2858894-2859160-1A","ATAGATTTTAATGACATAAAAAACACAACAAATGAGTATAATAATTTTGAGGAACATAATTATCAAGATGATAAATTTATATTTAATAAAGATATACATAATATTCTTTTAGAATTAAAGGAATCATTAAATGACATATCACGTGGAAGACTAAATACATTGATAAGAGATAATAAAATAAGTAGTTGTATAATATATCA","Pf3D7_14_v3-2858894-2859160-1A.1","15C17+8N28A",349,1,1
"IM-23-122-VYRP","8073804699","Maziba","Pf3D7_14_v3-293575-293829-1B","TTTTGTAGTGTAATGTGTGGTTTATTTTATTATGTGTATGAAAATGTATGGCTTCAAAGAGATAATGAAATGAATGAAATTTTAAAAAATTCCGAACATTTAACTATTGGATTTAAAGTTGAAAATGCACATGATAGAATTTTGAAAACTATAAAAACACATAAATTAAAAAATTACATTAAAGAAT","Pf3D7_14_v3-293575-293829-1B.1","83+8N167+8N",266,1,1
"IM-23-122-VYRP","8073804699","Maziba","Pf3D7_14_v3-294503-294768-2","CAGAATTTAGATGTTATCAAAGTCCCATTCTTACCTTTCTATGTAACTCTTTGTAACAACAGCAAATTACCAACTTTTGAATTTACCTCAGAAAATGGTAAATACACATTAGAACCTGAATACTACCTTCAACACATAGAAGATGTTGGTCCAGGATTATGTATGCTTAATATCATAGGATTAGATTTTCCAGTACCAACCTTTA","Pf3D7_14_v3-294503-294768-2.1",".",359,1,1
"IM-23-122-VYRP","8073804699","Maziba","Pf3D7_14_v3-294506-294753-1B","AATTTAGATGTTATCAAAGTCCCATTCTTACCTTTCTATGTAACTCTTTGTAACAACAGCAAATTACCAACTTTTGAATTTACCTCAGAAAATGGTAAATACACATTAGAACCTGAATACTACCTTCAACACATAGAAGATGTTGGTCCAGGATTATGTATGCTTAATATCATAGGATTAGATTTTCCAGT","Pf3D7_14_v3-294506-294753-1B.1",".",1928,1,1
"IM-23-122-VYRP","8073804699","Maziba","Pf3D7_14_v3-297583-297856-1B","AGGAGGTTTTTCTTATTATATTTTTGAAAATTTCGTTTTTCAAAAGAACCGTAAAATTAATCACATAATTAAGACTTCAAAATATTCGACAGTAGGATTTAATATTGAAAATTCTTATGATAGACTTATGAAAACAATTAAAGAGCATAAATTAAAAAATTATATAAAAGAATCAGTAAAACTTTTTAATAAAGGTTTAACCAAAAA","Pf3D7_14_v3-297583-297856-1B.1","153+8N",145,1,1
"IM-23-122-VYRP","8073804699","Maziba","Pf3D7_02_v3-290580-290821-1A","TTATTATAAGGATTATAATTATTATCATTCTTATTATATGGATTAATATAATTTTGATCATAATCATTACTGTTTTTATCATATTGTGGATAATTATTTCTATTTCTATTTTGATTAAAATCCGATTGTCTATATCTAACTCTAATATCTGTAGATGCTAAATCATTAGGTAATGGG","Pf3D7_02_v3-290580-290821-1A.5","12+26N55T62A",1689,0.999408284023669,2
"IM-23-122-VYRP","8073804699","Maziba","Pf3D7_02_v3-291770-292017-1A","TAATATCATAAGGTTTGAATATTTTCCTCTCAGGTATTATACCAACAGAAGGTTTATCATCATCTTTAAAACCTGCTCTATCTTTAACCCATTGATTAGGATTTTTTAAACATAAAGCTGGATTCTTTAATAAATCTTTCATATGTTCCATATTATTTTCTTCATTTATATATGATGCTAC","Pf3D7_02_v3-291770-292017-1A.1","101+8N177G",669,0.998507462686567,2
"IM-23-122-VYRP","8073804699","Maziba","Pf3D7_02_v3-291770-292017-1A","TAATATCATAAGGTTTGAATATTTTCCTCTCAGGTATTATACCAACAGAAGGTTTATCATCATCTTTAAAACCTGCTCTATCTTTAACCCATTGATTAGGATTTTTTAAACATAAAGCTGGATTCTTTAATAAATCTTTCATATGTTCCATATTATTTTCTTCATTTATATATGATTCTAC","Pf3D7_02_v3-291770-292017-1A.2","101+8N",1,0.00149253731343284,2
"IM-23-122-VYRP","8073804699","Maziba","Pf3D7_02_v3-470437-470709-1A","AATATTGACATGAAACATTATAATACACATAAGAAAAAAAAAATTTATTTATTCTTACAAAAAGAATATAAAAACAAAATTTTGGGATTTATAAATTTTTATAAACATATAACACACAAAATAAAAAAGAAACAAGAAAATGTTCATGATAAAATCACTTTTTTAAAATGTCTAAAGGAACTCTTTTTTGTCACACATACAAATG","Pf3D7_02_v3-470437-470709-1A.1","33+12N122+8N158+8N183+8N205G",210,1,1
"IM-23-122-VYRP","8073804699","Maziba","Pf3D7_02_v3-503040-503288-1A","ATTATGATTAATAATAATATTTCTCATAATTTCGTTAAATACATCTAAACTATTTATAGAACCATCTATATCATCTTCATTCCTATTTTGGTGAACCGATTCGGTGTTTATAACATCTAAGGTGTCTTTTTCTTCTCCTCTGTAACTTTTTATAATTTTTTGATAAATGTTGTTATAAGAATTATCA","Pf3D7_02_v3-503040-503288-1A.2","97C155+8N",981,1,1
"IM-23-122-VYRP","8073804699","Maziba","Pf3D7_02_v3-628941-629172-1A","ACTTTTTTTAGATTTTTCTTGATCGTTTTCATCATTTTTTATTTCCTGTTCATCTGAGGTTTTCTTTTGTAAACGCTTAGTGCGTTGCTTTTGACCTTTTAATTTTTTTTTAAATATATTTTTAACTTGATCAATGAAGAAAGCATAATCTTGTATGACAGAAAATCT","Pf3D7_02_v3-628941-629172-1A.2","2+9N34+8N87G102+11N",1585,1,1
"IM-23-122-VYRP","8073804699","Maziba","Pf3D7_02_v3-630641-630907-1A","CTAAGTTATCTAAAATTATTAATTTTTTCAAATATGGTAATTCATGTCTATGAAGTAATAAGTCATCAACTAAATCTAAATCTAAACATAACCATTCTAATTTCGTTTCATTTAATATGTTTACAATTACATCTATACTAAAGTTAGAATGTAAAATCAAGGTTGTTACACCACTCATCATAGCTGCCATATCAACAAT","Pf3D7_02_v3-630641-630907-1A.8","22+8N63T",57,1,1
"IM-23-122-VYRP","8073804699","Maziba","Pf3D7_03_v3-221185-221419-1B","AAATAAATTAAATAGGAAAATATAAAGAAAAATGAAAATTAAGAAAAAAAGTAGTATATATTTTTATAAATATTGTACAACTCAAACTAAGATGTGTTCTTTATCTAATTAAGGAACAAGAAGGATAATACCATTATTAATCCTATTGAACTATTTACGACATTAAACA","Pf3D7_03_v3-221185-221419-1B.1","43+9N",820,1,1
"IM-23-122-VYRP","8073804699","Maziba","Pf3D7_03_v3-221295-221532-2","AAGGAACAAGAAGGATAATACCATTATTAATCCTATTGAACTATTTACGACATTAAACACACTGGAACATTTTTCCATTTTACAAATTTTTTTTTCAATATCATTTGCATAATCTAATTGGTCTTTAGGTTTATTAGCAGAGCCAGGCTTTATTCTAACTTGAATACCATTTCCACAAGTTA","Pf3D7_03_v3-221295-221532-2.1","86+11N120G",623,0.998397435897436,2
"IM-23-122-VYRP","8073804699","Maziba","Pf3D7_03_v3-221295-221532-2","AAGGAACAAGAAGGATAATACCATTATTAATCCTATTGAACTATTTACGACATTAAACACACTGGAACATTTTTCCATTTTACAAATTTTTTTTTCAATATCATTTTCATAATTTAATTCGTCTTTAGGTTTATTAGCAGAGCCAGGCTTTATTCTAACTTGAATACCATTTCCACAAGTTA","Pf3D7_03_v3-221295-221532-2.5","86+11N107T114T",1,0.0016025641025641,2
"IM-23-122-VYRP","8073804699","Maziba","Pf3D7_03_v3-221463-221712-1B","ACTTGAATACCATTTCCACAAGTTACACTACATGGGGACCATTCAGTTGAAAGAGAATTTTTTATTGTCTTTAAATATTGTTCTATGTGCTTATCACTTGGTTCTTCGTTATTATTATTTTTTACAGCATTGTTGGCATTAGCATTTTCATCTACATTTCGGTTTGGGTCATTTGGCATATTGTGACCTTGTC","Pf3D7_03_v3-221463-221712-1B.1","62T67G69C80G83C117+8N130T",3,0.00425531914893617,2
"IM-23-122-VYRP","8073804699","Maziba","Pf3D7_03_v3-221463-221712-1B","ACTTGAATACCATTTCCACAAGTTACACTACATGGGGACCATTCAGTTGAAAGAGAATTTTTTATTGTCTTTAAATATTTTTCTATGTGCTGATCACTTGGTTCTTCGTTATTATTATTTTTTACAGCATTGTTGGCATTAGCATTTTCATCTACATTTCGGTTTGGGTCATTTGGCATATTGTGACCTTGTC","Pf3D7_03_v3-221463-221712-1B.8","62T67G69C80T83C92G117+8N130T",702,0.995744680851064,2
"IM-23-122-VYRP","8073804699","Maziba","Pf3D7_03_v3-515418-515657-1A","TTTCCTTAATTTCTATATGTTTGAATTCCCTTATAGACATATTTGAATCATTATTACTTTTATATGAAGTGTTATTATCGAAATTATTATTAATACATTTTATTTTAATGATTTTGTTAAAATTTTTATTATTTACTATAATGGAAGTCAGATATGTACTTATCGTATGGAAAGCTAATCATCAACA","Pf3D7_03_v3-515418-515657-1A.2","5C",2654,1,1
"IM-23-122-VYRP","8073804699","Maziba","Pf3D7_03_v3-653961-654206-1A","CTCGTACAATATTTTTATAATTTCCTTTCATCTTATTTTTTTCTTTATATTTTTTTTTTTCATATGTAAGATTTATATAATCACTTTCGCTTTTTCTAACCCTTTTGAACTTTTTAAATGTACTTCGTTCATTATTTCTAATTCTCGTAAACACAAGAATAAATATTTTGATATATCTTATA","Pf3D7_03_v3-653961-654206-1A.2","35+9N49+13N",661,1,1
"IM-23-122-VYRP","8073804699","Maziba","Pf3D7_03_v3-85507-85756-1A","TATCATTTAAATTCTCTTTTTCCACAGCTCCAGCATTTTTATTTATATCATCTACAACTACATCTTCCTTCACATAATTATTTATATAAAAATTATTATCATCTAAAGCATCTGAAAATTCTTCATTTAATACTTCTTCATCTTCTACATTAAATGTTTTCGTTCTTTCATCATCTAATAAA","Pf3D7_03_v3-85507-85756-1A.3",".",323,1,1
"IM-23-122-VYRP","8073804699","Maziba","Pf3D7_03_v3-855426-855697-1A","GTTATTTCAGTATGAGTTTCAACAGTTAATACTACTTCAGGATATGGATTGATACTTAACGTATGTACTCTCAATAATCTAGTATCAAATATATATGAAAATGTATACTCAGGAAAACATATAGTAGATAATCCATTATTATTCTCTATACATATTTTACTTATAGCTATATAATCGTAATTATCTTCTATTACTATTGGTTCTGTG","Pf3D7_03_v3-855426-855697-1A.1","32C",170,1,1
"IM-23-122-VYRP","8073804699","Maziba","Pf3D7_03_v3-891553-891827-1A","CAAGAGCTAAGAAAACATATAGAATCATCATAAGGATGTTGATAATATAAATGTGTTTTTATTTGTGTATTTATGTCAGAATATTGTTCCTTCGATTTATCTTTAAAATAATCAAGATTATTTATGTTGGTGGCTTTATTATTATTAAAATAATTTTGATTTGTTACATGATGACTATGGGTATATTTGTATTTTACGTTTTTATTA","Pf3D7_03_v3-891553-891827-1A.1","93C116G178T",212,1,1
"IM-23-122-VYRP","8073804699","Maziba","Pf3D7_11_v3-1127074-1127316-1A","AACATTTTAATATTCCTAATTTCGAAAATATGATGAAAGGAGTTTTTGGAATTATTCAAAATCCTTTTGAAAATGGCCAACCCACTTTCCCATTCTTTAAAAATATTAATTCGATCTCTGGAATCGGTAATGTTGATATCCCCAAAAATTTTATGAATGATTTTTTGAATAATGGAAATGATCAAAACA","Pf3D7_11_v3-1127074-1127316-1A.1","13T160+8N",1258,1,1
"IM-23-122-VYRP","8073804699","Maziba","Pf3D7_11_v3-115913-116184-1A","ACCTCCAGATGTTATAAATATTATATTATCATCATCATTTGGAAGGAAATTCTCCTCTAATGTTTTTAATATTTCATCTATATTTTTAGGTCTCAATTTACTATTGAAAAATTTTGAATACTTCAAAAAATAATCATCATCTTTTACATTACATATATTATCATTATTTTCATTTTGTTTTAGTAGTTCATCTTTTTTATTATC","Pf3D7_11_v3-115913-116184-1A.1","7A124+8N197T",105,1,1
"IM-23-122-VYRP","8073804699","Maziba","Pf3D7_11_v3-119432-119705-1A","CTCCTTTATATTCATCAAGAAATTTCATCCAAGAGTAATTATGTTTTTCTTGTTGATATTTTGCTTTATACAAACGAGCAAGATACTTTTTATACGATTCATGCTCTTTAATTTTCTTTTCAAAAGTTTTGGTTATAATGTGTTCAAGTGATTGTAAAGTATTTTTCTTTAATTTTCTCCATATTAATCTACATGCGATTATAAGAA","Pf3D7_11_v3-119432-119705-1A.1",".",286,1,1
"IM-23-122-VYRP","8073804699","Maziba","Pf3D7_11_v3-1293919-1294168-1A","TCCATATCAAAATAGTAATGTGTATCATCCAATCAACGAACATAGGGAACATCCAAAAGAATACCAATATCCATTACACCAGGAACATACATACCAACAAGAAGATTCAGGAGAAGACGAAAATACATTACAACACGCATATCCAATAGACCACGAAGGTGCCGAACCCGCACCACAAGAACAAAATTTAT","Pf3D7_11_v3-1293919-1294168-1A.2","17A27A65C",1015,1,1
"IM-23-122-VYRP","8073804699","Maziba","Pf3D7_11_v3-1294664-1294910-1A","AAAAGATAAATTATTTGAAAACTATACATATTTAAGTAAAAATGTAGTTGATAACTGGGAAAAAGTTTGCCCTAGAAAGAATTTAGAGAATGCAAAATTCGGATTATGGGTCGATGGAAATTGTGAAGATATACCACATGTAAATGAATTTTCAGCAAATGATCTTTTTGAATGTAATAAATTAGTTTTTGAATTG","Pf3D7_11_v3-1294664-1294910-1A.13","9A12T17G40A86G152T159A",1,0.0005005005005005,2
"IM-23-122-VYRP","8073804699","Maziba","Pf3D7_11_v3-1294664-1294910-1A","AAAAGATATATCATTTCAAAACTATACATATTTAAGTAAAAATGTAGTTGATAACTGGGAAAAAGTTTGCCCTAGAAAGAATTTAAAGAATGCAAAATTCGGATTATGGGTCGATGGAAATTGTGAAGATATACCACATGTAAATGAATTTCCAGCAATTGATCTTTTTGAATGTAATAAATTAGTTTTTGAATTG","Pf3D7_11_v3-1294664-1294910-1A.1","40A86A",1997,0.999499499499499,2
"IM-23-122-VYRP","8073804699","Maziba","Pf3D7_11_v3-1295103-1295335-1A","ACTACTGCTTTGTCCCATCCCAACGAAGTTGAACACAATTTTCCATGTTCATTATATAAAGATGAAATAATGAAAGAAATCGAAAGAGAATCAAAACGAATTAAATTAAATGATAATGATGATGAAGGGAATAAAAAAATTATAGCTCCAAGAATTTTTATTTCAGATGATAAA","Pf3D7_11_v3-1295103-1295335-1A.30","23A34C132+9N",1,0.000315059861373661,2
"IM-23-122-VYRP","8073804699","Maziba","Pf3D7_11_v3-1295103-1295335-1A","ACTACTGCTTTGTCCCATCCCATCGAAGTTGAAAACAATTTTCCATGTTCATTATATAAAGATGAAATAATGAAAGAAATCGAAAGAGAATCAAAACGAATTAAATTAAATGATAATGATGATGAAGGGAATAAAAAAATTATAGCTCCAAGAATTTTTATTTCAGATGATAAA","Pf3D7_11_v3-1295103-1295335-1A.1","132+9N",3173,0.999684940138626,2
"IM-23-122-VYRP","8073804699","Maziba","Pf3D7_11_v3-1295371-1295597-1A","AAGTAACATCAAATAATGAAGTTGTAGTTAAAGAAGAATATAAAGATGAATATGCAGATATTCCTGAACATAAACCAACTTATGATAAAATGAAAATTATAATTGCATCATCAGCTGCTGTCGCTGTATTAGCAACTATTTTAATGGTTTATCTTTATAAAAGAA","Pf3D7_11_v3-1295371-1295597-1A.1",".",6392,1,1
"IM-23-122-VYRP","8073804699","Maziba","Pf3D7_11_v3-1374917-1375148-1A","TTTTTAAATGAAAATCTCCAAAGCTTCTGGTTGGTTGTAATCTACCTTTAACATAACAATTATCATAATGATGTGATAAGAGATGAAAAGGTGTTTTACATAATTCATATTTATTATTATTATTAACAGTTTTATAATCTCGAGTACATATTTTACATACTAATATA","Pf3D7_11_v3-1374917-1375148-1A.2","111T112+14N",1927,1,1
"IM-23-122-VYRP","8073804699","Maziba","Pf3D7_04_v3-133928-134154-1A","TTTTGAAATATCTAATTTATCCATTTGCCTTTTTATTTCATAGTCCCAACTACTTACCCAGGTATTAAAATTAATACAATCCTGTTCTGCATATTTTATGGCTTTTAAATCCCTCAATTTAGTAGCCCTATCTTCACAATAATCTTCTAATATTTTAAT","Pf3D7_04_v3-133928-134154-1A.1","21C",2653,1,1
"IM-23-122-VYRP","8073804699","Maziba","Pf3D7_04_v3-140317-140548-1A","TCGGGACAATATTATAAGGATTTTATCACATCAAGGAAAAATATTTATAATATAAGGGAAAATATATCCAAAAATGTAGATATGATAAAAAATGAAGAAAAGAAGAAAATACAGAATTGTGTAGATAAATATAATTCTATAAAACAATATGTAAAAATGTTTAAA","Pf3D7_04_v3-140317-140548-1A.2","86+8N160T",3464,1,1
"IM-23-122-VYRP","8073804699","Maziba","Pf3D7_04_v3-141741-141990-1A","TGAATACCATATAGCCCTTTCAAATTATATAAAGACAGAACTAAGAAATATAAACCTGCAAGAAATAAAAAACAATATAATAAAAATATTTAAAGAATTCAAATCTGCACACAAAGAAATTAAAAAAGAATCAGAACAAATTAATAAAGAATTTACCAAAATGGATGTCGTCATAAATCAATTAAGAGATATAG","Pf3D7_04_v3-141741-141990-1A.1","66+8N121+8N",1292,0.997683397683398,2
"IM-23-122-VYRP","8073804699","Maziba","Pf3D7_04_v3-141741-141990-1A","TGAATACCATATAGCCCTTTCAAATTATATAAAGACAGAACTAAGAAATATAAACCTGCAAGAAATAAAAAACAATATAATAAAAATATTTAAAGAATTCCAATCTGCACACAAAGAAATTAAAAAAGAATCAGAACAAATTAATAAAGAATTTACCAAAATGGATGTCGTCATAAATCAATTAAGAGATATAG","Pf3D7_04_v3-141741-141990-1A.6","66+8N101C121+8N",3,0.00231660231660232,2
"IM-23-122-VYRP","8073804699","Maziba","Pf3D7_04_v3-284121-284364-1A","ATATTGTATATTATCATAAGATTTATATGGAGGACCACATTGAAATCCGACAATTTCATTTGATGCATGTAGTACACATTCCGTATTTCTGTTTGAATTATTTAAAATAATTTTATTACTTAGAAATGATTCTTTTTCACTATAATCTTTATATAAGAAAGGGTCTTCATCAATTTGA","Pf3D7_04_v3-284121-284364-1A.1","157G",750,1,1
"IM-23-122-VYRP","8073804699","Maziba","Pf3D7_04_v3-316593-316858-1A","TTATTCATTTTTTGTATATTATCCTTTTCTACATCATCAAAATTTGTTAATGATTCACACGTTATATTTGGTGATATTATATTTCTACCTGTACATACACCAATATTTGTTGTACCTATTATTTTATACCCTTCTTGACATTTAAATTCTATTTTTTCACCAAGTAAATAATATTTTTTATCAGGGATAAGGGAAACATA","Pf3D7_04_v3-316593-316858-1A.1","7+8N151+8N173+8N",485,1,1
"IM-23-122-VYRP","8073804699","Maziba","Pf3D7_04_v3-544454-544718-1A","ACAAAATATAATACTTTATATACAAATGCTTATAAAAAATTTTAACGCGGACGTACTTCAAAATAATATAAATGAACAAGAAGTAATACATAATAACATCAACATTAATAATATAAAAGAAGAACAAATTATACCAAATAATATCAAGAATATCCATAATAATGACAATATTAATCATTGTGATGATAATAAAATAA","Pf3D7_04_v3-544454-544718-1A.6","33+8N47G50G",279,0.996428571428571,2
"IM-23-122-VYRP","8073804699","Maziba","Pf3D7_04_v3-544454-544718-1A","ACAAAATATAATACTTTATATACAAATGCTTATAAAAAATTTTAACTCGAACGTACTTCAAAATAATATAAATGAACAAGAAGTAATACATAATAACATCAACATTAATAATATAAAAGAAGAACAAATTATACCAAATAATATCAAGAATATCCATAATAATGACAATATTAATCATTGTGATGATAATAAAATAA","Pf3D7_04_v3-544454-544718-1A.3","33+8N",1,0.00357142857142857,2
"IM-23-122-VYRP","8073804699","Maziba","Pf3D7_04_v3-648065-648332-1A","TATGACTTCTGATTCAGTTTTGTTAAGATATATACCAAGAGATCTTAACAAATATAATAATTTTTCACCACTAACTCCATCTTTATTAGTGTCGTATTCTTTAAATATTGATTCAATCTCAGCTCTCTTAAAGAAAACAAATATATATACATATATATATGTATTTATATGAATTTGTATCAATAAATAATAACATTCTTA","Pf3D7_04_v3-648065-648332-1A.4","91G141+30N",141,1,1
"IM-23-122-VYRP","8073804699","Maziba","Pf3D7_04_v3-748105-748359-1B","TGTGCATGTTGTAAGGTTGAAAGCAAAAATGAGGGGAAAAAAAATGAGGTTTTTAATAACTACACATTTAGAGGTCTAGGAAATAAAGGAGTATTACCATGGAAATGTATTTCCCTAGATATGAAATATTTTCGTGCAGTTACAACATATGTGAATGAATCAAAATATGAAAAATTGAAATATAAGAGATGTAAAT","Pf3D7_04_v3-748105-748359-1B.1","36+10N110T133C",470,1,1
"IM-23-122-VYRP","8073804699","Maziba","Pf3D7_13_v3-2504481-2504734-1B","TAAAATGTGTTGATGATTTTAACAATATGGTTATAACGATAAAAGAGGAAGTAAACAATCATTGGGAAAATAATATATACAATAAAAAGGATATGGTTAATTATACAAATGAAAATTATAATGATAATATATTAACATATGAATATATTAATGAAACACTTAGAAAAGAAAAAAAAAGATATTATA","Pf3D7_13_v3-2504481-2504734-1B.1","168+11N",223,1,1
"IM-23-122-VYRP","8073804699","Maziba","Pf3D7_13_v3-2545065-2545291-1A","ATGATTCCTCAAAAGTTTAACATTCCACATAGTATCTGTTAAATTGATAGTTTGCAAACAATTATACGTTTGGTTATTTTTATTTTTAAAAAAGGATATATGATCATCTAAAGATTTATTTTTGAGAAAGATTTCCATATATTCATATATATCATGAATACACCA","Pf3D7_13_v3-2545065-2545291-1A.1","87+8N154A",6,0.0027359781121751,2
"IM-23-122-VYRP","8073804699","Maziba","Pf3D7_13_v3-2545065-2545291-1A","ATGATTCCTCAAAAGTTTAACATTCCACATAGTATCTGTTAAATTGATAGTTTGCAAACAATTATACGTTTGGTTATTTTTATTTTTAAAAAAGGATATATGATCATCTAAAGATTTATTTTTGAGAAAGATTTCCATATATTCATATATATCTTGAATACACCA","Pf3D7_13_v3-2545065-2545291-1A.5","87+8N",2187,0.997264021887825,2
"IM-23-122-VYRP","8073804699","Maziba","Pf3D7_13_v3-2770591-2770863-2","ACACATCGATTTTATCAAAAGGAAATATTCCAAGAAATATTTTTAAAAAAAAATAGTGAGTTAGATGATCACGTATGGAATATAGAAAGTATTACTACGAATATATTAGAGAGGAATAAATTAAGTGATCAAAATAATGAAGATAACCATGATGTTAATAATAATAATGAAGACCCATCTGGGGGTAATTTAAAAACCAATCTAAT","Pf3D7_13_v3-2770591-2770863-2.1","44+11N156+13N",261,1,1
"IM-23-122-VYRP","8073804699","Maziba","Pf3D7_13_v3-2770621-2770854-1B","ATTCCAAGAAATATTTTTAAAAAAAAATAGTGAGTTAGATGATCACGTATGGAATATAGAAAGTATTACTACGAATATATTAGAGAGGAATAAATTAAGTGATCAAAATAATGAAGATAACCATGATGTTAATAATAATAATGAAGACCCATCTGGGGGTAATTTAAAAAC","Pf3D7_13_v3-2770621-2770854-1B.1","18+11N130+13N",663,1,1
"IM-23-122-VYRP","8073804699","Maziba","Pf3D7_13_v3-2780346-2780575-1B","GTTGGATAGAATGCCCGACTACGGATCGGGAGGTCGTGGGTTCGACTCCTGCCCGGCCTAATTTTTTTCGTTTTCCTTTTTAAAGTAAAAAAGGATAATATTTTTAAAAAACATTTAGTATATATATTTTTTTTAAATAATAAATCTATTATATTATTAAATATTATGAGAAGA","Pf3D7_13_v3-2780346-2780575-1B.2","61+9N76C86+8N105+8N126+10N",794,1,1
"IM-23-122-VYRP","8073804699","Maziba","Pf3D7_13_v3-2814583-2814832-2","TCAGTCTTCTAATTCTAGCGATAATGATCCTGCAGTAGTAAGTGGTAGAGAATCTAAAGATGTAAATCTTCATACTTCTGAAAGGATTAAAGAAAATGAAGAAGGTGTGATTAAAACAGATGATAGTTCAAAAAGTATTGAAATTTCTAAAATACCATCTGACCAAAATAATCATAGTGATTTATCACAG","Pf3D7_13_v3-2814583-2814832-2.1","124T",1211,1,1
"IM-23-122-VYRP","8073804699","Maziba","Pf3D7_13_v3-2814606-2814855-1B","TAGCGATAATGATCCTGCAGTAGTAAGTGGTAGAGAATCTAAAGATGTAAATCTTCATACTTCTGAAAGGATTAAAGAAAATGAAGAAGGTGTGATTAAAACAGATGATAGTTCAAAAAGTATTGAAATTTCTAAAATACCATCTGACCAAAATAATCATAGTGATTTATCACAGAATGCAAATGAGGACTCTA","Pf3D7_13_v3-2814606-2814855-1B.1","109T",1223,1,1
"IM-23-122-VYRP","8073804699","Maziba","Pf3D7_13_v3-2816310-2816554-1B","CAAATACTTTTCAATATAGGTCTAGTGAAAGTGTGGAAGTAATAACTAATAAACCTGATGAAATGGAAATGACAACTAAACCACCATCACAATATATTGAAAAGGAAATTGGAGAAATTGATTCTACAAAAAATCAAGATAATGATGAACAAAGCAATTCTATAATTCCTTTAATTAATAAAAATAATGAA","Pf3D7_13_v3-2816310-2816554-1B.2","95T127+8N",982,0.994934143870314,2
"IM-23-122-VYRP","8073804699","Maziba","Pf3D7_13_v3-2816310-2816554-1B","CAAATACTTTTCAATATAGGTCTAGTGAAAGTGTGGAAGTAATAACTAATAAACCTGATGAAATGGAAATTACAACTAAACCACCATCACAATACATTGAAAAGGAAATTGGAGAAATTGATTCTACAAAAAATCAAGATAATGATGAACAAAGCAATTCTATAATTCCTTTAATTAATAAAAATAATGAA","Pf3D7_13_v3-2816310-2816554-1B.3","71T127+8N",5,0.00506585612968592,2
"IM-23-122-VYRP","8073804699","Maziba","Pf3D7_07_v3-627351-627625-1A","TCACTAAGATAATTATTATTACTATTTTCAGCATAATAAAATTTCTGATGTTTTATAAGAGGAGTTTGGTTAGAAGCAAAATTATCAGCAGTTGTCGAATAATTATTATGTTCTTGATAAAAGAGATTATTCATATAGTTATTATTATTTTTCATATCATCCATAGTATTATTGTTAATATAAAATTCCTCATATGAATTATATATATA","Pf3D7_07_v3-627351-627625-1A.1",".",134,0.992592592592593,2
"IM-23-122-VYRP","8073804699","Maziba","Pf3D7_07_v3-717260-717493-1A","GAGCTTGCTTTTTTGTTGCGTTACTTGCTGGGCTGATCAAAAAAAAAGTTGAATGTATTGAACTTAGTGCCAGCGAAATTTCCCCTCATGAAAACAAATCGACGAGTTCATCAATATTCCAAGAGGAATTAAAATTTGATAAGTCTCTGAAAAATTTTTTCAAACAA","Pf3D7_07_v3-717260-717493-1A.1","8+8N38+11N154+8N",3177,1,1
"IM-23-122-VYRP","8073804699","Maziba","Pf3D7_07_v3-729480-729750-1A","TGAATGTTCAGAAATTTTATATCACTTAAATCGTTTGAGTGAGTTAGATCAAATATTGTTGAAAGATAAAATAAGTATATATGAGTATCAGCTAAAGGACACGTTTTTAACAACGTATGATATAGGTTGTTTATTAAAAATAGCTCAAGTGTTGAATGAACAAAATTATTATGATAACATTCCATTTTTGCATATATTTTTATATAACATACATAA","Pf3D7_07_v3-729480-729750-1A.1","42A",188,1,1
"IM-23-122-VYRP","8073804699","Maziba","Pf3D7_05_v3-958079-958350-1B","TTTTTATATCTGTGTTTGGTGTAATATTAAAGAACATGAATTTAGGTGATGATATTAATCCTATAATATTATCATTAGTATCTATAGGTTTAGTACAATTTATATTATCAATGATATCAAGTTATTGTATGGATGTAATTACATCAAAAATATTAAAAACTTTAAAGCTTGAATATTTAAGAAGTGTTTTTTATCAAGATGGACAATTTC","Pf3D7_05_v3-958079-958350-1B.1","186+8N",108,1,1
"IM-23-122-VYRP","8073804699","Maziba","Pf3D7_05_v3-958372-958608-1B","ATTTATAACAATTTTTACATATGCCAGTTCCTTTTTAGGTTTATATATTTGGTCATTAATAAAAAATGCACGTTTGACTTTATGTATTACTTGCGTTTTTCCGTTAATTTATGTTTGTGGTGTCATATGTAATAAGAAAGTAAAATTAAATAAAAAAACATCTTTGTTATATAATAACAATACC","Pf3D7_05_v3-958372-958608-1B.2","60+8N151+9N",1002,1,1
"IM-23-122-VYRP","8073804699","Maziba","Pf3D7_05_v3-958920-959168-1B","AATAATAAATCGAAAACCATTAGTTGAAAATAATGATGATGGAGAAACATTACCAAATATTAAAAAAATTGAATTTAAAAATGTAAGATTTCATTATGATACTAGAAAAGATGTTGAAATTTATAAAGATTTAAGTTTTACTCTAAAAGAAGGGAAAACATATGCATTTGTGGGAGAATCA","Pf3D7_05_v3-958920-959168-1B.1","61+9N",586,1,1
"IM-23-122-VYRP","8073804699","Maziba","Pf3D7_05_v3-960810-961048-1B","TAATACAGGAAGCATTTTATAATATGCATACTGTTATTAATTATGGTTTAGAAGATTATTTCTGTAATTTGATAGAAAAAGCTATTGATTATAAAAATAAAGGACAAAAAAGAAGAATTATTGTAAATGCAGCTTTATGGGGATTCAGTCAAAGCGCTCAATTATTTATTAATAGTTT","Pf3D7_05_v3-960810-961048-1B.1","105+8N",969,1,1
"IM-23-122-VYRP","8073804699","Maziba","Pf3D7_05_v3-961511-961758-1B","CTGCAGAAGATTATACTGTATTTAATAATAATGGAGAAATATTATTAGATGATATTAATATATGTGATTATAACTTAAGAGATCTTAGAAACTTATTTTCAATAGTTAGTCAAGAACCCATGTTATTTAATATGTCCATATATGAAAATATCAAATTTGGAAGAGAAGATGCAACATTGGAAGAT","Pf3D7_05_v3-961511-961758-1B.1",".",787,1,1
"IM-23-122-VYRP","8073804699","Maziba","Pf3D7_06_v3-1115900-1116168-1A","ATTTTTTAATAAAGCAGTACCATCTATATCTCTTCCTTTTTTTAAAACACATAAAGTTTCATCAAAATTGCTTGTGCTATTTTTATCAGGTTCAGGAAAATATTGTTTATTTGGAGAATATCCATTCTGATTACAAGTTATAATATTATTAATATTTATAAATTTTTTGTTTGTTTTTAAATCACCAAATTGATTATCGTTAT","Pf3D7_06_v3-1115900-1116168-1A.2","1+8N36+9N114G162+12N",323,0.996913580246914,2
"IM-23-122-VYRP","8073804699","Maziba","Pf3D7_06_v3-1115900-1116168-1A","ATTTTTTAATAAAGCAGTACCATCTATATCTCTTCCTTTTTTTAAAACACATAAAGTTTCATCAAAATTGCTTGTGCTATTTTTATCAGGTTCAGGAAAATATTGTTTATTTGGAGAATATCCATTCTGATTACAAGTTATAATATTATTAATATTTATAAATTTTTTTTTTGTTTTTAAATCACCAAATTGATTATCGTTAT","Pf3D7_06_v3-1115900-1116168-1A.4","1+8N36+9N114G162+12N",1,0.00308641975308642,2
"IM-23-122-VYRP","8073804699","Maziba","Pf3D7_06_v3-1128558-1128797-1A","ATTGAATCGTTGGTGTTTATTTTATTATTCCTCTTTTGTTTTTCAATGAATACAAATGTTTCATCGACACTATCTTTATGATCTATTGGTATGGCATGATTTTCTAAATTGCTATTTCTTTCATTAGAATTGTATTTTTCACTATTATAGGTTGAGATTTTACTACATTTTATATTTTT","Pf3D7_06_v3-1128558-1128797-1A.2","157A",1145,1,1
"IM-23-122-VYRP","8073804699","Maziba","Pf3D7_06_v3-1135605-1135855-1A","TATAAAGAATTTATACCACCTAAATTGTTAACATTAGAAGTATTATTTGTTTCTGTATTTTCTTGTAACGTATTTGTATTATTAATATTGTTAGATGAAATATTATGACTATTTCTTCTATTTGTTATATTTAAATTGTAAATAGTTTCATTACTAACACTACTGATACCATTGAAATGATTATTTAG","Pf3D7_06_v3-1135605-1135855-1A.1","172T",500,1,1
"IM-23-122-VYRP","8073804699","Maziba","Pf3D7_06_v3-1136091-1136364-1A","CATTATTTTTGTATCCAACGTCGTTATTATTAAAACTTATTATTTGATTAATAACTGACGAACCACATATATTTACACAATGGAATACATAACTTAAGAAAGAGTAGTAATTGCATTTTACTTTTTGCATTTTCCCTCTGGTGGAGAAATAATTATTATGCTGCTTATTACTCTTTGTATTATGATAATTTTTGGTAATCATTTTTTTT","Pf3D7_06_v3-1136091-1136364-1A.1","173C201+9N",474,1,1
"IM-23-122-VYRP","8073804699","Maziba","Pf3D7_06_v3-1140900-1141174-1A","CTTCCATGTGAGCTTCAAAATCGTCTGAAGGTCGACTAGACATGAAAAATTCAGATTGAGGTAAATCATCAAATGGATGATTTCTATATGATATTCTAGGTATTAATCCTAAGATATTATTTATGCTATTACATTGAGAATTTCCTTCATTGGTTGTGGTACTTATATCCACATTTTGGTGATCATCAAGATATAATGTATTTTCTTTAGAACTT","Pf3D7_06_v3-1140900-1141174-1A.1","189A",185,1,1
"IM-23-122-VYRP","8073804699","Maziba","Pf3D7_06_v3-1192628-1192867-1A","GATTATATATTTCTATATTTTAATAAGAATGCGTTACACAAACATGATGCCTCTAATGAAATGTGTTTTGTGAAAAACGAAGATTCTACACGCACAAAAGGACATATGAATGATGAACAAAATGATTTATATAAAATAAATAATAATACAACATATTTTTTTAACAAAAACCACT","Pf3D7_06_v3-1192628-1192867-1A.1","30T155+9N",1508,1,1
"IM-23-122-VYRP","8073804699","Maziba","Pf3D7_06_v3-1197245-1197515-1A","CATTAGGAAAAACAACAGAGCCTTCTTCCATACCATAAATACATAAATCATTTCCACTAATCTTTTCTAAATATTGCACAAAAGAATCAATATCATTATAAGATGACATCTTCTTTCTTATAAAATCTAATTGAGCTTTGGTAAATCGAAAACAATTAATATATTTTATTACTTCATATACACCAGCTAATATAGCAAATTGAC","Pf3D7_06_v3-1197245-1197515-1A.1","20G",564,1,1
"IM-23-122-VYRP","8073804699","Maziba","Pf3D7_06_v3-1235395-1235658-1A","GAATATGATAAAATATATATACCAAACAATAAAAATAAAATTAATAATATAAATAATTTTTTAATAAAAAACAATTTGTTGTTGAAATCCAAATTTATGAGAATAACTCCTAATACCTATTTATGTCGTAATTGTGTCCTGTTATATCAAAATGATTTTTCGTATAATACATATGAAGAAGAAATTAATAAAATGG","Pf3D7_06_v3-1235395-1235658-1A.2","56+8N65+8N79T",149,1,1
"IM-23-122-VYRP","8073804699","Maziba","Pf3D7_06_v3-1282656-1282930-1A","AAAATATGGAAGAAATATGATAAAGAAAACAATAAATATATATTGTCTCATTTTATTCCTCAATTTATTGAAGACTTAAATTTGAAGGATGAATTCCGAAATTTATTTGATGGATTTGTAAATGATTTGGATATTCTATTATATTCAGAATTTAAAGCATTTTATTTACAAATGAAGCAAAAAGATATAAATGAACTGAAAAATTCTGA","Pf3D7_06_v3-1282656-1282930-1A.1","3A60T",200,1,1
"IM-23-122-VYRP","8073804699","Maziba","Pf3D7_06_v3-145285-145531-1A","TCAACAAAAGCTGATGAATCATCATAATTTGAATAAAATTTATCATTCACAATATTATATTTTTGTTTCTTCTTTTTTCCCATAATATTATTATTTTGTTCACAATATATGTTCATGTGTCCCCTCTTTTTCTGTAAAATATTAAAATGTTTCTTACTATGCTTTTCTTCATTTTTAATAACA","Pf3D7_06_v3-145285-145531-1A.1","72+8N165T",1428,1,1
"IM-23-122-VYRP","8073804699","Maziba","Pf3D7_06_v3-176108-176338-1A","ATTATTATTATTATTATGATGATGATGATGATGATGATGATCTGTGTTAAGATCATCTTCTATACCATTAGTTAAACATTTTATATTTTTATTCATATAAACATTAATCTTCACAACAGATTTATCAGATCTAGAAAATCTTGTACCTGTTGCTTTATGTAACAATAT","Pf3D7_06_v3-176108-176338-1A.4","1+38N",1,0.000751314800901578,3
"IM-23-122-VYRP","8073804699","Maziba","Pf3D7_06_v3-176108-176338-1A","ATTATTATTATTATTATTATGATGATGATGATGATGATGATCTGTGTTAAGATCATCTTCTATACCATTAGTTAAACATTTTATATTTTTATTCATATAAACATTAATCTTCACAACAGATTTATCAGATCTAGAAAATCTTGTACCTGTTGCTTTATGTAACAATAT","Pf3D7_06_v3-176108-176338-1A.5","1+38N",1,0.000751314800901578,3
"IM-23-122-VYRP","8073804699","Maziba","Pf3D7_06_v3-176108-176338-1A","ATTATTATTATTATTATTATGCTGATGATGATGATGATCTGTGTTAAGATCATCTTCTATACCATTAGTTAAACATTTTATATTTTTATTCATATAAACATTAATCTTCACAACAGATTTATCAGATCTAGAAAATCTTGTACCTGTTGCTTTATGTAACAATAT","Pf3D7_06_v3-176108-176338-1A.2","1+38N",1329,0.998497370398197,3
"IM-23-122-VYRP","8073804699","Maziba","Pf3D7_06_v3-416462-416720-1A","AAGAAAAAATGGACATTGTGGAGAATATAAAAAATAGAGGAAAGGAAAAAACAGAATTAACATATAAAGAAGTATATAAAACACAACAGAATCAAAATGATGCAAGTTTAAATTCATTTTGGGGTGATGAAAAAAAAAATAATAATTATGATATAGATATAGTAAAAGAGAAATATAGTGAGTTAATGAAAAAAAAAGAA","Pf3D7_06_v3-416462-416720-1A.1","3+8N28+8N45+8N129+12N188+11N",296,1,1
"IM-23-122-VYRP","8073804699","Maziba","Pf3D7_06_v3-532166-532407-1A","AGAACAATTGCTAAACACCAAATTGGGTGAAACAAAAAACCACCTGAACAGAACCCCATTTATACCTGAATCGGTCATACGAGAAAGGAAATTACGCCAAGAAAAAGCTCAATCCACAAACAACATGTTCGATTCAACAAACGCAGATAGTATTACTTCCCCATGTGATCCAACGAATGCCACG","Pf3D7_06_v3-532166-532407-1A.5","33+8N157T",21,0.00542775911088136,2
"IM-23-122-VYRP","8073804699","Maziba","Pf3D7_13_v3-1725464-1725719-1B","ATCATAGTTATTACCACCAAAAACGTATAAGAAATTATTCAATACAGCACTTCCAAAATAAGCTTTTTTGGTAGACATAGGTGTACACATACGCCAGCATTGTTGACTAATATCTAATAATTCCATCGAATTTAAATATTCTACACCATCAAATCCACCTATACAAAATACTAATGGGAATGGTAAAAATTTAATACCA","Pf3D7_13_v3-1725464-1725719-1B.1","63+8N",471,1,1
"IM-23-122-VYRP","8073804699","Maziba","Pf3D7_13_v3-1725887-1726123-2","AAATAGCTCCACCAACATTAATATCAATCATAGTTTCAGTAGCAATATTTGCATCAACAATTTTTTTTTTATCATTCTCAAAATTTTTATATTCTTGATAATATTTTTCTTTTTCTAAATATAATACTAATTTAATTTTATCGATTTCTTGTAAAAATCTTAATCTTTCTTCATCAA","Pf3D7_13_v3-1725887-1726123-2.1","60+12N",465,1,1
"IM-23-122-VYRP","8073804699","Maziba","Pf3D7_13_v3-1726174-1726408-2","TTTCTAATTCTTTGTACATTCGTACTCTTTCCATTTCTAGTTCTTTCTTATCTTTAAATAATTTATCTTTTTCTCGAATAAAATTCATTTGTGTCTTTTTTAACCAATTAATAAATGTAATTCTTAAATCACCTACCATATTTTCAAAATCACTAGCATCACTTAAT","Pf3D7_13_v3-1726174-1726408-2.6","19T95+8N",1328,1,1
"IM-23-122-VYRP","8073804699","Maziba","Pf3D7_13_v3-1876391-1876664-1A","AACTATCTGTAAAAGTATGTTTAGAACTAACATTTGAAGAGAAGTTACATCCGTGTATGACTTTTTTTTCATATTTTGGTTTTAAAACTATTTTATAATTATTATTTTTAAATTTGCATGTACATTCTGTATTAACATCTTTTGATGTAACATAAAATGGAGCTTTAAAGATAGTTAAGTTTTTATGATAAATTATTTTATTACTTTTATATA","Pf3D7_13_v3-1876391-1876664-1A.1","61+10N",209,1,1
"IM-23-122-VYRP","8073804699","Maziba","Pf3D7_13_v3-2114242-2114482-1A","CTTCCATTAACTCAATATATAATTTATTAATAATTTTTAATTTGTTTATTTCAAAAAGGCATAGTTTTAACAAGGTTCTTAAGGTTCTATTACCCCCTAAGAGGTTAAAATGAATATTTCCTTTTTCTCGTATATGCAAAAAATCCCTTAACAATAAATCATATTCATCAGTATGAAATGT","Pf3D7_13_v3-2114242-2114482-1A.11","76T137+8N",1018,1,1
"IM-23-122-VYRP","8073804699","Maziba","Pf3D7_13_v3-2114829-2115090-1A","ATTCAATATATATAAAAATATAGCTAATAAACATTTCAAATCTCCATTAAGAACTTTATTCATCTTAACAAAAGCTCTATGAACTTCTGTATCTATAGTCGATTTTGTTATTCTAAGCATATCATTAAGTAAAAAATTTACGGTATCGACATTAACAGTGTAATAATTTCTTCCTAAATTTAAATGTTCTATATAATTCAA","Pf3D7_13_v3-2114829-2115090-1A.5","130+8N",487,1,1
"IM-23-122-VYRP","8073804699","Maziba","Pf3D7_01_v3-528859-529104-1A","TTTGATTCTTTTTAATGAAAAAGAAGCTAAAGATATGTCAGACCATATAATTTCCCAACAAAAACGTTATTGCTCTACCAATATTCATAGTAATTATAATAATAAAATATGTATATGTAAAAATAAGCGACATCATAACAAAAGAGGGAAAGGAATAAAGCATCATGACATACATCAAAAGG","Pf3D7_01_v3-528859-529104-1A.1","165A",4012,1,1
"IM-23-122-VYRP","8073804699","Maziba","Pf3D7_01_v3-535965-536239-1A","GCTCATTCGATATTTTCCAGTTGTTTGATTTTAAAAATGATGTATATTTTTTAGATGATAATTTGTTCGACAAGGATATGGTATATTGTACAAGTACCAACAATTATGGCATTATGGAAAATGATAATGATGATGATAAAATAATAAAAATACAAAATTTAAATGAGAAATTAAAAAATGGAAAAGCTGAATTTAAAGATATATTATTAT","Pf3D7_01_v3-535965-536239-1A.6","8C46+8N111A118A121+17N172+8N",1,0.00584795321637427,2
"IM-23-122-VYRP","8073804699","Maziba","Pf3D7_01_v3-535965-536239-1A","GCTCATTTGATATTTTCCAGTTGTTTGATTTTAAAAATGATGTATATTTTTTAGATGATAATTTGTTCGACAAGGATATGGTATATTGTACAAGTGCCAACAATTATGGCGTTATGGAAAATGATAATGATGATGATAAAATAATAAAAATACAAAATTTAAATGAGAAATTAAAAAATGGAAAAGCTGAATTTAAAGATATATTATTAT","Pf3D7_01_v3-535965-536239-1A.16","46+8N96G118A121+17N172+8N",170,0.994152046783626,2
"IM-23-122-VYRP","8073804699","Maziba","Pf3D7_02_v3-290580-290821-1A","TTATTATAAGGATTATAATTATTATCATTCTTATTATATGGATTAATATAATTTCGATCATAATCATTACTGTTTTTATCATATTGTGGATAATTATTTCTATTTCTATTTTGATTAAAATCCGATTGTCTATATCTAACTCTAATATCTGTAGATGCTAAATCATTAGGTAATGGG","Pf3D7_02_v3-290580-290821-1A.6","12+26N62A",1,0.000591715976331361,2
"IM-23-122-VYRP","8073804699","Maziba","Pf3D7_07_v3-403487-403750-2","AGGTTCTTGTCTTGGTAAATGTGCTCATGTGTTTAAACTTATTTTTAAAGAGATTAAGGATAATATTTTTATTTATATTTTAAGTATTATTTATTTAAGTGTATGTGTAATGAATAAAATTTTTGCTAAAAGAACTTTAAACAAAATTGGTAACTATAGTTTTGTAACATCCGAAACTCACAACTTTATTTGTATGATTATGTTCTTT","Pf3D7_07_v3-403487-403750-2.1",".",133,1,1
"IM-23-122-VYRP","8073804699","Maziba","Pf3D7_07_v3-403801-404052-1B","TATATATATATATATATATATATATATATATATGTATGTATGTTGATTAATTTGTTTATATATTTATATTTATTTCTTATGACCTTTTTAGGAACGACACCGAAGCTTTAATTTACAATTTTTTGCTATATCCATGTTAGATGCCTGTTCAGTCATTTTGGCCTTCATAGGTCT","Pf3D7_07_v3-403801-404052-1B.3","1+45N130+8N",91,1,1
"IM-23-122-VYRP","8073804699","Maziba","Pf3D7_07_v3-404325-404590-1B","GAAACACAAGAAGAAAATTCTATCATATTTAATCTTGTCTTAATTAGTGCCTTAATTGTAAGAAAACAAAATATATAAATAAATAAATATATATATATATATATATATATATATTGTAAAATTTAATATATATTAACACTTAAACTTTGTTTTTATTATATTAATTTATATTCTTTATCATTTTTTTTTTTTTTTTTCCTTCTTTTTTT","Pf3D7_07_v3-404325-404590-1B.188","71+40N116A176+19N198+8N",3,1,1
"IM-23-122-VYRP","8073804699","Maziba","Pf3D7_07_v3-405517-405773-2","TTTTCTACCATGACATATACTATTGTTAGTTGTATACAAGGTCCAGCAATAGCAATTGCTTATTACTTTAAATTCTTAGCCGTAAGAATTAAAAAGATATAAATATATAAATATATATGTGAAATATATGATATATATGATATATATTTTTTATATGTAATGTTTTTTTTTTTTTTCACAATATACATTTAA","Pf3D7_07_v3-405517-405773-2.2","97+57N162+16N",12,1,1
"IM-23-122-VYRP","8073804699","Maziba","Pf3D7_07_v3-405570-405844-1B","ATAGCAATTGCTTATTACTTTAAATTCTTAGCCGTAAGAATTAAAAAGATATAAATATATAAATATATATGTGAAATATATGATATATATGATATATATTTTTTATATGTAATGTTTTTTTTTTTTTTCACAATATACATTTAAATGTTTATGATGGTACAACGTATCATATTTTATAATAATTTTATGCATTCATGTATATTATTTTTACTTTTT","Pf3D7_07_v3-405570-405844-1B.2","49+57N114+16N",38,1,1
"IM-23-122-VYRP","8073804699","Maziba","Pf3D7_07_v3-432832-433091-1A","TTGAAAAAGTCATCATCAGAATGGGGATGATTATTATTGTTATTATGAGTTTGGTTCGTATTAATATTATGCTCCTTTTCGTTATTTAATTTATGTTCATTTATATTTTTATAAATAAATAATTTTCCAAGAAGTATACCATTAATAAACTTACTAGTTAACATATTAGACTGCTCAATATTTGTACATTTTTTTAATGTATGTATT","Pf3D7_07_v3-432832-433091-1A.1","30+17N188+9N",622,1,1
"IM-23-122-VYRP","8073804699","Maziba","Pf3D7_07_v3-475313-475545-1A","AGCTTTATTATCTACAAAAAATCCACGTGGATATATGAAACAAATGAAATTGTATTTTATATTCCAAATTAAAGAAATTGCATTAAGAAAACATGGCTCTTTACTTACAGTCAAAAATTTATATAATAATAAACTTTTAAATATAAATTCATCATCTTCTACAAATA","Pf3D7_07_v3-475313-475545-1A.1","15+8N",1251,1,1
"IM-23-122-VYRP","8073804699","Maziba","Pf3D7_07_v3-627351-627625-1A","TCACTAAGATAATTATTATTACCATTTTCAGCATAATAAAACTTCTGATGTTTTATAAGAGGAGTTTGGTTAGAAGCAAAATTATCAGCAGTTGTCGAATAATTATTATGTTCTTGATAAAAGAGATTATTCATATAGTTATTATTATTTTTCATATCATCCATAGTATTATTGTTAATATAAAATTCCTCATATGAATTATATATATA","Pf3D7_07_v3-627351-627625-1A.5","23C42C",1,0.00740740740740741,2
"IM-23-122-VYRP","8073804699","Maziba","Pf3D7_14_v3-1392837-1393086-1A","ACATGTATTGTCCCCAGCATGAATCGGGTGATAAATATTATCAAGCGTATCAAAAAATGGATTGTAATTATTACTACTATTCATATCATTATTTTTTGTGGTGGTGGTGGACTGTGAAATGTTTTCCTTATGATTTTGACTTGTGTGTATATCCCTACCAACAACATATTCAACATTATTATTATCAAAAA","Pf3D7_14_v3-1392837-1393086-1A.4","51+8N91+8N108I=TGG",859,1,1
"IM-23-122-VYRP","8073804699","Maziba","Pf3D7_07_v3-896613-896849-1B","ACAATGAAAAAATGTATTAATGATGAATTATATAAAATAAAAATAAATGTAGGTTTATATAAAAAGGATAGAAAAAAATTATCCTTTTTTATATTGTTGCATAAATTTTATTTAGATAATTATAATATTGTTATTAATAAATTAAAAAATATGAATAATTTAATAGAAA","Pf3D7_07_v3-896613-896849-1B.1","6+8N71+9N84+8N143+8N",513,1,1
"IM-23-122-VYRP","8073804699","Maziba","Pf3D7_08_v3-102277-102527-1A","TACCTTCATCTATTGAATTAATTTTCTCAAGTAACATATTTTTGTCTTGACTACTTTCATCTGTAAATGGAACGAGTACTCTTTGCTTACCTGCAAAAAGGACAACTGACATATGAGCCTTATCCTTACTTACATTCGAATTAAAGACCATAGATTCTAAAAATGGTATAGTTCCTTTTAACCAATAATC","Pf3D7_08_v3-102277-102527-1A.1","76G",1739,1,1
"IM-23-122-VYRP","8073804699","Maziba","Pf3D7_08_v3-1056678-1056903-1A","GTGTTAACGATAATTATAATGCAATAAGCACAACTAATTTTTCAGATGACATGGATGAATTGATAAAGAATCTTTCTATTATGGGTTTGTGTAAAGAGAAAATAGTGTTAACAGAAAAGGCAACACTATTTAATAACATTGAATTGTTGTATTCATATTATCTTATAGTTCAGA","Pf3D7_08_v3-1056678-1056903-1A.1",".",5276,1,1
"IM-23-122-VYRP","8073804699","Maziba","Pf3D7_08_v3-1099719-1099977-1A","AAAAAATAAAAAATCAAACATGATAAATAATAATGTATATAATACTAGTGGTATAAAAAATAATGATCAAAATATGGATAATATGAATCAAAAAGGGAAAAGTAACAAAAATTCAAATAAATATAATTTTGATGAAGAGGATTTATGGTTTTTATGTGATTTATGTAATAATCCTATAAGTCCGTTATGTTA","Pf3D7_08_v3-1099719-1099977-1A.21","1+14N21T54+8N",259,1,1
"IM-23-122-VYRP","8073804699","Maziba","Pf3D7_13_v3-935613-935884-1A","CAAAATAATATGAATAGTAATAGTAATAGTTATAATAATTTTAATATAACAGATAGAAGTAAAGAAATAAAAAAAGATTATAAAAGAAACAAAATTTTAATAGTTATTAATAATATTAATACAAATCATATTTTATTATTAAATGAAAGTGTTATAAAAAAAAAAATACTTACATTTTATCTAGATCTTTTTTTTGATGATAATGAACAAAT","Pf3D7_13_v3-935613-935884-1A.2","68+11N155+13N187+10N",244,1,1
"IM-23-122-VYRP","8073804699","Maziba","Pf3D7_13_v3-958247-958510-1B","TTTATATTATCTGTAATATGCACATTTTGTATAATATTATCAATATTTGTAGCATTTTGACCGTATGTTTCATTTTCATCGTATGTTCCATTTATATTGTATGTTTCATTTTCATCGTATGTTCCATTTATATTGTATGTTCCATTTTCATCGTATGTTCCATTTATATTGTATGTTCCATTTTTATCATATGTTATGTCCACAT","Pf3D7_13_v3-958247-958510-1B.2",".",31,1,1
"IM-23-122-VYRP","8073804699","Maziba","Pf3D7_14_v3-1038300-1038538-1A","ATTAATGATTTATACACTTCAACTACACTTTTTAATTTAGCCCATACAACTAATAAAGCTCTACGATAAATTTCTTTTTTATTTGATTTAGAAAAAGGAGAAAACCATTGAAACTTTTTGGCTAGATATTTATGGTCTTTATCAAAAATATATTCTGAAACTTCATCTTCTAGAAGT","Pf3D7_14_v3-1038300-1038538-1A.3","50C74+8N",1239,1,1
"IM-23-122-VYRP","8073804699","Maziba","Pf3D7_14_v3-106867-107115-1A","AATGACATGAACAAGTCAGGCGAAAAAGAGGAACATGTTATAAATAGTAAATGGAAAAATAAATTTTTCCATGAAGTAATACAAAATATGTTATATGATGATAATATAAATGATCATAAGGAAGAAATTAAGGAAGATAATTCTAATGAATATAATATCAATAATAAAAATGATAATTTATATGATATA","Pf3D7_14_v3-106867-107115-1A.1","78A",2,0.00465116279069767,2
"IM-23-122-VYRP","8073804699","Maziba","Pf3D7_14_v3-106867-107115-1A","AATGACATGAACAAGTCAGGCGAAAAAGAGGAACATGTTATAAATAGTAAATGGAAAAATAAATTTTTCCATGAAGTTATACAAAATATGTTATATGATGATAATATAAATGATCATAAGGAAGAAATTAAGGAAGATAATTCTAATGAATATAATATCAATAATAAAAATGATAATTTATATGATATA","Pf3D7_14_v3-106867-107115-1A.3",".",428,0.995348837209302,2
"IM-23-122-VYRP","8073804699","Maziba","Pf3D7_14_v3-1166107-1166371-1A","TTTTTGAATTATTAAATATATCTTCTATAAAAAAAGAATATCAAGCTATACATAACAATAAGTATTTTTTATGGAATATGGATGCAGATTTTTTTACTATAAAAAATCATCATAAGGATAATAAGGATAACAATGATGAAAATGTGAATGTAATAATACAACAAAATAATTTAGTTCTAGAAAAATATGATCATTTAATAGA","Pf3D7_14_v3-1166107-1166371-1A.2","28+9N64+8N88+9N100+8N179A",151,1,1
"IM-23-122-VYRP","8073804699","Maziba","Pf3D7_14_v3-120101-120365-1A","TTTTACAACATTATTTTTTTCTTCCTCCTCAGATAAAATAGGTACACATATCGCGTCCTTATCACATCCTCCATTGTTTACCTTACAATGTTCTTCGCATTCGAAATTTTTTTCAGGATTACTTGAAAAGCCTTCTGGACAATTACAATATTCATATCCATGAGCATTCTTACAAACACCTTTTCCACAATTTAAAA","Pf3D7_14_v3-120101-120365-1A.1","13+9N106+9N165C",350,1,1
"IM-23-122-VYRP","8073804699","Maziba","Pf3D7_14_v3-137398-137668-1A","ACCATTCATATTTTCTAGGTTTGTTTAACCAATTACATATATATAATATATTACAAAATAATTGTTTTAATAATATATGTTTAGTTAATATTAATTCAATACTACTTAATTTATTTCTTATATTTTTTAAAAGATCTTCATAAACAAAATCAAAATTATCTATTAATAATAAATAACCAAATCTTTTATGTACATTTTTTATTC","Pf3D7_14_v3-137398-137668-1A.2","122+8N194+8N",42,1,1
"IM-23-122-VYRP","8073804699","Maziba","Pf3D7_01_v3-194742-194973-1B","TACCTATAAAAATGAAAAAAATAAAGAAGAAGATAAATATGGAAAAAATGAAAAAAACGAAAAATATGACAAATATGACAAATATGAAAAATATGATAAATACAAAAAAGATAATAAAAATCAACATGATGATCCACTTTATGATAATATTAATAAAAATTACGATAA","Pf3D7_01_v3-194742-194973-1B.1","14+9N42+17N97D=AAAATATGA112+8N",1901,1,1
"IM-23-122-VYRP","8073804699","Maziba","Pf3D7_14_v3-1956056-1956330-1B","CTAATTTTTTTTCTCCACTTTGTAATTTTTATTGTTGAATATATATATAAAGTTAAACCTATAAATAATACACTACCTAATAAACTATTCTTATATTTAAAAATAAATATAACACATGTTATTAATCCTTCTATTGTTGCCGGAATAATATACATTAAAACAGAACTCATCAAATTATTAGCACTCTCGGTACCTCTATCAACTATTCTCA","Pf3D7_14_v3-1956056-1956330-1B.1","4+10N113C",211,1,1
"IM-23-122-VYRP","8073804699","Maziba","Pf3D7_14_v3-1992121-1992370-1A","ATTAAAACATTCCAACAATTTTATTTCCTTCTTTATAAAATTATATAAATTAATTATTTTCTTTTTATCACATTCAAAGACGGCATAAGGTGCACCCCATGAACATTTTTTACTTTTGCTACCATCAGGCATAATATAAACACCAGTACCATTTTTTTCTGATAAATTAATATTTTTTTGTATAACATCATA","Pf3D7_14_v3-1992121-1992370-1A.1","105+8N151+9N172+9N",223,1,1
"IM-23-122-VYRP","8073804699","Maziba","Pf3D7_14_v3-2004362-2004606-1A","TATTTCCATATTATTGTAATAGGGCTTTTTCTTGCTCTTCTAATTTTTGTATATCTTGCTTATCCTTATCTAATTGTCCAAGAGCATTTAATTCATCTTCTACATTTATTTTATTTTCTTGAGAATATTCTTCAATTTTGTCTTCGAAACTGTTATATAATCTATTTATAATTGGTTG","Pf3D7_14_v3-2004362-2004606-1A.1",".",471,1,1
"IM-23-122-VYRP","8073804699","Maziba","Pf3D7_14_v3-2020604-2020849-1A","CAAGAACATGAATATTTCTGTAAATACATAGACAAGTCCTCATTATGTCTTATCACAGGGTGCTCTTCTTTAATATGACAATATAATTTTATATGTTTTATTATTTCTTGATGAATTTCACATAATAAAAATAATGTGTGATTCATATGTTGACTACTCAATATAGAAAAGCCACTAACTAATTG","Pf3D7_14_v3-2020604-2020849-1A.2","65+8N158T",907,1,1
"IM-23-122-VYRP","8073804699","Maziba","Pf3D7_14_v3-2260533-2260765-1A","AATAACCATCAAATACAAACTCAACCAACAAATACAGTACAATATATTCAACCAAATTATCAACAAGTCATAACACAAGTAGATCAAAATGGTAATCTATTCAATCAACAGCTTGTAGGAAGTACAGTAATGCAAAATATGACACCACAAGGTGTAAACACGTTAAATTATCCTGCAACG","Pf3D7_14_v3-2260533-2260765-1A.3","61C91G",3,0.00175953079178886,2
"IM-23-122-VYRP","8073804699","Maziba","Pf3D7_14_v3-2260533-2260765-1A","AATAACCATCAAATACAAACTCAACCAACAAATACAGTACAATATATTCAACCAAATTATGAACAAGTCATAACACAAGTAGATCAAAATGGTAATCTATTCAATCAACAGCTTGTAGGAAGTACAGTAATGCAAAATATGACACCACAAGGTGTAAACACGTTAAATTATCCTGCAACG","Pf3D7_14_v3-2260533-2260765-1A.1","91G",1702,0.998240469208211,2
"IM-23-122-VYRP","8073804699","Maziba","Pf3D7_14_v3-2355614-2355853-1A","ACTTTTCTCGATTCACATTATCCAAACCCATTTAACGAGTATGAAAAATATGACAAACATTATTATGAACTTGAAAATATTTTAAAAAACAAACTTAATGAACATTCCTTAAATTATCAATCTTTGTTAAAAATGAAAAGATTTATAAGTATGAACCATATGGAAAATAATAA","Pf3D7_14_v3-2355614-2355853-1A.3","83+8N157C",2,0.00182648401826484,2
"IM-23-122-VYRP","8073804699","Maziba","Pf3D7_14_v3-2355614-2355853-1A","ACTTTTCTCGATTCACATTATCCAAACCCATTTAACGAGTATGAAAAATATGACAAACATTATTATGAACTTGAAAATATTTTAAAAAACAAACTTAATGAACATTCCTTAAATTATCAATCTTTGTTAAAAATGAAAAGATTTATAAGTATGAACGATATGGAAAATAATAA","Pf3D7_14_v3-2355614-2355853-1A.1","83+8N",1093,0.998173515981735,2
"IM-23-122-VYRP","8073804699","Maziba","Pf3D7_14_v3-2481033-2481276-1B","CCATGTGGATAAAGACAGTAGAGAGCAATTCGAAATAAAACAGTACTCTTGCAAATTAGATATTTTTTTGAACTCATCTGTTCCTATAAAAAATTCTGAATGTAAGCAGAATAAATTATACACAAAAGAATATATATTCATTTTTATTTATTCACTTTATATATGTTTGTATGTATGTA","Pf3D7_14_v3-2481033-2481276-1B.3","62+9N87+8N",1038,1,1
"IM-23-122-VYRP","8073804699","Maziba","Pf3D7_01_v3-145388-145662-1A","GATATGTTTAAATATATGATTCTCGAAAAAACTTTTTTTATTTTTTTTGTCAATAGATAAATGATCAATATTTTCTATATTTAATCTATCAAGAATTTTTATATATCTATTATTTCTTTCTTCGATGGATAAATTATATGAATCAATATCCTTTCTTTCATCAACAAACTTTTTTATTGTTAACTCCATTTTTTTATTTAAGATACCA","Pf3D7_01_v3-145388-145662-1A.3","25+25N94A139T169+8N188+9N",76,1,1
"IM-23-122-VYRP","8073804699","Maziba","Pf3D7_01_v3-162867-163115-1A","ATATACCAATAATACTTTTTTTTTTAAATAATGTAAAAAATGATTTATATAATTGTTATAAACAAATGATCACATATCATAATAATAATATCCTAAATCATAACTCTAATATTTTATCAAAAGAAAATGAAAAAAAACAACCTTTTTCAACATATAATATATCAAATCTTTGTTCTCCTGACCAAATGGTGATAAATAAAAA","Pf3D7_01_v3-162867-163115-1A.1","15+12N34+8N129+10N",1032,1,1
"IM-23-122-VYRP","8073804699","Maziba","Pf3D7_01_v3-181512-181761-1A","TTCATTATTGTTTTCATTCTTTTTTTAACTAAAACTATTCATCTCAAAAATATAAGATATTTTATATGACGAATGCCATTGTATTTTTTGTTACGTAAAACCTGACTTCTTCAAGGAAAACACATGCGCATTTTCACCAATTTTTGCCTAAGCTTATTATAAAAAGTATATTAAATGTATGAC","Pf3D7_01_v3-181512-181761-1A.1","19+9N30T83+8N",46,1,1
"IM-23-122-VYRP","8073804699","Maziba","Pf3D7_04_v3-1005938-1006187-1A","GTCTTAACATTAATTCTAGTTACAAAGTTACATGGATTTATTGAAAAGATATTTTCGTCATTATATTTCTTTTTTTCCATATCTGTTTGATCATTTTGATATGTTTTCATATTATCCATATGTTCATTATTTTGATCAATATAATTTTTTTTTATAATAAATTTAGAATTATTTTTAAAGAAA","Pf3D7_04_v3-1005938-1006187-1A.2","15T16C61T69+9N144+11N",424,0.995305164319249,2
"IM-23-122-VYRP","8073804699","Maziba","Pf3D7_01_v3-455794-456054-1A","AGAAAAAAAATTTATTAAGAGGTATTTAGATTTTAAAAATTTAAGAATTAATTTTTAATTATGTCTATAAAAACTTAATAGAAAATAAATATTATTTTGTTTTTCAAAAAAATGTTTAAGAATAATATTTCTTTATTCTTTTACAATTTAGAACATATAATGCTATTTCTTTTAATTTTAATTTAATTTCAAA","Pf3D7_01_v3-455794-456054-1A.2","2+10N28A105+9N",131,1,1
"IM-23-122-VYRP","8073804699","Maziba","Pf3D7_07_v3-1066661-1066903-1A","TATAGTTTTGTAATTTATTGGTATGTGTTGTTAAAGGAGAATTTTTTTAATATCCCTTGTCATGGGCAAAATGAGAAAAAAGAAATAAAAAACTTTTATGTTCAACATGAAGATATTTGTGAACACACTATTGGTAATCATATGTTAGGTGATAAATTAAAAATGTGTACATCTAATATTAATG","Pf3D7_07_v3-1066661-1066903-1A.1","4A41+9N75+8N86+8N",1697,1,1
"IM-23-122-VYRP","8073804699","Maziba","Pf3D7_07_v3-1149367-1149613-1A","TATTTGACTAGTCGAATAATATTTAATATTTTTGTTTAGGAAGTTTTCAAAATTGATGACATTGATAACCGTTTTTATTAAATCGCTTGGGTTGTTTGTGTGTTCCATTGTAGATGACATAATTTTAAGAATGTGTTTTTGTGTTATTAAACAAAACTTTGTTACTATATGGAATCGTATGTTAT","Pf3D7_07_v3-1149367-1149613-1A.8","115T",2,0.000899280575539568,2
"IM-23-122-VYRP","8073804699","Maziba","Pf3D7_07_v3-1149367-1149613-1A","TATTTGACTAGTCGAATAATATTTAATATTTTTGTTTAGGAAGTTTTCAAAATTGATGACATTGATAACCGTTTTTATTAAATCGCTTGGGTTGTTTGTGTGTTCTATAGTAGAAGACATAATTTTAAGAATGTGTTTTTGTGTTATTAAACAAAACTTTGTTACTATATGGAATCGTATGTTAT","Pf3D7_07_v3-1149367-1149613-1A.1","106T109A",2222,0.99910071942446,2
"IM-23-122-VYRP","8073804699","Maziba","Pf3D7_07_v3-403479-403716-1B","TTAGGTGGAGGTTCTTGTCTTGGTAAATGTGCTCATGTGTTTAAACTTATTTTTAAAGAGATTAAGGATAATATTTTTATTTATATTTTAAGTATTATTTATTTAAGTGTATGTGTAATGAATAAAATTTTTGCTAAAAGAACTTTAAACAAAATTGGTAACTATAGTTTTGTAACATCCGA","Pf3D7_07_v3-403479-403716-1B.1",".",1289,1,1
"IM-23-122-VYRP","8073804699","Maziba","Pf3D7_04_v3-115455-115684-1A","TATTAATGTCATTTTGTTTTTCTTTATTATTATTATTTTTATTTTTTCCCTGGTTATCTTTCTTATTACCTAGCTTTTTTTTGTTGTCATTATTTTCTGTCTGATTATTATTTTTGACTTTGTTCATCTTTGAATTATTCGTTCTGTTTGTATGTCTCAAGCAAGGT","Pf3D7_04_v3-115455-115684-1A.28","24+25N61T74+10N139T",3154,1,1
"IM-23-122-VYRP","8073804699","Maziba","Pf3D7_08_v3-1176313-1176549-1A","TACATCCAATGAATATTTTACACTTAAAAGAAATAAACAAATTATTCATAATAAAATACATATACTCTCTATGCAAAAAAATAAACAAAATACAAACGAGCTAAACAAATCATGTAATATTAACGCCATCATATTTAATATTAATTCTGATGATTTTGAGGTAGGCGATGAAATTGT","Pf3D7_08_v3-1176313-1176549-1A.4","67C74+9N",2009,1,1
"IM-23-122-VYRP","8073804699","Maziba","Pf3D7_08_v3-1313088-1313338-1A","TGAGAGACATAGATATATGATAGAAAAATGGAAAAAAGAAGATTGGTTTTGTGATTTAAAAGAAACGTTGAAAAATGAATTTGAAGAAGAGATGGATATAGGAAAAGTATCTTTTTTATATGAAAATAATAGAGAGTATGGAAAAAATTTTTATTTGGAAAAGCAAAAAATTATATGGAAAAGATGG","Pf3D7_08_v3-1313088-1313338-1A.6","31+8N89G111+8N141+8N164+8N",464,1,1
"IM-23-122-VYRP","8073804699","Maziba","Pf3D7_08_v3-1314717-1314986-1A","ATAAAAAAGAAAAAATTATTGTCAAAAGTTTTCATAGATATATATATGATGGTATTAGAAGATTTTAAAGAAGAAGAATGTAAAAAGAATAAAGAAATATTTCTTGATACTTATATAGATGAACTAAAAAAAGATTCGCAAAGTGAAAAAAATAAAAGCATGTTAAATATATTAGATGAAATAAAAAGTGATATTCATATAGGATATC","Pf3D7_08_v3-1314717-1314986-1A.3","2+15N125+9N145+9N",133,1,1
"IM-23-122-VYRP","8073804699","Maziba","Pf3D7_08_v3-1344618-1344845-1A","TATCTTTTCCATATATAATAACGCATGAATTCTTTAAATATATCTTTTACTTTATCTGTAAGTTTCATGGAATCTATTATTTCATGTGCATATTTTATTTTTGCCTCGTTTATATATTTACCTGCTTCTAATTTACATAAACATTTTTCTATTAAGTTTTG","Pf3D7_08_v3-1344618-1344845-1A.1","128C",2291,0.999127780200611,2
"IM-23-122-VYRP","8073804699","Maziba","Pf3D7_03_v3-980853-981120-2","TAAGATTCTTTTGAGTTATTTATTTTCCAAATAATTTGGTTATATATATATGAAAATTCGATCATACCACATGCTCCAAGAATAATAGATGCATCGTCATTATATTGGAATGTAAAACTTTCATCATACTCATTTGTATTAGGTACACAAGAATCATCTTTATTTTTATAATTTTCTTTACATGTACAATTAATTTTACTATATT","Pf3D7_03_v3-980853-981120-2.1",".",101,1,1
"IM-23-122-VYRP","8073804699","Maziba","Pf3D7_04_v3-1005938-1006187-1A","GTCTTAACATTAATCTTAGTTACAAAGTTACATGGATTTATTGAAAAGATATTTTCGTCACTATATTTCTTTTTTTCCATATCCGTTTGATCATTTTTATATGTTTTCATATTATCCATATGTTCATTATTTTGATCAATATAATTTTTTTTTATAATAAATTTAGAATTATTTTTAAAGAAA","Pf3D7_04_v3-1005938-1006187-1A.1","69+9N84C98T144+11N",2,0.00469483568075117,2
"IM-23-122-VYRP","8073804699","Maziba","Pf3D7_07_v3-1028330-1028603-1A","TAAAGAATATTTTTATTTCTAATATTATGGCTAAAAGGAAAATTATTTAATTTCATTTTTTGTGGGTTACTTGTATCATTACAACTCATCATCATGACCATATTATTATTATTATTATTGTTGTTGTTGTTGTTGTGGTGGTTCATTACCAATAAATTTGTGTTATTATGTTCATCCTTTTTTATATTAACAATTTCATTTCTATAA","Pf3D7_07_v3-1028330-1028603-1A.2","55+8N101+36N177+8N202C",195,1,1
"IM-23-122-VYRP","8073804699","Maziba","Pf3D7_04_v3-1037644-1037891-1A","GAAAGAGATTTAACAGATGATGCTGTGATTTTTGCACACTCACTTTATTTACCATTTGAAAAAGAAGAAATGTGGTGGATCGTTATCGGAATTAAAAAAATGAACTTACTTTTATCTATCAAAAAATTATCTTTATTGAAAAGTGTCAATAATATAAAAATTAATTTCGAATTGCCTGACA","Pf3D7_04_v3-1037644-1037891-1A.1","93+9N120+8N",1389,1,1
"IM-23-122-VYRP","8073804699","Maziba","Pf3D7_04_v3-1083299-1083563-2","ATACACTTTCCATATGTAGAGGACTTATGATATATAGAATTATAAGATAAATGTTTATAATAATCTAAAAAAGTATAATGAGGTATTATAACAAAATCCAAATGTCCTTCTTTTTCTTGTAAAATATCAATAGAATTTGCAATGTTATAATTTGATAACTCTTTAAAATGATATTGTAAAAAATTAACATTTTTATA","Pf3D7_04_v3-1083299-1083563-2.1","66+8N177+8N",129,1,1
"IM-23-122-VYRP","8073804699","Maziba","Pf3D7_04_v3-109939-110184-1A","CAACATCTGAATTATATAAATCTTTAGAAAAACAACTAATATCCTTACTACATATATTTATTTTTATACCAAGAATAACAGCCATATAAACCAAAACTCTCTCAAATGCATGTGATACAGGTAAATAAGAAAAATGGGTTTTCGGTTTCATGTTTTTTATTACATTATGATCACATAATGGTGCTACT","Pf3D7_04_v3-109939-110184-1A.5","50A51C108G152+8N",724,1,1
"IM-23-122-VYRP","8073804699","Maziba","Pf3D7_04_v3-1113397-1113639-1A","GATTCTGCATGCAGTAATGAATCTATTGAAATCATCTAAGAATAAACTTTTTTGTTTAAACCATTTATTGAACATTTCACTTAAATGTGATTCAATTTTTTTTTCTGAGCTTTCCATAATTTGATTACAACTATTCAATTTGTTTGTATAAGTTTTAGGTCTTATTATTCTTTTACGTTTTAAATCATC","Pf3D7_04_v3-1113397-1113639-1A.2","47+8N95+11N",1435,0.999303621169916,2
"IM-23-122-VYRP","8073804699","Maziba","Pf3D7_04_v3-1113397-1113639-1A","GATTCTGCATGCAGTAATGAATCTATTGAAATCATCTAAGAATAAACTTTTTTGTTTAAACCATTTATTGAACATTTCACTTAAATGTGATTCAATTTTTTTTTCTGAGCTTTCCATAATTTGATTACATCTATTCAATTTGTTTGTATAAGTTTTAGGTGTTATTATTCTTTTACGTTTTAAATCATC","Pf3D7_04_v3-1113397-1113639-1A.1","47+8N95+11N130T161G",1,0.000696378830083565,2
"IM-23-122-VYRP","8073804699","Maziba","Pf3D7_08_v3-1370814-1371045-2","TGTTGCAATATATTACTAAAAAATAGAATTATTATGTTATTTTGATCATATGGGAATACATTTAAATATTTATATTCTGATGAATATTCTTATAAAAAAAAAAGGGGGGGGGGAAATAATACGTTCATGATTTATTTATATTTCAATATATTTTCTATTTTGCGA","Pf3D7_08_v3-1370814-1371045-2.2","17+8N93+21N",159,1,1
"IM-23-122-VYRP","8073804699","Maziba","Pf3D7_04_v3-133581-133830-1A","CTCTCGATTATCATTACCTACTTCAGTCTTTACAATTGTAGGAGGTGTTTTAACATGATTATCCCCTCCATGTGGAGTAACCCTTAAAGGTTCTTCTTGAATATTTGGTGTCGCTTCGCCTGTTTCTGTAGAAAGGATATTTATTCTATCAACATATTCATCACCTTCTTCAACTGTACTATTTAAA","Pf3D7_04_v3-133581-133830-1A.8","73T",386,1,1
"IM-23-122-VYRP","8073804699","Maziba","Pf3D7_06_v3-851492-851765-1A","ACAATAGTACATTCTGCATTTACATCACAACCTCCATTATTTTTTGAACAGTTCATATCTTTCATAGGTATACATTTAAAATAATTTACACTCATATCAACTATATAATTAGGTCGGCATCTACATTGTTCTTTATCTTTTTCGACAATATAACAACGTGAATTGGGTCCACATTTGGAATATTCACAAATATAATTTACTTTAAATATAACAAAATTTTTCA","Pf3D7_06_v3-851492-851765-1A.4","39+8N220T",290,1,1
"IM-23-122-VYRP","8073804699","Maziba","Pf3D7_08_v3-1365709-1365954-1B","ATTTTCATCTTGTAATGTGTTTTTAACATTATAGCAGTAATTTTCTAGGTTGTTTCTTGCTTCAATTCTATTTTTATTTTGTTCATCCTCTTCTTTATATTTTTCTGCATCATTTACCATACGATCGATATCATCTTTTGATAATCTTCCTTTATCATTTGTAATAGTAATTTGGTTTTGT","Pf3D7_08_v3-1365709-1365954-1B.1",".",638,1,1
"IM-23-122-VYRP","8073804699","Maziba","Pf3D7_07_v3-1043981-1044225-1A","ATAATGATATGTTATTTCATCATCAGCATCGACTTCTTTTTTATTATGTTCAAACAAATTCTTATATTTTATATTATTGCATTTTTGTCTTTCCATATTTATAAAAGATTCTATTTTCTTTTTATAATCATTCCTTTTTATATAATTACACATTCCTTCATTTTGGTTGTCATAACTCTTCT","Pf3D7_07_v3-1043981-1044225-1A.1","36+8N",1385,1,1
"IM-23-122-VYRP","8073804699","Maziba","Pf3D7_06_v3-532166-532407-1A","AGAACAATTGTTAAACACCAAATTGGGTGAAACAAAAAACCACCTGAACAGAACCCCATTTATACCTGAATCGGTCATACGAGAAAGGAAATTACGCCAAGAAAAAGCTCAATCCACAAACAACATGTTCGATTCAACAAACGCAGATAGTATTACTTCCCCATGTGATCCAACGAATGCCACG","Pf3D7_06_v3-532166-532407-1A.6","11T33+8N157T",3848,0.994572240889119,2
"IM-23-122-VYRP","8073804699","Maziba","Pf3D7_08_v3-1366626-1366856-1B","CTTTACCTCCATTTTTTTTTTTAAAATCTTGTACACAGAAGTTTACTAATTTATTATCAAAATCTTCTCCTCCTAAATGTGTATCTCCTGAGGTAGCTTTAACTTCAAAAATTCCATCTTCAAGTGTTAATAAGGAAACATCAAATGTTCCTCCTCCTAAATC","Pf3D7_08_v3-1366626-1366856-1B.1","11+13N",574,1,1
"IM-23-122-VYRP","8073804699","Maziba","Pf3D7_08_v3-1370603-1370853-1B","AAAAGTAATTAAAAAAAAAAAAAATGAAAATAAAAAAAAACATTACATATTTTTTTATGTATAAAATATTTTAAAGCACTGAGATTATTTATGTTATAAATTAATTGAATGTTTAAAAGATTATAAAATTTTATTTATGAAAATATATGAATATATATAATATAAGCAGGTATTAAATAACCAAATAATAT","Pf3D7_08_v3-1370603-1370853-1B.2","10+32N49+9N",55,0.625,2
"IM-23-122-VYRP","8073804699","Maziba","Pf3D7_08_v3-1370603-1370853-1B","AAAAGTAATTAAAAAAAAAAAAATGAAAATAAAAAAAAACATTACATATTTTTTTATGTATAAAATATTTTAAAGCACTGAGATTATTTATGTTATAAATTAATTGAATGTTTAAAAGATTATAAAATTTTATTTATGAAAATATATGAATATATATAATATAAGCAGGTATTAAATAACCAAATAATAT","Pf3D7_08_v3-1370603-1370853-1B.1","10+32N49+9N",33,0.375,2
"IM-23-122-VYRP","8073804699","Maziba","Pf3D7_07_v3-105172-105442-1A","GACTACTAACAGAGTGACTACCTACGCTATGTTGAGATGAATTGCTTCCATTTGAATTACTTCCAGATAGGTGATTTTCTGTACTTCCATCTGAATTGTTTTTATATAATTGACTTTCCTTTTGTCCATCTAAATTATGCACTGCACTATGAGTTCCTTCACCCAAATTATTACTGTTTGTTGTATCATCATTTAAATCAAATCCATTTCTT","Pf3D7_07_v3-105172-105442-1A.2","44G52T",283,1,1
"IM-23-122-VYRP","8073804699","Maziba","Pf3D7_08_v3-1366575-1366822-2","TTTAGCTTTTTCACATTGTGTTCTTAATCTTCTTAATGATTTTGAATTTTTGGAAACATCTTTACCTCCATTTTTTTTTTTAAAATCTTGTACACAGAAGTTTACTAATTTATTATCAAAATCTTCTCCTCCTAAATGTGTATCTCCTGAGGTAGCTTTAACTTCAAAAATTCCATCTTCAAGTGTTAATAAGG","Pf3D7_08_v3-1366575-1366822-2.1","70+13N",717,1,1
"IM-23-122-VYRP","8073804699","Maziba","Pf3D7_08_v3-1344618-1344845-1A","TATCTTTTCCATATATAATAACGCATGAATTCTTTAAATATATCTTTTACTTTATCTGTAAGTTTCATGGAATCTATTATTTCTTCTGCATATTTTATTTTTGCCTCGTTTATATATTTACCTGCTTCTAATTTACATAAACATTTTTCTATTAAGTTTTG","Pf3D7_08_v3-1344618-1344845-1A.7","84T86C128C",2,0.000872219799389446,2
"IM-23-122-VYRP","8073804699","Maziba","Pf3D7_08_v3-1365750-1365999-2","TTTCTAGGTTGTTTCTTGCTTCAATTCTATTTTTATTTTGTTCATCCTCTTCTTTATATTTTTCTGCATCATTTACCATACGATCGATATCATCTTTTGATAATCTTCCTTTATCATTTGTAATAGTAATTTGGTTTTGTTTACCAGTACCTTTATCTAATGCTGTTACATTTAGGATACCATT","Pf3D7_08_v3-1365750-1365999-2.1",".",452,1,1
"IM-23-122-WVFA","8039832252","Maziba","Pf3D7_13_v3-2114242-2114482-1A","CTTCCATTAACTCAATATATAATTTATTAATAATTTTTAATTTGTTTATTTCAAAAAGGCATAGTTGTAACAAGGTTCTTAAGGTTCTATTACCCCCTAAGAGGTTAAAATGAATATTTCCTTTTTCTCGTATATGCAAAAAATCCCTTAACAATAAATCATATTCATCAGTATGAAATGT","Pf3D7_13_v3-2114242-2114482-1A.1","67G76T137+8N",5107,1,1
"IM-23-122-WVFA","8039832252","Maziba","Pf3D7_13_v3-2545065-2545291-1A","ATGATTCCTCAAAAGTTTAACATTCCACATAGTATCTGTTAAATTGATAGTTTGCAAACAATTATACGTTTGGTTATTTTTATTTTTAAAAAAGGATATATCATCATCTAAAGATTTATTTTTGAGAAAGATTTCCATATATTCATATATATCTTGAATACACCA","Pf3D7_13_v3-2545065-2545291-1A.14","87+8N102C",2634,0.350779065121854,2
"IM-23-122-WVFA","8039832252","Maziba","Pf3D7_13_v3-2114829-2115090-1A","ATTCAATATATATAAAAATATAGCTAATAAACATTTCAAATCTCCATTAAGAACTTTATTCATCTTAACAAAAGCTCTATGAACTTCTGTATCTATAGTCGATTTTGTTATTCTAAGCATATCATTAAGTAAAAAATTTACGGTATCGACATTAACAGTGTAATAATTTCTTCCTAAATTTAAATGTTCTATATAATTCAA","Pf3D7_13_v3-2114829-2115090-1A.5","130+8N",4196,1,1
"IM-23-122-WVFA","8039832252","Maziba","Pf3D7_13_v3-1465901-1466157-1A","CATAAAGGGTCCGATAACATTTTTTACATTTTCCCATGCAGAATCAGCATACAAGTTACATTTACCATCTGATGGATGACAACCTACAAGAAATCTGTTGAAAGCTACATTAATACCTTGTCCAATACCAAAAACAGCTATTTTAACACCACGATCATTTAATTTTCTTGATTCTTTTAATGAATCTTGAATACTAT","Pf3D7_13_v3-1465901-1466157-1A.1","19+8N158T",5199,1,1
"IM-23-122-WVFA","8039832252","Maziba","Pf3D7_13_v3-1876391-1876664-1A","TACTATCTGTAAAAGTATGTTTAGAACTAACATTTGAAGAGAAGTTACATCCGTGTATGACTTTTTTTTCATATTTTGGTTTTAAAACTATTTTATAATTATTATTTTTAAATTTGCATGTACATTCTGTATTAACATCTTTTGATGTAACATAAAATGGAGCTTTAAAGATAGTTAAGTTTTTATGATAAATTATTTTATTACTTTTATATA","Pf3D7_13_v3-1876391-1876664-1A.3","1T61+10N",1831,0.654162200785995,4
"IM-23-122-WVFA","8039832252","Maziba","Pf3D7_04_v3-284121-284364-1A","ATATTGTATATTATCATAAGATTTATATGGAGGACCACATTGAAATCCGACAATTTCATTTGATGCATGTAGTACACATTCCGTATTTCTGTTTGAATTATTTAAAATAATTTTATTACTTAGAAATGATTCTTTTTCACTATAATCTTTATATAACAAAGGGTTTTCATCAATTTGA","Pf3D7_04_v3-284121-284364-1A.6","165T",4443,1,1
"IM-23-122-WVFA","8039832252","Maziba","Pf3D7_13_v3-156456-156685-1A","ATTATATGATATTTATATAAAATTAGAAAATCTAATTTTAGAAAAAATAACTGAAAGTATATACAATAGTACACCTCCATATAGAGTTATTATGTTCGAATTAATGACCAGATTGTTTCGATTTTATACAAAACCAATAGACCTTATTATTACTATGAATACAC","Pf3D7_13_v3-156456-156685-1A.2","41+8N115G",691,0.352371239163692,2
"IM-23-122-WVFA","8039832252","Maziba","Pf3D7_13_v3-1724895-1725166-1B","CGCCATTTTCTCCTCCTGTAATTATATAAGAATCTGACAATGTGGCAGCTCCAAAATTCATTTTTTTCTCTGGTACACCATTTAGAAATTGCCATCTTTTATTAAATGGTTGATATTGTTCAACGGAATCTAATATGTTATGTTCATTATCAATACCTCCAACAACATATATTTGATTAAGGTAATTAAAAGCTGCTCCTGAACTTCTAG","Pf3D7_13_v3-1724895-1725166-1B.1","60+9N",1557,1,1
"IM-23-122-WVFA","8039832252","Maziba","Pf3D7_13_v3-1725124-1725365-2","TGGAAATTGTTCCCATTTATTCATTTTTTCTTCATATACTTCAATAGAATTTAATCTCTCACCATTAGTTCCACCAATGACATAAATTTTATTATCAAAAGCAACACACATAGCTGATGATCTAGGGGTATTCAAAGGTGCCACCTCTACCCATGCTTTCATACGATGATCATATGCTTCTAC","Pf3D7_13_v3-1725124-1725365-2.1","23+8N",6763,1,1
"IM-23-122-WVFA","8039832252","Maziba","Pf3D7_13_v3-2504481-2504734-1B","TAAAATGTGTTGATGATTTTAACAATATGGTTATAACGATAAAAGAGGAAGTAAACAATCATTGGGAAAATAATATATACAATAAAAAGGATATGGTTAATTATACAAATGAAAATTATAATGATAATATATTAACATATGAATATATTAATGAAACACTTAGAAAAGAAAAAAAAAGATATTATA","Pf3D7_13_v3-2504481-2504734-1B.1","168+11N",1763,1,1
"IM-23-122-WVFA","8039832252","Maziba","Pf3D7_04_v3-544454-544718-1A","ACAAAATATAATACTTTATATACAAATGCTTATAAAAAATTTTAACTCGAACGTACTTCAAAATAATATAAATGAACAAGAAGTAATACATAATAACATCAACATTAATAATATAAAAGAAGAACAACTTATACCAAATAATATCAAGAATATCCATAATAATGACAATATTAATCATTGTGATGATAATAAAATAA","Pf3D7_04_v3-544454-544718-1A.2","33+8N128C",2672,1,1
"IM-23-122-WVFA","8039832252","Maziba","Pf3D7_13_v3-1406713-1406975-1A","TTTCATGTCTTCTTAAATATGTTTTAAATTCATTATTTAATTTTTCATCATATTTAGGTACATTTTTTTTTGGAAATCTAGATGTTTCATTATTATCGTGATTTGATGAATATATATAATGAGTTTGTTTAAAATGTGGTTCATTCAAATTATCTTTTTTCTTATCTTCGTGTATATTTTTATTATAATTTGAATACTTC","Pf3D7_13_v3-1406713-1406975-1A.1","6T62+11N154+8N",2608,1,1
"IM-23-122-WVFA","8039832252","Maziba","Pf3D7_13_v3-1465616-1465890-1A","TCTTGTGGATTATTATCTATTATATTTTCTTCTGGTTTTTGGACAGCAAAATTATCTCCTCTTGGTCTAGGTTGATCATCTTCGGGTTCATCTGGAACATCTAATGGTTCCCATTTTGGAGGACATCTTTCTTCTTCACATTGTTCTTGTAATTCACTTGTACATCCTTCGTGTAAGATTTCTCTTTTTCTTGACCTGGTACCTTTACCACAAGTTACACTACATGGAGA","Pf3D7_13_v3-1465616-1465890-1A.21","30T32C41G113A121G",3812,1,1
"IM-23-122-WVFA","8039832252","Maziba","Pf3D7_13_v3-1725208-1725471-1B","CATAAATTTTATTATCAAAAGCAACACACATAGCTGATGATCTAGGGGTATTCAAAGGTGCCACCTCTACCCATGCTTTCATACGATGATCATATGCTTCTACATTCGGTATAATAGAAGAGCCATCATATCCCCCAATACAATAAATTCTACCATTTGACGTAACACCACAATTATTTCTTCTAGGTATATTTAAATTACTTGAAAC","Pf3D7_13_v3-1725208-1725471-1B.1",".",2693,1,1
"IM-23-122-WVFA","8039832252","Maziba","Pf3D7_13_v3-156456-156685-1A","ATTATATGATATTTATATAAAATTAGAAAATCTAATTTTAGAAAAAATAACTGAAAGTATATACAATAGTACACCTCCATATAGAGTTATTATGTTCGAATTAATGACCAGATTATTTCGATTTTATACAAAACCAATAGACCTTATTATTACTATGAATACAC","Pf3D7_13_v3-156456-156685-1A.1","41+8N",1270,0.647628760836308,2
"IM-23-122-WVFA","8039832252","Maziba","Pf3D7_13_v3-146695-146934-1A","AAAGTATTTGTAATAGATTGAACGATGAACTAAATGAAGAAATATGTGGTTATCAAATTAGGTTTGAAAAATCGTATTTTTTAAAACATAGTAAAATTAAAGTTATGACAGAAGGAATTTTATTGAAAGAAATTATGAGTGATTTTATTTTATCAAAATATAGTGTTATCATTCTTGA","Pf3D7_13_v3-146695-146934-1A.1","20G76+8N170C",1,0.000142612664004564,4
"IM-23-122-WVFA","8039832252","Maziba","Pf3D7_13_v3-146695-146934-1A","AAAGTATTTGTAATAGATTGAACGATGAACTAAATGAAGAAATATGTGGTTATCAAATTAGGTTTGAAAAATCGTATTTTTTAAAACATAGTAAAATTAAAGTTATGACAGAAGGAATTTTATTGAAAGAAATTATGAGTGATTTTATTTTATCAAAATATAGTGTTATTATTCTTGA","Pf3D7_13_v3-146695-146934-1A.3","20G76+8N",6977,0.99500855675984,4
"IM-23-122-WVFA","8039832252","Maziba","Pf3D7_04_v3-141741-141990-1A","TGAATACCATATAGCCCTTTCAAATTATATAAAGACAGAACTAAGAAATATAAACCTGCAAGAAATAAAAAACAATATAATAAAAATATTTAAAGAATTCAAATCTGCACACAAAGAAATTAAAAAAGAATCAGAACAAATTAATAAAGAATTTACCAAAATGGATGTCGTCATAAATCAATTAAGAGATATAG","Pf3D7_04_v3-141741-141990-1A.1","66+8N121+8N",5729,1,1
"IM-23-122-WVFA","8039832252","Maziba","Pf3D7_04_v3-316593-316858-1A","TTATTCATTTTTTGTATATTATCCTTTTCTACATCATCAAAATTTGTTAATGATTCACACGTTATATTTGGTGATATTATATTTCTACCTGTACATACACCAATATTTGTTGTACCTATTATTTTATACCCTTCTTGACATTTAAATTCTATTTTTTCACCAAGTAAATAATATTTTTTATCAGGGATAAGGGAAACATA","Pf3D7_04_v3-316593-316858-1A.1","7+8N151+8N173+8N",3726,1,1
"IM-23-122-WVFA","8039832252","Maziba","Pf3D7_08_v3-399693-399961-1A","CTTTTCTTCACCTTGGTTTATTACATTATTATTTTCATCATTGTGTTGAATGTCCTTATAAATATGTTCATTAATAATATCTTTGGAAGTATCTTCCATATTTTCTTCTTTATCAATTTTAAATACTTTTTCATAACTTTCATTTTCTTTTTTCTCCTTGGATGTTTCTAATTTATTCTCGTCATTTTTATCAAAATTATTTTTATAACTTTCA","Pf3D7_08_v3-399693-399961-1A.1","147+8N",3640,1,1
"IM-23-122-WVFA","8039832252","Maziba","Pf3D7_08_v3-412801-413062-1A","ATGAAGAAATATACGAATATATACTTATAAACGATATTTTTAATTTAAAAAAAGAAATAAAAAATTTCAATATATTAAATAAATATGATGTATTTGAATATATTATTATTATTTTAAAATTGTATGATAAAATATATCCTGATGCAAAGTACATCGAATGTGTACGAGAAACATCACAGAATGGTGACCTTTTA","Pf3D7_08_v3-412801-413062-1A.1","46+9N58+8N101+13N188C190T",463,0.721183800623053,3
"IM-23-122-WVFA","8039832252","Maziba","Pf3D7_04_v3-648065-648332-1A","TATAACTTCTGATTCAGTTTTGTTAAGATATATACCAAGAGATCTTAACAAATATAATAATTTTTCACCACTAACTCCATCTTTATTAGTATCGTATTCTTTAAATATTGATTCAATCTCAGCTCTCTTAAAGAAAACAAATATATATACATATATATATGTATTTATATGAATTTGTATCAATAAATAATAACATTCTTA","Pf3D7_04_v3-648065-648332-1A.2","4A141+30N",1723,1,1
"IM-23-122-WVFA","8039832252","Maziba","Pf3D7_04_v3-748105-748359-1B","TGTGCATGTTGTAAGGTTGAAAGCAAAAATGAGGGGAAAAAAAATGAGGTTTTTAATAACTACACATTTAGAGGTCTAGGAAATAAAGGAGTATTACCATGGAAATGTATTTCCCTAGATATGAAATATTTTCGTGCAGTTACAACATATGTGAATGAATCAAAATATGAAAAATTGAAATATAAGAGATGTAAAT","Pf3D7_04_v3-748105-748359-1B.1","36+10N110T133C",2620,1,1
"IM-23-122-WVFA","8039832252","Maziba","Pf3D7_13_v3-1725379-1725652-2","ATTATTTCTTCTAGGTATATTTAAATTACTTGAAACATACCATACATCTCTTAAACGATCATACACCTCAGTTTCAAATAAAGCCTTATAATCATAGTTATTACCACCAAAAACGTATAAGAAATTATTCAATACAGCACTTCCAAAATAAGCTTTTTTGGTAGACATAGGTGTACACATACGCCAGCATTGTTGACTAATATCTAATAATTCCA","Pf3D7_13_v3-1725379-1725652-2.1","153+8N",2190,1,1
"IM-23-122-WVFA","8039832252","Maziba","Pf3D7_04_v3-115455-115684-1A","TATTAATGTCATTTTGTTTTTCTTTATTATTATTATTTTTATTTTTTCCCTGGTTATCTTCCTTATTACCTAGCTTTTTTTTGTTGTCATTATTTTCTGTCTGATTATTATTTTTGACTTTTTTCATCTTTGAATTATCCGTTCTGTTTGTATGTCTCAAGCAAGGT","Pf3D7_04_v3-115455-115684-1A.3","24+25N74+10N122T",9940,0.998894583458949,2
"IM-23-122-WVFA","8039832252","Maziba","Pf3D7_13_v3-1419363-1419626-1A","TTTTGAAATCTGTATATTTTTTATCATATTCATCGAGATTTATTTTGTTCTCTTTGTTTGAAATATCAACTACATGATTAAAAACATCTCCTAAATTATATAATTTCTTATCTAGGTCTTTTCGAAATGTCGATTCTCCTCCTTGTGCTGGTTTTTGTACTTCTTTTCCTTGTGTTGATATCTCTTGTTCATTTTGAGATTGAG","Pf3D7_13_v3-1419363-1419626-1A.18","16+8N24T52C123C166T196G",1420,1,1
"IM-23-122-WVFA","8039832252","Maziba","Pf3D7_13_v3-146695-146934-1A","AAAGTATTTGTAATAGATTAAACGATGAACTAAATGAAGAAATATGTGGTTATCAAATTAGGTTTGAAAAATCGTATTTTTTAAAACATAGTAAAATTAAAGTTATGACAGAAGGAATTTTATTGAAAGAAATTATGAGTGATTTTATTTTATCAAAATATAGTGTTATCATTCTTGA","Pf3D7_13_v3-146695-146934-1A.2","76+8N170C",28,0.00399315459212778,4
"IM-23-122-WVFA","8039832252","Maziba","Pf3D7_13_v3-146695-146934-1A","AAAGTATTTGTAATAGATTAAACGATGAACTAAATGAAGAAATATGTGGTTATCAAATTAGGTTTGAAAAATCGTATTTTTTAAAACATAGTAAAATTAAAGTTATGACAGAAGGAATTTTATTGAAAGAAATTATGAGTGATTTTATTTTATCAAAATATAGTGTTATTATTCTTGA","Pf3D7_13_v3-146695-146934-1A.4","76+8N",6,0.000855675984027382,4
"IM-23-122-WVFA","8039832252","Maziba","Pf3D7_04_v3-1037644-1037891-1A","GAAAGAGATTTAACAGATGATGCTGTGATTTTTGCACACTCACTTTATTTACCATTTGAAAAAGAAGAAATGTGGTGGATCGTTATCGGAATTAAAAAAATGAACTTACTTTTATCTATCAAAAAATTATCTTTATTGAAAAGTATCAATAATATAAAAATTAATTTCGAATTGCCTGACA","Pf3D7_04_v3-1037644-1037891-1A.2","93+9N120+8N145A",1167,0.224121375072018,2
"IM-23-122-WVFA","8039832252","Maziba","Pf3D7_13_v3-1876391-1876664-1A","TACTATCTGTAAAAGTATGTTTAGAACTAACATTTGAAGAGAAGTTACATCCGTGTATGACTTTTTTTTCATATTTTGGTTTTAAAACTATTTTATAATTATTATTTTTAAATTTGCATGTACATTCTGTATTAACATCTTTTGATGTAACATAAAATGGAGCTTTAAAGATAGTTAACTTTTCATGATAAATTATTTTATTACTTTTATATA","Pf3D7_13_v3-1876391-1876664-1A.4","1T61+10N179C184C",2,0.000714540907466952,4
"IM-23-122-WVFA","8039832252","Maziba","Pf3D7_04_v3-1083299-1083563-2","ATACACTTTCCATATGTAGAGGACTTATGATATATAGAATTATAAGATAAATGTTTATAATAATCTAAAAAAGTATAATGAGGTATTATAACAAAATCCAAATGTCCTTCTTTTTCTTGTAAAATATCAATAGAATTTGCAATGTTATAATTTGATAACTCTTTAAAATGATATTGTAAAAAATTAACATTTTTATA","Pf3D7_04_v3-1083299-1083563-2.1","66+8N177+8N",2690,0.728405090712158,2
"IM-23-122-WVFA","8039832252","Maziba","Pf3D7_08_v3-336421-336651-1A","TAACAACGAACCCATAAATTTACAGAAAAATTTAGATTTAATCATATGGCTAAAAAAGAATATAAAAGAAGGAGAAGCTTTAATTTCTGATATACCTACATCAAGTTTTTTAAGGTGTACTACAAATTATAAATTTGTATTGCATCCCCAATATGAAGATAGT","Pf3D7_08_v3-336421-336651-1A.3","51+8N97T105+8N148C",6751,0.996751808652001,3
"IM-23-122-WVFA","8039832252","Maziba","Pf3D7_13_v3-156713-156986-1A","TCCTTTTATGTGAACAAATTAAATATTGTAAATGATTTCTTTTTTGAAACACACCATAAAGATACACATCAAGACAGTCAAAATGAACACAAAACGGATGAACCTAAAATACATAATGTTTTCAAAAAAAAAAATAACGATATCTTTGTTAATATTCCTCTACCAAAAATATTTAAAAATTTCTTACATTCCATATATTTTAGAACTCC","Pf3D7_13_v3-156713-156986-1A.2","39+8N50C123+13N",15,0.00671742051052396,2
"IM-23-122-WVFA","8039832252","Maziba","Pf3D7_13_v3-156713-156986-1A","TCCTTTTATGTGAACAAATTAAATATTGTAAATGATTTCTTTTTTGGAACACACCATAAAGATACACCTCAAGACAGTCAAAATGAACACAAAACGGATGAACCTAAAATACATAATGTTTTCAAAAAAAAAAATAACGATATCTTTGTTAATATTCCTCTACCAAAAATATTTAAAAATTTCTTACATTCCATATATTTTAGAACTCC","Pf3D7_13_v3-156713-156986-1A.1","39+8N47G50C68C123+13N",2218,0.993282579489476,2
"IM-23-122-WVFA","8039832252","Maziba","Pf3D7_04_v3-1113397-1113639-1A","GATTCTGCATGCAGTAATGAATCTATTGAAATCATCTAAGAATAAACTTTTTTGTTTAAACCATTTATTGAACATTTCACTTAAATGTGATTCAATTTTTTTTTCTGAGCTTTCCATAATTTGATTACAACTATTCAATTTGTTTGTATAAGTTTTAGGTCTTATTATTCTTTTACGTTTTAAATCATC","Pf3D7_04_v3-1113397-1113639-1A.2","47+8N95+11N",4899,0.665082812924247,4
"IM-23-122-WVFA","8039832252","Maziba","Pf3D7_04_v3-1113397-1113639-1A","GATTCTGCATGCAGTAATGAATCTATTGAAATCATCTAAGAATAAACTTTTTTGTTTAAACCATTTATTGAACATTTCACTTAAATGTGATTCAATTTTTTTTTCTGAGCTTTCCATAATTTGATTACATCTATTCAATTTGTTTGTATAAGTTTTAGGTGTTATTATTCTTTTACGTTTTAAATCATC","Pf3D7_04_v3-1113397-1113639-1A.1","47+8N95+11N130T161G",2447,0.332202009231605,4
"IM-23-122-WVFA","8039832252","Maziba","Pf3D7_04_v3-1113397-1113639-1A","GATTCTGCATGCAGTAATGAATCTATTGAAATCATCTAAGAATAAACTTTTTTGTTTAAACCATTTATTGAACATTTCACTTAAATGTGATTCAATTTTTTTTTCTGAGCTTTCCATAATTTGATTACATCTATTCAATTTGTTTGTATAATTATTAGGTCTTATTATTCTTTTACGTTTTAAATCATC","Pf3D7_04_v3-1113397-1113639-1A.3","47+8N95+11N130T152T154A",3,0.000407276676622319,4
"IM-23-122-WVFA","8039832252","Maziba","Pf3D7_13_v3-2545065-2545291-1A","ATGATTCCTCAAAAGTTTAACATTCCACATAGTATCTGTTAAATTGATAGTTTGCAAACAATTATACGTTTGGTTATTTTTATTTTTAAAAAAGGATATATGATCATCTAAAGATTTATTTTTGAGAAAGATTTCCATATATTCATATATATCTTGAATACACCA","Pf3D7_13_v3-2545065-2545291-1A.5","87+8N",4875,0.649220934878146,2
"IM-23-122-WVFA","8039832252","Maziba","Pf3D7_13_v3-1725464-1725719-1B","ATCATAGTTATTACCACCAAAAACGTATAAGAAATTATTCAATACAGCACTTCCAAAATAAGCTTTTTTGGTAGACATAGGTGTACACATACGCCAGCATTGTTGACTAATATCTAATAATTCCATCGAATTTAAATATTCTACACCATCAAATCCACCTATACAAAATACTAATGGGAATGGTAAAAATTTAATACCA","Pf3D7_13_v3-1725464-1725719-1B.1","63+8N",2554,1,1
"IM-23-122-WVFA","8039832252","Maziba","Pf3D7_08_v3-1365750-1365999-2","TTTCTAGGTTGTTTCTTGCTTCAATTCTATTTTTATTTTGTTCATCCTCTTCTTTATATTTTTCTGCATCATTTACCATACGATCGATATCATCTTTTGATAATCTTCCTTTATCATTTGTAATAGTAATTTGGTTTTGTTTACCAGTACCTTTATCTAATGCTGTTACATTTAGGATACCATT","Pf3D7_08_v3-1365750-1365999-2.1",".",3313,1,1
"IM-23-122-WVFA","8039832252","Maziba","Pf3D7_04_v3-1005938-1006187-1A","GTCTTAACATTAATTCTAGTTACAAAGTTACATGGATTTATTGAAAAGATATTTTCGTCATTATATTTCTTTTTTTCCATATCTGTTTGATCATTTTGATATGTTTTCATATTATCCATATGTTCATTATTTTGATCAATATAATTTTTTTTTATAATAAATTTAGAATTATTTTTAAAGAAA","Pf3D7_04_v3-1005938-1006187-1A.2","15T16C61T69+9N144+11N",1133,0.333333333333333,2
"IM-23-122-WVFA","8039832252","Maziba","Pf3D7_13_v3-1876391-1876664-1A","AACTATCTGTAAAAGTATGTTTAGAACTAACATTTGAAGAGAAGTTACATCCGTGTATGACTTTTTTTTCATATTTTGGTTTTAAAACTATTTTATAATTATTATTTTTAAATTTGCATGTACATTCTGTATTAACATCTTTTGATGTAACATAAAATGGAGCTTTAAAGATAGTTAACTTTTCATGATAAATTATTTTATTACTTTTATATA","Pf3D7_13_v3-1876391-1876664-1A.2","61+10N179C184C",4,0.0014290818149339,4
"IM-23-122-WVFA","8039832252","Maziba","Pf3D7_04_v3-1037644-1037891-1A","GAAAGAGATTTAACAGATGATGCTGTGATTTTTGCACACTCACTTTATTTACCATTTGAAAAAGAAGAAATGTGGTGGATCGTTATCGGAATTAAAAAAATGAACTTACTTTTATCTATCAAAAAATTATCTTTATTGAAAAGTGTCAATAATATAAAAATTAATTTCGAATTGCCTGACA","Pf3D7_04_v3-1037644-1037891-1A.1","93+9N120+8N",4040,0.775878624927982,2
"IM-23-122-WVFA","8039832252","Maziba","Pf3D7_04_v3-140317-140548-1A","TCGGGACAATATTATAAGGATTTTATCACATCAAGGAAAAATATTTATAATATAAGGGAAAATATATCCAAAAATGTAGATATGATAAAAAATGAAGAAAAGAAGAAAATACAGAATTGTGTAGATAAATATAATTCTATAAAACAATATGTAAAAATGCTTAAA","Pf3D7_04_v3-140317-140548-1A.1","86+8N",10801,1,1
"IM-23-122-WVFA","8039832252","Maziba","Pf3D7_08_v3-336421-336651-1A","TAACAACGAACCCATAAATTTACAGAAAAATTTAGATTTAATCATATGGCTAAAAAAGAATATAAAAGAAGGAGAAGCTTTAATTTCTGATATACCTACATCAAGTTTTTTAAGGTGTACTACAAATTATAAATTTGTATTGCATCCACAATATGAAGATAGT","Pf3D7_08_v3-336421-336651-1A.5","51+8N97T105+8N",2,0.000295290122545401,3
"IM-23-122-WVFA","8039832252","Maziba","Pf3D7_12_v3-2092529-2092798-1B","AGTTGAAGGGGGAGGAATGATCGGAGTTATCAGATTAGAAAATCAAGTGAGAAATCCCCCTGTAATAAAATTGAAGAGTCATACATCTCCCATCCTTGATTTGTCATTTAACCCGTGTTATAGTGAGATATTAGCTTCATGTTCAGAAGATATGTCTATAAGAATATGGGAGATACGTCATGAGGATGAGAATGTGAATGAGGTA","Pf3D7_12_v3-2092529-2092798-1B.1",".",2136,1,1
"IM-23-122-WVFA","8039832252","Maziba","Pf3D7_12_v3-233418-233671-1A","CAAAAATATCATTCCCCAAATTTGTACTACTAATTGTTCCAATAGTTCCTATAGTTGTGGTAATTTGCTCATATGTATTTTTTCCTAAAGATTTATTAGACACATTTGAAGGATCATTATTTTGTTCCAAATTCTTGGGCACAGTATTATTACATGAGAATAATGAAAAGTTATTATCATAATTCTTTTGTT","Pf3D7_12_v3-233418-233671-1A.3","77+8N",1259,0.308805494235958,2
"IM-23-122-WVFA","8039832252","Maziba","Pf3D7_12_v3-233418-233671-1A","CAAAAATATCATTCCCCAAATTTGTACTACTAATTGTTCCAATAGTTCCTATAGTTGTGGTAATTTGCTCATATGTCTTTTTTCCTAAAGATTTATTAGACACATTTGAAGGATCATTATTTTGTTCCAAATTCTTGGGCACAGTATTATTACATGAGAATAATGAAAAGTTATTATCATAATTCTTTTGTT","Pf3D7_12_v3-233418-233671-1A.1","77+8N",2818,0.691194505764042,2
"IM-23-122-WVFA","8039832252","Maziba","Pf3D7_08_v3-412801-413062-1A","ATGAAGAAATATACGAATATATACTTATAAACGATATTTTTAATTTAAAAAAAGAAATAAAAAATTTCAATATATTAAATAAATATGATGTATTTGAATATATTATTATTATTTTAAAATTGTATGATAAAATATATCCTGATGCAGAGTACATCGAATGTGTACGAGAAACATCACAGAATGGTGACCTTTTA","Pf3D7_08_v3-412801-413062-1A.4","46+9N58+8N101+13N147G188C190T",176,0.274143302180685,3
"IM-23-122-WVFA","8039832252","Maziba","Pf3D7_08_v3-412801-413062-1A","ATGAAGAAATATACGAATATATACTTATAAACGATATTTTTAATTTAAAAAAAGAAATAAAAAATTTCAATATATTAAATAAATATGATGTATTTGAATATATTATTATTATTTTAAAATTGTATGATAAAATATATCCTGATGCAGAGTACATCGAATGTGTACGAGAAACATCACAGAATGGTGATCCTTTA","Pf3D7_08_v3-412801-413062-1A.3","46+9N58+8N101+13N147G",3,0.00467289719626168,3
"IM-23-122-WVFA","8039832252","Maziba","Pf3D7_13_v3-1350855-1351093-1A","TCTTTTATATTAGTTGTTTCGTTATTTTCATTATGTTCCATATTTTGGTTATTTGTATATTTTATATTTTTTAAAAATTGGTAAATATATTCAGAGATGAAAGGTGTAAAAGGGGCCATAATTATTGTAAACAAATATAATGTTCTACATAAAACATTTAATGATTGGTGAGT","Pf3D7_13_v3-1350855-1351093-1A.2","66+8N93A",5618,1,1
"IM-23-122-WVFA","8039832252","Maziba","Pf3D7_03_v3-85507-85756-1A","TATCATTTAAATTCTCTTTTTCCACAGCTCCAGCATTTTTATTTATATCATCTACAACTACATCTTCCTTCACATAATTATTTATATAAAAATTATTATCATCTAAAGCATCTGAAAATTCTTCATTTAATACTTCTTCATCTACATTAAATGTTTTCGTTCTTTCATCATCTAATAAA","Pf3D7_03_v3-85507-85756-1A.1","144D=TCT",715,0.364982133741705,3
"IM-23-122-WVFA","8039832252","Maziba","Pf3D7_08_v3-1365709-1365954-1B","ATTTTCATCTTGTAATGTGTTTTTAACATTATAGCAGTAATTTTCTAGGTTGTTTCTTGCTTCAATTCTATTTTTATTTTGTTCATCCTCTTCTTTATATTTTTCTGCATCATTTACCATACGATCGATATCATCTTTTGATAATCTTCCTTTATCATTTGTAATAGTAATTTGGTTTTGT","Pf3D7_08_v3-1365709-1365954-1B.1",".",2179,1,1
"IM-23-122-WVFA","8039832252","Maziba","Pf3D7_13_v3-388138-388408-1A","ATATATCTTTATTCATATGTTCTATATATTGTCTTTGTCTCTTTTCCTTTCTCATATCAGATATTATTGAATAATTTCCTTTATCACATACATATCTAGGATTATGTGATAATTCATAAGCTGCTCTTTTTAAAACTCTATTCTTTTCTTTAAAACTATTAAATTTTATATTATTGTTCATATTAGATGTGTTCCTTTTAATAATA","Pf3D7_13_v3-388138-388408-1A.1","194C",4291,1,1
"IM-23-122-WVFA","8039832252","Maziba","Pf3D7_08_v3-1366575-1366822-2","TTTAGCTTTTTCACATTGTGTTCTTAATCTTCTTAATGATTTTGAATTTTTGGAAACATCTTTACCTCCATTATTTTTTTTTAAAATCTTGTACACAGAAGTTTACTAATTTATTATCAAAATCTTCTCCTCCTAAATGTGTATCTCCTGAGGTAGCTTTAACTTCAAAAATTCCATCTTCAAGTGTTAATAAGG","Pf3D7_08_v3-1366575-1366822-2.4","70+13N",87,0.0209034118212398,2
"IM-23-122-WVFA","8039832252","Maziba","Pf3D7_13_v3-1876391-1876664-1A","AACTATCTGTAAAAGTATGTTTAGAACTAACATTTGAAGAGAAGTTACATCCGTGTATGACTTTTTTTTCATATTTTGGTTTTAAAACTATTTTATAATTATTATTTTTAAATTTGCATGTACATTCTGTATTAACATCTTTTGATGTAACATAAAATGGAGCTTTAAAGATAGTTAAGTTTTTATGATAAATTATTTTATTACTTTTATATA","Pf3D7_13_v3-1876391-1876664-1A.1","61+10N",962,0.343694176491604,4
"IM-23-122-WVFA","8039832252","Maziba","Pf3D7_08_v3-1366626-1366856-1B","CTTTACCTCCATTTTTTTTTTTAAAATCTTGTACACAGAAGTTTACTAATTTATTATCAAAATCTTCTCCTCCTAAATGTGTATCTCCTGAGGTAGCTTTAACTTCAAAAATTCCATCTTCAAGTGTTAATAAGGAAACATCAAATGTTCCTCCTCCTAAATC","Pf3D7_08_v3-1366626-1366856-1B.1","11+13N",1421,1,1
"IM-23-122-WVFA","8039832252","Maziba","Pf3D7_08_v3-1370603-1370853-1B","AAAAGTAATTAAAAAAAAAAAAAATGAAAATAAAAAAAAACATTACATATTTTTTTATGTATAAAATATTTTAAAGCACTGAGATTATTTATGTTATAAATTAATTGAATGTTTAAAAGATTATAAAATTTTATTTATGAAAATATATGAATATATATAATATAAGCAGGTATTAAATAACCAAATAATAT","Pf3D7_08_v3-1370603-1370853-1B.2","10+32N49+9N",473,0.539338654503991,2
"IM-23-122-WVFA","8039832252","Maziba","Pf3D7_04_v3-109939-110184-1A","CAACATCTGAATTATATAAATCTTTAGAAAAACAACTAATATCCTTACTCCATATATTTATTTTTATACCAAGAATAACAGCCATATAAACCAAAACTCTCTCAAATGCATGTGATACAGGTAAATAAGAAAAATGGGTTTTCGGTTTCATGTTTTTTATTACATTATGATCACATAATGGTGCTACT","Pf3D7_04_v3-109939-110184-1A.2","51C108G152+8N",4625,1,1
"IM-23-122-WVFA","8039832252","Maziba","Pf3D7_08_v3-1375025-1375284-1B","CAAGTTATTATTAAATGCGGAATTATTCTATATAAAAATAAAAAAGCATTTAAAAATGAAAAAATTTATATATATACAATATATAAATATATATATATATATATATATATATATATATTATTATTATATGTATTTTTATAATTGAATGATATATTTATTTCTATTTGCAATTAAAATGCTTACGTTATCTAACAAAAGTACGGAGGCAAAA","Pf3D7_08_v3-1375025-1375284-1B.6","39+8N58+8N67+53N",16,0.290909090909091,3
"IM-23-122-WVFA","8039832252","Maziba","Pf3D7_04_v3-1113397-1113639-1A","GATTCTGCATGCAGTAATGAATCTATTGAAATCATCTAAGAATAAACTTTTTTGTTTAAACCATTTATTGAACATTTCACTTAAATGTGATTCAATTTTTTTTTCTGAGATTTCCATAATTTGATTACATCTATTCAATTTGTTTGTATAATTATTAGGTCTTATTATTCTTTTACGTTTTAAATCATC","Pf3D7_04_v3-1113397-1113639-1A.4","47+8N95+11N110A130T152T154A",17,0.00230790116752647,4
"IM-23-122-WVFA","8039832252","Maziba","Pf3D7_09_v3-82006-82236-1A","TTTATCATCTTTAGGCCATAACCAGAGTACAAGCAATCCAACTATAACAATTGTAATTAACATTATAAATACTGTAATACCATAAACACTACCAGAAGCGATCAGAAATGCACTAAAAGTATCAACAACATTCACTTGGAATAAGAGTAGCGATAAAACTAAAAATAGC","Pf3D7_09_v3-82006-82236-1A.7","95G123I=C137G",24,0.00330396475770925,4
"IM-23-122-WVFA","8039832252","Maziba","Pf3D7_09_v3-82006-82236-1A","TTTATCATCTTTAGGCCATAACCAGAGTACAAGCAATCCAACTATAACAATTGTAATTAACATTATAAATACTGTAATACCATAAACACTACCAGAAGCGATCAGAAATGCACTAAAAGTATTACAACATTCACTTGTAATAAGAGTAGCGATAAAACTAAAAATAGC","Pf3D7_09_v3-82006-82236-1A.2","95G123T137G138T",4944,0.680616740088106,4
"IM-23-122-WVFA","8039832252","Maziba","Pf3D7_10_v3-1386657-1386909-1A","CGATTTTGGTAGGGAACAGGTTAAATATATTGAAGACGTGGTTTGATAATCAGGTATTTCTTTAATTAAATATTCATGATATTGTTCGTTAGATACATAAATTAATTCATCCTCCACATTTTGCTGTTCTGTTATAATTTGTGAAGAAGCTTGGTTTGTTTTATTTGGTAATTGCTCTTTTATGA","Pf3D7_10_v3-1386657-1386909-1A.4","109A160T",4794,1,1
"IM-23-122-WVFA","8039832252","Maziba","Pf3D7_10_v3-1392371-1392620-1A","TGATGAAAATGATGATTCCCTTATTTCTAATTCTTTAGTACCCGAAACAAGTTACAATCAAGATTACTCTTTATACACTATTAATATTTTGAATGGACTTCCTGATAAAAAAAGTAATATGAAAAATATTGATTTAGAAAAATTTAAAGATACTTCAATACATACAAAGGAAGAGGGACCCATTGTA","Pf3D7_10_v3-1392371-1392620-1A.1","106+9N",4735,1,1
"IM-23-122-WVFA","8039832252","Maziba","Pf3D7_04_v3-115455-115684-1A","TATTAATGTCATTTTGTTTTTCTTTATTATTATTATTTTTATTTTTTCCCTGGTTATCTTTCTTATTACCTAGCTTTTTTTTGTTGTCATTATTTTCTGTCTGATTATTATTTTTGACTTTTTTCATCTTTGAATTATCCGTTCTGTTTGTATGTCTCAAGCAAGGT","Pf3D7_04_v3-115455-115684-1A.46","24+25N61T74+10N122T",11,0.00110541654105115,2
"IM-23-122-WVFA","8039832252","Maziba","Pf3D7_13_v3-1725887-1726123-2","AAATAGCTCCACCAACATTAATATCAATCATAGTTTCAATAGCAATATTTGCATCAACAATTTTTTTTTTATCATTCTCAAAATTTTTATATTCTTGATAATATTTTTCTTTTTCTAAATATAATACTAATTTAATTTTATCGATTTCTTGTAAAAATCTTAATCTTTCTTCATCAA","Pf3D7_13_v3-1725887-1726123-2.2","39A60+12N",3577,1,1
"IM-23-122-WVFA","8039832252","Maziba","Pf3D7_13_v3-1726174-1726408-2","TTTCTAATTCTTTGTACAATCGTACTCTTTCCATTTCTAGTTCTTTCTTATCTTTAAATAATTTATCTTTTTCTCGAATAAAATTCATTTGTGTCTTTTTTAACCAATTAATAAATGTAATTCTTAAATCACCTACCATATTTTCAAAATCACTAGCATCACTTAAT","Pf3D7_13_v3-1726174-1726408-2.1","95+8N",7490,1,1
"IM-23-122-WVFA","8039832252","Maziba","Pf3D7_08_v3-1366575-1366822-2","TTTAGCTTTTTCACATTGTGTTCTTAATCTTCTTAATGATTTTGAATTTTTGGAAACATCTTTACCTCCATTTTTTTTTTTAAAATCTTGTACACAGAAGTTTACTAATTTATTATCAAAATCTTCTCCTCCTAAATGTGTATCTCCTGAGGTAGCTTTAACTTCAAAAATTCCATCTTCAAGTGTTAATAAGG","Pf3D7_08_v3-1366575-1366822-2.1","70+13N",4075,0.97909658817876,2
"IM-23-122-WVFA","8039832252","Maziba","Pf3D7_04_v3-133928-134154-1A","TTTTGAAATATCTAATTTATCCATTTGCCTTTTTATTTCATAGTCCCAACTACTTACCCAGGTATTAAAATTAATACAATCCTGTTCTGCATATTTTATGGCTTTTAAATCCCTCAATTTAGTAGCCCTATCTTCACAATAATCTTCTAATATTTTAAT","Pf3D7_04_v3-133928-134154-1A.1","21C",7770,1,1
"IM-23-122-WVFA","8039832252","Maziba","Pf3D7_08_v3-336421-336651-1A","TAACAACGAACCCATAAATTTACAAAAAAATTTAGATTTAATCATATGGCTAAAAAAGAATATAAAAGAAGGAGAAGCTTTAATTTCTGATATACCTACATCAAGTTTTTTAAGGTGTACTACAAATTATAAATTTGTATTGCATCCCCAATATGAAGATAGT","Pf3D7_08_v3-336421-336651-1A.2","25A51+8N97T105+8N148C",20,0.00295290122545401,3
"IM-23-122-WVFA","8039832252","Maziba","Pf3D7_10_v3-992596-992869-1A","GAAAATAATAAAATGCACAGTATCAATTCTGATAGAAATAAAAATGATTATATTCCATCTTCCTATTTACATACAATATATAAAACATTTAGCGAACATATAAACCGAGATAATGGAAATATTTATGATGATGAAAAAAAAAATTTATATGATGGAACTGTTTTTTATATAGAAACATTAAACGAATTAAGAATTATAAATATATTATTTTCA","Pf3D7_10_v3-992596-992869-1A.1","133+12N160+8N",585,1,1
"IM-23-122-WVFA","8039832252","Maziba","Pf3D7_11_v3-1006693-1006917-1A","GTGGGGGAGAGAATTTTACCTTGATATGCTCCCATGTTTTATCCTTTATACAATACATATAAGTGTCATTGGTAATATATGACCCTCTTTTACCTCCGTAAAGAAATAAACAATCTTCTTTTTTTTCAGTGGAGTAAATTAAATTTAATTTTGCAAAATAGCGTGG","Pf3D7_11_v3-1006693-1006917-1A.1","118+10N",9503,1,1
"IM-23-122-WVFA","8039832252","Maziba","Pf3D7_11_v3-1018781-1019053-1A","TTTTTGATTCATATCATTATCATAATTATATATATATTGATCTCTGTCTATATGGGGAGCAAAAAAATATAAAGGATGTTGTGTCAAGGCTAATAATAATTCTGTAGCTATACTACTACTTATGTTACTTATACCACATCTAGTGACTGTACATTTTTCATCTAATGTTCTATAGGATAAAGAATCTGAAGGACAATGCATATCAT","Pf3D7_11_v3-1018781-1019053-1A.3","60+9N85C",1130,1,1
"IM-23-122-WVFA","8039832252","Maziba","Pf3D7_11_v3-1019050-1019319-1A","TCAAAACTTATTGCTACCGTAATACCTAAAGGAGGCATTTTACATAATCTTTTTACACTCGTAAGAATATTATTATAAAAGATTTCTTGATATCTATCATACATATGAATATTATTTAGAGATTTATATATATTATTATTTTGTTCATATAATAATATATTATTTAAAGACTTATCCATAATTTTTGTACATTTTATATTTTCTATA","Pf3D7_11_v3-1019050-1019319-1A.1",".",1030,1,1
"IM-23-122-WVFA","8039832252","Maziba","Pf3D7_12_v3-529495-529767-1A","GCTCCCCAAAAGTTAACTGCTTCATTATTTTGTGGATCCCAAAAACTAACATTCGTTACCCATCCAACATAATCGGTAGATATCCTATATTCATAACTACTACAGAAATATTTATACTCATGGTATACATTTGCATCATTTACATCTACCAAATTAACAGTTTTACACAAATTGTGAATGCCATTCAAGTTATAAAAACCTGTACAT","Pf3D7_12_v3-529495-529767-1A.2",".",8,0.0025706940874036,2
"IM-23-122-WVFA","8039832252","Maziba","Pf3D7_12_v3-529495-529767-1A","GCTCCCCAAAAGTTAACTGCTTCATTATTTTGTGGATCCCAAAAACTAACATTCGTTACCCATCCAACATAATCGGTAGATATCCTATATTCATAACTACTACAGAAATATTTATACTCATGGTATACATTTGCATCATTTACATCTACCAAATTAACAGTTTTACACAAATTGTGAATTCCATTCAAGTTATAAAAACCTGTACAT","Pf3D7_12_v3-529495-529767-1A.4","180T",3104,0.997429305912596,2
"IM-23-122-WVFA","8039832252","Maziba","Pf3D7_08_v3-476232-476475-1A","CAAACACATGATAAACAAAAGTGTAAGGAAAATTTTTCAAATTCATTTGTTAATGAAATATATGAAAAAGAAGAAAAAGAAACGCAAAAAATGAAAGAATATTTAGAACAACATGAAGAACATTTTTCAACGTTTAGAAATTCAATTTTATGTAAATTAAGAATAGCTGAAGAATT","Pf3D7_08_v3-476232-476475-1A.1","85+8N",1234,0.310206133735546,3
"IM-23-122-WVFA","8039832252","Maziba","Pf3D7_08_v3-476232-476475-1A","CAAACACATGATAAACAAAAGTGTAAGGAAAATTTTTCAAATTCTTTTGTTAATGAAATATATGAAAAAGAAGAAAAAGAAACGCAAAAAATGAAAGAATATTTAGAACAACATGAAGAACATTTTTCAACGTTTAGAAATTCAATTTTATGTAAATTAAGAATAGCTGAAGAATT","Pf3D7_08_v3-476232-476475-1A.2","45T85+8N",42,0.0105580693815988,3
"IM-23-122-WVFA","8039832252","Maziba","Pf3D7_04_v3-748374-748611-1B","AAACTGGGAAAGCATTCCAAAAAAATTTAAACCTTTAAGCAATAGGATAAATGTTATATTGTCTAGAACCTTAAAAAAAGAAGATTTTGATGAAGATGTTTATATCATTAACAAAGTTGAAGATCTAATAGTTTTACTTGGGAAATTAAATTACTATAAATGTTTTATTATAG","Pf3D7_04_v3-748374-748611-1B.1","3A18+9N72+9N",6287,1,1
"IM-23-122-WVFA","8039832252","Maziba","Pf3D7_13_v3-2770591-2770863-2","ACACATCGATTTTATCAAAAGGAAATATTCCAAGAAATATTTTTAAAAAAAAATAGTGAGTTAGATGATCACGTATGGAATATAGAAAGTATTACTACGAATATATTAGAGAGGAATAAATTAAGTGATCAAAATAATGAAGATAACCATGATGTTAATAATAATAATGAAGACCCATCTGGGGGTAATTTAAAAACCAATCTAAT","Pf3D7_13_v3-2770591-2770863-2.1","44+11N156+13N",3988,1,1
"IM-23-122-WVFA","8039832252","Maziba","Pf3D7_08_v3-1386795-1387043-1B","TCCTTTGTCGCAGCATGCCTTTCATTAGCTGCTATAGCTTGTGTTATCTTAACTTCATTATAAAAAAAATATACTTCGATAAAAGGTACATATACCATGCTGGTCAATGATATTAGCATGCGACATTCTAATATATCCATTATGAACAAGGTGAACAAGAATATTGGGATTATTGAAATTGTCTGCATTA","Pf3D7_08_v3-1386795-1387043-1B.1","61+10N",2233,1,1
"IM-23-122-WVFA","8039832252","Maziba","Pf3D7_13_v3-2770621-2770854-1B","ATTCCAAGAAATATTTTTAAAAAAAAATAGTGAGTTAGATGATCACGTATGGAATATAGAAAGTATTACTACGAATATATTAGAGAGGAATAAATTAAGTGATCAAAATAATGAAGATAACCATGATGTTAATAATAATAATGAAGACCCATCTGGGGGTAATTTAAAAAC","Pf3D7_13_v3-2770621-2770854-1B.1","18+11N130+13N",1872,1,1
"IM-23-122-WVFA","8039832252","Maziba","Pf3D7_13_v3-2780346-2780575-1B","GTTGGATAGAATGCCCGACTACGGATCGGGAGGTCGTGGGTTCGACTCCTGCCCGGCCTAATTTTTTTCGTTTTCCTTTTTAAAGTAAAAAAGGATAATATTTTTAAAAAACATTTAGTATATATATTTTTTTTAAATAATAAATCTATTATATTATTAAATATTATGAGAAGA","Pf3D7_13_v3-2780346-2780575-1B.2","61+9N76C86+8N105+8N126+10N",1280,0.276398186136903,2
"IM-23-122-WVFA","8039832252","Maziba","Pf3D7_12_v3-857050-857323-1A","ATATAATTTTAAGATGTCCTATCAAGACGTTCAGGAAAAAAAAAATGAAGATATAAATTATGATGAAATAGCTAGCAGCATGCTAGAGAAGATGGACAAACATATAAATGGAGAAAAACAACCAACGATACATTATGAAAATTTAAATGTACAAGAGCAAGAGGGAGCACATGCTTATTACTCAAATCAAGATATAAATAACATAAATA","Pf3D7_12_v3-857050-857323-1A.1","35+12N",2301,1,1
"IM-23-122-WVFA","8039832252","Maziba","Pf3D7_13_v3-1004740-1005002-1A","TTACATCGTAAAAATAATTTAAAATATTATATATATTATCTTTTCCTTTTCGGGGGTCTCTTTTCTTTATATATATATTTACATTTCTCTTCATTTTATTACATGATAAATTAATATTTAATGTACTAATATATATATTATTAATTTTTATTTTCTTCTTCTTTTTTATATTAAAACAAAATGAAGATTCTTTAA","Pf3D7_13_v3-1004740-1005002-1A.2","50+8N161+8N",299,0.993355481727575,2
"IM-23-122-WVFA","8039832252","Maziba","Pf3D7_13_v3-1004740-1005002-1A","TTACATCGTAAAAATAATTTAAAATATTATATATATTATCTTTTCCTTTTGGGGGGTCTCTTTTCTTTATATATATATTTACATTTCTCTTCATTTTATTACATGATAAATTAATATTTAATGTACTAATATATATATTATTAATTTTTATTTTCTTCTTCTTTTTTATATTAAAACAAAATGAAGATTCTTTAA","Pf3D7_13_v3-1004740-1005002-1A.1","50+8N161+8N",2,0.00664451827242525,2
"IM-23-122-WVFA","8039832252","Maziba","Pf3D7_13_v3-1041593-1041860-1AB","CAAGATTGAAGTATTACATATCTCAGAAATTAAATGTATGCCCAAGAGATGTAAATGCACACATTGTAGGTGCTCATGGAAATAAAATGGTTCTTTTAAAAAGATACATTACTGTAGGTGGTATCCCTTTACAAGAATTTATTAATAACAAGTTAATTTCTGATGCTGAATTAGAAGCTATATTTGATAGAACTGTTAATACT","Pf3D7_13_v3-1041593-1041860-1AB.1",".",3086,1,1
"IM-23-122-WVFA","8039832252","Maziba","Pf3D7_13_v3-1146764-1147010-1A","AAATTTTCTCCTAAAGTTATGCCTTTGTTAATGAAGGAGAAGAACGTGAAACATAAAGCACCTCCTAAAGGTACTATAAAGCATACGCTAGAATATTTAAAAAGAGCAGCAGAATCAAGAATGAAAGAAAATGAATTATACAAATCAAAAAAAGATAGCACACTTAGTTCAATTGCAATTAGAAAAAATTCC","Pf3D7_13_v3-1146764-1147010-1A.2","64C146+9N182+8N",82,0.0149553164326099,2
"IM-23-122-WVFA","8039832252","Maziba","Pf3D7_13_v3-1233093-1233332-1A","TCTATATGATCCTTATTTTTATCTTCATCACATTTATAATTTACATAATTTTCGACGTCATCATTTTCATTATTACTCATAATTGAATTATCCACAATGCTTGCCTCTTTTACAGCTTTACAAAGTTGGTAAAAAATATGATAATTCCTTTCACCTTCTTGTTGATCACACACCCGAACC","Pf3D7_13_v3-1233093-1233332-1A.2","100C130+8N",4986,1,1
"IM-23-122-WVFA","8039832252","Maziba","Pf3D7_13_v3-1265494-1265726-1A","TGTCATATACAGATTATAAAAATGATCATAGAATAAGCGAAATTTTAAATCGTTGTATTTTACGATTAAACGAGTTTGATCTAATTCATTTATCTTCTTTGGTCATATCTTTAAGTAAAATGAATTTTAGGAGTGTGTATTTTATGGAACAAGTACAAAAGAAATT","Pf3D7_13_v3-1265494-1265726-1A.4","44T144A",9925,1,1
"IM-23-122-WVFA","8039832252","Maziba","Pf3D7_03_v3-85507-85756-1A","TATCATTTAAATTCTCTTTTTCCACAGCTCCAGCATTTTTATTTATATCATCTACAACTACATCTTCCTTCACATAAATATTTATATAAAAATTATTATCATCTAAAGCATCTGAAAATTCTTCATTTAATACTTCTTCATCTTCTACATTAAATGTTTTCGTTCTTTCATCATCTAATAAA","Pf3D7_03_v3-85507-85756-1A.6","78A",1242,0.633996937212864,3
"IM-23-122-WVFA","8039832252","Maziba","Pf3D7_08_v3-1344618-1344845-1A","TATCTTTTCCATATATAATAACGCATGAATTCTTTAAATATATCTTTTACTTTATCTGTAAGTTTCATGGAATCTATTATTTCATGTGCATATTTTATTTTTGCCTCGTTTATATATTTACCTGCTTCTAATTTACATAAACATTTTTCTATTAAGTTTTG","Pf3D7_08_v3-1344618-1344845-1A.1","128C",2176,0.362002994510065,2
"IM-23-122-WVFA","8039832252","Maziba","Pf3D7_03_v3-855426-855697-1A","GTTATTTCAGTATGAGTTTCAACAGTTAATACTACTTCAGGATATGGATTGATACTTAACGTATGTACTCTCAATAATCTAGTATCAAATATATATGAAAATGTATACTCAGGAAAACATATAGTAGATAATCCATTATTATTCTCTATACATATTTTACTTATAGCTATATAATCGTAATTATCTTCTATTACTATTGGTTCTGTG","Pf3D7_03_v3-855426-855697-1A.1","32C",1597,1,1
"IM-23-122-WVFA","8039832252","Maziba","Pf3D7_03_v3-891553-891827-1A","CAAGAGCTAAGAAAACATATAGAATCATCATAAGGATGTTGATAATATAAATGTGTTTTTATTTGTGTATTTATGTCAGAATATTGTTCCTTCGATTTATCTTTAAAATAATCAAGATTATTTATGTTGGTGGCTTTATTATTATTAAAATAATTTTGATTTGTTACATGATGACTAGGGGTATATTTGTATTTTACGTTTTTATTA","Pf3D7_03_v3-891553-891827-1A.7","93C116G",1355,1,1
"IM-23-122-WVFA","8039832252","Maziba","Pf3D7_03_v3-980853-981120-2","TAAGATTCTTTTGAGTTATTTATTTTCCAAATAATTTGGTTATATATATATGAAAATTCGATCATACCACATGCTCCAAGAATAATAGATGCATCGTCATTATATTGGAATGTAAAACTTTCATCATACTCATTTGTATTAGGTACACAAGAATCATCTTTATTTTTATAATTTTCTTTACATGTACAATTAATTTTACTATATT","Pf3D7_03_v3-980853-981120-2.1",".",1921,1,1
"IM-23-122-WVFA","8039832252","Maziba","Pf3D7_04_v3-1005938-1006187-1A","GTCTTAACATTAATCTTAGTTACAAAGTTACATGGATTTATTGAAAAGATATTTTCGTCACTATATTTCTTTTTTTCCATATCTGTTTGATCATTTTGATATGTTTTCATATTATCCATATGTTCATTATTTTGATCAATATAATTTTTTTTTATAATAAATTTAGAATTATTTTTAAAGAAA","Pf3D7_04_v3-1005938-1006187-1A.3","69+9N144+11N",2266,0.666666666666667,2
"IM-23-122-WVFA","8039832252","Maziba","Pf3D7_09_v3-516735-517007-1A","ATAGAAGGATATATAAAAAATTATCAAGAATCATATAATATAAATGACCATTGTAAATTAGTTCCATTAAATTTTTATAAAGATTCTATTTCTAATGATTTAGGTACTCCATGCCCTGTGAATAGTATTACCTTAAATGTGGGCGCAAAAACTATAAATGAATGTTTGTGTAATAAAGGATATTTCTATAATGTCAAGAAACAACAATGTAA","Pf3D7_09_v3-516735-517007-1A.2","14+8N211A",1750,1,1
"IM-23-122-WVFA","8039832252","Maziba","Pf3D7_04_v3-1083299-1083563-2","ATATACTTTCCATATGTAGAGGACTTATGATATATAGAATTATAAGATAAATGTTTATAATAATCTAAAAAAGTATAATGAGGTATTATAACAAAATCCAAATGTCCTTCTTTTTCTTGTAAAATATCAATAGAATTTGCAATGTTATAATTTGATAACTCTTTAAAATGATATTGTAAAAAATTAACATTTTTATA","Pf3D7_04_v3-1083299-1083563-2.2","4T66+8N177+8N",1003,0.271594909287842,2
"IM-23-122-WVFA","8039832252","Maziba","Pf3D7_08_v3-1370814-1371045-2","TGTTGCAATATATTACTAAAAAATAGAATTATTATGTTATTTTGATCATATGGGAATACATTTAAATATTTATATTCTGATGAATATTCTTATAAAAAAAAAAGGGGGGGGGGAAATAATACGTTCATGATTTATTTATATTTCAATATATTTTCTATTTTGCGA","Pf3D7_08_v3-1370814-1371045-2.2","17+8N93+21N",2030,1,1
"IM-23-122-WVFA","8039832252","Maziba","Pf3D7_09_v3-685560-685825-1A","GAACCAAACAACGACAAAGGAACAAGATAATTTTTTCAATTTTTATAAAAGTAATATATATGATATGGAAAATAGAACATGTAATAATAATATATTACAATATTGTGTTATGAATAATAAATCATATTTATTTCATAATATATCATCCAAAAAAAATATATATATAAAAAAAAAGAATCATCAGTTTTCTTTATTCATATATT","Pf3D7_09_v3-685560-685825-1A.3","30+8N38A79A148+10N165+11N",152,1,1
"IM-23-122-WVFA","8039832252","Maziba","Pf3D7_09_v3-82006-82236-1A","TTTATCATCTTTAGGCCATAACCAGAGTACAAGCAATCCAACTATAACAATTGTAATTAACATTATAAATACTGTAATACCATAAACACTACCAGAAGCGATCAGAAATGCACTAAAAATATAACCATATTCACTTGGAATAAGAGTAGCGATAAAACTAAAAATAGC","Pf3D7_09_v3-82006-82236-1A.14","95G119A126C128T137G",64,0.00881057268722467,4
"IM-23-122-WVFA","8039832252","Maziba","Pf3D7_09_v3-82006-82236-1A","TTTATCATCTTTAGGCCATAACCAGAGTACAAGCAATCCAACTATAACAATTGTAATTAACATTATAAATACTGTAATACCATAAACACTACCAGAAGCGATCAGAAATGCACTAAAAGTACAACAACATTCACTTGGAATAAGAGTAGCGATAAAACTAAAAATAGC","Pf3D7_09_v3-82006-82236-1A.3","95G122C137G",2232,0.30726872246696,4
"IM-23-122-WVFA","8039832252","Maziba","Pf3D7_13_v3-815862-816091-1A","ATGATGTAGATGCTAATAGCACATCCTGGTCAGTATCTTGTGATAAATAATTTAATTTATCCGCTAAAAAATAAAGTATAATTTCACAGCTTTTTTTATTTGTATCTGTGTTTTTCATGTTATCATAAAAAGACAAAGATGAAGTAGCACATGAGTTAATTA","Pf3D7_13_v3-815862-816091-1A.2","59A65+8N90+9N",948,0.331816590829541,2
"IM-23-122-WVFA","8039832252","Maziba","Pf3D7_13_v3-852647-852921-1A","TACGAAATGATGAATTAAAAGAATTAACATTTATGAAAAATAAAGAAAATAGGAATGCAGATACATATGTTTTTCATTATCCTAAAAAAGAGAAATATGACCAATTAGTTTTTGAATTACGTAAACATAATTTTAATATAACAAGCATTAATACATATAAAAAACTAAAAAATGAAACATCATCACAAAAAGAAGAAAATGCTTCTATAATAAGTT","Pf3D7_13_v3-852647-852921-1A.9","75C83+8N149T158+8N169A",1,0.000682128240109141,4
"IM-23-122-WVFA","8039832252","Maziba","Pf3D7_08_v3-1375025-1375284-1B","CAAGTTATTATTAAATGCGGAATTATTCTATATAAAAATAAAAAAGCATTTAAAAATGAAAAAATTTATATATATACAATATATATATATATATATATATATATATATATATATTATTATTATATGTATTTTTATAATTGAATGATATATTTATTTCTATTTGCAATTAAAATGCTTACGTTATCTAACAAAAGTACGGAGGCAAAA","Pf3D7_08_v3-1375025-1375284-1B.59","39+8N58+8N67+53N",2,0.0363636363636364,3
"IM-23-122-WVFA","8039832252","Maziba","Pf3D7_04_v3-133581-133830-1A","CTCTCGATTATCATTACCTACTTCAGTCTTTACAATTGTAGGAGGTGTTTTAACATGATTATCCCCTCCATGAGGAGTAACCCTTAAAGGTTCTTCTTGAATATTTGGTGTCGCTTCGCCTGTTTCTGTAGAAAGGATATTTATTCTATCAACATATTCATCACCTTCTTCAACTGTACTATTTAAA","Pf3D7_04_v3-133581-133830-1A.1",".",1400,1,1
"IM-23-122-WVFA","8039832252","Maziba","Pf3D7_08_v3-1386786-1387035-2","TTGTCTCCTTTGTCGCAGCATGCCTTTCATTAGCTGCTATAGCTTGTGTTATCTTAACTTCATTATAAAAAAAATATACTTCGATAAAAGGTACATATACCATGCTGGTCAATGATATTAGCATGCGACATTCTAATATATCCATTATGAACAAGGTGAACAAGAATATTGGGATTATTGAAATTGT","Pf3D7_08_v3-1386786-1387035-2.1","66+10N",3445,1,1
"IM-23-122-WVFA","8039832252","Maziba","Pf3D7_13_v3-852647-852921-1A","TACGAAATGATGAATTAAAAGAATTAACATTTATGAAAAATAAAGAAAATAGGAATGCAGATACATATGTTTTTGATTATCCTAAAAAAGAGAAATATGACCAATTAGTTTTTGAATTACGTAAACATAATTTTAATATAACAAGCATTAATACATATAAAAAACTAAAAAATGAAACATCATCACAAAAAGAAGAAAATGCTTCTATAATAAGTT","Pf3D7_13_v3-852647-852921-1A.8","83+8N149T158+8N169A",476,0.324693042291951,4
"IM-23-122-WVFA","8039832252","Maziba","Pf3D7_13_v3-852647-852921-1A","TACGAAATGATGAATTAAAAGAATTAACATTTATGAAAAATAAAGAAAATAGGAATGCAGATACATATGTTTTTGATTATCCTAAAAAAGAGAAATATGACCAATTAGTTTTTGAATTACGTAAACATAATTTTAATATAACAAGCATTAATACATATAAAAAACTAACAAATGAAACATCATCACAAAAAGAAGAAAATGCTTCTATAATAAGTT","Pf3D7_13_v3-852647-852921-1A.2","83+8N149T158+8N",6,0.00409276944065484,4
"IM-23-122-WVFA","8039832252","Maziba","Pf3D7_10_v3-992331-992603-1A","TCATTATATTTTTAAAAAAAAAAATTATGATATAAAATCTTCAATTAATAAAAGATCTATCCAGTTCTTTAGAGACACTAATATAGATCATTATATAGCATATGAATATTATAAGGAGGACCGTACGGAATTTATATTAACTATTATGAATGAAAAAAATATTACTCATCAAGAAACTCAAAGTCTTGAAATGAAAAAGTTGAAAG","Pf3D7_10_v3-992331-992603-1A.4","13+13N72G152+9N",2451,1,1
"IM-23-122-WVFA","8039832252","Maziba","Pf3D7_11_v3-497277-497548-1A","TTTTAGATTTAATTGAATATTCATTTTTAAATTATACTAGTTCTAATTTAAATACAATAAATAATAATAATGACAAAAAAAAACAAAATCAAAAAAATAAAAATCGCAAATATAGTAAAAATAATATTTTAGATCTCTATGAACACGTAAGTACGATCAGTTTATTTTATCACACGTTTAATTTACCTAAGGAGTATAATGAAAAATTGTT","Pf3D7_11_v3-497277-497548-1A.2","74+11N90+9N148T",1787,1,1
"IM-23-122-WVFA","8039832252","Maziba","Pf3D7_12_v3-1959644-1959891-1A","ATGGGAAGACGATAAGAGAAGAGAAATTAATTTCTGAGGGAGCGTATTCATTTGTTTATATGGCGAAGGATTTAAACACGAATCGAGCTTATACTATAAAGAAGACCATATGTCAAGATAAAGAGAAAATAGATATGGCGAATAAAGAAATCAACATTCTTAAAAGTTTACCTCCACATAAAAATATA","Pf3D7_12_v3-1959644-1959891-1A.2",".",3656,1,1
"IM-23-122-WVFA","8039832252","Maziba","Pf3D7_01_v3-535965-536239-1A","GCTCATTTGATATTTTCCAGTTGTTTGATTTTAAAAATGATGTATATTTTTTAGATGATAATTTGTTCGACAAGGATATGGTATATTGTACAAGTACCAACAATTATGGCGTTATGGGAAATGATAATGATGATGATAAAATAATAAAAATACAAAATTTAAATGAGAAATTAAAAAATGGAAAAGCTGAATTTAAAGATATATTATTAT","Pf3D7_01_v3-535965-536239-1A.1","46+8N121+17N172+8N",1064,0.666249217282404,4
"IM-23-122-WVFA","8039832252","Maziba","Pf3D7_12_v3-2092654-2092884-2","GAGATATTAGCTTCATGTTCAGAAGATATGTCTATAAGAATATGGGAGATACGTCATGAGGATGAGAATGTGAATGAGGTAAAGGATCCTTTATGTATATTAAATGGTCATAAGAAAAAAGTAAATATATTATCATGGAATCCTATGAATTATTTTATATTATCATCT","Pf3D7_12_v3-2092654-2092884-2.1","114+8N",7730,1,1
"IM-23-122-WVFA","8039832252","Maziba","Pf3D7_02_v3-290580-290821-1A","TTATTATAAGGATTATAATTATTATCATTCTTATTATATGGATTAATATAATTTTGATCATAATCATTACTGTTTTTATCATATTGTGGATAATTATTTCTATTTCTATTTTGATTAAAATCCGATTGTCTATATCTAACTCTAATATCTGTAGATGCTAAATCATTAGGTAATGGG","Pf3D7_02_v3-290580-290821-1A.5","12+26N55T62A",4890,0.879496402877698,2
"IM-23-122-WVFA","8039832252","Maziba","Pf3D7_02_v3-291770-292017-1A","TAATATCATAAGGTTTGAATATTTTCCTCTCAGGTATTATACCAACAGAAGGTTTATCATCATCTTTAAAACCTGCTCTATCTTTAACCCAATGATTAGGATTTTTTAAACATAAAGCTGGATTCTTTAATAAATCTTTCATATGTTCCATATTATTTTCTTCATTTATATATGATTCTAC","Pf3D7_02_v3-291770-292017-1A.3","92A101+8N",9,0.00256118383608423,2
"IM-23-122-WVFA","8039832252","Maziba","Pf3D7_12_v3-63081-63314-1A","TTTCCGTCATAATAGTTGCATACATTCTATTAAAAACTTTGGGTACTCCTAATATAATTTCACCTTTTGAATTACATATGTCTGTATTCAAAAATTTTATATCTCTACTCCATATATTTATCTTTACACCCAAAAACAAAGCAATGAAAAAAACAACCCTTTCATA","Pf3D7_12_v3-63081-63314-1A.1","146+9N",3787,0.687171112320813,3
"IM-23-122-WVFA","8039832252","Maziba","Pf3D7_12_v3-63081-63314-1A","TTTCCGTCATAATAGTTGCATACATTCTATTAAAAACTTTGGGTACTCCTAATATAATTTCACCTTTTGAATTACATATGTCTGTATTCAAAAATTTTATATCTCTACTCCATATATTTATCTTTACACCCAAAAACAAAGTAATGAAAAAAATAACCCTTTCATA","Pf3D7_12_v3-63081-63314-1A.9","142T146+9N",1,0.000181455271275631,3
"IM-23-122-WVFA","8039832252","Maziba","Pf3D7_12_v3-63081-63314-1A","TTTCCGTCATAATAGTTGCATACATTCTATTAAAAACTTTGGGTACTCCTAATATAATTTCAGCTTTTGAATTACATATGTCTGTATTCAAAAATTTTATATCTCTACTCCATATATTTATCTTTACACCCAAAAACAAAGTAATGAAAAAAATAACCCTTTCATA","Pf3D7_12_v3-63081-63314-1A.3","63G142T146+9N",1723,0.312647432407911,3
"IM-23-122-WVFA","8039832252","Maziba","Pf3D7_12_v3-659881-660127-1A","GGTGGTTTAACATTTTCAGCTACGACTTTTTCGACTGATGGCAATCCTACTTTGATTAATTCCTTTAACATAGATTTTGCGTGTTTTTTTACTTCTGATTTGATATCAAAGCTTGATTCTAAAAAGGTTGGTGAATTTTTTTGTAAAACACTGACAAGTTCATTTGATATGGTCTCTGCTAAATCATCACCA","Pf3D7_12_v3-659881-660127-1A.1","26C27T35C83+9N135+9N",26,0.00584926884139483,2
"IM-23-122-WVFA","8039832252","Maziba","Pf3D7_12_v3-659881-660127-1A","GGTGGTTTAACATTTTCAGCTACGAGTTTTTCGAATGATGGCAATCCTACTTTGATTAATTCCTTTAACATAAGTTTTGCGTGGTTTTTTACTTCTGATTTGATATCAAAGCTTGATTCTAAAAAGGTTGGTGAATTTTTTTGTAAAACACTGACAAGTTCATTTGATATGGTCTCTGCTAAATCATCACCA","Pf3D7_12_v3-659881-660127-1A.5","27T73A74G83+9N135+9N",4419,0.994150731158605,2
"IM-23-122-WVFA","8039832252","Maziba","Pf3D7_12_v3-684011-684240-1A","ACCTAATGTTGGTAAGTCTACCATTTTTAATCGACTAACTCGAAAATATCAAGATGGTAGTATTGTATTAGATGTTAGTAGTACGAGAGATAAACTTTATGGAGAAGTTGAGTGGGAAGGATATAAATTTGAACTTGTGGATACAGGAGGTTTAGTTTTTGA","Pf3D7_12_v3-684011-684240-1A.1","67A",14,0.00288243771875643,2
"IM-23-122-WVFA","8039832252","Maziba","Pf3D7_12_v3-684011-684240-1A","ACCTAATGTTGGTAAGTCTACCATTTTTAATCGACTAACTCGAAAATATCAAGATGGTAGTATTGTTTTAGAGGTTAGTAGTACGAGAGATAAACTTTATGGAGAAGTTGAGTGGGAAGGATATAAATTTGAACTTGTGGATACAGGAGGTTTAGTTTTTGA","Pf3D7_12_v3-684011-684240-1A.4","73G",4843,0.997117562281244,2
"IM-23-122-WVFA","8039832252","Maziba","Pf3D7_08_v3-585331-585590-1A","TGAAAACTTTTCATGTACGGTTAATAAACAAAATAATTCTGAATTATATATAAGTAAAACTTCTTCTACATCTCTAAATTTATGCATTGTAGCTCTTTTAATATAATAAGGCAAATATTTTACAATATATTTTTGTTTAAAAAAACCTTGATGACCAACATTAATATCTTCCATTTTGGAAAAGGTTCCACTTAACG","Pf3D7_08_v3-585331-585590-1A.2","102T138+9N",10,0.0018628912071535,2
"IM-23-122-WVFA","8039832252","Maziba","Pf3D7_08_v3-585703-585949-1A","AAACACATCATCAAAAGTTTCTGATATTGGCTTGTTTGATTCTTTATATTTAAAATCTTTATATAAATAAAATCTATCTTTCTTAAAATATGGATCTTTACGTACTTCAATCGAATCACTATCAGTTACAATATTTATATCTTTTAATGTTAAGTGGAAATTAGAATCAATAATAGCTA","Pf3D7_08_v3-585703-585949-1A.1",".",1734,0.306848345425588,3
"IM-23-122-WVFA","8039832252","Maziba","Pf3D7_08_v3-585703-585949-1A","AAACACATCATCAAAAGTTTCTGATATTGGCTTGTTTGATTCTTTATATTTAAAATCTTTATATAAATAAAATCTATCTTTCTTAAAATATGGATCTTTACGTAGTTCAATCGAATCACTATCAGTTACAATATTTATATCTTTTAATGTTAAGTGGAAATTAGAATCAATAATAGCTA","Pf3D7_08_v3-585703-585949-1A.4","105G",3,0.000530879490355689,3
"IM-23-122-WVFA","8039832252","Maziba","Pf3D7_08_v3-585703-585949-1A","AAACACATCATCAAAAGTTTCTGATATTGGCTTGTTTGATTCTTTATATTTAAAATCTTTATATAAATAAAATCTATCTTTCTTAAAATATGGATCTTTACGTAGTTCAATCGAATCCCTATCAGTTACAATATTTATATCTTTTAATGTTAAGTGGAAATTAGAATCAATAATAGCTA","Pf3D7_08_v3-585703-585949-1A.3","105G118C",3914,0.692620775084056,3
"IM-23-122-WVFA","8039832252","Maziba","Pf3D7_13_v3-2780346-2780575-1B","GTTGGATAGAATGCCCGACTACGGATCGGGAGGTCGTGGGTTCGACTCCTGCCCGGCCTAATTTTTTTCGTTTTCGTTTTTAAAGTAAAAAAGGATAATATTTTTAAAAAACATTTAGTATATATATTTTTTTTAAATAATAAATCTATTATATTATTAAATATTATGAGAAGA","Pf3D7_13_v3-2780346-2780575-1B.1","61+9N86+8N105+8N126+10N",3351,0.723601813863097,2
"IM-23-122-WVFA","8039832252","Maziba","Pf3D7_13_v3-1146764-1147010-1A","AAATTTTCTCCTAAAGTTATGCCTTTGTTAATGAAGGAGAAGAACGTGAAACATAAAGCACCTCCTAAAGGTACTATAAAGCATACGCTAGAATATTTAAAAAGAGCAGGAGAATCAAGAATGAAAGAAAATGAATTATACAAATCAAAAAAAGATAGCACACTTAGTTCAATTGCAATTAGAAAAAATTCC","Pf3D7_13_v3-1146764-1147010-1A.1","64C110G146+9N182+8N",5401,0.98504468356739,2
"IM-23-122-WVFA","8039832252","Maziba","Pf3D7_03_v3-85507-85756-1A","TATCATTTAAATTCTCTTTTTCCACAGCTCCAGCATTTTTATTTATATCATCTACAACTACATCTTCCTTCACATAAATATTTATATAAAAATTATTATCATCTAAAGCATCTGAAAATTCTTCATTTAATACTTCTTCATCTACATTAAATGTTTTCGTTCTTTCATCATCTAATAAA","Pf3D7_03_v3-85507-85756-1A.21","78A144D=TCT",2,0.00102092904543134,3
"IM-23-122-WVFA","8039832252","Maziba","Pf3D7_13_v3-2816310-2816554-1B","CAAATACTTTTCAATATAGGTCTAGTGAAAGTGTGGAAGTAATAACTAATAAACCTGATGAAATGGAAATGACAACTAAACCACCATCACAATATATTGAAAAGGAAATTGGAGAAATTGATTCTACAAAAAATCAAGATAATGATGAACAAAGCAATTCTATAATTCCTTTAATTAATAAAAATAATGAA","Pf3D7_13_v3-2816310-2816554-1B.2","95T127+8N",2463,0.65107057890563,2
"IM-23-122-WVFA","8039832252","Maziba","Pf3D7_13_v3-2840462-2840736-1B","AATAAACACATATGTTTATTAATAAAATTGTTAGTTATTTTTATGTATACATAATAAATTAAAGATACTAAAACAATATTTTTAAATATAAATAAATGAATAATGATATTATTTATATGATTCATCATTCTATATTTACATGGAAGATTAAAAAATTATATATATATATATATGGTAATTTCTGTGTTTATGTTTTTATTTTTATAATA","Pf3D7_13_v3-2840462-2840736-1B.8","88A149+23N",44,0.341085271317829,2
"IM-23-122-WVFA","8039832252","Maziba","Pf3D7_13_v3-2840462-2840736-1B","AATAAACACATATGTTTATTAATAAAATTGTTAGTTATTTTTATGTATACATAATAAATTAAAGATACTAAAACAATATTTTTAAATGTAAATAAATGAATAATGATATTATTTATATGATTCATCATTCTATATTTACATGGAAGATTAAAAAATTATATATATATATATATGGTAATTTCTGTGTTTATGTTTTTATTTTTATAATA","Pf3D7_13_v3-2840462-2840736-1B.4","149+23N",85,0.65891472868217,2
"IM-23-122-WVFA","8039832252","Maziba","Pf3D7_09_v3-202854-203106-1A","AATATACAAAGAATGTATATGATAAAATATTCTTTGTCCTTTAAAATTTTTTGTTCTTGTACTTTGTTTTTTATAATCTATTAAATTCATATCTGATGAAATATCATATTTATATTCCCCTTTATGAGCATTTACAAAAGTTTCGCTATTTCTTTTATTAATATATGTATTTGAGCACATATTTTTAT","Pf3D7_09_v3-202854-203106-1A.3","46+8N66+8N183T",3707,0.624389422267138,4
"IM-23-122-WVFA","8039832252","Maziba","Pf3D7_09_v3-202854-203106-1A","AATATACAAAGAATGTATATGATAAAATATTCTTTGTCCTTTAAAATTTTTTGTTCTTGTACTTTGTTTTTTATAATCTATTAAATTCATATCTGATGAAATATCATATTTATATTCCCCTTTATGAGCATTTACAAAAGTTTCGTTATTTCTTTTATTAATATATGTATTTGAGCACATATATTTAT","Pf3D7_09_v3-202854-203106-1A.2","46+8N66+8N146T",7,0.00117904665656055,4
"IM-23-122-WVFA","8039832252","Maziba","Pf3D7_09_v3-270915-271160-1A","CTTTGTATGTATTATCTGTTGTTTTATCTTCACCTTGATTTCCTGTACTTGTAGATTCAGTAGATGGACCTTCAGAACCTGCTAATTCATCACTAGTAGATGCAGCACTTGTACTTTTAGATTGTTCTTTTAATGGTCCCATATATTTGTATAATTCTATTTCTAAATCTTGATCCTTGGTTTTTTCTTCTAA","Pf3D7_09_v3-270915-271160-1A.1","82C85A180+8N",5930,1,1
"IM-23-122-WVFA","8039832252","Maziba","Pf3D7_13_v3-479569-479811-1A","CTAGAGACGAATTTGATGATAAAAGAAAATTAAAAGAAGAGAAAATTAAACAATGCCAACTATTAAATGAAAAACAACGAGAAGAAAAAGAAAAAGAAGAAAGAATTCTGAGAGAAAAAGCTGTTGAATATACCTTACAAAATGAAGAAGAATATAAACAACTAAAACGAAAATT","Pf3D7_13_v3-479569-479811-1A.2","79G96+8N",16,0.00331468821214005,3
"IM-23-122-WVFA","8039832252","Maziba","Pf3D7_08_v3-1370603-1370853-1B","AAAAGTAATTAAAAAAAAAAAAATGAAAATAAAAAAAAACATTACATATTTTTTTATGTATAAAATATTTTAAAGCACTGAGATTATTTATGTTATAAATTAATTGAATGTTTAAAAGATTATAAAATTTTATTTATGAAAATATATGAATATATATAATATAAGCAGGTATTAAATAACCAAATAATAT","Pf3D7_08_v3-1370603-1370853-1B.1","10+32N49+9N",404,0.460661345496009,2
"IM-23-122-WVFA","8039832252","Maziba","Pf3D7_13_v3-748254-748510-1B","ATACCAAAAAAAATAAAATAAAATAAAATGAAATAATAAATAAATAAATATACATATATTTACATATATATATATATAATTACACATATTTTTGATTGAGGACAAATTACATGTCGTGTAGTTCGTCTTCCTTGTGCGTTTCAATCACACAATCCGATTTAGGATAACATGTACACAAAAGAATATATTTTTTCTT","Pf3D7_13_v3-748254-748510-1B.12","5+10N25I=AAAAT39+33N180+8N",2,0.00100704934541793,3
"IM-23-122-WVFA","8039832252","Maziba","Pf3D7_09_v3-595828-596094-1A","ATAATTTTTTCATCGTTCTTATACATGAATGATAAAGTCTTTTTGCAAAATTTTTTGAAGAGATCAGATTTGAGATAAAGACGTTTGGCTAATTTATACGAGAATTCTAGAGCATCTAATTTTATATTTAAACATTTTTTCGTATCCAATATATTATAATTTTGTTCATAAGTCTGTTCGTTTATATTATTTAATACTTTT","Pf3D7_09_v3-595828-596094-1A.8","4+8N27G50+8N108T134+8N180G",4,0.00140007000350017,2
"IM-23-122-WVFA","8039832252","Maziba","Pf3D7_05_v3-668763-669004-1A","TAATATTATCTGGCTCTGTAACCATGTCCGAACATATGTTAACAGGAGAATCTGTTCCTATACATAAAGAGCAGTTACCTTTTGAAGGAAATGCTATTATAAATAAAAATAATAAATATGAGAGTAACGATGAAAAGGATGATTACCTTCGTATTTATAATAATCATGCTAGTATTAATATGATCAAGCG","Pf3D7_05_v3-668763-669004-1A.7",".",4694,0.998510955115933,2
"IM-23-122-WVFA","8039832252","Maziba","Pf3D7_13_v3-748254-748510-1B","ATACCAAAAAAAATAAAATAAAATGAAATAATAAATAAATAAATATACATATATTTACATATATATATATATAATTACACATATTTTTGATTGAGGACAAATTACATGTCGTGTAGTTCGTCTTCCTTGTGCGTTTCAATCACACAATCCGATTTAGGATAACATGTACACAAAAGAATATATTTTTTCTT","Pf3D7_13_v3-748254-748510-1B.1","5+10N39+33N180+8N",1338,0.673716012084592,3
"IM-23-122-WVFA","8039832252","Maziba","Pf3D7_13_v3-815862-816091-1A","ATGATGTAGATGCTAACACAACATCCTGGTCAGTATCTTGTGATAAATAATTTAATTTATCCGCTAAAAAATAAAGTATAATTTCACAGCTTTTTTTATTTGTATCTGTGTTTTTCATGTTATCATAAAAAGACAAAGATGAAGTAGCACATGAGTTAATTA","Pf3D7_13_v3-815862-816091-1A.3","17C19C20A59A65+8N90+9N",1909,0.668183409170458,2
"IM-23-122-WVFA","8039832252","Maziba","Pf3D7_05_v3-796518-796759-1A","TGGTTCTTCAATTATTCATATAAGTTCTTTATTAGTAGGTGTATATTTATGTAGTAGTAGTGCAAATGCATTTAATCAAATTATTGAAAGAAATATAGATAAGTTAATGAAAAGAACCCAAAAAAGACCCTTAGCAAATAATAATCCAAATATGTCAGTTAAGCATGCTGAAATAT","Pf3D7_05_v3-796518-796759-1A.3","14A119+8N163G",19,0.00390705325930496,4
"IM-23-122-WVFA","8039832252","Maziba","Pf3D7_13_v3-852647-852921-1A","TACGAAATGATGAATTAAAAGAATTAACATTTATGAAAAATAAAGAAAATAGGAATGCAGATACATATGTTTTTCATTATCCTAAAAAAGAGAAATATGACCAATTAGTTTTTGAATTACGTAAGCATAATTTTAATATAACAAGCATGAATACATATAAAAAACTAACAAATGAAACATCATCACAAAAAGAAGAAAATGCTTCTATAATAAGTT","Pf3D7_13_v3-852647-852921-1A.15","75C83+8N125G158+8N",983,0.670532060027285,4
"IM-23-122-WVFA","8039832252","Maziba","Pf3D7_08_v3-1375025-1375284-1B","CAAGTTATTGTTAAATTCGGAGTTATTCTATAAAAATGAAAAATCATTTAAAAATGTAAAAATGTACATATATATATATATATATATATATAATATTATTATATGTATTTTTATAAGTAAGTGTTATATTTATTTATATTTGCAATTAAAATACTTACGTTATCTAACAAAAGTACGGAAGCAAAA","Pf3D7_08_v3-1375025-1375284-1B.7","10G17T22G33D=TA39+8N58+8N66G67+53N132G134A136G139T151A168A195A",37,0.672727272727273,3
"IM-23-122-WVFA","8039832252","Maziba","Pf3D7_08_v3-1375205-1375450-2","ACAAAAGTACGGAGGCAAAAACGGCAGCGGATAATACTTTATTTTTTGAGAAGGAAACCATTTTTATTAAATAACTATATAAATAGAAAAAGAAATAATAACAAAAATGTATAAATATAATTGTATAATATATGATATATATAAAATATAGAATACTAATTTTTTGCATATACAAAAAA","Pf3D7_08_v3-1375205-1375450-2.1","41+8N159+8N173+7N",1390,1,1
"IM-23-122-WVFA","8039832252","Maziba","Pf3D7_05_v3-958372-958608-1B","ATTTATAACAATTTTTACATATGCCAGTTCCTTTTTAGGTTTATATATTTGGTCATTAATAAAAAATGCACGTTTGACTTTATGTATTACTTGCGTTTTTCCGTTAATTTATGTTTGTGGTGTCATATGTAATAAGAAAGTAAAATTAAATAAAAAAACATCTTTGTTATATAATAACAATACC","Pf3D7_05_v3-958372-958608-1B.2","60+8N151+9N",2845,0.635044642857143,2
"IM-23-122-WVFA","8039832252","Maziba","Pf3D7_05_v3-960810-961048-1B","TAATACAGGAAGCATTTTATAATATGCATACTGTTATTAATTATGGTTTAGAAGATTATTTCTGTAATTTGATAGAAAAAGCTATTGATTATAAAAATAAAGGACAAAAAAGAAGAATTATTGTAAATGCAGCTTTATGGGGATTCAGTCAAAGCGCTCAATTATTTATTAATAGTTT","Pf3D7_05_v3-960810-961048-1B.1","105+8N",4002,1,1
"IM-23-122-WVFA","8039832252","Maziba","Pf3D7_05_v3-961511-961758-1B","CTGCAGAAGATTATACTGTATTTAATAATAATGGAGAAATATTATTAGATGATATTAATATATGTGATTATAACTTAAGAGATCTTAGAAACTTATTTTCAATAGTTAGTCAAGAACCCATGTTATTTAATATGTCCATATATGAAAATATCAAATTTGGAAGAGAAGATGCAACATTGGAAGAT","Pf3D7_05_v3-961511-961758-1B.1",".",3123,1,1
"IM-23-122-WVFA","8039832252","Maziba","Pf3D7_13_v3-911757-912005-1A","GAGCCAACAATTTGATTTTCCACAACTTACTGAATCTTTAAAACATTGTGAACAGGTATATGACATTTTTTTATTATCTTTGGCTAGTTCCTTTTGAACACATTCCATAGTACTATCACCTGAACCTAAGTTATCAACAGAACATTTTAATAATATACTAAAAAATTTATTGCTAGGAGAAAGTTGTAAA","Pf3D7_13_v3-911757-912005-1A.5","60A65+9N159+8N",1823,0.327289048473968,3
"IM-23-122-WVFA","8039832252","Maziba","Pf3D7_13_v3-911757-912005-1A","GAGCCAACAATTTGATTTTCCACAACTTACTGAATCTTTAAAACATTGTGAACAGGTATCTGACATTTTTTTATTATCTTTGGCTAGTTCCTTTTGAACACATTCCATAGTACTATCACCTGAACCTAAGTTATCAACAGAACATTTTAATAATATACTAAAAAATTTATTGCTAGGAGAAAGTTGTAAA","Pf3D7_13_v3-911757-912005-1A.1","65+9N159+8N",15,0.00269299820466786,3
"IM-23-122-WVFA","8039832252","Maziba","Pf3D7_13_v3-911757-912005-1A","GAGCCAACAATTTGATTTTCCACAACTTACTGAATCTTTAAAACATTGTGAACAGGTATTTGACATTTTTTTATTATCTTTGGCTAGTTCCTTTTGAACACATTCCATAGTACTATCACCTGAACCTAAGTTATCAACAGAACATTTTAATAATATACTAAAAAATTTATTGCTAGGAGAAAGTTGTAAA","Pf3D7_13_v3-911757-912005-1A.3","60T65+9N159+8N",3732,0.670017953321364,3
"IM-23-122-WVFA","8039832252","Maziba","Pf3D7_13_v3-935613-935884-1A","CAAAATAATATGAATAGTAATAGTAATAGTTATAATAATTTTAATATAACAGATAGAAGTAAAGAAATAAAAAAAAATTATAAAAGAAACAAAATTTTAATAGTTATTAATAATATTAATACAAATCATATTTTATTATTAAATGAAAGTGTTATAAAAAAAAAAATACTTACATTTTATCTAGATCTTTTTTTTGATGATAATGAACAAAT","Pf3D7_13_v3-935613-935884-1A.1","68+11N155+13N187+10N",2056,0.718378756114605,2
"IM-23-122-WVFA","8039832252","Maziba","Pf3D7_13_v3-935613-935884-1A","CAAAATAATATGAATAGTAATAGTAATAGTTATAATAATTTTAATATAACAGATAGAAGTAAAGAAATAAAAAAAGATTATAAAAGAAACAAAATTTTAATAGTTATTAATAATATTAATACAAATCATATTTTATTATTAAATGAAAGTGTTATAAAAAAAAAAATACTTACATTTTATCTAGATCTTTTTTTTGATGATAATGAACAAAT","Pf3D7_13_v3-935613-935884-1A.2","68+11N155+13N187+10N",806,0.281621243885395,2
"IM-23-122-WVFA","8039832252","Maziba","Pf3D7_13_v3-958247-958510-1B","TTTATATTATCTGTAATATGCACATTTTGTATAATATTATCAATATTTGTAGCATTTTGACCGTATGTTTCATTTTCATCGTATGTTCCATTTATATTGTATGTTCCATTTTCATCGTATGTTCCATTTATATTGTATGTTCCATTTTCATCGTATGTTCCATTTATATTGTATGTTCCATTTTTATCATATGTTATGTCCACAT","Pf3D7_13_v3-958247-958510-1B.1","106C",1863,0.995192307692308,2
"IM-23-122-WVFA","8039832252","Maziba","Pf3D7_02_v3-291770-292017-1A","TAATATCATAAGGTTTGAATATTTTCCTCTCAGGTATTATACCAACAGAAGGTTTATCATCATCTTTAAAACCTGCTCTATCTTTAACCCATTGATTAGGATTTTTTAAACATAAAGCTGGATTCTTTAATAAATCTTTCATATGTTCCATATTATTTTCTTCATTTATATATGATTCTAC","Pf3D7_02_v3-291770-292017-1A.2","101+8N",3505,0.997438816163916,2
"IM-23-122-WVFA","8039832252","Maziba","Pf3D7_02_v3-470437-470709-1A","AATATTGACATGAAACATTATAATACACATAAGAAAAAAAAAATTTATTTATTCTTACAAAAAGAATATAAAAACAAAATTTTGGGATTTATAAATTTTTATAAACATATAACACACAAAATAAAAAAGAAACAAGAAAATGTTCATGATAAAATCACTTTTTTAAAATGTCTAAAGGAACTCTTTTTTGTCACACATACAAATG","Pf3D7_02_v3-470437-470709-1A.1","33+12N122+8N158+8N183+8N205G",1875,1,1
"IM-23-122-WVFA","8039832252","Maziba","Pf3D7_02_v3-503040-503288-1A","ATTATGATTAATAATAATATTTCTCATAATTTCGTTAAATACATCTAAACTATTTATAGAACCATCTATATCATCTTCATTCCTATTTTGGTGAACCGATTCGGTGTTTATAACATCTAAGGTGTCTTTTTCTTCTCCTCTGTAACTTTTTATAATTTTTTGATAAATGTTGTTATAAGAATTATCA","Pf3D7_02_v3-503040-503288-1A.2","97C155+8N",5758,0.996538594669436,2
"IM-23-122-WVFA","8039832252","Maziba","Pf3D7_08_v3-476232-476475-1A","CAAACACATGATAACCAAAAGTGTAAGGAAAATTTTTCAAATTCATTTGTTAATGAAATATATGAAAAAGAAGAAAAAGAAACGCAAAAAATGAAAGAATATTTAGAACAACATGAAGAACATTTTTCAACGTTTAGAAATTCAATTTTATGTAAATTAAGAATAGCTGAAGAATT","Pf3D7_08_v3-476232-476475-1A.3","15C85+8N",2702,0.679235796882856,3
"IM-23-122-WVFA","8039832252","Maziba","Pf3D7_04_v3-748585-748822-2","TTAATAAAAAAAATATATTTTACTAGAATAAATAGTACATATGAATGTGATGTATTTTTTCCAGAAATAAATGAAAATGAGTATCAAATTATTTCTGTTAGCGATGTATATACTAGTAACAATACAACATTGGATTTTATCATTTATAAGAAAACGAATAATAAAATGTT","Pf3D7_04_v3-748585-748822-2.1","5+10N54+8N",2472,1,1
"IM-23-122-WVFA","8039832252","Maziba","Pf3D7_04_v3-900526-900759-1A","TTAACAACTTATCATCATTTATTAGATTCTTTTCATGGAACAGATTATTAACAGTATCCATAATTTTATGATCATCCGTGTTATATGTATCTATACAAGTATTTAACTTGCTTATATAATTTACATATTTCAACGGATCATTTTGAAGTATGCAATCATCGAATGAATA","Pf3D7_04_v3-900526-900759-1A.2",".",2502,0.37160255458191,2
"IM-23-122-WVFA","8039832252","Maziba","Pf3D7_08_v3-585331-585590-1A","TGAAAACTTTTCATGTACGGTTAATAAACAAAATAATTCTGAATTATATATAAGTAAAACTTCTTCTACATCTCTAAATTTATGCATTGTAGCTCTTTTAAGATAATAAGGCAAATATTTTACAATATATTTTTGTTTAAAAAAACCTTGATGACCAACATTAATATCTTCCATTTTGGAAAAGGTTCCACTTAACG","Pf3D7_08_v3-585331-585590-1A.1","138+9N",5358,0.998137108792846,2
"IM-23-122-WVFA","8039832252","Maziba","Pf3D7_03_v3-221185-221419-1B","AAATAAATTAAATAGGAAAATATAAAGAAAAATGAAAATTAAGAAAAAAAGTAGTATATATTTTTATAAATATTGTACAACTCAAACTAAGATGTGTTCTTTATCTAATTAAGGAACAAGAAGGATAATACCATTATTAATCCTATTGAACTATTTACGACATTAAACA","Pf3D7_03_v3-221185-221419-1B.1","43+9N",2995,1,1
"IM-23-122-WVFA","8039832252","Maziba","Pf3D7_03_v3-221295-221532-2","AAGGAACAAGAAGGATAATACCATTATTAATCCTATTGAACTATTTACGACATTAAACACACTGGAACATTTTTCCATTTTACAAATTTTTTTTTCAATATCATTTGCATAATCTAATTGGTCTTTAGGTTTATTAGCAGAGCCAGGCTTTATTCTAACTTGAATACCATTTCCACAAGTTA","Pf3D7_03_v3-221295-221532-2.1","86+11N120G",2417,0.777920823945929,2
"IM-23-122-WVFA","8039832252","Maziba","Pf3D7_03_v3-221295-221532-2","AAGGAACAAGAAGGATAATACCATTATTAATCCTATTGAACTATTTACGACATTAAACACACTGGAACATTTTTCCATTTTACAAATTTTTTTTTCAATATCATTTTCATAATCTAATTGGTCTTTAGGTTTATTAGCAGAGCCAGGCTTTATTCTAACTTGAATACCATTTCCACAAGTTA","Pf3D7_03_v3-221295-221532-2.2","86+11N107T120G",690,0.222079176054071,2
"IM-23-122-WVFA","8039832252","Maziba","Pf3D7_03_v3-221463-221712-1B","ACTTGAATACCATTTCCACAAGTTACACTACATGGGGACCATTCAGTTGAAAGAGAATTTTGTATTGTCTTTAAATATTTTTCTATGTGCTGATCACTTGGTTCTTCGTTATTATTATTTTTTACAGCATTGTTGGCATTAGCATTTTCATCTACATTTCGGTTTGGGTCATTTGGCATATTGTGACCTTGTC","Pf3D7_03_v3-221463-221712-1B.27","67G69C80T83C92G117+8N130T",1620,0.667765869744435,2
"IM-23-122-WVFA","8039832252","Maziba","Pf3D7_03_v3-221463-221712-1B","ACTTGAATACCATTTCCACAAGTTACACTACATGGGGACCATTCAGTTGAAAGAGAATTTTTTATTGTCTTTAAATATTGTTCTATGTGCTTATCACTTGGTTCTTCGTTATTATTATTTTTTACAGCATTGTTGGCATTAGCATTTTCATCTACATTTCGGTTTGGGTCATTTGGCATATTGTGACCTTGTC","Pf3D7_03_v3-221463-221712-1B.1","62T67G69C80G83C117+8N130T",806,0.332234130255565,2
"IM-23-122-WVFA","8039832252","Maziba","Pf3D7_03_v3-515418-515657-1A","TTTCATTAATTTCTATATGTTTGAATTCCCTTATAGACATATTTGAATCATTATTACTTTTATATGAAGTGTTATTATCGAAATTATTATTAATACATTTTATTTTAATGATTTTGTTAAAATTTTTATTATTTACTATAATGGAAGTCAGATATGTACTTATCGTATGGAAAGCTAATCATCAACA","Pf3D7_03_v3-515418-515657-1A.3","5A",9122,1,1
"IM-23-122-WVFA","8039832252","Maziba","Pf3D7_03_v3-653961-654206-1A","CTCGTACAATATTTTTATAATTTCCTTTCATCTTATTTTTTTCTTTATATTTTTTTTTTTCATATGTAAGATTTATATAATCACTTTCGCTTTTTCTAACGCTTTTGAACTTTTTAAATGTACTTCGTTCATTATTTCTAATTCTCGTAAACACAAGAATAAATATTTTGATATATCTTATA","Pf3D7_03_v3-653961-654206-1A.1","35+9N49+13N101G",3976,1,1
"IM-23-122-WVFA","8039832252","Maziba","Pf3D7_08_v3-1314717-1314986-1A","ATAAAAAAGAAAAAATTATTGTCAAAAGTTTTCATAGATATATATATGATGGTATTAGAAGATTTTAAAGAAGAAGAATGTAAAAAGAATAAAGAAATATTTCTTGATACTTATATAGATGAACTAAAAAAAGATTCGCAAAGTGAAAAAAATAAAAGCATGTTAAATATATTAGATGAAATAAAAAGTGATATTCATATAGGATATC","Pf3D7_08_v3-1314717-1314986-1A.3","2+15N125+9N145+9N",824,0.722173531989483,4
"IM-23-122-WVFA","8039832252","Maziba","Pf3D7_08_v3-1344618-1344845-1A","TATCTTTTCCATATATAATAACGCATGAATTCTTTAAATATATCTTTTACTTTATCTGTAAGTTTCATGGAATCTATTATTTCATCTGCATATTTTATTTTTGCCTCGTTTATATATTTACCTGCTTCTAATTTACATAAACATTTTTCTATTAAGTTTTG","Pf3D7_08_v3-1344618-1344845-1A.4","86C128C",3835,0.637997005489935,2
"IM-23-122-WVFA","8039832252","Maziba","Pf3D7_13_v3-2814606-2814855-1B","TAGCGATAATGATCCTGCAGTAGTAAGTGGTAGAGAATCTAAAGATGTAAATCTTCATACTTCTGAAAGGATTAAAGAAAATGAAGAAGGTGTGATTAAAACAGATGATAGTTCAAAAAGTATTGAAATTTCTAAAATACCATCTGACCAAAATAATCATAGTGATTTATCACAGAATGCAAATGAGGACTCTA","Pf3D7_13_v3-2814606-2814855-1B.1","109T",1594,0.355962483251452,2
"IM-23-122-WVFA","8039832252","Maziba","Pf3D7_09_v3-202854-203106-1A","AATATACAAAGAATGCATATGATAAAATATTCTTTGTCCTTTAAAATTTTTTGTTCTTGTACTTTGTTTTTTATAATCTATTAAATTCATATCTGATGAAATATCATATTTATATTCCCCTTTATGAGCATTTACAAAAGTTTCGCTATTTCTTTTATTAATATATGTATTTGAGCACATATTTTTAT","Pf3D7_09_v3-202854-203106-1A.1","16C46+8N66+8N183T",4,0.00067374094660603,4
"IM-23-122-WVFA","8039832252","Maziba","Pf3D7_09_v3-202854-203106-1A","AATATACAAAGAATGCATATGATAAAATATTCTTTGTCCTTTAAAATTTTTTGTTCTTGTACTTTGTTTTTTATAATCTATTAAATTCATATCTGATGAAATATCATATTTATATTCCCCTTTATGAGCATTTACAAAAGTTTCGTTATTTCTTTTATTAATATATGTATTTGAGCACATATATTTAT","Pf3D7_09_v3-202854-203106-1A.7","16C46+8N66+8N146T",2219,0.373757790129695,4
"IM-23-122-WVFA","8039832252","Maziba","Pf3D7_05_v3-395887-396136-1A","TCTAAGGATTGTTGGTTTTTTAGGATGCTCATCTTTTTAAGATAATCCTCTTTACTGTCGTTATTATTTAAATCGTTTTGTATAATATTATATTGTGAATTCCTTGTGTTTTTCATAATACTATTAGTCCTATTGGTGTTCTTCTTCTTATTATTATTATTATTGTTCTTCTTCTTAATAAA","Pf3D7_05_v3-395887-396136-1A.4","15+8N145+20N",8,0.00396235760277365,2
"IM-23-122-WVFA","8039832252","Maziba","Pf3D7_11_v3-1376058-1376305-1A","TTTCTGGCTCGATATAATCCATTTCAATATTTATATTAGATATGAAACATCTATCTTCAATAGGTGAATTTGCTGCAAATTGAGCCATAGAAAAATGATTCTCATTCCTTTGAAAATATGAACTATTCAACTCATCAAGGTTTTCATATTTTATTTCATAACTGCCATCATCTGAATCCTCTTCATCA","Pf3D7_11_v3-1376058-1376305-1A.5","140G150T",2670,0.696037539103233,2
"IM-23-122-WVFA","8039832252","Maziba","Pf3D7_13_v3-479569-479811-1A","CTAGAGACGAATTTGATGATAAAAGAAAATTAAAAGAAGAGAAAATTAAACAATGCCAACTATTAAATGAAAAACAACTAGAAGAAAAAGAAAAAGAAAAAAGAATTCTGAGAGAAAAAGCTGTTGAATATACCTTACAAAATGAAGAAGAATATAAACAACTAAAACGAAAATT","Pf3D7_13_v3-479569-479811-1A.1","96+8N",3513,0.727781230577999,3
"IM-23-122-WVFA","8039832252","Maziba","Pf3D7_09_v3-595828-596094-1A","ATAATTTTTTCATCGTTCTTATACATGAATGATAAAGTCTTTTTGCAAAATTTTTTGAAGAGATCAGATTTGAGATAAAGACGTTTGGCTAATCTATAGGAGAATTCTAGAGCATCTAATTTTATATTTAAACATTTTTTCGTATCCAATATATTATAATTTTGTTCATAAGTCTGTTCGTTTATATTATTTAATACTTTT","Pf3D7_09_v3-595828-596094-1A.4","4+8N27G50+8N94C99G108T134+8N180G",2853,0.9985999299965,2
"IM-23-122-WVFA","8039832252","Maziba","Pf3D7_13_v3-479569-479811-1A","CTAGAGACGAATTTGATGATAAAAGAAAATTAAAAGAAGAGAAAATTAAACAATGCCAACTATTAAATGAAAAACAACTAGAAGAAAAAGAAAAAGAAGAAAGAATTCTGAGAGAAAAAGCTGTTGAATATACCTTACAAAATGAAGAAGAATATAAACAACTAAAAAGAAAATT","Pf3D7_13_v3-479569-479811-1A.10","96+8N168A",1298,0.268904081209861,3
"IM-23-122-WVFA","8039832252","Maziba","Pf3D7_13_v3-748254-748510-1B","ATACCAAAAAAAATAAAATAAAATAAAATGAAATAATAAATAAATAAATATACATATATTTACATATATATATATATAATTACACATATTTTTGATTGAGGACAAATTACATGTAGTGTAGTTCGTCTTCCTTGTGCGTTTCAATCACACAATCCGATTTAGGATAACATGTACACAAAAGAATATATTTTTTCTT","Pf3D7_13_v3-748254-748510-1B.2","5+10N25I=AAAAT39+33N108A180+8N",646,0.32527693856999,3
"IM-23-122-WVFA","8039832252","Maziba","Pf3D7_05_v3-641131-641404-1A","GGAATTTTTTTTTTGGTGTTTTATTTTTTCGAAGGATACAGTATAATCTAAGACATTAAAATTATTGGGTTTGAAAAAGAGTTTCCTTTTTATGATGTGCAATAGAGGTATATTTATATAGGAAATATAAACATATAAAAGGAATATGATAAAAAGGAAATATTGACTTAATAAAATATTAATATTTCTTTTTTTAAAATATATTTCGT","Pf3D7_05_v3-641131-641404-1A.3","4+12N23+8N42T188+9N",1068,1,1
"IM-23-122-WVFA","8039832252","Maziba","Pf3D7_05_v3-668763-669004-1A","TAATATTATCTGGCTCTGTAACCATGTCCGAACATATGTTAACAGGAGAATCTGTTCCTATACATAAAGAGCGGTTACCTTTTGAAGGAAATGCTATTATAAATAAAAATAATAAATATGACAGTAACGATGAAAAGGATGATTACCTTCGTATTTATAATAATCATGCTAGTATTAATATGATCAACCG","Pf3D7_05_v3-668763-669004-1A.1","73G122C188C",7,0.00148904488406722,2
"IM-23-122-WVFA","8039832252","Maziba","Pf3D7_05_v3-796518-796759-1A","TGGTTCTTCAATTATTCATATAAGTTCTTTATTAGTAGGTGTATATTTATGTAGTAGTAGTGCAAATGCATTTAATCAAATTATTGAAAGAAATATAGATAAGTTAATGAAAAGAACCCAAAAAAGACCCTTAGCAAATAATAATCCAAATATGTCAGTTAAACATGCTGAAATAT","Pf3D7_05_v3-796518-796759-1A.1","14A119+8N",1561,0.320995270409212,4
"IM-23-122-WVFA","8039832252","Maziba","Pf3D7_05_v3-796518-796759-1A","TGGTTCTTCAATTGTTCATATAAGTTCTTTATTAGTAGGTGTATATTTATGTAGTAGTAGTGCAAATGCATTTAATCAAATTATTGAAAGAAATATAGATAAGTTAATGAAAAGAACCCAAAAAAGACCCTTAGCAAATAATAATCCAAATATGTCAGTTAAACATGCTGAAATAT","Pf3D7_05_v3-796518-796759-1A.4","119+8N",6,0.00123380629241209,4
"IM-23-122-WVFA","8039832252","Maziba","Pf3D7_10_v3-1414337-1414596-1A","GACCTGAATGGAAAGGCCAATGTGATAAATTTGAAAAAGAAAAAAGTAAATATGAAGATACTAAAAGTATAACTGCTGAAAAATATTTAAAAGAAATATGTTCTGAATGTGATTGTAAATATAAAGATTTGGATAATACATTTAAAGAATTTAATGATAACGTTACGCTTCTTAAAGCAGTAATTGATAACAAA","Pf3D7_10_v3-1414337-1414596-1A.3","39+8N155T167G",4076,1,1
"IM-23-122-WVFA","8039832252","Maziba","Pf3D7_10_v3-1414599-1414832-1A","ATCTAGATCAACGAGGGAATATAACAACATCTCAAGGAAATTCACACCGTGCAACTGTTGTGCAACAAGCTGATCAAACCAACAGATTAGATAATGTAAACTCTGTAACGCAAAGAGGAAATAATAACTACAACAATAATTTAGAGCGTGGATTGGGTTCTGGTGCT","Pf3D7_10_v3-1414599-1414832-1A.1","70C",8856,1,1
"IM-23-122-WVFA","8039832252","Maziba","Pf3D7_11_v3-2001725-2001999-2","GGATGTAAGAACTAAGAATGTAAATACAAGTAAGAGAAATGAAGGACTTAATGATATAAATGAATCAGAAAAAACAAGAACAAGAAGGGCATCAACAAAATCAAATAATAATAATAATAATGTATCATACGAGAATGAATTAGAGAGTGTATCTGAATGGTTTGATAACTTTTTGGAGGATCATATGAAGGAAGGTGTTTTTTTAGATGGGGAAAA","Pf3D7_11_v3-2001725-2001999-2.1","1G68+8N89G116I=AATAAT153G191+9N",1736,1,1
"IM-23-122-WVFA","8039832252","Maziba","Pf3D7_11_v3-408285-408534-1A","TACGAAGAAGGTTTAAAATATTGTGCGTCATCAATTAATTTATGGATATGTGCTATCGATTTACAAATAGAAAAAAAGAATTATACAGGTGCTAGAGCTTTGACGGAGAAAGCAAAAATCAAAATCAAGTATTTAAATTCTTTTAATAATAATAGTCATATTTTAAAAAGTAAAGAAATTATTGAA","Pf3D7_11_v3-408285-408534-1A.2","3C70+9N",21,0.00655635341867,3
"IM-23-122-WVFA","8039832252","Maziba","Pf3D7_11_v3-408285-408534-1A","TATGAAGAAGGTTTAAAATATTGTGCGTCATCAATTAATTTATGGATATGTGCTATCGATTTACAAATAGAAAAAAAGAATTATACAGGTGCTAGGGCTTTGACGGAGAAAGCAAAAATCAAAATCAAGTATTTAAATTCTTTTAATAATAATAGTCATATTTTAAAAAGTAAAGAAATTATTGAA","Pf3D7_11_v3-408285-408534-1A.4","70+9N96G",9,0.00280986575085857,3
"IM-23-122-WVFA","8039832252","Maziba","Pf3D7_11_v3-408543-408771-1A","AGAGTGTTAATAATACTACAGCTAGTAATATTTCCAAATCCAAAAATGAACTTGAAAAAAAGTCATCAGTTAATAATAATGCTTATATTAAAATTATCGAAAATTATGATTTATTATGGTTAAAATTAATAGAAATTGAATTATGTTGTAATAATAAAAATTTAAATCCTATA","Pf3D7_11_v3-408543-408771-1A.1","54+9N",2796,0.87129947023995,2
"IM-23-122-WVFA","8039832252","Maziba","Pf3D7_11_v3-408543-408771-1A","AGAGTGTTAATAATACTACAGCTAGTCATATTTCCAAATCCAAAAATGAACTTGAAAAAAAGTCATCAGCTAATAATAATGCTTATATTAAAATAATCGAAAATTATGATTTATTATGGTTAAAATTAATAGAAATTGAATTATGTTGTAATAATAAAAATTTAAATCCTATA","Pf3D7_11_v3-408543-408771-1A.2","27C54+9N70C95A",413,0.12870052976005,2
"IM-23-122-WVFA","8039832252","Maziba","Pf3D7_07_v3-627351-627625-1A","TCACTAAGATAATTATTATTACTATTTTCAGCATAATAAAATTTCTGATGTTTCATAAGAGGAGTTTGGTTAGAAGCAAAATTATCAGCAGTTGTCGAATAATTATTATGTTCTTGATAAAAGAGATTATTCATATAGTTATTATTATTTTTCATATCATCCATAGTATTATTGTTAATATAAAATTCCTCATATGAATTATATATATA","Pf3D7_07_v3-627351-627625-1A.3","54C",1697,1,1
"IM-23-122-WVFA","8039832252","Maziba","Pf3D7_07_v3-717260-717493-1A","GAGCTTGCTTTTTTGTTGCGTTACTTGCTGGGCTGATCAAAAAAAAAGTTGAATGTATTGAACTTAGTGCCAGCGAAATTTCCCCTCATGAAAACAAATCGACGAGTTCATCAATATTCCAAGAGGAATTAAAATTTGATGAGTCTCTGAAAAATTTTTTCAAACAA","Pf3D7_07_v3-717260-717493-1A.2","8+8N38+11N141G154+8N",7855,1,1
"IM-23-122-WVFA","8039832252","Maziba","Pf3D7_02_v3-290580-290821-1A","TTATTATAAGGATTATAATTATTATCATTCTTATTATATGGATTAATATAATTTCGATCATAATCATTACTGTTTTTATCATATTGTGGATAATTATTTCTATTTCTATTTTGATTAAAATCCGATTGTCTATATCTAACTCTAATATCTGTAGATGCTAAATCATTAGGTAATGGG","Pf3D7_02_v3-290580-290821-1A.6","12+26N62A",670,0.120503597122302,2
"IM-23-122-WVFA","8039832252","Maziba","Pf3D7_14_v3-421322-421547-1A","TAAGAAAGATGAAGTAATAGAAAAAACTGAAGTATCAAAGAAAACATTTTCAGGTATAGGTTTTAATCTTACTGAAAAAGAAGCTAAAGTATTAGGTGTAGGTGTAACCTATCAAGAATATCCAGAAACCATGTTATATAACTGTCCAAACAATTCTA","Pf3D7_14_v3-421322-421547-1A.2","20+8N76A",3495,0.9968625213919,2
"IM-23-122-WVFA","8039832252","Maziba","Pf3D7_14_v3-421322-421547-1A","TAAGAAAGATGAAGTAATAGAAAAAACTGAAGTATCAAAGAAAACATTTTCAGGTATAGGTTTTAATCTTACTGAGAAAGAAGCTAAAGTATTAGGTGTAGGTGTAACCTATCAAGAATATCCAGAAACCATGTTATATAACTGTCCAAACAATTCTA","Pf3D7_14_v3-421322-421547-1A.1","20+8N",11,0.0031374786081004,2
"IM-23-122-WVFA","8039832252","Maziba","Pf3D7_14_v3-771407-771633-1A","ACCCACGGGACATTTTAATTTATACCTATTGGAACATTTTTTATTAGGTCTTTCTTTATGATTCTTCTTTAAAATAGGTTCATCATTATTTGAGTAAACTAACAGATCATTATCGTTCTCAAAATTATTATAACCATCAATATTTTTATTTCCATATACATCTATAA","Pf3D7_14_v3-771407-771633-1A.6","36+8N108C",6030,0.657005883634779,2
"IM-23-122-WVFA","8039832252","Maziba","Pf3D7_14_v3-771407-771633-1A","ACCCACGGGACATTTTAATTTATACCTATTGGAACATTTTTTATTAGGTCTTTCTTTATGATTCTTCTTTAAAATAGGTTCATCATTATTTGAGTAAACTAACAGATTATTATCGTTCTCAAAATTATTATAACCATCAATATTTTTATTTCCATATACATCTATAA","Pf3D7_14_v3-771407-771633-1A.1","36+8N",3148,0.342994116365221,2
"IM-23-122-WVFA","8039832252","Maziba","Pf3D7_02_v3-503040-503288-1A","ATTATGATTAATAATAATATTTCTCATAATTTCGTTAAATACATCTAAACTATTTATAGAACCATCTATATCATCTTCATTCCTATTTTGGTGAACTGATTCGGTGTTTATAACATCTAAGGTGTCTTTTTCTTCTCCTCTGTAACTTTTTATAATTTTTTGATAAATGTTGTTATAAGAATTATCA","Pf3D7_02_v3-503040-503288-1A.1","155+8N",20,0.00346140533056421,2
"IM-23-122-WVFA","8039832252","Maziba","Pf3D7_02_v3-628941-629172-1A","ACTTTTTTTAGATTTTTCTTGATCGTTTTCATCATTTTTTATTTCCTGTTCATCTGAGGTTTTCTTTTGTAAACGCTTAGTGCGTCCCTTTTGACCTTTTAATTTTTTTTTAAATATATTTTTAACTTGATCAATGAAGAAAGCATAATCTTGTATGACAGAAAATCT","Pf3D7_02_v3-628941-629172-1A.4","2+9N34+8N86C102+11N",8,0.00151171579743008,2
"IM-23-122-WVFA","8039832252","Maziba","Pf3D7_02_v3-628941-629172-1A","ACTTTTTTTAGATTTTTCTTGATCGTTTTCATCATTTTTTATTTCCTGTTCATCTGAGGTTTTCTTTTGTAAACGCTTAGTGCGTTTCTTTTGACCTTTTAATTTTTTTTTAAATATATTTTTAACTTGATCAATGAAGAAAGCATAATCTTGTATGACAGAAAATCT","Pf3D7_02_v3-628941-629172-1A.1","2+9N34+8N87T102+11N",5284,0.99848828420257,2
"IM-23-122-WVFA","8039832252","Maziba","Pf3D7_02_v3-630641-630907-1A","CTAAGTTATCTAAAATTATTAATTTTTTCAAATATGGTAATTTATGTCTATGAAGTAATAAGCCATCAACTAAATCTAAATCTAAACATAACCATTCTAATTTCGTTTCATTTAATATGTTTACAATTACATCTATACTAAAGTTAGAATGTAAAATCAAGGTTGTTACACCACTCATCATAGCTGCCATATCAACAAT","Pf3D7_02_v3-630641-630907-1A.1","22+8N43T",2959,1,1
"IM-23-122-WVFA","8039832252","Maziba","Pf3D7_04_v3-900526-900759-1A","TTAACAACTTATCATCATTTATTAGATTCTTTTCATGGAACAGATTATTAACAGTATCCATAATTTTATGATCATCCGTGTTATATGTATCTATACAAGTATTTAGCTTGCTTATATAATTTACATATTTCAACGGATCATTTTGAAGTATGCAATCATCGAATGAATA","Pf3D7_04_v3-900526-900759-1A.1","106G",4231,0.62839744541809,2
"IM-23-122-WVFA","8039832252","Maziba","Pf3D7_05_v3-1188456-1188706-1A","CAAAATTTAAATCAATAGCGGTTACGTTCATAATTTTGCCTTCAAAACTAACCTCTGTATGATATATAAATTTATTTTCCTTTACACTAAATACATATATAAAAATGGTACTTAATAATTTATCTTTATCATATTTAAATAATATTAAATCTGTTTTTACATCTGAGTTGTAATCACCGAAAT","Pf3D7_05_v3-1188456-1188706-1A.2","53C",7358,0.996478873239437,2
"IM-23-122-WVFA","8039832252","Maziba","Pf3D7_05_v3-1188456-1188706-1A","CGAAATTTAAATCAATAGCGGTTACGTTCATAATTTTGCCTTCAAAACTAACTTCTGTATGATATATAAATTTATTTTCCTTTACACTAAATACATATATAAAAATGGTACTTAATAATTTATCTTTATCATATTTAAATAATATTAAATCTGTTTTTACATCTGAGTTGTAATCACCGAAAT","Pf3D7_05_v3-1188456-1188706-1A.4","2G",26,0.00352112676056338,2
"IM-23-122-WVFA","8039832252","Maziba","Pf3D7_05_v3-1322099-1322341-1A","TTCCAATAGAAACTAGATTACGATTTTCTTCATGAGGTAAATTGACATTCATCTTATATGTATAATTAAGGATGAGTAATAAATTGTATAGAAATATTTTTATTTAATAATTTATATGTATTATTAATAATTCTGAATTTATCAATTGATATATTATTTTTGTTTTTCTTTATGCCATTC","Pf3D7_05_v3-1322099-1322341-1A.2","16G27T91G",18,0.0116279069767442,2
"IM-23-122-WVFA","8039832252","Maziba","Pf3D7_05_v3-1322099-1322341-1A","TTCCAATAGAAACTAGATTACGATTTTCTTCATGAGGTAAATTGACATTCATCTTATATGTATAATTAAGGATGAGTAATAAATTGTTTAGAAATATTTTTATTTAATAATTTATATGTATTATTAATAATTCTGAATTTATCAATTGATATATTATTTTTGTTTTTCTTTATGCCATTC","Pf3D7_05_v3-1322099-1322341-1A.3","16G27T88T91G",1530,0.988372093023256,2
"IM-23-122-WVFA","8039832252","Maziba","Pf3D7_08_v3-585993-586266-1A","TGTAAATATAAATCATACGTATGACATGAATCATCATTTAATGCATTCTTAATTGTTAATGCTAATCTACTTACAATAATATAAGCAAAGTTTATATGAGAATGAATACCTTCTTTTCCTAAAAAGTTATAAAGACTAACAAATGGAGCATATATTATAAATTTATCATACTTTTTTTTGTGCATAACTTCATTTAATAAAATATTT","Pf3D7_08_v3-585993-586266-1A.1","171+10N",1309,0.295085662759243,2
"IM-23-122-WVFA","8039832252","Maziba","Pf3D7_13_v3-2814583-2814832-2","TCAGTCTTCTAATTCTAGCGATAATGATCCTGCAGTAGTAAGTGGTAGAGAATCTAAAGATGTAAATCTTCATACTTCTGAAAGGATTAAAGAAAATGAAGAAGGTGTGATTAAAACAGATGAAAGTTCAAAAAGTATTGAAATTTCTAAAATACCATCTGACCAAAATAATCATAGTGATTTATCACAG","Pf3D7_13_v3-2814583-2814832-2.2",".",5221,0.653114836127095,2
"IM-23-122-WVFA","8039832252","Maziba","Pf3D7_13_v3-2816310-2816554-1B","CAAATACTTTTCAATATAGGTCTAGTGAAAGTGTGGAAGTAATAACTAATAAACCTGATGAAATGGAAATGACAACTAAACCACCATCACAATACATTGAAAAGGAAATTGGAGAAATTGATTCTACAAAAAATCAAGATAATGATGAACAAAGCAATTCTATAATTCCTTTAATTAATAAAAATAATGAA","Pf3D7_13_v3-2816310-2816554-1B.1","127+8N",1320,0.34892942109437,2
"IM-23-122-WVFA","8039832252","Maziba","Pf3D7_13_v3-2814606-2814855-1B","TAGCGATAATGATCCTGCAGTAGTAAGTGGTAGAGAATCTAAAGATGTAAATCTTCATACTTCTGAAAGGATTAAAGAAAATGAAGAAGGTGTGATTAAAACAGATGAAAGTTCAAAAAGTATTGAAATTTCTAAAATACCATCTGACCAAAATAATCATAGTGATTTATCACAGAATGCAAATGAGGACTCTA","Pf3D7_13_v3-2814606-2814855-1B.2",".",2884,0.644037516748548,2
"IM-23-122-WVFA","8039832252","Maziba","Pf3D7_11_v3-1295371-1295597-1A","AAGTAACATCAAATAATGAAGTTGTAGTTAAAGAAGAATATAAAGATGAATATGCAGATATTCCTGAACATAAACCAACTTATGATAAAATGAAAATTATAATTGCATCATCAGCTGCTGTCGCTGTATTAGCAACTATTTTAATGGTTTATCTTTATAAAAGAA","Pf3D7_11_v3-1295371-1295597-1A.1",".",10338,1,1
"IM-23-122-WVFA","8039832252","Maziba","Pf3D7_11_v3-1374917-1375148-1A","TTTTTAAATGAAAATCTCCAAAGCTTCTGGTTGGTTGTAATCTACCTTTAACATAACAATTATCATAATGATGTGATAAGAGATGAAAAGGTGTTTTACATAATTCATATGTATTATTATTATTAACAGTTTTATAATCTCGAGTACATATTTTACATACTAATATA","Pf3D7_11_v3-1374917-1375148-1A.1","112+14N",4615,1,1
"IM-23-122-WVFA","8039832252","Maziba","Pf3D7_11_v3-1375807-1376056-1A","TCGTTATGTACCCTAATAAATTTTTTTTCATTATTTGAATCTATATTATTTACATTAGTATTTTGAGTTGTACCATAAATTTCAGTGTTATTATTATTTCTATTCATATAATTATGTCCGCTTATATAATTATGACCATTAAAAAAACGTCTTCCATGTATATCATCTCTTCTAATGTATTTA","Pf3D7_11_v3-1375807-1376056-1A.1","20+10N140+9N",1593,1,1
"IM-23-122-WVFA","8039832252","Maziba","Pf3D7_11_v3-1376058-1376305-1A","TTTCTGGCTCGATATAATCCATTTCAATATTTATATTAGATATGAAACATCTATCTTCAATAGGTGAATTTGCTGCAAATTGAGCCATAGAAAAATGATTCTCATTCCTTTGAAAATATGAACTATTCAACTCATCAAGGTTTTCATATGTTATTTCATAACTGCCATCATCTGAATCCTCTTCATCA","Pf3D7_11_v3-1376058-1376305-1A.1","140G",1166,0.303962460896767,2
"IM-23-122-WVFA","8039832252","Maziba","Pf3D7_14_v3-2481033-2481276-1B","CCATGTGGATAAAGACAGTAGAGAGCAATTCGAAATAAAACAGTACTCTTGCAAATTAGATATTTTTTTGAACTCATCTGTTCCTATAAAAAATTCTGAATGTAAGCAGAATAAATTATACACAAAAGAATATATATTCATTTTTATTTATTCACTTTATATATGTTTGTATGTATGTA","Pf3D7_14_v3-2481033-2481276-1B.3","62+9N87+8N",3901,1,1
"IM-23-122-WVFA","8039832252","Maziba","Pf3D7_05_v3-550803-551072-1A","ATATAATACACCTTTCTTATTTATATTAATCTTTTCATTTTTACAAGAAATCACCTCCCTATTTATTCGGTTGTCCTCATTTTCATATTTCATAACACCATCATTTATTTTTTCTATTTCTTTAATATTATTTTCTCCTTCGACGTAATTATGCTTTCCTATCATCTCCTTTGCTCTACTTCCTATATATACTAATTTCTCTCTGAA","Pf3D7_05_v3-550803-551072-1A.43","62T107+8N141C",1564,0.998085513720485,2
"IM-23-122-WVFA","8039832252","Maziba","Pf3D7_05_v3-550803-551072-1A","ATATAATACACCTTTCTTATTTATATTAATCTTTTCATTTTTACAAGAAATCACCTCCCTATTTATTCGGTTGTCCTCATTTTCATATTTCATAACACCATCATTTATTTTTTCTATTTCTTTAATATTATTTTCTCCTTGGACGTAATTATGCTTTCCTATCATCTCCTTTGCTCTACTTCCTATATATACTAATTTCTCTCTGAA","Pf3D7_05_v3-550803-551072-1A.35","62T107+8N",3,0.001914486279515,2
"IM-23-122-WVFA","8039832252","Maziba","Pf3D7_11_v3-1816152-1816378-1A","TTGGGTAGATATCGTTATAAGGGCTATAATGTATTGACTTCTCCGGGTTTGTTACATTATCATTACAACCAATATTATTAAGGTTAATATTATTTTTATCATTATTATTGTTGTTTTCATTTGTGTGGTTATATAATAACAATGATGTGTCGTCTATTGGATCATT","Pf3D7_11_v3-1816152-1816378-1A.1","50T90T",30,0.00328119873126982,3
"IM-23-122-WVFA","8039832252","Maziba","Pf3D7_11_v3-1816152-1816378-1A","TTGGGTAGATATCGTTATAAGGGCTATAATGTATTGACTTCTCCGGGTTTGTTACATTATCATTACAACCAATATTATTAAGGTTCATATTATTTTTATCATTATTATTGTTGTTTTCATTTGTGTGGTTATATAATAACAATGATGTGTCGTCTATTGGATCATT","Pf3D7_11_v3-1816152-1816378-1A.4","50T86C90T",3021,0.330416712238871,3
"IM-23-122-WVFA","8039832252","Maziba","Pf3D7_11_v3-1902041-1902278-2","ATGAAACAAAATGTCCACCTAGATACCCTTTAAAATCAAAAGTTTTTGGAACCTTTGACCAAAAAACAGGAAAATGTAAAAGTCTCATGGACAAAGCATATGAAGTTGGAATTAATAAATTTTCAGTCTGTTTAGAATATTTATTTTTAGTATCACCTAAGGATTTATATAATAGCAGAAG","Pf3D7_11_v3-1902041-1902278-2.2","60+8N177A",41,0.00426372712146423,2
"IM-23-122-WVFA","8039832252","Maziba","Pf3D7_11_v3-1902041-1902278-2","ATGAAACAAAATGTCCACCTAGATACCCTTTAAAATCAAAAGTTTTTGGAACCTTTGACCAAAAAACAGGAAAATGTAAAAGTCTCATGGACAAAGCATATGAAGTTGGAATTAATAAATTTTCAGTCTGTTTAGAATATTTATTTTTAGTATCACCTAAGGATTTATATAATAGCGGAAG","Pf3D7_11_v3-1902041-1902278-2.1","60+8N",9575,0.995736272878536,2
"IM-23-122-WVFA","8039832252","Maziba","Pf3D7_11_v3-1934962-1935236-1A","TGATGTGCCAATATTAAGGATACATTTTCTAAAGCTTCTAACAGATAATGAAAATTTTTTCTGCGATTTTCATTTAAATCATTAAATATATTGGTTAGTTCTTGTATTGACGTTTTTGGATCTAAGGATGTAATTTGTTCATTTAATTCTTCTGTATATTCTAGATTAAAGTTTAAATTATTAAAATAACCTTCAGCATTATTTTCATTTTT","Pf3D7_11_v3-1934962-1935236-1A.3","41A54+10N98G",425,0.493039443155452,2
"IM-23-122-WVFA","8039832252","Maziba","Pf3D7_11_v3-1934962-1935236-1A","TGATGTGCCAATATTAAGGATACATTTTCTAAAGCTTCTATCAGATAATGAAAATTTTTTCTGCGATTTTCATTTAAATCATTAAATATATTGGTTAGTTCTTGTATTGACGTTTTTGGATCTAAGGATGTAATTTGTTCATTTAATTCTTCTGTATATTCTAGATTAAAGTTTAAATTATTAAAATAACCTTCAGCATTATTTTCATTTTT","Pf3D7_11_v3-1934962-1935236-1A.1","54+10N98G",437,0.506960556844548,2
"IM-23-122-WVFA","8039832252","Maziba","Pf3D7_05_v3-796518-796759-1A","TGGTTCTTCAATTGTTCATATAAGTTCTTTATTAGTAGGTGTATATTTATGTAGTAGTAGTGCAAATGCATTTAATCAAATTATTGAAAGAAATATAGATAAGTTAATGAAAAGAACCCAAAAAAGACCCTTAGCAAATAATAATCCAAATATGTCAGTTAAGCATGCTGAAATAT","Pf3D7_05_v3-796518-796759-1A.2","119+8N163G",3277,0.673863870039071,4
"IM-23-122-WVFA","8039832252","Maziba","Pf3D7_05_v3-958079-958350-1B","TTTTTATATCTGTGTTTGGTGTAATATTAAAGAACATGAATTTAGGTGATGATATTAATCCTATAATATTATCATTAGTATCTATAGGTTTAGTACAATTTATATTATCAATGATATCAAGTTATTGTATGGATGTAATTACATCAAAAATATTAAAAACTTTAAAGCTTGAATATTTAAGAAGTGTTTTTTATCAAGATGGACAATTTC","Pf3D7_05_v3-958079-958350-1B.1","186+8N",934,1,1
"IM-23-122-WVFA","8039832252","Maziba","Pf3D7_11_v3-1968050-1968296-2","TCATTACACTAGTCATGATTGGTTTAGATTATTACGCCAAGGGAATAAAGCTCAAAATTCCATTTCTCAGGAAGTAGACATATTAAAGGAAAAGTATAAAAAATTAATTTCAGAGGAAGACAATAAAAAAGAAAATAACAATAATAATGATGATGAAGTAAAACCAGAACTAAAAGACAATATA","Pf3D7_11_v3-1968050-1968296-2.1","87A97+8N124+8N",4701,0.687682855471036,2
"IM-23-122-WVFA","8039832252","Maziba","Pf3D7_11_v3-1968050-1968296-2","TCATTACACTAGTCATGATTGGTTTAGATTATTACGCCAAGGGAATAAAGCTCAAAATTCCATTTCTCAGGAAGTAGACATATTAACGGAAAAGTATAAAAAATTAATTTCAGAGGAAGACAATAAAAAAGAAAATAACAATAATAATGATGATGAAGTAAAACCAGAACTAAAAGACAATATA","Pf3D7_11_v3-1968050-1968296-2.2","97+8N124+8N",2135,0.312317144528964,2
"IM-23-122-WVFA","8039832252","Maziba","Pf3D7_05_v3-958372-958608-1B","ATTTATAACAATTTTTACATATGCCAGTTCCTTTTTAGGTTTATTTATTTGGTCATTAATAAAAAATGCACGTTTGACTTTATGTATTACTTGCGTTTTTCCGTTAATTTATGTTTGTGGTGTCATATGTAATAAGAAAGTAAAATTAAATAAAAAAACATCTTTGTTATATAATAACAATACC","Pf3D7_05_v3-958372-958608-1B.1","45T60+8N151+9N",1635,0.364955357142857,2
"IM-23-122-WVFA","8039832252","Maziba","Pf3D7_05_v3-958920-959168-1B","AATAATAAATCGAAAACCATTAGTTGAAAATAATGATGATGGAGAAACATTACCAAATATTAAAAAAATTGAATTTAAAAATGTAAGATTTCATTATGATACTAGAAAAGATGTTGAAATTTATAAAGATTTAAGTTTTACTCTAAAAGAAGGGAAAACATATGCATTTGTGGGAGAATCA","Pf3D7_05_v3-958920-959168-1B.1","61+9N",2569,1,1
"IM-23-122-WVFA","8039832252","Maziba","Pf3D7_06_v3-1115900-1116168-1A","ATTTTTTAATAAAGCAGTACCATCTATATCTCTTCCTTTTTTTAAAACACATAAAGTTTCATCAAAATTGCTTGTGCTATTTTTATCAGGTTCAGGAAAATATTGTTTATTTGTAGAATATCCATTCTGATTACAAGTTATAATATTATTAATATTTATAAATTTTTTTTTTGTTTTTAAATCACCAAATTGATTATCGTTAT","Pf3D7_06_v3-1115900-1116168-1A.1","1+8N36+9N162+12N",2354,1,1
"IM-23-122-WVFA","8039832252","Maziba","Pf3D7_06_v3-1128558-1128797-1A","ATTGAATCGTTGGTGTTTATTTTATTATTCCTCTTTTGTTTTTCAATGAATACAAATGTTTCATCGACACTATCTTTATGATCTATTGGTATGGCATGATTTTCTAAATTGCTATTTCTTTCATTAGAATTGTATTTTTCACTATTATAGGTTGAGGTTTTACTACATTTTATATTTTT","Pf3D7_06_v3-1128558-1128797-1A.1",".",2961,1,1
"IM-23-122-WVFA","8039832252","Maziba","Pf3D7_06_v3-1135605-1135855-1A","TATAAAGAATTTATACCACCTAAATTGTTAACATTAGAAGTATTATTTGTTTCTGTATTTTCTTGTAACGTATTTGTATTATTAATATTGTTAGATGAAATATTATGACTATTTCTTCTATTTGTTATATTTAAATTGTAAATAGTTTCATTACTAACACTACTGATACCACTGAAATGATTATTTAG","Pf3D7_06_v3-1135605-1135855-1A.2",".",3140,1,1
"IM-23-122-WVFA","8039832252","Maziba","Pf3D7_06_v3-1136091-1136364-1A","CATTATTTTTGTATCCAACGTCGTTATTATTAAAACTTATTATTTGATTAATAACTGACGAACCACATATATTTACACAATGGAATACATAACTTAAGAAAGAGTAGTAATTGCATTTTACTTTTTGCATTTTCCCTCTGGTGGAGAAATAATTATTATGCTGCTTATTACTTTTTGTATTATGATAATTTTTGGTAATCATTTTTTTT","Pf3D7_06_v3-1136091-1136364-1A.2","201+9N",2917,1,1
"IM-23-122-WVFA","8039832252","Maziba","Pf3D7_06_v3-1140900-1141174-1A","CTTCCATGTGAGCTTCAAAATCGTCTGAAGGTCGACTAGACATGAAAAATTCAGATTGAGGTAAATCATCAAATGGATGATTTCTATATGATATTCTAGGTATTAATCCTAAGATATTATTTATGCTATTACATTGAGAATTTCCTTCATTGGTTGTGGTACTTATATCCACATTTTGGTGATCATCAGGATATAATGTATTTTCTTTAGAACTT","Pf3D7_06_v3-1140900-1141174-1A.2",".",1681,1,1
"IM-23-122-WVFA","8039832252","Maziba","Pf3D7_06_v3-1192628-1192867-1A","GATTATATATTTCTATATTTTAATAAGAATGCGTTACACAAACATGATGCCTCTAATGAAATGTGTTTTGTGAAAAACGAAGATTCTACACGCACAAAAGGACATATGAATGATGAACAAAATGATTTATATAAAATAAATAATAATACAACATATTTTTTTAACAAAAACCACT","Pf3D7_06_v3-1192628-1192867-1A.1","30T155+9N",5941,1,1
"IM-23-122-WVFA","8039832252","Maziba","Pf3D7_13_v3-958247-958510-1B","TTTATATTATCTGTAATATGCACATTTTGTATAATATTATCAATATTTGTAGCATTTTGACCGTATGTTTCATTTTCATCGTATGTTCCATTTATATTGTATGTTTCATTTTCATCGTATGTTCCATTTATATTGTATGTTCCATTTTCATCGTATGTTCCATTTATATTGTATGTTCCATTTTTATCATATGTTATGTCCACAT","Pf3D7_13_v3-958247-958510-1B.2",".",9,0.00480769230769231,2
"IM-23-122-WVFA","8039832252","Maziba","Pf3D7_14_v3-1038300-1038538-1A","ATTAATGATTTATACACTTCAACTACACTTTTTAATTTAGCCCATACAACTAATAAAGCTCTACGATAAATTTCTTTTTTATTTGATTTAGAAAAAGGAGAAAACCATTGAAACTTTTGGGCTAGATATTTATGGTCTTTATCAAAAATATATTCTGAAACTTCATCTTCTAGAAGT","Pf3D7_14_v3-1038300-1038538-1A.2","50C74+8N119G",30,0.00654878847413229,3
"IM-23-122-WVFA","8039832252","Maziba","Pf3D7_14_v3-921176-921432-1A","ACAATATTAATTTTTTAAGTTCATTATTTCAATTTTATATTTAGGAGGATCTATATCCATATATTATTCATTTTAAAAATATTAAAATAAATACATATATAAATATATAAACATATAAATACAGTCTTTTAAAAATTAATAAGATTTATATAAAATATGGTTATAAATCCTATTTTGTATTATATTAAA","Pf3D7_14_v3-921176-921432-1A.2","15T120T186T",2048,1,1
"IM-23-122-WVFA","8039832252","Maziba","Pf3D7_08_v3-102277-102527-1A","TACCTTCATCTATTGAATTAATTTTCTCAAGTAACATATTTTTGTCTTGACTACTTTCATCTGTAAATGGAACGACTACTCTTTGCTTACCTGCAAAAAGGACAACTGACATATGAGCCTTATCCTTACTTACATTCGAATTAAAGACCATAGATTCTAAAAATGGTATAGTTCCTTTTAACCAATAATC","Pf3D7_08_v3-102277-102527-1A.4",".",5690,0.998420775574662,2
"IM-23-122-WVFA","8039832252","Maziba","Pf3D7_08_v3-549583-549807-1B","ACGTGCTGTTCAAAGAATGTTTGAAATGATAAATGAAGGTGCTAGTGTTATAGATATAGGTGGAGAATCCTCTGGTCCTTTTGTTATACCTAATCCAAAAATTAGTGAAAGAGATTTAGTAGTACCTGTATTACAATTATTTCAAAAAGAATGGAATGATATAAA","Pf3D7_08_v3-549583-549807-1B.1",".",6309,1,1
"IM-23-122-WVFA","8039832252","Maziba","Pf3D7_08_v3-549960-550215-1B","GATGAACTAACAAATTATGATAATCTAGTTTATGATATAAAAAATTATTTAGAACAAAGATTAAATTTTCTTGTATTAAATGGAATACCTCGTTATAGGATACTATTTGATATTGGATTAGGATTTGCGAAGAAACATGATCAATCTATTAAACTCTTACAAAATATACATGTATATGATGAGTATCCACTT","Pf3D7_08_v3-549960-550215-1B.1","4G38+8N",2726,1,1
"IM-23-122-WVFA","8039832252","Maziba","Pf3D7_11_v3-1293919-1294168-1A","TCCATATCAAAAAAGTGATGTGTATCATCCAATCAACGAACATAGGGAACATCCAAAAGAATACGAATATCCATTACACCAGGAACATACATACCAACAAGAAGATTCAGGAGAAGACGAAAATACATTACAACACGCATATCCAATAGACCACGAAGGTGCCGAACCCGCACCACAAGAACAAAATTTAT","Pf3D7_11_v3-1293919-1294168-1A.17","13A27A",1,0.000251067034898318,4
"IM-23-122-WVFA","8039832252","Maziba","Pf3D7_11_v3-1293919-1294168-1A","TCCATATCAAAAAAGTGATGTGTATCATCCAATCAACGAACATAGGGAACATCCAAAAGAATACGAATATCCATTACACCAGGAACATACATACCAACAAGAAGATTCAGGAGAAGACGAAAATACATTACAACACGCATATCCAATAGACCACGAAGGTGCTGAACCCGCACCACAAGAACAAAATTTAT","Pf3D7_11_v3-1293919-1294168-1A.5","13A27A163T",5,0.00125533517449159,4
"IM-23-122-WVFA","8039832252","Maziba","Pf3D7_11_v3-1293919-1294168-1A","TCCATATCAAAAAAGTGTTGTGTATCATCCAATCAACGAACATAGGGAACATCCAAAAGAATACCAATATCCATTACACCAGGAACATACATACCAACAAGAAGATTCAGGAGAAGACGAAAATACATTACAACACGCATATCCAATAGACCACGAAGGTGCCGAACCCGCACCACAAGAACAAAATTTAT","Pf3D7_11_v3-1293919-1294168-1A.9","13A18T27A65C",2751,0.690685413005272,4
"IM-23-122-WVFA","8039832252","Maziba","Pf3D7_11_v3-1294664-1294910-1A","AAAAGATAAATTATTTCAAAACTATACATATTTAAGTAAAAATGTAGTTCATAACTGGGAAAAAGTTTGCCCTAGAAAGAATTTAGAGAATGCAAAATTCGGATTATGGGTCGATGGAAATTGTGAAGATATACCACATGTAAATGAATTTTCAGCAAATGATCTTTTTGAATGTAATAAATTAGTTTTTGAATTG","Pf3D7_11_v3-1294664-1294910-1A.53","9A12T40A50C86G152T159A",3565,0.369736569176519,2
"IM-23-122-WVFA","8039832252","Maziba","Pf3D7_11_v3-1294664-1294910-1A","AAAAGATAAATTATTTGAAAACTATACATATTTAAGTAAAAATGTAGTTGATAACTGGGAAAAAGTTTGCCCTAGAAAGAATTTACAGAATGCAAAATTCGGATTATGGGTCGATGGAAATTGTGAAGATATACCACATGTAAATGAATTTTCAGCAAATGATCTTTTTGAATGTAATAAATTAGTTTTTGAATTG","Pf3D7_11_v3-1294664-1294910-1A.5","9A12T17G40A152T159A",6077,0.630263430823481,2
"IM-23-122-WVFA","8039832252","Maziba","Pf3D7_11_v3-1295103-1295335-1A","ACTACTGCTTTGTCCCATCCCAACGAAGTTGAACACAATTTTCCATGTTCATTATATAAAGATGAAATAATGAAAGAAATCGAAAGAGAATCAAAACGAATTAAATTAAATGATAATGATGATGAAGGGAATAAAAAAATTATAGCTCCAAGAATTTTTATTTCAGATGATAAA","Pf3D7_11_v3-1295103-1295335-1A.30","23A34C132+9N",787,0.135900535313417,4
"IM-23-122-WVFA","8039832252","Maziba","Pf3D7_11_v3-1295103-1295335-1A","ACTACTGCTTTGTCCCATCCCACCGAAGTTGAAAACAATTTTCCATGTTCATTATATAAAGATGAAATAATGAAAGAAATCGAAAGAGAATCAAAACGAATTAAATTAAATGATAATGATGATGAAGGGAATAAAAAAATTATAGCTCCAAGAATTTTTATTTCAGATGATAAA","Pf3D7_11_v3-1295103-1295335-1A.3","23C132+9N",14,0.00241754446554999,4
"IM-23-122-WVFA","8039832252","Maziba","Pf3D7_11_v3-1295103-1295335-1A","ACTACTGCTTTGTCCCATCCCATCGAAGTTGAAAACAATTTTCCATGTTCATTATATAAAAATGAAATAATGAAAGAAATCGAAAGAGAATCAAAACGAATTAAATTAAATGATAATGATGATGAAGGGAATAAAAAAATTATAGCTCCAAGAATTTTTATTTCAGATGATAAA","Pf3D7_11_v3-1295103-1295335-1A.5","61A132+9N",28,0.00483508893109998,4
"IM-23-122-WVFA","8039832252","Maziba","Pf3D7_11_v3-1295103-1295335-1A","ACTACTGCTTTGTCCCATCCCATCGAAGTTGAAAACAATTTTCCATGTTCATTATATAAAGATGAAATAATGAAAGAAATCGAAAGAGAATCAAAACGAATTAAATTAAATGATAATGATGATGAAGGGAATAAAAAAATTATAGCTCCAAGAATTTTTATTTCAGATGATAAA","Pf3D7_11_v3-1295103-1295335-1A.1","132+9N",4962,0.856846831289933,4
"IM-23-122-WVFA","8039832252","Maziba","Pf3D7_08_v3-1314717-1314986-1A","ATAAAAAAGAAAAAATTATTGTCAAAAGTTTTCATAGATATATATATGATGGTATTAGAAGATTTTAAAGAAGAAGAATGTAAAAAGAATAAAGAAATATTTCTTGATACTTATATAGATGAACTAAAAAAAGATTCACAAAGTGAAAAAAATAAAAGCATGTTAAATATATTAGATGAAATAAAAAGTGATATTCATATAGGATATC","Pf3D7_08_v3-1314717-1314986-1A.2","2+15N125+9N138A145+9N",10,0.00876424189307625,4
"IM-23-122-WVFA","8039832252","Maziba","Pf3D7_09_v3-164045-164311-1A","ATCAACTGGTGTTGCAAAACCATTAGTTACCAATTTTAATTCTCCATTTAGTGCTTTTGGTAAAACAAATACCAGTGATATATTTAAAACTAATACTACTGCATCAACTACAAATGCAACTGCAACTGCAACTCCTGCTCCCTTTGGATCAGCATTTGGAGCGCAAAAGAATAATGATAGCTTGTTTGGAAATAATGCATTCAAGCTTTCG","Pf3D7_09_v3-164045-164311-1A.1",".",4712,1,1
"IM-23-122-WVFA","8039832252","Maziba","Pf3D7_05_v3-369676-369949-1A","TGTAATATTATATATCCTGTTATAAATAAATCATTGGATATGGATGTGAAAAAAGAAGATATAAAAAAAAATGTAGAAGAAAATAAATATATAGAACATACACAGAATTTGAAAAATTATTTAGAAAATGATGAAAATGAGAAAAAAAAAAGAAGAAAAAGATCAAATAATAATGACAATTATAATTCTCATGATAATAATATTTTTCA","Pf3D7_05_v3-369676-369949-1A.1","48+8N62+11N141+12N",1263,1,1
"IM-23-122-WVFA","8039832252","Maziba","Pf3D7_05_v3-395887-396136-1A","TCTAAGGATTGTTGGTTTTTTAGGATGCTCATCTTTTTAAGATAATCCTCTTTACTGTCGTTATTATTTAAATCGTTTTGTATAATATTATATTGTGAATTCCTTGTGTTTTTCATAATACTATTAGTCCTATTGGTGTTCTTCTTATTATTATTATTATTATTGTTCTTCTTCTTAATAAA","Pf3D7_05_v3-395887-396136-1A.2","15+8N145+20N",2011,0.996037642397226,2
"IM-23-122-WVFA","8039832252","Maziba","Pf3D7_07_v3-1066661-1066903-1A","TATAGTTTTGTAATTTATTGGTATGTGTTGTTAAAGGAGAATTTTTTTAATATCCCTTGTCATGGGCAAAATGAGAAAAAAGAAATAAAAAACTTTTATGTTCAACATGAAGATATTTGTGAACACACTATTGGTAATCATATGTTAGGTGATAAATTAAAAATGTGTACATCTAATATTAATG","Pf3D7_07_v3-1066661-1066903-1A.1","4A41+9N75+8N86+8N",2261,0.311432506887052,2
"IM-23-122-WVFA","8039832252","Maziba","Pf3D7_14_v3-2695837-2696082-1A","CGTTCTGTATCATATTATTAGATATAGTTATTTTATTATTATTTTCTACATTATTATTCAATATATTACATCCTGTTATGGAATTATTGTTAAAATATAAATTATTCGAATTGTTATTATTAAATTCTAATCCACTAACTGCTGTTGTATATAATGATGATGAGTTATTATTATAGAAATC","Pf3D7_14_v3-2695837-2696082-1A.3","5C28+16N53A",2842,1,1
"IM-23-122-WVFA","8039832252","Maziba","Pf3D7_11_v3-1816152-1816378-1A","TTGGGTAGATATCGTTATAAGGGCTATAATGTATTGACTTCTCCGGGTTGGTTACATTATCATTACAACCAATATTATTAAGGTTAATATTATTTTTATCATTATTATTGTTGTTTTCATTTGTGTGGTTATATAATAACAATGATGTGTCGTCTATTGGATCATT","Pf3D7_11_v3-1816152-1816378-1A.2","90T",6092,0.666302089029859,3
"IM-23-122-WVFA","8039832252","Maziba","Pf3D7_07_v3-1149367-1149613-1A","TATTTGACTAGTCGAATAATATTTAATATTTTTGTTTAGGAAGTTTTCAAAATTGATGACATTGATAACCGTTTTTATTAAATCGCTTGGGTTGTTTGTGTGTTCCATTGTAGAAGACATAATTTTAAGAATGTGTTTTTGTGTTATTAAACAAAACTTTGTTACTATATGGAATCGTATGTTAT","Pf3D7_07_v3-1149367-1149613-1A.2",".",2376,0.321820398212109,3
"IM-23-122-WVFA","8039832252","Maziba","Pf3D7_07_v3-1149367-1149613-1A","TATTTGACTAGTCGAATAATATTTAATATTTTTGTTTAGGAAGTTTTCAAAATTGATGACATTGATAACCGTTTTTATTAAATCGCTTGGGTTGTTTGTGTGTTCTATAGTAGAAGACATAATTTTAAGAATGTGTTTTTGTGTTATTAAACAAAACTTTGTTACTATATGGAATCGTATGTTAT","Pf3D7_07_v3-1149367-1149613-1A.1","106T109A",4987,0.675470675877015,3
"IM-23-122-WVFA","8039832252","Maziba","Pf3D7_07_v3-403479-403716-1B","TTAGGTGGAGGTTCTTGTCTTGGTAAATGTGCTCATGTGTTTAAACTTATTTTTAAAGAGATTAAGGATAATATTTTTATTTATATTTTAAGTATTATTTATTTAAGTGTATGTGTAATGAATAAAATTTTTGCTAAAAGAACTTTAAACAAAATTGGTAACTATAGTTTTGTAACATCCGA","Pf3D7_07_v3-403479-403716-1B.1",".",4909,1,1
"IM-23-122-WVFA","8039832252","Maziba","Pf3D7_07_v3-403487-403750-2","AGGTTCTTGTCTTGGTAAATGTGCTCATGTGTTTAAACTTATTTTTAAAGAGATTAAGGATAATATTTTTATTTATATTTTAAGTATTATTTATTTAAGTGTATGTGTAATGAATAAAATTTTTGCTAAAAGAACTTTAAACAAAATTGGTAACTATAGTTTTGTAACATCCGAAACTCACAACTTTATTTGTATGATTATGTTCTTT","Pf3D7_07_v3-403487-403750-2.1",".",3248,1,1
"IM-23-122-WVFA","8039832252","Maziba","Pf3D7_07_v3-403801-404052-1B","TATATATATATATATATATATATATATATATATATATATATATGTATGTATGTTGATTAATTTGTTTATATATTTATATTTATTTCTTATGACCTTTTTAGGAACGACACCGAAGCTTTAATTTACAATTTTTTGCTATATCCATGTTAGATGCCTGTTCAGTCATTTTGGCCTTCATAGGTCT","Pf3D7_07_v3-403801-404052-1B.17","1+45N130+8N",44,0.392857142857143,2
"IM-23-122-WVFA","8039832252","Maziba","Pf3D7_07_v3-403801-404052-1B","TATATATATATATATATATATATATATATATATATATATATGTATGTATGTTGATTAATTTGTTTATATATTTATATTTATTTCTTATGACCTTTTTAGGAACGACACCGAAGCTTTAATTTACAATTTTTTGCTATATCCATGTTAGATGCCTGTTCAGTCATTTTGGCCTTCATAGGTCT","Pf3D7_07_v3-403801-404052-1B.13","1+45N130+8N",68,0.607142857142857,2
"IM-23-122-WVFA","8039832252","Maziba","Pf3D7_07_v3-404325-404590-1B","GAAACACAAGAAGAAAATTCTATCATATTTAATCTTGTCTTAATTAGTGCCTTAATTGTAAGAAAACAAAATATATAAATAAATAAATAAATATATATATATATATATATATATATATTGTAATATTTAATATATATTAACACTTAAACTTTGTTTTTATTATATTAATTTATATTCTTTATCATTTTTTTTTTTTTTTTCCTTCTTTTTTT","Pf3D7_07_v3-404325-404590-1B.13","71+40N176+19N198+8N",2,0.0165289256198347,4
"IM-23-122-WVFA","8039832252","Maziba","Pf3D7_11_v3-1950431-1950680-2","AGATATATTTCAAGGAAAGGATATGTGGAATGATGGGAAATATGGTGAAGCGAAAAATCATATTAAGAATGCTTTTGGTGATATGAACAATAGAAAAACTATGTTAAATGAAATTGAGAAAGGAATTAAAGATGAAACGTTTAGTCGTGAAAATGGTTTAGACGTTTGTAAATCTCAATGTGAGGAAAG","Pf3D7_11_v3-1950431-1950680-2.2",".",5064,1,1
"IM-23-122-WVFA","8039832252","Maziba","Pf3D7_01_v3-162867-163115-1A","ATATACCAATAATACTTTTTTTTTTAAATAATGTAAAAAATGATTTATATAATTGTTATAAACAAATGATCACATATCATAATAATAATAATAATATGCTAAATCATAACTCTAATATTTTATCAAAAGAAAATGAAAAAAAACAACCTTTTTCAACATATAATATATCAAATCTTTGTTCTCCTGACCAAATGGTGATAAATAAAAA","Pf3D7_01_v3-162867-163115-1A.4","15+12N34+8N91I=ATAATA92G129+10N",5281,1,1
"IM-23-122-WVFA","8039832252","Maziba","Pf3D7_01_v3-181512-181761-1A","TTCATTATTGTTTTCATTCTTTTTTTAACGAAAACTATTCATCTCAAAAATATAAGATATTTTATATGACGAATGCCATTGTATTTTTTGTTACGTAAAACCTGACTTCTTCAAGGAAAACACATGCGCATTTTCACCAATTTTTGCCTAAGCTTATTATAAAAAGTATATTAAATGTATGAC","Pf3D7_01_v3-181512-181761-1A.2","19+9N83+8N",6860,1,1
"IM-23-122-WVFA","8039832252","Maziba","Pf3D7_11_v3-408285-408534-1A","TATGAAGAAGGTTTAAAATATTGTGCGTCATCAATTAATTTATGGATATGTGCTATCGATTTACAAATAGAAAAAAAGAATTATACAGGTGCTAGAGCTTTGACGGAGAAAGCAAAAATCAAAATCAAGTATTTAAATTCTTTTAATAATAATAGTCATATTTTAAAAAGTAAAGAAATTATTGAA","Pf3D7_11_v3-408285-408534-1A.1","70+9N",3173,0.990633780830471,3
"IM-23-122-WVFA","8039832252","Maziba","Pf3D7_07_v3-432832-433091-1A","TTGAAAAAGTCATCATCAGAATGGGGATGATTATTATTGTTATTATGAGTTTGGTTCGTATTAATATTATGATCCTTTTCGTTATTTAATATATGTTCATTTATATTTTTATAAATAAATAATTTTCCAAGAAGTATACCATTAATAAACTTACTAGTTAACATATTAGACTGCTCAATATTTGTACATTTTTTTAAAGTATGTATT","Pf3D7_07_v3-432832-433091-1A.7","30+17N72A91A188+9N198A",4066,0.996812944349105,2
"IM-23-122-WVFA","8039832252","Maziba","Pf3D7_07_v3-432832-433091-1A","TTGAAAAAGTCATCATCAGAATGGGGATGATTATTATTGTTATTATGAGTTTGGTTCGTATTAATATTATGATCCTTTTCGTTATTTAATTTATGTTCATTTATATTTTTATAAATAAATAATTTTCCAAGAAGTATACCATTAATAAACTTACTAGTTAACATATTAGACTGCTCAATATTTGTACATTTTTTTAATGTATGTATT","Pf3D7_07_v3-432832-433091-1A.4","30+17N72A188+9N",13,0.00318705565089483,2
"IM-23-122-WVFA","8039832252","Maziba","Pf3D7_07_v3-475313-475545-1A","AGCTTTATTATCTACAAAAAATCCACGTGGATATATGAAACAAATGAAATTGTATTTTATATTCCAAATTAAAGAAATTGCATTAAGAAAACATGGCTCTTTACTTACAGTCAAAAATTTATATAATAATAAACTTTTAAATATAAATTCATCATCTTCTACAAATA","Pf3D7_07_v3-475313-475545-1A.1","15+8N",5737,1,1
"IM-23-122-WVFA","8039832252","Maziba","Pf3D7_01_v3-535965-536239-1A","GCTCATTCGATATTTTCCAGTTGTTTGATTTTAAAAATGATGTATATTTTTTAGATGATAATTTGTTCGACAAGGATATGGTATATTGTACAAGTACCAACAATTATGGCGTTATGGGAAATGATAATGATGATGATAAAATAATAAAAATACAAAATTTAAATGAGAAATTAAAAAATGGAAAAGCTGAATTTAAAGATATATTATTAT","Pf3D7_01_v3-535965-536239-1A.11","8C46+8N121+17N172+8N",13,0.00814026299311208,4
"IM-23-122-WVFA","8039832252","Maziba","Pf3D7_01_v3-535965-536239-1A","GCTCATTTGATATTTTCCAGTTGTTTGATTTTAAAAATGATGTATATTTTTTAGATGATAATTTGTTCGACAAGGATATGGTATATTGTACAAGTACCAACAATTATGGCGTTATGGGAAAATGATAATGATGATGATAAAATAATAAAAATACAAAATTTAAATGAGAAATTAAAAAATGGAAAAGCTGAATTTAAAGATATATTATTAT","Pf3D7_01_v3-535965-536239-1A.15","46+8N121+17N172+8N",2,0.00125234815278647,4
"IM-23-122-WVFA","8039832252","Maziba","Pf3D7_14_v3-407306-407542-1A","CTTTCTTTCGTCTTTCTGTTCATTATCCATATAATCTTTTTCTCCTTCCTTTTCATTATTTGCTTTATTTCTATTAATACACAACTCTCCTTGAGTTAAGAGATTTACGATATTATCAATATTGTTTTCTTTCATATACTTCAACTTTTTACTATTCATTTTTAAAAGA","Pf3D7_14_v3-407306-407542-1A.11","58A62G",5161,0.994412331406551,2
"IM-23-122-WVFA","8039832252","Maziba","Pf3D7_14_v3-407306-407542-1A","CTTTCTTTCGTCTTTCTGTTCATTATCCATATAATCTTTTTCTACTACCTTTTCATTCTTTACTTTATTTCTATTAATACACAATTCTCCTTGAGTTAAGAGATTTACGATATTATCAATATTGTTTTCTTTCATATACTTCAACTTTTTACTATTCATTTTTAAAAGA","Pf3D7_14_v3-407306-407542-1A.4","44A47A85T",29,0.00558766859344894,2
"IM-23-122-WVFA","8039832252","Maziba","Pf3D7_07_v3-729480-729750-1A","TGAATGTTCAGAAATTTTATATCACTTAAATCGTTTGAGTGAGTTAGATCAAATATTGTTGAAAGATAAAATAAGTATATATGAGTATCAGCTAAAGGACACGTTTTTAACAACGTATGATATAGGTTGTTTATTAAAAATAGCTCAAGTGTTGAATGAACAAAATTATTATGATAACATTCCATTTTTGCATATATTTTTATATAACATACATAA","Pf3D7_07_v3-729480-729750-1A.1","42A",10,0.00496031746031746,2
"IM-23-122-WVFA","8039832252","Maziba","Pf3D7_07_v3-729480-729750-1A","TGAATGTTCAGAAATTTTATATCACTTAAATCGTTTGAGTGCGTTAGATCAAATATTGTTGAAAGATAAAATAAGTATATATGAGTATCAGCTAAAGGACACGTTTTTAACAACGTATGATATAGGTTGTTTATTAAAAATAGCTCAAGTGTTGAATGAACAAAATTATTATGATAACATTCCATTTTTGCATATATTTTTATATAACATACATAA","Pf3D7_07_v3-729480-729750-1A.2",".",2006,0.995039682539683,2
"IM-23-122-WVFA","8039832252","Maziba","Pf3D7_11_v3-1127074-1127316-1A","AACATTTTAATATTCCTAATTTCGAAAATATGATGAAAGGAGTTTTTGGAATTATTCAAAATCCTTTTGAAAATGGCCAACCCACTTTCCCATTCTTTAAAAATATTAATTCGATCTCTGGAATCGGTAATGTTGATATCCCCAAAAATTTTATGAATGATTTTTTGAATAATGGAAATGATCAAAACA","Pf3D7_11_v3-1127074-1127316-1A.1","13T160+8N",6365,1,1
"IM-23-122-WVFA","8039832252","Maziba","Pf3D7_11_v3-115913-116184-1A","ACCTCCAGATGTTATAAATATTATATTATCATCATCATTTGGAAGGAAATTCTCCTCTAATGTTTTTAATATTTCATCTATATTTTTAGGTCTCAATTTACTATTGAAAAATTTTGAATACTTCAAAAAATAATCATCATCTTTTACATTACATATATTATCATTATTTTCATTTTGTTTTAGTAGTTCATCTTTTTTATTATC","Pf3D7_11_v3-115913-116184-1A.1","7A124+8N197T",1309,1,1
"IM-23-122-WVFA","8039832252","Maziba","Pf3D7_08_v3-1056678-1056903-1A","GTGTTAACGATAATTATAATGCAATAAGCACAACTAATTTTTCAGATGACATGGATGAATTGATAAAGAATCTTTCTATTATGGGTTTGTGTAAAGAGAAAATAGTGTTAACAGAAAAGGCAACAATATTTAATAACATTGAATTGTTGTATTCATATTATCTTATAGTTCAGA","Pf3D7_08_v3-1056678-1056903-1A.2","126A",8617,0.7120899099248,2
"IM-23-122-WVFA","8039832252","Maziba","Pf3D7_08_v3-1056678-1056903-1A","GTGTTAACGATAATTATAATGCAATAAGCACAACTAATTTTTCAGATGACATGGATGAATTGATAAAGAATCTTTCTATTATGGGTTTGTGTAAAGAGAAAATAGTGTTAACAGAAAAGGCAACACTATTTAATAACATTGAATTGTTGTATTCATATTATCTTATAGTTCAGA","Pf3D7_08_v3-1056678-1056903-1A.1",".",3484,0.2879100900752,2
"IM-23-122-WVFA","8039832252","Maziba","Pf3D7_08_v3-1099719-1099977-1A","AAAAAATAAAAAATCAAACAAGATAAATAATAATGTATATAATACTAGTGGTATAAAAAATAATGATCAAAATATGGATAATATGAATCAAAAAGGAAAAAGTAACAAAAATTCAAATAAATATAATTTTGATGAAGAGGATTTATGGTTTTTATGTGATTTATGTAATAATCCTATAAGTCCGTTATGTTA","Pf3D7_08_v3-1099719-1099977-1A.4","1+14N54+8N97A",690,0.33543996110841,3
"IM-23-122-WVFA","8039832252","Maziba","Pf3D7_08_v3-1099719-1099977-1A","AAAAAATAAAAAATCAAACAAGATAAATAATAATGTATATAATACTAGTGGTATAAAAAATAATGATCAAAATATGGATAATATGAATCAAAAAGGGAAAAGTAACAAAAATTCAAATAAATATAATTTTGATGAAGAGGACTTATGGTTTTTATGTGATTTATGTAATAATCCTATAAGTCCGTTATGTTA","Pf3D7_08_v3-1099719-1099977-1A.2","1+14N54+8N142C",1361,0.66164316966456,3
"IM-23-122-WVFA","8039832252","Maziba","Pf3D7_08_v3-1099719-1099977-1A","AAAAAATAAAAAATCAAACAAGATAAATAATAATGTATATAATACTAGTGGTATAAAAAATAATGATCAAAATATGGATAATATGAATCAAAAAGGGAAAAGTAACAAAAATTCAAATAAATATAATTTTGATGAAGAGGATTTATGGTTTTTATGTGATTTATGTAATAATCCTATAAGTCCGTTATGTTA","Pf3D7_08_v3-1099719-1099977-1A.3","1+14N54+8N",6,0.00291686922702965,3
"IM-23-122-WVFA","8039832252","Maziba","Pf3D7_08_v3-1176313-1176549-1A","TACATCCAATGAATATTTTACACTTAAAAGAAATAAACAAATTATTCATAATAAAATACATATACTCTCTATGCAAAAAAATAAACAAAATACAAACGAGCTAAACAAATCATGTAATATTAACGCCATCATATTCAATATTAATTCTGATGATTTTGAGGTAGGCGATGAAATTGT","Pf3D7_08_v3-1176313-1176549-1A.7","67C74+9N136C",5003,0.646967541704384,3
"IM-23-122-WVFA","8039832252","Maziba","Pf3D7_08_v3-1176313-1176549-1A","TACATCCAATGAATATTTTACACTTAAAAGAAATAAACAAATTATTCATAATAAAATACATATACTCTCTATGCAAAAAAATAAACAAAATACAAACGAGCTAAACAAATCATGTAATATTAACGCCATCATATTTAATATTAATTCTGATGATTTTGAGGTAGGCGATGAAATTGT","Pf3D7_08_v3-1176313-1176549-1A.4","67C74+9N",20,0.00258631837579206,3
"IM-23-122-WVFA","8039832252","Maziba","Pf3D7_08_v3-1176313-1176549-1A","TACATCCAATGAATATTTTACACTTAAAAGAAATAAACAAATTATTCATAATAAAATACATATACTTTCTATGCAAAAAAATAAACAAAATACAAACGAGCTAAACAAATCATGTAATATTAACGCCATCATATTTAATATTAATTCTGATGATTTTGAGGTAGGCGATGAAATTGT","Pf3D7_08_v3-1176313-1176549-1A.3","74+9N",2710,0.350446139919824,3
"IM-23-122-WVFA","8039832252","Maziba","Pf3D7_08_v3-1313088-1313338-1A","TGAGAGACATAGATATATGATAGAAAAATGGAAAAAAGAAGATTGGTTTTGTGATTTAAAAGAAACGTTGAAAAATGAATTTGAAGAACAGATGGATATAGGAAAAGTATCTTTTTTATATGAAAATAATAGAGAGTATGGAAAAAATTTTTATTTGGAAAAGCAAAAAATTATATGGAAAAGATGG","Pf3D7_08_v3-1313088-1313338-1A.1","31+8N111+8N141+8N164+8N",2977,1,1
"IM-23-122-WVFA","8039832252","Maziba","Pf3D7_08_v3-1314717-1314986-1A","ATAAAAAAGAAAAAATTATTGTCAAAAGTTTTCATAGATATATATATGATGGTATTAGAAGATTTTAAAGAAGAAGAATGTAAAAAAAATAAAGAAATATTTCTTGATACTTATATAGATGAACTAAAAAAAGATTCACAAAGTGAAAAAAATAAAAGCATGTTAAATATATTAGATGAAATAAAAAGTGATATTCATATAGGATATC","Pf3D7_08_v3-1314717-1314986-1A.1","2+15N87A125+9N138A145+9N",305,0.267309377738826,4
"IM-23-122-WVFA","8039832252","Maziba","Pf3D7_08_v3-1314717-1314986-1A","ATAAAAAAGAAAAAATTATTGTCAAAAGTTTTCATAGATATATATATGATGGTATTAGAAGATTTTAAAGAAGAAGAATGTAAAAAAAATAAAGAAATATTTCTTGATACTTATATAGATGAACTAAAAAAAGATTCGCAAAGTGAAAAAAATAAAAGCATGTTAAATATATTAGATGAAATAAAAAGTGATATTCATATAGGATATC","Pf3D7_08_v3-1314717-1314986-1A.7","2+15N87A125+9N145+9N",2,0.00175284837861525,4
"IM-23-122-WVFA","8039832252","Maziba","Pf3D7_09_v3-163813-164052-1A","GTAATAATAATAATAATAATGTATTTCTTTCATCAAGTGATCCAAATAAATTAAACACAACACCATCACCATTTGGTTTATCATCTATTGGAAATCTAAATACAAACAATAAATTAAATAGCTTTCCAGATTTTAGTCAAGCTAATAAAACATTTCTACAAAATGATAGCTTAT","Pf3D7_09_v3-163813-164052-1A.1","2+19N28T131T",3623,1,1
"IM-23-122-WVFA","8039832252","Maziba","Pf3D7_14_v3-2260533-2260765-1A","AATAACCATCAAATACAAACTCAACCAACAAATACAGTACAATATATTCAACCAAATTATCAACAAGTCATAACACAAGTAGATCAAAATGGTAATCTATTCAATCAACAGCTTGTAGGAAGTACAGTAATGCAAAATATGACACCACAAGGTGTAAACACGTTAAATTATCCTGCAACG","Pf3D7_14_v3-2260533-2260765-1A.3","61C91G",4918,1,1
"IM-23-122-WVFA","8039832252","Maziba","Pf3D7_14_v3-2355614-2355853-1A","ACTTTTCTCGATTCACATTATCCAAACCCATTTAACGAGTATGAAAAATATGACAAACATTATTATGAACTTGAAAATATTTTAAAAAACAAACTTAATGAACATTCCTTAAATTATCAATCTTTGTTAAAAATGAAAAGATTTATAAGTATGAACCATATGGAAAATAATAA","Pf3D7_14_v3-2355614-2355853-1A.3","83+8N157C",1,0.000231588698471515,2
"IM-23-122-WVFA","8039832252","Maziba","Pf3D7_14_v3-2355614-2355853-1A","ACTTTTCTCGATTCACATTATCCAAACCCATTTAACGAGTATGAAAAATATGACAAACATTATTATGAACTTGAAAATATTTTAAAAAACAAACTTAATGAACATTCCTTAAATTATCAATCTTTGTTAAAAATGAAAAGATTTATAAGTATGAACGATATGGAAAATAATAA","Pf3D7_14_v3-2355614-2355853-1A.1","83+8N",4317,0.999768411301528,2
"IM-23-122-WVFA","8039832252","Maziba","Pf3D7_01_v3-194742-194973-1B","TACCTATAAAAATGAAAAAAATAAAGAAGAAGATAAATATGGAAAAAATGAAAAAAACGAAAAATATGACAAATATGACAAATATGAAAAATATGATAAATACAAAAAAGATAATAAAAATCAACATGATGATCCACTTTATGATAATATTAATAAAAATTACGATAA","Pf3D7_01_v3-194742-194973-1B.1","14+9N42+17N97D=AAAATATGA112+8N",84,0.0154781647318961,2
"IM-23-122-WVFA","8039832252","Maziba","Pf3D7_07_v3-1066661-1066903-1A","TATGGTTTTGTAATTTATTGGTATGTGTTGTTAAAGGAGAATTTTTTTAATATCCCTTGTCATGGGCAAAATGAGAAAAAAGAAATAAAAAACTTTTATGTTCAACATGAAGATATTTGTGAACACACTATTGGTAATCATATGTTAGGTGATAAATTAAAAATGTGTACATCTAATATTAATG","Pf3D7_07_v3-1066661-1066903-1A.2","41+9N75+8N86+8N",4999,0.688567493112948,2
"IM-23-122-WVFA","8039832252","Maziba","Pf3D7_07_v3-1149367-1149613-1A","TATTTGACTAGTCGAATAATATTTAATATTTTTGTTTAGGAAGTTTTCAAAATTGATGACATTGATAACCGTTTTTATTAAATCGCTTGGGTTGTTTGTGTGTTCCAATGTAGAAGACATAATTTTAAGAATGTGTTTTTGTGTTATTAAACAAAACTTTGTTACTATATGGAATCGTATGTTAT","Pf3D7_07_v3-1149367-1149613-1A.11","108A",20,0.00270892591087634,3
"IM-23-122-WVFA","8039832252","Maziba","Pf3D7_01_v3-528859-529104-1A","TTTGATTCTTTTTAATGAAAAAGAAGCTAAAGATATGTCAGACTATATAATTTCCCAACAAAAACGTTATTGCTCTACCAATATTCATAGTAATTATAATAATAAAATATGTATATGTAAAAATAAGCGACATCATAACAAAAGAGGGAAAGGAATAAAGCATCATGACATACATCAAAAGG","Pf3D7_01_v3-528859-529104-1A.6","44T165A",3150,0.301320068873159,2
"IM-23-122-WVFA","8039832252","Maziba","Pf3D7_01_v3-535965-536239-1A","GCTCATTCGATATTTTCCAGTTGTTTGATTTTAAAAATGATGTATATTTTTTAGATGATAATTTGTTCGACAAGGATATGGTATATTGTACAAGTACCAACAATTATGGCGTTATGGAAAATGATAATGATGATGATAAAATAATAAAAATACAAAATTTAAATGAGAAATTAAAAAATGGAAAAGCTGAATTTAAAGATATATTATTAT","Pf3D7_01_v3-535965-536239-1A.5","8C46+8N118A121+17N172+8N",518,0.324358171571697,4
"IM-23-122-WVFA","8039832252","Maziba","Pf3D7_14_v3-3214249-3214516-1A","TAAATAAAAAAGGATTAGATGATTTAATAAAAGATTTGTTAAAATATTTTCCAAAGAATTCAATTAGCGATCGTTTTGAATTGTTAGAATTTAAAATGACGGAGGATTGTTATACAAAAATGTGGTTTGATTTTATGAGTGATTTTGGAATAGCTACAATGAATGAAACCGAACATACTAGATCTTTTTATGGCTTAATCGAA","Pf3D7_14_v3-3214249-3214516-1A.1","5+8N194C",5286,1,1
"IM-23-122-WVFA","8039832252","Maziba","Pf3D7_14_v3-2733345-2733593-1A","TCGATGTACATGCAGAAAAAATATTGGAACGTTTATTTGTAATTTATTTATGTGTATTAAAAGAATATGAAAAACATCCTCCTAAAATATTAAAATATTCATTACGTGCTATATCGAGATACTCGATGTATATAAATAAATTTATCATGGATGATATATTATTTGAAATTAAAAACCTTGCTGCA","Pf3D7_14_v3-2733345-2733593-1A.2","15+8N116G",5655,0.992627698788836,2
"IM-23-122-WVFA","8039832252","Maziba","Pf3D7_14_v3-2733345-2733593-1A","TCGATGTACATGCAGAAAAAATATTGGAACGTTTATTTGTAATTTATTTATGTGTATTAAAAGAATATGAAAAACATCCTCCTAAAATATTAAAATATTCATTACGTGCTATATCTAGATACTCGATGTATATAAATAAATTTATCATGGATGATATATTATTTGAAATTAAAAACCTTGCTGCA","Pf3D7_14_v3-2733345-2733593-1A.1","15+8N",42,0.00737230121116377,2
"IM-23-122-WVFA","8039832252","Maziba","Pf3D7_14_v3-279563-279833-1A","CATTTTTCTTTTAAATGAGAGCAATATATTTCTTAGGTTTATTCCGGATAAATGTTTAGTTATTAGCCAGGTGAGTTATAGTGATTCATATAAGGTAAATTGTATTAATTTCTCTGAAGGATTTTGTTGCTGTCATCCAATAAATAATTTAGCACTATTATATGGAGAGTATCAACAAAATCAAGAATCAAAAATTATGAAATTACCG","Pf3D7_14_v3-279563-279833-1A.2","77T",1896,1,1
"IM-23-122-WVFA","8039832252","Maziba","Pf3D7_14_v3-2858894-2859160-1A","ATAGATTTTAATGACATAAAAAACACAACAAATGAGTATAATAATTTTGAGGAACATAATTATCAAGATGATAAATTTATATTTAATAAAGATATACATAATATTCTTTTAGAATTAAAGGAATCATTAAATGACATATCACGTGGAAGACTAAATACATTGATAAGAGATAATAAAATAAGTAGTTATATAATATATCA","Pf3D7_14_v3-2858894-2859160-1A.2","15C17+8N28A188A",8,0.00291014914514369,2
"IM-23-122-WVFA","8039832252","Maziba","Pf3D7_01_v3-145388-145662-1A","GATATGTTTAAATATATGATTCTCGAAAAAACTTTTTTTATTTTTTTTGTCAATAGATAAATGATCAATATTTTCTATATTTAATCTATCAAGTATTTTTATATATCTATTATTTCTTTCTTCGATGGATAAATTATATGAATCAATATCCTTTCTTTCATCAACAAACTTTTTTATTGTTAACTCCATTTTTTTATTTAAGATACCA","Pf3D7_01_v3-145388-145662-1A.2","25+25N139T169+8N188+9N",973,1,1
"IM-23-122-WVFA","8039832252","Maziba","Pf3D7_08_v3-102277-102527-1A","TACCTTCATCTATTGAATTAATTTTCTCAAGTAACATATTTTTGTCTTGACTACTTTCATCTGTAAATGGAACGAATACTCTTTGCTTACCTGCAAAAAGGACAACTGACATATGAGCCTTATCCTTACTTACATTCGAATTAAAGACCATAGATTCTAAAAATGGTATAGTTCCTTTTAACCAATAATC","Pf3D7_08_v3-102277-102527-1A.5","76A",9,0.00157922442533778,2
"IM-23-122-WVFA","8039832252","Maziba","Pf3D7_14_v3-2858894-2859160-1A","ATAGATTTTAATGACATAAAAAACACAACAAATGAGTATAATAATTTTGAGGAACATAATTATCAAGATGATAAATTTATATTTAATAAAGATATACATAATATTCTTTTAGAATTAAAGGAATCATTAAATGACATATCACGTGGAAGACTAAATACATTGATAAGAGATAATAAAATAAGTAGTTGTATAATATATCA","Pf3D7_14_v3-2858894-2859160-1A.1","15C17+8N28A",2741,0.997089850854856,2
"IM-23-122-WVFA","8039832252","Maziba","Pf3D7_11_v3-119432-119705-1A","CTCCTTTATATTCATCAAGAAATTTCATCCAAGAGTAATTATGTTTTTCTTGTTGATATTTTGCTTTATACAAACGAGCAAGATACTTTTTATACGATTCATGCTCTTTAATTTTCTTTTCAAAAGTTTTGGTTATAATGTGTTCAAGTGATTGTAAAGTATTTTTCTTTAATTTTCTCCATATTAATCTACATGCGATTATAAGAA","Pf3D7_11_v3-119432-119705-1A.1",".",2662,0.993654348637551,2
"IM-23-122-WVFA","8039832252","Maziba","Pf3D7_01_v3-455794-456054-1A","AGAAAAAAAATTTATTAAGAGGTATTTCGATTTTAAAAATTTAAGAATTAATTTTTAATTATGTCTATAAAAACTTAATAGAAAATAAATATTATTTTGTTTTTCAAAAAAATGTTTAAGAATAATATTTCTTTATTCTTTTACAATTTAGAACATATAATGCTATTTCTTTTAATTTTAATTTAATTTCAAA","Pf3D7_01_v3-455794-456054-1A.1","2+10N105+9N",1985,1,1
"IM-23-122-WVFA","8039832252","Maziba","Pf3D7_01_v3-528859-529104-1A","TTTGATTCTTTTTAATGAAAAAGAAGCTAAAGATATGTCAGACCATATAATTTCCCAACAAAAACGTTATTGCTCTACCAATATTCATAGTAATTATAATAATAAAATATGTATATGTAAAAATAAGCGACATCATAACAAAAGAGGGAAAGGAATAAAGCATCATGACATACATCAAAAGG","Pf3D7_01_v3-528859-529104-1A.1","165A",7304,0.698679931126841,2
"IM-23-122-WVFA","8039832252","Maziba","Pf3D7_14_v3-1392837-1393086-1A","ACATGTATTGTCCCCAGCATGAATCGGGTGATAAATATTATCAAGCGTATCAAAAAATGGATTGTAATTATTACTACTATTCATATCATTATTTTTTGTGGTGGTGGACTGTGAAATGTTTTCCTTATGATTTTGACTTGTGTGTATATCCCTACCAACAACATATTCAACATTATTATTATCAAAAA","Pf3D7_14_v3-1392837-1393086-1A.2","51+8N91+8N",4722,1,1
"IM-23-122-WVFA","8039832252","Maziba","Pf3D7_14_v3-1956056-1956330-1B","CTAATTTTTTTTCTCCACTTTGTAATTTTTATTGTTGAATATATATATAAAGTTAAACCTATAAATAATACACTACCTAATAAACTATTCTTATATTTAAAAATAAATATAATACATGTTATTAATCCTTCTATTGTTGCCGGAATAATATACATTAAAACAGAACTCATCAAATTATTAGCACTCTCGGTACCTCTATCAACTATTCTCA","Pf3D7_14_v3-1956056-1956330-1B.2","4+10N",1715,1,1
"IM-23-122-WVFA","8039832252","Maziba","Pf3D7_14_v3-1992121-1992370-1A","ATTAAAACATTCCAACAATTTTATTTCCTTCTTTATAAAATTATATAAATTAATTATTTTCTTTTTATCACATTCAAAGACGGCATAAGGTGCACCCCATGAACATTTTTTACTTTTGCTACCATCAGGCATAATATAAACACCAGTACCATTTTTTTCTGATAAATTAATATTTTTTTGTATAACATCATA","Pf3D7_14_v3-1992121-1992370-1A.1","105+8N151+9N172+9N",12,0.00889547813194959,2
"IM-23-122-WVFA","8039832252","Maziba","Pf3D7_14_v3-377765-378020-1A","AAAGATATATCAACTGAAAAGATTTTATCAAATAATTGCTTTAATAATAAGTTAAAAAATTGATTTCCAATATCTATCATATTCATATAATCTAATGATTTAAAAATATATAATATACTCTTTGGACTAAATTTTAATTCATCATTTATTATTTTCTCTTTTACTATTGCTTTAATTTGATTAAAATATATAA","Pf3D7_14_v3-377765-378020-1A.2","21G53+8N71T",1740,1,1
"IM-23-122-WVFA","8039832252","Maziba","Pf3D7_05_v3-213027-213251-1A","ATGTACTTATCCCCTGATATGATTGTTCCAATATCATCAAAATCAGTAATCTCTAAATCATTTATATGATTTATATGTATAAATTCTTTTATCTTGTTCAAATAATTTCTGTAATAAAATATATTCTCTTTATCATCATCAATTATTTTCATATAATC","Pf3D7_05_v3-213027-213251-1A.6","25G26T",28,0.00334049152946791,3
"IM-23-122-WVFA","8039832252","Maziba","Pf3D7_08_v3-585993-586266-1A","TGTAAATATAAATCATACGTATGACATGTATCATCATTTAATGCATTCTTAATTGTTAATGCTAATCTACTTACAATAATATAAGCAAAGTTTATATGAGAATGAATACCTTCTTTTCCTAAAAAGTTATAAAGACTAACAAATGGAGCATATATTATAAATTTATCATACTTTTTTTTGTGCATAACTTCATTTAATAAAATATTT","Pf3D7_08_v3-585993-586266-1A.2","29T171+10N",3127,0.704914337240757,2
"IM-23-122-WVFA","8039832252","Maziba","Pf3D7_13_v3-2814583-2814832-2","TCAGTCTTCTAATTCTAGCGATAATGATCCTGCAGTAGTAAGTGGTAGAGAATCTAAAGATGTAAATCTTCATACTTCTGAAAGGATTAAAGAAAATGAAGAAGGTGTGATTAAAACAGATGATAGTTCAAAAAGTATTGAAATTTCTAAAATACCATCTGACCAAAATAATCATAGTGATTTATCACAG","Pf3D7_13_v3-2814583-2814832-2.1","124T",2773,0.346885163872905,2
"IM-23-122-WVFA","8039832252","Maziba","Pf3D7_07_v3-896613-896849-1B","ACAATGAAAAAATGTATTAATGATGAATTATATAAAATAAAAATAAATGTAGGTTTATATAAAAAGGATAGAAAAAAATTATCCTTTTTTATATTGTTGCATAAATTTTATTTAGATAATTATAATATTGTTATTAATAAATTAAAAAATATGAATAATTTAATAGAAA","Pf3D7_07_v3-896613-896849-1B.1","6+8N71+9N84+8N143+8N",2633,1,1
"IM-23-122-WVFA","8039832252","Maziba","Pf3D7_09_v3-1015103-1015350-1A","ATTATTTAATTTTTCATCTTTTATATTTTTCAGATTTTTTATATGAAGATATAGGAATACAACTAAATTAACAGCTGAAAATAATCTTACTAACAAAAATAATTTGAGGAATTCTTCATCATATAAATCTTTTGGAATATTATTTGTGTATTCATAAATTTCTATTAAGGATATAATAGTTATGA","Pf3D7_09_v3-1015103-1015350-1A.1","34+8N",898,1,1
"IM-23-122-WVFA","8039832252","Maziba","Pf3D7_11_v3-119432-119705-1A","CTCCTTTATATTCATCAAGAAATTTCATCCAAGAGTAATTATGTTTTTCTTGTTGATATTTTGCTTTATACAAACGAGCAAGATACTTATTATACGATTCATGCTCTTTAATTTTCTTTTCAAAAGTTTTGGTTATAATGTGTTGAAGTGATTGTAAAGTATTTTTCTTTAATTTTCTCCATATTAATCTACATGCGATTATAAGAA","Pf3D7_11_v3-119432-119705-1A.5","89A145G",17,0.00634565136244868,2
"IM-23-122-WVFA","8039832252","Maziba","Pf3D7_07_v3-105172-105442-1A","GACTACTAACAGAGTGACTACCTACGCTATGTTGAGATGAATTCCTTCCATCTGAATTACTTCCAGATAGGTGATTTTCTGTACTTCCATCTGAATTGTTTTTATATAATTGACTTTCCTTTTGTCCATCTAAATTATGCACTGCACTATGAGTTCCTTCACCCAAATTATTACTGTTTGTTGTATCATCATTTAAATCAAATCCATTTCTT","Pf3D7_07_v3-105172-105442-1A.1",".",1857,1,1
"IM-23-122-WVFA","8039832252","Maziba","Pf3D7_11_v3-1293919-1294168-1A","TCCATATCAAAAAAGTGATGTGTATCATCCAATCAACGAACATAGGGAACATCCAAAAGAATACCAATATCCATTACACCAGGAACATACATACCAACAAGAAGATTCAGGAGAAGACGAAAATACATTACAACACGCATATCCAATAGACCACGAAGGTGCTGAACCCGCACCACAAGAACAAAATTTAT","Pf3D7_11_v3-1293919-1294168-1A.4","13A27A65C163T",1226,0.307808184785338,4
"IM-23-122-WVFA","8039832252","Maziba","Pf3D7_08_v3-550057-550318-2","ACTATTTGATATTGGATTAGGATTTGCGAAGAAACATGATCAATCTATTAAACTCTTACAAAATATACATGTATATGATGAGTATCCACTTTTTATTGGATATTCAAGAAAAAGATTTATTGCCCATTGCATGAATGATCAAAATGTTGTAATAAATACACAACAAAAATTACATGATGAACAACAAAATGAAAATAAAAATA","Pf3D7_08_v3-550057-550318-2.1",".",4588,1,1
"IM-23-122-WVFA","8039832252","Maziba","Pf3D7_07_v3-405517-405773-2","TTTTCTACCATGACATATACTATTGTTAGTTGTATACAAGGTCCAGCAATAGCAATTGCTTATTACTTTAAATTCTTAGCCGTAAGAATTAAAAAGATATAAATATATAAATATATATGTGAAATATATGATATATATGATATATATTTTTTATATGTAATGTTTTTTTTTTTTTTCACAATATACATTTAA","Pf3D7_07_v3-405517-405773-2.2","97+57N162+16N",1992,1,1
"IM-23-122-WVFA","8039832252","Maziba","Pf3D7_07_v3-405570-405844-1B","ATAGCAATTGCTTATTACTTTAAATTCTTAGCCGTAAGAATTAAAAAGATATAAATATATAAATATATATGTGAAATATATGATATATATGATATATATTTTTTATATGTAATGTTTTTTTTTTTTTCACAATATACATTTAAATGTTTATGATGGTACAACGTATCATATTTTATAATAATTTTATGCATTCATGTATATTATTTTTACTTTTT","Pf3D7_07_v3-405570-405844-1B.4","49+57N114+16N",549,0.483700440528634,2
"IM-23-122-WVFA","8039832252","Maziba","Pf3D7_07_v3-405570-405844-1B","ATAGCAATTGCTTATTACTTTAAATTCTTAGCCGTAAGAATTAAAAAGATATAAATATATAAATATATATGTGAAATATATGATATATATGATATATATTTTTTATATGTAATGTTTTTTTTTTTTTTCACAATATACATTTAAATGTTTATGATGGTACAACGTATCATATTTTATAATAATTTTATGCATTCATGTATATTATTTTTACTTTTT","Pf3D7_07_v3-405570-405844-1B.2","49+57N114+16N",586,0.516299559471366,2
"IM-23-122-WVFA","8039832252","Maziba","Pf3D7_14_v3-1992121-1992370-1A","ATTAAAACATTCCAACAATTTTATTTCCTTCTTTATAAAATTATATAAATTAATTATTTTCTTTTTATCACATTCAAAGACGGCATAAGGTGCACCCCATGAACATTTTTTACTTTTGCTACCATCAGGCATAATATAATCACCAGTACCATTTTTTTCTGATAAATTAATATTTTTTTGTATAACATCATA","Pf3D7_14_v3-1992121-1992370-1A.2","105+8N140T151+9N172+9N",1337,0.99110452186805,2
"IM-23-122-WVFA","8039832252","Maziba","Pf3D7_06_v3-416462-416720-1A","AAGAGAAAATGGACATTGTGGAGAATATAAAAAATAGAGGAAAGGAAAAAACAGAATTAACATATAAAGAAGTATATAAAACACAACAGAATCAAAATGATGCAAGTTTAAATTCATTTTGGGGTGATGAAAAAAAAAATAATAATTATGATATAGATATAGTAAAAGAGAAATATAGTGAGTTAATGAAAAAAAAAGAA","Pf3D7_06_v3-416462-416720-1A.2","3+8N28+8N45+8N129+12N188+11N",2819,1,1
"IM-23-122-WVFA","8039832252","Maziba","Pf3D7_14_v3-2004362-2004606-1A","TATTTCCATATTATTGTAATAGGGCTTTTTCTTGCTCTTCTAATTTTTGTATATCTTGCTTATCCTTATCTAATTGTCCAAGAGCAGATAATTCATCATCTACATTTATTTTATTTTCTTGAGAATATTCTTCAATTTTGTCTTCGAAACTGTTATATAATCTATTTATAATTGGTTG","Pf3D7_14_v3-2004362-2004606-1A.11","87G88A98A",2899,0.993829276654097,2
"IM-23-122-WVFA","8039832252","Maziba","Pf3D7_14_v3-2004362-2004606-1A","TATTTCCATATTATTGTAATAGGGCTTTTTCTTGCTCTTCTAATTTTTGTATATCTTGCTTATCCTTATCTAATTGTCCAAGAGCATTTAATTCATCTTCTACATTTATTTTATTTTCTTGAGAATATTCTTCAATTTTGTCTTCGAAACTGTTATATAATCTATTTATAATTGGTTG","Pf3D7_14_v3-2004362-2004606-1A.1",".",18,0.00617072334590333,2
"IM-23-122-WVFA","8039832252","Maziba","Pf3D7_14_v3-2020604-2020849-1A","CAAGAACATGAATATTTCTGTATATACATAGACAAGTCCTCATTATGTCTTATCACAGGGTGCTCTTCTTTAATATGACAATATAATTTTATATGTTTTATTATTTCTTGATGAATTTCACATAATAAAAATAATGTGTGATTCATATGTTGACTACTCAATATAGAAAAGCCACTAACTAATTG","Pf3D7_14_v3-2020604-2020849-1A.3","23T65+8N158T",7,0.00148746281342966,2
"IM-23-122-WVFA","8039832252","Maziba","Pf3D7_06_v3-1197245-1197515-1A","CATTAGGAAAAACAACAGAGCCTTCTTCCATACCATAAATACATAAATCATTTCCACTAATCTTTTCTAAATATTGCACAAAAGAATCAATATCATTATAAGATGACATCTTCTTTCTTATAAAATCTAATTGAGCTTTGGTAAATCGAAAACAATTAATATATTTTATTACTTCATATACACCAGCTAATATAGCAAATTGAC","Pf3D7_06_v3-1197245-1197515-1A.1","20G",3682,1,1
"IM-23-122-WVFA","8039832252","Maziba","Pf3D7_09_v3-1406342-1406614-1A","TCTCAGATTATCATAGTGTTGTGGATGAAGATTTAATTAATTTTAATGATGATGTTACTTTAGAAACACAATCCATGATAGCACACGGAGGGTCTTTGTCAGAAATAGAAGAAACTGAAGATTTATCTTCAGATGTTGATAGATTACTTTCATCAATCGAAACTACTCCAAGAGATGATGTTGTATATATACGAGGTGATATTATATT","Pf3D7_09_v3-1406342-1406614-1A.3","118A148T204A",5331,1,1
"IM-23-122-WVFA","8039832252","Maziba","Pf3D7_14_v3-1038300-1038538-1A","ATTAATGATTTATACACTTCAACTACACTTTTTAATTTAGCCCATACAATTAATAAAGCTCTACGATAAATTTCTTTTTTATTTGATTTAGAAAAAGGAGAAAACCATTGAAACTTTTTGGCTAGATATTTATGGTCTTTATCAAAAATATATTCTGAAACTTCATCTTCTAGAAGT","Pf3D7_14_v3-1038300-1038538-1A.1","74+8N",4550,0.99323291857673,3
"IM-23-122-WVFA","8039832252","Maziba","Pf3D7_01_v3-194742-194973-1B","TACCTATAAAAATGAAAAAAATAAAGAAGAAGATAAATATGGAAAAAATGAAAAAAACGAAAAATATGACAAATATGACAAATATGAAAAATATGAAAAATATGATAAATACAAAAAAGATAATAAAAATCAACATGATGATCCACTTTATGATAATATTAATAAAAATTACGATAA","Pf3D7_01_v3-194742-194973-1B.2","14+9N42+17N112+8N",5343,0.984521835268104,2
"IM-23-122-WVFA","8039832252","Maziba","Pf3D7_07_v3-404325-404590-1B","GAAACACAAGAAGAAAATTCTATCATATTTAATCTTGTCTTAATTAGTGCCTTAATTGTAAGAAAACAAAATATATAAATAAATATATATATATATATATATATATATATTGTAATATTTAATATATATTAACACTTAAACTTTGTTTTTATTATATTAATTTATATTCTTTATCATTTTTTTTTTTTTTTTCCTTCTTTTTTT","Pf3D7_07_v3-404325-404590-1B.56","71+40N176+19N198+8N",3,0.0247933884297521,4
"IM-23-122-WVFA","8039832252","Maziba","Pf3D7_14_v3-137398-137668-1A","ACCATTCATATTTTCTAGGTTTGTTTAACCAATTACATATATATAATATATTACAAAATAATTGTTTTAATAATATATGTTTAGTTAATATTAATTCAATACTACTTAATTTATTTCTTATATTTTTTAAAAGATCTTCATAAACAAAATCAAAATTATCTATTAATAATAAATAACCAAATCTTTTATGCACATTTTTTATTC","Pf3D7_14_v3-137398-137668-1A.1","122+8N191C194+8N",626,1,1
"IM-23-122-WVFA","8039832252","Maziba","Pf3D7_06_v3-176108-176338-1A","ATTATTATTATTATGATGATGATGATGATGATCTGTGTTAAGATCATCTTCTATACCATTAGTTAAACATTTTATATTTTTATTCATATAAACATTAATCTTCACAACAGATTTATCAGATCTAGAAAATCTTGTACCTGTTGCTTTATGTAACAATAT","Pf3D7_06_v3-176108-176338-1A.15","1+38N",4607,0.988414503325467,3
"IM-23-122-WVFA","8039832252","Maziba","Pf3D7_06_v3-176108-176338-1A","ATTATTATTATTATTATGATGATGATGATGATGATGATCTGTGTTAAGATCATCTTCTATACCATTAGTTAAACATTTTATATTTTTATTCATATAAACATTAATCTTCACAACAGATTTATCAGATCTAGAAAATCTTGTACCTGTTGCTTTATGTAACAATAT","Pf3D7_06_v3-176108-176338-1A.11","1+38N",13,0.00278910105127655,3
"IM-23-122-WVFA","8039832252","Maziba","Pf3D7_14_v3-3125801-3126073-1A","ATTCTTATAATATTTAAGAATGAAGGGATTAAATATTTACATTTTAGCGAGGATACTCTGAAATATGTTAATTTTAATTATCCTGATTTTAACTTATATAAATGTATGAATTTATATAAGAAAAATTATGTTGATAGGGATGAGAAAGATATCTGTGATTTTTCAAATGAAGATTTTCCGTTAATAAAAGAAAATAACAAGAGAATCAG","Pf3D7_14_v3-3125801-3126073-1A.5",".",1578,1,1
"IM-23-122-WVFA","8039832252","Maziba","Pf3D7_14_v3-3124416-3124655-1A","TAATTGATCTTCTAGAGGAATTAGATATTTTGTCTATATCGAATAAAGATGAAGTAGAAAAACGAAGAAAGGAAACAACTCAAGAGACGCGGTTGTTAGGAAATATTGATTTAGGATATGGAAAATTAGGAGAGGGAATAAAGCATGAAAATTTACAGGAAGAATTAGGAAACAGATTATTTG","Pf3D7_14_v3-3124416-3124655-1A.1",".",8540,1,1
"IM-23-122-WVFA","8039832252","Maziba","Pf3D7_14_v3-1038300-1038538-1A","ATTAATGATTTATACACTTCAACTACACTTTTTAATTTAGCCCATACAACTAATAAAGCTCTACGATAAATTTCTTTTTTATTTGATTTAGAAAAAGGAGAAAACCATTGAAACTTTTTGGCTAGATATTTATGGTCTTTATCAAAAATATATTCTGAAACTTCATCTTCTAGAAGT","Pf3D7_14_v3-1038300-1038538-1A.3","50C74+8N",1,0.000218292949137743,3
"IM-23-122-WVFA","8039832252","Maziba","Pf3D7_06_v3-532166-532407-1A","AGAACAATTGCTAAACACCAAATTGGGTGAAACAAAAAACCACCTGAACAGAACCCCATTTATACCTGAATCGGTCATACGAGAAAGGAAATTACGCCAAGAAAAAGCGCAATCCACAAACAACATGTTCGATTCAACAAACGCAGATAGTATTACTTCCCCATGTGATCCAACGAATGCCACG","Pf3D7_06_v3-532166-532407-1A.1","33+8N109G157T",8986,1,1
"IM-23-122-WVFA","8039832252","Maziba","Pf3D7_14_v3-2020604-2020849-1A","CAAGAACATGAATATTTCTGTAAATACATAGACAAGTCCTCATTATGTCTTATCACAGGGTGCTCTTCTTTAATATGACAATATAATTTTATATGTTTTATTATTTCTTGATGAATTTCACATAATAAAAATAATGTGTGATTCATATGTTGACTACTCAATATAGAAAAGCCACTAACTAATTG","Pf3D7_14_v3-2020604-2020849-1A.2","65+8N158T",4699,0.99851253718657,2
"IM-23-122-WVFA","8039832252","Maziba","Pf3D7_05_v3-213027-213251-1A","ATGTACTTATCCCCTGATATGATTTCTCCAATATCATCAAAATTAGTAATCTCTAAATCATTTATATGATTTATATGTATAAATTCTTTTATCTTGTTCAAATAATTTCTGTAATAAAATATATTCTCTTTATCATCATCAATTATTTTCATATAATC","Pf3D7_05_v3-213027-213251-1A.5","25T44T",16,0.00190885230255309,3
"IM-23-122-WVFA","8039832252","Maziba","Pf3D7_07_v3-404325-404590-1B","GAAACACAAGAAGAAAATTCTATCATATTTAATCTTGTCTTAATTAGTGCCTTAATTGTAAGAAAACAAAATATATAAATAAATAAATATATATATATATATATATATATATATTGTAATATTTAATATATATTAACACTTAAACTTTGTTTTTATTATATTAATTTATATTCTTTATCATTTTTTTTTTTTTTTTCCTTCTTTTTTT","Pf3D7_07_v3-404325-404590-1B.12","71+40N176+19N198+8N",110,0.909090909090909,4
"IM-23-122-WVFA","8039832252","Maziba","Pf3D7_07_v3-1043981-1044225-1A","ATAATGATATGTTATTTCATCATCAGCATCGACTTCTTTTTTATTATGTTCAAACAAATTCTTATATTTTATATTATTGCATTTTTGTCTTTCCATATTTATAAAAGATTCTATTTTCTTTTTATAATCATTCCTTTTTATATAATTACACATTCCTTCATTTTGGTTGTCATAACTCTTCT","Pf3D7_07_v3-1043981-1044225-1A.1","36+8N",4210,0.683441558441558,2
"IM-23-122-WVFA","8039832252","Maziba","Pf3D7_14_v3-106867-107115-1A","AATGACATGAACAAGTCAGGCGAAAAAGAGGAACATGTTATAAATAGTAAATGGAAAAATAAATTTTTCCATGAAGTTATACAAAATATGTTATATGATGATAATATAAATGATCATAAAGAAGAAATTAAGGAAGATAATTCTAATGAATATAATATCAATAATAAAAATGATAATTTATATGATATA","Pf3D7_14_v3-106867-107115-1A.2","120A",2631,1,1
"IM-23-122-WVFA","8039832252","Maziba","Pf3D7_14_v3-1166107-1166371-1A","TTTTTGAATTATTAAATATATCTTCTATAAAAAAAGAATATCAAGCTATACATAACAATAAGTATTTTTTATGGAATATGGATGCAGATTTTTTTACTATAAAAAATCATCATAAGGATAATAAGGATAACAATGATGAAAATGTGAATGTAATAATACAACAAAATAATTTAGTTCTAGAAAAATATGATCATTTAATAGA","Pf3D7_14_v3-1166107-1166371-1A.2","28+9N64+8N88+9N100+8N179A",2283,1,1
"IM-23-122-WVFA","8039832252","Maziba","Pf3D7_06_v3-145285-145531-1A","TCAACAAAAGCTGATGAATCATCATAATTTGAATAAAATTTATCATTCACAATATTATATTTTTGTTTCTTCTTTTTTCCCATAATATTATTATTTTGTTCACAATATATGTTCATGTGTCCCCTCTTTTTCTGTAAAATATTAAAATGTTTCTTAGTATGCTTCTCTTCATTTTTAATAACA","Pf3D7_06_v3-145285-145531-1A.2","72+8N157G",2508,0.335070140280561,3
"IM-23-122-WVFA","8039832252","Maziba","Pf3D7_14_v3-294506-294753-1B","AATTTAGATGTTATCAAAGTCCCATTCTTACCTTTCTATGTAACTCTTTGTAACAACAGCAAATTACCAACTTTTGAATTTACCTCAGAAAATGGTAAATACACATTAGAACCTGAATACTACCTTCAACACATAGAAGATGTTGGTCCAGGATTATGTATGCTTAATATCATAGGATTAGATTTTCCAGT","Pf3D7_14_v3-294506-294753-1B.1",".",6028,1,1
"IM-23-122-WVFA","8039832252","Maziba","Pf3D7_14_v3-297583-297856-1B","AGGAGGTTTTTCTTATTATATTTTTGAAAATTTCGTTTTTCAAAAGAACCGTAAAATTAATCACATAATTAAGACTTCAAAATATTCGACAGTAGGATTTAATATTGAAAATTCTTATGATAGACTTATGAAAACAATTAAAGAGCATAAATTAAAAAATTATATAAAAGAATCAGTAAAACTTTTTAATAAAGGTTTAACCAAAAA","Pf3D7_14_v3-297583-297856-1B.1","153+8N",1631,1,1
"IM-23-122-WVFA","8039832252","Maziba","Pf3D7_06_v3-176108-176338-1A","ATTATTATTATTATTATTATTATGATGATGATGATGATCTGTGTTAAGATCATCTTCTATACCATTAGTTAAACATTTTATATTTTTATTCATATAAACATTAATCTTCACAACAGATTTATCAGATCTAGAAAATCTTGTACCTGTTGCTTTATGTAACAATAT","Pf3D7_06_v3-176108-176338-1A.12","1+38N",41,0.00879639562325681,3
"IM-23-122-WVFA","8039832252","Maziba","Pf3D7_07_v3-1028330-1028603-1A","TAAAGAATATTTTTATTTCTAATATTATGGCTAAAAGGAAAATTATTTAATTTCATTTTTTGTGGGTTACTTGTATCATTACAACTCATCATCATGACCATATTATTATTATTATTATTGTTGTTGTTGTTGTGGTGGTGGTTCATTACCAATAAATTTGTGTTATTATGTTCATCCTTTTTTATATTAACAATTTCATTTCTATAA","Pf3D7_07_v3-1028330-1028603-1A.4","55+8N101+36N177+8N202C",5,0.0026638252530634,2
"IM-23-122-WVFA","8039832252","Maziba","Pf3D7_07_v3-1043981-1044225-1A","ATAATGATATGTTATTTCATCATCAGCATCGACTTCTTTCTTATTATGTTCAAACAAATTCTTATATTTTATATTATTGCATTTTTGTCTTTCCATATTTATAAAAGATTCTATTTTCTTTTTATAATCATTCCTTTTTATATAATTACACATTCCTTCATTTTGGTTGTCATAACTCTTCT","Pf3D7_07_v3-1043981-1044225-1A.2","36+8N",1950,0.316558441558442,2
"IM-23-122-WVFA","8039832252","Maziba","Pf3D7_14_v3-120101-120365-1A","TTTTACAACATTATTTTTTTCTTCCTCCTCAGATAAAATAGGTACACATATCGCGTCCTTATCACATCCTCCATTGTTTACCTTACAATGTTCTTCGCATTCGAAATTTTTTTCAGGATTACTTGAAAAGCCTTCTGGACAATTACAATATTCATATCCATGAGCATTCTTACAAACACCTTTTCCACAATTTAAAA","Pf3D7_14_v3-120101-120365-1A.1","13+9N106+9N165C",1086,1,1
"IM-23-122-WVFA","8039832252","Maziba","Pf3D7_06_v3-851492-851765-1A","ACAATAGTACATTCTGCATTTACATCACAACCTCCATTATTTTTTGAACAGTTCATATCTTTCATAGGTATACATTTAAAATAATTTACACTCATATCAACTATATAATTAGGTCGGCATCTACATTGTTCTTTATCTTTTTCGACAATATAACAACGTGAATTGGGTCCACATTTGGAATATTCACAAATATAATTTACTTTAAATATAACAAAATTTCTCA","Pf3D7_06_v3-851492-851765-1A.1","39+8N",3124,1,1
"IM-23-122-WVFA","8039832252","Maziba","Pf3D7_07_v3-404325-404590-1B","GAAACACAAGAAGAAAATTCTATCATATTTAATCTTGTCTTAATTAGTGCCTTAATTGTAAGAAAACAAAATATATAAATAAATAAATATATATATATATATATATATATATATATTGTAATATTTAATATATATTAACACTTAAACTTTGTTTTTATTATATTAATTTATATTCTTTATCATTTTTTTTTTTTTTTTCCTTCTTTTTTT","Pf3D7_07_v3-404325-404590-1B.5","71+40N176+19N198+8N",6,0.0495867768595041,4
"IM-23-122-WVFA","8039832252","Maziba","Pf3D7_06_v3-1282656-1282930-1A","AAAATATGGAAGAAATATGATAAAGAAAACAATAAATATATATTGTCTCATTTTATTCCTCAATTTATTGAAGACTTAAATTTGAAGGATGAATTCCGAAATTTATTTGATGGATTTGTAAATGATTTGGATATTCTATTATATTCAGAATTTAAAGCATTTTATTTACAAATGAAGCAAAAAGATATAAATGAACTGAAAAATTCTGA","Pf3D7_06_v3-1282656-1282930-1A.1","3A60T",802,0.387626872885452,2
"IM-23-122-WVFA","8039832252","Maziba","Pf3D7_07_v3-1028330-1028603-1A","TAAAGAATATTTTTATTTCTAATATTATGGCTAAAAGGAAAATTATTTAATTTCATTTTTTGTGGGTTACTTGTATCATTACAACTCATCATCATGACCATATTATTATTATTATTATTGTTGTTGTTGTTGTTGTGGTGGTTCATTACCAATAAATTTGTGTTATTATGTTCATCCTTTTTTATATTAACAATTTCATTTCTATAA","Pf3D7_07_v3-1028330-1028603-1A.2","55+8N101+36N177+8N202C",1872,0.997336174746937,2
"IM-23-122-WVFA","8039832252","Maziba","Pf3D7_05_v3-350808-351052-1A","TAATATAATTTGAGTTGATAATATTATAATTATTTTTTATATGTTGCTCATTTATATTATTATGATAAATATGAGTTGTATTTTTATTAGAGTTGTAGGACATTTTCCCATACATGAGTTGTTTTACATTTTTAACATTTTTATAATTATGTATTAAACATAAGATTATTAGATAAA","Pf3D7_05_v3-350808-351052-1A.2","32+8N",5474,1,1
"IM-23-122-WVFA","8039832252","Maziba","Pf3D7_14_v3-298368-298636-1B","ACGATTTAATGTGGCAAGTTGATTTAGATGTACATTTTGGTAATGTATCTTCCAAAAAAGCAAACGTTATTTTAGATAGTGCCACCAGTGTCATAACTGTACCAACAGAATTTTTTAATCAATTCGTAGAATCTGCAAGTGTTTTCAAAGTTCCATTCTTATCTTTGTATGTAACCACTTGTGGTAACACGAAATTACCAA","Pf3D7_14_v3-298368-298636-1B.1","53+8N110+8N",1906,1,1
"IM-23-122-WVFA","8039832252","Maziba","Pf3D7_06_v3-1235395-1235658-1A","GAATATGATAAAATATATATACCAAACAATAAAAATAAAATTAATAATATAAATAATTTTTTAATAAAAAACAATTTGTTGTTGAAATCCAAATTTATGAGAATAACTCCTAATACCTATTTATGTCGTAATTGTGTCCTGTTATATCAAAATGATTTTTCGTATAATACATATGAAGAAGAAATTAATAAAATGG","Pf3D7_06_v3-1235395-1235658-1A.2","56+8N65+8N79T",772,0.655904842820731,2
"IM-23-122-WVFA","8039832252","Maziba","Pf3D7_06_v3-145285-145531-1A","TCAACAAAAGCTGATGAATCATCATAATTTGAATAAAATTTATCATTCACAATATTATATTTTTGTTTCTTCTTTTTTCCCATAATATTATTATTTTGTTCACAATATATGTTCATGTGTCCCCTCTTTTTCTGTAAAATATTAAAATGTTTCTTACTATGCTTCTCTTCATTTTTAATAACA","Pf3D7_06_v3-145285-145531-1A.5","72+8N",10,0.00133600534402138,3
"IM-23-122-WVFA","8039832252","Maziba","Pf3D7_06_v3-1235395-1235658-1A","GAATATGATAAAATATATATACCAAACAATAAAAATAAAATTAATAATATAAATAATTTTTTAATAAAAAACAATTTGCTGTTGAAATCCAAATTTATGAGAATAACTCCTAATACCTATTTATGTCGTAATTGTGTCCTGTTATATCAAAATGATTTTTCGTATAATACATATGAAGAAGAAATTAATAAAATGG","Pf3D7_06_v3-1235395-1235658-1A.1","56+8N65+8N",405,0.344095157179269,2
"IM-23-122-WVFA","8039832252","Maziba","Pf3D7_06_v3-145285-145531-1A","TCAACAAAAGCTGATGAATCATCATAATTTGAATAAAATTTATCATTCACAATATTATATTTTTGTTTCTTCTTTTTTCCCATAATATTATTATTTTGTTCACAATATATGTTCATGTGTCCCCTCTTTTTCTGTAAAATATTAAAATGTTTCTTACTATGCTTTTCTTCATTTTTAATAACA","Pf3D7_06_v3-145285-145531-1A.1","72+8N165T",4967,0.663593854375418,3
"IM-23-122-WVFA","8039832252","Maziba","Pf3D7_14_v3-293575-293829-1B","TTTTGTAGTGTAATGTGTGGTTTATTTTATTATGTGTATGAAAATGTATGGCTTCAAAGAGATAATGAAATGAATGAAATTTTAAAAAATTCCGAACATTTAACTATTGGATTTAAAGTTGAAAATGCACATGATAGAATTTTGAAAACTATAAAAACACATAAATTAAAAAATTACATTAAAGAAT","Pf3D7_14_v3-293575-293829-1B.1","83+8N167+8N",1688,1,1
"IM-23-122-WVFA","8039832252","Maziba","Pf3D7_14_v3-294503-294768-2","CAGAATTTAGATGTTATCAAAGTCCCATTCTTACCTTTCTATGTAACTCTTTGTAACAACAGCAAATTACCAACTTTTGAATTTACCTCAGAAAATGGTAAATACACATTAGAACCTGAATACTACCTTCAACACATAGAAGATGTTGGTCCAGGATTATGTATGCTTAATATCATAGGATTAGATTTTCCAGTACCAACCTTTA","Pf3D7_14_v3-294503-294768-2.1",".",4412,1,1
"IM-23-122-WVFA","8039832252","Maziba","Pf3D7_05_v3-213027-213251-1A","ATGTACTTATCCCCTGATATGATTTTTCCAATATCATCAAAATTAGTAATCTCTAAATCATTTATATGATTTATATGTATAAATTCTTTTATCTTGTTCAAATAATTTCTGTAATAAAATATATTCTCTTTATCATCATCAATTATTTTCATATAATC","Pf3D7_05_v3-213027-213251-1A.3","25T26T44T",8338,0.994750656167979,3
"IM-23-122-WVFA","8039832252","Maziba","Pf3D7_06_v3-1282656-1282930-1A","AAGATATGGAAGAAATATGATAAAGAAAACAATAAATATATATTGTCTCATTTTATTCCCCAATTTATTGAAGACTTAAATTTGAAGGATGAATTCCGAAATTTATTTGATGGATTTGTAAATGATTTGGATATTCTATTATATTCAGAATTTAAAGCATTTTATTTACAAATGAAGCAAAAAGATATAAATGAACTGAAAAATTCTGA","Pf3D7_06_v3-1282656-1282930-1A.4",".",1267,0.612373127114548,2
"IM-23-122-XFGC","8039832512","Maziba","Pf3D7_08_v3-1375205-1375450-2","ACAAAAGTACGGAGGCAAAAACGGCAGCGGATAATACTTTATTTTTTGAGAAGGAAACCATTTTTATTAAATAACTATATAAATAGAAAAAGAAATAATAACAAAAATGTATAAATATAATTGTATAATATATGATATATATAAAATATAGAATACTAATTTTTTGCATATACAAAAAA","Pf3D7_08_v3-1375205-1375450-2.1","41+8N159+8N173+7N",171,1,1
"IM-23-122-XFGC","8039832512","Maziba","Pf3D7_13_v3-156456-156685-1A","ATTATATGATATTTATATAAAATTAGAAAATCTAATTTTAGAAAAAATAACTGAAAGTATATACAATAGTACACCTCCATATAGAGTTATTATGTTCGAATTAATGACCAGATTATTTCGATTTTATACAAAACCAATAGACCTTATTATTACTATGAATACAC","Pf3D7_13_v3-156456-156685-1A.1","41+8N",272,0.807121661721068,2
"IM-23-122-XFGC","8039832512","Maziba","Pf3D7_10_v3-1392371-1392620-1A","TGATGAAAATGATGATTCCCTTATTTCTAATTCTTTAGTACCCGAAACAAGTTACAATCAAGATTACTCTTTATACACTATTAATATTTTGAATGGACTTCCTGATAAAAAAAGTAATATGAAAAATATTGATTTAGAAAAATTTAAAGATACTTCAATACATACAAAGGAAGAGGGACCCATTGTA","Pf3D7_10_v3-1392371-1392620-1A.1","106+9N",584,0.876876876876877,2
"IM-23-122-XFGC","8039832512","Maziba","Pf3D7_10_v3-1386657-1386909-1A","CGATTTTGGTAGAGAACAGGTTAAATATATTGAAGACGTGGTTTGATAATCAGGTATTTCTTTAATTAAATATTCATGATATTGTTCGTTAGATACATAAATTAATTCGTCCTCCACATTTTGCTGTTCTGTTATAATTTGTGAAGAAGCTTGGTTTGTCTTATTTGGTAATTGCTCTTTTATGA","Pf3D7_10_v3-1386657-1386909-1A.3","13A",950,0.871559633027523,2
"IM-23-122-XFGC","8039832512","Maziba","Pf3D7_14_v3-1992121-1992370-1A","ATTAAAACATTCCAACAATTTTATTTCCTTCTTTATAAAATTATATAAATTAATTATTTTCTTTTTATCACATTCAAAGACGGCATAAGGTGCACCCCATGAACATTTTTTACTTTTGCTACCATCAGGCATAATATAAACACCAGTACCATTTTTTTCTGATAAATTAATATTTTTTTGTATAACATCATA","Pf3D7_14_v3-1992121-1992370-1A.1","105+8N151+9N172+9N",263,1,1
"IM-23-122-XFGC","8039832512","Maziba","Pf3D7_06_v3-1128558-1128797-1A","ATTGAATCGTTGGTGTTTATTTTATTATTCCTCTTTTGTTTTTCAATGAATACAAATGTTTCATCGACACTATCTTTATGATCTATTGGTATGGCATGATTTTCTAAATTGCTATTTCTTTCATTAGAATTGTATTTTTCACTATTATAGGTTGAGGTTTTACTACATTTTATATTTTT","Pf3D7_06_v3-1128558-1128797-1A.1",".",241,0.263676148796499,2
"IM-23-122-XFGC","8039832512","Maziba","Pf3D7_04_v3-141741-141990-1A","TGAATACCATATAGCCCTTTCAAATTATATAAAGACAGAACTAAGAAATATAAACCTGCAAGAAATAAAAAACAATATAATAAAAATATTTAAAGAATTCAAATCTGCACACAAAGAAATTAAAAAAGAATCAGAACAAATTAATAAAGAATTTACCAAAATGGATGTCGTCATAAATCAATTAAGAGATATAG","Pf3D7_04_v3-141741-141990-1A.1","66+8N121+8N",1781,0.813613522156236,2
"IM-23-122-XFGC","8039832512","Maziba","Pf3D7_04_v3-140317-140548-1A","TCGGGACAATATTATAAGGATTTTATCACATCAAGGAAAAATATTTATAATATAAGGGAAAATATATCCAAAAATGTAGATATGATAAAAAATGAAGAAAAGAAGAAAATACAGAATTGTGTAGATAAATATAATTCTATAAAACAATATGTAAAAATGCTTAAA","Pf3D7_04_v3-140317-140548-1A.1","86+8N",1853,1,1
"IM-23-122-XFGC","8039832512","Maziba","Pf3D7_13_v3-146695-146934-1A","AAAGTATTTGTAATAGATTGAACGATGAACTAAATGAAGAAATATGTGGTTATCAAATTAGGTTTGAAAAATCGTATTTTTTAAAACATAGTAAAATTAAAGTTATGACAGAAGGAATTTTATTGAAAGAAATTATGAGTGATTTTATTTTATCAAAATATAGTGTTATCATTCTTGA","Pf3D7_13_v3-146695-146934-1A.1","20G76+8N170C",1759,0.797009515178976,2
"IM-23-122-XFGC","8039832512","Maziba","Pf3D7_13_v3-2780346-2780575-1B","GTTGGATAGAATGCCCGACTACGGATCGGGAGGTCGTGGGTTCGACTCCTGCCCGGCCTAATTTTTTTCGTTTTCGTTTTTAAAGTAAAAAAGGATAATATTTTTAAAAAACATTTAGTATATATATTTTTTTTAAATAATAAATCTATTATATTATTAAATATTATGAGAAGA","Pf3D7_13_v3-2780346-2780575-1B.1","61+9N86+8N105+8N126+10N",349,0.855392156862745,2
"IM-23-122-XFGC","8039832512","Maziba","Pf3D7_13_v3-1465616-1465890-1A","TCTTGTGGATTATTATCTATTATATTTTCTTTTGGTTTTTCGACAGCAAAATTATCTCCTCTTGGTCTAGGTTGATCATCTTCGGGTTCATCTGGAACATCTAATGGTTCCCGTTTTGGAGGACATCTTTCTTCTTCACATTGTTCTTGTAATTCACTTGTACATCCTTCGTGTAAGATTTCTCTTTTTCTTGACCTGGTACCTTTACCACAAGTTACACTACATGGAGA","Pf3D7_13_v3-1465616-1465890-1A.51","30T121G",220,0.167173252279635,2
"IM-23-122-XFGC","8039832512","Maziba","Pf3D7_13_v3-2780346-2780575-1B","GTTGGATAGAATGCCCGACTACGGATCGGGAGGTCGTGGGTTCGACTCCTGCCCGGCCTAATTTTTTTCGTTTTCCTTTTTAAAGTAAAAAAGGATAATATTTTTAAAAAACATTTAGTATATATATTTTTTTTAAATAATAAATCTATTATATTATTAAATATTATGAGAAGA","Pf3D7_13_v3-2780346-2780575-1B.2","61+9N76C86+8N105+8N126+10N",59,0.144607843137255,2
"IM-23-122-XFGC","8039832512","Maziba","Pf3D7_08_v3-1366626-1366856-1B","CTTTACCTCCATTTTTTTTTTTAAAATCTTGTACACAGAAGTTTACTAATTTATTATCAAAATCTTCTCCTCCTAAATGTGTATCTCCTGAGGTAGCTTTAACTTCAAAAATTCCATCTTCAAGTGTTAATAAGGAAACATCAAATGTTCCTCCTCCTAAATC","Pf3D7_08_v3-1366626-1366856-1B.1","11+13N",142,0.751322751322751,2
"IM-23-122-XFGC","8039832512","Maziba","Pf3D7_10_v3-1392371-1392620-1A","TGATGAAAATGATGATTCCCTTATTTCTAATTCTTTAGTACCCGAAACAAGTTACAATCAAGATTACTCTTTATACACTATTAATATTTTGAATGGACTTCCTGATAAAGAAAGTAATATGAAAAATATTGATTTAGAAAAATTTAAAGATACTTCAATACATACAAAGGAAGAGGGACCCATTGTA","Pf3D7_10_v3-1392371-1392620-1A.2","106+9N",82,0.123123123123123,2
"IM-23-122-XFGC","8039832512","Maziba","Pf3D7_06_v3-1128558-1128797-1A","ATTGAATCGTTGGTGTTTATTTTATTATTCCTCTTTTGTTTTTCAATGAATACAAATGTTTCATCGACACTATCTTTATGATCTATTGGTATGGCATGATTTTCTAAATTGCTATTTCTTTCATTAGAATTGTATTTTTCACTATTATAGGTTGAGATTTTACTACATTTTATATTTTT","Pf3D7_06_v3-1128558-1128797-1A.2","157A",673,0.736323851203501,2
"IM-23-122-XFGC","8039832512","Maziba","Pf3D7_10_v3-1386657-1386909-1A","CGATTTTGGTAGAGAACAGGTTAAATATATTGAAGACGTGGTTTGATAATCAGGTATTTCTTTAATTAAATATTCATGATATTGTTCGTTAGATACATAAATTAATTCATCCTCCACATTTTGCTGTTCTGTTATAATTTGTGAAGAAGCTTGGTTTGTTTTATTTGGTAATTGCTCTTTTATGA","Pf3D7_10_v3-1386657-1386909-1A.2","13A109A160T",140,0.128440366972477,2
"IM-23-122-XFGC","8039832512","Maziba","Pf3D7_11_v3-1374917-1375148-1A","TTTTTAAATGAAAATCTCCAAAGCTTCTGGTTGGTTGTAATCTACCTTTAACATAACAATTATCATAATGATGTGATAAGAGATGAAAAGGTGTTTTACATAATTCATATGTATTATTATTATTAACAGTTTTATAATCTCGAGTACATATTTTACATACTAATATA","Pf3D7_11_v3-1374917-1375148-1A.1","112+14N",865,0.8455522971652,2
"IM-23-122-XFGC","8039832512","Maziba","Pf3D7_03_v3-221463-221712-1B","ACTTGAATACCATTTCCACAAGTTACACTACATGGGGACCATTCAGTTGAAAGAGAATTTTTTATTGTCTTTAAATATTGTTCTATGTGCTTATCACTTGGTTCTTCGTTATTATTATTTTTTACAGCATTGTTGGCATTAGCATTTTCATCTACATTTCGGTTTGGGTCATTTGGCATATTGTGACCTTGTC","Pf3D7_03_v3-221463-221712-1B.1","62T67G69C80G83C117+8N130T",547,0.757617728531856,2
"IM-23-122-XFGC","8039832512","Maziba","Pf3D7_08_v3-1365709-1365954-1B","ATTTTCATCTTGTAATGTGTTTTTAACATTATAGCAGTAATTTTCTAGGTTGTTTCTTGCTTCAATTCTATTTTTATTTTGTTCATCCTCTTCTTTATATTTTTCTGCATCATTTACCATACGATCGATATCATCTTTTGATAATCTTCCTTTATCATTTGTAATAGTAATTTGGTTTTGT","Pf3D7_08_v3-1365709-1365954-1B.1",".",512,1,1
"IM-23-122-XFGC","8039832512","Maziba","Pf3D7_08_v3-1386786-1387035-2","TTGTCTCCTTTGTCGCAGCATGCCTTTCATTAGCTGCTATAGCTTGTGTTATCTTAACTTCATTATAAAAAAAATATACTTCGATAAAAGGTACATATACCATGCTGGTCAATGATATTAGCATGCGACATTCTAATATATCCATTATGAACAAGGTGAACAAGAATATTGGGATTATTGAAATTGT","Pf3D7_08_v3-1386786-1387035-2.1","66+10N",169,0.18530701754386,2
"IM-23-122-XFGC","8039832512","Maziba","Pf3D7_04_v3-141741-141990-1A","TGAATACCATATAGCCCTTTCAAATTATATAAAGACAGAACTAAGAAATATAAACCTGCAAGAAATAAAAAACAATATAATAAAAATATTTAAAGAATTCGAATCTGCACACAAAGAAATTAAAAAAGAATCAAAACAAATTAATAAAGAATTTACCAAAATGGATGTCGTCATAAATCAATTAAGAGATATAG","Pf3D7_04_v3-141741-141990-1A.2","66+8N101G121+8N134A",408,0.186386477843764,2
"IM-23-122-XFGC","8039832512","Maziba","Pf3D7_13_v3-1146764-1147010-1A","AAATTTTCTCCTAAAGTTATGCCTTTGTTAATGAAGGAGAAGAACGTGAAACATAAAGCACCTCCTAAAGGTACTATAAAGCATACGCTAGAATATTTAAAAAGAGCAGCAGAATCAAGAATGAAAGAAAATGAATTATACAAATCAAAAAAAGATAGCACACTTAGTTCAATTGCAATTAGAAAAAATTCC","Pf3D7_13_v3-1146764-1147010-1A.2","64C146+9N182+8N",352,0.212688821752266,2
"IM-23-122-XFGC","8039832512","Maziba","Pf3D7_09_v3-82006-82236-1A","TTTATCATCTTTAGGCCATAACCAGAGTACAAGCAATCCAACTATAACAATTGTAATTAACATTATAAATACTGTAATACCATAAACACTACCATAAGCGATCAGAAATGCACTAAAAGTATAACAATATTCACATGGAATAAGAGTAGCGATAAAACTAAAAATAGC","Pf3D7_09_v3-82006-82236-1A.8","95T128T135A137G",1978,0.818031430934657,2
"IM-23-122-XFGC","8039832512","Maziba","Pf3D7_13_v3-1419363-1419626-1A","TTTTGAAATCTGTATATTCTTTACCATATTTATCGATATTTATTTTGTTCTTTTTGTTTGAAATATCAACTACATGATTAAAAACATCTCCTAAATTATATAATTTCTTATCTAGGTCTTTTTGAAATGTCGATTCTCCTCCTTGTGCTGGTTTTTGTACTTCTTGTCCTTGTGTTGATATCTCTTGTTCATTTTTAGATTGAG","Pf3D7_13_v3-1419363-1419626-1A.15","16+8N31T37T",47,0.163194444444444,2
"IM-23-122-XFGC","8039832512","Maziba","Pf3D7_08_v3-1365750-1365999-2","TTTCTAGGTTGTTTCTTGCTTCAATTCTATTTTTATTTTGTTCATCCTCTTCTTTATATTTTTCTGCATCATTTACCATACGATCGATATCATCTTTTGATAATCTTCCTTTATCATTTGTAATAGTAATTTGGTTTTGTTTACCAGTACCTTTATCTAATGCTGTTACATTTAGGATACCATT","Pf3D7_08_v3-1365750-1365999-2.1",".",1288,1,1
"IM-23-122-XFGC","8039832512","Maziba","Pf3D7_13_v3-1419363-1419626-1A","TTTTGAAATCTGTATATTTTTTATCATGTTCATCGAGATTTATTTTGTTCTCTTTGTTTGAAATATCAACTACATGATTAAAAACATCTCCTAAATTATATAATTTCTTATCTAGGTCTTTTCGAAATGTCGATTCTCCTCCTTGTGCTGGTTTTTGTACTTCTTTTCCTTGTGTTGATATCTCTTGTTCATTTTTAGATTGAG","Pf3D7_13_v3-1419363-1419626-1A.5","16+8N24T28G52C123C166T",241,0.836805555555556,2
"IM-23-122-XFGC","8039832512","Maziba","Pf3D7_08_v3-1370814-1371045-2","TGTTGCAATATATTACTAAAAAATAGAATTATTATGTTATTTTGATCATATGGGAATACATTTAAATATTTATATTCTGATGAATATTCTTATAAAAAAAAAAGGGGGGGGGAAATAATACGTTCATGATTTATTTATATTTCAATATATTTTCTATTTTGCGA","Pf3D7_08_v3-1370814-1371045-2.3","17+8N93+21N",445,1,1
"IM-23-122-XFGC","8039832512","Maziba","Pf3D7_08_v3-1375025-1375284-1B","CAAGTTATTATTAAATGCGGAATTATTCTATATAAAAATAAAAAAGCATTTAAAAATGAAAAAATTTATATATATACAATATATAAATATATATATATATATATATATATATATATTATTATTATATGTATTTTTATAATTGAATGATATATTTATTTCTATTTGCAATTAAAATGCTTACGTTATCTAACAAAAGTACGGAGGCAAAA","Pf3D7_08_v3-1375025-1375284-1B.1","39+8N58+8N67+53N",2,1,1
"IM-23-122-XFGC","8039832512","Maziba","Pf3D7_13_v3-2770591-2770863-2","ACACATCGATTTTATCAAAAGGAAATATTCCAAGAAATATTTTTAAAAAAAAATAGTGAGTTAGATGATCACGTATGGAATATAGAAAGTATTACTACGAATATATTAGAGAGGAATAAATTAAGTGATCAAAATAATGAAGATAACCATGATGTTAATAATAATAATGAAGACCCATCTGGGGGTAATTTAAAAACCAATCTAAT","Pf3D7_13_v3-2770591-2770863-2.1","44+11N156+13N",1001,1,1
"IM-23-122-XFGC","8039832512","Maziba","Pf3D7_13_v3-146695-146934-1A","AAAGTATTTGTAATAGATTAAACGATGAACTAAATGAAGAAATATGTGGTTATCAAATTAGGTTTGAAAAATCGTATTTTTTAAAACATAGTAAAATTAAAGTTATGACAGAAGGAATTTTATTGAAAGAAATTATGAGTGATTTTATTTTATCAAAATATAGTGTTATCATTCTTGA","Pf3D7_13_v3-146695-146934-1A.2","76+8N170C",448,0.202990484821024,2
"IM-23-122-XFGC","8039832512","Maziba","Pf3D7_10_v3-1414337-1414596-1A","GACCTGAATGGAAAGGTCAATGTGATAAATTTGAAAAAGAAAAAAGTAAATATGAAGATACTAAAAGTAGAACTGCTGAAATATATTTAAAAGAAATATGTTCTGAATGTGATTGTAAATATAAAGATTTGGATAATACATTTAAAGAATTTAATGATAACGTTACGCTTCTTAAAGCAGTAATTGATAACAAA","Pf3D7_10_v3-1414337-1414596-1A.5","17T39+8N70G82T155T167G",106,0.123112659698026,2
"IM-23-122-XFGC","8039832512","Maziba","Pf3D7_13_v3-1406713-1406975-1A","TTTCATGTCTTCTTAAATATGTTTTAAATTCATTATTTAATTTTTCATCATATTTAGGTACATTTTTTTTTGGAAATCTAGATGTTTCATTATTATCGTGATTTGATGAATATATATAATGAGTTTGTTTAAAATGTGGTTCATTCAAATTATCTTTTTTCTTATCTTCGTGTATATTTTTATTATAATTTGAATACTTC","Pf3D7_13_v3-1406713-1406975-1A.1","6T62+11N154+8N",70,0.143737166324435,2
"IM-23-122-XFGC","8039832512","Maziba","Pf3D7_13_v3-1146764-1147010-1A","AAATTTTCTCCTAAAGTTATGCCTTTGTTAATGAAGGAGAAGAACGTGAAACATAAAGCACCTCCTAAAGGTACTATAAAGCATACGCTAGAATATTTAAAAAGAGCAGGAGAATCAAGAATGAAAGAAAATGAATTATACAAATCAAAAAAAGATAGCACACTTAGTTCAATTGCAATTAGAAAAAATTCC","Pf3D7_13_v3-1146764-1147010-1A.1","64C110G146+9N182+8N",1303,0.787311178247734,2
"IM-23-122-XFGC","8039832512","Maziba","Pf3D7_14_v3-2004362-2004606-1A","TATTTCCATATTATTGTAATAGGGCTTTTTCTTGCTCTTCTAATTTTTGTATATCTTGCTTATCCTTATCTAATTGTCCAAGAGCATTTAATTCATCTTCTACATTTATTTTATTTTCTTGAGAATATTCTTCAATTTTGTCTTCGAAACTGTTATATAATCTATTTATAATTGGTTG","Pf3D7_14_v3-2004362-2004606-1A.1",".",413,1,1
"IM-23-122-XFGC","8039832512","Maziba","Pf3D7_13_v3-1465616-1465890-1A","TCTTGTGGATTATTATCTATTATATTTTCTTTTGGTTTTTCGACAGCAAAATTATCTCCTCTTGGTCTAGGTTGATCATCTTCGGGTTCTTGTGGAACATCTAATGGTTCCCATTTTGGAGGACATCTTTCTTCTTCACATTGTTCTTGTAATTCACTTGTACATCCTTCGTGTAAGATTTCTCTTTTTCTTGACCTGGTACCTTTACCACAAGTTACACTACATGGAGA","Pf3D7_13_v3-1465616-1465890-1A.195","30T90T92G113A121G",1096,0.832826747720365,2
"IM-23-122-XFGC","8039832512","Maziba","Pf3D7_08_v3-1366626-1366856-1B","CTTTACCTCCATTTTTTTTTTTAAAATCTTGTACACAGAAGTTTACTAATTTATTATCAAAATCTTCTCCTCCTAAATGTGTATCTCCTGAGGTAGCTTTAACTTCAAAAATTCCATCTTCAATTGTTAATAAGGAAACATCAAATGTTCCTCCTCCTAAATC","Pf3D7_08_v3-1366626-1366856-1B.2","11+13N124T",47,0.248677248677249,2
"IM-23-122-XFGC","8039832512","Maziba","Pf3D7_04_v3-316593-316858-1A","TTATTCATTTTTTCTATATTATCCTTTTCTACATCATCAAAATTTGTTAATGATTCACACGTTATATTTGGTGATATTATATTTCTACCTGTACATACACCAATATTTGTTGTACCTATTATTTTATACCCTTCTTGACATTTAAATTCTATTTTTTCACCAAGTAAATAATATTTTTTATCAGGGATAAGGGAAACATA","Pf3D7_04_v3-316593-316858-1A.2","7+8N151+8N173+8N",86,0.10831234256927,2
"IM-23-122-XFGC","8039832512","Maziba","Pf3D7_10_v3-1414599-1414832-1A","ATCTAGATCAACGAGGGAATATAACAACATCTCAAGGAAATTCACACCGTGCAACTGTTGTGCAACAAGCTGATCAAACCAACAGATTAGATAATGTAAACTCTGTAACGCAAAGAGGAAATAATAACTACAACAATAATTTAGAGCGTGGATTGGGTTCTGGTGCT","Pf3D7_10_v3-1414599-1414832-1A.1","70C",2014,1,1
"IM-23-122-XFGC","8039832512","Maziba","Pf3D7_13_v3-1465901-1466157-1A","CATAAAGGGTCCGATAACATTTTTTACATTTTCCCATGCAGAATCAGCATACAAGTTACATTTACCATCTGATGGATGACAACCTACAAGAAATCTGTTGAAAGCTACATTAATACCTTGTCCAATACCAAAAACAGCTATTTTAACACCACGATCATTTAATTTTCTTGATTCTTTTAATGAATCTTGAATACTAT","Pf3D7_13_v3-1465901-1466157-1A.1","19+8N158T",1030,1,1
"IM-23-122-XFGC","8039832512","Maziba","Pf3D7_09_v3-516735-517007-1A","ATAGAAGGATATATAAAAAATTATCAAGAATCATATAATATAAATGACCATTGTAAATTAGTTCCATTAAATTTTTATAAAGATTCTATTTCTAATGATTTAGGTACTCCATGCCCTGTGAATAGTATTACCTTAAATGTGGGCGCAAAAACTATAAATGAATGTTTGTGTAATAAAGGATATTTCTATAATGTCAAGAAACAACAATGTAA","Pf3D7_09_v3-516735-517007-1A.2","14+8N211A",95,0.207423580786026,2
"IM-23-122-XFGC","8039832512","Maziba","Pf3D7_13_v3-1004740-1005002-1A","TTACATCGTAAAAATAATTTAAAATATTATATATATTATCTTTTCCTTTTCGGGGGTCTCTTTTCTTTATATATATATTTACATTTCTCTTCATTTTATTACATGATAAATTAATATTTAATGTACTAATATATATATTATTAATTTTTATTTTCTTCTTCTTTTTTATATTAAAACAAAATGAAGATTCCTTAA","Pf3D7_13_v3-1004740-1005002-1A.11","50+8N161+8N191C",32,0.761904761904762,2
"IM-23-122-XFGC","8039832512","Maziba","Pf3D7_08_v3-1370603-1370853-1B","AAAAGTAATTAAAAAAAAAAAAAATGAAAATAAAAAAAAACATTACATATTTTTTTATGTATAAAATATTTTAAAGCACTGAGATTATTTATGTTATAAATTAATTGAATGTTTAAAAGATTATAAAATTTTATTTATGAAAATATATGAATATATATAATATAAGCAGGTATTAAATAACCAAATAATAT","Pf3D7_08_v3-1370603-1370853-1B.2","10+32N49+9N",158,1,1
"IM-23-122-XFGC","8039832512","Maziba","Pf3D7_03_v3-221463-221712-1B","ACTTGAATACCATTTCCACAAGTTACACTACATGGGGACCATTCAGTTGAAATAGAATTTTGTATTTTGTTTAAATATTCTTTTATGTGCTTATCACTTGGTTCTTCGTTATTATTATTTTTTACAGCATTGTTGGCATTAGCATTTTCATCTACATTTCGGTTTGGGTCATTTGGCATATTGTGACCTTGTC","Pf3D7_03_v3-221463-221712-1B.7","53T117+8N130T",175,0.242382271468144,2
"IM-23-122-XFGC","8039832512","Maziba","Pf3D7_10_v3-1414337-1414596-1A","GACCTGAATGGAAAGGCCAATGTGATAAATTTGAAAAAGAAAAAAGTAAATATGAAGATACTAAAAGTATAACTGCTGAAAAATATTTAAAAGAAATATGTTCTGAATGTGATTGTAAATATAAAGATTTGGATAATACATTTAAAGAATTTAAAGATAACGTTACACTTCTTAAAGCAGTAATTGATAACAAA","Pf3D7_10_v3-1414337-1414596-1A.2","39+8N",755,0.876887340301974,2
"IM-23-122-XFGC","8039832512","Maziba","Pf3D7_04_v3-284121-284364-1A","ATATTGTATATTATCATAAGATTTATATGGAGGACCACATTGAAATCCGACAATTTCATTTGATGCATGTAGTACACATTCCGTATTTCTGTTTGAATTATTTAAAATAATTTTATTACTTAGAAATGATTCTTTTTCACTATAATCTTTATATAAGAAAGGGTCTTCATCAATTTGA","Pf3D7_04_v3-284121-284364-1A.1","157G",48,0.0752351097178683,2
"IM-23-122-XFGC","8039832512","Maziba","Pf3D7_11_v3-1018781-1019053-1A","TTTTTGATTCATATCATTATCATAATTATATATATATTGATCTCTGTCTATATGGGGAGCAAAAAAATATAAAGGATGTTGTGTTAAGGCTAATAATAATTCTGTAGCTATACTACTACTTATGTTACTTATACCACATCTAGTGACTGTACATTTTTCATCTAATGTTCTATAGGATAAAGAATCTGAAGGACAATGCATATCAT","Pf3D7_11_v3-1018781-1019053-1A.2","60+9N",79,1,1
"IM-23-122-XFGC","8039832512","Maziba","Pf3D7_13_v3-1406713-1406975-1A","TTTCAGGTCTTCTTAAATATGTTTTAAATTCATTATTTAATTTTTCATCATATTTAGGTACATTTTTTTTTGGAAATCTAGATGTTTCATTATTATCGTGATTTGATGAATATATATAATGAGTTTGTTTAAAATGTGGTTCATTCAAATTATCTTTTTTCTTATCTTCGTGTATATTTTTATTATAATTTGAATACTTC","Pf3D7_13_v3-1406713-1406975-1A.2","62+11N154+8N",417,0.856262833675565,2
"IM-23-122-XFGC","8039832512","Maziba","Pf3D7_08_v3-1344618-1344845-1A","TATCTTTTCCATATATAATAACGCATGAATTCTTTAAATATATCTTTTACTTTATCTGTAAGTTTCATGGAATCTATTATTTCATCTGCATATTTTATTTTTGCCTCGTTTATATATTTACCTGCTTCTAATTTACATAAACATTTTTCTATTAAGTTTTG","Pf3D7_08_v3-1344618-1344845-1A.4","86C128C",1080,1,1
"IM-23-122-XFGC","8039832512","Maziba","Pf3D7_10_v3-992331-992603-1A","TCATTATATTTTTAAAAAAAAAAATTATGATATAAAATCTTCAATTAATAAAAGATCTATCCAGTTCTTTAAAGACACTAATATAGATCATTATATAGCATATGAATATTATAAGGAGGACCGTACGGAATTTATATTAACTATTATGAATGAAAAAAATATTACTCATCAAGAAACTCAAAGTCTTGAAATGAAAAAGTTGAAAG","Pf3D7_10_v3-992331-992603-1A.2","13+13N152+9N",506,1,1
"IM-23-122-XFGC","8039832512","Maziba","Pf3D7_02_v3-503040-503288-1A","ATTATGATTAATAATAATATTTCTCATAATTTCGTTAAATACATCTAAACTATTTATAGAACCATCTATATCATCTTCATTCCTATTTTGGTGAACCGATTCGGTGTTTATAACATCTAAGGTGTCTTTTTCTTCTCCTCTGTAACTTTTTATAATTTTTTGATAAATGTTGTTATAAGAATTATCA","Pf3D7_02_v3-503040-503288-1A.2","97C155+8N",251,0.161622665808113,2
"IM-23-122-XFGC","8039832512","Maziba","Pf3D7_09_v3-685560-685825-1A","GAACCAAACAACGACAAAGGAACAAGATAATTTTTTCCATTTTTATAAAAGTAATATATATGATATGGAAAATAGAACATGTAATAATAATATATTACAATATTGTGTTATGAATAATAAATCATATTTATTTCATAATATATCATCCAAAAAAAATATATATATAAAAAAAAAGAATCATCAGTTTTCTTTATTCATATATT","Pf3D7_09_v3-685560-685825-1A.1","30+8N79A148+10N165+11N",16,1,1
"IM-23-122-XFGC","8039832512","Maziba","Pf3D7_08_v3-1366575-1366822-2","TTTAGCTTTTTCACATTGTGTTCTTAATCTTCTTAATGATTTTGAATTTTTGGAAACATCTTTACCTCCATTTTTTTTTTTAAAATCTTGTACACAGAAGTTTACTAATTTATTATCAAAATCTTCTCCTCCTAAATGTGTATCTCCTGAGGTAGCTTTAACTTCAAAAATTCCATCTTCAAGTGTTAATAAGG","Pf3D7_08_v3-1366575-1366822-2.1","70+13N",1072,0.78134110787172,2
"IM-23-122-XFGC","8039832512","Maziba","Pf3D7_08_v3-1366575-1366822-2","TTTAGCTTTTTCACATTGTGTTCTTAATCTTCTTAATGATTTTGAATTTTTGGAAACATCTTTACCTCCATTTTTTTTTTTAAAATCTTGTACACAGAAGTTTACTAATTTATTATCAAAATCTTCTCCTCCTAAATGTGTATCTCCTGAGGTAGCTTTAACTTCAAAAATTCCATCTTCAATTGTTAATAAGG","Pf3D7_08_v3-1366575-1366822-2.2","70+13N183T",300,0.21865889212828,2
"IM-23-122-XFGC","8039832512","Maziba","Pf3D7_03_v3-221295-221532-2","AAGGAACAAGAAGGATAATACCATTATTAATCCTATTGAACTATTTACGACATTAAACACACTGGAACATTTTTCCATTTTACAAATTTTTTTTTCAATATCATTTTCATAATCTAATTGGTCTTTAGGTTTATTAGCAGAGCCAGGCTTTATTCTAACTTGAATACCATTTCCACAAGTTA","Pf3D7_03_v3-221295-221532-2.2","86+11N107T120G",1578,0.742238946378175,2
"IM-23-122-XFGC","8039832512","Maziba","Pf3D7_13_v3-1004740-1005002-1A","TTACATCGTAAAAATAATTTAAAATATTATATATATTATCTTTTCCTTTTCGGGGGTCTCTTTTCTTTATATATATATTTACATTTCTCTTCATTTTATTACATGATAAATTAATATTTAATGTACTAATATATATATTATTAATTTTTATTTTCTTCTTCTTTTTTATATTAAAACAAAATGAAGATTCTTTAA","Pf3D7_13_v3-1004740-1005002-1A.2","50+8N161+8N",10,0.238095238095238,2
"IM-23-122-XFGC","8039832512","Maziba","Pf3D7_11_v3-1295371-1295597-1A","AAGTAACATCAAATAATGAAGTTGTAGTTAAAGAAGAATATAAAGATGAATATGCAGATATTCCTGAACATAAACCAACTTATGATAAAATGAAAATTATAATTGCATCATCAGCTGCTGTCGCTGTATTAGCAACTATTTTAATGGTTTATCTTTATAAAAGAA","Pf3D7_11_v3-1295371-1295597-1A.1",".",1394,1,1
"IM-23-122-XFGC","8039832512","Maziba","Pf3D7_13_v3-1265494-1265726-1A","TGTCATATACAGATTATAAAAATGATCATAGAATAAGCGAAATTTTAAATCGTTGTATTTTACGATTAAACGAGTTTGATCTAATTCATTTATCTTCTTTGGTCATATCTTTAAGTAAAATGAATTTTAGGAGTGTGTATTTTTTGGAACAAGTACAAAAGAAATT","Pf3D7_13_v3-1265494-1265726-1A.9","44T144T",1247,0.790741915028535,2
"IM-23-122-XFGC","8039832512","Maziba","Pf3D7_13_v3-1350855-1351093-1A","TCTTTTATATTAGTTGTTTCGTTATTTTCATTATGTTCCATATTTTGGTTATTTGTATATTTTATATTTTTTAAAAATTGGTAAATATATTCCGAGATGAAAGGTGTAAAAGGGGCCATAATTATTGTAAACAAATATAATGTTCTACATAAAACATTTAATGATTGGTGAGT","Pf3D7_13_v3-1350855-1351093-1A.1","66+8N",1213,1,1
"IM-23-122-XFGC","8039832512","Maziba","Pf3D7_04_v3-284121-284364-1A","ATATTGTATATTATCATAAGATTTATATGGAGGACCACATTGAAATCCGACAATTTCATTTGATGCATGTAGTACACATTCCGTATTTCTGTTTGAATTATTTAAAATAATTTTATTACTTAGAAATGATTCTTTTTCACTATAATCTTTATATAACAAAGGTTCTTCATCAATTTGA","Pf3D7_04_v3-284121-284364-1A.4","163T",590,0.924764890282132,2
"IM-23-122-XFGC","8039832512","Maziba","Pf3D7_02_v3-470437-470709-1A","AATATTGACATGAAACATTATAATACACATAAGAAAAAAAAAATTTATTTATTCTTACAAAAAGAATATAAAAACAAAATTTTGGGATTTATAAATTTTTATAAACATATAACACACAAAATAAAAAAGAAACAAGAAAATGTTCATGATAAAATCACTTTTTTAAAATGTCTAAAGGAACTCTTTTTTGTCACACATACAAATA","Pf3D7_02_v3-470437-470709-1A.2","33+12N122+8N158+8N183+8N",437,1,1
"IM-23-122-XFGC","8039832512","Maziba","Pf3D7_02_v3-628941-629172-1A","ACTTTTTTTAGATTTTTCTTGATCGTTTTCATCATTTTTTATTTCCTGTTCATCTGAGGTTTTCTTTTGTAAACGCTTAGTGCGTTGCTTTTGACCTTTTAATTTTTTTTTAAATATATTTTTAACTTGATCAATGAAGAAAGCATAATCTTGTATGACAGAAAATCT","Pf3D7_02_v3-628941-629172-1A.2","2+9N34+8N87G102+11N",708,0.821345707656613,2
"IM-23-122-XFGC","8039832512","Maziba","Pf3D7_08_v3-585703-585949-1A","AAACACATCATCAAAAGTTTCTGATATTGGCTTGTTTGATTCTTTATATTTAAAATCTTTATATAAATAAAATCTATCTTTCTTAAAATATGGATCTTTACGTACTTCAATCGAATCCCTATCAGTTACAATATTTATATCTTTTAATGTTAAGTGGAAATTAGAATCAATAATAGCTA","Pf3D7_08_v3-585703-585949-1A.2","118C",107,0.12969696969697,2
"IM-23-122-XFGC","8039832512","Maziba","Pf3D7_13_v3-2770621-2770854-1B","ATTCCAAGAAATATTTTTAAAAAAAAATAGTGAGTTAGATGATCACGTATGGAATATAGAAAGTATTACTACGAATATATTAGAGAGGAATAAATTAAGTGATCAAAATAATGAAGATAACCATGATGTTAATAATAATAATGAAGACCCATCTGGGGGTAATTTAAAAAC","Pf3D7_13_v3-2770621-2770854-1B.1","18+11N130+13N",617,1,1
"IM-23-122-XFGC","8039832512","Maziba","Pf3D7_02_v3-630641-630907-1A","CTAAGTTATCTAAAATTATTAATTTTTTCAAATATGGTAATTTATGTCTATGAAGTAATAAGCCATCAACTAAATCTAAATCTAAACATAACCATTCTAATTTCGTTTCATTTAATATGTTTACAATTACATCTATACTAAAGTTAGAATGTAAAATCAAGGTTGTTACACCACTCATCATAGCTGCCATATCAACAAT","Pf3D7_02_v3-630641-630907-1A.1","22+8N43T",636,1,1
"IM-23-122-XFGC","8039832512","Maziba","Pf3D7_09_v3-595828-596094-1A","ATAATTTTTTCATCGTTCTTATACATGAATGATAAAGTCTTTTTGCAAAATTTTTTGAAGAGATCAGATTTGAGATAAAGACGTTTGGCTAATCTATAGGAGAATTCTAGAGCATCTAATTTTATATTTAAACATTTTTTCGTATCCAATATATTATAATTTTGTTCATAAGTCTGTTCGTTTATATTATTTAATACTTTT","Pf3D7_09_v3-595828-596094-1A.4","4+8N27G50+8N94C99G108T134+8N180G",399,0.762906309751434,2
"IM-23-122-XFGC","8039832512","Maziba","Pf3D7_09_v3-82006-82236-1A","TTTATCATCTTTAGGCCATAACCAGAGTACAAGCAATCCAACTATAACAATTGTAATTAACATTATAAATACTGTAATACCATAAACACTACCAGAAGCGATCAGAAATGCACTAAAAGTATAAGAACATTCACTTGGAATAAGAGTAGCGATAAAACTAAAAATAGC","Pf3D7_09_v3-82006-82236-1A.4","95G125G137G",440,0.181968569065343,2
"IM-23-122-XFGC","8039832512","Maziba","Pf3D7_09_v3-270915-271160-1A","CTTTGTATGTATTATCTGTTGTTTTATCTTCACCTTGATTTCCTGTACTTGTAGATTCAGTAGATGGACCTTCAGAACCTGCTAATTCATCACTAGTAGATGCAGCACTTGTACTTTTAGATTGTTCTTTTAATGGTCCCATATATTTGTATAATTCTATTTCTAAATCTTGATCCTTGGTTTTTTCTTCTAA","Pf3D7_09_v3-270915-271160-1A.1","82C85A180+8N",1578,0.99873417721519,2
"IM-23-122-XFGC","8039832512","Maziba","Pf3D7_11_v3-1006693-1006917-1A","GTGGGGGAGAGAATTTTACCTTGATACGCTCCCATGTTTTATCCTTTATACAATACACATAAGTGTCATTGGTAATATATGACCCTCTTTTACCTCCGTAAAGAAATAAACAATCTTCTTTTTTTTCAGTGGAGTAAATTAAATTTAATTTTGCAAAATAGCGTGG","Pf3D7_11_v3-1006693-1006917-1A.3","27C58C118+10N",300,1,1
"IM-23-122-XFGC","8039832512","Maziba","Pf3D7_11_v3-1968050-1968296-2","TCATTACACTAGTCATGATTGGTTTAGATTATTACGCCAAGGGAATAAAGCTCAAAATTCCATTTCTCAGGAAGTAGACATATTAACGGAAAAGTATAAAAAATTAATTTCAGAGGAAGACAATAAAAAAGAAAATAACAATAATAATGATGATGAAGTAAAACCAGAACTAAAAGACAATATA","Pf3D7_11_v3-1968050-1968296-2.2","97+8N124+8N",2295,0.83789704271632,2
"IM-23-122-XFGC","8039832512","Maziba","Pf3D7_13_v3-1233093-1233332-1A","TCTATATGATCCTTATTTTTATCTTCATCACATTTATAATTTACATAATTTTCGACGTCATCATTTTCATTATTACTCATAATTGAATTATCCACAATGTTTGCCTCTTTTACAGCTTTACAAAGTTGGTAAAAAATATGATAATTCCTTTCACCTTCTTGTTGATCACACACCCGAACC","Pf3D7_13_v3-1233093-1233332-1A.1","130+8N",1371,1,1
"IM-23-122-XFGC","8039832512","Maziba","Pf3D7_13_v3-1265494-1265726-1A","TGTCATATACAGATTATAAAAATGATCATAGAATAAGCGAAATTTTAAATCGTTGTATTTTACGATTAAACGAGTTTGATCTAATTCATTTATCTTCTTTGGTCATATCTTTAAGTAAAATGAATTTTAGGAGTGTGTATTTTATGGAACAAGTACAAAAGAAATT","Pf3D7_13_v3-1265494-1265726-1A.4","44T144A",330,0.209258084971465,2
"IM-23-122-XFGC","8039832512","Maziba","Pf3D7_09_v3-164045-164311-1A","ATCAACTGGTGTTGCAAAACCATTAGTTACCAATTTTAATTCTCCATTTAGTGCTTTTGGTAAAACAAATACCAGTGATATATTTAAAACTAATACTACTGCATCAACTACAAATGCAACTGCAACTGCAACTCCTGCTCCCTTTGGATCAGCATTTGGAGCGCAAAAGAATAATGATAGCTTGTTTGGAAATAATGCATTCAAGCTTTCG","Pf3D7_09_v3-164045-164311-1A.1",".",1015,1,1
"IM-23-122-XFGC","8039832512","Maziba","Pf3D7_02_v3-290580-290821-1A","TTATTATAAGGATTATAATTATTATCATTCTTATTATATGGATTAATATAATTTCGATCATTATCATTACTGTTTTTATCATATTGTGGATAATTATTTCTATTTCTATTTTGATTAAAATCCGATTGTCTATATCTAACTCTAATATCTGTAGATGCTAAATCATTAGGTAATGGG","Pf3D7_02_v3-290580-290821-1A.1","12+26N",1382,0.96373779637378,2
"IM-23-122-XFGC","8039832512","Maziba","Pf3D7_08_v3-1176313-1176549-1A","TACATCCAATGAATATTTTACACTTAAAAGAAATAAACAAATTATTCATAATAAAATACATATACTTTCTATGCAAAAAAATAAACAAAATACAAACGAGCTAAACAAATTATGTAATATTAACGCCATCATATTCAATATTAATTCTGATGATTTTGAGGTAGGCGATGAAATTGT","Pf3D7_08_v3-1176313-1176549-1A.1","74+9N111T136C",1534,0.868138087153367,3
"IM-23-122-XFGC","8039832512","Maziba","Pf3D7_02_v3-503040-503288-1A","ATTATGATTAATAATAATATTTCTCATAATTTCGTTAAATACATCTAAACTATTTATAGAACCATCTATATCATCTTCATTCCTATTTTGGTGAACTGATTCGGTGTTTATAACATCTAAGGTGTCTTTTTCTTCTCCTCTGTAACTTTTTATAATTTTTTGATAAATGTTGTTATAAGAATTATCA","Pf3D7_02_v3-503040-503288-1A.1","155+8N",1302,0.838377334191887,2
"IM-23-122-XFGC","8039832512","Maziba","Pf3D7_03_v3-221185-221419-1B","AAATAAATTAAATAGGAAAATATAAAGAAAAATGAAAATTAAGAAAAAAAGTAGTATATATTTTTATAAATATTGTACAACTCAAACTAAGATGTGTTCTTTATCTAATTAAGGAACAAGAAGGATAATACCATTATTAATCCTATTGAACTATTTACGACATTAAACA","Pf3D7_03_v3-221185-221419-1B.1","43+9N",530,1,1
"IM-23-122-XFGC","8039832512","Maziba","Pf3D7_08_v3-585703-585949-1A","AAACACATCATCAAAAGTTTCTGATATTGGCTTGTTTGATTCTTTATATTTAAAATCTTTATATAAATAAAATCTATCTTTCTTAAAATATGGATCTTTACGTAGTTCAATCGAATCCCTATCAGTTACAATATTTATATCTTTTAATGTTAAGTGGAAATTAGAATCAATAATAGCTA","Pf3D7_08_v3-585703-585949-1A.3","105G118C",718,0.87030303030303,2
"IM-23-122-XFGC","8039832512","Maziba","Pf3D7_13_v3-2814583-2814832-2","TCAGTCTTCTAATTCTAGCGATAATGATCCTGCAGTAGTAAGTGGTAGAGAATCTAAAGATGTAAATCTTCATACTTCTGAAAGGATTAAAGAAAATGAAGAAGGTGTGATTAAAACAGATGATAGTTCAAAAAGTATTGAAATTTCTAAAATACCATCTGACCAAAATAATCATAGTGATTTATCACAG","Pf3D7_13_v3-2814583-2814832-2.1","124T",610,0.197795071335927,2
"IM-23-122-XFGC","8039832512","Maziba","Pf3D7_13_v3-2814606-2814855-1B","TAGCGATAATGATCCTGCAGTAGTAAGTGGTAGAGAATCTAAAGATGTAAATCTTCATACTTCTGAAAGGATTAAAGAAAATGAAGAAGGTGTGATTAAAACAGATGAAAGTTCAAAAAGTATTGAAATTTCTAAAATACCATCTGACCAAAATAATCATAGTGATTTATCACAGAATGCAAATGAGGACTCTA","Pf3D7_13_v3-2814606-2814855-1B.2",".",1367,0.805539186800236,2
"IM-23-122-XFGC","8039832512","Maziba","Pf3D7_03_v3-221295-221532-2","AAGGAACAAGAAGGATAATACCATTATTAATCCTATTGAACTATTTACGACATTAAACACACTGGAACATTTTTCCATTTTACAAATTTTTTTTTCAATATCATTTATATAATCTAATTGGTCTTTAGGTTTATCAGCAGAGCCAGGCTTTATTCTAACTTGAATACCATTTCCACAAGTTA","Pf3D7_03_v3-221295-221532-2.8","86+11N107A108T120G135C",548,0.257761053621825,2
"IM-23-122-XFGC","8039832512","Maziba","Pf3D7_11_v3-1295103-1295335-1A","ACTACTGCTTTGTCCCATCCCAACGAAGTTGAACACAATTTTCCATGTTCATTATATAAAGATGAAATAAAGAAAGAAATCGAAAGAGAATCAAAACGAATTAAATTAAATGATAATGATGATGAAGGGAATAAAAAAATTATAGCTCCAAGAATTTTTATTTCAGATGATATA","Pf3D7_11_v3-1295103-1295335-1A.2","23A34C71A132+9N173T",1788,0.864603481624758,2
"IM-23-122-XFGC","8039832512","Maziba","Pf3D7_11_v3-1295103-1295335-1A","ACTACTGCTTTGTCCCATCCCATCGAAGTTGAAAACAATTTTCCATGTTCATTATATAAAAATGAAATAATGAAAGAAATCGAAAGAGAATCAAAACGAATTAAATTAAATGATAATGATGATGAAGGGAATAAAAAAATTATAGCTCCAAGAATTTTTATTTCAGATGATATA","Pf3D7_11_v3-1295103-1295335-1A.9","61A132+9N173T",280,0.135396518375242,2
"IM-23-122-XFGC","8039832512","Maziba","Pf3D7_11_v3-2001725-2001999-2","AGATGTAAGAACTAAGAATGTAAATACAAGTAAGAGAAATGAAGGACTTAATGATATAAATGAATCAGAAAAAACAAGAACAAGAAGGCCATCAACAAAATCAAATAATAATAATGTATCATACGAGAATGAATTAGAGAGTGTATCTGAATCGTTTGATAACTTTTTGGAGGATCATATGAAGGAAGGTGTTTTTTTAGATGGGGAAAA","Pf3D7_11_v3-2001725-2001999-2.2","68+8N191+9N",125,0.15625,2
"IM-23-122-XFGC","8039832512","Maziba","Pf3D7_03_v3-515418-515657-1A","TTTCTTTAATTTCTATATGTTTGAATTCCCTTATAGACATATTTGAATCATTATTACTTTTATATGAAGTGTTATTATCGAAATTATTATTAATACATTTTATTTTAATGATTTTGTTAAAATTTTTATTATTTACTATAATGGAAGTCAGATATGTACTTATCGTATGGAAAGCTAATCATCAACA","Pf3D7_03_v3-515418-515657-1A.1",".",2661,1,1
"IM-23-122-XFGC","8039832512","Maziba","Pf3D7_01_v3-528859-529104-1A","TTTGATTCTTTTTAATGAAAAAGAAGCTAAAGATATGTCAGACGATATAATTTCCCAACAAAAACGTTATTGCTCTACCAATATTCATAGTAATTATAATAATAAAATATGTATATGTAAAAATAAGCGACATCATAACAAAAGAGGGAAAGGAATAAAGCATCATGACATACATCAAAAGG","Pf3D7_01_v3-528859-529104-1A.11","44G165A",2980,0.874669797475785,2
"IM-23-122-XFGC","8039832512","Maziba","Pf3D7_03_v3-653961-654206-1A","CTCGTACAATATTTTTATAATTTCCTTTCATCTTATTTTTTTCTTTATATTTTTTTTTTTCATATGTAAGATTTATATAATCACTTTCGCTTTTTCTAACCCTTTTGAACTTTTTAAATGTACTTCGTTCATTATTTCTAATTCTCGTAAACACAAGAATAAATATTTTGATATATCTTATA","Pf3D7_03_v3-653961-654206-1A.2","35+9N49+13N",556,0.758526603001364,2
"IM-23-122-XFGC","8039832512","Maziba","Pf3D7_02_v3-291770-292017-1A","TAATATCATAAGGTTTGAATATTTTCCTCTCAGGTATTATACCAACAGAAGGTTTATCATCATCTTTAAAACCTGCTCTATCTTTAACCCATTGATTAGGATTTTTTAAACATAAAGCTGGATTCTTTAATAAATCTTTCATATGTTCCATATTATTTTCTTCATTTATATATGATTCTAC","Pf3D7_02_v3-291770-292017-1A.2","101+8N",645,0.876358695652174,2
"IM-23-122-XFGC","8039832512","Maziba","Pf3D7_08_v3-1099719-1099977-1A","AAAAAATAAAAAATCAAACAAGATAAATAATAATGTATATAATACTAGTGGTATAAAAAATAATGATCAAAATATGGATAATATGAATCAAAAAGGAAAAAGTAACAAAAATTCAAATAAATATAATTTTGATGAAGAGGACTTATGGTTTTTATGTGATTTATGTAATAATCCTATAAGTCCGTTATGTTA","Pf3D7_08_v3-1099719-1099977-1A.1","1+14N54+8N97A142C",389,0.789046653144016,2
"IM-23-122-XFGC","8039832512","Maziba","Pf3D7_02_v3-628941-629172-1A","ACTTTTTTTAGATTTTTCTTGATCGTTTTCATCATTTTTTATTTCCTGTTCATCTGAGGTTTTCTTTTGTAAACGCTTAGTGCGTTTCTTTTGACCTTTTAATTTTTTTTTAAATATATTTTTAACTTGATCAATGAAGAAAGCATAATCTTGTATGACAGAAAATCT","Pf3D7_02_v3-628941-629172-1A.1","2+9N34+8N87T102+11N",154,0.178654292343387,2
"IM-23-122-XFGC","8039832512","Maziba","Pf3D7_13_v3-2814583-2814832-2","TCAGTCTTCTAATTCTAGCGATAATGATCCTGCAGTAGTAAGTGGTAGAGAATCTAAAGATGTAAATCTTCATACTTCTGAAAGGATTAAAGAAAATGAAGAAGGTGTGATTAAAACAGATGAAAGTTCAAAAAGTATTGAAATTTCTAAAATACCATCTGACCAAAATAATCATAGTGATTTATCACAG","Pf3D7_13_v3-2814583-2814832-2.2",".",2474,0.802204928664073,2
"IM-23-122-XFGC","8039832512","Maziba","Pf3D7_13_v3-1725379-1725652-2","ATTATTTCTTCTAGGTATATTTAAATTACTTGAAACATACCATACATCTCTTAAACGATCATACACCTCAGTTTCAAATAAAGCCTTATAATCATAGTTATTACCACCAAAAACGTATAAGAAATTATTCAATACAGCACTTCCAAAATAAGCTTTTTTGGTAGACATAGGTGTACACATACGCCAGCATTGTTGACTAATATCTAATAATTCCA","Pf3D7_13_v3-1725379-1725652-2.1","153+8N",529,1,1
"IM-23-122-XFGC","8039832512","Maziba","Pf3D7_08_v3-585993-586266-1A","TGTAAATATAAATCATACGTATGACATGAATCATCATTTAATGCATTCTTAATTGTTAATGCTAATCTACTTACAATAATATAAGCAAAGTTTATATGAGAATGAATACCTTCTTTTCCTAAAAAGTTATAAAGACTAACAAATGGAGCATATATTATAAATTTATCATACTTTTTTTTGTGCATAACTTCATTTAATAAAATATTT","Pf3D7_08_v3-585993-586266-1A.1","171+10N",58,0.0947712418300654,3
"IM-23-122-XFGC","8039832512","Maziba","Pf3D7_08_v3-585993-586266-1A","TGTAAATATAAATCATACGTATGACATGTATCATCATTTAATGCATTCTTAATTGTTAATGCTAATCTACTTACAATAATATAAGCAAAGTTTATATGAGAATGAATACCTTCTTTTCCTAAAAAGTTATAAAGACTAACAAATGGAGCATATATTATAAATTTATCATACTTTTTTTTGTGCATAACTTCATTTAATAAAATATTT","Pf3D7_08_v3-585993-586266-1A.2","29T171+10N",5,0.00816993464052288,3
"IM-23-122-XFGC","8039832512","Maziba","Pf3D7_10_v3-992596-992869-1A","GAAAATAATAAAATGCACAGTATCAATTCTGATAGAAATAAAAATGATTATATTCCATCTTCCTATTTACATACAATATATAAAACATTTAGCGAACATATAAACCGAGATAATGGAAATATTTATGATGATGAAAAAAAAAATTTATATGATGGAACTGTTTTTTATATAGAAACATTAAACGAATTAAGAATTATAAATATATTATTTTCA","Pf3D7_10_v3-992596-992869-1A.1","133+12N160+8N",136,1,1
"IM-23-122-XFGC","8039832512","Maziba","Pf3D7_04_v3-544454-544718-1A","ACAAAATATAATACTTTATATACAAATGCTTATAAAAAATTTTAACTCGAACGTACTTCAAAATAATATAAATGAACAAGAAGTAATACATAATAACATCAACATTAATAATATAAAAGAAGAACAACTTATACCAAATAATATCAAGAATATCCATAATAATGACAATATTAATCATTGTGATGGTAATAAAATAA","Pf3D7_04_v3-544454-544718-1A.12","33+8N128C186G",605,0.789817232375979,2
"IM-23-122-XFGC","8039832512","Maziba","Pf3D7_07_v3-717260-717493-1A","GAGCTTGCTTTTTTGTTGCGTTACTTGCTGGGCTGATCAAAAAAAAAGTTGAATGTATTGAACTTAGTGCCAGCGAAATTTCCCCTCATGAAAACAAATCGACGAGTTCATCAATATTCCAAGAGGAATTAAAATTTGATGAGTCTCTGAAAAATTTTTTCAAACAA","Pf3D7_07_v3-717260-717493-1A.2","8+8N38+11N141G154+8N",1217,1,1
"IM-23-122-XFGC","8039832512","Maziba","Pf3D7_06_v3-1115900-1116168-1A","ATTTTTTAATAAAGCAGTACCATCTATATCTCTTCCTTTTTTTAAAACACATAAAGTTTCATCAAAATTGCTTGTGCTATTTTTATCAGGTTCAGGAAAATATTGTTTATTTGTAGAATATCCATTCTGATTACAAGTTATAATATTATTAATATTTATAAATTTTTTTTTTGTTTTTAAATCACCAAATTGATTATCGTTAT","Pf3D7_06_v3-1115900-1116168-1A.1","1+8N36+9N162+12N",125,0.263157894736842,2
"IM-23-122-XFGC","8039832512","Maziba","Pf3D7_11_v3-2001725-2001999-2","AGATGTAAGAACTAAGAATGTAAATACAAGTAAGAGAAATGAAGGACTTAATGATATAAATGAATCAGAAAAAACAAGAACAAGAAGGCCATCAACAAAATCAAATAATAATAATGTGTCATACGAGAATGAATTAGAGAGTGTATCTGAATCGTTTGATAACTTTTTGGAGGATCATATGAAGGAAGGTGTTTTTTTAGATGGGGAAAA","Pf3D7_11_v3-2001725-2001999-2.36","68+8N118G191+9N",675,0.84375,2
"IM-23-122-XFGC","8039832512","Maziba","Pf3D7_13_v3-1876391-1876664-1A","AACTATCTGTAAAAGTATGTTTAGAACTAACATTTGAAGAGAAGTTACATCCGTGTATGACTTTTTTTTCATATTTTGGTTTTAAAACTATTTTATAATTATTATTTTTAAATTTGCATGTACATTCTGTATTAACATCTTTTGATGTAACATAAAATGGAGCTTTAAAGATAGTTAAGTTTTTATGATAAATTATTTTATTACTTTTATATA","Pf3D7_13_v3-1876391-1876664-1A.1","61+10N",334,0.762557077625571,2
"IM-23-122-XFGC","8039832512","Maziba","Pf3D7_03_v3-653961-654206-1A","CTCGTACAATATTTTTATAATTTCCTTTCATCTTATTTTTTTCTTTATATTTTTTTTTTTCATATGTAAGATTTATATAATCACTTTCGCTTTTTCTAACGCTTTTGAACTTTTTAAATGTACTTCGTTCATTATTTCTAATTCTCGTAAACACAAGAATAAATATTTTGATATATCTTATA","Pf3D7_03_v3-653961-654206-1A.1","35+9N49+13N101G",177,0.241473396998636,2
"IM-23-122-XFGC","8039832512","Maziba","Pf3D7_09_v3-202854-203106-1A","AATATACAAAGAATGCATATGATAAAATATTCTTTGTCCTTTAAAATTTTTTGTTCTTGTACTTTGTTTTTTATAATCTATTAAATTCATATCTGATGAAATATCATATTTATATTCCCCTTTATGAGCATTTACAAAAGTTTCGTTATTTCTTTTATTAATATATGTATTTGAGCACATATATTTAT","Pf3D7_09_v3-202854-203106-1A.7","16C46+8N66+8N146T",4,0.00411099691675231,4
"IM-23-122-XFGC","8039832512","Maziba","Pf3D7_08_v3-549583-549807-1B","ACGTGCTGTTCAAAGAATGTTTGAAATGATAAATGAAGGTGCTAGTGTTATAGATATAGGTGGAGAATCCTCTGGTCCTTTTGTTATACCTAATCCAAAAATTAGTGAAAGAGATTTAGTAGTACCTGTATTACAATTATTTCAAAAAGAATGGAATGATATAAA","Pf3D7_08_v3-549583-549807-1B.1",".",1423,1,1
"IM-23-122-XFGC","8039832512","Maziba","Pf3D7_08_v3-549960-550215-1B","GATGAACTAACAAATTATGATAATCTAGTTTATGATATAAAAAATTATTTAGAACAAAGATTAAATTTTCTTGTATTAAATGGAATACCTCGTTATAGGATACTATTTGATATTGGATTAGGATTTGGGAAGAAACATGATCAATCTATTAAACTCTTACAAAATATACATGTATATGATGAGTATCCACTT","Pf3D7_08_v3-549960-550215-1B.3","4G38+8N128G",568,1,1
"IM-23-122-XFGC","8039832512","Maziba","Pf3D7_09_v3-202854-203106-1A","AATATACAAAGAATGTATATGATAAAATATTCTTTGTCCTTTAAAATTTTTTGTTCTTGTACTTTGTTTTTTATAATCTATTAAATTCATATCTGATGAAATATCATATTTATATTCCCCTTTATGAGCATTTACAAAAGTTTCGTTATTTCTTTTATTAATATATGTATTTGAGCACATATATTTAT","Pf3D7_09_v3-202854-203106-1A.2","46+8N66+8N146T",789,0.810894141829394,4
"IM-23-122-XFGC","8039832512","Maziba","Pf3D7_13_v3-2545065-2545291-1A","ATGATTCCTCAAAAGTTTAACATTCCACATAGTATCTGTTAAATTGATAGTTTGCAAACAATTATACGTTTCGTTATTTTTATTTTTAAAAAAGGATATATGATCATCTAAAGATTTATTTTTGAGAAAGATTTCCATATATTCATATATATCTTGAATACACCA","Pf3D7_13_v3-2545065-2545291-1A.8","72C87+8N",371,0.188038520020274,2
"IM-23-122-XFGC","8039832512","Maziba","Pf3D7_09_v3-595828-596094-1A","ATAATTTTTTCATCGTTCTTATACATGAATGATAAAGTCTTTTTGCAAAATTTTTTGAAGAGATCAGATTTGAGATAAAGACGTTTGGCTAATTTATACGAGAATTCGAGAGCATCTAATTTTATATTTAAACATTTTTTCGTATCCAATATATTATAATTTTGTTCATAAGTCTGTTCGTTTATATTATTTAATACTTTT","Pf3D7_09_v3-595828-596094-1A.5","4+8N27G50+8N134+8N180G",124,0.237093690248566,2
"IM-23-122-XFGC","8039832512","Maziba","Pf3D7_13_v3-2545065-2545291-1A","ATGATTCCTCAAAAGTTTAACATTCCACATAGTATCTGTTAAATTGATAGTTTGCAAACAATTATACGTTTGGTTATTTTTATTTTTAAAAAAGGATATATGATCATCTAAAGATTTATTTTTGAGAAAGATTTCCATATATTCATATATATCTTGAATACACCA","Pf3D7_13_v3-2545065-2545291-1A.5","87+8N",1602,0.811961479979726,2
"IM-23-122-XFGC","8039832512","Maziba","Pf3D7_12_v3-857050-857323-1A","ATATAATTTTAAGATGTCCTATCAAGACGTTCAGGAAAAAAAAAATGAAGATATAAATTATGATGAAATAGCTAGCAGCATGCTAGAGAAGATGGACAAACATATAAATGGAGAAAAACAACCAACGATACATTATGAAAATTTAAATGTACAAGAGCAAGGGGGAGCACATGCTTATTACTCAAATCAAGATATAAATAACATAAATA","Pf3D7_12_v3-857050-857323-1A.2","35+12N162G",368,0.817777777777778,2
"IM-23-122-XFGC","8039832512","Maziba","Pf3D7_04_v3-648065-648332-1A","TATGACTTCTGATTCAGTTTTGTTAAGATATATACCAAGAGATCTTAACAAATATAATAATTTTTCACCACTAACTCCATCTTTATTAGTATCGTATTCTTTAAATATTGATTCAATCTCAGCTCTCTTAAAGAAAACAAATATATATACATATATATATGTATTTATATGAATTTGTATCAATAAATAATAACATTCTTA","Pf3D7_04_v3-648065-648332-1A.1","141+30N",301,1,1
"IM-23-122-XFGC","8039832512","Maziba","Pf3D7_13_v3-2814606-2814855-1B","TAGCGATAATGATCCTGCAGTAGTAAGTGGTAGAGAATCTAAAGATGTAAATCTTCATACTTCTGAAAGGATTAAAGAAAATGAAGAAGGTGTGATTAAAACAGATGATAGTTCAAAAAGTATTGAAATTTCTAAAATACCATCTGACCAAAATAATCATAGTGATTTATCACAGAATGCAAATGAGGACTCTA","Pf3D7_13_v3-2814606-2814855-1B.1","109T",330,0.194460813199764,2
"IM-23-122-XFGC","8039832512","Maziba","Pf3D7_13_v3-1041593-1041860-1AB","CAAGATTGAAGTATTACATATCTCAGAAATTAAATGTATGCCCAAGAGATGTAAATGCACACATTGTAGGTGCTCATGGAAATAAAATGGTTCTTTTAAAAAGATACATTACTGTAGGTGGTATCCCTTTACAAGAATTTATTAATAACAAGTTAATTTCTGATGCTGAATTAGAAGCTATATTTGATAGAACTGTTAATACT","Pf3D7_13_v3-1041593-1041860-1AB.1",".",624,1,1
"IM-23-122-XFGC","8039832512","Maziba","Pf3D7_14_v3-1956056-1956330-1B","CTAATTTTTTTTCTCCACTTTGTAATTTTTATTGTTGAATATATATATAAAGTTAAACCTATAAATAATACACTACCTAATAAACTATTCTTATATTTAAAAATAAATATAATACATGTTATTAATCCTTCTATTGTTGCCGGAATAATATACATTAAAACAGAACTCATCAAATTATTAGCACTCTCGGTACCTCTATCAACTATTCTCA","Pf3D7_14_v3-1956056-1956330-1B.2","4+10N",384,1,1
"IM-23-122-XFGC","8039832512","Maziba","Pf3D7_01_v3-528859-529104-1A","TTTGATTCTTTTTAATGAAAAAGAAGCTAAAGATATGTCAGACGATATAATTTCCCAACAAAAACGTTATTGCTCTACCAATATTCATAGTAATTATAATAATAAAATATGTATATGTAAAAATAAGCGACATCATAACAAAAGAGGGAAAGGAATAAAGCATCCTGACATACATCAAAAGG","Pf3D7_01_v3-528859-529104-1A.8","44G",427,0.125330202524215,2
"IM-23-122-XFGC","8039832512","Maziba","Pf3D7_01_v3-535965-536239-1A","GCTCATTTGATATTTTCCAGTTGTTTGATTTTAAAAATGATGTATATTTTTTAGATGATAATTTGTTCGACAAGGATATGGTATATTGTACAAGTACCAATTATGGCGTTATGGAAAATGATAATGATGATGATAAAATAATAAAAATACAAAATTTAAATGAGAAATTAAAAAATGGAAAAGCTGAATTTAAAGATATATTATTAT","Pf3D7_01_v3-535965-536239-1A.19","46+8N101D=CAA118A121+17N172+8N",374,1,1
"IM-23-122-XFGC","8039832512","Maziba","Pf3D7_08_v3-1099719-1099977-1A","AAAAAATAAAAAATCAAACAAGATAAATAATAATGTATATAATACTAGTGGTATAAAAAATAATGATCAAAATATGGATAATATGAATCAAAAAGGAAAAAGTAACAAAAATTCAAATAAATATAATTTTGATGAAGAGGATTTATGGTTTTTATGTGATTTATGTAATAATCCTATAAGTCCGTTATGTTA","Pf3D7_08_v3-1099719-1099977-1A.4","1+14N54+8N97A",104,0.210953346855984,2
"IM-23-122-XFGC","8039832512","Maziba","Pf3D7_09_v3-516735-517007-1A","ATAGAAGGATATATAAAAAATTATCAAGAATCATATAATATAAATGACCATTGTAAATTAGTTCCATTAAATTTTTATAAAGATTCTATTTCTAATGATTTAGGTACTCCATGCCCTGTGAATAGTATTACCTTAAATGTGGGCGCAAAAACTATAAATGAATGTTTGTGTAATAAAGGATATTTCTATAATGTCAAGAAACAACAATGTGA","Pf3D7_09_v3-516735-517007-1A.1","14+8N",363,0.792576419213974,2
"IM-23-122-XFGC","8039832512","Maziba","Pf3D7_08_v3-1313088-1313338-1A","TGAGAGACATAGATATATGATAGAAAAATGGAAAAAAGAAGATTGGTTTTGTGATTTAAAAGAAACGTTGAAAAATGAATTTGAAGAACAGATGGATATAGGAAAAGTATCTTTTTTATATGAAAATAATAGAGAGTATGGAAAAAATTTTTATTTGGAAAAGCAAAAAATTATATGGAAAAGATGG","Pf3D7_08_v3-1313088-1313338-1A.1","31+8N111+8N141+8N164+8N",661,1,1
"IM-23-122-XFGC","8039832512","Maziba","Pf3D7_08_v3-1314717-1314986-1A","ATAAAAAAGAAAAAATTATTGTCAAAAGTTTTCATAGATATATATATGATGGTATTAGAAGATTTTAAAGAAGAAGAATGTAAAAAAAATAAAGAAATATTTCTTGATACTTATATAGATGAACTAAAAAAAGATTCACAAAGTGAAAAAAATAAAAGCATGTTAAATATATTAGATGAAATAAAAAGTGATATTCATATAGGATATC","Pf3D7_08_v3-1314717-1314986-1A.1","2+15N87A125+9N138A145+9N",76,0.535211267605634,2
"IM-23-122-XFGC","8039832512","Maziba","Pf3D7_08_v3-1314717-1314986-1A","ATAAAAAAGAAAAAATTATTGTCAAAAGTTTTCATAGATATATATATGATGGTATTAGAAGATTTTAAAGAAGAAGAATGTAAAAAGAATAAAGAAATATTTCTTGATACTTATATAGATGAACTAAAAAAAGATTCGCAAAGTGAAAAAAATAAAAGCATGTTAAATATATTAGATGAAATAAAAAGTGATATTCATATAGGATATC","Pf3D7_08_v3-1314717-1314986-1A.3","2+15N125+9N145+9N",66,0.464788732394366,2
"IM-23-122-XFGC","8039832512","Maziba","Pf3D7_04_v3-544454-544718-1A","ACAAAATATAATACTTTATATACAAATGCTTATAAAAAATTTTAACTCGAACGTACTTCAAAATAATATAAATGAACAAGAAGTAATACATAATAACATCAACATTAATAATATAAAAGAAGAACAAATTATACCAAATAATATCAAGAATATCCATAATAATGACAATATTAATCATTGTGATGGTAATAAAATAA","Pf3D7_04_v3-544454-544718-1A.1","33+8N186G",161,0.210182767624021,2
"IM-23-122-XFGC","8039832512","Maziba","Pf3D7_11_v3-1376058-1376305-1A","TTTCTGGCTCGATATAATCCATTTCAATATTTATATTAGATATGAAACATCTATCTTCAATAGGTGAATTTGCTGCAAATTGAGCCATAGAAAAATGATTCTCATTCCTTTGAAAATATGAACTATTCAACTCATCAAGGTTTTCATATGTTATTTCATAACTGCCATCATCTGAATCCTCTTCATCA","Pf3D7_11_v3-1376058-1376305-1A.1","140G",994,1,1
"IM-23-122-XFGC","8039832512","Maziba","Pf3D7_12_v3-857050-857323-1A","ATATAATTTTAAGATGTCCTATCAAGACGTTCAGGAAAAAAAAAATGAAGATATAAATTATGATGAAATAGCTAGCAGCATGCTAGAGAAGATGGACAAACATATAAATGGAGAAAAACAACCAACGATACATTATGAAAATTTAAATGTACAAGAGCAAGAGGGAGCACATGCTTATTACTCAAATCAAGATATAAATAACATAAATA","Pf3D7_12_v3-857050-857323-1A.1","35+12N",82,0.182222222222222,2
"IM-23-122-XFGC","8039832512","Maziba","Pf3D7_05_v3-961511-961758-1B","CTGCAGAAGATTATACTGTATTTAATAATAATGGAGAAATATTATTAGATGATATTAATATATGTGATTATAACTTAAGAGATCTTAGAAACTTATTTTCAATAGTTAGTCAAGAACCCATGTTATTTAATATGTCCATATATGAAAATATCAAATTTGGAAGAGAAGATGCAACATTGGAAGAT","Pf3D7_05_v3-961511-961758-1B.1",".",708,1,1
"IM-23-122-XFGC","8039832512","Maziba","Pf3D7_11_v3-1968050-1968296-2","TCATTACACTAGTCATGATTGGTTTAGATTATTACGCCAAGGGAATAAAGCTCAAAATTCCATTTCTCAGGAAGTAGACATATTAAAGGAAAAGTATAAAAAATTAATTTCAGAGGAAGACAATAAAAAAGAAAATAACAATAATAATGATGATGAAGTAAAACCAGAACTAAAAGACAATATA","Pf3D7_11_v3-1968050-1968296-2.1","87A97+8N124+8N",444,0.16210295728368,2
"IM-23-122-XFGC","8039832512","Maziba","Pf3D7_14_v3-2858894-2859160-1A","ATAGATTTTAATGACATAAAAAACACAACAAATGAGTATAATAATTTTGAGGAACATAATTATCAAGATGATAAATTTATATTTAATAAAGATATACATAATATTCTTTTAGAATTAAAGGAATCATTAAATGACATATCACGTGGAAGACTAAATACATTGATAAGAGATAATAAAATAAGTAGTTGTATAATATATCA","Pf3D7_14_v3-2858894-2859160-1A.1","15C17+8N28A",82,0.26031746031746,2
"IM-23-122-XFGC","8039832512","Maziba","Pf3D7_14_v3-293575-293829-1B","TTTTGTAGTGTAATGTGTGGTTTATTTTATTATGTGTATGAAAATGTATGGCTTCAAAGAGATAATGAAATGAATGAAATTTTAAAAAATTCCGAACATTTAACTATTGGATTTAAAGTTGAAAATGCACATGATAGAATTTTGAAAACTATAAAAACACATAAATTAAAAAATTACATTAAAGAAT","Pf3D7_14_v3-293575-293829-1B.1","83+8N167+8N",212,1,1
"IM-23-122-XFGC","8039832512","Maziba","Pf3D7_14_v3-294503-294768-2","CAGAATTTAGATGTTATCAAAGTCCCATTCTTACCTTTCTATGTAACTCTTTGTAACAACAGCAAATTACCAACTTTTGAATTTACCTCAGAAAATGGTAAATACACATTAGAACCTGAATACTACCTTCAACACATAGAAGATGTTGGTCCAGGATTATGTATGCTTAATATCATAGGATTAGATTTTCCAGTACCAACCTTTA","Pf3D7_14_v3-294503-294768-2.1",".",1048,1,1
"IM-23-122-XFGC","8039832512","Maziba","Pf3D7_02_v3-291770-292017-1A","TAATATCATAAGGTTTGAATATTTTCCTCTCAGGTATTATACCAACAGAAGGTTTATCATCATCTTTAAAACCTGCTCTATCTTTAACCCAATGATTAGGATTTTTTAAACATAAAGCTGGATTCTTTAATAAATCTTTCATATGTTCCATATTATTTTCTTCATTTATATATGATTCTAC","Pf3D7_02_v3-291770-292017-1A.3","92A101+8N",91,0.123641304347826,2
"IM-23-122-XFGC","8039832512","Maziba","Pf3D7_08_v3-102277-102527-1A","TACCTTCATCTATTGAATTAATTTTCTCAAGTAACATATTTTTGTCTTGACTACTTTCATCTGTAAATGGAACGAATACTCTTTGCTTACCTGCAAAAAGGACAATTGACATATGAGCCTTATCCTTACTTACATTCGAATTAAAGACCATAGATTCTAAAAATGGTATAGTTCCTTTTAACCAATAATC","Pf3D7_08_v3-102277-102527-1A.6","76A106T",1282,0.854097268487675,2
"IM-23-122-XFGC","8039832512","Maziba","Pf3D7_08_v3-550057-550318-2","ACTATTTGATATTGGATTAGGATTTGGGAAGAAACATGATCAATCTATTAAACTCTTACAAAATATACATGTATATGATGAGTATCCACTTTTTATTGGATATTCAAGAAAAAGATTTATTGCCCATTGCATGAATGATCAAAATGTTGTAATAAATACACAACAAAAATTACATGATGAACAACAAAATGAAAATAAAAATA","Pf3D7_08_v3-550057-550318-2.2","27G",1176,1,1
"IM-23-122-XFGC","8039832512","Maziba","Pf3D7_08_v3-476232-476475-1A","CAAACACATGATAAACAAAAGTGTAAGGAAAATTTTTCAAATTCTTTTGTTAATGAAATATATGAAAAAGAAGAAAAAGAAACGCAAAAAATGAAAGAATATTTAGAACAACATGAAGAACATTTTTCAACGTTTAGAAATTCAATTTTATGTAAATTAAGAATAGCTGAAGAATT","Pf3D7_08_v3-476232-476475-1A.2","45T85+8N",882,0.940298507462687,2
"IM-23-122-XFGC","8039832512","Maziba","Pf3D7_13_v3-1725464-1725719-1B","ATCATAGTTATTACCACCAAAAACGTATAAGAAATTATTCAATACAGCACTTCCAAAATAAGCTTTTTTGGTAGACATAGGTGTACACATACGCCAGCATTGTTGACTAATATCTAATAATTCCATCGAATTTAAATATTCTACACCATCAAATCCACCTATACAAAATACTAATGGGAATGGTAAAAATTTAATACCA","Pf3D7_13_v3-1725464-1725719-1B.1","63+8N",656,1,1
"IM-23-122-XFGC","8039832512","Maziba","Pf3D7_13_v3-1725887-1726123-2","AAATAGCTCCACCAACATTAATATCAATCATAGTTTCAGTAGCAATATTTGCATCAACAATTTTTTTTTTATCATTCTCAAAATTTTTATATTCTTGATAATATTTTTCTTTTTCTAAATATAATACTAATTTAATTTTATCGATTTCTTGTAAAAATCTTAATCTTTCTTCATCAA","Pf3D7_13_v3-1725887-1726123-2.1","60+12N",1030,1,1
"IM-23-122-XFGC","8039832512","Maziba","Pf3D7_13_v3-1726174-1726408-2","TTTCTAATTCTTTGTACAATCGTACTCTTTCCATTTCTAGTTCTTTCTTATCTTTAAATAATTTATCTTTTTCTCGAATAAAATTCATTTGTGTCTTTTTTAACCAATTAATAAATGTAATTCTTAAATCACCTACCATATTTTCAAAATCACTAGCATCACTTAAT","Pf3D7_13_v3-1726174-1726408-2.1","95+8N",2566,1,1
"IM-23-122-XFGC","8039832512","Maziba","Pf3D7_11_v3-1950431-1950680-2","AGATATATTTCAAGGAAAGGATATGTGGAATGATGGGAAATATGGTGAAGCGAAAAATCATATTAAGAATGCTTTTGGTGATATGAACAATAGAAAAACTATGTTAAATGAAATTGAGAAAGGAATTAAAGATGAAACGTTTAGTCGTGAAAATGGTTTAGACGTTTGTAAATCTCAATGTGAGGAAAG","Pf3D7_11_v3-1950431-1950680-2.2",".",1042,0.771851851851852,2
"IM-23-122-XFGC","8039832512","Maziba","Pf3D7_11_v3-1950431-1950680-2","AGATATATTTCAAGGAAAGGATATGTGGAATGATGGGAAATATGGTGAAGCGAAAAATCATATTAAGAATGCTTTTGGTGATATGAACAATAGAAAAGCTATGTTAAATGAAATTGAGAAAGGAATTAAAGATGAAACGTTTAGTCGTGAAAATGGTTTAGACGTTTGTAAATCTCAATGTGAGGAAAG","Pf3D7_11_v3-1950431-1950680-2.1","98G",308,0.228148148148148,2
"IM-23-122-XFGC","8039832512","Maziba","Pf3D7_09_v3-1015103-1015350-1A","ATTATTTAATTTTTCATCTTTTATATTTTTCAGATTTTTTATATGAAGATGTAGGAATACAACTAAATTAACAGCTGAAAATAATCTTACTAACAAAAATAATTTGAGGAATTCTTCATCATATAAATCTTTTGGAATATTATTTGTGTATTCATAAATTTCTATTAAGGATATAATAGTTATGA","Pf3D7_09_v3-1015103-1015350-1A.3","34+8N51G",71,0.420118343195266,2
"IM-23-122-XFGC","8039832512","Maziba","Pf3D7_09_v3-163813-164052-1A","GTAATAATAATAATAATAATGTATTTCTTTCATCAAGTGATCCAAATAAATTAAACACAACACCATCACCATTTGGTTTATCATCTATTGGAAATCTAAATACAAACAATAAATTAAATAGCTTTCCAGACTTTAGTCAAGCTAATAAAACATTTCTACAAAATGATAGCTTAT","Pf3D7_09_v3-163813-164052-1A.2","2+19N28T",733,1,1
"IM-23-122-XFGC","8039832512","Maziba","Pf3D7_04_v3-1113397-1113639-1A","GATTCTGCATGCAGTAATGAATCTATTGAAATCATCTAAGAATAAACTTTTTTGTTTAAACCATTTATTGAACATTTCACTTAAATGTGATTCAATTTTTTTTTCTGAGCTTTCCATAATTTGATTACATCTATTCAATTTGTTTGTATAAGTTTTAGGTGTTATTATTCTTTTACGTTTTAAATCATC","Pf3D7_04_v3-1113397-1113639-1A.1","47+8N95+11N130T161G",421,0.248670998227998,2
"IM-23-122-XFGC","8039832512","Maziba","Pf3D7_13_v3-2114242-2114482-1A","CTTCCATTAACTCAATATATAATTTATTAATAATTTTTAATTTGTTTATTTCAAAAAGGCATAGTTGTAACAAGGTTCTTAAGGTTCTATTACCCCCTAAGAGGTTAAAATGAATATTTCCTTTTTCTCGTATATGCAAAAAATCCCTTAACAATAAATCATATTCATCAGTATGAAATGT","Pf3D7_13_v3-2114242-2114482-1A.1","67G76T137+8N",959,1,1
"IM-23-122-XFGC","8039832512","Maziba","Pf3D7_13_v3-2114829-2115090-1A","ATTCAATATATATAAAAATATAGCTAATAAACATTTCAAATCTCCATTAAGAACTTTATTCATCTTAACAAAAGCTCTATGAACTTCTGTATCTATAGTCGATTTTGTTATTCTAAGCATATCATTAAGTAAAAAATTTACGGTATCGACATTAACAGTGTAATAATTTCTTCCTAAATTTAAATGTTCTAAATAATTCAA","Pf3D7_13_v3-2114829-2115090-1A.1","130+8N192A",116,0.173913043478261,2
"IM-23-122-XFGC","8039832512","Maziba","Pf3D7_08_v3-585331-585590-1A","TGAAAACTTTTCATGTACGGTTAATAAACAAAATAATTCTGAATTATATATAAGTAAAACTTCTTCTACATCTCTAAATTTATGCATTGTAGCTCTTTTAATATAATAAGGCAAATATTTTACAATATATTTTTGTTTAAAAAAACCTTGATGACCAACATTAATATCTTCCATTTTGGAAAAGGTTCCACTTAACG","Pf3D7_08_v3-585331-585590-1A.2","102T138+9N",767,0.939950980392157,2
"IM-23-122-XFGC","8039832512","Maziba","Pf3D7_09_v3-202854-203106-1A","AATATACAAAGAATGTATATGATAAAATATTCTTTGTCCTTTAAAATTTTTTGTTCTTGTACTTTGTTTTTTATAATCTATTAAATTCATATCTGATGAAATATCATATTTATATTCCCCTTTATGAGCATTTACAAAAGTTTCGCTATTTCTTTTATTAATATATGTATTTGAGCACATATTTTTAT","Pf3D7_09_v3-202854-203106-1A.3","46+8N66+8N183T",4,0.00411099691675231,4
"IM-23-122-XFGC","8039832512","Maziba","Pf3D7_13_v3-2504481-2504734-1B","TAAAATGTGTTGATGATTTTAACAATATGGTTATAACGATAAAAGAGGAAGTAAACAATCATTGGGAAAATAATATATACAATAAAAAGGATATGGTTAATTATACAAATGAAAATTATAATGATAATATATTAACATATGAATATATTAATGAAACACTTAGAAAAGAAAAAAAAAGATATTATA","Pf3D7_13_v3-2504481-2504734-1B.1","168+11N",308,1,1
"IM-23-122-XFGC","8039832512","Maziba","Pf3D7_11_v3-1294664-1294910-1A","AAAAGATAAATTATTTGAAAACTATACATATTTAAGTAAAAATGTAGTTGATAACTGGGAAAAAGTTTGCCCTAGAAAGAATTTAGAGAATGCAAAATTCGGATTATGGGTCGATGGAAATTGTGAAGATATACCACATGTAAATGAATTTTCAGCAAATGATCTTTTTGAATGTAATAAATTAGTTTTTGAATTG","Pf3D7_11_v3-1294664-1294910-1A.13","9A12T17G40A86G152T159A",6,0.00237154150197628,3
"IM-23-122-XFGC","8039832512","Maziba","Pf3D7_09_v3-270915-271160-1A","CTTTGTATGTATTATCTGTTGTTTTATCTTCACCTTGATTTCCTGTACTTGTAGATTCAGTAGATGGACCTTCAGAACCTGATAATTCATTACTAGTAGATGCAGCACTTGTACTTTTAGATTGTTCTTTTAATGGTCCCATATATTTGTATAATTCTATTTCTAAATCTTGATCCTTGGTTTTTTCTTCTAA","Pf3D7_09_v3-270915-271160-1A.2","85A91T180+8N",2,0.00126582278481013,2
"IM-23-122-XFGC","8039832512","Maziba","Pf3D7_14_v3-1166107-1166371-1A","TTTTTGAATTATTAAATATATCTTCTATAAAAAAAGAATATCAAGCTATACATAACAATAAGTATTTTTTATGGAATATGGATGCAGATTTTTTTACTATAAAAAATCATCATAAGGATAATAAGGATAACAATGATGAAAATGTGAATGTAATAATACAACAAAATAATTTAGTTCTAGAAAAATATGATCATTTAATAGA","Pf3D7_14_v3-1166107-1166371-1A.2","28+9N64+8N88+9N100+8N179A",387,1,1
"IM-23-122-XFGC","8039832512","Maziba","Pf3D7_14_v3-120101-120365-1A","TTTTACAACATTATTTTTTTCTTCCTCCTCAGATAAAATAGGTACACATATCGCGTCCTTATCACATCCTCCATTGTTTACCTTACAATGTTCTTCGCATTCGAAATTTTTTTCAGGATTACTTGAAAAGCCTTCTGGACAATTACAATATTCATATCCATGAACATTCTTACAAACACCTTTTCCACAATTTAAAA","Pf3D7_14_v3-120101-120365-1A.3","13+9N106+9N164A165C",420,1,1
"IM-23-122-XFGC","8039832512","Maziba","Pf3D7_14_v3-137398-137668-1A","ACCATTCATATTTTCTAGGTTTGTTTAACCAATTACATATATATAATATATTACAAAATAATTGTTTTAATAATATATGTTTAGTTAATATTAATTCAATACTACTTAATTTATTTCTTATATTTTTTAAAAGATCTTCATAAACAAAATCAAAATTATCTATTAATAATAAATAACCAAATCTTTTATGCACATTTTTTATTC","Pf3D7_14_v3-137398-137668-1A.1","122+8N191C194+8N",84,0.875,2
"IM-23-122-XFGC","8039832512","Maziba","Pf3D7_07_v3-627351-627625-1A","TCACTAAGATAATTATTATTACCATTTTCAGCATAATAAAACTTCTGATGTTTTATAAGAGGAGTTTGGTTAGAAGCAAAATTATCAGCAGTTGTTGAATAATTATTATGTTCTTGATAAAAGAGATTATTCATATAGTTATTATTATTTTTCATATCATCCATAGTATTATTGTTAATATAAAATTCCTCATATGAATTATATATATA","Pf3D7_07_v3-627351-627625-1A.2","23C42C96T",308,1,1
"IM-23-122-XFGC","8039832512","Maziba","Pf3D7_06_v3-1115900-1116168-1A","ATTTTTTAATAAAGCAGTACCATCTATATCTCTTCCTTTTTTTAAAACACATAAAGTTTCATCAAAATTGCTTGTGCTATTTTTATCAGGTTCAGGAAAATATTGTTTATTTGGAGAATATCCATTCTGATTACAAGTTATAATATTATTAATATTTATAAATTTTTTGTTTGTTTTTAAATCACCAAATTGATTATCGTTAT","Pf3D7_06_v3-1115900-1116168-1A.2","1+8N36+9N114G162+12N",350,0.736842105263158,2
"IM-23-122-XFGC","8039832512","Maziba","Pf3D7_01_v3-455794-456054-1A","AGAAAAAAAATTTATTAAGAGGTATTTCGATTTTAAAAATTTAAGAATTAATTTTTAATTATGTCTATAAAAACTTAATAGAAAATAAATATTATTTTGTTTTTCAAAAAAATGTTTAAGAATAATATTTCTTTATTCTTTTACAATTTAGAACATATAATGCTATTTCTTTTAATTTTAATTTAATTTCAAA","Pf3D7_01_v3-455794-456054-1A.1","2+10N105+9N",264,1,1
"IM-23-122-XFGC","8039832512","Maziba","Pf3D7_07_v3-729480-729750-1A","TGAATGTTCAGAAATTTTATATCACTTAAATCGTTTGAGTGAGTTAGATCAAATATTGTTGAAAGATAAAATAAGTATATATGAGTATCAGCTAAAGGACACGTTTTTAACAACGTATGATATAGGTTGTTTATTAAAAATAGCTCAAGTGTTGAATGAACAAAATTATTATGATAACATTCCATTTTTGCATATATTTTTATATAACATACATAA","Pf3D7_07_v3-729480-729750-1A.1","42A",62,0.118320610687023,2
"IM-23-122-XFGC","8039832512","Maziba","Pf3D7_07_v3-729480-729750-1A","TGAATGTTCAGAAATTTTATATCACTTAAATCGTTTGAGTGCGTTAGATCAAATATTGTTGAAAGATAAAATAAGTATATATGAGTATCAGCTAAAGGACACGTTTTTAACAACGTATGATATAGGTTGTTTATTAAAAATAGCTCAAGTGTTGAATGAACAAAATTATTATGATAACATTCCATTTTTGCATATATTTTTATATAACATACATAA","Pf3D7_07_v3-729480-729750-1A.2",".",462,0.881679389312977,2
"IM-23-122-XFGC","8039832512","Maziba","Pf3D7_14_v3-2020604-2020849-1A","CAAGAACATGAATATTTCTGTAAATACATAGACAAGTCCTCATTATGTCTTATCACAGGGTGCTCTTTTTTAATATGACAATATAATTTTATATGTTTTATTATTTCTTGATGAATTTCACATAATAAAAATAATGTGTGATTCATATGTTGACTACTCAATATAGAAAAGCCACTAACTAATTG","Pf3D7_14_v3-2020604-2020849-1A.5","65+8N158T",887,0.873891625615764,2
"IM-23-122-XFGC","8039832512","Maziba","Pf3D7_11_v3-1374917-1375148-1A","TTTTTAAATGAAAATCTCCAAAGCTTCTGGTTGGTTGTAATCTACCTTTAACATAACAATTATCATAATGATGTGATAAGAGATGAAAAGGTGTTTTACATAATTTATATGTATTATTATTATTAACAGTTTTATAATCTCGAGTACATATTTTACATACTAATATA","Pf3D7_11_v3-1374917-1375148-1A.4","106T112+14N",158,0.1544477028348,2
"IM-23-122-XFGC","8039832512","Maziba","Pf3D7_08_v3-1176313-1176549-1A","TACATCCAATGAATATTTTACACTTAAAAGAAATAAACAAATTATTCATAATAAAATACATATACTTTCTATGCAAAAAAATAAACAAAATACAAACGAGCTAAACAAATCATGTAATATTAACGCCATCATATTTAATATTAATTCTGATGATTTTGAGGTAGGCGATGAAATTGT","Pf3D7_08_v3-1176313-1176549-1A.3","74+9N",232,0.131295981890209,3
"IM-23-122-XFGC","8039832512","Maziba","Pf3D7_08_v3-1176313-1176549-1A","TACATCCAATGAATATTTTACACTTAAAAGAAATAAACAAATTATTCATAATAAAATACATATACTTTCTATGCAAAAAAATAAACAAAATACAAACGAGCTAAACAAATTATGTAATATTAACGCCATCATATTTAATATTAATTCTGATGATTTTGAGGTAGGCGATGAAATTGT","Pf3D7_08_v3-1176313-1176549-1A.8","74+9N111T",1,0.000565930956423316,3
"IM-23-122-XFGC","8039832512","Maziba","Pf3D7_04_v3-316593-316858-1A","TTATTCATTTTTTGTATATTATCCTTTTCTACATCATCAAAATTTGTTAATGATTCACACGTTATATTTGGTGATATTATATTTCTACCTGTACATACACCAATATTTGTTGTACCTATTATTTTATACCCTTCTTGACATTTAAATTCTATTTTTTCACCAAGTAAATAATATTTTTTATCAGGGATAAGGGAAACATA","Pf3D7_04_v3-316593-316858-1A.1","7+8N151+8N173+8N",708,0.891687657430731,2
"IM-23-122-XFGC","8039832512","Maziba","Pf3D7_11_v3-1816152-1816378-1A","TTGGGTAGATATCGTTATAAGGGCTATAATGTATTGACTTCTCCGGGTTTGTTACATTATCATTACAACCAATATTATTAAGGTTAATATTATTTTTATCATTATTATTGTTGTTTTCATTTGTGTGGTTATATAATAACAATGATGTGTCGTCTATTGGATCATT","Pf3D7_11_v3-1816152-1816378-1A.1","50T90T",2608,0.81474539206498,2
"IM-23-122-XFGC","8039832512","Maziba","Pf3D7_11_v3-1375807-1376056-1A","TCGTTATGTACCCTAATAAATTTTTTTTCATTATTTGAATCTATATTATTTACATTAGTATTTTGAGTTGTACCATAAATTTCAGTGTTATTATTATTTCTATTCATATAATTATGTCCGCTTATATAATTATGACCATTAAAAAAATGTCTTCCATGTATATCATCTCTTCTAATGTATTTA","Pf3D7_11_v3-1375807-1376056-1A.2","20+10N140+9N",208,0.822134387351779,2
"IM-23-122-XFGC","8039832512","Maziba","Pf3D7_14_v3-2733345-2733593-1A","TCGATGTACATGCAGAAAAAATATTGGAACGTTTATTTGTAATTTATTTATGTGTATTAAAAGAATATGAAAAACATCCTCCTAAAATATTAAAATATTCATTACGTGCTATATCTAGATACTCGATGTATATAAATAAATTTATCATGGATGATATATTATTTGAAATTAAAAACCTTGCTGCA","Pf3D7_14_v3-2733345-2733593-1A.1","15+8N",1111,1,1
"IM-23-122-XFGC","8039832512","Maziba","Pf3D7_11_v3-1902041-1902278-2","ATGAAACAAAATGTCCACCTAGATACCCTTTAAAATCAAAAGTTTTTGGAACCTTTGACCAAAAAACAGGAAAATGTAAAAGTCTCATGGACAAAGCATATGAAGTTGGAATTAATAAATTTTCAGTCTGTTTAGAATATTTATTTTTAGTATCACCTAAGGATTTATATAATAGCGGAAG","Pf3D7_11_v3-1902041-1902278-2.1","60+8N",4126,1,1
"IM-23-122-XFGC","8039832512","Maziba","Pf3D7_11_v3-1934962-1935236-1A","TGATGTGCCAATATTAAGGATACATTTTCTAAAGCTTCTATCAGATAATGAAAATTTTTTCTGCGATTTTCATTTAAATCATTAAATATATTGGTTAGTTCTTGTATTGACGTTTTTGGATCTAAGGATGTAATTTGTTCATTTAATTCTTCTGTATATTCTAGATTAAAGTTTAAATTATTAAAATAACCTTCAGCATTATTTTCATTTTT","Pf3D7_11_v3-1934962-1935236-1A.1","54+10N98G",114,1,1
"IM-23-122-XFGC","8039832512","Maziba","Pf3D7_04_v3-748105-748359-1B","TGTGCATGTTGTAAGGTTGAAAGCAAAAATGAGGGGAAAAAAAATGAGGTTTTTAATAACTACACATTTAGAGGTCTAGGAAATAAAGGAGTATTACCATGGAAATGTATTTCCCTAGATATGAAATATTTTCGTGCAGTTACAACATATGTGAATGAATCAAAATATGAAAAATTGAAATATAAGAGATGTAAAT","Pf3D7_04_v3-748105-748359-1B.1","36+10N110T133C",642,1,1
"IM-23-122-XFGC","8039832512","Maziba","Pf3D7_11_v3-1019050-1019319-1A","TCAAAACTTATTGCTACCGTAATACCTAAAGGAGGCATTTTACATAATCTTTTTACACTCGTAAGAATATTATTATAAAAGATTTCTTGATATCTATCATACATATGAATATTATTTAGAGATTTATATATATTATTATTTTGTTCATATAATAATATATTATTTAAAGACTTATCCATAATTTTTGTACATTTTATATTTTCTATA","Pf3D7_11_v3-1019050-1019319-1A.1",".",135,1,1
"IM-23-122-XFGC","8039832512","Maziba","Pf3D7_11_v3-1127074-1127316-1A","AACATTTTAATAGTCCTAATTTCGAAAATATGATGAAAGGAGTTTTTGGAATTATTCAAAATCCTTTTGAAAATGGCCAACCCACTTTCCCATTCTTTAAAAATATTAATTCGATCTCTGGAATCGGTAATGTTGATATCCCCAAAAATTTTATGAATGATTTTTTGAATAATGGAAATGATCAAAACA","Pf3D7_11_v3-1127074-1127316-1A.2","160+8N",1504,1,1
"IM-23-122-XFGC","8039832512","Maziba","Pf3D7_08_v3-1386795-1387043-1B","TCCTTTGTCGCAGCATGCCTTTCATTAGCTGCTATAGCTTGTGTTATCTTAACTTCATTATAAAAAAAATATACTTCGATAAAAGGTACATATACCATGCTGGTCAATGATATTAGCATGCGACATTCTAATATATCCATTATGAACAAGGTGAACAAGAATATTGGGATTATTGAAATTGTCTGCATTA","Pf3D7_08_v3-1386795-1387043-1B.1","61+10N",139,0.208083832335329,2
"IM-23-122-XFGC","8039832512","Maziba","Pf3D7_08_v3-585331-585590-1A","TGAAAACTTTTCATGTACGGTTAATAAACAAAATAATTCTGAATTATATATAAGTAAAACTTCTTCTACATCTCTAAATTTATGCATTGTAGCTCTTTTAAGATAATAAGGCAAATATTTTACAATATATTTTTGTTTAAAAAAACCTTGATGACCAACATTAATATCTTCCATTTTGGAAAAGGTTCCACTTAACG","Pf3D7_08_v3-585331-585590-1A.1","138+9N",49,0.0600490196078431,2
"IM-23-122-XFGC","8039832512","Maziba","Pf3D7_08_v3-336421-336651-1A","TAACAACGAACCCATAAATTTACAAAAAAATTTAGATTTAATCATATGGCTAAAAAAGAATATAAAAGAAGGAGAAGCTTTAATTTCTGATATACCTACATCAAGTTTTTTAAGGTGTACTACAAATTATAAATTTGTATTGCATCCCCAATATGAAGATAGT","Pf3D7_08_v3-336421-336651-1A.2","25A51+8N97T105+8N148C",179,0.125790583274772,3
"IM-23-122-XFGC","8039832512","Maziba","Pf3D7_08_v3-399693-399961-1A","CTTTTCTTCACCTTGGTTTATTACATTATTATTTTCATCATTGTGTTGAATGTCTTTATAAATATGTTCATTAATAATATCTTTGGAAGTATCTTCCATATTTTCTTCTTTATCAATTTTAAATACTTTTTCATAACTTTCATTTTCTTTTTTCTCCTTGGATGTTTCTAATTTATTCTCGTCATTTTTATCAAAATTATTTTTATAACTTTCA","Pf3D7_08_v3-399693-399961-1A.2","55T147+8N",718,0.907711757269279,2
"IM-23-122-XFGC","8039832512","Maziba","Pf3D7_04_v3-1037644-1037891-1A","GAAAGAGATTTAACAGATGATGCTGTGATTTTTGCACACTCACTTTATTTACCATTTGAAAAAGAAGAAATGTGGTGGATCGTTATCGGAATTAAAAAAATGAACTTACTTTTATCTATCAAAAAATTATCTTTATTGAAAAGTATCAATAATATAAAAATTAATTTCGAATTGCCTGACA","Pf3D7_04_v3-1037644-1037891-1A.2","93+9N120+8N145A",999,0.804995970991136,2
"IM-23-122-XFGC","8039832512","Maziba","Pf3D7_04_v3-1037644-1037891-1A","GAAAGAGATTTAACAGATGATGCTGTGATTTTTGCACACTCACTTTATTTACCATTTGAAAAAGAAGAAATGTGGTGGATCGTTATCGGAATTAAAAAAATGAACTTACTTTTATCTATCAAAAAATTATCTTTATTGAAAAGTGTCAATAATATAAAAATTAATTTCGAATTGCCTGACA","Pf3D7_04_v3-1037644-1037891-1A.1","93+9N120+8N",242,0.195004029008864,2
"IM-23-122-XFGC","8039832512","Maziba","Pf3D7_04_v3-1083299-1083563-2","ATACACTTTCCATATGTAGAGGACTTATGATATATAGAATTATAAGATAAATGTTTATAATAATCTAAAAAAGTATAATGAGGTATTATAACAAAATCCAAATGTCCTTCTTTTTCTTGTAAAATATCAATAGAATTTGCAATGTTATAATTTGATAACTCTTTAAAATGATATTGTAAAAAATTAACATTTTTATA","Pf3D7_04_v3-1083299-1083563-2.1","66+8N177+8N",114,0.200704225352113,2
"IM-23-122-XFGC","8039832512","Maziba","Pf3D7_08_v3-585993-586266-1A","TGTAAATATAAATCATACGTATGACATGTATCATCATTTAATGCATTCTTAATTGTTAATGCTAATCTACTTACAATAATATAAGCAAAGTTTATATGAGAATGAATACCTTCTTTTCCTAAAAAGTTATAAAGACTAACAAATGGAGCATATATTATAAATTTATCATACTTTTTTTTTTGCATAACTTCATTTAATAAAATATTT","Pf3D7_08_v3-585993-586266-1A.6","29T171+10N",549,0.897058823529412,3
"IM-23-122-XFGC","8039832512","Maziba","Pf3D7_09_v3-1406342-1406614-1A","TCTCAGATTATCATAGTGTTGTGGATGAAGATTTAATTAATTTTAATGATGATGTTACTTTAGAAACACAATCCATGATAGCACACGGAGGGTCTTTGTCAGAAATAGAAGAAACTGAAGATTTATCTTCAGATGTTGATAGATTACTTTCATCAATCGAAACTACTCCAAGAGATGATGTTGTATATATACGAGGTGATATTATATT","Pf3D7_09_v3-1406342-1406614-1A.3","118A148T204A",793,1,1
"IM-23-122-XFGC","8039832512","Maziba","Pf3D7_04_v3-109939-110184-1A","CAACATCTGAATTATATAAATCTTTAGAAAAACAACTAATATCCTTACTCCATATATTTATTTTTATACCAAGAATAACAGCCATATAAACCAAAACTCTCTCAAATGCATGTGATACAGGTAAATAAGAAAAATGGGTTTTCGGTTTCATGTTTTTTATTACATTATGATCACATAATGGTGCTACT","Pf3D7_04_v3-109939-110184-1A.2","51C108G152+8N",519,0.818611987381703,2
"IM-23-122-XFGC","8039832512","Maziba","Pf3D7_13_v3-1876391-1876664-1A","AACTATCTGTAAAAGTATGTTTAGAACTAACATTTGAAGAGAAGTTACATCCGTGTATGACTTTTTTTTCATATTTTGGTTTTAAAACTATTTTATAATTATTATTTTTAAATTTGCATGTACATTCTGTATTAACATCTTTTGATGTAACATAAAATGGAGCTTTAAAGATAGTTAACTTTTCATGATAAATTATTTTATTACTTTTATATA","Pf3D7_13_v3-1876391-1876664-1A.2","61+10N179C184C",104,0.237442922374429,2
"IM-23-122-XFGC","8039832512","Maziba","Pf3D7_05_v3-395887-396136-1A","TCTAAGGATTGTTGGTTTTTTAGGATGCTCATCTTTTTAAGATAATCCTCTTTACTGTCGTTATTATTTAAATCGTTTTGTATAATATTATATTGTGAATTCCTTGTGTTTTTCATAACACTATTAGTCCTATTGGTGTTCTTCTTATTATTATTATTATTATTGTTCTTCTTCTTAATAAA","Pf3D7_05_v3-395887-396136-1A.5","15+8N119C145+20N",50,0.119047619047619,2
"IM-23-122-XFGC","8039832512","Maziba","Pf3D7_04_v3-115455-115684-1A","TATTAATGTCATTTTGTTTTTCTTTATTATTATTATTTTTATTTTTTCCCTGGTTATCTTCCTTATTACCTAGCTTTTTTTTGTTGTCATTATTTTCTGTCTGATTATTATTTTTGACTTTGTTCATCTTTGAATTATCCGTTCTGTTTGTATGTCTCAAGCAAGGT","Pf3D7_04_v3-115455-115684-1A.1","24+25N74+10N",269,0.194645441389291,2
"IM-23-122-XFGC","8039832512","Maziba","Pf3D7_04_v3-115455-115684-1A","TATTAATGTCATTTTGTTTTTCTTTATTATTATTATTTTTATTTTTTCCCTGGTTATCTTCCTTATTACCTAGCTTTTTTTTGTTGTCATTATTTTCTGTCTGATTATTATTTTTGACTTTTTTCATCTTTGAATTATCCGTTCTGTTTGTATGTCTCAAGCAAGGT","Pf3D7_04_v3-115455-115684-1A.3","24+25N74+10N122T",1113,0.805354558610709,2
"IM-23-122-XFGC","8039832512","Maziba","Pf3D7_09_v3-202854-203106-1A","AATATACAAAGAATGCATATGATAAAATATTCTTTGTCCTTTAAAATTTTTTGTTCTTGTACTTTGTTTTTTATAATCTATTAAATTCATATCTGATGAAATATCATATTTATATTCCCCTTTATGAGCATTTACAAAAGTTTCGCTATTTCTTTTATTAATATATGTATTTGAGCACATATTTTTAT","Pf3D7_09_v3-202854-203106-1A.1","16C46+8N66+8N183T",176,0.180883864337102,4
"IM-23-122-XFGC","8039832512","Maziba","Pf3D7_13_v3-2114829-2115090-1A","ATTCAATATATATAAAAATATAGCTAATAAACATTTCAAATCTCCATTAAGAACTTTATTCATCTTAACAAAAGCTCTATGAACTTCTGTATCTATAGTCGATTTTGTTATTCTAAGCATATCATTAAGTAAAAAATTTACGGTATCGACATTAACAGTGTAATAATTTCTTCCTAAATTTAAATGTTCTATATAATTCAA","Pf3D7_13_v3-2114829-2115090-1A.5","130+8N",551,0.826086956521739,2
"IM-23-122-XFGC","8039832512","Maziba","Pf3D7_04_v3-133928-134154-1A","TTTTGAAATATCTAATTTATCCATTTGCCTTTTTATTTCATAGTCCCAACTACTTACCCAGGTATTAAAATTAATACAATCCTGTTCTGCATATTTTATGGCTTTTAAATCCCTCAATTTAGTAGCCCTATCTTCACAATAATCTTCTAATATTTTAAT","Pf3D7_04_v3-133928-134154-1A.1","21C",1174,0.833215046132008,2
"IM-23-122-XFGC","8039832512","Maziba","Pf3D7_11_v3-1294664-1294910-1A","AAAAGATAAATCATTTCAAAACTATACATATTTAAGTAAAAATGTAGTTGATAACTGGGAAAAAGTTTGCCCTAGAAAGAATTTAGAGAATGCAAAATTCGGATTATGGGTCGATGGAAATTGTGAAGATATACCACATGTAAATGAATTTTCAGCAAATGATCTTTTTGAATGTAATAAATTAGTTTTTGAATTG","Pf3D7_11_v3-1294664-1294910-1A.10","9A40A86G152T159A",2121,0.838339920948617,3
"IM-23-122-XFGC","8039832512","Maziba","Pf3D7_04_v3-133928-134154-1A","TTTTGAAATATCTAATTTATTCATTTGCCTTTTTATTTCATAGTCCCAACTACTTACCCAGGTATTAAAATTAATACAATCCTGTTCTGCATATTTTATGGCTTTTAAATCCCTCAATTTAGTAGCCCTATCTTCACAATAATCTTCTAATATTTTAAT","Pf3D7_04_v3-133928-134154-1A.2",".",235,0.166784953867991,2
"IM-23-122-XFGC","8039832512","Maziba","Pf3D7_12_v3-659881-660127-1A","GGTGGTTTAACATTTTGAGCTACGAGATTTTCGACTGATGGCAATCCTAATTTGATTAATTCCTTTAACATAATTTTTGCGTGTTTTTTTACTTCTGATTTGATATCAAAGCTTGATTCTAAAAAGGTTGGTGAATTTTTTTGTAAAACACTGACAAGTTCATTTGATATGGTCTCTGCTAAATCATCACCA","Pf3D7_12_v3-659881-660127-1A.24","17G35C50A73A74T83+9N135+9N",973,0.766141732283465,2
"IM-23-122-XFGC","8039832512","Maziba","Pf3D7_12_v3-684011-684240-1A","ACCTAATGTTGGTAAGTCTACCATTTTTAATCGACTAACTCGAAAATATCAAGATGGTAGTATTGTTTTAGAGGTTAGTAGTACGAGAGATAAACTTTATGGAGAAGTTGAGTGGGAAGGATATAAATTTGAACTTGTGGATACAGGAGGTTTAGTTTTTGA","Pf3D7_12_v3-684011-684240-1A.4","73G",333,0.274299835255354,2
"IM-23-122-XFGC","8039832512","Maziba","Pf3D7_12_v3-684011-684240-1A","ACCTAATGTTGGTAAGTCTACCATTTTTAATCGACTAACTCGAAAATATCAAGATGGTAGTATTGTTTTAGATGATAGTAGTACGAGAGATAAACTTTATGGAGAAGTTGAGTGGGAAGGATATAAATTTGAACTTGTGGATACAGGAGGTTTAGTTTTTGA","Pf3D7_12_v3-684011-684240-1A.6","75A",881,0.725700164744646,2
"IM-23-122-XFGC","8039832512","Maziba","Pf3D7_05_v3-958920-959168-1B","AATAATAAATCGAAAACCATTAGTTGAAAATAATGATGATGGAGAAACATTACCAAATATTAAAAAAATTGAATTTAAAAATGTAAGATTTCATTATGATACTAGAAAAGATGTTGAAATTTATAAAGATTTAAGTTTTACTCTAAAAGAAGGGAAAACATATGCATTTGTGGGAGAATCA","Pf3D7_05_v3-958920-959168-1B.1","61+9N",556,1,1
"IM-23-122-XFGC","8039832512","Maziba","Pf3D7_01_v3-194742-194973-1B","TACCTATAAAAATGAAAAAAATAAAGAAGAAGATAAATATGGAAAAAATGAAAAAAACGAAAAATATGACAAATATGACAAATATGAAAAATATGAAAAATATGATAAATACAAAAAAGATAATAAAAATCAACATGATGATCCACTTTATGATAATATTAATAAAAATTACGATAA","Pf3D7_01_v3-194742-194973-1B.2","14+9N42+17N112+8N",2262,1,1
"IM-23-122-XFGC","8039832512","Maziba","Pf3D7_14_v3-137398-137668-1A","ACCATTCATATTTTCTAGGTTTGTTTAACCAATTACATATATATAATATATTACAAAATAATTGTTTTAATAATATATGTTTAGTTAATATTAATTCAATACTACTTAATTTATTTCTTATATTTTTTAAAAGATCTTCATAAACAAAATCAAAATTATCTATTAATAATAAATAACCAAATCTTTTATGTACATTTTTTATTC","Pf3D7_14_v3-137398-137668-1A.2","122+8N194+8N",12,0.125,2
"IM-23-122-XFGC","8039832512","Maziba","Pf3D7_14_v3-1392837-1393086-1A","ACATGTATTGTCCCCAGCATGAATCGGGTGATAAATATTATCAAGCGTATCAAAAAATGGATTGTAATTATTACTACTATTCATATCATTATTTTTTGTGGTGGTGGACTGTGAAATGTTTTCCTTATGATTTTGACTTGTGTGTATATCCCTACCAACAACATATTCAACATTATTATTATCAAAAA","Pf3D7_14_v3-1392837-1393086-1A.2","51+8N91+8N",971,1,1
"IM-23-122-XFGC","8039832512","Maziba","Pf3D7_06_v3-1235395-1235658-1A","GAATATGATAAAATATATATACCAAACAATAAAAATAAAATTAATAATATAAATAATTTTTTAATAAAAAACAATTTGCTGTTGAAATCCAAATTTATGAGAATAACTCCTAATACCTATTTATGTCGTAATTGTGTCCTGTTATATCAAAATGATTTTTCGTATAATACATATGAAGAAGAAATTAATAAAATGG","Pf3D7_06_v3-1235395-1235658-1A.1","56+8N65+8N",60,0.257510729613734,2
"IM-23-122-XFGC","8039832512","Maziba","Pf3D7_07_v3-896613-896849-1B","ACAATGAAAAAATGTATTAATGATGAATTATATAAAATAAAAATAAATGTAGGTTTATATAAAAAGGATAGAAAAAAATTATCCTTTTTTATATTGTTGCATAAATTTTATTTAGATAATTATAATATTGTTATTAATAAATTAAAAAATATGAATAATTTAATAGAAA","Pf3D7_07_v3-896613-896849-1B.1","6+8N71+9N84+8N143+8N",367,1,1
"IM-23-122-XFGC","8039832512","Maziba","Pf3D7_02_v3-290580-290821-1A","TTATTATAAGGATTATAATTATTATCATTCTTATTATATGGATTAATATAATTTCGATCATAATCATTACTGTTTTTATCATATTGTGGATAATTATTTCTATTTCTATTTTGATTAAAATCCGATTGTCTATATCTAACTCTAATATCTGTAGATGCTAAATCATTAGGTAATGGG","Pf3D7_02_v3-290580-290821-1A.6","12+26N62A",52,0.0362622036262204,2
"IM-23-122-XFGC","8039832512","Maziba","Pf3D7_08_v3-1056678-1056903-1A","GTGTTAACGATAATTATAATGCAATAAGCACAACTAATTTTTCAGATGACATGGATGAATTGATAAAGAATCTTTCTATTATGGGTTTGTGTAAAGAGAAAATAGTGTTAACAGAAAAGGCAACACTATTTAATAACATTGAATTGTTGTATTCATATTATCTTATAGTTCAGA","Pf3D7_08_v3-1056678-1056903-1A.1",".",5778,1,1
"IM-23-122-XFGC","8039832512","Maziba","Pf3D7_08_v3-102277-102527-1A","TACCTTCATCTATTGAATTAATTTTCTCAAGTAACATATTTTTGTCTTGACTACTTTCATCTGTAAATGGAACGACTACTCTTTGCTTACCTGCAAAAAGGACAACTGACATATGAGCCTTATCCTTACTTACATTCGAATTAAAGACCATAGATTCTAAAAATGGTATAGTTCCTTTTAACCAATAATC","Pf3D7_08_v3-102277-102527-1A.4",".",219,0.145902731512325,2
"IM-23-122-XFGC","8039832512","Maziba","Pf3D7_06_v3-1135605-1135855-1A","TATAAAGAATTTATACCACCTAAATTGTTAACATTAGAAGTATTATTTGTTTCTGTATTTTCTTGTAACGTATTTGTATTATTAATATTGTTAGATGAAATATTATGACTATTTCTTCTATTTGTTATATTTAAATTGTAAATAGTTTCATTACTAACACTACTGATACCACTGAAATGATTATTTAG","Pf3D7_06_v3-1135605-1135855-1A.2",".",189,0.261772853185596,2
"IM-23-122-XFGC","8039832512","Maziba","Pf3D7_06_v3-1135605-1135855-1A","TATAAAGAATTTATACCACCTAAATTGTTAACATTAGAAGTATTATTTGTTTCTGTATTTTCTTGTAACGTATTTGTATTATTAATATTGTTAGATGAAATATTATGACTATTTCTTCTATTTGTTATATTTAAATTGTAAATAGTTTCATTACTAACACTACTGATACCATTGAAATGATTATTTAG","Pf3D7_06_v3-1135605-1135855-1A.1","172T",533,0.738227146814404,2
"IM-23-122-XFGC","8039832512","Maziba","Pf3D7_06_v3-1136091-1136364-1A","CATTATTTTTGTATCCAACGTCGTTATTATTAAAACTTATTATTTGATTAATAACTGACGAACCACATATATTTACACAATGGAATACATAACTTAAGAAAGAGTAGTAATTGCATTTTACTTTTTGCATTTTCCCTCTGGTGGAGAAATAATTATTATGCTGCTTATTACTCTTTGTATTATGATAATTTTTGGTAATCATTTTTTTT","Pf3D7_06_v3-1136091-1136364-1A.1","173C201+9N",603,0.790301441677588,2
"IM-23-122-XFGC","8039832512","Maziba","Pf3D7_14_v3-2695837-2696082-1A","CGTTTTGTATCATATTATTAGATATAGTTATTTTATTATTATTTTCTACATTATTATTCAATATATTACATCCTGTTATGGAATTATTGTTAAAATATAAATTATTCGAATTGTTATTATTAAATTCTAATCCACTAACTGCTGTTGTATATAATGATGATGAGTTATTATTATAGAAATC","Pf3D7_14_v3-2695837-2696082-1A.2","28+16N53A",421,0.788389513108614,2
"IM-23-122-XFGC","8039832512","Maziba","Pf3D7_11_v3-1816152-1816378-1A","TTGGGTAGATATCGTTATAAGGGCTATAATGTATTGACTTCTCCGGGTTTGTTACATTATCATTACAACCAATATTATTAAGGTTCATATTATTTTTATCATTATTATTGTTGTTTTCATTTGTGTGGTTATATAATAACAATGATGTGTCGTCTATTGGATCATT","Pf3D7_11_v3-1816152-1816378-1A.4","50T86C90T",593,0.18525460793502,2
"IM-23-122-XFGC","8039832512","Maziba","Pf3D7_14_v3-279563-279833-1A","CATTTTTCTTTTAAATGAGAGCAATATATTTCTTAGGTTTATTCCGGATAAATGTTTAGTTATTAGCCAGGTGAGTTATAGTGATTCATATAAGGTAAATTGTATTAATTTCTCTGAAGGATTTTGTTGCTGTCATCCAATAAATAATTTAGCACTATTATATGGAGAGTATCAACAAAATCAAGAATCAAAAATTATGAAATTACCG","Pf3D7_14_v3-279563-279833-1A.2","77T",1,0.00290697674418605,3
"IM-23-122-XFGC","8039832512","Maziba","Pf3D7_14_v3-2858894-2859160-1A","ATAGATTTTAATGACATAAAAAACACAACAAATGAGTATAATAATTTTGAGGAACATAATTATCAAGATGATAAATTTATATTTAATAAAGATATACATAATATTCTTTTAGAATTAAAGGAATCATTAAATGACATATCACGTGGAAGACTAAATACATTGATAAGAGATAATAAAATAAGTAGTTATATAATATATCA","Pf3D7_14_v3-2858894-2859160-1A.2","15C17+8N28A188A",233,0.73968253968254,2
"IM-23-122-XFGC","8039832512","Maziba","Pf3D7_06_v3-1197245-1197515-1A","CATTAGGAAAAACAACAGAGCCTTCTTCCATACCATAAATACATAAATCATTTCCACTAATCTTTTCTAAATATTGCACAAAAGAATCAATATCATTATAAGATGACATCTTCTTTCTTATAAAATCTAATTGAGCTTTGGTAAATCGAAAACAATTAATATATTTTATTACTTCATATACACCAGCTAATATAGCAAATTGAC","Pf3D7_06_v3-1197245-1197515-1A.1","20G",615,1,1
"IM-23-122-XFGC","8039832512","Maziba","Pf3D7_12_v3-529495-529767-1A","GCTCCCCAAAAGTTAACTGCTTCATTATTTTTTGGATCCCAAAAACTAACATTCGTTACCCATCCAACATAATCGGTAGATATCCTATATTCATAACTACTACAGAAATATTTATACTCATGGTATACATTTGCATCATTTACATCTACCAAATTAACAGTTTTACACAAATTGTGAATTCCATTCAAGTTATAAAAACCTGTACAT","Pf3D7_12_v3-529495-529767-1A.7","32T180T",463,0.696240601503759,2
"IM-23-122-XFGC","8039832512","Maziba","Pf3D7_06_v3-1235395-1235658-1A","GAATATGATAAAATATATATACCAAACAATAAAAATAAAATTAATAATATAAATAATTTTTTAATAAAAAACAATTTGTTGTTGAAATCCAAATTTATGAGAATAACTCCTAATACCTATTTATGTCGTAATTGTGTCCTGTTATATCAAAATGATTTTTCGTATAATACATATGAAGAAGAAATTAATAAAATGG","Pf3D7_06_v3-1235395-1235658-1A.2","56+8N65+8N79T",173,0.742489270386266,2
"IM-23-122-XFGC","8039832512","Maziba","Pf3D7_08_v3-1386795-1387043-1B","TCCTTTGTCGCAGCATGCCTTTCATTAGCTGCTATAGCTTGTGTTATCTTAACTTCATTATAAAAAAAATATACTTCGATAAAAGGTACATATACCATGCTGGTCAATGATATTAGCATGCGACATTCTAATATATCCATTATGAACTAGGTGAACAAGAATATTGGGATTATTGAAATTGTCTGCATTA","Pf3D7_08_v3-1386795-1387043-1B.27","61+10N148T",529,0.791916167664671,2
"IM-23-122-XFGC","8039832512","Maziba","Pf3D7_13_v3-156713-156986-1A","TCCTTTTATGTGAACAAATTAAATATTGTAAATGATTTCTTTTTTGAAACACACCATAAAGATACACATCAAGACAGTCAAAATGAACACAAAACGGATGAACCTAAAATACATAATGTTTTCAAAAAAAAAAATAACGATATCTTTGTTAATATTCCTCTACCAAAAATATTTAAAAATTTCTTACATTCCATATATTTTAGAACTCC","Pf3D7_13_v3-156713-156986-1A.2","39+8N50C123+13N",410,1,1
"IM-23-122-XFGC","8039832512","Maziba","Pf3D7_08_v3-336421-336651-1A","TAACAACGAACCCATAAATTTACAGAAAAATTTAGATTTAATCATATGGCTAAAAAAGAATATAAAAGAAGGAGAAGCTTTAATTTCTGATATACCCACATCAAGTTTTTTAAGGTGTACTACAAATTATAAATTTGTATTGCATCCACAATATGAAGATAGT","Pf3D7_08_v3-336421-336651-1A.1","51+8N105+8N",1238,0.869992972593113,3
"IM-23-122-XFGC","8039832512","Maziba","Pf3D7_08_v3-476232-476475-1A","CAAACACATGATAAACAAAAGTGTAAGGAAAATTTTTCAAATTCATTTGTTAATGAAATATATGAAAAAGAAGAAAAAGAAACGCAAAAAATGAAAGAATATTTAGAACAACATGAAGAACATTTTTCAACGTTTAGAAATTCAATTTTATGTAAATTAAGAATAGCTGAAGAATT","Pf3D7_08_v3-476232-476475-1A.1","85+8N",56,0.0597014925373134,2
"IM-23-122-XFGC","8039832512","Maziba","Pf3D7_08_v3-412801-413062-1A","ATGAAGAAATATACGAATATATACTTATAAACGATATTTTTAATTTAAAAAAAGAAATAAAAAATTTCAATATATTAAATAAATATGATGTATTTGAATATATTATTATTATTTTAAAATTGTATGATAAAATATATCCTGATGCAGAGTACATCGAATGTGTACGAGAAACATCACAGAATGGTGACCTTTTA","Pf3D7_08_v3-412801-413062-1A.4","46+9N58+8N101+13N147G188C190T",106,1,1
"IM-23-122-XFGC","8039832512","Maziba","Pf3D7_08_v3-399693-399961-1A","CTTTTCTTCACCTTGGTTTATTACATTATTATTTTCATCATTGTGTTGAATGTCCTTATAAATATGTTCATTAATAATATCTTTGGAAGTATCTTCCATATTTTCTTCTTTATCAATTTTAAATACTTTTTCATAACTTTCATTTTCTTTTTTCTCCTTGGATGTTTCTAATTTATTCTCGTCATTTTTATCAAAATTATTTTTATAACTTTCA","Pf3D7_08_v3-399693-399961-1A.1","147+8N",73,0.0922882427307206,2
"IM-23-122-XFGC","8039832512","Maziba","Pf3D7_04_v3-1083299-1083563-2","ATATACTTTCCATATGTAGAGGACTTATGATATATAGAATTATAAGATAAATGTTTATAATAATCTAAAAAAGTATAATGAGGTATTATAACAAAATCCAAATGTCCTTCTTTTTCTTGTAAAATATCAATAGAATTTGCAATGTTATAATTTGATAACTCTTTAAAATGATATTGTAAAAAATTAACATTTTTATA","Pf3D7_04_v3-1083299-1083563-2.2","4T66+8N177+8N",454,0.799295774647887,2
"IM-23-122-XFGC","8039832512","Maziba","Pf3D7_09_v3-1015103-1015350-1A","ATTATTTAATTTTTCATCTTTTATATTTTTCAGATTTTTTATATGAAGATATAGGAATACAACTAAATTAACAGCTGAAAATAATCTTACTAACAAAAATAATTTGAGGAATTCTTCATCATATAAATCTTTTGGAATATTATTTGTGTATTCATAAATTTCTATTAAGGATATAATAGTTATGA","Pf3D7_09_v3-1015103-1015350-1A.1","34+8N",98,0.579881656804734,2
"IM-23-122-XFGC","8039832512","Maziba","Pf3D7_12_v3-233418-233671-1A","CAAAAATATCATTCCCCAAATTTGTACTACTAATTGTTCCAATAGTTCCTATAGTTGTGGTAATTTGCTCATATGTATTTTTTCCTAAAGATTTATTAGACACATTTGAAGGATCATTATTTTGTTCCAAATTCTTGGGCACAGTATTATTACATGAGAATAATGAAAAGTTATTATCATAATTCTTTTGTT","Pf3D7_12_v3-233418-233671-1A.3","77+8N",210,0.276315789473684,2
"IM-23-122-XFGC","8039832512","Maziba","Pf3D7_04_v3-1113397-1113639-1A","GATTCTGCATGCAGTAATGAATCTATTGAAATCATCTAAGAATAAACTTTTTTGTTTAAACCATTTATTGAACATTTCACTTAAATGTGATTCAATTTTTTTTTCTGAGATTTCCATAATTTGATTACATCTATTCAATTTGTTTGTATAATTATTAGGTCTTATTATTCTTTTACGTTTTAAATCATC","Pf3D7_04_v3-1113397-1113639-1A.4","47+8N95+11N110A130T152T154A",1272,0.751329001772002,2
"IM-23-122-XFGC","8039832512","Maziba","Pf3D7_12_v3-529495-529767-1A","GCTCCCCAAAAGTTAACTGCTTCATTATTTTTTGGATCCCAAAAACTAACATTCGTTACCCATCCAACATAATCGGTAGATATCCTATATTCATAACTACTACAGAAATATTTATACTCATGGTATACATTTGCATCATTTACATCTACCAAATTAACAGTTTTACACAAATTGTGAATGCCATTCAAGTTATAAAAACCTGTACAT","Pf3D7_12_v3-529495-529767-1A.1","32T",202,0.303759398496241,2
"IM-23-122-XFGC","8039832512","Maziba","Pf3D7_14_v3-421322-421547-1A","TAAGAAAGATGAAGTAATAGAAAAAACTGAAGTATCAAAGAAAACATTTTCAGGTATAGGTTTTAATCTTACTGAGAAAGAAGCTAAAGTATTAGGTGTAGGTGTAACCTATCAAGAATATCCAGAAACCATGTTATATAACTGTCCAAACAATTCTA","Pf3D7_14_v3-421322-421547-1A.1","20+8N",119,0.211367673179396,2
"IM-23-122-XFGC","8039832512","Maziba","Pf3D7_12_v3-63081-63314-1A","TTTCCGTCATAATAGTTGCATACATTCTATTAAAAACTTTGGGTACTCCTAATATAATTTCACCTTTTGAATTACATATGTCTGTATTCAAAAATTTTATATCTCTACTCCATATATTTATCTTTACACCCAAAAACAAAGCAATGAAAAAAACAACCCTTTCATA","Pf3D7_12_v3-63081-63314-1A.1","146+9N",315,0.251196172248804,2
"IM-23-122-XFGC","8039832512","Maziba","Pf3D7_04_v3-133581-133830-1A","CTCTCGATTATCATTACCTACTTCAGTCTTTACAATTGTAGGAGGTGTTTTAACATGATTATCCCCTCCATGAGGAGTAACCCTTAAAGGTTCTTCTTGAATATTTGGTGTCGCTTCGCCTGTTTCTGTAGAAAGGATATTTATTCTATCAACATATTCATCACCTTCTTCAACTGTACTATTTAAA","Pf3D7_04_v3-133581-133830-1A.1",".",226,1,1
"IM-23-122-XFGC","8039832512","Maziba","Pf3D7_11_v3-119432-119705-1A","CTCCTTTATATTCATCAAGAAATTTCATCCAAAAGTAATTATGTTTTTCTTGTTGATATTTTGCTTTATACAAACGAGCAAGATACTTATTATACGATTCATGCTCTTTAATTTTCTTTTCAAAAGTTTTGGTTATAATGTGTTCAAGTGATTGTAAAGTATTTTTCTTTAATTTTCTCCATATTAATCTACATGCGATTATAAGAA","Pf3D7_11_v3-119432-119705-1A.2","33A89A",336,0.8,2
"IM-23-122-XFGC","8039832512","Maziba","Pf3D7_11_v3-1294664-1294910-1A","AAAAGATAAATTATTTGAAAACTATACATATTTAAGTAAAAATGTAGTTCATAACTGGGAAGAAGTTTGCCCTAGAAAGAATTTACAGAATGCAAAATTCGGATTATGGGTCGATGGAAATTGTGAAGATATACCACATGTAAATGAATTTTCAGCAAATGATCTTTTTGAATGTAATAAATTAGTTTTTGAATTG","Pf3D7_11_v3-1294664-1294910-1A.18","9A12T17G40A50C62G152T159A",403,0.159288537549407,3
"IM-23-122-XFGC","8039832512","Maziba","Pf3D7_14_v3-1038300-1038538-1A","ATTAATGATTTATACACTTCAACTACACTTTTTAATTTAGCCCATACAATTAATAAAGCTCTACGATAAATTTCTTTTTTATTTGATTTAGAAAAAGGAGAAAACCATTGAAACTTTTTGGCTAGATATTTATGGTCTTTATCAAAAATATATTCTGAAACTTCATCTTCTAGAAGT","Pf3D7_14_v3-1038300-1038538-1A.1","74+8N",771,0.866292134831461,2
"IM-23-122-XFGC","8039832512","Maziba","Pf3D7_11_v3-1293919-1294168-1A","TCCATATCAAAAAAGTGATGTGTATCATCCAATCAACGAACATAGGGAACATCCAAAAGAATACCAATATCCATTACACCAGGAACATACATACCAACAAGAAGATTCAGGAGAAGACGAAAATACATTACAACACGCATATCCAATAGACCACGAAGGTGCTGAACCCGCACCACAAGAACAAAATTTAT","Pf3D7_11_v3-1293919-1294168-1A.4","13A27A65C163T",1689,0.823500731350561,2
"IM-23-122-XFGC","8039832512","Maziba","Pf3D7_11_v3-1293919-1294168-1A","ACCATATCAAAATAGTGATGTGTATCATCCAATCAACGAACATAGGGAACATTCAAAAGAATACGAATATCCATTACACCAGGAACATACATACCAACAAGAAGATTCAGGAGAAGACGAAAATACATTACAACACGCATATCCAATAGACCACGAAGGTGCCGAACCCGCACCACAAGAACAAAATTTAT","Pf3D7_11_v3-1293919-1294168-1A.7","1A27A53T",362,0.176499268649439,2
"IM-23-122-XFGC","8039832512","Maziba","Pf3D7_05_v3-958079-958350-1B","TTTTTATATCTGTGTTTGGTGTAATATTAAAGAACATGAATTTAGGTGATGATATTAATCCTATAATATTATCATTAGTATCTATAGGTTTAGTACAATTTATATTATCAATGATATCAAGTTATTGTATGGATGTAATTACATCAAAAATATTAAAAACTTTAAAGCTTGAATATTTAAGAAGTGTTTTTTATCAAGATGGACAATTTC","Pf3D7_05_v3-958079-958350-1B.1","186+8N",141,1,1
"IM-23-122-XFGC","8039832512","Maziba","Pf3D7_05_v3-958372-958608-1B","ATTTATAACAATTTTTACATATGCCAGTTCCTTTTTAGGTTTATATATTTGGTCATTAATAAAAAATGCACGTTTGACTTTATGTATTACTTGCGTTTTTCCGTTAATTTATGTTTGTGGTGTCATATGTAATAAGAAAGTAAAATTAAATAAAAAAACATCTTTGTTATATAATAACAATACC","Pf3D7_05_v3-958372-958608-1B.2","60+8N151+9N",737,0.782377919320595,2
"IM-23-122-XFGC","8039832512","Maziba","Pf3D7_07_v3-475313-475545-1A","AGCTTTATTATCTACAAAAAATCCACGTGGATATATGAAACAAATGAAATTGTATTTTATATTCCAAATTAAAGAAATTGCATTAAGAAAACATGGCTCTTTACTTACAGTCAAAAATTTATATGATAATAAACTTTTAAATATAAATTCATCATCTTCTACAAATA","Pf3D7_07_v3-475313-475545-1A.2","15+8N125G",704,0.849215922798553,2
"IM-23-122-XFGC","8039832512","Maziba","Pf3D7_05_v3-960810-961048-1B","TAATACAGGAAGCATTTTATAATATGCATACTGTTATTAATTATGGTTTAGAAGATTATTTCTGTAATTTGATAGAAAAAGCTATTGATTATAAAAATAAAGGACAAAAAAGAAGAATTATTGTAAATGCAGCTTTATGGGGATTCAGTCAAAGCGCTCAATTATTTATTAATAGTTT","Pf3D7_05_v3-960810-961048-1B.1","105+8N",999,1,1
"IM-23-122-XFGC","8039832512","Maziba","Pf3D7_14_v3-771407-771633-1A","ACCCACGGGACATTTTAATTTATACCTATTGGAACATTTTTTATTAGGTCTTTCTTTATGATTCTTCTTTAAAATAGGTTCATCATTATTTGAGTAAACTAACAGATCATTATCGTTCTCAAATTTATTATAACCATCAATATTTTTATTTCCATATACATCTATAA","Pf3D7_14_v3-771407-771633-1A.2","36+8N108C124T",333,0.146245059288538,2
"IM-23-122-XFGC","8039832512","Maziba","Pf3D7_06_v3-1192628-1192867-1A","GATTATATATTTCTATATTTTAATAAGAATGCGTTACACAAACATGATGCCTCTAATGAAATGTGTTTTGTGAAAAACGAAGATTCTACACGCACAAAAGGACATATGAATGATGAACAAAATGATTTATATAAAATAAATAATAATACAACATATTTTTTTAACAAAAACCACT","Pf3D7_06_v3-1192628-1192867-1A.1","30T155+9N",957,1,1
"IM-23-122-XFGC","8039832512","Maziba","Pf3D7_13_v3-911757-912005-1A","GAGCCAACAATTTGATTTTCCACAACTTACTGAATCTTTAAAACATTGTGAACAGGTATTTGACATTTTTTTATTATCTTTGGCTAGTTCCTTTTGAACACATTCCATAGTACTATCACCTGAACCTAAGTTATCAACAGAACATTTTAATAATATACTAAAAAATTTATTGCTAGGAGAAAGTTGTAAA","Pf3D7_13_v3-911757-912005-1A.3","60T65+9N159+8N",387,0.260606060606061,2
"IM-23-122-XFGC","8039832512","Maziba","Pf3D7_13_v3-2816310-2816554-1B","CAAATACTTTTCAATATAGGTCTAGTGAAAGTGTGGAAGTAATAACTAATAAACCTGATGAAATGGAAATGACAACTAAACCACCATCACAATATATTGAAAAGGAAATTGGAGAAATTGATTCTACAAAAAATCAAGATAATGATGAACAAAGCAATTCTATAATTCCTTTAATTAATAAAAATAATGAA","Pf3D7_13_v3-2816310-2816554-1B.2","95T127+8N",1617,1,1
"IM-23-122-XFGC","8039832512","Maziba","Pf3D7_13_v3-156456-156685-1A","ATTATATGATATTTATATAAAATTAGAAAATCTAATTTTAGAAAAAATAACTGAAAGTATATACAATAGTACACCTCCATATAGAGTTATTATGTTCGAATTAATGACCAGATTGTTTCGATTTTATACAAAACCAATAGACCTTATTATTACTATGAATACAC","Pf3D7_13_v3-156456-156685-1A.2","41+8N115G",65,0.192878338278932,2
"IM-23-122-XFGC","8039832512","Maziba","Pf3D7_14_v3-2020604-2020849-1A","CAAGAACATGAATATTTCTGTATATACATAGACAAGTCCTCATTATGTCTTATCACAGGGTGCTCTTCTTTAATATGACAATATAATTTTATATGTTTTATTATTTCTTGATGAATTTCACATAATAAAAATAATGTGTGATTCATATGTTGACTACCCAATATAGAAAAGCCACTAACTAATTG","Pf3D7_14_v3-2020604-2020849-1A.4","23T65+8N",128,0.126108374384236,2
"IM-23-122-XFGC","8039832512","Maziba","Pf3D7_11_v3-1375807-1376056-1A","TCGTTATGTACCCTAATAAATTTTTTTTCATTATTTGAATCTATATTATTTACATTAGTATTTTGAGTTGTACCATAAATTTCAGTGTTATTATTATTTCTATTCATATAATTATGTCCGCTTATATAATTATGACCATTAAAAAAACGTCTTTCATGTATATCATCTCTTCTAATGTATTTA","Pf3D7_11_v3-1375807-1376056-1A.4","20+10N140+9N154T",45,0.177865612648221,2
"IM-23-122-XFGC","8039832512","Maziba","Pf3D7_08_v3-336421-336651-1A","TAACAACGAACCCATAAATTTACAGAAAAATTTAGATTTAATCATATGGCTAAAAAAGAATATAAAAGAAGGAGAAGCTTTAATTTCTGATATACCCACATCAAGTTTTTTAAGGTGTACTACAAATTATAAATTTGTATTGCATCCCCAATATGAAGATAGT","Pf3D7_08_v3-336421-336651-1A.4","51+8N105+8N148C",6,0.00421644413211525,3
"IM-23-122-XFGC","8039832512","Maziba","Pf3D7_13_v3-1725208-1725471-1B","CATAAATTTTATTATCAAAAGCAACACACATAGCTGATGATCTAGGGGTATTCAAAGGTGCCACCTCTACCCATGCTTTCATACGATGATCATATGCTTCTACATTCGGTATAATAGAAGAGCCATCATATCCCCCAATACAATAAATTCTACCATTTGACGTAACACCACAATTATTTCTTCTAGGTATATTTAAATTACTTGAAAC","Pf3D7_13_v3-1725208-1725471-1B.1",".",727,1,1
"IM-23-122-XFGC","8039832512","Maziba","Pf3D7_14_v3-2260533-2260765-1A","AATAACCATCAAATACAAACTCAACCAACAAATACAGTACAATATATTCAACCAAATTATGAACAAGTCATAACACAAGTAGATCAAAATGGTAATCTATTCAATCAACAGCTTGTAGGAAGTACAGTAATGCAAAATATGACACCACAAGGTGTAAACACGTTAAATTATCCTGCAACG","Pf3D7_14_v3-2260533-2260765-1A.1","91G",3216,1,1
"IM-23-122-XFGC","8039832512","Maziba","Pf3D7_14_v3-2355614-2355853-1A","ACTTTTCTCGATTCACATTATCCAAACCCATTTAACGAGTATGAAAAATATGACAAACATTATTATGAACTTGAAAATATTTTAAAAAACAAACTTAATGAACATTCCTTAAATTATCAATCTTTGTTAAAAATGAAAAGATTTATAAGTATGAACGATATGGAAAATAATAA","Pf3D7_14_v3-2355614-2355853-1A.1","83+8N",953,1,1
"IM-23-122-XFGC","8039832512","Maziba","Pf3D7_14_v3-2695837-2696082-1A","CGTTCTGTATCATATTATTAGATATAGTTATTTTATTATTATTTTCTACATTGTTATTCAATATATTACATCCTGTTATGGAATTATTGTTAAAATATAAATTATTCGAATTGTTATTATTAAATTCTAATCCACTAACTGCTGTTGTATATAATGATGATGAGTTATTATTATAGAAATC","Pf3D7_14_v3-2695837-2696082-1A.10","5C28+16N",113,0.211610486891386,2
"IM-23-122-XFGC","8039832512","Maziba","Pf3D7_06_v3-1136091-1136364-1A","CATTATTTTTGTATCCAACGTCGTTATTATTAAAACTTATTATTTGATTAATAACTGACGAACCACATATATTTACACAATGGAATACATAACTTAAGAAAGAGTAGTAATTGCATTTTACTTTTTGCATTTTCCCTCTGGTGGAGAAATAATTATTATGCTGCTTATTACTTTTTGTATTATGATAATTTTTGGTAATCATTTTTTTT","Pf3D7_06_v3-1136091-1136364-1A.2","201+9N",160,0.209698558322412,2
"IM-23-122-XFGC","8039832512","Maziba","Pf3D7_14_v3-279563-279833-1A","CATTTTTCTTTTAAATGAGAGCAATATATTTCTTAGGTTTATTCCGGATAAATGTTTAGTTATTAGCCAGGTGAGTTATAGTGATTCATATAAGGTAAATTGTATTAATTTCTCTGAAGGATTTTGTTGCTGTCATCCAATAAATAATTTAGCACTATTATATGGAGAGTATCAACAAAATCAAGAATCAAACATTATGAAATTACCG","Pf3D7_14_v3-279563-279833-1A.4","77T193C",45,0.130813953488372,3
"IM-23-122-XFGC","8039832512","Maziba","Pf3D7_05_v3-369676-369949-1A","TGTAATATTATATATCCTGTTATAAATAAATCATTGGATATGGATGTGAAAAAAGAAGATATAAAAAAAAATGTAGAAGAAAATAAATATATAGAACATACACAGAATTTGAAAAATTATTTAGAAAATGATGAAAATGAGAAAAAAAAAAGAAGAAAAAGATCAAATAATAATGACAATTATAATTCTCATGATAATAATATTTTTCA","Pf3D7_05_v3-369676-369949-1A.1","48+8N62+11N141+12N",56,0.142493638676845,2
"IM-23-122-XFGC","8039832512","Maziba","Pf3D7_06_v3-1140900-1141174-1A","CTTCCATGTGAGCTTCAAAATCGTCTGAAGGTCGACTAGACATGAAAAATTCAGATTGAGGTAAATCATCAAATGGATGATTTCTATATGATATTCTAGGTATTAATCCTAAGATATTATTTATGCTATTACATTGAGAATTTCCTTCATTGGTTGTGGTACTTATATCCACATTTTGGTGATCATCAGGATATAATGTATTTTCTTTAGAACTT","Pf3D7_06_v3-1140900-1141174-1A.2",".",156,0.248012718600954,2
"IM-23-122-XFGC","8039832512","Maziba","Pf3D7_05_v3-395887-396136-1A","TCTAAGGATTGTTGGTTTTTTAGGATGCTCATCTTTTTAAGATAATCCTCTTTACTGTCGTTATTATTTAAATCGTTTTGTATAATATTATATTGTGAATTCCTTGTGTTTTTCATAACACTATTAGTCCTATTGGTGTTCTTCTTCTTATTATTATTATTATTGTTCTTCTTCTTAATAAA","Pf3D7_05_v3-395887-396136-1A.1","15+8N119C145+20N",370,0.880952380952381,2
"IM-23-122-XFGC","8039832512","Maziba","Pf3D7_11_v3-115913-116184-1A","ACCTCCAGATGTTATAAATATTATATTATCATCATCATTTGGAAGGAAATTCTCCTCTAATGTTTTTAATATTTCATCTATATTTTTAGGTCTCAATTTACTATTGAAAAATTTTGAATACTTCAAAAAATAATCATCATCTTTTACATTACATATATTATCATTATTTTCATTTTGTTTTAGTAGTTCATCTTTTATATTATC","Pf3D7_11_v3-115913-116184-1A.4","7A124+8N",30,0.182926829268293,2
"IM-23-122-XFGC","8039832512","Maziba","Pf3D7_08_v3-1386786-1387035-2","TTGTCTCCTTTGTCGCAGCATGCCTTTCATTAGCTGCTATAGCTTGTGTTATCTTAACTTCATTATAAAAAAAATATACTTCGATAAAAGGTACATATACCATGCTGGTCAATGATATTAGCATGCGACATTCTAATATATCCATTATGAACTAGGTGAACAAGAATATTGGGATTATTGAAATTGT","Pf3D7_08_v3-1386786-1387035-2.26","66+10N153T",743,0.81469298245614,2
"IM-23-122-XFGC","8039832512","Maziba","Pf3D7_13_v3-1724895-1725166-1B","CGCCATTTTCTCCTCCTGTAATTATATAAGAATCTGACAATGTGGCAGCTCCAAAATTCATTTTTTTCTCTGGTACACCATTTAGAAATTGCCATCTTTTATTAAATGGTTGATATTGTTCAACGGAATCTAATATGTTATGTTCATTATCAATACCTCCAACAACATATATTTGATTAAGGTAATTAAAAGCTGCTCCTGAACTTCTAG","Pf3D7_13_v3-1724895-1725166-1B.1","60+9N",348,1,1
"IM-23-122-XFGC","8039832512","Maziba","Pf3D7_05_v3-668763-669004-1A","TAATATTATCTGGCTCTGTAACCATGTCCGAACATATGTTAACAGGAGAATCTGTTCCTATACATAAAGAGCAGTTACCTTTTGAAGGAAATGCTATTATAAATAAAAATAATAAATATGAGAGTAACGATGAAAAGGATGATTACCTTCGTATTTATAATAATCATGCTAGTATTAATATGATCAAGCG","Pf3D7_05_v3-668763-669004-1A.7",".",269,0.19793966151582,2
"IM-23-122-XFGC","8039832512","Maziba","Pf3D7_11_v3-119432-119705-1A","CTCCTTTATATTCATCAAGAAATTTCATCCAAGAGTAATTATGTTTTTCTTGTTGATATTTTGCTTTATACAAACGAGCAAGATACTTTTTATACGATTCATGCTCTTTAATTTTCTTTTCAAAAGTTTTGGTTATAATGTGTTCAAGTGATTGTAAAGTATTTTTCTTTAATTTTCTCCATATTAATCTACATGCGATTATAAGAA","Pf3D7_11_v3-119432-119705-1A.1",".",84,0.2,2
"IM-23-122-XFGC","8039832512","Maziba","Pf3D7_03_v3-980853-981120-2","TAAGATTCTTTTGAGTTATTTATTTTCCAAATAATTTGGTTATATATATATGAAAATTCGATCATACCACATGCTCCAAGAATAATAGATGCATCGTCATTATATTGGAATGTAAAACTTTCATCATACTCATTTGTATTAGGTACACAAGAATCATCTTTATTTTTATAATTTTCTTTACATGTACAATTAATTTTACTATATT","Pf3D7_03_v3-980853-981120-2.1",".",376,1,1
"IM-23-122-XFGC","8039832512","Maziba","Pf3D7_04_v3-1005938-1006187-1A","GTCTTAACATTAATCTTAGTTACAAAGTTACATGGATTTATTGAAAAGATATTTTCGTCATTATATTTCTTTTTTTCCATATCTGTTTGATCATTTTGATATGTTTTCATATTATCCATATGTTCATTATTTTGATCAATATAATTTTTTTTTATAATAAATTTAGAATTATTTTTAAAGAAA","Pf3D7_04_v3-1005938-1006187-1A.5","61T69+9N144+11N",564,1,1
"IM-23-122-XFGC","8039832512","Maziba","Pf3D7_04_v3-109939-110184-1A","CAACATCTGAATTATATAAATCTTTAGAAAAACAACTAATATCCTTACTCCATATATTTATTTTTATACCAAGAATAACAGCCATATAAACCAAAACTCTCTCAAATACATGTGATACAGGTAAATAAGAAAAATGGGTTTTCGGTTTCATGTTTTTTATTACATTATGATCACATAATGGTGCTACT","Pf3D7_04_v3-109939-110184-1A.1","51C152+8N",115,0.181388012618297,2
"IM-23-122-XFGC","8039832512","Maziba","Pf3D7_13_v3-852647-852921-1A","TACGAAATGATGAATTAAAAGAATTAACATTTATGAAAAATAAAGAAAATAGGAATGCAGATACATATGTTTTTCATTATCCTAAAAAAGAGAAATATGACCAATTAGTTTTTGAATTACGTAAACATAATTTTAATATAACAAGCATGAATACATATAAAAAACTAACAAATGAAACATCATCACAAAAAGAAGAAAATGCTTCTATAATAAGTT","Pf3D7_13_v3-852647-852921-1A.1","75C83+8N158+8N",85,0.249266862170088,2
"IM-23-122-XFGC","8039832512","Maziba","Pf3D7_12_v3-233418-233671-1A","CAAAAATATGATTCCCCAAATTTGTACTACTAATTGTTCCAATAGTTCCTATAGTTGTGGTAATTTGCTCATATGTATTTTTTCCTAAAGATTTATTAGACACATTTGAAGGATCATTATTTTGTTCCAAATTCTTGGGCACAGTATTATTACATGAGAATAATGAAAAGTTATTATCATAATTCTTTTGTT","Pf3D7_12_v3-233418-233671-1A.9","10G77+8N",550,0.723684210526316,2
"IM-23-122-XFGC","8039832512","Maziba","Pf3D7_14_v3-771407-771633-1A","ACCCACGGGACATTTTAATTTATACCTATTGGAACATTTTTTATTAGGTCTTTCTTTATGATTCTTCTTTAAAATAGGTTCATCATTATTTGAGTAAACTAACAGATCATTATCGTTCTCAAAATTATTATAACCATCAATATTTTTATTTCCATATACATCTATAA","Pf3D7_14_v3-771407-771633-1A.6","36+8N108C",1944,0.853754940711462,2
"IM-23-122-XFGC","8039832512","Maziba","Pf3D7_07_v3-1066661-1066903-1A","TATGGTTTTGTAATTTATTGGTATGTGTTGTTAAAGGAGAATTTTTTTAATATCCCTTGTCATGGGCAAAATGAGAAAAAAGAAATAAAAAACTTTTATGTTCAACATGAAGATATTTGTGAACACACTATTGGTAATCATATGTTAGGTGATAAATTAAAAATGTGTACATCTAATATTAATG","Pf3D7_07_v3-1066661-1066903-1A.2","41+9N75+8N86+8N",427,0.242200794100964,2
"IM-23-122-XFGC","8039832512","Maziba","Pf3D7_07_v3-1149367-1149613-1A","TATTTGACTAGTCGAATAATATTTAATATTTTTGTTTAGGAAGTTTTCAAAATTGATGACATTGATAACCGTTTTTATTAAATCGCTTGGGTTGTTTGTGTGTTCTATAGTAGAAGACATAATTTTAAGAATGTGTTTTTGTGTTATTAAACAAAACTTTGTTACTATATGGAATCGTATGTTAT","Pf3D7_07_v3-1149367-1149613-1A.1","106T109A",2060,1,1
"IM-23-122-XFGC","8039832512","Maziba","Pf3D7_07_v3-403479-403716-1B","TTAGGTGGAGGTTCTTGTCTTGGTAAATGTGCTCATGTGTTTAAACTTATTTTTAAAGAGATTAAGGATAATATTTTTATTTATATTTTAAGTATTATTTATTTAAGTGTATGTGTAATGAATAAAATTTTTGCTAAAAGAACTTTAAACAAAATTGGTAACTATAGTTTTGTAACATCCGA","Pf3D7_07_v3-403479-403716-1B.1",".",994,1,1
"IM-23-122-XFGC","8039832512","Maziba","Pf3D7_11_v3-115913-116184-1A","ACCTCCCGATGTTATAAATATTATATTATCATCATCATTTGGAAGGAAATTCTCCTCTAATGTTTTTAATATTTCATCTATATTTTTAGGTCTCAATTTACTATTGAAAAATTTTGAATACTTCAAAAAATAATCATCATCTTTTACATTACATATATTATCATTATTTTCATTTTGTTTTAGTAGTTCATCTTTTTTATTATC","Pf3D7_11_v3-115913-116184-1A.2","124+8N197T",134,0.817073170731707,2
"IM-23-122-XFGC","8039832512","Maziba","Pf3D7_14_v3-1038300-1038538-1A","ATTAATGATTTATACACTTCAACTACACTTTTTAATTTAGCCCATACAACTAATAAAGCTCTACGATAAATTTCTTTTTTATTTGATTTAGAAAAAGGAGAAAACCATTGAAACTTTTTGGCTAGATATTTATGGTCTTTATCAAAAATATATTCTGAAACTTCATCTTCTAGAAGT","Pf3D7_14_v3-1038300-1038538-1A.3","50C74+8N",119,0.133707865168539,2
"IM-23-122-XFGC","8039832512","Maziba","Pf3D7_03_v3-85507-85756-1A","TATCATTTAAATTCTCTTTTTCCACAGCTCCAGCATTTTTATTTATATCATCTACAACTACATCTTCCTTCACATAATTATTTATATAAAAATTATTATCATCTAAAGCATCTGAAAATTCTTCATTTAATACTTCTTCATCTTCTACATTAAATGTTTTCGTTCTTTCATCATCTAATAAA","Pf3D7_03_v3-85507-85756-1A.3",".",360,1,1
"IM-23-122-XFGC","8039832512","Maziba","Pf3D7_13_v3-1725124-1725365-2","TGGAAATTGTTCCCATTTATTCATTTTTTCTTCATATACTTCAATAGAATTTAATCTCTCACCATTAGTTCCACCAATGACATAAATTTTATTATCAAAAGCAACACACATAGCTGATGATCTAGGGGTATTCAAAGGTGCCACCTCTACCCATGCTTTCATACGATGATCATATGCTTCTAC","Pf3D7_13_v3-1725124-1725365-2.1","23+8N",4677,1,1
"IM-23-122-XFGC","8039832512","Maziba","Pf3D7_12_v3-659881-660127-1A","GGTGGTTTAACATTTTCAGCTACGACTTTTTCGACTGATGGCAATCCTACTTTGATTAATTCCTTTAACATAGATTTTGCGTGTTTTTTTACTTCTGATTTGATATCAAAGCTTGATTCTAAAAAGGTTGGTGAATTTTTTTGTAAAACACTGACAAGTTCATTTGATATGGTCTCTGCTAAATCATCACCA","Pf3D7_12_v3-659881-660127-1A.1","26C27T35C83+9N135+9N",297,0.233858267716535,2
"IM-23-122-XFGC","8039832512","Maziba","Pf3D7_01_v3-162867-163115-1A","ATATACCAATAATACTTTTTTTTTTAAATAATGTAAAAAATGATTTATATAATTGTTATAAACAAATGATCACATATCATAATAATAATATCCTAAATCATAACTCTAATATTTTATCAAAAGAAAATGAAAAAAAACAACCTTTTTCAACATATAATATATCAAATCTTTGTTCTCCTGACCAAATGGTGATAAATAAAAA","Pf3D7_01_v3-162867-163115-1A.1","15+12N34+8N129+10N",4,0.00274348422496571,4
"IM-23-122-XFGC","8039832512","Maziba","Pf3D7_07_v3-475313-475545-1A","AGCTTTATTATCTACAAAAAATCCACGTGGATATATGAAACAAATGAAATTGTATTTTATATTCCAAATTAAAGAAATTGCATTAAGAAAACATGGCTCTTTACTTACAGTCAAAAATTTATATAATAATAAACTTTTAAATATAAATTCATCATCTTCTACAAATA","Pf3D7_07_v3-475313-475545-1A.1","15+8N",125,0.150784077201448,2
"IM-23-122-XFGC","8039832512","Maziba","Pf3D7_01_v3-162867-163115-1A","ATATACCAATAATACTTTTTTTTTTAAATAATGTAAAAAATGATTTATATAATTGTTATAAACAAATGATCACATATCATAATAATAATATCCTAAATCATAACTCTAATATTTTATCAAAAGAAAATGAAAAAAAACAACCTTTTTCAACATATAATATATCAAATCTTTGTTCTCCTGATCAAATGGTAATAAATAAAAA","Pf3D7_01_v3-162867-163115-1A.3","15+12N34+8N129+10N182T191A",1221,0.837448559670782,4
"IM-23-122-XFGC","8039832512","Maziba","Pf3D7_01_v3-181512-181761-1A","TTCATTATTGTTTTCATTCTTTTTTTAACGAAAACTATTCATCTCAAAAATATAAGATATTTTATATGACGAATGCCAATGTATTTTTTGTTACGTAAAACCTGACTTCTTCAGGGAAAACACATGCGCATTTTCACCAATTTTTGCCTAAGCTTATTATAAAAAGTATATTAAATGTATGAC","Pf3D7_01_v3-181512-181761-1A.40","19+9N79A83+8N114G",801,0.823227132579651,2
"IM-23-122-XFGC","8039832512","Maziba","Pf3D7_14_v3-279563-279833-1A","CATTTTTCTTTTAAATGAGAGCAATATATTTCTTAGGTTTATTCCGGATAAATGTTTAGTTATTAGCCAGGTGAGTAATAGTGATTCATATAAGGTAAATTGTATTAATTTCTCTGAAGGATTTTGTTGCTGTCATCCAATAAATAATTTAGCACTATTATATGGAGAGTATCAACAAAATCAAGAATCAAAAATTATGAAATTACCG","Pf3D7_14_v3-279563-279833-1A.1",".",298,0.866279069767442,3
"IM-23-122-XFGC","8039832512","Maziba","Pf3D7_12_v3-2092529-2092798-1B","AGTTGAAGGGGGAGGAATGATCGGAGTTATCAGATTAGAAAATCAAGTGAGAAATCCCCCTGTAATAAAATTGAAGAGTCATACATCTCCCATCCTTGATTTGTCATTTAACCCGTGTTATAGTGAGATATTAGCTTCATGTTCAGAAGATATGTCTATAAGAATATGGGAGATACGTCATGAGGATGAGAATGTGAATGAGGTA","Pf3D7_12_v3-2092529-2092798-1B.1",".",573,1,1
"IM-23-122-XFGC","8039832512","Maziba","Pf3D7_06_v3-1140900-1141174-1A","CTTCCATGTGAGCTTCAAAATCGTCTGAAGGTCGACTAGACATGAAAAATTCAGATTGAGGTAAATCATCAAATGGATGATTTCTATATGATATTCTAGGTATTAATCCTAAGATATTATTTATGCTATTACATTGAGAATTTCCTTCATTGGTTGTGGTACTTATATCCACATTTTGGTGATCATCAAGATATAATGTATTTTCTTTAGAACTT","Pf3D7_06_v3-1140900-1141174-1A.1","189A",473,0.751987281399046,2
"IM-23-122-XFGC","8039832512","Maziba","Pf3D7_13_v3-911757-912005-1A","GAGCCAACAATTTGATTTTCCACAACTTACTGAATCTTTAAAACATTGTGAACAGGTATCTGACATTTTTTTATTATCTTTGGCTAGTTCCTTTTGAACACATTCCATAGTACTATTACCTGAACCTAAGTTATCAACAGAACATTTTAATAATATACTAAAAAATTTATTGCTAGGAGAAAGTTGTAAA","Pf3D7_13_v3-911757-912005-1A.2","65+9N117T159+8N",1098,0.739393939393939,2
"IM-23-122-XFGC","8039832512","Maziba","Pf3D7_13_v3-2840462-2840736-1B","AATAAACACATATGTTTATTAATAAAATTGTTAGTTATTTTTATGTATACATAATAAATTAAAGATACTAAAACAATATTTTTAAATATAAATAAATGAATAATGATATTATTTATATGATTCATCATTCTATATTTACATGGAAGATTAAAAAATTATATATATATATATGGTAATTTCTGTGTTTATGTTTTTATTTTTATAATA","Pf3D7_13_v3-2840462-2840736-1B.3","88A149+23N",26,1,1
"IM-23-122-XFGC","8039832512","Maziba","Pf3D7_11_v3-408543-408771-1A","AGAGTGTTAATAATACTACAGCTAGTAATATTTCCAAATCCAAAAATGAACTTGAAAAAAAGTCATCAGTTAATAATAATGCTTATATTAAAATTATCGAAAATTATGATTTATTATGGTTAAAATTAATAGAAATTGAATTATGTTGTAATAATAAAAATTTAAATCCTATA","Pf3D7_11_v3-408543-408771-1A.1","54+9N",186,0.723735408560311,2
"IM-23-122-XFGC","8039832512","Maziba","Pf3D7_13_v3-958247-958510-1B","TTTATATTATCTGTAATATGCACGTTTTGTATAATATTATCAATATTTGTAGCATTTTGACCGTATGTTTCATTTTCATCGTATGTTCCATTTATATTGTATGTTCCATTTTCATCGTATGTTCCATTTATATTGTATGTTCCATTTTTATCATATGTTATGTCCACAT","Pf3D7_13_v3-958247-958510-1B.87","24G106D=TCATTTTCATCGTATGTTCCATTTATATTGTATGTT",1,0.00172117039586919,4
"IM-23-122-XFGC","8039832512","Maziba","Pf3D7_07_v3-405570-405844-1B","ATAGCAATTGCTTATTACTTTAAATTCTTAGCCGTAAGAATTAAAAAGATATAAATATATAAATATATATGTGAAATATATGATATATATGATATATATGATATATATTTTTTATATGTAATGTTTTTTTTTTTTTTCACAATATACATTTAAATGTTTATGATGGTACAACGTATCATATTTTATAATAATTTTATGCATTCATGTATATTATTTTTACTTTTT","Pf3D7_07_v3-405570-405844-1B.6","49+57N114+16N",16,0.106666666666667,2
"IM-23-122-XFGC","8039832512","Maziba","Pf3D7_03_v3-891553-891827-1A","CAAGAGCTAAGAAAACATATAGAATCATCATAAGGATGTTGATAATATAAATGTGTTTTTATTTGTGTATTTATGTCAGAATATTGTTCCTTCGATTTATCTTTAAAATAATCAAGATTATTTATGTTGGTGGCTTTATTATTATTAAAATAATTTTGATTTGTTACATGATGACTATGGGTATATTTGTATTTTACGTTTTTATTA","Pf3D7_03_v3-891553-891827-1A.1","93C116G178T",69,0.233108108108108,2
"IM-23-122-XFGC","8039832512","Maziba","Pf3D7_12_v3-1959644-1959891-1A","ATGGGAAGACGATAAGAGAAGAGAAATTAATTTCTGAGGGAGCGTATTCATTTGTTTATATGGCGAAGGATTTAAACACGAATCGAGCTTATACTATAAAGAAGACCATATGTCAAGATAAAGAGAAAATAGATATGGCGAATAAAGAAATCAACATTCTTAAAAGTTTACCTCCACATAAAAATATA","Pf3D7_12_v3-1959644-1959891-1A.2",".",879,1,1
"IM-23-122-XFGC","8039832512","Maziba","Pf3D7_05_v3-213027-213251-1A","ATGTACTTATCCCCTGATATGATTTTTCCAATATCATCAAAATCAGTAATCTCTAAATCATTTATATGATTTATATGTATAAATTCTTTTATCTTGTTCAAATAATTTCTGTAATAAAATATATTCTCTTTATCATCATCAATTATTTTCATATAATC","Pf3D7_05_v3-213027-213251-1A.4","25T26T",1494,1,1
"IM-23-122-XFGC","8039832512","Maziba","Pf3D7_03_v3-891553-891827-1A","CAAGAGCTAAGAAAACATATAGAATTATCATAAGGATGTTGATAATATAAATGTGTTTTTATTTGTGTATTTATGTCAGAATATTGTTCCTTTGATTTATCTTTAAAATAATCAATATTATTTATGTTGGTGGCTTTATTATTATTAAAATAATTTTGATTTGTTACATGATGACTAGGGGTATATTTGTATTTTACGTTTTTATTA","Pf3D7_03_v3-891553-891827-1A.6","26T",227,0.766891891891892,2
"IM-23-122-XFGC","8039832512","Maziba","Pf3D7_14_v3-2481033-2481276-1B","CCATGTGGATAAAGACAGTAGAGAGCAATTCGAAATAAAACAGTACTCTTGCAAATTAGATATTTTTTTGAACTCATCTGTTCCTATAAAAAATTCTGAATGTAAGCAGAATAAATTATACACAAAAGAATATATATTCATTTTTATTTATTCACTTTATATATGTTTGTATGTATGTA","Pf3D7_14_v3-2481033-2481276-1B.3","62+9N87+8N",499,1,1
"IM-23-122-XFGC","8039832512","Maziba","Pf3D7_07_v3-105172-105442-1A","GACTACTAACAGAGTGACTACCTACGCTATGTTGAGATGAATTGCTTCCATTTGAATTACTTCCAGATAGGTGATTTTCTGTTCTTCCATCTGAATTGTTTTCATATAATTGACTTTCCTTTTGTCCATCTAAATTATGCACTGCACTATGAGTTCCTTCACCCAAATTATTACTGTTTGTTGTATCATCATTTAAATCAAATCCATTTCTT","Pf3D7_07_v3-105172-105442-1A.4","44G52T83T103C",520,1,1
"IM-23-122-XFGC","8039832512","Maziba","Pf3D7_01_v3-181512-181761-1A","TTCACTATTGTTTTCATTCTTTTTTTAACTAAAACTATTCATCTCAAAAATATAAGATATTTTATATGACGAATGCCATTGTATTTTTTGTTACGTAAAACCTGACTTCTTCAGGGAAAACACATGCGCATTTTCACCAATTTTTGCCTAAGCTTATTATAAAAAGTATATTAAATGTATGAC","Pf3D7_01_v3-181512-181761-1A.37","5C19+9N30T83+8N114G",172,0.176772867420349,2
"IM-23-122-XFGC","8039832512","Maziba","Pf3D7_13_v3-852647-852921-1A","TACGAAATGATGAATTAAAAGAATTAACATTTATGAAAAATAAAGAAAATAGGAATGCAGATACATATGTTTTTGATTATCCTAAAAAAGAGAAATATGACCAATTAGTTTTTGAATTACGTAAACATAATTTTAATATAACAAGCATTAATACATATAAAAAACTAAAAAATGAAACATCATCACAAAAAGAAGAAAATGCTTCTATAATAAGTT","Pf3D7_13_v3-852647-852921-1A.8","83+8N149T158+8N169A",256,0.750733137829912,2
"IM-23-122-XFGC","8039832512","Maziba","Pf3D7_07_v3-1043981-1044225-1A","ATAATGATATGTTATTTCATCATCAGCATCGACTTCTTTCTTATTATGTTCAAACAAATTCTTATATTTTATATTATTGCATTTTTGTCTTTCCATATTTATAAAAGATTCTATTTTCTTTTTATAATCATTCCTTTTTATATAATTACACATTCCTTCATTTTGGTTGTCATAACTCTTCT","Pf3D7_07_v3-1043981-1044225-1A.2","36+8N",1285,1,1
"IM-23-122-XFGC","8039832512","Maziba","Pf3D7_07_v3-403487-403750-2","AGGTTCTTGTCTTGGTAAATGTGCTCATGTGTTTAAACTTATTTTTAAAGAGATTAAGGATAATATTTTTATTTATATTTTAAGTATTATTTATTTAAGTGTATGTGTAATGAATAAAATTTTTGCTAAAAGAACTTTAAACAAAATTGGTAACTATAGTTTTGTAACATCCGAAACTCACAACTTTATTTGTATGATTATGTTCTTT","Pf3D7_07_v3-403487-403750-2.1",".",691,1,1
"IM-23-122-XFGC","8039832512","Maziba","Pf3D7_12_v3-63081-63314-1A","TTTCCGTCATAATAGTTGCATACATTCTATTAAAAACTTTGGGTACTCCTAATATAATTTCACCTTTTGAATTACATATGTCTGTATTCAAAAATTTTATATCTCTACTCCATATATTTATCTTTACATCCAAAAACAAAGCAATGAAAAAAACAACCCTTTCATA","Pf3D7_12_v3-63081-63314-1A.6","129T146+9N",939,0.748803827751196,2
"IM-23-122-XFGC","8039832512","Maziba","Pf3D7_13_v3-388138-388408-1A","ATATATCTTTATTCATATGTTCTATATATTGTCTTTGTCTCTTTTCCTTTCTCATATCAGATATTATTGAATAATTTCCTTTATCACATACATATCTAGGATTATGTGATAATTCATAAGCTGCTCTTTTTAAAACTCTATTCTTTTCTTTAAAACTATTAAATTTTATATTATTGTTCATATTAGATGTGTTCCTTTTAATAATA","Pf3D7_13_v3-388138-388408-1A.1","194C",723,1,1
"IM-23-122-XFGC","8039832512","Maziba","Pf3D7_11_v3-408543-408771-1A","AGAGTGTTAATAATACTACAGCTAGTCATATTTCCAAATCCAAAAATGAACTTGAAAAAAAGTCATCAGCTAATAATAATGCTTATATTAAAATAATCGAAAATTATGATTTATTATGGTTAAAATTAATAGAAATTGAATTATGTTGTAATAATAAAAATTTAAATCCTATA","Pf3D7_11_v3-408543-408771-1A.2","27C54+9N70C95A",71,0.276264591439689,2
"IM-23-122-XFGC","8039832512","Maziba","Pf3D7_05_v3-668763-669004-1A","TAATATTATCTGGCTCTGTAACCATGTCCGAACATATGTTAACAGGAGAATCTGTTCCTATACATAAAGAGCGGTTACCTTTTGAAGGAAATGCTATTATAAATAAAAATAATAAATATGACAGTAACGATGAAAAGGATGATTACCTTCGTATTTATAATAATAATGCTAGTATTAATATGATCAAGCG","Pf3D7_05_v3-668763-669004-1A.8","73G122C165A",1090,0.80206033848418,2
"IM-23-122-XFGC","8039832512","Maziba","Pf3D7_14_v3-106867-107115-1A","AATGACATGAACAAGTCAGGCGAAAAAGAGGAACATGTTATAAATAGTAAATGGAAAAATAAATTTTTCCATGAAGTAATACAAAATATGTTATATGATGATAATATAAATGATCATAAGGAAGAAATTAAGGAAGATAATTCTAATGAATATAATATCAATAATAAAAATGATAATTTATATGATATA","Pf3D7_14_v3-106867-107115-1A.1","78A",692,0.941496598639456,2
"IM-23-122-XFGC","8039832512","Maziba","Pf3D7_14_v3-106867-107115-1A","AATGACATGAACAAGTCAGGCGAAAAAGAGGAACATGTTATAAATAGTAAATGGAAAAATAAATTTTTCCATGAAGTTATACAAAATATGTTATATGATGATAATATAAATGATCATAAAGAAGAAATTAAGGAAGATAATTCTAATGAATATAATATCAATAATAAAAATGATAATTTATATGATATA","Pf3D7_14_v3-106867-107115-1A.2","120A",43,0.0585034013605442,2
"IM-23-122-XFGC","8039832512","Maziba","Pf3D7_01_v3-162867-163115-1A","ATATACCAATAATACTTTTTTTTTTAAATAATGTAAAAAATGATTTATATAATTGTTATAAACAAATGATCACATATCATAATAATAATAATAATATGCTAAATCATAACTCTAATATTTTATCAAAAGAAAATGAAAAAAAACAACCTTTTTCAACATATAATATATCAAATCTTTGTTCTCCTGATCAAATGGTAATAAATAAAAA","Pf3D7_01_v3-162867-163115-1A.5","15+12N34+8N91I=ATAATA92G129+10N182T191A",3,0.00205761316872428,4
"IM-23-122-XFGC","8039832512","Maziba","Pf3D7_12_v3-2092654-2092884-2","GAGATATTAGCTTCATGTTCAGAAGATATGTCTATAAGAATATGGGAGATACGTCATGAGGATGAGAATGTGAATGAGGTAAAGGATCCTTTATGTATATTAAATGGTCATAAGAAAAAAGTAAATATATTATCATGGAATCCTATGAATTATTTTATATTATCATCT","Pf3D7_12_v3-2092654-2092884-2.1","114+8N",2797,1,1
"IM-23-122-XFGC","8039832512","Maziba","Pf3D7_05_v3-958372-958608-1B","ATTTATAACAATTTTTACATATGCCAGTTCCTTTTTAGGTTTATTTATTTGGTCATTAATAAAAAATGCACGTTTGACTTTATGTATTACTTGCGTTTTTCCGTTAATTTATGTTTGTGGTGTCATATGTAATAAGAAAGTAAAATTAAATAAAAAAACATCTTTGTTATATAATAACAATACC","Pf3D7_05_v3-958372-958608-1B.1","45T60+8N151+9N",205,0.217622080679406,2
"IM-23-122-XFGC","8039832512","Maziba","Pf3D7_06_v3-851492-851765-1A","ACAATAGTACATTGTGCATTTACATCACAACCTCCATTATTTTTTGAACAGTTCATATCTTTCATAGGTATACATTTAAAATAATTTACACTCATATCAACTATATAATTAGGTCGGCATCTACATTGTTCTTTATCTTTTTCGACAATATAACAACGTGAATTGGGTCCACATTTGGAATATTCACAAATATAATTTACTTTAAATATAACAAAATTTCTCA","Pf3D7_06_v3-851492-851765-1A.3","14G39+8N",1144,1,1
"IM-23-122-XFGC","8039832512","Maziba","Pf3D7_14_v3-921176-921432-1A","ACAATATTAATTTTATAAGTTCATTATTTCAATTTTATATTTAGGAGGATCTATATCCATATATTATTCATTTTAAAAATATTAAAATAAATACATATATAAATATATAAACATATAAATACAGTCTTTTAAAAATTAATAAGATTTATATAAAATATGGTTATAAATCCTATTTTGTATTATATTAAA","Pf3D7_14_v3-921176-921432-1A.8","120T186T",281,1,1
"IM-23-122-XFGC","8039832512","Maziba","Pf3D7_14_v3-421322-421547-1A","TAAGAAAGATGAAGTAATAGAAAAAACTGAAGTATCAAAGAAAACATTTTCAGGTATAGGTTTTAATCTTACTGAAAAAGAAGCTAAAGTATTAGGTGTAGGTGTAACCTATCAAGAATATCCAGAAACCATGTTATATAACTGTCCAAACAATTCTA","Pf3D7_14_v3-421322-421547-1A.2","20+8N76A",444,0.788632326820604,2
"IM-23-122-XFGC","8039832512","Maziba","Pf3D7_05_v3-369676-369949-1A","TGTAATATTATATATCCTGTTATAAATAAATCACTGGATATGGATGTGAAAAAAGAAGATATAAAAAAAAATGTAGAAGAAAATAAATATATAGAACATACACAGAATTTGAAAAATCATTTAGAAAATGATGAAAATGAGAAAAAAAAAAGAAGAAAAAGATCAAATAATAATGACAATTATAATTCTCATGATAATAATATTTTTCA","Pf3D7_05_v3-369676-369949-1A.4","34C48+8N62+11N118C141+12N",337,0.857506361323155,2
"IM-23-122-XFGC","8039832512","Maziba","Pf3D7_04_v3-748374-748611-1B","AAACTGGGAAAGCATTCCAAAAAAATTTAAACCTTTAAGCAATAGGATAAATGTTATATTGTCTAGAACCTTAAAAAAAGAAGATTTTGATGAAGATGTTTATATCATTAACAAAGTTGAAGATCTAATAGTTTTACTTGGGAAATTAAATTACTATAAATGTTTTATATTAG","Pf3D7_04_v3-748374-748611-1B.3","3A18+9N72+9N169A170T",860,0.825335892514395,2
"IM-23-122-XFGC","8039832512","Maziba","Pf3D7_05_v3-550803-551072-1A","ATATAATACACCTTTCTTATTTATATTAATCTTTTCATTTTTACAAGAAATCACCTCCCTACTTATTCGGTTGTCCTCATTTTCATATTTCATAACACCATCATTTATTTTTTCTATTTCTTTAATATTATTTTCTCCTTCGACGTAATTATGCTTTCCTATCATCTCCTTTGCTCTACTTCCTATATATACTAATTTCTCTCTGAA","Pf3D7_05_v3-550803-551072-1A.2","107+8N141C",45,0.120320855614973,2
"IM-23-122-XFGC","8039832512","Maziba","Pf3D7_07_v3-405517-405773-2","TTTTCTACCATGACATATACTATTGTTAGTTGTATACAAGGTCCAGCAATAGCAATTGCTTATTACTTTAAATTCTTAGCCGTAAGAATTAAAAAGATATAAATATATAAATATATATGTGAAATATATGATATATATGATATATATTTTTTATATGTAATGTTTTTTTTTTTTTTCACAATATACATTTAA","Pf3D7_07_v3-405517-405773-2.2","97+57N162+16N",278,1,1
"IM-23-122-XFGC","8039832512","Maziba","Pf3D7_03_v3-855426-855697-1A","GTTATTTCAGTATGAGTTTCAACAGTTAATACTACTTCAGGATATGGATTGATACTTAACGTATGTACTCTCAATAATCTAGTATCAAATATATATGAAAATGTATACTCAGGAAAACATATAGTAGATAATCCATTATTATTCTCTATACATATTTTACTTATAGCTATATAATCGTAATTATCTTCTATTACTATTGGTTCTGTG","Pf3D7_03_v3-855426-855697-1A.1","32C",308,1,1
"IM-23-122-XFGC","8039832512","Maziba","Pf3D7_11_v3-497277-497548-1A","TTTTAGATTTAATTGAATATTCATTTTTAAATTATACTAGTTCTAATTTAAATACAATAAATAATAATAATGACAAAAAAAAACAAAATCAAAAAAATAAAAATCGCAAATATAGTAAAAATAATATTTTAGATCTCTATGAACACGTAAGTACGATCAGTTTATTTTATCACACGTTTAATTTACCTAAGGAGTATAATGAAAAATTGTT","Pf3D7_11_v3-497277-497548-1A.2","74+11N90+9N148T",331,1,1
"IM-23-122-XFGC","8039832512","Maziba","Pf3D7_13_v3-815862-816091-1A","ATGATGTAGATGCTAACACAACATCCTGGTCAGTATCTTGTGATAAATAATTTAATTTGTCCGCTAAAAAATAAAGTATAATTTCACAGCTTTTTTTATTTGTATCTGTGTTTTTCATGTTATCATAAAAAGACAAAGATGAAGTAGCACATGAGTTAATTA","Pf3D7_13_v3-815862-816091-1A.1","17C19C20A65+8N90+9N",788,1,1
"IM-23-122-XFGC","8039832512","Maziba","Pf3D7_06_v3-532166-532407-1A","AGAACAATTGCTAAACACCAAATTGGGTGAAACAAAAAACCACCTGAACAGAACCCCATTTATACCTGAATCGGTCATACGAGAAAGGAAATTACGCCAAGAAAAAGCGCAATCCACAAACAACATGTTCGATTCAACAAACGCAGATAGTATTACTTCCCCATGTGATCCAACGAATGCCACG","Pf3D7_06_v3-532166-532407-1A.1","33+8N109G157T",5217,1,1
"IM-23-122-XFGC","8039832512","Maziba","Pf3D7_01_v3-145388-145662-1A","GATATGTTTAAATATATGATTCTCGAAAAAACTTTTTTTATTTTTTTTGTCAATAGATAAATGATCAATATTTTCTATATTTAATCTATCAAGAATTTTTATATATCTATTATTTCTTTCTTCGATGGATAAATTATAAGAATCAATATCCTTTCTTTCATCAACAAACTTTTTTATTGTTAACTCCATTTTTTTATTTAAGATACCA","Pf3D7_01_v3-145388-145662-1A.4","25+25N94A169+8N188+9N",109,0.756944444444444,2
"IM-23-122-XFGC","8039832512","Maziba","Pf3D7_05_v3-1188456-1188706-1A","CGAAATTTAAATCAATAGCGGTTACGTTCATAATTTTGCCTTCAAAACTAACTTCTGTATGATATATAAATTTATTTTCCTTTACACTAAATACATATATAAAAATGGTACTTAATAATTTATCTTTATCATATTTAAATAATATTAAATCTGTTTTTACATCTGAGTTGTAATCACCGAAAT","Pf3D7_05_v3-1188456-1188706-1A.4","2G",963,0.898320895522388,2
"IM-23-122-XFGC","8039832512","Maziba","Pf3D7_14_v3-298368-298636-1B","ACGATTTAATGTGGCAAGTTGATTTAGATGTACATTTTGGTAATGTATCTTCCAAAAAAGCAAACGTTATTTTAGATAGTGCCACCAGTGTCATAACTGTACCAACAGAATTTTTTAATCAATTCGTAGAATCTGCAAGTGTTTTCAAAGTTCCATTCTTATCTTTGTATGTAACCACTTGTGGTAACACGAAATTACCAA","Pf3D7_14_v3-298368-298636-1B.1","53+8N110+8N",317,1,1
"IM-23-122-XFGC","8039832512","Maziba","Pf3D7_06_v3-145285-145531-1A","TCAACAAAAGCTGATGAATCATCATAATTTGAATAAAATTTATCATTCACAATATTATATTTTTGTTTCTTCTTTTTTCCCATAATATTATTATTTTGTTCACAATATATGTTCATGTGTCCCCTCTTTTTCTGTAAAATATTAAAATGTTTCTTAGTATGCTTCTCTTCATTTTTAATAACA","Pf3D7_06_v3-145285-145531-1A.2","72+8N157G",454,0.202137132680321,2
"IM-23-122-XFGC","8039832512","Maziba","Pf3D7_11_v3-408285-408534-1A","TATGAAGAAGGTTTAAAATATTGTGCGTCATCAATTAATTTATGGATATGTGCTATCGATTTACAAATAGAAAAAAAGAATTATACAGGTGCTAGAGCTTTGACGGAGAAAGCAAAAATCAAAATCAAGTATTTAAATTCTTTTAATAATAATAGTCATATTTTAAAAAGTAAAGAAATTATTGAA","Pf3D7_11_v3-408285-408534-1A.1","70+9N",520,1,1
"IM-23-122-XFGC","8039832512","Maziba","Pf3D7_07_v3-1066661-1066903-1A","TATAGTTTTGTAATTTATTGGTATGTGTTGTTAAAGGAGAATTTTTTTAATATCCCTTGTCATGGGCAAAATGAGAAAAAAGAAATAAAAAACTTTTATGTTCAACATGAAGATATTTGTGAACACACTATTGGTAATCATATGTTAGGTGATAAATTAAAAATGTGTACATCTAATATTAATG","Pf3D7_07_v3-1066661-1066903-1A.1","4A41+9N75+8N86+8N",1336,0.757799205899036,2
"IM-23-122-XFGC","8039832512","Maziba","Pf3D7_13_v3-935613-935884-1A","CAAAATAATATGAATAGTAATAGTAATAGTTATAATAATTTTAATATAACAGATAGAAGTAAAGAAATAAAAAAAGATTATAAAAGAAACAAAATTTTAATAGTTATTAATAATATTAATACAAATCATATTTTATTATTAAATGAAAGTGTTATAAAAAAAAAAATACTTACATTTTATCTAGATCTTTTTTTTGATGATAATGAACAAAT","Pf3D7_13_v3-935613-935884-1A.2","68+11N155+13N187+10N",688,1,1
"IM-23-122-XFGC","8039832512","Maziba","Pf3D7_14_v3-3125801-3126073-1A","ATTCTTATAATATTTAAGAATGAAGGGATTAAATATTTACATTTTAGCGACGATACTCTGAAATATGTTAATTTTAATTATCCTGATTTTAACTTATATAAATGTATGAATTTATATAAGAAAAATTATGTTGATAGGGATGAGAAAGATATCTGTGATTTTTCAAATGAAGATTTTCCGTTAATAAAAGAAAATAACAAGAGAATCAG","Pf3D7_14_v3-3125801-3126073-1A.1","51C",71,0.322727272727273,4
"IM-23-122-XFGC","8039832512","Maziba","Pf3D7_01_v3-162867-163115-1A","ATATACCAATAATACTTTTTTTTTTAAATAATGTAAAAAATGATTTATATAATTGTTATAAACAAATGATCACATATCATAATAATAATAATAATATGCTAAATCATAACTCTAATATTTTATCAAAAGAAAATGAAAAAAAACAACCTTTTTCAACATATAATATATCAAATCTTTGTTCTCCTGACCAAATGGTGATAAATAAAAA","Pf3D7_01_v3-162867-163115-1A.4","15+12N34+8N91I=ATAATA92G129+10N",230,0.157750342935528,4
"IM-23-122-XFGC","8039832512","Maziba","Pf3D7_05_v3-641131-641404-1A","GGAATTTTTTTTTTGGTGTTTTATTTTTTCGAAGGATACAGGATAATCTAAGACATTAAAATTATTGGGTTTGAAAAAGAGTTTCCTTTTTATGATGTGCAATAGAGGTATATTTATATAGGAAATATAAACATATAAAAGGAATATGATAAAAAGGAAATATTGACTTAATAAAATATTAATATTTCTTTTTTTCAAATATATTTCGT","Pf3D7_05_v3-641131-641404-1A.1","4+12N23+8N188+9N",187,1,1
"IM-23-122-XFGC","8039832512","Maziba","Pf3D7_07_v3-405570-405844-1B","ATAGCAATTGCTTATTACTTTAAATTCTTAGCCGTAAGAATTAAAAAGATATAAATATATAAATATATATGTGAAATATATGATATATATGATATATATTTTTTATATGTAATGTTTTTTTTTTTTTTCACAATATACATTTAAATGTTTATGATGGTACAACGTATCATATTTTATAATAATTTTATGCATTCATGTATATTATTTTTACTTTTT","Pf3D7_07_v3-405570-405844-1B.2","49+57N114+16N",134,0.893333333333333,2
"IM-23-122-XFGC","8039832512","Maziba","Pf3D7_07_v3-432832-433091-1A","TTGAAAAAGTCATCATCAGAATGGGGATGATTATTATTGTTATTATGAGTTTGGTTCGTATTAATATTATGCTCCTTTTCGTTATTTAATTTATGTTCATTTATATTTTTATAAATAAATAATTTTCCAAGAAGTATACCATTAATAAACTTACTAGTTAACATATTAGACTGCTCAATATTTGTACATTTTTTTAATGTATGTATT","Pf3D7_07_v3-432832-433091-1A.1","30+17N188+9N",1279,1,1
"IM-23-122-XFGC","8039832512","Maziba","Pf3D7_05_v3-350808-351052-1A","TAATATAATTTGAGTTGATAATATTATAATTATTTTTTATATGTTGCTCATTTATATTATTATGATAAATATGAGTTGTATTTTTATTAGAGTTGTAGGACATTTTCCCATACATTAGTTGTTTTACATTTTTAACATTTTTATAATTATGTATTAAACATAAAATTATTAGATAAA","Pf3D7_05_v3-350808-351052-1A.5","32+8N116T164A",755,0.891381345926801,3
"IM-23-122-XFGC","8039832512","Maziba","Pf3D7_05_v3-1322099-1322341-1A","TTCCAATAGAAACTATATTACGATTTCCTTCATGAGGTAAATTGACATTCATCTTATATGTATAATTAAGGATGAGTAATAAATTGTATAAAAATATTTTTATTTAATAATTTATATGTATTATTAATAATTCTGAATTTATCAATTGATATATTATTTTTGTTTTTCTTTATGCCATTC","Pf3D7_05_v3-1322099-1322341-1A.1",".",197,1,1
"IM-23-122-XFGC","8039832512","Maziba","Pf3D7_14_v3-407306-407542-1A","CTTTCTTTCGTCTTTCTGTTCATTATCCATATAATCTTTTTCTACTACCTTTTCATTCTTTACTTTATTTCTATTAATACACAATTCTCCTTGAGTTAAGAGATTTACGATATTATCAATATTGTTTTCTTTCATATACTTCAACTTTTTACTATTCATTTTTAAAAGA","Pf3D7_14_v3-407306-407542-1A.4","44A47A85T",839,0.800572519083969,2
"IM-23-122-XFGC","8039832512","Maziba","Pf3D7_04_v3-900526-900759-1A","TTAACAACTTATCATCATTTATTAGATTCTTTTCATGGAACAGATTATTAACAGTATCCATAATTTTATGATCATCCGTGTTATATGTATCTATACAAGTATTTAGCTTGCTTATATAATTTACATATTTCAACGGATCATTTTGAAGTATGCAATCATCGAATGAATA","Pf3D7_04_v3-900526-900759-1A.1","106G",4,0.00285306704707561,3
"IM-23-122-XFGC","8039832512","Maziba","Pf3D7_13_v3-748254-748510-1B","ATACCAAAAAAAATAAAATAAAATAAAATGAAATAATAAATAAATAAATATACATATATTTACATATATATATATATAATTACACATATTTTTGATTGAGGACAAATTACATGTAGTGTAGTTCGTCTTCCTTGTGCGTTTCAATCACACAATCCGATTTAGGATAACATGTACACAAAAGAATATATTTTTTCTT","Pf3D7_13_v3-748254-748510-1B.2","5+10N25I=AAAAT39+33N108A180+8N",302,1,1
"IM-23-122-XFGC","8039832512","Maziba","Pf3D7_14_v3-3125801-3126073-1A","ATTCTTATAATATTTAAGAATGAAGGGATTAAATATTTACATTTTAGCGAGGATACTCTGAAATATGTTAATTTTAATTATCCTGATTTTAACTTATATAAATGTATGAATTTATATAAGAAAAATTATGTTGATAGGGATGAGAAAGATATCTGTGATTTTTCAAATGAAGATATTCCGTTAATAAAAGAAAATAACAAGAGAATCAG","Pf3D7_14_v3-3125801-3126073-1A.3","175A",147,0.668181818181818,4
"IM-23-122-XFGC","8039832512","Maziba","Pf3D7_07_v3-1028330-1028603-1A","TAAAGAATATTTTTATTTCTAATATTATGGCTAAAAGGAAAATTATTTAATTTCATTTTTTGTGGGTTACTTGTATCATTACAACTCATCATCATGACCATATTATTATTATTATTATTGTTGTTGTTGTTGTTGTGGTGGTTCATTACCAATAAATTTGTGTTATTATGTTCATCCTTTTTTATATTAACAATTTCATTTCTATAA","Pf3D7_07_v3-1028330-1028603-1A.2","55+8N101+36N177+8N202C",356,1,1
"IM-23-122-XFGC","8039832512","Maziba","Pf3D7_14_v3-3125801-3126073-1A","ATTCTTATAATATTTAAGAATGAAGGGATTAAATATTTACATTTTAGCGACGATACTCTGAAATATGTTAATTTTAATTATCCTGATTTTAACTTATATAAATGTATGAATTTATATAAGAAAAATTATGTTGATAGGGATGAGAAAGATATCTGTGATTTTTCAAATGAAGATATTCCGTTAATAAAAGAAAATAACAAGAGAATCAG","Pf3D7_14_v3-3125801-3126073-1A.7","51C175A",1,0.00454545454545455,4
"IM-23-122-XFGC","8039832512","Maziba","Pf3D7_05_v3-350808-351052-1A","TAATATAATTTGAGTTGATAATATTATAATTATTTTTTATATGTTGCTCATTTATATTATTATGATAAATATGAGTTGTATTTTTATTAGAGTTGTAGGACATTTTCCCATACATGAGTTGTTTTACATTTTTAACATTTTTATAATTATGTATTAAACATAAGATTATTAGATAAA","Pf3D7_05_v3-350808-351052-1A.2","32+8N",87,0.10271546635183,3
"IM-23-122-XFGC","8039832512","Maziba","Pf3D7_06_v3-416462-416720-1A","AAGAGAAAATGGACATTGTGGAGAATATAAAAAATAGAGGAAAGGAAAAAACAGAATTAACATATAAAGAAGTATATAAAACACAACAGAATCAAAATGATGCAAGTTTAAATTCATTTTGGGGTGATGAAAAAAAAAATAATAATTATGATATAGATATAGTAAAAGAGAAATATAGTGAGTTAATGAAAAAAAAAGAA","Pf3D7_06_v3-416462-416720-1A.2","3+8N28+8N45+8N129+12N188+11N",804,0.769377990430622,2
"IM-23-122-XFGC","8039832512","Maziba","Pf3D7_14_v3-294506-294753-1B","AATTTAGATGTTATCAAAGTCCCATTCTTACCTTTCTATGTAACTCTTTGTAACAACAGCAAATTACCAACTTTTGAATTTACCTCAGAAAATGGTAAATACACATTAGAACCTGAATACTACCTTCAACACATAGAAGATGTTGGTCCAGGATTATGTATGCTTAATATCATAGGATTAGATTTTCCAGT","Pf3D7_14_v3-294506-294753-1B.1",".",1715,1,1
"IM-23-122-XFGC","8039832512","Maziba","Pf3D7_14_v3-297583-297856-1B","AGGAGGTTTTTCTTATTATATTTTTGAAAATTTCGTTTTTCAAAAGAACCGTAAAATTAATCACATAATTAAGACTTCAAAATATTCGACAGTAGGATTTAATATTGAAAATTCTTATGATAGACTTATGAAAACAATTAAAGAGCATAAATTAAAAAATTATATAAAAGAATCAGTAAAACTTTTTAATAAAGGTTTAACCAAAAA","Pf3D7_14_v3-297583-297856-1B.1","153+8N",225,1,1
"IM-23-122-XFGC","8039832512","Maziba","Pf3D7_07_v3-403801-404052-1B","TATATATATATATATGTATGTATGTTGATTAATTTGTTTATATATTTATATTTATTTCTTATGACCTTTTTAGGAACGACACCGAAGCTTTAATTTACAATTTTTTGCTATATCCATGTTAGATGCCTGTTCAGTCATTTTGGCCTTCATAGGTCT","Pf3D7_07_v3-403801-404052-1B.4","1+45N130+8N",484,1,1
"IM-23-122-XFGC","8039832512","Maziba","Pf3D7_14_v3-3124416-3124655-1A","TAATTGATCTTCTAGAGGAATTAGATATTTTGTCTATATCGAATAAAGATGAAGTAGAAAAACGAAGAAAGGAAACAACTCAAGAGACGCGGTTGTTAGGAAATATTGATTTAGGATATGGAAAATTAGGAGAGGGAATAAAGCATGAAAATTTACAGGAAGAATTAGGAAACAGATTATTTG","Pf3D7_14_v3-3124416-3124655-1A.1",".",967,0.304088050314465,2
"IM-23-122-XFGC","8039832512","Maziba","Pf3D7_05_v3-796518-796759-1A","TGGTTCTTCAATTGTTCATATAAGTTCTTTATTAGTAGGTGTATATTTATGTAGTAGTAGTGCAAATGCATTTAATCAAATTATTGAAAGAAATATAGATAAGTTAATGAAAAGAACCCAAAAAAGACCCTTAGCAAATAATAATCCAAATATGTCAGTTAAGCATGCTGAAATAT","Pf3D7_05_v3-796518-796759-1A.2","119+8N163G",705,0.828437132784959,2
"IM-23-122-XFGC","8039832512","Maziba","Pf3D7_05_v3-1188456-1188706-1A","CAAAATTTAAATCAATAGCGGTTACGTTCATAATTTTGCCTTCAAAACTAACCTCTGTATGATATATAAATTTATTTTCCTTTACACTAAATACATATATAAAAATGGTACTTAATAATTTATCTTTATCATATTTAAATAATATTAAATCTGTTTTTACATCTGAGTTGTAATCACCGAAAT","Pf3D7_05_v3-1188456-1188706-1A.2","53C",109,0.101679104477612,2
"IM-23-122-XFGC","8039832512","Maziba","Pf3D7_01_v3-145388-145662-1A","GATATGTTTAAATATATGATTCTCGAAAAAACTTTTTTTATTTTTTTTGTCAATAGATAAATGATCAATATTTTCTATATTTAATCTATCAAGTATTTTTATATATCTATTATTTCTTTCTTCGATGGATAAATTATAAGAATCAATATCCTTTCTTTCATCAACAAACTTTTTTATTGTTAACTCCATTTTTTTATTTAAGATACCA","Pf3D7_01_v3-145388-145662-1A.1","25+25N169+8N188+9N",35,0.243055555555556,2
"IM-23-122-XFGC","8039832512","Maziba","Pf3D7_13_v3-958247-958510-1B","TTTATATTATCTGTAATATGCACGTTTTGTATAATATTATCAATATTTGTAGCATTTTGACCGTATGTTTCATTTTCATCGTATGTTCCATTTATATTGTATGTTCCATTTTCATCGTATGTTCCATTTATATTGTATGTTCCATTTTCATCGTATGTTCCATTTATATTGTATGTTCCATTTTTATCATATGTTATGTCCACAT","Pf3D7_13_v3-958247-958510-1B.86","24G106C",441,0.759036144578313,4
"IM-23-122-XFGC","8039832512","Maziba","Pf3D7_05_v3-350808-351052-1A","TAATATAATTTGAGTTGATAATATTATAATTATTTTTTATATGTTGCTCATTTATATTATTATGATAAATATGAGTTGTATTTTTATTAGAGTTGTAGGACATTTTCCCATACATTAGTTGTTTTACATTTTTAACATTTTTATAATTATGTATTAAACATAAGATTATTAGATAAA","Pf3D7_05_v3-350808-351052-1A.1","32+8N116T",5,0.00590318772136954,3
"IM-23-122-XFGC","8039832512","Maziba","Pf3D7_05_v3-550803-551072-1A","ATATAATACACCTTTCTTATTTATATTAATCTTTTCATTTTTACAAGAAATCACCTCCCTACTTATTCGGTTGTCCTCATTTTCATATTTCATAACACCATCATTTATTTTTTCTATTTCTTTAATATTATTTTCTCCTTGGACGTAATTATGCTTTCCTATCATCTCCTTTGCTCTACTTCCTATATATACTAATTTCTCTCTGAA","Pf3D7_05_v3-550803-551072-1A.1","107+8N",329,0.879679144385027,2
"IM-23-122-XFGC","8039832512","Maziba","Pf3D7_04_v3-748374-748611-1B","AAACTGGGAAAGCATTCCAAAAAAATTTAAACCTTTAAGCAATAGGATAAATGTTATATTGTCTAGAACCTTAAAAAAAGAAGATTTTGATGAAGATGTTTATATCATTAACAAAGTTGAAGATCTAATAGTTTTACTTGGGAAATTAAATTACTATAAATGTTTTATTATAG","Pf3D7_04_v3-748374-748611-1B.1","3A18+9N72+9N",182,0.174664107485605,2
"IM-23-122-XFGC","8039832512","Maziba","Pf3D7_04_v3-748585-748822-2","TTAATAAAAAAAATATATTTTACTAGAATAAATAGTACATATGAATGTGATGTATTTTTTCCAGAAATAAATGAAAATGAGTATCAAATTATTTCTGTTAGCGATGTATATACTAGTAACAATACAACATTGGATTTTATCATTTATAAGAAAACGAATAATAAAATGTT","Pf3D7_04_v3-748585-748822-2.1","5+10N54+8N",440,1,1
"IM-23-122-XFGC","8039832512","Maziba","Pf3D7_14_v3-377765-378020-1A","AAAGATATATCAACTGAAAAGATTTTATCAAATAATTGCTTTAATAATAAGTTAAAAAATTGATTTCCAATATCTATCATATTCATATAATCTAATGATTTAAAAATATATAATATACTCTTTGGACTAAATTTTAATTCATCATTTATTATTTTCTCTTTTACTATTGCTTTAATTTGATTAAAATATATAA","Pf3D7_14_v3-377765-378020-1A.2","21G53+8N71T",259,1,1
"IM-23-122-XFGC","8039832512","Maziba","Pf3D7_04_v3-900526-900759-1A","TTAACAACTTATCATCATTTATTAGATTCTTTTCATTGAACAGATTATTAACAGTATCCATAATTTTATGATCATCCGTGTTATATGTATCTATACAAGTATTTAGCTTGCTTATATAATTTACATATTTCAACGGATCATTTTGAAGTATGCAATCATCGAATGAATA","Pf3D7_04_v3-900526-900759-1A.3","37T106G",1106,0.788873038516405,3
"IM-23-122-XFGC","8039832512","Maziba","Pf3D7_05_v3-796518-796759-1A","TGGTTCTTCAATTGTTCATATAAGTTCTTTATTAGTAGGTGTATATTTATGTAGTAGTAGTGCAAATGCATTTAATCAAATTATTGAAAGAAATATAGATAAGTTAATGAAAAGAACCCAAAAAAGACCCTTAGCAAATAATAATCCAAATATGTCAGTTAAACATGCTGAAATAT","Pf3D7_05_v3-796518-796759-1A.4","119+8N",146,0.171562867215041,2
"IM-23-122-XFGC","8039832512","Maziba","Pf3D7_06_v3-145285-145531-1A","TCAACAAAAGCTGATGAATCATCATAATTTGAATAAAATTTATCATTCACAATATTATATTTTTGTTTCTTCTTTTTTCCCATAATATTATTATTTTGTTCACAATATATGTTCATGTGTCCCCTCTTTTTCTGTAAAATATTAAAATGTTTCTTACTATGCTTTTCTTCATTTTTAATAACA","Pf3D7_06_v3-145285-145531-1A.1","72+8N165T",1792,0.797862867319679,2
"IM-23-122-XFGC","8039832512","Maziba","Pf3D7_13_v3-479569-479811-1A","CTAGAGACGAATTTGATGATAAAAGAAAATTAAAAGAAGAGAAAATTAAACAATGCCAACTATTAAATGAAAAACAACTAGAAGAAAAAGAAAAAGAAAAAAGAATTCTGAGAGAAAAAGCTGTTGAATATACCATACAAAATGAAGAAGAATATAAACAACTAAAAGGAAAATT","Pf3D7_13_v3-479569-479811-1A.6","96+8N135A168G",888,0.799279927992799,2
"IM-23-122-XFGC","8039832512","Maziba","Pf3D7_14_v3-3124416-3124655-1A","TAATTGATCTTCTAGAGGAATTAGATATTTTGTCTATATCGAATAAAGATGAAGTAGAAAAACAAAGAAAGGAAACAACTCAAGAGACGCGGTTGTTAGGAAATATTGATTTAGGATATGGAAAATTAGGAGAGGGAATAAAGCATGAAAATTTACAGGAAGAATTAGGAAACAGATTATTTG","Pf3D7_14_v3-3124416-3124655-1A.49","64A",2213,0.695911949685535,2
"IM-23-122-XFGC","8039832512","Maziba","Pf3D7_14_v3-3214249-3214516-1A","TAAATAAAAAAGGATTAGATGATTTAATAAAAGATTTGTTAAAATATTTTCCAAAGAATTCAATTAGCGATCGTTTTGAATTGTTAGAATTTAAAATGACGGAGGATTGTTATACAAAAATGTGGTTTGATTTTATGATTGATTTTGGAATAGCTACAATGAATGAAAACGAACATACTAGATCTTTTTATGGCTTAATCGAA","Pf3D7_14_v3-3214249-3214516-1A.3","5+8N139T169A194C",329,0.29746835443038,2
"IM-23-122-XFGC","8039832512","Maziba","Pf3D7_13_v3-479569-479811-1A","CTAGAGACGAATTTGATGATAAAAGAAAATTAAAAGAAGAGAAAATTAAACAATGCCAACTATTAAATGAAAAACAACTAGAAGAAAAAGAAAAAGAAAAAAGAATTCTGAGAGAAAAAGCTGTTGAATATACCTTACAAAATGAAGAAGAATATAAACAACTAAAACGAAAATT","Pf3D7_13_v3-479569-479811-1A.1","96+8N",223,0.200720072007201,2
"IM-23-122-XFGC","8039832512","Maziba","Pf3D7_14_v3-3125801-3126073-1A","ATTCTTATAATATTTAAGAATGAAGGGATTAAATATTTACATTTTAGCGAGGATACTCTGAAATATGTTAATTTTAATTATCCTGATTTTAACTTATATAAATGTATGAATTTATATAAGAAAAATTATGTTGATAGGGATGAGAAAGATATCTGTGATTTTTCAAATGAAGATTTTCCGTTAATAAAAGAAAATAACAAGAGAATCAG","Pf3D7_14_v3-3125801-3126073-1A.5",".",1,0.00454545454545455,4
"IM-23-122-XFGC","8039832512","Maziba","Pf3D7_06_v3-416462-416720-1A","AAGAAAAAATGGACATTGTGGAGAATATAAAAAATAGAGGAAAGGAAAAAACAGAATTAACATATAAAGAAGTATATAAAACACAACAGAATCAAAATGATGCAAGTTTAAATTCATTTTGGGGTGATGAAAAAAAAAATAATAATTATGATATAGATATAGTAAAAGAGAAATATAGTGAGTTAATGAAAAAAAAAGAA","Pf3D7_06_v3-416462-416720-1A.1","3+8N28+8N45+8N129+12N188+11N",241,0.230622009569378,2
"IM-23-122-XFGC","8039832512","Maziba","Pf3D7_13_v3-958247-958510-1B","TTTATATTATCTGTAATATGCACATTTTGTATAATATTATCAATATTTGTAGCATTTTGACCGTATGTTTCATTTTCATCGTATGTTCCATTTATATTGTATGTTCCATTTTCATCGTATGTTCCATTTATATTGTATGTTCCATTTTCATCGTATGTTCCATTTATATTGTATGTTCCATTTTTATCATATGTTATGTCCACAT","Pf3D7_13_v3-958247-958510-1B.1","106C",6,0.0103270223752151,4
"IM-23-122-XFGC","8039832512","Maziba","Pf3D7_06_v3-176108-176338-1A","ATTATTATTATTATTATTATGATGATGATGATGATGATCTGTGTTAAGATCATCTTCTATACCATTAGTTAAACATTTTATATTTTTATTCATATAAACATTAATCTTCACAACAGATTTATCAGATCTAGAAAATCTTGTACCTGTTGCTTTATGTAACAATAT","Pf3D7_06_v3-176108-176338-1A.1","1+38N",939,1,1
"IM-23-122-XFGC","8039832512","Maziba","Pf3D7_14_v3-407306-407542-1A","CTTTCTTTCGTCTTTCTGTTCATTATCCATATAATCTTTTTCTACTACCTTTTCATTCTTTACTTTATTTCTATTAATACACAACTCTCCTTGAGTTAAGAGATTTACGATATTATCAATATTGTTTTCTTTCATATACTTCAACTTTTTACTATTCATTTTTAAAAGA","Pf3D7_14_v3-407306-407542-1A.5","44A47A",209,0.199427480916031,2
"IM-23-122-XFGC","8039832512","Maziba","Pf3D7_13_v3-958247-958510-1B","TTTATATTATCTGTAATATGCACATTTTGTATAATATTATCAATATTTGTAGCATTTTGACCGTATGTTTCATTTTCATCGTATGTTCCATTTATATTGTATGTTCCATTTTCATCGTATGTTCCATTTATATTGTATGTTTCATTTTCATCGTATGTTCCATTTATATTGTATGTTCCATTTTTATCATATGTTATGTCCACAT","Pf3D7_13_v3-958247-958510-1B.15","106C142T",133,0.228915662650602,4
"IM-23-122-XFGC","8039832512","Maziba","Pf3D7_06_v3-1282656-1282930-1A","AAGATATGGAAGAAATATGATAAAGAAAACAATAAATATATATTGTCTCATTTTATTCCCCAATTTATTGAAGACTTAAATTTGAAGGATGAATTCCGAAATTTATTTGATGGATTTGTAAATGATTTGGATATTCTATTATATTCAGAATTTAAAGCATTTTATTTACAAATGAAGCAAAAAGATATAAATGAACTGAAAAATTCTGA","Pf3D7_06_v3-1282656-1282930-1A.4",".",303,0.718009478672986,2
"IM-23-122-XFGC","8039832512","Maziba","Pf3D7_04_v3-900526-900759-1A","TTAACAACTTATCATCATTTATTAGATTCTTTTCATGGAACAGATTATTAACAGTATCCATAATTTTATGATCATCCGTGTTATATGTATCTATACAAGTATTTAACTTGCTTATATAATTTACATATTTCAACGGATCATTTTGAAGTATGCAATCATCGAATGAATA","Pf3D7_04_v3-900526-900759-1A.2",".",292,0.208273894436519,3
"IM-23-122-XFGC","8039832512","Maziba","Pf3D7_06_v3-1282656-1282930-1A","AAGATATGGAAGAAATATGATAAAGAAAACAATAAATATATATTGTCTCATTTTATTCCTCAATTTATTGAAGACTTAAATTTGAAGGATGAATTCCGAAATTTATTTGATGGATTTGTAAATGATTTGGATATTCTATTATATTCAGAATTTAAAGCATTTTATTTACAAATGAAGCAAAAAGATATAAATGAACTGAAAAATTCTGA","Pf3D7_06_v3-1282656-1282930-1A.5","60T",119,0.281990521327014,2
"IM-23-122-XFGC","8039832512","Maziba","Pf3D7_14_v3-3214249-3214516-1A","TAAATAAAAAAGGATTAGATGATTTAATAAAAGATTTGTTAAAATATTTTCCAAAGAATTCAATTAGCGATCGTTTTGAATTGTTAGAATTTAAAATGACGGAGGATTGTTATACAAAAATGTGGTTTGATTTTATGAGTGATTTTGGAATAGCTACAATGAATGAAAGCGAACATACTAGATCTTTTTATGGCTTAATCGAA","Pf3D7_14_v3-3214249-3214516-1A.2","5+8N169G194C",777,0.70253164556962,2
"IM-23-122-XHZJ","8039832388","Maziba","Pf3D7_07_v3-1149367-1149613-1A","TATTTGACTAGTCGAATAATATTTAATATTTTTGTTTAGGAAGTTTTCAAAATTGATGACATTGATAACCGTTTTTATTAAATCGCTTGGGTTGTTTGTGTGTTCTATAGTAGAAGACATAATTTTAAGAATGTGTTTTTGTGTTATTAAACAAAACTTTGTTACTATATGGAATCGTATGTTAT","Pf3D7_07_v3-1149367-1149613-1A.1","106T109A",1842,1,1
"IM-23-122-XHZJ","8039832388","Maziba","Pf3D7_07_v3-403487-403750-2","AGGTTCTTGTCTTGGTAAATGTGCTCATGTGTTTAAACTTATTTTTAAAGAGATTAAGGATAATATTTTTATTTATATTTTAAGTATTATTTATTTAAGTGTATGTGTAATGAATAAAATTTTTGCTAAAAGAACTTTAAACAAAATTGGTAACTATAGTTTTGTAACATCCGAAACTCACAACTTTATTTGTATGATTATGTTCTTT","Pf3D7_07_v3-403487-403750-2.1",".",547,1,1
"IM-23-122-XHZJ","8039832388","Maziba","Pf3D7_07_v3-405517-405773-2","TTTTCTACCATGACATATACTATTGTTAGTTGTATACAAGGTCCAGCAATAGCAATTGCTTATTACTTTAAATTCTTAGCCGTAAGAATTAAAAAGATATAAATATATAAATATATATGTGAAATATATGATATATATGATATATATTTTTTATATGTAATGTTTTTTTTTTTTTTCACAATATACATTTAA","Pf3D7_07_v3-405517-405773-2.2","97+57N162+16N",226,1,1
"IM-23-122-XHZJ","8039832388","Maziba","Pf3D7_09_v3-202854-203106-1A","AATATACAAAGAATGCATATGATAAAATATTCTTTGTCCTTTAAAATTTTTTGTTCTTGTACTTTGTTTTTTATAATCTATTAAATTCATATCTGATGAAATATCATATTTATATTCCCCTTTATGAGCATTTACAAAAGTTTCGTTATTTCTTTTATTAATATATGTATTTGAGCACATATATTTAT","Pf3D7_09_v3-202854-203106-1A.7","16C46+8N66+8N146T",857,0.601825842696629,4
"IM-23-122-XHZJ","8039832388","Maziba","Pf3D7_07_v3-105172-105442-1A","GACTACTAACAGAGTGACTACCTACGCTATGTTGAGATGAATTGCTTCCATTTGAATTACTTCCAGATAGGTGATTTTCTGTTCTTCCATCTGAATTGTTTTCATATAATTGACTTTCCTTTTGTCCATCTAAATTATGCACTGCACTATGAGTTCCTTCACCCAAATTATTACTGTTTGTTGTATCATCATTTAAATCAAATCCATTTCTT","Pf3D7_07_v3-105172-105442-1A.4","44G52T83T103C",147,0.259717314487633,3
"IM-23-122-XHZJ","8039832388","Maziba","Pf3D7_09_v3-202854-203106-1A","AATATACAAAGAATGCATATGATAAAATATTCTTTGTCCTTTAAAATTTTTTGTTCTTGTACTTTGTTTTTTATAATCTATTAAATTCATATCTGATGAAATATCATATTTATATTCCCCTTTATGAGCATTTACAAAAGTTTCGCTATTTCTTTTATTAATATATGTATTTGAGCACATATTTTTAT","Pf3D7_09_v3-202854-203106-1A.1","16C46+8N66+8N183T",68,0.047752808988764,4
"IM-23-122-XHZJ","8039832388","Maziba","Pf3D7_14_v3-297583-297856-1B","AGGAGGTTTTTCTTATTATATTTTTGAAAATTTCGTTTTTCAAAAGAACCGTAAAATTAATCACATAATTAAGACTTCAAAATATTCGACAGTAGGATTTAATATTGAAAATTCTTATGATAGACTTATGAAAACAATTAAAGAGCATAAATTAAAAAATTATATAAAAGAATCAGTAAAACTTTTTAATAAAGGTTTAACCAAAAA","Pf3D7_14_v3-297583-297856-1B.1","153+8N",354,1,1
"IM-23-122-XHZJ","8039832388","Maziba","Pf3D7_06_v3-1128558-1128797-1A","ATTGAATCGTTGGTGTTTATTTTATTATTCCTCTTTTGTTTTTCAATGAATACAAATGTTTCATCGACACTATCTTTATGATCTATTGGTATGGCATGATTTTCTAAATTGCTATTTCTTTCATTAGAATTGTATTTTTCACTATTATAGGTTGAGGTTTTACTACATTTTATATTTTT","Pf3D7_06_v3-1128558-1128797-1A.1",".",721,0.820250284414107,2
"IM-23-122-XHZJ","8039832388","Maziba","Pf3D7_07_v3-105172-105442-1A","GACTACTAACAGAGTGACTACCTACGCTATGTTGAGATGAATTCCTTCCATCTGAATTACTTCCAGATAGGTGATTTTCTGTACTTCCATCTGAATTGTTTTTATATAATTGACTTTCCTTTTGTCCATCTAAATTATGCACTGCACTATGAGTTCCTTCACCCAAATTATTACTGTTTGTTGTATCATCATTTAAATCAAATCCATTTCTT","Pf3D7_07_v3-105172-105442-1A.1",".",348,0.614840989399293,3
"IM-23-122-XHZJ","8039832388","Maziba","Pf3D7_14_v3-293575-293829-1B","TTTTGTAGTGTAATGTGTGGTTTATTTTATTATGTGTATGAAAATGTATGGCTTCAAAGAGATAATGAAATGAATGAAATTTTAAAAAATTCCGAACATTTAACTATTGGATTTAAAGTTGAAAATGCACATGATAGAATTTTGAAAACTATAAAAACACATAAATTAAAAAATTACATTAAAGAAT","Pf3D7_14_v3-293575-293829-1B.1","83+8N167+8N",417,1,1
"IM-23-122-XHZJ","8039832388","Maziba","Pf3D7_07_v3-1066661-1066903-1A","TATGGTTTTGTAATTTATTGGTATGTGTTGTTAAAGGAGAATTTTTTTAATATCCCTTGTCATGGGCAAAATGAGAAAAAAGAAATAAAAAACTTTTATGTTCAACATGAAGATATTTGTGAACACACTATTGGTAATCATATGTTAGGTGATAAATTAAAAATGTGTACATCTAATATTAATG","Pf3D7_07_v3-1066661-1066903-1A.2","41+9N75+8N86+8N",1226,0.68992684299381,2
"IM-23-122-XHZJ","8039832388","Maziba","Pf3D7_12_v3-529495-529767-1A","GCTCCCCAAAAGTTAACTGCTTCATTATTTTGTGGATCCCAAAAACTAACATTCGTTACCCATCCAACATAATCGGTAGATATCCTATATTCATAACTACTACAGAAATATTTATACTCATGGTATACATTTGCATCATTTACATCTACCAAATTAACAGTTTTACACAAATTGTGAATGCCATTCAAGTTATAAAAACCTGTACAT","Pf3D7_12_v3-529495-529767-1A.2",".",87,0.114023591087811,4
"IM-23-122-XHZJ","8039832388","Maziba","Pf3D7_07_v3-405570-405844-1B","ATAGCAATTGCTTATTACTTTAAATTCTTAGCCGTAAGAATTAAAAAGATATAAATATATAAATATATATATGATATATATCATATATATCATATATATTTTTTATATGTAATGTTTTTTTTTTTTTTCACAATATACATTTAAATGTTTATGATGGTACAACGTATCATATTTTATAATAATTTTATGCATTCATGTATATTATTTTTACTTTTT","Pf3D7_07_v3-405570-405844-1B.32","49+57N114+16N",9,0.0263929618768328,3
"IM-23-122-XHZJ","8039832388","Maziba","Pf3D7_09_v3-164045-164311-1A","ATCAACTGGTGTTGCAAAACCATTAGTTACCAATTTTAATTCTCCATTTAGTGCTTTTGGTAAAACAAATACCAGTGATATATTTAAAACTAATACTACTGCATCAACTACAAATGCAACTGCAACTGCAACTCCTGCTCCCTTTGGATCAGCATTTGGAGCGCAAAAGAATAATGATAGCTTGTTTGGAAATAATGCATTCAAGCTTTCG","Pf3D7_09_v3-164045-164311-1A.1",".",778,0.870246085011186,2
"IM-23-122-XHZJ","8039832388","Maziba","Pf3D7_10_v3-1392371-1392620-1A","TGATGAAAATGATGATTCCCTTATTTCTAATTCTTTAGTACCCGAAACAAGTTACAATCAAGATTACTCTTTATACACTATTAATATTTTGAATGGACTTCCTGATAAAAAAAGTAATATGAAAAATATTGATTTAGAAAAATTTAAAGATACTTCAATACATACAAAGGAAGAGGGACCCATTGTA","Pf3D7_10_v3-1392371-1392620-1A.1","106+9N",212,0.228448275862069,3
"IM-23-122-XHZJ","8039832388","Maziba","Pf3D7_14_v3-120101-120365-1A","TTTTACAACATTATTTTTTTCTTCCTCCTCAGATAAAATAGGTACACATATCGCGTCCTTATCACATCCTCCATTGTTTACCTTACAATGTTCTTCGCATTCGAAATTTTTTTCAGGATTACTTGAAAAGCCTTCTGGACAATTACAATATTCATATCCATGAACATTCTTACAAACACCTTTTCCACAATTTAAAA","Pf3D7_14_v3-120101-120365-1A.3","13+9N106+9N164A165C",148,0.244224422442244,3
"IM-23-122-XHZJ","8039832388","Maziba","Pf3D7_07_v3-1066661-1066903-1A","TATAGTTTTGTAATTTATTGGTATGTGTTGTTAAAGGAGAATTTTTTTAATATCCCTTGTCATGGGCAAAATGAGAAAAAAGAAATAAAAAACTTTTATGTTCAACATGAAGATATTTGTGAACACACTATTGGTAATCATATGTTAGGTGATAAATTAAAAATGTGTACATCTAATATTAATG","Pf3D7_07_v3-1066661-1066903-1A.1","4A41+9N75+8N86+8N",551,0.31007315700619,2
"IM-23-122-XHZJ","8039832388","Maziba","Pf3D7_14_v3-298368-298636-1B","ACGATTTAATGTGGCAAGTTGATTTAGATGTACATTTTGGTAATGTATCTTCCAAAAAAGCAAACGTTATTTTAGATAGTGCCACCAGTGTCATAACTGTACCAACAGAATTTTTTAATCAATTCGTAGAATCTGCAAGTGTTTTCAAAGTTCCATTCTTATCTTTGTATGTAACCACTTGTGGTAACACGAAATTACCAA","Pf3D7_14_v3-298368-298636-1B.1","53+8N110+8N",410,1,1
"IM-23-122-XHZJ","8039832388","Maziba","Pf3D7_05_v3-960810-961048-1B","TAATACAGGAAGCATTTTATAATATGCATACTGTTATTAATTATGGTTTAGAAGATTATTTCTGTAATTTGATAGAAAAAGCTATTGATTATAAAAATAAAGGACAAAAAAGAAGAATTATTGTAAATGCAGCTTTATGGGGATTCAGTCAAAGCGCTCAATTATTTATTAATAGTTT","Pf3D7_05_v3-960810-961048-1B.1","105+8N",1048,1,1
"IM-23-122-XHZJ","8039832388","Maziba","Pf3D7_09_v3-163813-164052-1A","GTAATAATAATAATAATAATGTATTTCTTTCATCAAGTGATCCAAATAAATTAAACACAACACCATCACCATTTGGTTTATCATCTATTGGAAATCTAAATACAAACAATAAATTAAATAGCTTTCCAGACTTTAGTCAAGCTAATAAAACATTTCTACAAAATGATAGCTTAT","Pf3D7_09_v3-163813-164052-1A.2","2+19N28T",785,0.97394540942928,2
"IM-23-122-XHZJ","8039832388","Maziba","Pf3D7_07_v3-403479-403716-1B","TTAGGTGGAGGTTCTTGTCTTGGTAAATGTGCTCATGTGTTTAAACTTATTTTTAAAGAGATTAAGGATAATATTTTTATTTATATTTTAAGTATTATTTATTTAAGTGTATGTGTAATGAATAAAATTTTTGCTAAAAGAACTTTAAACAAAATTGGTAACTATAGTTTTGTAACATCCGA","Pf3D7_07_v3-403479-403716-1B.1",".",978,1,1
"IM-23-122-XHZJ","8039832388","Maziba","Pf3D7_06_v3-1115900-1116168-1A","ATTTTTTAATAAAGCAGTACCATCTATATCTCTTCCTTTTTTTAAAACACATAAAGTTTCATCAAAATTGCTTGTGCTATTTTTATCAGGTTCAGGAAAATATTGTTTATTTGTAGAATATCCATTCTGATTACAAGTTATAATATTATTAATATTTATAAATTTTTTTTTTGTTTTTAAATCACCAAATTGATTATCGTTAT","Pf3D7_06_v3-1115900-1116168-1A.1","1+8N36+9N162+12N",572,0.788965517241379,3
"IM-23-122-XHZJ","8039832388","Maziba","Pf3D7_05_v3-961511-961758-1B","CTGCAGAAGATTATACTGTATTTAATAATAATGGAGAAATATTATTAGATGATATTAATATATGTGATTATAACTTAAGAGATCTTAGAAACTTATTTTCAATAGTTAGTCAAGAACCCATGTTATTTAATATGTCCATATATGAAAATATCAAATTTGGAAGAGAAGATGCAACATTGGAAGAT","Pf3D7_05_v3-961511-961758-1B.1",".",900,1,1
"IM-23-122-XHZJ","8039832388","Maziba","Pf3D7_06_v3-1115900-1116168-1A","ATTTTTTAATAAAGCAGTACCATCTATATCTCTTCCTTTTTTTAAAACACATAAAGTTTCATCAAAATTGCTTGTGCTATTTTTATCAGGTTCAGGAAAATATTGTTTATTTGTAGAATATCCATTCTGATTACAAGTTATAATATTATTAATATTTATAAATTTTTTTTTTGTTTTTAAATCAGCAAATTGATTATCGTTAT","Pf3D7_06_v3-1115900-1116168-1A.5","1+8N36+9N162+12N185G",23,0.0317241379310345,3
"IM-23-122-XHZJ","8039832388","Maziba","Pf3D7_09_v3-163813-164052-1A","GTAATAATAATAATAATAATGTATTTCTTTCATCAAGTGATCCAAATAAATTAAACACAACACCATCACCATTTGGTTTATCATCTATTGGAAATCTAAATACAAACAATAAATTAAATAGCTTTCCAGATTTTAGTCAAGCTAATAAAACATTTCTACAAAATGATAGCTTAT","Pf3D7_09_v3-163813-164052-1A.1","2+19N28T131T",21,0.0260545905707196,2
"IM-23-122-XHZJ","8039832388","Maziba","Pf3D7_05_v3-958920-959168-1B","AATAATAAATCGAAAACCATTAGTTGAAAATAATGATGATGGAGAAACATTACCAAATATTAAAAAAATTGAATTTAAAAATGTAAGATTTCATTATGATACTAGAAAAGATGTTGAAATTTATAAAGATTTAAGTTTTACTCTAAAAGAAGGGAAAACATATGCATTTGTGGGAGAATCA","Pf3D7_05_v3-958920-959168-1B.1","61+9N",634,1,1
"IM-23-122-XHZJ","8039832388","Maziba","Pf3D7_07_v3-105172-105442-1A","GACTACTAACAGAGTGACTACCTACGCTATGTTGAGATGAATTCCTTCCATCTGAATTACTTCCAGATAGGTGATTTTCTGTACTTCCATCTGAATTGTTTTCATATAATTGACTTTCCTTTTGTCCATCTAAATTATGCACTGCACTATGAGTTCCTTCACCCAAATTATTACTGTTTGTTGTATCATCATTTAAATCAAATCCATTTCTT","Pf3D7_07_v3-105172-105442-1A.6","103C",71,0.125441696113074,3
"IM-23-122-XHZJ","8039832388","Maziba","Pf3D7_14_v3-2858894-2859160-1A","ATAGATTTTAATGACATAAAAAACACAACAAATGAGTATAATAATTTTGAGGAACATAATTATCAAGATGATAAATTTATATTTAATAAAGATATACATAATATTCTTTTAGAATTAAAGGAATCATTAAATGACATATCACGTGGAAGACTAAATACATTGATAAGAGATAATAAAATAAGTAGTTGTATAATATATCA","Pf3D7_14_v3-2858894-2859160-1A.1","15C17+8N28A",625,0.789141414141414,2
"IM-23-122-XHZJ","8039832388","Maziba","Pf3D7_14_v3-2858894-2859160-1A","ATAGATTTTAATGACATAAAAAACACAACAAATGAGTATAATAATTTTGAGGAACATAATTATCAAGATGATAAATTTATATTTAATAAAGATATACATAATATTCTTTTAGAATTAAAGGAATCATTAAATGACATATCACGTGGAAGACTAAATACATTGATAAGAGATAATAAAATAAGTAGTTATATAATATATCA","Pf3D7_14_v3-2858894-2859160-1A.2","15C17+8N28A188A",167,0.210858585858586,2
"IM-23-122-XHZJ","8039832388","Maziba","Pf3D7_14_v3-294503-294768-2","CAGAATTTAGATGTTATCAAAGTCCCATTCTTACCTTTCTATGTAACTCTTTGTAACAACAGCAAATTACCAACTTTTGAATTTACCTCAGAAAATGGTAAATACACATTAGAACCTGAATACTACCTTCAACACATAGAAGATGTTGGTCCAGGATTATGTATGCTTAATATCATAGGATTAGATTTTCCAGTACCAACCTTTA","Pf3D7_14_v3-294503-294768-2.1",".",905,1,1
"IM-23-122-XHZJ","8039832388","Maziba","Pf3D7_14_v3-294506-294753-1B","AATTTAGATGTTATCAAAGTCCCATTCTTACCTTTCTATGTAACTCTTTGTAACAACAGCAAATTACCAACTTTTGAATTTACCTCAGAAAATGGTAAATACACATTAGAACCTGAATACTACCTTCAACACATAGAAGATGTTGGTCCAGGATTATGTATGCTTAATATCATAGGATTAGATTTTCCAGT","Pf3D7_14_v3-294506-294753-1B.1",".",1509,1,1
"IM-23-122-XHZJ","8039832388","Maziba","Pf3D7_14_v3-3124416-3124655-1A","TAATTGATCTTCTAGAGGAATTAGATATTTTGTCTATATCGAATAAAGATGAAGTAGAAAAACAAAGAAAGGAAACAACTCAAGAGACGCGGTTGTTAGGAAATATTGATTTAGGATATGGAAAATTAGGAGAGGGAATAAAGCATGAAAATTTACAGGAAGAATTAGGAAACAGATTATTTG","Pf3D7_14_v3-3124416-3124655-1A.49","64A",436,0.193005754758743,4
"IM-23-122-XHZJ","8039832388","Maziba","Pf3D7_07_v3-405570-405844-1B","ATAGCAATTGCTTATTACTTTAAATTCTTAGCCGTAAGAATTAAAAAGATATAAATATATAAATATATATGTGAAATATATGATATATATGATATATATTTTTTATATGTAATGTTTTTTTTTTTTTTCACAATATACATTTAAATGTTTATGATGGTACAACGTATCATATTTTATAATAATTTTATGCATTCATGTATATTATTTTTACTTTTT","Pf3D7_07_v3-405570-405844-1B.2","49+57N114+16N",314,0.920821114369501,3
"IM-23-122-XHZJ","8039832388","Maziba","Pf3D7_09_v3-1406342-1406614-1A","TCTCAGATTATCATAGTGTTGTGGATGAAGATTTAATTAATTTTAATGATGATGTTACTTTAGAAACACAATCCATGATAGCACACGGAGGGTCTTTGTCAGAAATAGAAGAAACTGGAGATTTATCTTCAGATGTTGATAGATTACTTTCATCAATCGAAACTACTCCAAGAGATGATGTTGTATATATACGAGGTGATATTATATT","Pf3D7_09_v3-1406342-1406614-1A.1","148T204A",928,0.764415156507414,3
"IM-23-122-XHZJ","8039832388","Maziba","Pf3D7_14_v3-3125801-3126073-1A","ATTCTTATAATATTTAAGAATGAAGGGATTAAATATTTACATTTTAGCGACGATACTCTGAAATATGTTAATTTTAATTATCCTGATTTTAACTTATATAAATGTATGAATTTATATAAGAAAAATTATGTTGATAGGGATGAGAAAGATATCTGTGATTTTTCAAATGAAGATTTTCCGTTAATAAAAGAAAATAACAAGAGAATCAG","Pf3D7_14_v3-3125801-3126073-1A.1","51C",80,0.198511166253102,2
"IM-23-122-XHZJ","8039832388","Maziba","Pf3D7_12_v3-529495-529767-1A","GCTCCCCAAAAGTTAACTGCTTCATTATTTTTTGGATCCCAAAAACTAACATTCGTTACCCATCCAACATAATCGGTAGATATCCTATATTCATAACTACTACAGAAATATTTATACTCATGGTATACATTTGCATCATTTACATCTACCAAATTAACAGTTTTACACAAATTGTGAATTCCATTCAAGTTATAAAAACCTGTACAT","Pf3D7_12_v3-529495-529767-1A.7","32T180T",133,0.174311926605505,4
"IM-23-122-XHZJ","8039832388","Maziba","Pf3D7_07_v3-432832-433091-1A","TTGAAAAAGTCATCATCAGAATGGGGATGATTATTATTGTTATTATGAGTTTGGTTCGTATTAATATTATGCTCCTTTTCGTTATTTAATTTATGTTCATTTATATTTTTATAAATAAATAATTTTCCAAGAAGTATACCATTAATAAACTTACTAGTTAACATATTAGACTGCTCAATATTTGTACATTTTTTTAATGTATGTATT","Pf3D7_07_v3-432832-433091-1A.1","30+17N188+9N",1538,1,1
"IM-23-122-XHZJ","8039832388","Maziba","Pf3D7_09_v3-164045-164311-1A","ATCAACTGGTGTTGCAAAACCATTAGTTACCAATTTTAATTCTCCATTTAGTGCTTTTGGTAAAACAAATACCAGTGATATATTTAAAACTAATACTACTGCATCAACTACAAATGCAACTGCAACTGCAACTCCTGCTCCCTTTGGATCAGCATTTGGAGCGCAAAAAAATAATGATAGCTTGTTTGGAAATAATGCATTCAAGCTTTCG","Pf3D7_09_v3-164045-164311-1A.3","169A",116,0.129753914988814,2
"IM-23-122-XHZJ","8039832388","Maziba","Pf3D7_07_v3-475313-475545-1A","AGCTTTATTATCTACAAAAAATCCACGTGGATATATGAAACAAATGAAATTGTATTTTATATTCCAAATTAAAGAAATTGCATTAAGAAAACATGGCTCTTTACTTACAGTCAAAAATTTATATAATAATAAACTTTTAAATATAAATTCATCATCTTCTACAAATA","Pf3D7_07_v3-475313-475545-1A.1","15+8N",184,0.17148182665424,2
"IM-23-122-XHZJ","8039832388","Maziba","Pf3D7_05_v3-958372-958608-1B","ATTTATAACAATTTTTACATATGCCAGTTCCTTTTTAGGTTTATATATTTGGTCATTAATAAAAAATGCACGTTTGACTTTATGTATTACTTGCGTTTTTCCGTTAATTTATGTTTGTGGTGTCATATGTAATAAGAAAGTAAAATTAAATAAAAAAACATCTTTGTTATATAATAACAATACC","Pf3D7_05_v3-958372-958608-1B.2","60+8N151+9N",919,0.790197764402408,2
"IM-23-122-XHZJ","8039832388","Maziba","Pf3D7_06_v3-1128558-1128797-1A","ATTGAATCGTTGGTGTTTATTTTATTATTCCTCTTTTGTTTTTCAATGAATACAAATGTTTCATCGACACTATCTTTATGATCTATTGGTATGGCATGATTTTCTAAATTGCTATTTCTTTCATTAGAATTGTATTTTTCACTATTATAGGTTGAGATTTTACTACATTTTATATTTTT","Pf3D7_06_v3-1128558-1128797-1A.2","157A",158,0.179749715585893,2
"IM-23-122-XHZJ","8039832388","Maziba","Pf3D7_08_v3-1366575-1366822-2","TTTAGCTTTTTCACATTGTGTTCTTAATCTTCTTAATGATTTTGAATTTTTGGAAACATCTTTACCTCCATTTTTTTTTTTAAAATCTTGTACACAGAAGTTTACTAATTTATTATCAAAATCTTCTCCTCCTAAATGTGTATCTCCTGAGGTAGCTTTAACTTCAAAAATTCCATCTTCAAGTGTTAATAAGG","Pf3D7_08_v3-1366575-1366822-2.1","70+13N",940,0.936254980079681,2
"IM-23-122-XHZJ","8039832388","Maziba","Pf3D7_08_v3-585993-586266-1A","TGTAAATATAAATCATACGTATGACATGAATCATCATTTAATGCATTCTTAATTGTTAATGCTAATCTACTTACAATAATATAAGCAAAGTTTATATGAGAATGAATACCTTCTTTTCCTAAAAAGTTATAAAGACTAACAAATGGAGCATATATTATAAATTTATCATACTTTTTTTTGTGCATAACTTCATTTAATAAAATATTT","Pf3D7_08_v3-585993-586266-1A.1","171+10N",645,0.628042843232717,3
"IM-23-122-XHZJ","8039832388","Maziba","Pf3D7_08_v3-585993-586266-1A","TGTAAATATAAATCATACGTATGACATGTATCATCATTTAATGCATTCTTAATTGTTAATGCTAATCTACTTACAATAATATAAGCAAAGTTTATATGAGAATGAATACCTTCTTTTCCTAAAAAGTTATAAAGACTAACAAATGGAGCATATATTATAAATTTATCATACTTTTTTTTGTGCATAACTTCATTTAATAAAATATTT","Pf3D7_08_v3-585993-586266-1A.2","29T171+10N",188,0.183057448880234,3
"IM-23-122-XHZJ","8039832388","Maziba","Pf3D7_09_v3-1015103-1015350-1A","ATTATTTAATTTTTCATCTTTTATATTTTTCAGATTTTTTATATGAAGATATAGGAATACAACTAAATTAACAGCTGAAAATAATCTTACTAACAAAAATAATTTGAGGAATTCTTCATCATATAAATCTTTTGGAATATTATTTGTGTATTCATAAATTTCTATTAAGGATATAATAGTTATGA","Pf3D7_09_v3-1015103-1015350-1A.1","34+8N",417,0.858024691358025,2
"IM-23-122-XHZJ","8039832388","Maziba","Pf3D7_07_v3-405570-405844-1B","ATAGCAATTGCTTATTACTTTAAATTCTTAGCCGTAAGAATTAAAAAGATATAAATATATAAATATATATGTGAAATATATGATATATATGATATATATGATATATATTTTTTATATGTAATGTTTTTTTTTTTTTTCACAATATACATTTAAATGTTTATGATGGTACAACGTATCATATTTTATAATAATTTTATGCATTCATGTATATTATTTTTACTTTTT","Pf3D7_07_v3-405570-405844-1B.6","49+57N114+16N",18,0.0527859237536657,3
"IM-23-122-XHZJ","8039832388","Maziba","Pf3D7_09_v3-1406342-1406614-1A","TCTCAGATTATCATAGTGTTGTGGATGAAGATTTAATTAATTTTAATGATGATGTTACTTTAGAAACACAATCCATGATAGCACACGGAGGGTCTTTGTCAGAAATAGAAGAAACTGGAAGATTTATCTTCAGATGTTGATAGATTACTTTCATCAATCGAAACTACTCCAAGAGATGATGTTGTATATATACGAGGTGATATTATATT","Pf3D7_09_v3-1406342-1406614-1A.7","120I=A148T204A",1,0.000823723228995058,3
"IM-23-122-XHZJ","8039832388","Maziba","Pf3D7_14_v3-3124416-3124655-1A","TAATTGATCTTCTAGAGGATTTAGATATTTTGTCTATATCGAATAAAGATGAAGTAGAAAAACGAAGAAAGAAAACAACTCAAGAGACGCGGTTGTTAGGAAATATTGATTTAGGATATGGAAAATTAGGAGAGGGAATAAAGTATGAAAATTTACAGGAAGAATTAGGAAACAGATTATTTG","Pf3D7_14_v3-3124416-3124655-1A.6","20T72A144T",1379,0.610447100486941,4
"IM-23-122-XHZJ","8039832388","Maziba","Pf3D7_06_v3-145285-145531-1A","TCAACAAAAGCTGATGAATCATCATAATTTGAATAAAATTTATCATTCACAATATTATATTTTTGTTTCTTCTTTTTTCCCATAATATTATTATTTTGTTCACAATATATGTTCATGTGTCCCCTCTTTTTCTGTAAAATATTAAAATGTTTCTTAGTATGCTTCTCTTCATTTTTAATAACA","Pf3D7_06_v3-145285-145531-1A.2","72+8N157G",94,0.0429419826404751,2
"IM-23-122-XHZJ","8039832388","Maziba","Pf3D7_14_v3-3124416-3124655-1A","TAATTGATCTTCTAGAGGAATTAGATATTTTGTCTATATCGAATAAAGATGAAGTAGAAAAACGAAGAAAGGAAACAACTCAAGAGACGCGGTTGTTAGGAAATATTGATTTAGGATATGGAAAATTAGGAGAGGGAATAAAGCATGAAAATTTACAGGAAGAATTAGGAAACAGATTATTTG","Pf3D7_14_v3-3124416-3124655-1A.1",".",225,0.099601593625498,4
"IM-23-122-XHZJ","8039832388","Maziba","Pf3D7_06_v3-1115900-1116168-1A","ATTTTTTAATAAAGCAGTACCATCTATATCTCTTCCTTTTTTTAAAACACATAAAGTTTCATCAAAATTGCTTGTGCTATTTTTATCAGGTTCAGGAAAATATTGTTTATTTGGAGAATATCCATTCTGATTACAAGTTATAATATTATTAATATTTATAAATTTTTTGTTTGTTTTTAAATCACCAAATTGATTATCGTTAT","Pf3D7_06_v3-1115900-1116168-1A.2","1+8N36+9N114G162+12N",130,0.179310344827586,3
"IM-23-122-XHZJ","8039832388","Maziba","Pf3D7_06_v3-176108-176338-1A","ATTATTATTATTATTATTATGCTGATGATGATGATGATCTGTGTTAAGATCATCTTCTATACCATTAGTTAAACATTTTATATTTTTATTCATATAAACATTAATCTTCACAACAGATTTATCAGATCTAGAAAATCTTGTACCTGTTGCTTTATGTAACAATAT","Pf3D7_06_v3-176108-176338-1A.2","1+38N",16,0.0155038759689922,5
"IM-23-122-XHZJ","8039832388","Maziba","Pf3D7_06_v3-176108-176338-1A","ATTATTATTATTATTATTATTATGATGATGATGATGATCTGTGTTAAGATCATCTTCTATACCATTAGTTAAACATTTTATATTTTTATTCATATAAACATTAATCTTCACAACAGATTTATCAGATCTAGAAAATCTTGTACCTGTTGCTTTATGTAACAATAT","Pf3D7_06_v3-176108-176338-1A.12","1+38N",16,0.0155038759689922,5
"IM-23-122-XHZJ","8039832388","Maziba","Pf3D7_07_v3-1043981-1044225-1A","ATAATGATATGTTATTTCATCATCAGCATCGACTTCTTTCTTATTATGTTCAAACAAATTCTTATATTTTATATTATTGCATTTTTGTCTTTCCATATTTATAAAAGATTCTATTTTCTTTTTATAATCATTCCTTTTTATATAATTACACATTCCTTCATTTTGGTTGTCATAACTCTTCT","Pf3D7_07_v3-1043981-1044225-1A.2","36+8N",408,0.3,2
"IM-23-122-XHZJ","8039832388","Maziba","Pf3D7_14_v3-279563-279833-1A","CATTTTTCTTTTAAATGAGAGCAATATATTTCTTAGGTTTATTCCGGATAAATGTTTAGTTATTAGCCAGGTGAGTTATAGTGATTCATATAAGGTAAATTGTATTAATTTCTCTGAAGGATTTTGTTGCTGTCATCCAATAAATAATTTAGCACTATTATATGGAGAGTATCAACAAAATCAAGAATCAAACATTATGAAATTACCG","Pf3D7_14_v3-279563-279833-1A.4","77T193C",12,0.021978021978022,3
"IM-23-122-XHZJ","8039832388","Maziba","Pf3D7_08_v3-1366575-1366822-2","TTTAGCTTTTTCACATTGTGTTCTTAATCTTCTTAATGATTTTGAATTTTTGGAAACATCTTTACCTCCATTTTTTTTTTTAAAATCTTGTACACAGAAGTTTACTAATTTATTATCAAAATCTTCTCCTCCTAAATGTGTATCTCCTGAGGTAGCTTTAACTTCAAAAATTCCATCTTCAATTGTTAATAAGG","Pf3D7_08_v3-1366575-1366822-2.2","70+13N183T",64,0.0637450199203187,2
"IM-23-122-XHZJ","8039832388","Maziba","Pf3D7_06_v3-1136091-1136364-1A","CATTATTTTTGTATCCAACGTCGTTATTATTAAAACTTATTATTTGATTAATAACTGACGAACCACATATATTTACACAATGGAATACATAACTTAAGAAAGAGTAGTAATTGCATTTTACTTTTTGCATTTTCCCTCTGGTGGAGAAATAATTATTATGCTGCTTATTACTCTTTGTATTATGATAATTTTTGGTAATCATTTTTTTT","Pf3D7_06_v3-1136091-1136364-1A.1","173C201+9N",143,0.165317919075145,2
"IM-23-122-XHZJ","8039832388","Maziba","Pf3D7_10_v3-1392371-1392620-1A","TGATGAAAATGATGATTCCCATTTTTCTAATTCTTTAGTATCTGAAACGAGTTACAATCAAGATTACTCTTTATACACTATTAATATTTTGAATGGACTTCCTGATAAAAAAAGTAATATGAAAAATATTGATTTAGAAAAATTTAAAGATACTTCAATACATACAAAGGAAGAGGGACCCATTGTA","Pf3D7_10_v3-1392371-1392620-1A.3","21A23T41T43T49G106+9N",3,0.00323275862068966,3
"IM-23-122-XHZJ","8039832388","Maziba","Pf3D7_05_v3-395887-396136-1A","TCTAAGGATTGTTGGTTTTTTAGGATGCTCATCTTTTTAAGATAATCCTCTTTACTGTCGTTATTATTTAAATCGTTTTGTATAATATTATATTGTGAATTCCTTGTGTTTTTCATAATACTATTAGTCCTATTGGTGTTCTTCTTATTATTATTATTATTATTGTTCTTCTTCTTAATAAA","Pf3D7_05_v3-395887-396136-1A.2","15+8N145+20N",303,0.636554621848739,3
"IM-23-122-XHZJ","8039832388","Maziba","Pf3D7_07_v3-403801-404052-1B","TATATATATATATATGTATGTATGTTGATTAATTTGTTTATATATTTATATTTATTTCTTATGACCTTTTTAGGAACGACACCGAAGCTTTAATTTACAATTTTTTGCTATATCCATGTTAGATGCCTGTTCAGTCATTTTGGCCTTCATAGGTCT","Pf3D7_07_v3-403801-404052-1B.4","1+45N130+8N",590,1,1
"IM-23-122-XHZJ","8039832388","Maziba","Pf3D7_09_v3-1015103-1015350-1A","ATTATTTAATTTTTCATCTTTTATATTTTTCAGATTTTTTATATGAAGATGTAGGAATACAACTAAATTAACAGCTGAAAATAATCTTACTAACAAAAATAATTTGAGGAATTCTTCATCATATAAATCTTTTGGAATATTATTTGTGTATTCATAAATTTCTATTAAGGATATAATAGTTATGA","Pf3D7_09_v3-1015103-1015350-1A.3","34+8N51G",69,0.141975308641975,2
"IM-23-122-XHZJ","8039832388","Maziba","Pf3D7_09_v3-1406342-1406614-1A","TCTCAGATTATCATAGTGTTGTGGATGAAGATTTAATTAATTTTAATGATGATGTTACTTTAGAAACACAATCCATGATAGCACACGGAGGGTCTTTGTCAGAAATAGAAGAAACTGAAGATTTATCTTCAGATGTTGATAGATTACTTTCATCAATCGAAACTACTCCAAGAGATGATGTTGTATATATACGAGGTGATATTATATT","Pf3D7_09_v3-1406342-1406614-1A.3","118A148T204A",285,0.234761120263591,3
"IM-23-122-XHZJ","8039832388","Maziba","Pf3D7_06_v3-176108-176338-1A","ATTATTATTATTATTATGATGATGATGATGATGATGATCTGTGTTAAGATCATCTTCTATACCATTAGTTAAACATTTTATATTTTTATTCATATAAACATTAATCTTCACAACAGATTTATCAGATCTAGAAAATCTTGTACCTGTTGCTTTATGTAACAATAT","Pf3D7_06_v3-176108-176338-1A.11","1+38N",6,0.00581395348837209,5
"IM-23-122-XHZJ","8039832388","Maziba","Pf3D7_12_v3-63081-63314-1A","TTTCCGTCATAATAGTTGCATACATTCTATTAAAAACTTTGGGTACTCCTAATATAATTTCACCTTTTGAATTACATATGTCTGTATTCAAAAATTTTATATCTCTACTCCATATATTTATCTTTACACCCAAAAACAAAGCAATGAAAAAAACAACCCTTTCATA","Pf3D7_12_v3-63081-63314-1A.1","146+9N",949,0.765940274414851,3
"IM-23-122-XHZJ","8039832388","Maziba","Pf3D7_10_v3-1414599-1414832-1A","ATCTAAATCAACGAGGGAATATAACAACATCTCAAGGAAATTCACACCGTGCAACTGTTGTGCAACAAGCTGATCAAACCAACAGATTAGATAATGTAAACTCTGTAACGCAAAGAGGAAATAATAACTACAACAATAATTTAGAGCGTGGATTGGGTTCTGGTGCT","Pf3D7_10_v3-1414599-1414832-1A.4","6A70C",117,0.0897239263803681,2
"IM-23-122-XHZJ","8039832388","Maziba","Pf3D7_05_v3-958079-958350-1B","TTTTTATATCTGTGTTTGGTGTAATATTAAAGAACATGAATTTAGGTGATGATATTAATCCTATAATATTATCATTAGTATCTATAGGTTTAGTACAATTTATATTATCAATGATATCAAGTTATTGTATGGATGTAATTACATCAAAAATATTAAAAACTTTAAAGCTTGAATATTTAAGAAGTGTTTTTTATCAAGATGGACAATTTC","Pf3D7_05_v3-958079-958350-1B.1","186+8N",279,1,1
"IM-23-122-XHZJ","8039832388","Maziba","Pf3D7_14_v3-3214249-3214516-1A","TAAATAAAAAAGGATTAGATGATTTAATAAAAGATTTGTTAAAATATTTTCCAAAGAATTCAATTAGCGATCGTTTTGAATTGTTAGAATTTAAAATGACGGAGGATTGTTATACAAAAATGTGGTTTGATTTTATGAGTGATTTTGGAATAGCTACAATGAATGAAACCGAACATACTAGATCTTTTTATGGCTTAATCGAA","Pf3D7_14_v3-3214249-3214516-1A.1","5+8N194C",1103,0.719504240052185,3
"IM-23-122-XHZJ","8039832388","Maziba","Pf3D7_05_v3-958372-958608-1B","ATTTATAACAATTTTTACATATGCCAGTTCCTTTTTAGGTTTATTTATTTGGTCATTAATAAAAAATGCACGTTTGACTTTATGTATTACTTGCGTTTTTCCGTTAATTTATGTTTGTGGTGTCATATGTAATAAGAAAGTAAAATTAAATAAAAAAACATCTTTGTTATATAATAACAATACC","Pf3D7_05_v3-958372-958608-1B.1","45T60+8N151+9N",244,0.209802235597592,2
"IM-23-122-XHZJ","8039832388","Maziba","Pf3D7_10_v3-1386657-1386909-1A","CGATTTTGGTAGAGAACAGGTTAAATATATTGAAGACGTGGTTTGATAATCAGGTATTTCTTTAATTAAATATTCATGATATTGTTCGTTAGATACATAAATTAATTCGTCCTCCACATTTTGCTGTTCTGTTATAATTTGTGAAGAAGCTTGGTTTGTCTTATTTGGTAATTGCTCTTTTATGA","Pf3D7_10_v3-1386657-1386909-1A.3","13A",277,0.223027375201288,4
"IM-23-122-XHZJ","8039832388","Maziba","Pf3D7_10_v3-1386657-1386909-1A","CGATTTTGGTAGGGAACAGGTTAAATATATTGAAGACGTGGTTTGATAATCAGGTATTTCTTTAATTAAATATTCATGATATTGTTCGTTAGATACATAAATTAATTCGTCCTCCACATTTTGCTGTTCTGTTATAATTTGTGAAGAAGCTTGGTTTGTCTTATTTGGTAATTGCTCTTTTATGA","Pf3D7_10_v3-1386657-1386909-1A.1",".",792,0.63768115942029,4
"IM-23-122-XHZJ","8039832388","Maziba","Pf3D7_09_v3-202854-203106-1A","AATATACAAAGAATGTATATGATAAAATATTCTTTGTCCTTTAAAATTTTTTGTTCTTGTACTTTGTTTTTTATAATCTATTAAATTCATATCTGATGAAATATCATATTTATATTCCCCTTTATGAGCATTTACAAAAGTTTCGCTATTTCTTTTATTAATATATGTATTTGAGCACATATTTTTAT","Pf3D7_09_v3-202854-203106-1A.3","46+8N66+8N183T",226,0.158707865168539,4
"IM-23-122-XHZJ","8039832388","Maziba","Pf3D7_07_v3-1028330-1028603-1A","TAAAGAATATTTTTATTTCTAATATTATGGCTAAAAGGAAAATTATTTAATTTCATTTTTTGTGGGTTACTTGTATCATTACAACTCATCATCATGACCATATTATTATTATTATTATTGTTGTTGTTGTTGTTGTGGTGGTTCATTACCAATAAATTTGTGTTATTATGTTCATCCTTTTTTATATTAACAATTTCATTTCTATAA","Pf3D7_07_v3-1028330-1028603-1A.2","55+8N101+36N177+8N202C",512,0.996108949416342,2
"IM-23-122-XHZJ","8039832388","Maziba","Pf3D7_10_v3-1414337-1414596-1A","GACCTGAATGGAAAGGCCAATGTGATAAATTTGAAAAAGAAAAAAGTAAATATGAAGATACTAAAAGTATAACTGCTGAAAAATATTTAAAAGAAATATGTTCTGAATGTGATTGTAAATATAAAGATTTGGATAATACATTTAAAGAATTTAAAGATAACGTTACACTTCTTAAAGCAGTAATTGATAACAAA","Pf3D7_10_v3-1414337-1414596-1A.2","39+8N",286,0.382864792503347,3
"IM-23-122-XHZJ","8039832388","Maziba","Pf3D7_12_v3-233418-233671-1A","CAAAAATATGATTCCCCAAATTTGTACTACTAATTGTTCCAATAGTTCCTATAGTTGTGGTAATTTGCTCATATGTATTTTTTCCTAAAGATTTATTAGACACATTTGAAGGATCATTATTTTGTTCCAAATTCTTGGGCACAGTATTATTACATGAGAATAATGAAAAGTTATTATCATAATTCTTTTGTT","Pf3D7_12_v3-233418-233671-1A.9","10G77+8N",190,0.173833485818847,5
"IM-23-122-XHZJ","8039832388","Maziba","Pf3D7_14_v3-279563-279833-1A","CATTTTTCTTTTAAATGAGAGCAATATATTTCTTAGGTTTATTCCGGATAAATGTTTAGTTATTAGCCAGGTGAGTAATAGTGATTCATATAAGGTAAATTGTATTAATTTCTCTGAAGGATTTTGTTGCTGTCATCCAATAAATAATTTAGCACTATTATATGGAGAGTATCAACAAAATCAAGAATCAAAAATTATGAAATTACCG","Pf3D7_14_v3-279563-279833-1A.1",".",526,0.963369963369963,3
"IM-23-122-XHZJ","8039832388","Maziba","Pf3D7_14_v3-2695837-2696082-1A","CGTTTTGTATCATATTATTAGATATAGTTATTTTATTATTATTTTCTACATTGTTATTCAATATATTACATCCTGTTATGGAATTATTGTTAAAATATAAATTATTCGAATTGTTATTATTAAATTCTAATCCACTAACTGCTGTTGTATATAATGATGATGAGTTATTATTATAGAAATC","Pf3D7_14_v3-2695837-2696082-1A.1","28+16N",87,0.100346020761246,4
"IM-23-122-XHZJ","8039832388","Maziba","Pf3D7_14_v3-279563-279833-1A","CATTTTTCTTTTAAATGAGAGCAATATATTTCTTAGGTTTATTCCGGATAAATGTTTAGTTATTAGCCAGGTGAGTTATAGTGATTCATATAAGGTAAATTGTATTAATTTCTCTGAAGGATTTTGTTGCTGTCATCCAATAAATAATTTAGCACTATTATATGGAGAGTATCAACAAAATCAAGAATCAAAAATTATGAAATTACCG","Pf3D7_14_v3-279563-279833-1A.2","77T",8,0.0146520146520147,3
"IM-23-122-XHZJ","8039832388","Maziba","Pf3D7_06_v3-176108-176338-1A","ATTATTATTATTATTATTATGATGATGATGATGATGATCTGTGTTAAGATCATCTTCTATACCATTAGTTAAACATTTTATATTTTTATTCATATAAACATTAATCTTCACAACAGATTTATCAGATCTAGAAAATCTTGTACCTGTTGCTTTATGTAACAATAT","Pf3D7_06_v3-176108-176338-1A.1","1+38N",868,0.84108527131783,5
"IM-23-122-XHZJ","8039832388","Maziba","Pf3D7_14_v3-2020604-2020849-1A","CAAGAACATGAATATTTCTGTATATACATAGACAAGTCCTCATTATGTCTTATCACAGGGTGCTCTTCTTTAATATGACAATATAATTTTATATGTTTTATTATTTCTTGATGAATTTCACATAATAAAAATAATGTGTGATTCATATGTTGACTACCCAATATAGAAAAGCCACTAACTAATTG","Pf3D7_14_v3-2020604-2020849-1A.4","23T65+8N",86,0.0755048287971905,5
"IM-23-122-XHZJ","8039832388","Maziba","Pf3D7_14_v3-2020604-2020849-1A","CAAGAACATGAATATTTCTGTATATACATAGACAAGTCCTCATTATGTCTTATCACAGGGTGCTCTTCTTTAATATGACAATATAATTTTATATGTTTTATTATTTCTTGATGAATTTCACATAATAAAAATAATGTGTGATTCATATGTTGACTACTCAATATAGAAAAGCCACTAACTAATTG","Pf3D7_14_v3-2020604-2020849-1A.3","23T65+8N158T",14,0.0122914837576822,5
"IM-23-122-XHZJ","8039832388","Maziba","Pf3D7_06_v3-416462-416720-1A","AAGAAAAAATGGACATTGTGGAGAATATAAAAAATAGAGGAAAGGAAAAAACAGAATTAACATATAAAGAAGTATATAAAACACAACAGAATCAAAATGATGCAAGTTTAAATTCATTTTGGGGTGATGAAAAAAAAAATAATAATTATGATATAGATATAGTAAAAGAGAAATATAGTGAGTTAATGAAAAAAAAAGAA","Pf3D7_06_v3-416462-416720-1A.1","3+8N28+8N45+8N129+12N188+11N",743,0.803243243243243,2
"IM-23-122-XHZJ","8039832388","Maziba","Pf3D7_12_v3-659881-660127-1A","GGTGGTTTAACATTTTCAGCTACGACTTTTTCGACTGATGGCAATCCTACTTTGATTAATTCCTTTAACATAGATTTTGCGTGTCTTTTTACTTCTGATTTGATATCAAAGCTTGATTCTAAAAAGGTTGGTGAATTTTTTTGTAAAACACTGACAAGTTCATTTGATATGGTCTCTGCTAAATCATCACCA","Pf3D7_12_v3-659881-660127-1A.8","26C27T35C83+9N135+9N",1,0.00110987791342952,6
"IM-23-122-XHZJ","8039832388","Maziba","Pf3D7_05_v3-796518-796759-1A","TGGTTCTTCAATTGTTCATATAAGTTCTTTATTAGTAGGTGTATATTTATGTAGTAGTAGTGCAAATGCATTTAATCAAATTATTGAAAGAAATATAGATAAGTTAATGAAAAGAACCCAAAAAAGACCCTTAGCAAATAATAATCCAAATATGTCAGTTAAGCATGCTGAAATAT","Pf3D7_05_v3-796518-796759-1A.2","119+8N163G",218,0.214778325123153,4
"IM-23-122-XHZJ","8039832388","Maziba","Pf3D7_10_v3-1386657-1386909-1A","CGATTTTGGTAGGGAACAGGTTAAATATATTGAAGACGTGGTTTGATAATCAGGTATTTCTTTAATTAAATATTCATGATATTGTTCGTTAGATACATAAATTAATTCGTCTTCCACATTTTGCTGTTCTGTTATAATTTGTGAAGAAGCTTGGTTTGTCTTATTTGGTAATTGCTCTTTTATGA","Pf3D7_10_v3-1386657-1386909-1A.14","112T",140,0.112721417069243,4
"IM-23-122-XHZJ","8039832388","Maziba","Pf3D7_10_v3-1392371-1392620-1A","TGATGAAAATGATGATTCCCTTATTTCTAATTCTTTAGTACCCGAAACAAGTTACAATCAAGATTACTCTTTATACACTATTAATATTTTGAATGGACTTCCTGATAAAGAAAGTAATATGAAAAATATTGATTTAGAAAAATTTAAAGATACTTCAATACATACAAAGGAAGAGGGACCCATTGTA","Pf3D7_10_v3-1392371-1392620-1A.2","106+9N",713,0.768318965517241,3
"IM-23-122-XHZJ","8039832388","Maziba","Pf3D7_06_v3-851492-851765-1A","ACAATAGTACATTCTGCATTTACATCACAACCTCCATTATTTTTTGAACAGTTCATATCTTTCATAGGTATACATTTAAAATAATTTACACTCATATCAACTATATAATTAGGTCGGCATCTACATTGTTCTTTATCTTTTTCGACAATATAACAACGTGAATTGGGTCCACATTTGGAATATTCACAAATATTATTTACTTTAAATATAACAAAATTTTTCA","Pf3D7_06_v3-851492-851765-1A.2","39+8N194T220T",103,0.0822683706070288,3
"IM-23-122-XHZJ","8039832388","Maziba","Pf3D7_06_v3-532166-532407-1A","AGAACAATTGTTAAACACCAAATTGGGTGAAACAAAAAACCACCTGAACAGAACCCCATTTATACCTGAATCGGTCATACGAGAAAGGAAATTACGCCAAGAAAAAGCTCAATCCACAAACAACATGTTCGATTCAACAAACGCAGATAGTATTACTTCCCCATGTGATCCAACGAATGCCACG","Pf3D7_06_v3-532166-532407-1A.6","11T33+8N157T",33,0.0141448778396914,5
"IM-23-122-XHZJ","8039832388","Maziba","Pf3D7_10_v3-1414337-1414596-1A","GACCTGAATGGAAAGGTCAATGTGATAAATTTGAAAAAGAAAAAAGTAAATATGAAGATACTAAAAGTAGAACTGCTGAAATATATTTAAAAGAAATATGTTCTGAATGTGATTGTAAATATAAAGATTTGGATAATACATTTAAAGAATTTAAAGATAACGTTACGCTTCTTAAAGCAGTAATTGATAACAAA","Pf3D7_10_v3-1414337-1414596-1A.1","17T39+8N70G82T167G",22,0.0294511378848728,3
"IM-23-122-XHZJ","8039832388","Maziba","Pf3D7_14_v3-3124416-3124655-1A","TAATTGATCTTCTAGAGGAATTAGATATTTTGTCTATATCGAATAAAGATGAAGTAGAAAAACGAAGAAAGGAAACAACTCAAGAGACGCGGTTGTTAGGAAATATTGATTTAGGATATGGAAAATTAGGAGAGGGAATAAAGCATGAAAATTTACAGGAAGAATTAGGAAACACATTATTTG","Pf3D7_14_v3-3124416-3124655-1A.16","175C",219,0.0969455511288181,4
"IM-23-122-XHZJ","8039832388","Maziba","Pf3D7_12_v3-529495-529767-1A","GCTCCCCAAAAGTTAACTGCTTCATTATTTTTTGGATCCCAAAAACTAACATTCGTTACCCATCCAACATAATCGGTAGATATCCTATATTCATAACTACTACAGAAATATTTATACTCATGGTATACATTTGCATCATTTACATCTACCAAATTAACAGTTTTACACAAATTGTGAATGCCATTCAAGTTATAAAAACCTGTACAT","Pf3D7_12_v3-529495-529767-1A.1","32T",526,0.689384010484928,4
"IM-23-122-XHZJ","8039832388","Maziba","Pf3D7_09_v3-82006-82236-1A","TTTATCATCTTTAGGCCATAACCAGAGTACAAGCAATCCAACTATAACAATTGTAATTAACATTATAAATACTGTAATACCATAAACACTACCATAAGCGATCAGAAATGCACTAAAAGTATAACAATATTCACATGGAATAAGAGTAGCGATAAAACTAAAAATAGC","Pf3D7_09_v3-82006-82236-1A.8","95T128T135A137G",354,0.196666666666667,7
"IM-23-122-XHZJ","8039832388","Maziba","Pf3D7_14_v3-2733345-2733593-1A","TCGATGTACATGCAGAAAAAATATTGGAACGTTTATTTGTAATTTATTTATGTGTATTAAAAGAATATGAAAAACATCCTCCTAAAATATTAAAATATTCATTACGTGCTATATCGAGATACTCGATGTATATAAATAAATTTATCATGGATGATATATTATTTGAAATTAAAAACCTTGCTGCA","Pf3D7_14_v3-2733345-2733593-1A.2","15+8N116G",136,0.104294478527607,2
"IM-23-122-XHZJ","8039832388","Maziba","Pf3D7_07_v3-1043981-1044225-1A","ATAATGATATGTTATTTCATCATCAGCATCGACTTCTTTTTTATTATGTTCAAACAAATTCTTATATTTTATATTATTGCATTTTTGTCTTTCCATATTTATAAAAGATTCTATTTTCTTTTTATAATCATTCCTTTTTATATAATTACACATTCCTTCATTTTGGTTGTCATAACTCTTCT","Pf3D7_07_v3-1043981-1044225-1A.1","36+8N",952,0.7,2
"IM-23-122-XHZJ","8039832388","Maziba","Pf3D7_13_v3-1146764-1147010-1A","AAATTTTCTCCTAAAGTTATGCCTTTGTTAATGAAGGAGAAGAACGTGAAACATAAAGCACCTCCTAAAGGTACTATAAAGCATACGCTAGAATATTTAAAAAGAGCAGCAGAATCAAGAATGAAAGAAAATGAATTATACAAATCAAAAAAAGATAGCACACTTAGTTCAATTGCAATTAGAAAAAATTCC","Pf3D7_13_v3-1146764-1147010-1A.2","64C146+9N182+8N",1240,0.79589216944801,2
"IM-23-122-XHZJ","8039832388","Maziba","Pf3D7_08_v3-1099719-1099977-1A","AAAAAATAAAAAATCAAACAAGATAAATAATAATGTATATAATACTAGTGGTATAAAAAATAATGATCAAAATATGGATAATATGAATCAAAAAGGGAAAAGTAACAAAAATTCAAATAAATATAATTTTGATGAAGAGGACTTATGGTTTTTATGTGATTTATGTAATAATCCTATAAGTCCGTTATGTTA","Pf3D7_08_v3-1099719-1099977-1A.2","1+14N54+8N142C",396,0.656716417910448,3
"IM-23-122-XHZJ","8039832388","Maziba","Pf3D7_14_v3-921176-921432-1A","ACAATATTAATTTTTTAAGTTCATTATTTCAATTTTATATTTAGGAGGATCTATATCCATATATTATTCATTTTAAAAATATTAAAATAAATACATATATAAATATATAAACATATAAATACAGTCTTTTAAAAATTAATAAGATTTATATAAAATATGGTTATAAATCCTATTTTGTATTATATTAAA","Pf3D7_14_v3-921176-921432-1A.2","15T120T186T",363,0.561919504643963,4
"IM-23-122-XHZJ","8039832388","Maziba","Pf3D7_14_v3-120101-120365-1A","TTTTACAACATTATTTTTTTCTTCCTCCTCAGATAAAATAGGTACACATATCGCGTCCTTATCACATCCTCCATTGTTTACCTTACAATGTTCTTCGCATTCGAAATTTTTTTCAGGATTACTTGAAAAGCCTTCTGGACAATTACAATATTCATATCCATGAGCATTCTTACAAACACCTTTTCCACAATTTAAAA","Pf3D7_14_v3-120101-120365-1A.1","13+9N106+9N165C",384,0.633663366336634,3
"IM-23-122-XHZJ","8039832388","Maziba","Pf3D7_12_v3-233418-233671-1A","CAAAAATATCATTCCCCAAATTTGTACTACTAATTGTTCCAATAGTTCCTATAGTTGTGGTAATTTGCTCATATGTCTTTTTTCCTAAAGATTTATTAGACACATTTGAAAGATCATTATTTTGTTCCAAATTCTTGGGCACAGTATTATTACATGAGAATAATGAAAAGTTATTATCATAATTCTTTTGTT","Pf3D7_12_v3-233418-233671-1A.4","77+8N111A",711,0.650503202195791,5
"IM-23-122-XHZJ","8039832388","Maziba","Pf3D7_08_v3-585993-586266-1A","TGTAAATATAAATCATACGTATGACATGTATCATCATTTAATGCATTCTTAATTGTTAATGCTAATCTACTTACAATAATATAAGCAAAGTTTATATGAGAATGAATACCTTCTTTTCCTAAAAAGTTATAAAGACTAACAAATGGAGCATATATTATAAATTTATCATACTTTTTTTTTTGCATAACTTCATTTAATAAAATATTT","Pf3D7_08_v3-585993-586266-1A.6","29T171+10N",194,0.18889970788705,3
"IM-23-122-XHZJ","8039832388","Maziba","Pf3D7_13_v3-1265494-1265726-1A","TGTCATATACAGATTATAAAAATGATCATAGAATAAGCGAAATCTTAAATCGTTGTATTTTACGATTAAACGAGTTTGATCTAATTCATTTATCTTCTTTGGTCATATCTTTAAGTAAAATGAATTTTAGGAGTGTGTATTTTATGGAACAAGTACAAAAGAAATT","Pf3D7_13_v3-1265494-1265726-1A.1","144A",1,0.000473260766682442,6
"IM-23-122-XHZJ","8039832388","Maziba","Pf3D7_14_v3-2733345-2733593-1A","TCGATGTACATGCAGAAAAAATATTGGAACGTTTATTTGTAATTTATTTATGTGTATTAAAAGAATATGAAAAACATCCTCCTAAAATATTAAAATATTCATTACGTGCTATATCTAGATACTCGATGTATATAAATAAATTTATCATGGATGATATATTATTTGAAATTAAAAACCTTGCTGCA","Pf3D7_14_v3-2733345-2733593-1A.1","15+8N",1168,0.895705521472393,2
"IM-23-122-XHZJ","8039832388","Maziba","Pf3D7_14_v3-2695837-2696082-1A","CGTTTTGTATCATATTATTAGATATAGTTATTTTATTATTATTTTCTACATTATTATTCAATATATTACATCCTGTTATGGAATTATTGTTAAAATATAAATTATTCGAATTGTTATTATTAAATTCTAATCCACTAACTGCTGTTGTATATAATGATGATGAGTTATTATTATAGAAATC","Pf3D7_14_v3-2695837-2696082-1A.2","28+16N53A",721,0.831603229527105,4
"IM-23-122-XHZJ","8039832388","Maziba","Pf3D7_06_v3-1235395-1235658-1A","GAATATGATAAAATATATATACCAAACAATAAAAATAAAATTAATAATATAAATAATTTTTTAATAAAAAACAATTTGCTGTTGAAATCCAAATTTATGAGAATAACTCCTAATACCTATTTATGTCGTAATTGTGTCCTGTTATATCAAAATGATTTTTCGTATAATACATATGAAGAAGAAATTAATAAAATGG","Pf3D7_06_v3-1235395-1235658-1A.1","56+8N65+8N",68,0.186813186813187,2
"IM-23-122-XHZJ","8039832388","Maziba","Pf3D7_13_v3-1265494-1265726-1A","TGTCATATACAGATTATAAAAATGATCATAGAATAAGCGAAATTTTAAATCGTTGTATTTTACGATTAAACGAGTTTGATCTAATTCATTTATCTTCTTTGGTCATATCTTTAAGTAAAATGAATTTTAGGAGTGTGTATTTTATGGAACAAGTACAAAAGAAATT","Pf3D7_13_v3-1265494-1265726-1A.4","44T144A",115,0.0544249881684808,6
"IM-23-122-XHZJ","8039832388","Maziba","Pf3D7_05_v3-668763-669004-1A","TAATATTATCTGGCTCTGTAACCATGTCCGAACATATGTTAACAGGAGAATCTGTTCCTATACATAAAGAGCGGTTACCTTTTGAAGGAAATGCTATTATAAATAAAAATAATAAATATGACAGTAACGATGAAAAGGATGATTACCTTCGTATTTATAATAATAATGCTAGTATTAATATGATCAAGCG","Pf3D7_05_v3-668763-669004-1A.8","73G122C165A",433,0.294157608695652,4
"IM-23-122-XHZJ","8039832388","Maziba","Pf3D7_14_v3-3125801-3126073-1A","ATTCTTATAATATTTAAGAATGAAGGGATTAAATATTTACATTTTAGCGAGGATACTCTGAAATATGTTAATTTTAATTATCCTGATTTTAACTTATATAAATGTATGAATTTATATAAGAAAAATTATGTTGATAGGGATGAGAAAGATATCTGTGATTTTTCAAATGAAGATATTCCGTTAATAAAAGAAAATAACAAGAGAATCAG","Pf3D7_14_v3-3125801-3126073-1A.3","175A",323,0.801488833746898,2
"IM-23-122-XHZJ","8039832388","Maziba","Pf3D7_12_v3-63081-63314-1A","TTTCCGTCATAATAGTTGCATACATTCTATTAAAAACTTTGGGTACTCCTAATATAATTTCACCTTTTGAATTACATATGTCTGTATTCAAAAATTTTATATCTCTACTCCATATATTTATCTTTACATCCAAAAACAAAGCAATGAAAAAAACAACCCTTTCATA","Pf3D7_12_v3-63081-63314-1A.6","129T146+9N",274,0.221146085552865,3
"IM-23-122-XHZJ","8039832388","Maziba","Pf3D7_12_v3-63081-63314-1A","TTTCCGTCATAATAGTTGCATACATTCTATTAAAAACTTTGGGTACTCCTAATATAATTTCAGCTTTTGAATTACATATGTCTGTATTCAAAAATTTTATATCTCTACTCCATATATTTATCTTTACACCCAAAAACAAAGTAATGAAAAAAATAACCCTTTCATA","Pf3D7_12_v3-63081-63314-1A.3","63G142T146+9N",16,0.0129136400322841,3
"IM-23-122-XHZJ","8039832388","Maziba","Pf3D7_14_v3-3214249-3214516-1A","TAAATAAAAAAGGATTAGATGATTTAATAAAAGATTTGTTAAAATATTTTCCAAAGAATTCAATTAGCGATCGTTTTGAATTGTTAGAATTTAAAATGACGGAGGATTGTTATACAAAAATGTGGTTTGATTTTATGAGTGATTTTGGAATAGCTACAATGAATGAAAGCGAACATACTAGATCTTTTTATGGCTTAATCGAA","Pf3D7_14_v3-3214249-3214516-1A.2","5+8N169G194C",268,0.174820613176778,3
"IM-23-122-XHZJ","8039832388","Maziba","Pf3D7_08_v3-585703-585949-1A","AAACACATCATCAAAAGTTTCTGATATTGGCTTGTTTGATTCTTTATATTTAAAATCTTTATATAAATAAAATCTATCTTTCTTAAAATATGGATCTTTACGTAGTTCAATCGAATCCCTATCAGTTACAATATTTATATCTTTTAATGTTAAGTGGAAATTAGAATCAATAATAGCTA","Pf3D7_08_v3-585703-585949-1A.3","105G118C",414,0.359375,3
"IM-23-122-XHZJ","8039832388","Maziba","Pf3D7_06_v3-1135605-1135855-1A","TATAAAGAATTTATACCACCTAAATTGTTAACATTAGAAGTATTATTTGTTTCTGTATTTTCTTGTAACGTATTTGTATTATTAATATTGTTAGATGAAATATTATGACTATTTCTTCTATTTGTTATATTTAAATTGTAAATAGTTTCATTACTAACACTACTGATACCACTGAAATGATTATTTAG","Pf3D7_06_v3-1135605-1135855-1A.2",".",693,0.809579439252336,2
"IM-23-122-XHZJ","8039832388","Maziba","Pf3D7_09_v3-202854-203106-1A","AATATACAAAGAATGTATATGATAAAATATTCTTTGTCCTTTAAAATTTTTTGTTCTTGTACTTTGTTTTTTATAATCTATTAAATTCATATCTGATGAAATATCATATTTATATTCCCCTTTATGAGCATTTACAAAAGTTTCGTTATTTCTTTTATTAATATATGTATTTGAGCACATATATTTAT","Pf3D7_09_v3-202854-203106-1A.2","46+8N66+8N146T",273,0.191713483146067,4
"IM-23-122-XHZJ","8039832388","Maziba","Pf3D7_06_v3-1135605-1135855-1A","TATAAAGAATTTATACCACCTAAATTGTTAACATTAGAAGTATTATTTGTTTCTGTATTTTCTTGTAACGTATTTGTATTATTAATATTGTTAGATGAAATATTATGACTATTTCTTCTATTTGTTATATTTAAATTGTAAATAGTTTCATTACTAACACTACTGATACCATTGAAATGATTATTTAG","Pf3D7_06_v3-1135605-1135855-1A.1","172T",163,0.190420560747664,2
"IM-23-122-XHZJ","8039832388","Maziba","Pf3D7_13_v3-1265494-1265726-1A","TGTCATATACAGATTATAAAAATGATCATAGAATAAGCGAAATCTTAAATCGTTGTATTTTACGATTAAACGAGTTTGATCTAATTCATTTATCTTCTTTGGTCATATCTTTAAGTAAAATGAATTTTAGGAGTGTGTATTTTCAGGAACAAGTACAAAAGAAATT","Pf3D7_13_v3-1265494-1265726-1A.3","145A",232,0.109796497870327,6
"IM-23-122-XHZJ","8039832388","Maziba","Pf3D7_01_v3-181512-181761-1A","TTCATTATTGTTTTCATTCTTTTTTTAACTAAAACTATTCATCTCAAAAATATAAGATATTTTATATGACGAATGCCATTGTATTTTTTGTTACGTAAAACCTGACTTCTTCAAGGAAAACACATGCGCATTTTCACCAATTTTTGCCTAAGCTTATTATAAAAAGTATATTAAATGTATGAC","Pf3D7_01_v3-181512-181761-1A.1","19+9N30T83+8N",15,0.0130208333333333,6
"IM-23-122-XHZJ","8039832388","Maziba","Pf3D7_09_v3-82006-82236-1A","TTTATCATCTTTAGGCCATAACCAGAGTACAAGCAATCCAACTATAACAATTGTAATTAACATTATAAATACTGTAATACCATAAACACTACCAGAAGCGATCAGAAATGCACTAAAAGTATTACAACATTCACTTGTAATAAGAGTAGCGATAAAACTAAAAATAGC","Pf3D7_09_v3-82006-82236-1A.2","95G123T137G138T",17,0.00944444444444444,7
"IM-23-122-XHZJ","8039832388","Maziba","Pf3D7_06_v3-1197245-1197515-1A","CATTAGGAAAAACAACAGAGCCTTCTTCCATACCATAAATACATAAATCATTTCCACTAATCTTTTCTAAATATTGCACAAAAGAATCAATATCATTATAAGATGACATCTTCTTTCTTATAAAATCTAATTGAGCTTTGGTAAATCGAAAACAATTAATATATTTTATTACTTCATATACACCAGCTAATATAGCAAATTGAC","Pf3D7_06_v3-1197245-1197515-1A.1","20G",1033,0.994225216554379,2
"IM-23-122-XHZJ","8039832388","Maziba","Pf3D7_06_v3-1282656-1282930-1A","AAGATATGGAAGAAATATGATAAAGAAAACAATAAATATATATTGTCTCATTTTATTCCCCAATTTATTGAAGACTTAAATTTGAAGGATGAATTCCGAAATTTATTTGATGGATTTGTAAATGATTTGGATATTCTATTATATTCAGAATTTAAAGCATTTTATTTACAAATGAAGCAAAAAGATATAAATGAACTGAAAAATTCTGA","Pf3D7_06_v3-1282656-1282930-1A.4",".",103,0.190388170055453,4
"IM-23-122-XHZJ","8039832388","Maziba","Pf3D7_06_v3-1282656-1282930-1A","AAAATATGGAAGAAATATGATAAAGAAAACAATAAATATATATTGTCTCATTTTATTCCTCAATTTATTGAAGACTTAAATTTGAAGGATGAATTCCGAAATTTATTTGATGGATTTGTAAATGATTTGGATATTCTATTATATTCAGAATTTAAAGCATTTTATTTACAAATGAAGCAAAAAGATATAAATGAACTGAAAAATTCTGA","Pf3D7_06_v3-1282656-1282930-1A.1","3A60T",332,0.613678373382625,4
"IM-23-122-XHZJ","8039832388","Maziba","Pf3D7_06_v3-1282656-1282930-1A","AAGATATGGAAGAAATATGATAAAGAAAACAATAAATATATATTGTCTCATTTTATTCCTCAATTTATTGAAGACTTAAATTTGAAGGATGAATTCCGAAATTTATTTGATGGATTTGTAAATGATTTGGATATTCTATTATATTCAGAATTTAAAGCATTTTATTTACAAATGAAGCAAAAAGATATAAATGAACTGAAAAATTCTGA","Pf3D7_06_v3-1282656-1282930-1A.5","60T",101,0.186691312384473,4
"IM-23-122-XHZJ","8039832388","Maziba","Pf3D7_14_v3-2260533-2260765-1A","AATAACCATCAAATACAAACTCAACCAACAAATACAGTACAATATATTCAACCAAATTATCAACAAGTCATAACACAAGTAGATCAAAATGGTAATCTATTCAATCAACAGCTTGTAGGAAGTACAGTAATGCAAAATATGACACCACAAGGTGTAAACACGTTAAATTATCCTGCAACG","Pf3D7_14_v3-2260533-2260765-1A.3","61C91G",49,0.0337001375515818,3
"IM-23-122-XHZJ","8039832388","Maziba","Pf3D7_06_v3-416462-416720-1A","AAGAGAAAATGGACATTGTGGAGAATATAAAAAATAGAGGAAAGGAAAAAACAGAATTAACATATAAAGAAGTATATAAAACACAACAGAATCAAAATGATGCAAGTTTAAATTCATTTTGGGGTGATGAAAAAAAAAATAATAATTATGATATAGATATAGTAAAAGAGAAATATAGTGAGTTAATGAAAAAAAAAGAA","Pf3D7_06_v3-416462-416720-1A.2","3+8N28+8N45+8N129+12N188+11N",182,0.196756756756757,2
"IM-23-122-XHZJ","8039832388","Maziba","Pf3D7_07_v3-475313-475545-1A","AGCTTTATTATCTACAAAAAATCCACGTGGATATATGAAACAAATGAAATTGTATTTTATATTCCAAATTAAAGAAATTGCATTAAGAAAACATGGCTCTTTACTTACAGTCAAAAATTTATATGATAATAAACTTTTAAATATAAATTCATCATCTTCTACAAATA","Pf3D7_07_v3-475313-475545-1A.2","15+8N125G",889,0.82851817334576,2
"IM-23-122-XHZJ","8039832388","Maziba","Pf3D7_08_v3-585331-585590-1A","TGAAAACTTTTCATGTACGGTTAATAAACAAAATAATTCTGAATTATATATAAGTAAAACTTCTTCTACATCTCTAAATTTATGCATTGTAGCTCTTTTAATATAATAAGGCAAATATTTTACAATATATTTTTGTTTAAAAAAACCTTGATGACCAACATTAATATCTTCCATTTTGGAAAAGGTTCCACTTAACG","Pf3D7_08_v3-585331-585590-1A.2","102T138+9N",835,0.677210056772101,2
"IM-23-122-XHZJ","8039832388","Maziba","Pf3D7_03_v3-221295-221532-2","AAGGAACAAGAAGGATAATACCATTATTAATCCTATTGAACTATTTACGACATTAAACACACTGGAACATTTTTCCATTTTACAAATTTTTTTTTCAATATCATTTGCATAATCTAATTGGTCTTTAGGTTTATTAGCAGAGCCAGGCTTTATTCTAACTTGAATACCATTTCCACAAGTTA","Pf3D7_03_v3-221295-221532-2.1","86+11N120G",14,0.0125,6
"IM-23-122-XHZJ","8039832388","Maziba","Pf3D7_06_v3-851492-851765-1A","ACAATAGTACATTGTGCATTTACATCACAACCTCCATTATTTTTTGAACAGTTCATATCTTTCATAGGTATACATTTAAAATAATTTACACTCATATCAACTATATAATTAGGTCGGCATCTACATTGTTCTTTATCTTTTTCGACAATATAACAACGTGAATTGGGTCCACATTTGGAATATTCACAAATATAATTTACTTTAAATATAACAAAATTTCTCA","Pf3D7_06_v3-851492-851765-1A.3","14G39+8N",343,0.273961661341853,3
"IM-23-122-XHZJ","8039832388","Maziba","Pf3D7_14_v3-2355614-2355853-1A","ACTTTTCTCGATTCACATTATCCAAACCCATTTAACGAGTATGAAAAATATGACAAACATTATTATGAACTTGAAAATATTTTAAAAAACAAACTTAATGAACATTCCTTAAATTATCAATCTTTGTTAAAAATGAAAAGATTTATAAGTATGAACGATATGGAAAATAATAA","Pf3D7_14_v3-2355614-2355853-1A.1","83+8N",913,0.863765373699149,3
"IM-23-122-XHZJ","8039832388","Maziba","Pf3D7_14_v3-2695837-2696082-1A","CGTTCTGTATCATATTATTAGATATAGTTATTTTATTATTATTTTCTACATTGTTATTCAATATATTACATCCTGTTATGGAATTATTGTTAAAATATAAATTATTCGAATTGTTATTATTAAATTCTAATCCACTAACTGCTGTTGTATATAATGATGATGAGTTATTATTATAGAAATC","Pf3D7_14_v3-2695837-2696082-1A.10","5C28+16N",44,0.0507497116493656,4
"IM-23-122-XHZJ","8039832388","Maziba","Pf3D7_12_v3-529495-529767-1A","GCTCCCCAAAAGTTAACTGCTTCATTATTTTGTGGATCCCAAAAACTAACATTCGTTACCCATCCAACATAATCGGTAGATATCCTATATTCATAACTACTACAGAAATATTTATACTCATGGTATACATTTGCATCATTTACATCTACCAAATTAACAGTTTTACACAAATTGTGAATTCCATTCAAGTTATAAAAACCTGTACAT","Pf3D7_12_v3-529495-529767-1A.4","180T",17,0.0222804718217562,4
"IM-23-122-XHZJ","8039832388","Maziba","Pf3D7_09_v3-82006-82236-1A","TTTATCATCTTTAGGCCATAACCAGAGTACAAGCAATCCAACTATAACAATTGTAATTAACATTATAAATACTGTAATACCATAAACACTACCAGAAGCGATCAGAAATGCACTAAAAGTATCAACAACATTCACTTGGAATAAGAGTAGCGATAAAACTAAAAATAGC","Pf3D7_09_v3-82006-82236-1A.7","95G123I=C137G",3,0.00166666666666667,7
"IM-23-122-XHZJ","8039832388","Maziba","Pf3D7_13_v3-1004740-1005002-1A","TTACATCGTAAAAATAATTTAAAATATTATATATATTATCTTTTCCTTTTGGGGGGTCTCTTTTCTTTATATATATATTTACATTTCTCTTCATTTTATTACATGATAAATTAATATTTAATGTACTAATATATATATTATTAATTTTTATTTTCTTCTTCTTTTTTATATTAAAACAAAATGAAGATTCTTTAA","Pf3D7_13_v3-1004740-1005002-1A.1","50+8N161+8N",47,0.758064516129032,4
"IM-23-122-XHZJ","8039832388","Maziba","Pf3D7_13_v3-1041593-1041860-1AB","CAAGATTGAAGTATTACATATCTCAGAAATTAAATGTATGCCCAAGAGATGTAAATGCACACATTGTAGGTGCTCATGGAAATAAAATGGTTCTTTTAAAAAGATACATTACTGTAGGTGGTATCCCTTTACAAGAATTTATTAATAACAAGTTAATTTCTGATGCTGAATTAGAAGCTATATTTGATAGAACTGTTAATACT","Pf3D7_13_v3-1041593-1041860-1AB.1",".",836,1,1
"IM-23-122-XHZJ","8039832388","Maziba","Pf3D7_07_v3-1028330-1028603-1A","TAAAGAATATTTTTATTTCTAATATTATGGCTAAAAGGAAAATTATTTAATTTCATTTTTTGTGGGTTACTTGTATCATTACAACTCATCATCATGACCATATTATTATTATTATTATTGTTGTTGTTGTTGTTGTTGTTGTGGTGGTTCATTACCAATAAATTTGTGTTATTATGTTCATCCTTTTTTATATTAACAATTTCATTTCTATAA","Pf3D7_07_v3-1028330-1028603-1A.11","55+8N101+36N177+8N202C",2,0.00389105058365759,2
"IM-23-122-XHZJ","8039832388","Maziba","Pf3D7_03_v3-221185-221419-1B","AAATAAATTAAATAGGAAAATATAAAGAAAAATGAAAATTAAGAAAAAAAGTAGTATATATTTTTATAAATATTGTACAACTCAAACTAAGATGTGTTCTTTATCTAATTAAGGAACAAGAAGGATAATACCATTATTAATCCTATTGAACTATTTACGACATTAAACA","Pf3D7_03_v3-221185-221419-1B.1","43+9N",669,1,1
"IM-23-122-XHZJ","8039832388","Maziba","Pf3D7_14_v3-921176-921432-1A","ACAATATTAATTTTATAAGTTCATTATTTCAATTTTATATTTAGGAGGATCTATATCCATATATTATTCATTTTAAAAATATTAAAATAAATACATATATAAATATATAAACATATAAATACAGTCTTTTAAAAATTAATAAGATTTATATAAAATATGGTTATAAATCCTATTTTGTATTATATTAAA","Pf3D7_14_v3-921176-921432-1A.8","120T186T",146,0.226006191950464,4
"IM-23-122-XHZJ","8039832388","Maziba","Pf3D7_14_v3-921176-921432-1A","ACAATATTAATTTTTTAAGTTCATTATTTCAATTTTATATTTAGGAGGATCTATATCCATATATTATTCATTTTAAAAATATTAAAATAAATACATATATAAATATATAAACATATAAAAACAGTCTTTTAAAAATTAATAAGATTTATATAAAATATGGTTATAAATCCTATTTTGTATTATATCAAA","Pf3D7_14_v3-921176-921432-1A.3","15T",1,0.00154798761609907,4
"IM-23-122-XHZJ","8039832388","Maziba","Pf3D7_14_v3-1166107-1166371-1A","TTTTTGAATTATTAAATATATCTTCTATAAAAAAAGAATATCAAGCTATACATAACAATAAGTATTTTTTATGGAATATGGATGCAGATTTTTTTACTATAAAAAATCATCATAAGGATAATAAGGATAACAATGATGAAAATGTGAATGTAATAATACAACAAAATAATTTAGTTCTAGAAAAATATGATCATTTAATAGA","Pf3D7_14_v3-1166107-1166371-1A.2","28+9N64+8N88+9N100+8N179A",189,0.348708487084871,4
"IM-23-122-XHZJ","8039832388","Maziba","Pf3D7_01_v3-535965-536239-1A","GCTCATTTGATATTTTCCAGTTGTTCGATTTTAAAAATGATGTATATTTTTTAGATGATAATTTGTTCGACAAGGATATGGTATATTGTACAAGTACCAACAATTATGGCATTATGGAAAATGATAATGATGATGATAAAATAATAAAAATACAGAATTTAAATGAGAAATTAAAAAATGGAAAAGCTGAATTTAAAGATATATTATTAT","Pf3D7_01_v3-535965-536239-1A.45","26C46+8N111A118A121+17N155G172+8N",4,0.00623052959501558,4
"IM-23-122-XHZJ","8039832388","Maziba","Pf3D7_08_v3-1176313-1176549-1A","TACATCCAATGAATATTTTACACTTAAAAGAAATAAACAAATTATTCATAATAAAATACATATACTTTCTATGCAAAAAAATAAACAAAATACAAACGAGCTAAACAAATCATGTAATATTAACGCCATCATATTTAATATTAATTCTGATGATTTTGAGGTAGGCGATGAAATTGT","Pf3D7_08_v3-1176313-1176549-1A.3","74+9N",58,0.0366392924826279,3
"IM-23-122-XHZJ","8039832388","Maziba","Pf3D7_08_v3-1176313-1176549-1A","TACATCCAATGAATATTTTACACTTAAAAGAAATAAACAAATTATTCATAATAAAATACATATACTTTCTATGCAAAAAAATAAACAAAATACAAACGAGCTAAACAAATTATGTAATATTAACGCCATCATATTCAATATTAATTCTGATGATTTTGAGGTAGGCGATGAAATTGT","Pf3D7_08_v3-1176313-1176549-1A.1","74+9N111T136C",618,0.390397978521794,3
"IM-23-122-XHZJ","8039832388","Maziba","Pf3D7_08_v3-1313088-1313338-1A","TGAGAGACATAGATATATGATAGAAAAATGGAAAAAAGAAGATTGGTTTTGTGATTTAAAAGAAACGTTGAAAAATGAATTTGAAGAACAGATGGATATAGGAAAAGTATCTTTTTTATATGAAAATAATAGAGAGTATGGAAAAAATTTTTATTTGGAAAAGCAAAAAATTATATGGAAAAGATGG","Pf3D7_08_v3-1313088-1313338-1A.1","31+8N111+8N141+8N164+8N",787,1,1
"IM-23-122-XHZJ","8039832388","Maziba","Pf3D7_14_v3-2695837-2696082-1A","CGTTCTGTATCATATTATTAGATATAGTTATTTTATTATTATTTTCTACATTATTATTCAATATATTACATCCTGTTATGGAATTATTGTTAAAATATAAATTATTCGAATTGTTATTATTAAATTCTAATCCACTAACTGCTGTTGTATATAATGATGATGAGTTATTATTATAGAAATC","Pf3D7_14_v3-2695837-2696082-1A.3","5C28+16N53A",15,0.0173010380622837,4
"IM-23-122-XHZJ","8039832388","Maziba","Pf3D7_13_v3-1265494-1265726-1A","TGTCATATACAGATTATAAAAATGATCATAGAATAAGCGAAATCTTAAATCGTTGTATTTTACGATTAAACGAGTTTGATCTAATTCATTTATCTTCTTTGGTCATATCTTTAAGTAAAATGAATTTTAGGAGTGTGTATTTTCTGGAACAAGTACAAAAGAAATT","Pf3D7_13_v3-1265494-1265726-1A.8",".",5,0.00236630383341221,6
"IM-23-122-XHZJ","8039832388","Maziba","Pf3D7_08_v3-1314717-1314986-1A","ATAAAAAAGAAAAAATTATTGTCAAAAGTTTTCATAGATATATATATGATGGTATTAGAAGATTTTAAAGAAGAAGAATGTAAAAAGAATAAAGAAATATTTCTTGATACTTATATAGATGAACTAAAAAAAGATTCGCAAAGTGAAAAAAATAAAAGCATGTTAAATATATTAGATGAAATAAAAAGTGATATTCATATAGGATATC","Pf3D7_08_v3-1314717-1314986-1A.3","2+15N125+9N145+9N",28,0.0802292263610315,3
"IM-23-122-XHZJ","8039832388","Maziba","Pf3D7_10_v3-1414337-1414596-1A","GACCTGAATGGAAAGGTCAATGTGATAAATTTGAAAAAGAAAAAAGTAAATATGAAGATACTAAAAGTAGAACTGCTGAAATATATTTAAAAGAAATATGTTCTGAATGTGATTGTAAATATAAAGATTTGGATAATACATTTAAAGAATTTAATGATAACGTTACGCTTCTTAAAGCAGTAATTGATAACAAA","Pf3D7_10_v3-1414337-1414596-1A.5","17T39+8N70G82T155T167G",439,0.58768406961178,3
"IM-23-122-XHZJ","8039832388","Maziba","Pf3D7_05_v3-668763-669004-1A","TAATATTATCTGGCTCTGTAACCATGTCCGAACATATGTTAACAGGAGAATCTGTTCCTATACATAAAGAGCGGTTACCTTTTGAAGGAAATGCTATTATAAATAAAAATAATAAATATGACAGTAACGATGAAAAGGATGATTACCTTCGTATTTATAATAATCATGCTAGTATTAATATGATCAACCG","Pf3D7_05_v3-668763-669004-1A.1","73G122C188C",761,0.516983695652174,4
"IM-23-122-XHZJ","8039832388","Maziba","Pf3D7_10_v3-1414599-1414832-1A","ATCTAGATCAACGAGGGAATATAACAACATCTCAAGGAAATTCACACCGTGCAACTGTTGTGCAACAAGCTGATCAAACCAACAGATTAGATAATGTAAACTCTGTAACGCAAAGAGGAAATAATAACTACAACAATAATTTAGAGCGTGGATTGGGTTCTGGTGCT","Pf3D7_10_v3-1414599-1414832-1A.1","70C",1187,0.910276073619632,2
"IM-23-122-XHZJ","8039832388","Maziba","Pf3D7_10_v3-992331-992603-1A","TCATTATATTTTTAAAAAAAAAAATTATGATATAAAATCTTCAATTAATAAAAGATCTATCCAGTTCTTTAAAGACACTAATATAGATCATTATATAGCATATGAATATTATAAGGAGGACCGTACAGAATTTATATTAACTATTATGAATGAAAAAAATATTACTCATCAAGAAACTCAAAGTCTTGAAATGAAAAAGTTGAAAG","Pf3D7_10_v3-992331-992603-1A.3","13+13N127A152+9N",7,0.0120481927710843,4
"IM-23-122-XHZJ","8039832388","Maziba","Pf3D7_08_v3-1365750-1365999-2","TTTCTAGGTTGTTTCTTGCTTCAATTCTATTTTTATTTTGTTCATCCTCTTCTTTATATTTTTCTGCATCATTTACCATACGATCGATATCATCTTTTGATAATCTTCCTTTATCATTTGTAATAGTAATTTGGTTTTGTTTACCAGTACCTTTATCTAATGCTGTTACATTTAGGATACCATT","Pf3D7_08_v3-1365750-1365999-2.1",".",875,1,1
"IM-23-122-XHZJ","8039832388","Maziba","Pf3D7_13_v3-1146764-1147010-1A","AAATTTTCTCCTAAAGTTATGCCTTTGTTAATGAAGGAGAAGAACGTGAAACATAAAGCACCTCCTAAAGGTACTATAAAGCATACGCTAGAATATTTAAAAAGAGCAGGAGAATCAAGAATGAAAGAAAATGAATTATACAAATCAAAAAAAGATAGCACACTTAGTTCAATTGCAATTAGAAAAAATTCC","Pf3D7_13_v3-1146764-1147010-1A.1","64C110G146+9N182+8N",318,0.20410783055199,2
"IM-23-122-XHZJ","8039832388","Maziba","Pf3D7_13_v3-1233093-1233332-1A","TCTATATGATCCTTATTTTTATCTTCATCACATTTATAATTTACATAATTTTCGACGTCATCATTTTCATTATTACTCATAATTGAATTATCCACAATGTTTGCCTCTTTTACAGCTTTACAAAGTTGGTAAAAAATATGATAATTCCTTTCACCTTCTTGTTGATCACACACCCGAACC","Pf3D7_13_v3-1233093-1233332-1A.1","130+8N",1252,1,1
"IM-23-122-XHZJ","8039832388","Maziba","Pf3D7_11_v3-1934962-1935236-1A","TGATGTGCCAATATTAAGGATACATTTTCTAAAGCTTCTAACAGATAATGAAAATTTTTTCTGCGATTTTCATTTAAATCATTAAATATATTGGTTAGTTCTTGTATTGACGTTTTTGGATCTAAGGATGTAATTTGTTCATTTAATTCTTCTGTATATTCTAGATTAAAGTTTAAATTATTAAAATAACCTTCAGCATTATTTTCATTTTT","Pf3D7_11_v3-1934962-1935236-1A.3","41A54+10N98G",63,0.240458015267176,2
"IM-23-122-XHZJ","8039832388","Maziba","Pf3D7_01_v3-535965-536239-1A","GCTCATTTGATATTTTCCAGTTGTTTGATTTTAAAAATGATGTATATTTTTTAGATGATAATTTGTTCGACAAGGATATGGTATATTGTACAAGTACCAACAATTATGGCATTATGGAAAATGATAATGATGATGATAAAATAATAAAAATACAGAATTTAAATGAGAAATTAAAAAATGGAAAAGCTGAATTTAAAGATATATTATTAT","Pf3D7_01_v3-535965-536239-1A.7","46+8N111A118A121+17N155G172+8N",12,0.0186915887850467,4
"IM-23-122-XHZJ","8039832388","Maziba","Pf3D7_06_v3-1136091-1136364-1A","CATTATTTTTGTATCCAACGTCGTTATTATTAAAACTTATTATTTGATTAATAACTGACGAACCACATATATTTACACAATGGAATACATAACTTAAGAAAGAGTAGTAATTGCATTTTACTTTTTGCATTTTCCCTCTGGTGGAGAAATAATTATTATGCTGCTTATTACTTTTTGTATTATGATAATTTTTGGTAATCATTTTTTTT","Pf3D7_06_v3-1136091-1136364-1A.2","201+9N",722,0.834682080924856,2
"IM-23-122-XHZJ","8039832388","Maziba","Pf3D7_03_v3-221295-221532-2","AAGGAACAAGAAGGATAATACCATTATTAATCCTATTGAACTATTTACGACATTAAACACACTGGAACATTTTTCCATTTTACAAATTTTTTTTTCAATATCATTTTCATAATCTAATTGGTCTTTAGGTTTATTAGCAGAGCCAGGCTTTATTCTAACTTGAATACCATTTCCACAAGTTA","Pf3D7_03_v3-221295-221532-2.2","86+11N107T120G",768,0.685714285714286,6
"IM-23-122-XHZJ","8039832388","Maziba","Pf3D7_06_v3-176108-176338-1A","ATTATTATTATTATTATGATGATGATGATGATGATGATGATCTGTGTTAAGATCATCTTCTATACCATTAGTTAAACATTTTATATTTTTATTCATATAAACATTAATCTTCACAACAGATTTATCAGATCTAGAAAATCTTGTACCTGTTGCTTTATGTAACAATAT","Pf3D7_06_v3-176108-176338-1A.4","1+38N",126,0.122093023255814,5
"IM-23-122-XHZJ","8039832388","Maziba","Pf3D7_06_v3-1192628-1192867-1A","GATTATATATTTCTATATTTTAATAAGAATGCGTTACACAAACATGATGCCTCTAATGAAATGTGTTTTGTGAAAAACGAAGATTCTACACGCACAAAAGGACATATGAATGATGAACAAAATGATTTATATAAAATAAATAATAATACAACATATTTTTTTAACAAAAACCACT","Pf3D7_06_v3-1192628-1192867-1A.1","30T155+9N",300,0.262697022767075,2
"IM-23-122-XHZJ","8039832388","Maziba","Pf3D7_06_v3-145285-145531-1A","TCAACAAAAGCTGATGAATCATCATAATTTGAATAAAATTTATCATTCACAATATTATATTTTTGTTTCTTCTTTTTTCCCATAATATTATTATTTTGTTCACAATATATGTTCATGTGTCCCCTCTTTTTCTGTAAAATATTAAAATGTTTCTTACTATGCTTTTCTTCATTTTTAATAACA","Pf3D7_06_v3-145285-145531-1A.1","72+8N165T",2095,0.957058017359525,2
"IM-23-122-XHZJ","8039832388","Maziba","Pf3D7_06_v3-1235395-1235658-1A","GAATATGATAAAATATATATACCAAACAATAAAAATAAAATTAATAATATAAATAATTTTTTAATAAAAAACAATTTGTTGTTGAAATCCAAATTTATGAGAATAACTCCTAATACCTATTTATGTCGTAATTGTGTCCTGTTATATCAAAATGATTTTTCGTATAATACATATGAAGAAGAAATTAATAAAATGG","Pf3D7_06_v3-1235395-1235658-1A.2","56+8N65+8N79T",296,0.813186813186813,2
"IM-23-122-XHZJ","8039832388","Maziba","Pf3D7_06_v3-1282656-1282930-1A","AAAATATGGAAGAAATATGATAAAGAAAACAATAAATATATATTGTCTCATTTTATTCCCCAATTTATTGAAGACTTAAATTTGAAGGATGAATTCCGAAATTTATTTGATGGATTTGTAAATGATTTGGATATTCTATTATATTCAGAATTTAAAGCATTTTATTTACAAATGAAGCAAAAAGATATAAATGAACTGAAAAATTCTGA","Pf3D7_06_v3-1282656-1282930-1A.2","3A",5,0.00924214417744917,4
"IM-23-122-XHZJ","8039832388","Maziba","Pf3D7_14_v3-2020604-2020849-1A","CAAGAACATGAATATTTCTGTAAATACATAGACAAGTCCTCATTATGTCTTATCACAGGGTGCTCTTTTTTAATATGACAATATAATTTTATATGTTTTATTATTTCTTGATGAATTTCACATAATAAAAATAATGTGTGATTCATATGTTGACTACTCAATATAGAAAAGCCACTAACTAATTG","Pf3D7_14_v3-2020604-2020849-1A.5","65+8N158T",276,0.242317822651449,5
"IM-23-122-XHZJ","8039832388","Maziba","Pf3D7_14_v3-2260533-2260765-1A","AATAACCATCAAATACAAACTCAACCAACAAATACAGTACAATATATTCAACCAAATTATGAACAAGTCATAACACAAGTAGATCAAAATCGTAATCTATTCAATCAACAGCTTGTAGGAAGTACAGTAATGCAAAATATGACACCACAAGGTGTAAACACGTTAAATTATCCTGCAACG","Pf3D7_14_v3-2260533-2260765-1A.2",".",918,0.631361760660248,3
"IM-23-122-XHZJ","8039832388","Maziba","Pf3D7_08_v3-1365709-1365954-1B","ATTTTCATCTTGTAATGTGTTTTTAACATTATAGCAGTAATTTTCTAGGTTGTTTCTTGCTTCAATTCTATTTTTATTTTGTTCATCCTCTTCTTTATATTTTTCTGCATCATTTACCATACGATCGATATCATCTTTTGATAATCTTCCTTTATCATTTGTAATAGTAATTTGGTTTTGT","Pf3D7_08_v3-1365709-1365954-1B.1",".",503,1,1
"IM-23-122-XHZJ","8039832388","Maziba","Pf3D7_11_v3-1902041-1902278-2","ATGAAACAAAATGTCCACCTAGATACCCTTTAAAATCAAAAGTTTTTGGAACCTTTGACCAAAAAACAGGAAAATGTAAAAGTCTCATGGACAAAGCATATGAAGTTGGAATTAATAAATTTTCAGTCTGTTTAGAATATTTATTTTTAGTATCACCTAAGGATTTATATAATAGCGGAAG","Pf3D7_11_v3-1902041-1902278-2.1","60+8N",2537,1,1
"IM-23-122-XHZJ","8039832388","Maziba","Pf3D7_06_v3-532166-532407-1A","AGAACAATTGTTAAACACCAAATTGGGTGAAACAAAAAACCACCTGAACAGAACTCCATTTATACCTGAATCGGTCATACGAGAAAGGAAATTACGCCAAGAAAAAGCGCAATCCACAAACAACATGTTCGATTCAACAAACGCAGATAGTATTACTTCCCCATGTGATCCAACGAATGCCACG","Pf3D7_06_v3-532166-532407-1A.7","11T33+8N55T109G157T",10,0.0042863266180883,5
"IM-23-122-XHZJ","8039832388","Maziba","Pf3D7_06_v3-851492-851765-1A","ACAATAGTACATTCTGCATTTACATCACAACCTCCATTATTTTTTGAACAGTTCATATCTTTCATAGGTATACATTTAAAATAATTTACACTCATATCAACTATATAATTAGGTCGGCATCTACATTGTTCTTTATCTTTTTCGACAATATAACAACGTGAATTGGGTCCACATTTGGAATATTCACAAATATAATTTACTTTAAATATAACAAAATTTCTCA","Pf3D7_06_v3-851492-851765-1A.1","39+8N",806,0.643769968051118,3
"IM-23-122-XHZJ","8039832388","Maziba","Pf3D7_09_v3-82006-82236-1A","TTTATCATCTTTAGGCCATAACCAGAGTACAAGCAATCCAACTATAACAATTGTAATTAACATTATAAATACTGTAATACCATAAACACTACCAGAAGCGATCAGAAATGCACTAAAAATATAACAACATTCACTTGGAATAAGAGTAGCGATAAAACTAAAAATAGC","Pf3D7_09_v3-82006-82236-1A.39","95G119A137G",1030,0.572222222222222,7
"IM-23-122-XHZJ","8039832388","Maziba","Pf3D7_14_v3-2481033-2481276-1B","CCATGTGGATAAAGACAGTAGAGAGCAATTCGAAATAAAACAGTACTCTTGCAAATTAGATATTTTTTTGAACTCATCTGTTCCTATAAAAAATTCTGAATGTAAGCAGAATAAATTATACACAAAAGAATATATATTCATTTTTATTTATTCACTTTATATATGTTTGTATGTATGTA","Pf3D7_14_v3-2481033-2481276-1B.3","62+9N87+8N",765,1,1
"IM-23-122-XHZJ","8039832388","Maziba","Pf3D7_09_v3-82006-82236-1A","TTTATCATCTTTAGGCCATAACCAGAGTACAAGCAATCCAACTATAACAATTGTAATTAACATTATAAATACTGTAATACCATAAACACTACCAGAAGCGATCAGAAATGCACTAAAAGTATAAGAACATTCACTTGGAATAAGAGTAGCGATAAAACTAAAAATAGC","Pf3D7_09_v3-82006-82236-1A.4","95G125G137G",92,0.0511111111111111,7
"IM-23-122-XHZJ","8039832388","Maziba","Pf3D7_13_v3-1004740-1005002-1A","TTACATCGTAAAAATAATTTAAAATATTATATATATTATCTTTTCCTTTTCGGGGGTCTCTTTTCTTTATATATATATTTACATTTCTCTTCATTTTATTACATGATAAATTAATATTTAATGTACTAATATATATATTATTAATTTTTATTTTCTTCTTCTTTTTTATATTAAAACAAAATGAAGATTCTTTAA","Pf3D7_13_v3-1004740-1005002-1A.2","50+8N161+8N",4,0.0645161290322581,4
"IM-23-122-XHZJ","8039832388","Maziba","Pf3D7_13_v3-1004740-1005002-1A","TTACATCGTAAAAATAATTTAAAATATTATATATATTATCTTTTCCTTTTGGGGGGTCTCTTTTCTTTATATATATATTTACATTTCTCTTCATTTTATTACATGATAAATTAATATTTAATGTACTAATATATATATTATTAATTTTTATTTTCTTCTTCTTTTTTATATTAAAACAAAATGAAGATTCCTTAA","Pf3D7_13_v3-1004740-1005002-1A.5","50+8N161+8N191C",1,0.0161290322580645,4
"IM-23-122-XHZJ","8039832388","Maziba","Pf3D7_02_v3-630641-630907-1A","CTAAGTTATCTAAAATTATTAATTTTTTCAAATATGGTAATTCATGTCTATGAAGTAATAAGCCATCAACTAAATCTAAATCTAAACATAACCATTCTAATTTCGTTTCATTTAATATGTTTACAATTACATCTATACTAAAGTTAGAATGTAAAATCAAGGTTGTTACACCACTCATCATAGCTGCCATATCAACAAT","Pf3D7_02_v3-630641-630907-1A.3","22+8N",38,0.0413943355119826,2
"IM-23-122-XHZJ","8039832388","Maziba","Pf3D7_10_v3-1386657-1386909-1A","CGATTTTGGTAGAGAACAGGTTAAATATATTGAAGACGTGGTTTGATAATCAGGTATTTCTTTAATTAAATATTCATGATATTGTTCGTTAGATACATAAATTAATTCATCCTCCACATTTTGCTGTTCTGTTATAATTTGTGAAGAAGCTTGGTTTGTTTTATTTGGTAATTGCTCTTTTATGA","Pf3D7_10_v3-1386657-1386909-1A.2","13A109A160T",33,0.0265700483091787,4
"IM-23-122-XHZJ","8039832388","Maziba","Pf3D7_08_v3-1099719-1099977-1A","AAAAAATAAAAAATCAAACAAGATAAATAATAATGTATATAATACTAGTGGTATAAAAAATAATGATCAAAATATGGATAATATGAATCAAAAAGGAAAAAGTAACAAAAATTCAAATAAATATAATTTTGATGAAGAGGATTTATGGTTTTTATGTGATTTATGTAATAATCCTATAAGTCCGTTATGTTA","Pf3D7_08_v3-1099719-1099977-1A.4","1+14N54+8N97A",56,0.0928689883913764,3
"IM-23-122-XHZJ","8039832388","Maziba","Pf3D7_08_v3-549583-549807-1B","ACGTGCTGTTCAAAGAATGTTTGAAATGATAAATGAAGGTGCTAGTGTTATAGATATAGGTGGAGAATCCTCTGGTCCTTTTGTTATACTTAATCCAAAAATTAGTGAAAGAGATTTAGTAGTACCTGTATTACAATTATTTCAAAAAGAATGGAATGATATAAA","Pf3D7_08_v3-549583-549807-1B.8","90T",509,0.48155156102176,2
"IM-23-122-XHZJ","8039832388","Maziba","Pf3D7_11_v3-1295103-1295335-1A","ACTACTGCTTTGTCCCATCCCATCGAAGTTGAAAACAATTTTCCATGTTCATTATATAAAAATGAAATAATGAAAGAAATCGAAAGAGAATCAAAACGAATTAAATTAAATGATAATGATGATGAAGGGAATAAAAAAATTATAGCTCCAAGAATTTTTATTTCAGATGATAAA","Pf3D7_11_v3-1295103-1295335-1A.5","61A132+9N",175,0.122634898388227,5
"IM-23-122-XHZJ","8039832388","Maziba","Pf3D7_11_v3-1295371-1295597-1A","AAGTAACATCAAATAATGAAGTTGTAGTTAAAGAAGAATATAAAGATGAATATGCAGATATTCCTGAACATAAACCAACTTATGATAAAATGAAAATTATAATTGCATCATCAGCTGCTGTCGCTGTATTAGCAACTATTTTAATGGTTTATCTTTATAAAAGAA","Pf3D7_11_v3-1295371-1295597-1A.1",".",1403,1,1
"IM-23-122-XHZJ","8039832388","Maziba","Pf3D7_08_v3-1176313-1176549-1A","TACATCCAATGAATATTTTACACTTAAAAGAAATAAACAAATTATTCATAATAAAATACATATACTCTCTATGCAAAAAAATAAACAAAATACAAACGAGCTAAACAAATCATGTAATATTAACGCCATCATATTTAATATTAATTCTGATGATTTTGAGGTAGGCGATGAAATTGT","Pf3D7_08_v3-1176313-1176549-1A.4","67C74+9N",907,0.572962728995578,3
"IM-23-122-XHZJ","8039832388","Maziba","Pf3D7_08_v3-585331-585590-1A","TGAAAACTTTTCATGTACGGTTAATAAACAAAATAATTCTGAATTATATATAAGTAAAACTTCTTCTACATCTCTAAATTTATGCATTGTAGCTCTTTTAAGATAATAAGGCAAATATTTTACAATATATTTTTGTTTAAAAAAACCTTGATGACCAACATTAATATCTTCCATTTTGGAAAAGGTTCCACTTAACG","Pf3D7_08_v3-585331-585590-1A.1","138+9N",398,0.322789943227899,2
"IM-23-122-XHZJ","8039832388","Maziba","Pf3D7_01_v3-181512-181761-1A","TTCATTATTGTTTTCATTCTTTTTTTAACGAAAACTATTCATCTCAAAAATATAAGATATTTTATATGACGAATGCCAATGTATTTTTTGTTACGTAAAACCTGACTTCTTCAGGGAAAACACATGCGCATTTTCACCAATTTTTGCCTAAGCTTATTATAAAAAGTATATTAAATGTATGAC","Pf3D7_01_v3-181512-181761-1A.40","19+9N79A83+8N114G",268,0.232638888888889,6
"IM-23-122-XHZJ","8039832388","Maziba","Pf3D7_12_v3-233418-233671-1A","CAAAAATATCATTCCCCAAATTTGTACTACTAATTGTTCCAATAGTTCCTATAGTTGTGGTAATTTGCTCATATGTCTTTTTTCCTAAAGATTTATTAGACACATTTGAAGGATCATTATTTTGTTCCAAATTCTTGGGCACAGTATTATTACATGAGAATAATGAAAAGTTATTATCATAATTCTTTTGTT","Pf3D7_12_v3-233418-233671-1A.1","77+8N",101,0.0924062214089661,5
"IM-23-122-XHZJ","8039832388","Maziba","Pf3D7_01_v3-181512-181761-1A","TTCATTATTGTTTTCATTCTTTTTTTAACGAAAACTATTCATCTCAAAAATATAAGATATTTTATATGACGAATGCCATTTTATTTTTTGTTACGTAAAACCTGACTTCTTCAAGGAAAACACATGCGCATTTTCACCAATTTTTGCCTAAGCTTATTATAAAAAGTATATTAAATGTATGAC","Pf3D7_01_v3-181512-181761-1A.7","19+9N81T83+8N",713,0.618923611111111,6
"IM-23-122-XHZJ","8039832388","Maziba","Pf3D7_08_v3-1314717-1314986-1A","ATAAAAAAGAAAAAATTATTGTCAAAAGTTTTCATAGATATATATATGATGGTATTAGAAGATTTTAAAGAAGAAGAATGTAAAAAAAATAAAGAAATATTTCTTGATACTTATATAGATGAACTAAAAAAAGATTCACAAAGTGAAAAAAATAAAAGCATGTTAAATATATTAGATGAAATAAAAAGTGATATTCATATAGGATATC","Pf3D7_08_v3-1314717-1314986-1A.1","2+15N87A125+9N138A145+9N",320,0.916905444126075,3
"IM-23-122-XHZJ","8039832388","Maziba","Pf3D7_01_v3-181512-181761-1A","TTCATTATTGTTTTCATTCTTTTTTTAACTAAAACTATTCATCTCAAAAATATAAGATATTTTATATGACGAATGCCATTGTATTTTTTGTTACGTAAAACCTGACTTCTTCAGGGAAAACACATGCGCATTTTCACCAATTTTTGCCTAAGCTTATTATAAAAAGTATATTAAATGTATGAC","Pf3D7_01_v3-181512-181761-1A.4","19+9N30T83+8N114G",106,0.0920138888888889,6
"IM-23-122-XHZJ","8039832388","Maziba","Pf3D7_01_v3-194742-194973-1B","TACCTATAAAAATGAAAAAAATAAAGAAGAAGATAAATATGGAAAAAATGAAAAAAACGAAAAATATGAAAAATATGACAAATATGACAAATATGAAAAATATGAAAAATATGATAAATACAAAAAAGATAATAAAAATCAACATGATGATCCACTTTATGATAATATTAATAAAAATTACGATAA","Pf3D7_01_v3-194742-194973-1B.7","14+9N42+17N70I=AAAATATGA112+8N",1,0.000679347826086957,3
"IM-23-122-XHZJ","8039832388","Maziba","Pf3D7_13_v3-1265494-1265726-1A","TGTCATATACAGATTATAAAAATGATCATAGAATAAGCGAAATTTTAAATCGTTGTATTTTACGATTAAACGAGTTTGATCTAATTCATTTATCTTCTTTGGTCATATCTTTAAGTAAAATGAATTTTAGGAGTGTGTATTTTTTGGAACAAGTACAAAAGAAATT","Pf3D7_13_v3-1265494-1265726-1A.9","44T144T",379,0.179365830572646,6
"IM-23-122-XHZJ","8039832388","Maziba","Pf3D7_01_v3-194742-194973-1B","TACCTATAAAAATGAAAAAAATAAAGAAGAAGATAAATATGGAAAAAATGAAAAAAACGAAAAATATGACAAATATGACAAATATGACAAATATGAAAAATATGAAAAATATGATAAATACAAAAAAGATAATAAAAATCAACATGATGATCCACTTTATGATAATATTAATAAAAATTACGATAA","Pf3D7_01_v3-194742-194973-1B.8","14+9N42+17N88I=CAAATATGA112+8N",141,0.0957880434782609,3
"IM-23-122-XHZJ","8039832388","Maziba","Pf3D7_05_v3-668763-669004-1A","TAATATTATCTGGCTCTGTAACCATGTCCGAACATATGTTAACAGGAGAATCTGTTCCTATACATAAAGAGCGGTTACCTTTTGAAGGAAATGCTATTATAAATAAAAATAATAAATATGACAGTAACGATGAAAAGGATGATTACCTTCGTATTTATAATAATCATGCTAGTATTAATATGATCAAGCG","Pf3D7_05_v3-668763-669004-1A.2","73G122C",182,0.123641304347826,4
"IM-23-122-XHZJ","8039832388","Maziba","Pf3D7_05_v3-796518-796759-1A","TGGTTCTTCAATTATTCATATAAGTTCTTTATTAGTAGGTGTATATTTATGTAGTAGTAGTGCAAATGCATTTAATCAAATTATTGAAAGAAATATAGATAAGTTAATGAAAAGAACCCAAAAAAGACCCTTAGCAAATAATAATCCAAATATGTCAGTTAAACATGCTGAAATAT","Pf3D7_05_v3-796518-796759-1A.1","14A119+8N",148,0.145812807881773,4
"IM-23-122-XHZJ","8039832388","Maziba","Pf3D7_05_v3-796518-796759-1A","TGGTTCTTCAATTATTCATATAAGTTCTTTATTAGTAGGTGTATATTTATGTAGTAGTAGTGCAAATGCATTTAATCAAATTATTGAAAGAAATATAGATAAGTTAATGAAAAGAACCCAAAAAAGACCCTTAGCAAATAATAATCCAAATATGTCAGTTAAGCATGCTGAAATAT","Pf3D7_05_v3-796518-796759-1A.3","14A119+8N163G",590,0.58128078817734,4
"IM-23-122-XHZJ","8039832388","Maziba","Pf3D7_05_v3-796518-796759-1A","TGGTTCTTCAATTGTTCATATAAGTTCTTTATTAGTAGGTGTATATTTATGTAGTAGTAGTGCAAATGCATTTAATCAAATTATTGAAAGAAATATAGATAAGTTAATGAAAAGAACCCAAAAAAGACCCTTAGCAAATAATAATCCAAATATGTCAGTTAAACATGCTGAAATAT","Pf3D7_05_v3-796518-796759-1A.4","119+8N",59,0.058128078817734,4
"IM-23-122-XHZJ","8039832388","Maziba","Pf3D7_14_v3-1166107-1166371-1A","TTTTTGAATTATTAAATATATCTTCTATAAAAAAAGAATATCAAGCTATACATAACAATAAGTATTTTTTATGGAATATGGATGCAAATTTTTTTACTATAAAAAATCATCATAAGGATAATAAGGATAACAATGATGAAAATGTGAATGTAATAATACAACAAAATAATTTAGTTCTCGAAAAATATGATCATTTAATAGA","Pf3D7_14_v3-1166107-1166371-1A.6","28+9N64+8N87A88+9N100+8N",288,0.531365313653137,4
"IM-23-122-XHZJ","8039832388","Maziba","Pf3D7_07_v3-627351-627625-1A","TCACTAAGATAATTATTATTACTATTTTCAGCATAATAAAATTTCTGATGTTTCATAAGAGGAGTTTGGTTAGAAGCAAAATTATCAGCAGTTGTCGAATAATTATTATGTTCTTGATAAAAGAGATTATTCATATAGTTATTATTATTTTTCATATCATCCATAGTATTATTGTTAATATAAAATTCCTCATATGAATTATATATATA","Pf3D7_07_v3-627351-627625-1A.3","54C",10,0.0183150183150183,2
"IM-23-122-XHZJ","8039832388","Maziba","Pf3D7_12_v3-659881-660127-1A","GGTGGTTTAACATTTTCAGCTACGACTTTTTCGACTGATGGCAATCCTACTTTGATTAATTCCTTTAACATAGATTTTGCGTGTTTTTTTACTTCTGATTTGATATCAAAGCTTGATTCTAAAAAGGTTGGTGAATTTTTTTGTAAAACACTGACAAGTTCATTTGATATGGTCTCTGCTAAATCATCACCA","Pf3D7_12_v3-659881-660127-1A.1","26C27T35C83+9N135+9N",55,0.0610432852386237,6
"IM-23-122-XHZJ","8039832388","Maziba","Pf3D7_14_v3-120101-120365-1A","TTTTACAACATTATTTTTTTCTTCCTCCTCAGATAAAATAGGTACACATATCGCGTCCTTATCACATCCTCCATTGTTTACCTTACAATGTTCTTCGCATTCGAAATTTTTTTCAGGATTACTTGAAAAGCCTTCTGGACAATTACAATATTCATATCCATGAGTATTCTTACAAACACCTTTTCCACAATTTAAAA","Pf3D7_14_v3-120101-120365-1A.2","13+9N106+9N",74,0.122112211221122,3
"IM-23-122-XHZJ","8039832388","Maziba","Pf3D7_06_v3-1140900-1141174-1A","CTTCCATGTGAGCTTCAAAATCGTCTGAAGGTCGACTAGACATGAAAAATTCAGATTGAGGTAAATCATCAAATGGATGATTTCTATATGATATTCTAGGTATTAATCCTAAGATATTATTTATGCTATTACATTGAGAATTTCCTTCATTGGTTGTGGTACTTATATCCACATTTTGGTGATCATCAAGATATAATGTATTTTCTTTAGAACTT","Pf3D7_06_v3-1140900-1141174-1A.1","189A",150,0.213371266002845,3
"IM-23-122-XHZJ","8039832388","Maziba","Pf3D7_09_v3-270915-271160-1A","CTTTGTATGTATTATCTGTTGTTTTATCTTCACCTTGATTTCCTGTACTTGTAGATTCAGTAGATGGACCTTCAGAACCTGCTAATTCATCACTAGTAGATGCAGCACTTGTACTTTTAGATTGTTCTTTTAATGGTCCCATATATTTGTATAATTCTATTTCTAAATCTTGATCCTTGGTTTTTTCTTCTAA","Pf3D7_09_v3-270915-271160-1A.1","82C85A180+8N",1419,1,1
"IM-23-122-XHZJ","8039832388","Maziba","Pf3D7_06_v3-1197245-1197515-1A","CATTAGGAAAAACAACAGATCCTTCTTCCATACCATAAATACATAAATCATTTCCACTAATCTTTTCTAAATATTGCACAAAAGAATCAATATCATTATAAGATGACATCTTCTTTCTTATAAAATCTAATTGAGCTTTGGTAAATCGAAAACAATTAATATATTTTATTACTTCATATACACCAGCTAATATAGCAAATTGAC","Pf3D7_06_v3-1197245-1197515-1A.3",".",6,0.00577478344562079,2
"IM-23-122-XHZJ","8039832388","Maziba","Pf3D7_09_v3-595828-596094-1A","ATAATTTTTTCATCGTTCTTATACATGAATGATAAAGTCTTTTTGCAAAATTTTTTGAAGAGATCAGATTTGAGATAAAGACGTTTGGCTAATCTATAGGAGAATTCTAGAGCATCTAATTTTATATTTAAACATTTTTTCGTATCCAATATATTATAATTTTGTTCATAAGTCTGTTCGTTTATATTATTTAATACTTTT","Pf3D7_09_v3-595828-596094-1A.4","4+8N27G50+8N94C99G108T134+8N180G",184,0.27299703264095,3
"IM-23-122-XHZJ","8039832388","Maziba","Pf3D7_14_v3-2004362-2004606-1A","TATTTCCATATTATTGTAATAGGGCTTTTTCTTGCTCTTCTAATTTTTGTATATCTTGCTTATCCTTATCTAATTGTCCAAGAGCAACTAATTCATCATCTACATTTATTTTATTTTCTTGAGAATATTCTTCAATTTTGTCTTCGAAACTGTTATATAATCTATTTATAATTGGTTG","Pf3D7_14_v3-2004362-2004606-1A.6","87A88C98A",3,0.0056390977443609,3
"IM-23-122-XHZJ","8039832388","Maziba","Pf3D7_14_v3-2020604-2020849-1A","CAAGAACATGAATATTTCTGTAAATACATAGACAAGTCCTCATTATGTCTTATCACAGGGTGCTCTTCTTTAATATGACAATATAATTTTATATGTTTTATTATTTCTTGATGAATTTCACATAATAAAAATAATGTGTGATTCATATGTTGACTACTCAATATAGAAAAGCCACTAACTAATTG","Pf3D7_14_v3-2020604-2020849-1A.2","65+8N158T",3,0.00263388937664618,5
"IM-23-122-XHZJ","8039832388","Maziba","Pf3D7_09_v3-685560-685825-1A","GAACCAAACAACGACAAAGGAACAAGATAATTTTTTCAATTTTTATAAAAGTAATATATATGATATGGAAAATAGAACATGTAATAATAATATATTACAATATTGTGTTATGAATAATAAATCATATTTATTTCATAATATATCATCCAAAAAAAATATATATATAAAAAAAAAGAATCATCAGTTTTCTTTATTCATATATT","Pf3D7_09_v3-685560-685825-1A.3","30+8N38A79A148+10N165+11N",2,0.0909090909090909,2
"IM-23-122-XHZJ","8039832388","Maziba","Pf3D7_14_v3-2260533-2260765-1A","AATAACCATCAAATACAAACTCAACCAACAAATACAGTACAATATATTCAACCAAATTATGAACAAGTCATAACACAAGTAGATCAAAATGGTAATCTATTCAATCAACAGCTTGTAGGAAGTACAGTAATGCAAAATATGACACCACAAGGTGTAAACACGTTAAATTATCCTGCAACG","Pf3D7_14_v3-2260533-2260765-1A.1","91G",487,0.334938101788171,3
"IM-23-122-XHZJ","8039832388","Maziba","Pf3D7_06_v3-532166-532407-1A","AGAACAATTGCTAAACACCAAATTGGGTGAAACAAAAAACCACCTGAACAGAACCCCATTTATACCTGAATCGGTCATACGAGAAAGGAAATTACGCCAAGAAAAAGCGCAATCCACAAACAACATGTTCGATTCAACAAACGCAGATAGTATTACTTCCCCATGTGATCCAACGAATGCCACG","Pf3D7_06_v3-532166-532407-1A.1","33+8N109G157T",2046,0.876982426060866,5
"IM-23-122-XHZJ","8039832388","Maziba","Pf3D7_06_v3-532166-532407-1A","AGAACAATTGCTAAACACCAAATTGGGTGAAACAAAAAACCACCTGAACAGAACTCCATTTATACCTGAATCGGTCATACGAGAAAGGAAATTACGCCAAGAAAAAGCGCAATCCACAAACAACATGTTCGATTCAACAAACGCAGATAGTATTACTTCCCCATGTGATCCAACGAATGCCACG","Pf3D7_06_v3-532166-532407-1A.4","33+8N55T109G157T",3,0.00128589798542649,5
"IM-23-122-XHZJ","8039832388","Maziba","Pf3D7_06_v3-532166-532407-1A","AGAACAATTGCTAAACACCAAATTGGGTGAAACAAAAAACCACCTGAACAGAACTCCATTTATACCTGAATCGGTCATACGAGAAAGGAAATTACGCCAAGAAAAAGCTCAATCCACAAACAACATGTTCGATTCAACAAACGCAGATAGTATTACTTCCCCATGTGATCCAACGAATGCCACG","Pf3D7_06_v3-532166-532407-1A.2","33+8N55T157T",241,0.103300471495928,5
"IM-23-122-XHZJ","8039832388","Maziba","Pf3D7_02_v3-503040-503288-1A","ATTATGATTAATAATAATATTTCTCATAATTTCGTTAAATACATCTAAACTATTTATAGAACCATCTATATCATCTTCATTCCTATTTTGGTGAACCGATTCGGTGTTTATAACATCTAAGGTGTCTTTTTCTTCTCCTCTGTAACTTTTTATAATTTTTTGATAAATGTTGTTATAAGAATTATCA","Pf3D7_02_v3-503040-503288-1A.2","97C155+8N",1166,0.745047923322684,2
"IM-23-122-XHZJ","8039832388","Maziba","Pf3D7_09_v3-82006-82236-1A","TTTATCATCTTTAGGCCATAACCAGAGTACAAGCAATCCAACTATAACAATTGTAATTAACATTATAAATACTGTAATACCATAAACACTACCAGAAGCGATCAGAAATGCACTAAAAGTATAACAACATTCACTTAGAATAAGAGTAGCGATAAAACTAAAAATAGC","Pf3D7_09_v3-82006-82236-1A.10","95G",303,0.168333333333333,7
"IM-23-122-XHZJ","8039832388","Maziba","Pf3D7_13_v3-1004740-1005002-1A","TTACATCGTAAAAATAATTTAAAATATTATATATATTATCTTTTCCTTTTCGGGGGTCTCTTTTCTTTATATATATATTTACATTTCTCTTCATTTTATTACATGATAAATTAATATTTAATGTACTAATATATATATTATTAATTTTTATTTTCTTCTTCTTTTTTATATTAAAACAAAATGAAGATTCCTTAA","Pf3D7_13_v3-1004740-1005002-1A.11","50+8N161+8N191C",10,0.161290322580645,4
"IM-23-122-XHZJ","8039832388","Maziba","Pf3D7_02_v3-628941-629172-1A","ACTTTTTTTAGATTTTTCTTGATCGTTTTCATCATTTTTTATTTCCTGTTCATCTGAGGTTTTCTTTTGTAAACGCTTAGTGCGTCCCTTTTGACCTTTTAATTTTTTTTTAAATATATTTTTAACTTGATCAATGAAGAAAGCATAATCTTGTATGACAGAAAATCT","Pf3D7_02_v3-628941-629172-1A.4","2+9N34+8N86C102+11N",19,0.0199789695057834,3
"IM-23-122-XHZJ","8039832388","Maziba","Pf3D7_02_v3-628941-629172-1A","ACTTTTTTTAGATTTTTCTTGATCGTTTTCATCATTTTTTATTTCCTGTTCATCTGAGGTTTTCTTTTGTAAACGCTTAGTGCGTTGCTTTTGACCTTTTAATTTTTTTTTAAATATATTTTTAACTTGATCAATGAAGAAAGCATAATCTTGTATGACAGAAAATCT","Pf3D7_02_v3-628941-629172-1A.2","2+9N34+8N87G102+11N",207,0.217665615141956,3
"IM-23-122-XHZJ","8039832388","Maziba","Pf3D7_02_v3-628941-629172-1A","ACTTTTTTTAGATTTTTCTTGATCGTTTTCATCATTTTTTATTTCCTGTTCATCTGAGGTTTTCTTTTGTAAACGCTTAGTGCGTTTCTTTTGACCTTTTAATTTTTTTTTAAATATATTTTTAACTTGATCAATGAAGAAAGCATAATCTTGTATGACAGAAAATCT","Pf3D7_02_v3-628941-629172-1A.1","2+9N34+8N87T102+11N",725,0.762355415352261,3
"IM-23-122-XHZJ","8039832388","Maziba","Pf3D7_02_v3-630641-630907-1A","CTAAGTTATCTAAAATTATTAATTTTTTCAAATATGGTAATTTATGTCTATGAAGTAATAAGCCATCAACTAAATCTAAATCTAAACATAACCATTCTAATTTCGTTTCATTTAATATGTTTACAATTACATCTATACTAAAGTTAGAATGTAAAATCAAGGTTGTTACACCACTCATCATAGCTGCCATATCAACAAT","Pf3D7_02_v3-630641-630907-1A.1","22+8N43T",880,0.958605664488017,2
"IM-23-122-XHZJ","8039832388","Maziba","Pf3D7_08_v3-549583-549807-1B","ACGTGCTGTTCAAAGAATGTTTGAAATGATAAATGAAGGTGCTAGTGTTATAGATATAGGTGGAGAATCCTCTGGTCCTTTTGTTATACCTAATCCAAAAATTAGTGAAAGAGATTTAGTAGTACCTGTATTACAATTATTTCAAAAAGAATGGAATGATATAAA","Pf3D7_08_v3-549583-549807-1B.1",".",548,0.51844843897824,2
"IM-23-122-XHZJ","8039832388","Maziba","Pf3D7_14_v3-921176-921432-1A","ACAATATTAATTTTATAAGTTCATTATTTCAATTTTATATTTAGGAGGATCTATATCCATATATTATTCATTTTAAAAATATTAAAATAAATACATATATAAATATATAAACATATAAAAACAGTCTTTTAAAAATTAATAAGATTTATATAAAATATGGTTATAAATCCTATTTTGTATTATATCAAA","Pf3D7_14_v3-921176-921432-1A.1",".",136,0.210526315789474,4
"IM-23-122-XHZJ","8039832388","Maziba","Pf3D7_08_v3-549960-550215-1B","GATGAACTAACAAATTATGATAATCTAGTTTATGATATAAAAAATTATTTAGAACAAAGATTAAATTTTCTTGTATTAAATGGAATACCTCGTTATAGGATACTATTTGATATTGGATTAGGATTTGCGAAGAAACATGATCAATCTATTAAACTCTTACAAAATATACATGTATATGATGAGTATCCACTT","Pf3D7_08_v3-549960-550215-1B.1","4G38+8N",486,0.754658385093168,2
"IM-23-122-XHZJ","8039832388","Maziba","Pf3D7_11_v3-1295103-1295335-1A","ACTACTGCTTTGTCCCATCCCATCGAAGTTGAAAACAATTTTCCATGTTCATTATATAAAAATGAAATAATGAAAGAAATCGAAAGAGAATCAAAACGAATTAAATTAAATGATAATGATGATGAAGGGAATAAAAAAATTATAGCTCCAAGAATTTTTATTTCAGATGATATA","Pf3D7_11_v3-1295103-1295335-1A.9","61A132+9N173T",46,0.0322354590049054,5
"IM-23-122-XHZJ","8039832388","Maziba","Pf3D7_08_v3-585703-585949-1A","AAACACATCATCAAAAGTTTCTGATATTGGCTTGTTTGATTCTTTATATTTAAAATCTTTATATAAATAAAATCTATCTTTCTTAAAATATGGATCTTTACGTACTTCAATCGAATCCCTATCAGTTACAATATTTATATCTTTTAATGTTAAGTGGAAATTAGAATCAATAATAGCTA","Pf3D7_08_v3-585703-585949-1A.2","118C",59,0.0512152777777778,3
"IM-23-122-XHZJ","8039832388","Maziba","Pf3D7_03_v3-221295-221532-2","AAGGAACAAGAAGGATAATACCATTATTAATCCTATTGAACTATTTACGACATTAAACACACTGGAACATTTTTCCATTTTACAAATTTTTTTTTCAATATCATTTGCATAATCTAATTGGTCTTTAGGTTTATCAGCAGAGCCAGGCTTTATTCTAACTTGAATACCATTTCCACAAGTTA","Pf3D7_03_v3-221295-221532-2.6","86+11N120G135C",6,0.00535714285714286,6
"IM-23-122-XHZJ","8039832388","Maziba","Pf3D7_13_v3-2114242-2114482-1A","CTTCCATTAACTCAATATATAATTTATTAATAATTTTTAATTTGTTTATTTCAAAAAGGCATAGTTTTAACAAGGTTCTTAAGTTTCTATTACCCCCTAAGAGGTTAAAATGAATATTTCCTTTTTCTCGTATATGCAAAAAATCCCTTAACAATAAATCATATTCATCAGTATGAAATGT","Pf3D7_13_v3-2114242-2114482-1A.4","76T84T137+8N",109,0.0934819897084048,4
"IM-23-122-XHZJ","8039832388","Maziba","Pf3D7_13_v3-2114242-2114482-1A","CTTCCATTAACTCAATATATAATTTATTAATAATTTTTAATTTGTTTATTTCAAAAAGGCATAGTTTTAACATGGTTCTTAAGGTTCTATTACCCCCTAAGAGGTTAAAATGAATATTTCCTTTTTCTCGTATATGCAAAAAATCCCTTAACAATAAATCATATTCATCAGTATGAAATGT","Pf3D7_13_v3-2114242-2114482-1A.7","73T76T137+8N",144,0.123499142367067,4
"IM-23-122-XHZJ","8039832388","Maziba","Pf3D7_11_v3-1374917-1375148-1A","TTTTTAAATGAAAATCTCCAAAGCTTCTGGTTGGTTGTAATCTACCTTTAACATAACAATTATCATAATGATGTGATAAGAGATGAAAAGGTGTTTTACATAATTCATATGTATTATTATTATTAACAGTTTTATAATCTCGAGTACATATTTTACATACTAATATA","Pf3D7_11_v3-1374917-1375148-1A.1","112+14N",1203,0.9624,2
"IM-23-122-XHZJ","8039832388","Maziba","Pf3D7_05_v3-395887-396136-1A","TCTAAGGATTGTTGGTTTTTTAGGATGCTCATCTTTTTAAGATAATCCTCTTTACTGTCGTTATTATTTAAATCGTTTTGTATAATATTATATTGTGAATTCCTTGTGTTTTTCATAACACTATTAGTCCTATTGGTGTTCTTCTTCTTATTATTATTATTATTGTTCTTCTTCTTAATAAA","Pf3D7_05_v3-395887-396136-1A.1","15+8N119C145+20N",152,0.319327731092437,3
"IM-23-122-XHZJ","8039832388","Maziba","Pf3D7_11_v3-1375807-1376056-1A","TCGTTATGTACCCTAATAAAATTTTTTCCATTATTTGAATCTATATTATTTACATTAGTATTTTGAGTTGTACCATAAATTTCAGTGTTATTATTATTTCTATTCATATAATTATGTCCGCTTATATAATTATGACCATTAAAAAAACGTCTTCCATGTATATCATCTCTTCTAATGTATTTA","Pf3D7_11_v3-1375807-1376056-1A.5","20+10N140+9N",1,0.0024330900243309,4
"IM-23-122-XHZJ","8039832388","Maziba","Pf3D7_11_v3-1375807-1376056-1A","TCGTTATGTACCCTAATAAATTTTTTTTCATTATTTGAATCTATATTATTTACATTAGTATTTTGAGTTGTACCATAAATTTCAGTGTTATTATTATTTCTATTCATATAATTATGTCCGCTTATATAATTATGACCATTAAAAAAACGTCTTCCATGTATATCATCTCTTCTAATGTATTTA","Pf3D7_11_v3-1375807-1376056-1A.1","20+10N140+9N",275,0.669099756690998,4
"IM-23-122-XHZJ","8039832388","Maziba","Pf3D7_01_v3-194742-194973-1B","TACCTATAAAAATGAAAAAAATAAAGAAGAAGATAAATATGGAAAAAATGAAAAAAACGAAAAATATGACAAATATGACAAATATGAAAAATATGAAAAATATGATAAATACAAAAAAGATAATAAAAATCAACATGATGATCCACTTTATGATAATATTAATAAAAATTACGATAA","Pf3D7_01_v3-194742-194973-1B.2","14+9N42+17N112+8N",1330,0.903532608695652,3
"IM-23-122-XHZJ","8039832388","Maziba","Pf3D7_03_v3-221295-221532-2","AAGGAACAAGAAGGATAATACCATTATTAATCCTATTGAACTATTTACGACATTAAACACACTGGAACATTTTTCCATTTTACAAATTTTTTTTTCAATATCATTTTCATAATTTAATTGGTCTTTAGGTTTATTAGCAGAGCCAGGCTTTATTCTAACTTGAATACCATTTCCACAAGTTA","Pf3D7_03_v3-221295-221532-2.13","86+11N107T114T120G",136,0.121428571428571,6
"IM-23-122-XHZJ","8039832388","Maziba","Pf3D7_03_v3-221463-221712-1B","ACTTGAATACCATTTCCACAAGTTACACTACATGGGGACCATTCAGTTGAAAGAGAATTTTGTATTATCTTTAAATATTCTTTTATGTGCTTATCACTTGGTTCTTCGTTATTATTATTTTTTACAGCATTGTTGGCATTAGCATTTTCATCTACATTTCGGTTTGGGTCATTTGGCATATTGTGACCTTGTC","Pf3D7_03_v3-221463-221712-1B.22","67A69C117+8N130T",73,0.11353032659409,8
"IM-23-122-XHZJ","8039832388","Maziba","Pf3D7_13_v3-1350855-1351093-1A","TCTTTTATATTAGTTGTTTCGTTATTTTCATTATGTTCCATATTTTGGTTATTTGTATATTTTATATTTTTTAAAAATTGGTAAATATATTCAGAGATGAAAGGTGTAAAAGGGGCCATAATTATTGTAAACAAATATAATGTTCTACATAAAACATTTAATGATTGGTGAGT","Pf3D7_13_v3-1350855-1351093-1A.2","66+8N93A",21,0.0158490566037736,2
"IM-23-122-XHZJ","8039832388","Maziba","Pf3D7_13_v3-1350855-1351093-1A","TCTTTTATATTAGTTGTTTCGTTATTTTCATTATGTTCCATATTTTGGTTATTTGTATATTTTATATTTTTTAAAAATTGGTAAATATATTCCGAGATGAAAGGTGTAAAAGGGGCCATAATTATTGTAAACAAATATAATGTTCTACATAAAACATTTAATGATTGGTGAGT","Pf3D7_13_v3-1350855-1351093-1A.1","66+8N",1304,0.984150943396226,2
"IM-23-122-XHZJ","8039832388","Maziba","Pf3D7_10_v3-992331-992603-1A","TCATTATATTTTTAAAAAAAAAAATTATGATATAAAATCTTCAATTAATAAAAGATCTATCCAGTTCTTTAAAGACACTAATATAGATCATTATATAGCATATGAATATTATAAGGAGGACCGTACGGAATTTATATTAACTATTATGAATGAAAAAAATATTACTCATCAAGAAACTCAAAGTCTTGAAATGAAAAAGTTGAAAG","Pf3D7_10_v3-992331-992603-1A.2","13+13N152+9N",204,0.351118760757315,4
"IM-23-122-XHZJ","8039832388","Maziba","Pf3D7_07_v3-627351-627625-1A","TCACTAAGATAATTATTATTACCATTTTCAGCATAATAAAACTTCTGATGTTTTATAAGAGGAGTTTGGTTAGAAGCAAAATTATCAGCAGTTGTTGAATAATTATTATGTTCTTGATAAAAGAGATTATTCATATAGTTATTATTATTTTTCATATCATCCATAGTATTATTGTTAATATAAAATTCCTCATATGAATTATATATATA","Pf3D7_07_v3-627351-627625-1A.2","23C42C96T",536,0.981684981684982,2
"IM-23-122-XHZJ","8039832388","Maziba","Pf3D7_13_v3-2770621-2770854-1B","ATTCCAAGAAATATTTTTAAAAAAAAATAGTGAGTTAGATGATCACGTATGGAATATAGAAAGTATTACTACGAATATATTAGAGAGGAATAAATTAAGTGATCAAAATAATGAAGATAACCATGATGTTAATAATAATAATGAAGACCCATCTGGGGGTAATTTAAAAAC","Pf3D7_13_v3-2770621-2770854-1B.1","18+11N130+13N",585,1,1
"IM-23-122-XHZJ","8039832388","Maziba","Pf3D7_08_v3-1366626-1366856-1B","CTTTACCTCCATTTTTTTTTTTAAAATCTTGTACACAGAAGTTTACTAATTTATTATCAAAATCTTCTCCTCCTAAATGTGTATCTCCTGAGGTAGCTTTAACTTCAAAAATTCCATCTTCAAGTGTTAATAAGGAAACATCAAATGTTCCTCCTCCTAAATC","Pf3D7_08_v3-1366626-1366856-1B.1","11+13N",244,0.938461538461538,2
"IM-23-122-XHZJ","8039832388","Maziba","Pf3D7_08_v3-1366626-1366856-1B","CTTTACCTCCATTTTTTTTTTTAAAATCTTGTACACAGAAGTTTACTAATTTATTATCAAAATCTTCTCCTCCTAAATGTGTATCTCCTGAGGTAGCTTTAACTTCAAAAATTCCATCTTCAATTGTTAATAAGGAAACATCAAATGTTCCTCCTCCTAAATC","Pf3D7_08_v3-1366626-1366856-1B.2","11+13N124T",16,0.0615384615384615,2
"IM-23-122-XHZJ","8039832388","Maziba","Pf3D7_12_v3-659881-660127-1A","GGTGGTTTAACATTTTCAGCTACGAGTTTTTCGAATGATGGCAATCCTACTTTGATTAATTCCTTTAACATAAGTTTTGCGTGGTTTTTTACTTCTGATTTGATATCAAAGCTTGATTCTAAAAAGGTTGGTGAATTTTTTTGTAAAACACTGACAAGTTCATTTGATATGGTCTCTGCTAAATCATCACCA","Pf3D7_12_v3-659881-660127-1A.5","27T73A74G83+9N135+9N",2,0.00221975582685905,6
"IM-23-122-XHZJ","8039832388","Maziba","Pf3D7_14_v3-137398-137668-1A","ACCATTCATATTTTCTAGGTTTGTTTAACCAATTACATATATATAATATATTACAAAATAATTGTTTTAATAATATATGTTTAGTTAATATTAATTCAATACTACTTAATTTATTTCTTATATTTTTTAAAAGATCTTCATAAACAAAATCAAAATTATCTATTAATAATAAATAACCAAATCTTTTATGCACATTTTTTATTC","Pf3D7_14_v3-137398-137668-1A.1","122+8N191C194+8N",63,0.357954545454545,2
"IM-23-122-XHZJ","8039832388","Maziba","Pf3D7_09_v3-516735-517007-1A","ATAGAAGGATATATAAAAAATTATCAAGAATCATATAATATAAATGACCATTGTAAATTAGTTCCATTAAATTTTTATAAAGATTCTATTTCTAATGATTTAGGTACTCCATGCCCTGTGAATAGTATTACCTTAAATGTGGGCGCAAAAACTATAAATGAATGTTTGTGTAATAAAGGATATTTCTATAATGTCAAGAAACAACAATGTGA","Pf3D7_09_v3-516735-517007-1A.1","14+8N",560,0.837070254110613,2
"IM-23-122-XHZJ","8039832388","Maziba","Pf3D7_06_v3-1192628-1192867-1A","GATTATATATTTCTATATTTTAATAAGAAGGCGTTACACAAACATGATGCCTCTAATGAAATGTGTTTTGTGAAAAACGAAGATTCTACACGCACAAAAGGACATATGAATGATGAACAAAATGATTTATATAAAATAAATAATAATACAACATATTTTTTTAACAAAAACCACT","Pf3D7_06_v3-1192628-1192867-1A.2","155+9N",842,0.737302977232925,2
"IM-23-122-XHZJ","8039832388","Maziba","Pf3D7_14_v3-1992121-1992370-1A","ATTAAAACAATCCAACAATTTTATTTCCTTCTTTATAAAATTATATAAATTAATTATTTTCTTTTTATCACATTCAAAGACGGCATAAGGTGCACCCCATGAACATTTTTTACTTTTGCTACCATCAGGCATAATATAAACACCAGTACCATTTTTTTCTGATAAATTAATATTTTTTTGTATAACATCATA","Pf3D7_14_v3-1992121-1992370-1A.11","10A105+8N151+9N172+9N",217,0.616477272727273,2
"IM-23-122-XHZJ","8039832388","Maziba","Pf3D7_14_v3-2004362-2004606-1A","TATTTCCATATTATTGTAATAGGGCTTTTTCTTGCTCTTCTAATTTTTGTATATCTTGCTTATCCTTATCTAATTGTCCAAGAGCAGATAATTCATCATCTACATTTATTTTATTTTCTTGAGAATATTCTTCAATTTTGTCTTCGAAACTGTTATATAATCTATTTATAATTGGTTG","Pf3D7_14_v3-2004362-2004606-1A.11","87G88A98A",44,0.0827067669172932,3
"IM-23-122-XHZJ","8039832388","Maziba","Pf3D7_12_v3-659881-660127-1A","GGTGGTTTAACATTTTGAGCTATGAGATTTTCGACTGATGGCAATCCTACTTTGATTAATTCCTTTAACATAAATTTTGCGTGTCTTTTTACTTCTGATTTGATATCAAAGCTTGATTCTAAAAAGGTTGGTGAATTTTTTTGTAAAACACTGACAAGTTCATTTGATATGGTCTCTGCTAAATCATCACCA","Pf3D7_12_v3-659881-660127-1A.50","17G23T35C73A83+9N135+9N",684,0.759156492785794,6
"IM-23-122-XHZJ","8039832388","Maziba","Pf3D7_09_v3-685560-685825-1A","GAACCAAACAACGACAAAGGAACAAGATAATTTTTTCCATTTTTATAAAAGTAATATATATGATATGGAAAATAGAACATGTAATAATAATATATTACAATATTGTGTTATGAATAATAAATCATATTTATTTCATAATATATCATCCAAAAAAAATATATATATAAAAAAAAAGAATCATCAGTTTTCTTTATTCATATATT","Pf3D7_09_v3-685560-685825-1A.1","30+8N79A148+10N165+11N",20,0.909090909090909,2
"IM-23-122-XHZJ","8039832388","Maziba","Pf3D7_09_v3-82006-82236-1A","TTTATCATCTTTAGGCCATAACCAGAGTACAAGCAATCCAACTATAACAATTGTAATTAACATTATAAATACTGTAATACCATAAACACTACCAGAAGCGATCAGAAATGCACTAAAAATATAACAACATTCACTTAGAATAAGAGTAGCGATAAAACTAAAAATAGC","Pf3D7_09_v3-82006-82236-1A.11","95G119A",1,0.000555555555555556,7
"IM-23-122-XHZJ","8039832388","Maziba","Pf3D7_14_v3-2355614-2355853-1A","ACTTTTCTCGATTCACATTATCCAAACCCATTTAACGAGTATGAAAAATATGACAAACATTATTATGAACTTGAAAATATTTTAAAAAACAAACTTAATGAACAATCCTTAAATTATCAATCTTTGTTAAAAATGAAAAGATTTATAAGTATGAACGATATGGAAAATAATAA","Pf3D7_14_v3-2355614-2355853-1A.2","83+8N105A",6,0.00567644276253548,3
"IM-23-122-XHZJ","8039832388","Maziba","Pf3D7_14_v3-2355614-2355853-1A","ACTTTTCTCGATTCACATTATCCAAACCCATTTAACGAGTATGAAAAATATGACAAACATTATTATGAACTTGAAAATATTTTAAAAAACAAACTTAATGAACATTCCTTAAATTATCAATCTTTGTTAAAAATGAAAAGATTTATAAGTATGAACCATATGGAAAATAATAA","Pf3D7_14_v3-2355614-2355853-1A.3","83+8N157C",138,0.130558183538316,3
"IM-23-122-XHZJ","8039832388","Maziba","Pf3D7_14_v3-421322-421547-1A","TAAGAAAGATGAAGTAATAGAAAAAACTGAAGTATCAAAGAAAACATTTGCAGGTATAGGTTTTAATCTTACTGAGAAAGAAGCTAAAGTATTAGGTGTAGGTGTAACCTATCAAGAATATCCAGAAACCATGTTATATAACTGTCCAAACAATTCTA","Pf3D7_14_v3-421322-421547-1A.6","20+8N50G",88,0.120547945205479,3
"IM-23-122-XHZJ","8039832388","Maziba","Pf3D7_12_v3-857050-857323-1A","ATATAATTTTAAGATGTCCTATCAAGACGTTCAGGAAAAAAAAAATGAAGATATAAATTATGATGAAATAGCTAGCAGCATGCTAGAGAAGATGGACAAACATATAAATGGAGAAAAACAACCAACGATACATTATGAAAATTTAAATGTACAAGAGCAAGGGGGAGCACATGCTTATTACTCAAATCAAGATATAAATAACATAAATA","Pf3D7_12_v3-857050-857323-1A.2","35+12N162G",636,0.962178517397882,2
"IM-23-122-XHZJ","8039832388","Maziba","Pf3D7_02_v3-503040-503288-1A","ATTATGATTAATAATAATATTTCTCATAATTTCGTTAAATACATCTAAACTATTTATAGAACCATCTATATCATCTTCATTCCTATTTTGGTGAACTGATTCGGTGTTTATAACATCTAAGGTGTCTTTTTCTTCTCCTCTGTAACTTTTTATAATTTTTTGATAAATGTTGTTATAAGAATTATCA","Pf3D7_02_v3-503040-503288-1A.1","155+8N",399,0.254952076677316,2
"IM-23-122-XHZJ","8039832388","Maziba","Pf3D7_08_v3-1056678-1056903-1A","GTGTTAACGATAATTATAATGCAATAAGCACAACTAATTTTTCAGATGACATGGATGAATTGATAAAGAATCTTTCTATTATGGGTTTGTGTAAAGAGAAAATAGTGTTAACAGAAAAGGCAACAATATTTAATAACATTGAATTGTTGTATTCATATTATCTTATAGTTCAGA","Pf3D7_08_v3-1056678-1056903-1A.2","126A",1906,0.577926015767132,3
"IM-23-122-XHZJ","8039832388","Maziba","Pf3D7_08_v3-1056678-1056903-1A","GTGTTAACGATAATTATAATGCAATAAGCACAACTAATTTTTCAGATGACATGGATGAATTGATAAAGAATCTTTCTATTATGGGTTTGTGTAAAGAGAAAATAGTGTTAACAGAAAAGGCAACACTATTTAATAACATTGAATTGTTGTATTCATATTATCTTATAGTTCAGA","Pf3D7_08_v3-1056678-1056903-1A.1",".",1287,0.390236506973924,3
"IM-23-122-XHZJ","8039832388","Maziba","Pf3D7_08_v3-1056678-1056903-1A","GTGTTAAGGATAATTATAATGCAATAAGCACAACTAATTTTTCAGATGACATGGATGAATTGATAAAGAATCTTTCTATTATGGGTTTGTGTAAAGAGAAAATAGTGTTAACAGAAAAGGCAACAATATTTAATAACATTGAATTGTTGTATTCATATTATCTTATAGTTCAGA","Pf3D7_08_v3-1056678-1056903-1A.4","8G126A",105,0.0318374772589448,3
"IM-23-122-XHZJ","8039832388","Maziba","Pf3D7_14_v3-771407-771633-1A","ACCCACGGGACATTTTAATTTATACCTATTGGAACATTTTTTATTAGGTCTTTCTTTATGATTCTTCTTTAAAATAGGTTCATCATTATTTGAGTAAACTAACAGATTATTATCGTTCTCAAAATTATTATAACCATCAATATTTTTATTTCCATATACATCTATAA","Pf3D7_14_v3-771407-771633-1A.1","36+8N",1270,0.594569288389513,3
"IM-23-122-XHZJ","8039832388","Maziba","Pf3D7_11_v3-1294664-1294910-1A","AAAAGATGAATCATTTCAAAACTATACATATTTAAGTAAAAATGTAGTTCATAACTGGGAAAAAGTTTGCCCTAGAAAGAATTTACAGAATGCAAAATTCGGATTATGGGTCGATGGAAATTGTGAAGATATACCACATGTAAATGAATTTTCAGCAAATGATCTTTTTGAATGTAATAAATTAGTTTTTGAATTG","Pf3D7_11_v3-1294664-1294910-1A.20","8G9A40A50C152T159A",1,0.000455996352029184,5
"IM-23-122-XHZJ","8039832388","Maziba","Pf3D7_11_v3-497277-497548-1A","TTTTAGATTTAATTGAATATTCATTTTTAAATTATACTAGTTCTAATTTAAATACAATAAATAATAATAATGACAAAAAAAAACAAAATCAAAAAAATAAAAATCGCAAATATAGTAAAAATAATATTTTAGATCTCTATGAACACGTACGTACGATCAGTTTATTTTATCACACGTTTAATTTACCTAAGGAGTATAATGAAAAATTGTT","Pf3D7_11_v3-497277-497548-1A.1","74+11N90+9N148T150C",46,0.104783599088838,3
"IM-23-122-XHZJ","8039832388","Maziba","Pf3D7_08_v3-1099719-1099977-1A","AAAAAATAAAAAATCAAACAAGATAAATAATAATGTATATAATACTAGTGGTATAAAAAATAATGATCAAAATATGGATAATATGAATCAAAAAGGAAAAAGTAACAAAAATTCAAATAAATATAATTTTGATGAAGAGGACTTATGGTTTTTATGTGATTTATGTAATAATCCTATAAGTCCGTTATGTTA","Pf3D7_08_v3-1099719-1099977-1A.1","1+14N54+8N97A142C",151,0.250414593698176,3
"IM-23-122-XHZJ","8039832388","Maziba","Pf3D7_08_v3-549960-550215-1B","GATGAACTAACAAATTATGATAATCTAGTTTATGATATAAAAAATTATTTAGAACAAAGATTAAATTTTCTTGTATTAAATGGAATACCTCGTTATAGGATACTATTTGATATTGGATTAGGATTTGGGAAGAAACATGATCAATCTATTAAACTCTTACAAAATATACATGTATATGATGAGTATCCACTT","Pf3D7_08_v3-549960-550215-1B.3","4G38+8N128G",158,0.245341614906832,2
"IM-23-122-XHZJ","8039832388","Maziba","Pf3D7_03_v3-221295-221532-2","AAGGAACAAGAAGGATAATACCATTATTAATCCTATTGAACTATTTACGACATTAAACACACTGGAACATTTTTCCATTTTACAAATTTTTTTTTCAATATCATTTATATAATCTAATTGGTCTTTAGGTTTATCAGCAGAGCCAGGCTTTATTCTAACTTGAATACCATTTCCACAAGTTA","Pf3D7_03_v3-221295-221532-2.8","86+11N107A108T120G135C",84,0.075,6
"IM-23-122-XHZJ","8039832388","Maziba","Pf3D7_13_v3-2114242-2114482-1A","CTTCCATTAACTCAATATATAATTTATTAATAATTTTTAATTTGTTTATTTCAAAAAGGCATAGTTTTAACAAGGTTCTTAAGGTTCTATTACCCCCTAAGAGGTTAAAATGAATATTTCCTTTTTCTCGTATATGCAAAAAATCCCTTAACAATAAATCATATTCATCAGTATGAAATGT","Pf3D7_13_v3-2114242-2114482-1A.11","76T137+8N",580,0.497427101200686,4
"IM-23-122-XHZJ","8039832388","Maziba","Pf3D7_12_v3-233418-233671-1A","CAAAAATATCATTCCCCAAATTTGTACTACTAATTGTTCCAATAGTTCCTATAGTTGTGGTAATTTGCTCATATGTATTTTTTCCTAAAGATTTATTAGACACATTTGAAGGATCATTATTTTGTTCCAAATTCTTGGGCACAGTATTATTACATGAGAATAATGAAAAGTTATTATCATAATTCTTTTGTT","Pf3D7_12_v3-233418-233671-1A.3","77+8N",84,0.0768526989935956,5
"IM-23-122-XHZJ","8039832388","Maziba","Pf3D7_01_v3-181512-181761-1A","TTCACTATTGTTTTCATTCTTTTTTTAACTAAAACTATTCATCTCAAAAATATAAGATATTTTATATGACGAATGCCATTGTATTTTTTGTTACGTAAAACCTGACTTCTTCAGGGAAAACACATGCGCATTTTCACCAATTTTTGCCTAAGCTTATTATAAAAAGTATATTAAATGTATGAC","Pf3D7_01_v3-181512-181761-1A.37","5C19+9N30T83+8N114G",47,0.0407986111111111,6
"IM-23-122-XHZJ","8039832388","Maziba","Pf3D7_01_v3-181512-181761-1A","TTCATTATTGTTTTCATTCTTTTTTTAACGAAAACTATTCATCTCAAAAATATAAGATATTTTATATGACGAATGCCATTGTATTTTTTGTTACGTAAAACCTGACTTCTTCAGGGAAAACACATGCGCATTTTCACCAATTTTTGCCTAAGCTTATTATAAAAAGTATATTAAATGTATGAC","Pf3D7_01_v3-181512-181761-1A.3","19+9N83+8N114G",3,0.00260416666666667,6
"IM-23-122-XHZJ","8039832388","Maziba","Pf3D7_05_v3-395887-396136-1A","TCTAAGGATTGTTGGTTTTTTAGGATGCTCATCTTTTTAAGATAATCCTCTTTACTGTCGTTATTATTTAAATCGTTTTGTATAATATTATATTGTGAATTCCTTGTGTTTTTCATAACACTATTAGTCCTATTGGTGTTCTTCTTATTATTATTATTATTATTGTTCTTCTTCTTAATAAA","Pf3D7_05_v3-395887-396136-1A.5","15+8N119C145+20N",21,0.0441176470588235,3
"IM-23-122-XHZJ","8039832388","Maziba","Pf3D7_13_v3-958247-958510-1B","TTTATATTATCTGTAATATGCACATTTTGTATAATATTATCAATATTTGTAGCATTTTGACCGTATGTTTCATTTTCATCGTATGTTCCATTTATATTGTATGTTCCATTTTCATCGTATGTTCCATTTATATTGTATGTTCCATTTTCATCGTATGTTCCATTTATATTGTATGTTCCATTTTTATCATATGTTATGTCCACAT","Pf3D7_13_v3-958247-958510-1B.1","106C",191,0.498694516971279,4
"IM-23-122-XHZJ","8039832388","Maziba","Pf3D7_13_v3-958247-958510-1B","TTTATATTATCTGTAATATGCACGTTTTGTATAATATTATCAATATTTGTAGCATTTTGACCGTATGTTTCATTTTCATCGTATGTTCCATTTATATTGTATGTTCCATTTTCATCGTATGTTCCATTTATATTGTATGTTCCATTTTCATCGTATGTTCCATTTATATTGTATGTTCCATTTTTATCATATGTTATGTCCACAT","Pf3D7_13_v3-958247-958510-1B.86","24G106C",110,0.287206266318538,4
"IM-23-122-XHZJ","8039832388","Maziba","Pf3D7_13_v3-1265494-1265726-1A","TGTCATATACAGATTATAAAAATGATCATAGAATAAGCGAAATTTTAAATCGTTGTATTTTACGATTAAACGAGTTTGATCTAATTCATTTATCTTCTTTGGTCATATCTTTAAGTAAAATGAATTTTAGGAGTGTGTATTTTCTGGAACAAGTACAAAAGAAATT","Pf3D7_13_v3-1265494-1265726-1A.6","44T",1381,0.653573118788452,6
"IM-23-122-XHZJ","8039832388","Maziba","Pf3D7_08_v3-1344618-1344845-1A","TATCTTTTCCATATATAATAACGCATGAATTCTTTAAATATATCTTTTACTTTATCTGTAAGTTTCATGGAATCTATTATTTCATCTGCATATTTTATTTTTGCCTCGTTTATATATTTACCTGCTTCTAATTTACATAAACATTTTTCTATTAAGTTTTG","Pf3D7_08_v3-1344618-1344845-1A.4","86C128C",435,0.341444270015699,4
"IM-23-122-XHZJ","8039832388","Maziba","Pf3D7_08_v3-1344618-1344845-1A","TATCTTTTCCATATATAATAACGCATGAATTCTTTAAATATATCTTTTACTTTATCTGTAAGTTTCATGGAATCTATTATTTCATCTGCATATTTTATTTTTGCCTCGTTTATATATTTACCTGCTTTTAATTTACATAAACATTTTTCTATTAAGTTTTG","Pf3D7_08_v3-1344618-1344845-1A.3","86C",1,0.000784929356357928,4
"IM-23-122-XHZJ","8039832388","Maziba","Pf3D7_08_v3-1344618-1344845-1A","TATCTTTTCCATATATAATAACGCATGAATTCTTTAAATATATCTTTTACTTTATCTGTAAGTTTCATGGAATCTATTATTTCATGTGCATATTTTATTTTTGCCTCGTTTATATATTTACCTGCTTCTAATTTACATAAACATTTTTCTATTAAGTTTTG","Pf3D7_08_v3-1344618-1344845-1A.1","128C",133,0.104395604395604,4
"IM-23-122-XHZJ","8039832388","Maziba","Pf3D7_08_v3-1344618-1344845-1A","TATCTTTTCCATATATAATAACGCATGAATTCTTTAAATTTATCTTTTACTTTATCTGTAAGTTTCATGGAATCTATTATTTCATCTGCATATTTTATTTTTGCCTCGTTTATATATTTACCTGCTTTTAATTTACATAAACATTTTTCTATTAAGTTTTG","Pf3D7_08_v3-1344618-1344845-1A.2","40T86C",705,0.553375196232339,4
"IM-23-122-XHZJ","8039832388","Maziba","Pf3D7_11_v3-1816152-1816378-1A","TTGGGTAGATATCGTTATAAGGGCTATAATGTATTGACTTCTCCGGGTTTGTTACATTATCATTACAACCAATATTATTAAGGTTCATATTATTTTTATCATTATTATTGTTGTTTTCATTTGTGTGGTTATATAATAACAATGATGTGTCGTCTATTGGATCATT","Pf3D7_11_v3-1816152-1816378-1A.4","50T86C90T",98,0.0437890974084004,2
"IM-23-122-XHZJ","8039832388","Maziba","Pf3D7_13_v3-2770591-2770863-2","ACACATCGATTTTATCAAAAGGAAATATTCCAAGAAATATTTTTAAAAAAAAATAGTGAGTTAGATGATCACGTATGGAATATAGAAAGTATTACTACGAATATATTAGAGAGGAATAAATTAAGTGATCAAAATAATGAAGATAACCATGATGTTAATAATAATAATGAAGACCCATCTGGGGGTAATTTAAAAACCAATCTAAT","Pf3D7_13_v3-2770591-2770863-2.1","44+11N156+13N",949,1,1
"IM-23-122-XHZJ","8039832388","Maziba","Pf3D7_01_v3-535965-536239-1A","GCTCATTCGATATTTTCCAGTTGTTTGATTTTAAAAATGATGTATATTTTTTAGATGATAATTTGTTCGACAAGGATATGGTATATTGTACAAGTACCAACAATTATGGCATTATGGAAAATGATAATGATGATGATAAAATAATAAAAATACAGAATTTAAATGAGAAATTAAAAAATGGAAAAGCTGAATTTAAAGATATATTATTAT","Pf3D7_01_v3-535965-536239-1A.4","8C46+8N111A118A121+17N155G172+8N",488,0.7601246105919,4
"IM-23-122-XHZJ","8039832388","Maziba","Pf3D7_14_v3-3214249-3214516-1A","TAAATAAAAAAGGATTAGATGATTTAATAAAAGATTTGTTAAAATATTTTCCAAAGAATTCAATTAGCGATCGTTTTGAATTGTTAGAATTTAAAATGACGGAGGATTGTTATACAAAAATGTGGTTTGATTTTATGATTGATTTTGGAATAGCTACAATGAATGAAAACGAACATACTAGATCTTTTTATGGCTTAATCGAA","Pf3D7_14_v3-3214249-3214516-1A.3","5+8N139T169A194C",162,0.105675146771037,3
"IM-23-122-XHZJ","8039832388","Maziba","Pf3D7_07_v3-717260-717493-1A","GAGCTTGCTTTTTTGTTGCGTTACTTGCTGGGCTGATCAAAAAAAAAGTTGAATGTATTGAACTTAGTGCCAGCGAAATTTCCCCTCATGAAAACAAATCGACGAGTTCATCAATATTCCAAGAGGAATTAAAATTTGATAAGTCTCTGAAAAATTTTTTCAAACAA","Pf3D7_07_v3-717260-717493-1A.1","8+8N38+11N154+8N",206,0.161949685534591,2
"IM-23-122-XHZJ","8039832388","Maziba","Pf3D7_07_v3-729480-729750-1A","TGAATGTTCAGAAATTTTATATCACTTAAATCGTTTGAGTGAGTTAGATCAAATATTGTTGAAAGATAAAATAAGTATATATGAGTATCAGCTAAAGGACACGTTTTTAACAACGTATGATATAGGTTGTTTATTAAAAATAGCTCAAGTGTTGAATGAACAAAATTATTATGATAACATTCCATTTTTGCATATATTTTTATATAACATACATAA","Pf3D7_07_v3-729480-729750-1A.1","42A",98,0.164983164983165,2
"IM-23-122-XHZJ","8039832388","Maziba","Pf3D7_07_v3-729480-729750-1A","TGAATGTTCAGAAATTTTATATCACTTAAATCGTTTGAGTGCGTTAGATCAAATATTGTTGAAAGATAAAATAAGTATATATGAGTATCAGCTAAAGGACACGTTTTTAACAACGTATGATATAGGTTGTTTATTAAAAATAGCTCAAGTGTTGAATGAACAAAATTATTATGATAACATTCCATTTTTGCATATATTTTTATATAACATACATAA","Pf3D7_07_v3-729480-729750-1A.2",".",496,0.835016835016835,2
"IM-23-122-XHZJ","8039832388","Maziba","Pf3D7_09_v3-516735-517007-1A","ATAGAAGGATATATAAAAAATTATCAAGAATCATATAATATAAATGACCATTGTAAATTAGTTCCATTAAATTTTTATAAAGATTCTATTTCTAATGATTTAGGTACTCCATGCCCTGTGAATAGTATTACCTTAAATGTGGGCGCAAAAACTATAAATGAATGTTTGTGTAATAAAGGATATTTCTATAATGTCAAGAAACAACAATGTAA","Pf3D7_09_v3-516735-517007-1A.2","14+8N211A",109,0.162929745889387,2
"IM-23-122-XHZJ","8039832388","Maziba","Pf3D7_06_v3-1140900-1141174-1A","CTTCCATGTGAGCTTCAAAATCGTCTGAAGGTCGACTAGACATGAAAAATTCAGATTGAGGTAAATCATCAAATGGATGATTTCTATATGATATTCTAGGTATTAATCCTAAGATATTATTTATGCTATTACATTGAGAATTTCCTTCATTGGTTGTGGTACTTATATCCGCATTTTGGTGATCATCAGGATATAATGTATTTTCTTTAGAACTT","Pf3D7_06_v3-1140900-1141174-1A.12","171G",20,0.0284495021337127,3
"IM-23-122-XHZJ","8039832388","Maziba","Pf3D7_14_v3-1956056-1956330-1B","CTAATTTTTTTTCTCCACTTTGTAATTTTTATTGTTGAATATATATATAAAGTTAAACCTATAAATAATACACTACCTAATAAACTATTCTTATATTTAAAAATAAATATAACACATGTTATTAATCCTTCTATTGTTGCCGGAATAATATACATTAAAACAGAACTCATCAAATTATTAGCACTCTCGGTACCTCTATCAACTATTCTCA","Pf3D7_14_v3-1956056-1956330-1B.1","4+10N113C",341,0.625688073394495,2
"IM-23-122-XHZJ","8039832388","Maziba","Pf3D7_09_v3-595828-596094-1A","ATAATTTTTTCATCGTTCTTATACATGAATGATAAAGTCTTTTTGCAAAATTTTTTGAAGAGATCAGATTTGAGATAAAGACGTTTGGCTAATTTATACGAGAATTCGAGAGCATCTAATTTTATATTTAAACATTTTTTCGTATCCAATATATTATAATTTTGTTCATAAGTCTGTTCATTTATATTATTTAATACTTTT","Pf3D7_09_v3-595828-596094-1A.6","4+8N27G50+8N134+8N",428,0.635014836795252,3
"IM-23-122-XHZJ","8039832388","Maziba","Pf3D7_14_v3-2020604-2020849-1A","CAAGAACATGAATATTTCTGTAAATACATAGACAAGTCCTCATTATGTCTTATCACAGGGTGCTCTTCTTTAATATGACAATATAATTTTATATGTTTTATTATTTCTTGATGAATTTCACATAATAAAAATAATGTGTGATTCATATGTTGACTACCCAATATAGAAAAGCCACTAACTAATTG","Pf3D7_14_v3-2020604-2020849-1A.1","65+8N",760,0.667251975417033,5
"IM-23-122-XHZJ","8039832388","Maziba","Pf3D7_12_v3-684011-684240-1A","ACCTAATGTTGGTAAGTCTACCATTTTTAATCGACTAACTCGAAAATATCAAGATGGTAGTATTGTATTAGATGTTAGTAGTACGAGAGATAAACTTTATGGAGAAGTTGAGTGGGAAGGATATAAATTTGAACTTGTGGATACAGGAGGTTTAGTTTTTGA","Pf3D7_12_v3-684011-684240-1A.1","67A",604,0.599206349206349,3
"IM-23-122-XHZJ","8039832388","Maziba","Pf3D7_12_v3-684011-684240-1A","ACCTAATGTTGGTAAGTCTACCATTTTTAATCGACTAACTCGAAAATATCAAGATGGTAGTATTGTTTTAGAGGTTAGTAGTACGAGAGATAAACTTTATGGAGAAGTTGAGTGGGAAGGATATAAATTTGAACTTGTGGATACAGGAGGTTTAGTTTTTGA","Pf3D7_12_v3-684011-684240-1A.4","73G",204,0.202380952380952,3
"IM-23-122-XHZJ","8039832388","Maziba","Pf3D7_12_v3-684011-684240-1A","ACCTAATGTTGGTAAGTCTACCATTTTTAATCGACTAACTCGAAAATATCAAGATGGTAGTATTGTTTTAGATGATAGTAGTACGAGAGATAAACTTTATGGAGAAGTTGAGTGGGAAGGATATAAATTTGAACTTGTGGATACAGGAGGTTTAGTTTTTGA","Pf3D7_12_v3-684011-684240-1A.6","75A",200,0.198412698412698,3
"IM-23-122-XHZJ","8039832388","Maziba","Pf3D7_12_v3-857050-857323-1A","ATATAATTTTAAGATGTCCTATCAAGACGTTCAGGAAAAAAAAAATGAAGATATAAATTATGATGAAATAGCTAGCAGCATGCTAGAGAAGATGGACAAACATATAAATGGAGAAAAACAACCAACGATACATTATGAAAATTTAAATGTACAAGAGCAAGAGGGAGCACATGCTTATTACTCAAATCAAGATATAAATAACATAAATA","Pf3D7_12_v3-857050-857323-1A.1","35+12N",25,0.037821482602118,2
"IM-23-122-XHZJ","8039832388","Maziba","Pf3D7_14_v3-407306-407542-1A","CTTTCTTTCGTCTTTGTTTTCATTATCCATATAATCTTTTTCTACTACCTTTTTATTCTTTACTTTATTTCTATTAATACACAACTCTCCTTGAGTTAAGAGATTTACGATATTATCAATATTGTTTTCTTTCATATACTTCAACTTTTTACTATTCATTTTTAAAAGA","Pf3D7_14_v3-407306-407542-1A.9","16G18T44A47A54T",722,0.607744107744108,4
"IM-23-122-XHZJ","8039832388","Maziba","Pf3D7_11_v3-1293919-1294168-1A","ACCATATCAAAATAGTGATGTGTATCATCCAATCAACGAACATAGGGAACATTCAAAAGAATACGAATATCCATTACACCAGGAACATACATACCAACAAGAAGATTCAGGAGAAGACGAAAATACATTACAACACGCATATCCAATAGACCACGAAGGTGCCGAACCCGCACCACAAGAACAAAATTTAT","Pf3D7_11_v3-1293919-1294168-1A.7","1A27A53T",34,0.0367170626349892,4
"IM-23-122-XHZJ","8039832388","Maziba","Pf3D7_08_v3-102277-102527-1A","TACCTTCATCTATTGAATTAATTTTCTCAAGTAACATATTTTTGTCTTGACTACTTTCATCTGTAAATGGAACGAATACTCTTTGCTTACCTGCAAAAAGGACAATTGACATATGAGCCTTATCCTTACTTACATTCGAATTAAAGACCATAGATTCTAAAAATGGTATAGTTCCTTTTAACCAATAATC","Pf3D7_08_v3-102277-102527-1A.6","76A106T",336,0.2152466367713,4
"IM-23-122-XHZJ","8039832388","Maziba","Pf3D7_08_v3-102277-102527-1A","TACCTTCATCTATTGAATTAATTTTCTCAAGTAACATATTTTTGTCTTGACTACTTTCATCTGTAAATGGAACGACTACTCTTTGCTTACCTGCAAAAAGGACAACTGACATATGAGCCTTATCCTTACTTACATTCGAATTAAAGACCATAGATTCTAAAAATGGTATAGTTCCTTTTAACCAATAATC","Pf3D7_08_v3-102277-102527-1A.4",".",44,0.0281870595771941,4
"IM-23-122-XHZJ","8039832388","Maziba","Pf3D7_08_v3-102277-102527-1A","TACCTTCATCTATTGAATTAATTTTCTCAAGTAACATATTTTTGTCTTGACTACTTTCATCTGTAAATGGAACGAGTACTCTTTGCTTACCTGCAAAAAGGACAACTGACATATGAGCCTTATCCTTACTTACATTCGAATTAAAGACCATAGATTCTAAAAATGGTATAGTTCCTTTTAACCAATAATC","Pf3D7_08_v3-102277-102527-1A.1","76G",338,0.216527866752082,4
"IM-23-122-XHZJ","8039832388","Maziba","Pf3D7_14_v3-771407-771633-1A","ACCCACGGGACATTTTAATTTATACCTATTGGAACATTTTTTATTAGGTCTTTCTTTATGATTCTTCTTTAAAATAGGTTCATCATTATTTGAGTAAACTAACAGATCATTATCGTTCTCAAATTTATTATAACCATCAATATTTTTATTTCCATATACATCTATAA","Pf3D7_14_v3-771407-771633-1A.2","36+8N108C124T",104,0.048689138576779,3
"IM-23-122-XHZJ","8039832388","Maziba","Pf3D7_14_v3-771407-771633-1A","ACCCACGGGACATTTTAATTTATACCTATTGGAACATTTTTTATTAGGTCTTTCTTTATGATTCTTCTTTAAAATAGGTTCATCATTATTTGAGTAAACTAACAGATCATTATCGTTCTCAAAATTATTATAACCATCAATATTTTTATTTCCATATACATCTATAA","Pf3D7_14_v3-771407-771633-1A.6","36+8N108C",762,0.356741573033708,3
"IM-23-122-XHZJ","8039832388","Maziba","Pf3D7_08_v3-476232-476475-1A","CAAACACATGATAAACAAAAGTGTAAGGAAAATTTTTCAAATTCTTTTGTTAATGAAATATATGAAAAAGAAGAAAAAGAAACGCAAAAAATGAAAGAATATTTAGAACAACATGAAGAACATTTTTCAACGTTTAGAAATTCAATTTTATGTAAATTAAGAATAGCTGAAGAATT","Pf3D7_08_v3-476232-476475-1A.2","45T85+8N",368,0.431418522860492,2
"IM-23-122-XHZJ","8039832388","Maziba","Pf3D7_13_v3-1725124-1725365-2","TGGAAATTGTTCCCATTTATTCATTTTTTCTTCATATACTTCAATAGAATTTAATCTCTCACCATTAGTTCCACCAATGACATAAATTTTATTATCAAAAGCAACACACATAGCTGATGATCTAGGGGTATTCAAAGGTGCCACCTCTACCCATGCTTTCATACGATGATCATATGCTTCTAC","Pf3D7_13_v3-1725124-1725365-2.1","23+8N",2729,1,1
"IM-23-122-XHZJ","8039832388","Maziba","Pf3D7_12_v3-1959644-1959891-1A","ATGGGAAGACGATAAGAGAAGAGAAATTAATTTCTGAGGGAGCGTATTCATTTGTTTATATGGCGAAGGATTTAAACACGAATCGAGCTTATACTATAAAGAAGACCATATGTCAAGATAAAGAGAAAATAGATATGGCGAAAAAAGAAATCAACATTCTTAAAAGTTTACCTCCACATAAAAATATA","Pf3D7_12_v3-1959644-1959891-1A.1","143A",25,0.028604118993135,3
"IM-23-122-XHZJ","8039832388","Maziba","Pf3D7_11_v3-1295103-1295335-1A","ACTACTGCTTTGTCCCATCCCACCGAAGTTGAAAACAATTTTCCATGTTCATTATATAAAAATGAAATAATGAAAGAAATCGAAAGAGAATCAAAACGAATTAAATTAAATGATAATGATGATGAAGGGAATAAAAAAATTATAGCTCCAAGAATTTTTATTTCAGATGATAAA","Pf3D7_11_v3-1295103-1295335-1A.8","23C61A132+9N",2,0.00140154169586545,5
"IM-23-122-XHZJ","8039832388","Maziba","Pf3D7_13_v3-2114242-2114482-1A","CTTCCATTAACTCAATATATAATTTATTAATAATTTTTAATTTGTTTATTTCAAAAAGGCATAGTTGTAACAAGGTTCTTAAGGTTCTATTACCCCCTAAGAGGTTAAAATGAATATTTCCTTTTTCTCGTATATGCAAAAAATCCCTTAACAATAAATCATATTCATCAGTATGAAATGT","Pf3D7_13_v3-2114242-2114482-1A.1","67G76T137+8N",333,0.285591766723842,4
"IM-23-122-XHZJ","8039832388","Maziba","Pf3D7_08_v3-585703-585949-1A","AAACACATCATCAAAAGTTTCTGATATTGGCTTGTTTGATTCTTTATATTTAAAATCTTTATATAAATAAAATCTATCTTTCTTAAAATATGGATCTTTACGTACTTCAATCGAATCACTATCAGTTACAATATTTATATCTTTTAATGTTAAGTGGAAATTAGAATCAATAATAGCTA","Pf3D7_08_v3-585703-585949-1A.1",".",679,0.589409722222222,3
"IM-23-122-XHZJ","8039832388","Maziba","Pf3D7_04_v3-115455-115684-1A","TATTAATGTCATTTTGTTTTTCTTTATTATTATTATTTTTATTTTTTCCCTGGTTATCTTCCTTATTACCTAGCTTTTTTTTGTTGTCATTATTTTCTGTCTGATTATTATTTTTGACTTTTTTCATCTTTGAATTATCCGTTCTGTTTGTATGTCTCAAGCAAGGT","Pf3D7_04_v3-115455-115684-1A.3","24+25N74+10N122T",266,0.180216802168022,4
"IM-23-122-XHZJ","8039832388","Maziba","Pf3D7_04_v3-133581-133830-1A","CTCTCGATTATCATTACCTACTTCAGTCTTTACAATTGTAGGAGGTGTTTTAACATGATTATCCCCTCCATGAGGAGTAACCCTTAAAGGTTCTTCTTGAATATTTGGTGTCGCTTCGCCTGTTTCTGTAGAAAGGATATTTATTCTATCAACATATTCATCACCTTCTTCAACTGTACTATTTAAA","Pf3D7_04_v3-133581-133830-1A.1",".",244,1,1
"IM-23-122-XHZJ","8039832388","Maziba","Pf3D7_04_v3-133928-134154-1A","TTTTGAAATATCTAATTTATCCATTTGCCTTTTTATTTCATAGTCCCAACTACTTACCCAGGTATTAAAATTAATACAATCCTGTTCTGCATATTTTATGGCTTTTAAATCCCTCAATTTAGTAGCCCTATCTTCACAATAATCTTCTAATATTTTAAT","Pf3D7_04_v3-133928-134154-1A.1","21C",1343,0.950460014154282,2
"IM-23-122-XHZJ","8039832388","Maziba","Pf3D7_13_v3-2114829-2115090-1A","ATTCAATATATATAAAAATATAGCTAATAAACATTTCAAATCTCCATTAAGAACTTTATTCATCTTAACAAAAGCTCTATGAACTTCTGTATCTATAGTCGATTTTGTTATTCTAAGCATATCATTAAGTAAAAAATTTAAGGTATCGACATTAACAGTGTAATAATTTCTTCCTAAATTTAAATGTTCTAAATAATTCAA","Pf3D7_13_v3-2114829-2115090-1A.2","130+8N141A192A",99,0.0860121633362294,3
"IM-23-122-XHZJ","8039832388","Maziba","Pf3D7_13_v3-2114829-2115090-1A","ATTCAATATATATAAAAATATAGCTAATAAACATTTCAAATCTCCATTAAGAACTTTATTCATCTTAACAAAAGCTCTATGAACTTCTGTATCTATAGTCGATTTTGTTATTCTAAGCATATCATTAAGTAAAAAATTTACGGTATCGACATTAACAGTGTAATAATTTCTTCCTAAATTTAAATGTTCTAAATAATTCAA","Pf3D7_13_v3-2114829-2115090-1A.1","130+8N192A",628,0.545612510860122,3
"IM-23-122-XHZJ","8039832388","Maziba","Pf3D7_11_v3-1374917-1375148-1A","TTTTTAAATGAAAATCTCCAAAGCTTCTGGTTGGTTGTAATCTACCTTTAACATAACAATTATCATAATGATGTGATAAGAGATGAAAAGGTGTTTTACATAATTTATATGTATTATTATTATTAACAGTTTTATAATCTCGAGTACATATTTTACATACTAATATA","Pf3D7_11_v3-1374917-1375148-1A.4","106T112+14N",47,0.0376,2
"IM-23-122-XHZJ","8039832388","Maziba","Pf3D7_05_v3-550803-551072-1A","ATATACACCTTTCTTATTTATATTAATCTTTTCATTTTTACAAGAAATCACCTCCCTACTTATTCGGTTGTCCTCATTTTCATATTTCATAACACCATCATTTATTTTTTCTATTTCTTTAATATTATTTTCTCCTTCGACGTAATTATGCTTTCCTATCATCTCCTTTGCTCTACTTCCTATATATACTAATTTCTCTCTGAA","Pf3D7_05_v3-550803-551072-1A.3","6D=ATA107+8N141C",394,0.701067615658363,2
"IM-23-122-XHZJ","8039832388","Maziba","Pf3D7_05_v3-550803-551072-1A","ATATACACCTTTCTTATTTATATTAATCTTTTCATTTTTACAAGAAATCACCTCCCTACTTATTCGGTTGTCCTCATTTTCATATTTCATAACACCATCATTTATTTTTTCTATTTCTTTAATATTATTTTCTCCTTGGACGTAATTATGCTTTCCTATCATCTCCTTTGCTCTACTTCCTATATATACTAATTTCTCTCTGAA","Pf3D7_05_v3-550803-551072-1A.4","6D=ATA107+8N",168,0.298932384341637,2
"IM-23-122-XHZJ","8039832388","Maziba","Pf3D7_05_v3-641131-641404-1A","GGAATTTTTTTTTTGGTGTTTTATTTTTTCGAAGGATACAGGATAATCTAAGACATTAAAATTATTGGGTTTGAAAAAGAGTTTCCTTTTTATGATGTGCAATAGAGGTATATTTATATAGGAAATATAAACATATAAAAGGAATATGATAAAAAGGAAATATTGACTTAATAAAATATTAATATTTCTTTTTTTCAAATATATTTCGT","Pf3D7_05_v3-641131-641404-1A.1","4+12N23+8N188+9N",279,1,1
"IM-23-122-XHZJ","8039832388","Maziba","Pf3D7_01_v3-455794-456054-1A","AGAAAAAAAATTTATTAAGAGGTATTTCGATTTTAAAAATTTAAGAATTAATTTTTAATTATGTCTATAAAAACTTAATAGAAAATAAATATTATTTTGTTTTTCAAAAAAATGTTTAAGAATAATATTTCTTTATTCTTTTACAATTTAGAACATATAATGCTATTTCTTTTAATTTTAATTTAATTTCAAA","Pf3D7_01_v3-455794-456054-1A.1","2+10N105+9N",443,1,1
"IM-23-122-XHZJ","8039832388","Maziba","Pf3D7_01_v3-528859-529104-1A","TTTGATTCTTTTTAATGAAAAAGAAGCTAAAGATATGTCAGACCATATAATTTCCCAACAAAAACGTTATTGCTCTACCAATATTCATAGTAATTATAATAATAAAATATGTATATGTAAAAATAAGCGACATCATAACAAAAGAGGGAAAGGAATAAAGCATCATGACATACATCAAAAGG","Pf3D7_01_v3-528859-529104-1A.1","165A",2076,0.748377793799567,3
"IM-23-122-XHZJ","8039832388","Maziba","Pf3D7_01_v3-528859-529104-1A","TTTGATTCTTTTTAATGAAAAAGAAGCTAAAGATATGTCAGACGATATAATTTCCCAACAAAAACGTTATTGCTCTACCAATATTCATAGTAATTATAATAATAAAATATGTATATGTAAAAATAAGCGACATCATAACAAAAGAGGGAAAGGAATAAAGCATCATGACATACATCAAAAGG","Pf3D7_01_v3-528859-529104-1A.11","44G165A",627,0.226027397260274,3
"IM-23-122-XHZJ","8039832388","Maziba","Pf3D7_01_v3-528859-529104-1A","TTTGATTCTTTTTAATGAAAAAGAAGCTAAAGATATGTCAGACGATATAATTTCCCAACAAAAACGTTATTGCTCTACCAATATTCATAGTAATTATAATAATAAAATATGTATATGTAAAAATAAGCGACATCATAACAAAAGAGGGAAAGGAATAAAGCATCCTGACATACATCAAAAGG","Pf3D7_01_v3-528859-529104-1A.8","44G",71,0.0255948089401586,3
"IM-23-122-XHZJ","8039832388","Maziba","Pf3D7_10_v3-992331-992603-1A","TCATTATATTTTTAAAAAAAAAAATTATGATATAAAATCTTCAATTAATAAAAGATCTATCCAGTTCTTTAGAGACACTAATATAGATCATTATATAGCATATGAATATTATAAGGAGGACCGTACAGAATTTATATTAACTATTATGAATGAAAAAAATATTACTCATCAAGAAACTCAAAGTCTTGAAATGAAAAAGTTGAAAG","Pf3D7_10_v3-992331-992603-1A.1","13+13N72G127A152+9N",366,0.629948364888124,4
"IM-23-122-XHZJ","8039832388","Maziba","Pf3D7_04_v3-316593-316858-1A","TTATTCATTTTTTGTATATTATCCTTTTCTACATCATCAAAATTTGTTAATGATTCACACGTTATATTTGGTGATATTATATTTCTACCTGTACATACACCAATATTTGTTGTACCTATTATTTTATACCCTTCTTGACATTTAAATTCTATTTTTTCACCAAGTAAATAATATTTTTTATCAGGGATAAGGGAAACATA","Pf3D7_04_v3-316593-316858-1A.1","7+8N151+8N173+8N",844,0.972350230414747,2
"IM-23-122-XHZJ","8039832388","Maziba","Pf3D7_13_v3-2780346-2780575-1B","GTTGGATAGAATGCCCGACTACGGATCGGGAGGTCGTGGGTTCGACTCCTGCCCGGCCTAATTTTTTTCGTTTTCCTTTTTAAAGTAAAAAAGGATAATATTTTTAAAAAACATTTAGTATATATATTTTTTTTAAATAATAAATCTATTATATTATTAAATATTATGAGAAGA","Pf3D7_13_v3-2780346-2780575-1B.2","61+9N76C86+8N105+8N126+10N",34,0.0548387096774194,2
"IM-23-122-XHZJ","8039832388","Maziba","Pf3D7_07_v3-717260-717493-1A","GAGCTTGCTTTTTTGTTGCGTTACTTGCTGGGCTGATCAAAAAAAAAGTTGAATGTATTGAACTTAGTGCCAGCGAAATTTCCCCTCATGAAAACAAATCGACGAGTTCATCAATATTCCAAGAGGAATTAAAATTTGATGAGTCTCTGAAAAATTTTTTCAAACAA","Pf3D7_07_v3-717260-717493-1A.2","8+8N38+11N141G154+8N",1066,0.838050314465409,2
"IM-23-122-XHZJ","8039832388","Maziba","Pf3D7_01_v3-535965-536239-1A","GCTCATTTGATATTTTCCAGTTGTTTGATTTTAAAAATGATGTATATTTTTTAGATGATAATTTGTTCGACAAGGATATGGTATATTGTACAAGTACCAATTATGGCGTTATGGAAAATGATAATGATGATGATAAAATAATAAAAATACAAAATTTAAATGAGAAATTAAAAAATGGAAAAGCTGAATTTAAAGATATATTATTAT","Pf3D7_01_v3-535965-536239-1A.19","46+8N101D=CAA118A121+17N172+8N",138,0.214953271028037,4
"IM-23-122-XHZJ","8039832388","Maziba","Pf3D7_06_v3-1140900-1141174-1A","CTTCCATGTGAGCTTCAAAATCGTCTGAAGGTCGACTAGACATGAAAAATTCAGATTGAGGTAAATCATCAAATGGATGATTTCTATATGATATTCTAGGTATTAATCCTAAGATATTATTTATGCTATTACATTGAGAATTTCCTTCATTGGTTGTGGTACTTATATCCACATTTTGGTGATCATCAGGATATAATGTATTTTCTTTAGAACTT","Pf3D7_06_v3-1140900-1141174-1A.2",".",533,0.758179231863442,3
"IM-23-122-XHZJ","8039832388","Maziba","Pf3D7_14_v3-137398-137668-1A","ACCATTCATATTTTCTAGGTTTGTTTAACCAATTACATATATATAATATATTACAAAATAATTGTTTTAATAATATATGTTTAGTTAATATTAATTCAATACTACTTAATTTATTTCTTATATTTTTTAAAAGATCTTCATAAACAAAATCAAAATTATCTATTAATAATAAATAACCAAATCTTTTATGTACATTTTTTATTC","Pf3D7_14_v3-137398-137668-1A.2","122+8N194+8N",113,0.642045454545455,2
"IM-23-122-XHZJ","8039832388","Maziba","Pf3D7_14_v3-1392837-1393086-1A","ACATGTATTGTCCCCAGCATGAATCGGGTGATAAATATTATCAAGCGTATCAAAAAATGGATTGTAATTATTACTACTATTCATATCATTATTTTTTGTGGTGGTGGACTGTGAAATGTTTTCCTTATGATTTTGACTTGTGTGTATATCCCTACCAACAACATATTCAACATTATTATTATCAAAAA","Pf3D7_14_v3-1392837-1393086-1A.2","51+8N91+8N",954,1,1
"IM-23-122-XHZJ","8039832388","Maziba","Pf3D7_14_v3-1956056-1956330-1B","CTAATTTTTTTTCTCCACTTTGTAATTTTTATTGTTGAATATATATATAAAGTTAAACCTATAAATAATACACTACCTAATAAACTATTCTTATATTTAAAAATAAATATAATACATGTTATTAATCCTTCTATTGTTGCCGGAATAATATACATTAAAACAGAACTCATCAAATTATTAGCACTCTCGGTACCTCTATCAACTATTCTCA","Pf3D7_14_v3-1956056-1956330-1B.2","4+10N",204,0.374311926605505,2
"IM-23-122-XHZJ","8039832388","Maziba","Pf3D7_09_v3-595828-596094-1A","ATAATTTTTTCATCGTTCTTATACATGAATGATAAAGTCTTTTTGCAAAATTTTTTGAAGAGATCAGATTTGAGATAAAGACGTTTGGCTAATTTATACGAGAATTCGAGAGCATCTAATTTTATATTTAAACATTTTTTCGTATCCAATATATTATAATTTTGTTCATAAGTCTGTTCGTTTATATTATTTAATACTTTT","Pf3D7_09_v3-595828-596094-1A.5","4+8N27G50+8N134+8N180G",62,0.0919881305637982,3
"IM-23-122-XHZJ","8039832388","Maziba","Pf3D7_02_v3-291770-292017-1A","TAATATCATAAGGTTTGAATATTTTCCTCTCAGGTATTATACCAACAGAAGGTTTATCATCATCTTTAAAACCTGCTCTATCTTTAACCCATTGATTAGGATTTTTTAAACATAAAGCTGGATTCTTTAATAAATCTTTCATATGTTCCATATTATTTTCTTCATTTATATATGATTCTAC","Pf3D7_02_v3-291770-292017-1A.2","101+8N",221,0.235859124866596,3
"IM-23-122-XHZJ","8039832388","Maziba","Pf3D7_02_v3-470437-470709-1A","AATATTGACATGAAACATTATAATACACATAAGAAAAAAAAAATTTATTTATTCTTACAAAAAGAATATAAAAACAAAATTTTGGGATTTATAAATTTTTATAAACATATAACACACAAAATAAAAAAGAAACAAGAAAATGTTCATGATAAAATCACTTTTTTAAAATGTCTAAAGGAACTCTTTTTTGTCACACATACAAATA","Pf3D7_02_v3-470437-470709-1A.2","33+12N122+8N158+8N183+8N",129,0.223958333333333,3
"IM-23-122-XHZJ","8039832388","Maziba","Pf3D7_02_v3-470437-470709-1A","AATATTGACATGAAACATTATAATACACATAAGAAAAAAAAAATTTATTTATTCTTACAAAAAGAATATAAAAACAAAATTTTGGGATTTATAAATTTTTATAAACATATAACACACAAAATAAAAAAGAAACAAGAAAATGTTCATGATAAAATCACTTTTTTAAAATGTCTAAAGGAACTCTTTTTTGTCACACATACAAATG","Pf3D7_02_v3-470437-470709-1A.1","33+12N122+8N158+8N183+8N205G",385,0.668402777777778,3
"IM-23-122-XHZJ","8039832388","Maziba","Pf3D7_02_v3-470437-470709-1A","AATATTGACATGAAACATTATAATACACATAAGAAAAAAAAAATTTATTTATTCTTACAAAAAGAATATAAAAACAAAATTTTGGGATTTATAAATTTTTATAAACGTATAACACACAAAATAAAAAAGAAACAAGAAAATGTTCATGATAAAATCACTTTTTTAAAATGTCTAAAGGAACTCTTTTTTGTCACACATACAAATA","Pf3D7_02_v3-470437-470709-1A.3","33+12N107G122+8N158+8N183+8N",62,0.107638888888889,3
"IM-23-122-XHZJ","8039832388","Maziba","Pf3D7_08_v3-399693-399961-1A","CTTTTCTTCACCTTGGTTTATTACATTATTATTTTCATCATTGTGTTGAATGTCCTTATAAATATGTTCATTAATAATATCTTTGGAAGTATCTTCCATATTTTCTTCTTTATCAATTTTAAATACTTTTTCATAACTTTCATTTTCTTTTTTCTCCTTGGATGTTTCTAATTTATTCTCGTCATTTTTATCAAAATTATTTTTATAACTTTCA","Pf3D7_08_v3-399693-399961-1A.1","147+8N",563,0.619361936193619,3
"IM-23-122-XHZJ","8039832388","Maziba","Pf3D7_11_v3-115913-116184-1A","ACCTCCCGATGTTATAAATATTATATTATCATCATCATTTGGAAGGAAATTCTCCTCTAATGTTTTTAATATTTCATCTATATTTTTAGGTCTCAATTTACTATTGAAAAATTTTGAATACTTCAAAAAATAATCATCATCTTTTACATTACATATATTATCATTATTTTCATTTTGTTTTAGTAGTTCATCTTTTTTATTATC","Pf3D7_11_v3-115913-116184-1A.2","124+8N197T",291,0.803867403314917,3
"IM-23-122-XHZJ","8039832388","Maziba","Pf3D7_11_v3-1293919-1294168-1A","TCCATATCAAAAAAGTGATGTGTATCATCCAATCAACGAACATAGGGAACATCCAAAAGAATACCAATATCCATTACACCAGGAACATACATACCAACAAGAAGATTCAGGAGAAGACGAAAATACATTACAACACGCATATCCAATAGACCACGAAGGTGCTGAACCCGCACCACAAGAACAAAATTTAT","Pf3D7_11_v3-1293919-1294168-1A.4","13A27A65C163T",196,0.211663066954644,4
"IM-23-122-XHZJ","8039832388","Maziba","Pf3D7_11_v3-1294664-1294910-1A","AAAAGATAAATCATTTCAAAACTATACATATTTAAGTAAAAATGTAGTTGATAACTGGGAAAAAGTTTGCCCTAGAAAGAATTTAGAGAATGCAAAATTCGGATTATGGGTCGATGGAAATTGTGAAGATATACCACATGTAAATGAATTTTCAGCAAATGATCTTTTTGAATGTAATAAATTAGTTTTTGAATTG","Pf3D7_11_v3-1294664-1294910-1A.10","9A40A86G152T159A",1789,0.81577747378021,5
"IM-23-122-XHZJ","8039832388","Maziba","Pf3D7_14_v3-421322-421547-1A","TAAGAAAGATGAAGTAATAGAAAAAACTGAAGTATCAAAGAAAACATTTTCAGGTATAGGTTTTAATCTTACTGAAAAAGAAGCTAAAGTATTAGGTGTAGGTGTAACCTATCAAGAATATCCAGAAACCATGTTATATAACTGTCCAAACAATTCTA","Pf3D7_14_v3-421322-421547-1A.2","20+8N76A",165,0.226027397260274,3
"IM-23-122-XHZJ","8039832388","Maziba","Pf3D7_14_v3-421322-421547-1A","TAAGAAAGATGAAGTAATAGAAAAAACTGAAGTATCAAAGAAAACATTTTCAGGTATAGGTTTTAATCTTACTGAGAAAGAAGCTAAAGTATTAGGTGTAGGTGTAACCTATCAAGAATATCCAGAAACCATGTTATATAACTGTCCAAACAATTCTA","Pf3D7_14_v3-421322-421547-1A.1","20+8N",477,0.653424657534247,3
"IM-23-122-XHZJ","8039832388","Maziba","Pf3D7_11_v3-1294664-1294910-1A","AAAAGATAAATTATTTGAAAACTATACATATTTAAGTAAAAATGTAGTTGATAACTGGGAAAAAGTTTGCCCTAGAAAGAATTTAGAGAATGCAAAATTCGGATTATGGGTCGATGGAAATTGTGAAGATATACCACATGTAAATGAATTTTCAGCAAATGATCTTTTTGAATGTAATAAATTAGTTTTTGAATTG","Pf3D7_11_v3-1294664-1294910-1A.13","9A12T17G40A86G152T159A",39,0.0177838577291382,5
"IM-23-122-XHZJ","8039832388","Maziba","Pf3D7_11_v3-1294664-1294910-1A","AAAAGATATATCATTTCAAAACTATACATATTTAAGTAAAAATGTAGTTGATAACTGGGAAAAAGTTTGCCCTAGAAAGAATTTAAAGAATGCAAAATTCGGATTATGGGTCGATGGAAATTGTGAAGATATACCACATGTAAATGAATTTCCAGCAATTGATCTTTTTGAATGTAATAAATTAGTTTTTGAATTG","Pf3D7_11_v3-1294664-1294910-1A.1","40A86A",279,0.127222982216142,5
"IM-23-122-XHZJ","8039832388","Maziba","Pf3D7_11_v3-497277-497548-1A","TTTTAGATTTAATTGAATATTCATTTTTAAATTATACTAGTTCTAATTTAAATACAATAAATAATAATAATGACAAAAAAAAACAAAATCAAAAAAATAAAAATCGCAAATATAGTAAAAATAATATTTTAGATCTCTATGAACACGTAAGTACGATCAGTTTATTTTATCACACGTTTAATTTACCTAAGGAGTATAATGAAAAATTGTT","Pf3D7_11_v3-497277-497548-1A.2","74+11N90+9N148T",112,0.255125284738041,3
"IM-23-122-XHZJ","8039832388","Maziba","Pf3D7_13_v3-1725208-1725471-1B","CATAAATTTTATTATCAAAAGCAACACACATAGCTGATGATCTAGGGGTATTCAAAGGTGCCACCTCTACCCATGCTTTCATACGATGATCATATGCTTCTACATTCGGTATAATAGAAGAGCCATCATATCCCCCAATACAATAAATTCTACCATTTGACGTAACACCACAATTATTTCTTCTAGGTATATTTAAATTACTTGAAAC","Pf3D7_13_v3-1725208-1725471-1B.1",".",639,1,1
"IM-23-122-XHZJ","8039832388","Maziba","Pf3D7_12_v3-1959644-1959891-1A","ATGGGAAGACGATAAGAGAAGAGAAATTAATTTCTGAGGGAGCGTATTCATTTGTTTATATGGCGAAGGATTTAAACACGAATCGAGCTTATACTATAAAGAAGACCATATGTCAAGATAAAGAGAAAATAGATATGGCGAATAAAGAAATCAACATTCTTAAAAGTTTACCTCCACATAAAAATATA","Pf3D7_12_v3-1959644-1959891-1A.2",".",732,0.837528604118993,3
"IM-23-122-XHZJ","8039832388","Maziba","Pf3D7_13_v3-1876391-1876664-1A","AACTATCTGTAAAAGTATGTTTAGAACTAACATTTGAAGAGAAGTTACATCCGTGTATGACTTTTTTTTCATATTTTGGTTTTAAAACTATTTTATAATTATTATTTTTAAATTTGCATGTACATTCTGTATTAACATCTTTTGATGTAACATAAAATGGAGCTTTAAAGATAGTTAACTTTTCATGATAAATTATTTTATTACTTTTATATA","Pf3D7_13_v3-1876391-1876664-1A.2","61+10N179C184C",54,0.0679245283018868,2
"IM-23-122-XHZJ","8039832388","Maziba","Pf3D7_13_v3-1876391-1876664-1A","AACTATCTGTAAAAGTATGTTTAGAACTAACATTTGAAGAGAAGTTACATCCGTGTATGACTTTTTTTTCATATTTTGGTTTTAAAACTATTTTATAATTATTATTTTTAAATTTGCATGTACATTCTGTATTAACATCTTTTGATGTAACATAAAATGGAGCTTTAAAGATAGTTAAGTTTTTATGATAAATTATTTTATTACTTTTATATA","Pf3D7_13_v3-1876391-1876664-1A.1","61+10N",741,0.932075471698113,2
"IM-23-122-XHZJ","8039832388","Maziba","Pf3D7_08_v3-550057-550318-2","ACTATTTGATATTGGATTAGGATTTGGGAAGAAACATGATCAATCTATTAAACTCTTACAAAATATACATGTATATGATGAGTATCCACTTTTTATTGGATATTCAAGAAAAAGATTTATTGCCCATTGCATGAATGATCAAAATGTTGTAATAAATACACAACAAAAATTACATGATGAACAACAAAATGAAAATAAAAATA","Pf3D7_08_v3-550057-550318-2.2","27G",186,0.210884353741497,2
"IM-23-122-XHZJ","8039832388","Maziba","Pf3D7_12_v3-233418-233671-1A","CAAAAATATCATTCCCCAAATTTATACTACTAATTGTTCCAATAGTTCCTATAGTTGTGGTAATTTGCTCATATGTATTTTTTCCTAAAGATTTATTAGACACATTTGAAGGATCATTATTTTGTTCCAAATTCTTGGGCACAGTATTATTACATGAGAATAATGAAAAGTTATTATCATAATTCTTTTGTT","Pf3D7_12_v3-233418-233671-1A.6","24A77+8N",7,0.00640439158279963,5
"IM-23-122-XHZJ","8039832388","Maziba","Pf3D7_05_v3-369676-369949-1A","TGTAATATTATATATCCTGTTATAAATAAATCACTGGATATGGATGTGAAAAAAGAAGATATAAAAAAAAATGTAGAAGAAAATAAATATATAGAACATACACAGAATTTGAAAAATCATTTAGAAAATGATGAAAATGAGAAAAAAAAAAGAAGAAAAAGATCAAATAATAATGACAATTATAATTCTCATGATAATAATATTTTTCA","Pf3D7_05_v3-369676-369949-1A.4","34C48+8N62+11N118C141+12N",100,0.204498977505112,3
"IM-23-122-XHZJ","8039832388","Maziba","Pf3D7_13_v3-935613-935884-1A","CAAAATAATATGAATAGTAATAGTAATAGTTATAATAATTTTAATATAACAGATAGAAGTAAAGAAATAAAAAAAGATTATAAAAGAAACAAAATTTTAATAGTTATTAATAATATTAATACAAATCATATTTTATTATTAAATGAAAGTGTTATAAAAAAAAAAATACTTACATTTTATCTAGATCTTTTTTTTGATGATAATGAACAAAT","Pf3D7_13_v3-935613-935884-1A.2","68+11N155+13N187+10N",1027,0.889948006932409,2
"IM-23-122-XHZJ","8039832388","Maziba","Pf3D7_05_v3-369676-369949-1A","TGTAATATTATATATCCTGTTATAAATAAATCACTGGATATGGATGTGAAAAAAGAAGATATAAAAAAAAATGTAGAAGAAAATAAATATATAGAACATACACAGAATTTGAAAAATTATTTAGAAAATGATGAAAATGAGAAAAAAAAAAGAAGAAAAAGATCAAATAATAATGACAATTATAATTCTCATGATAATAATATTTTTCA","Pf3D7_05_v3-369676-369949-1A.2","34C48+8N62+11N141+12N",1,0.00204498977505112,3
"IM-23-122-XHZJ","8039832388","Maziba","Pf3D7_05_v3-369676-369949-1A","TGTAATATTATATATCCTGTTATAAATAAATCATTGGATATGGATGTGAAAAAAGAAGATATAAAAAAAAATGTAGAAGAAAATAAATATATAGAACATACACAGAATTTGAAAAATTATTTAGAAAATGATGAAAATGAGAAAAAAAAAAGAAGAAAAAGATCAAATAATAATGACAATTATAATTCTCATGATAATAATATTTTTCA","Pf3D7_05_v3-369676-369949-1A.1","48+8N62+11N141+12N",388,0.793456032719836,3
"IM-23-122-XHZJ","8039832388","Maziba","Pf3D7_13_v3-2504481-2504734-1B","TAAAATGTGTTGATGATTTTAACAATATGGTTATAACGATAAAAGAGGAAGTAAACAATCATTGGGAAAATAATATATACAATAAAAAGGATATGGTTAATTATACAAATGAAAATTATAATGATAATATATTAACATATGAATATATTAATGAAACACTTAGAAAAGAAAAAAAAAGATATTATA","Pf3D7_13_v3-2504481-2504734-1B.1","168+11N",491,1,1
"IM-23-122-XHZJ","8039832388","Maziba","Pf3D7_03_v3-221295-221532-2","AAGGAACAAGAAGGATAATACCATTATTAATCCTATTGAACTATTTACGACATTAAACACACTGGAACATTTTTCCATTTTACAAATTTTTTTTTCAATATCATTTTCATAATTTAATTCTTCTTTAGGTTTACCAGCAGAGCCAGGCTTTATTCTAACTTGAATACCATTTCCACAAGTTA","Pf3D7_03_v3-221295-221532-2.14","86+11N107T114T121T134C135C",112,0.1,6
"IM-23-122-XHZJ","8039832388","Maziba","Pf3D7_11_v3-1375807-1376056-1A","TCGTTATGTACCCTAATAAATTTTTTTTCATTATTTGAATCTATATTATTTACATTAGTATTTTGAGTTGTACCATAAATTTCAGTGTTATTATTATTTCTATTCATATAATTATGTCCGCTTATATAATTATGACCATTAAAAAAATGTCTTCCATGTATATCATCTCTTCTAATGTATTTA","Pf3D7_11_v3-1375807-1376056-1A.2","20+10N140+9N",121,0.294403892944039,4
"IM-23-122-XHZJ","8039832388","Maziba","Pf3D7_11_v3-1376058-1376305-1A","TTTCTGGCTCGATATAATCCATTTCAATATTTATATTAGATATGAAACATCTATCTTCAATAGGTGAATTTGCTGCAAATTGAGCCATAGAAAAATGATTCTCATTCCTTTGAAAATATGAACTATTCAACTCATCAAGGTTTTCATATGTTATTTCATAACTGCCATCATCTGAATCCTCTTCATCA","Pf3D7_11_v3-1376058-1376305-1A.1","140G",341,0.373493975903614,2
"IM-23-122-XHZJ","8039832388","Maziba","Pf3D7_11_v3-1376058-1376305-1A","TTTCTGGCTCGATATAATCCATTTCAATATTTATATTAGATATGAAACATCTATCTTCAATAGGTGAATTTGCTGCAAATTGAGCCATAGAAAAATGATTCTCATTCCTTTGAAAATATGAACTATTCAACTCATCAAGGTTTTCATATTTTATTTCATAACTGCCATCATCTGAATCCTCTTCATCA","Pf3D7_11_v3-1376058-1376305-1A.5","140G150T",572,0.626506024096386,2
"IM-23-122-XHZJ","8039832388","Maziba","Pf3D7_11_v3-1816152-1816378-1A","TTGGGTAGATATCGTTATAAGGGCTATAATGTATTGACTTCTCCGGGTTTGTTACATTATCATTACAACCAATATTATTAAGGTTAATATTATTTTTATCATTATTATTGTTGTTTTCATTTGTGTGGTTATATAATAACAATGATGTGTCGTCTATTGGATCATT","Pf3D7_11_v3-1816152-1816378-1A.1","50T90T",2140,0.9562109025916,2
"IM-23-122-XHZJ","8039832388","Maziba","Pf3D7_13_v3-1406713-1406975-1A","TTTCAGGTCTTCTTAAATATGTTTTAAATTCATTATTTAATTTTTCATCATATTTAGGTACATTTTTTTTTGGAAATCTAGATGTTTCATTATTATCGTGATTTGATGAATATATATAATGAGTTTGTTTAAAATGTGGTTCATTCAAATTATCTTTTTTCTTATCTTCGTGTATATTTTTATTATAATTTGAATACTTC","Pf3D7_13_v3-1406713-1406975-1A.2","62+11N154+8N",161,0.238872403560831,3
"IM-23-122-XHZJ","8039832388","Maziba","Pf3D7_04_v3-316593-316858-1A","TTATTCATTTTTTCTATATTATCCTTTTCTACATCATCAAAATTTGTTAATGATTCACACGTTATATTTGGTGATATTATATTTCTACCTGTACATACACCAATATTTGTTGTACCTATTATTTTATACCCTTCTTGACATTTAAATTCTATTTTTTCACCAAGTAAATAATATTTTTTATCAGGGATAAGGGAAACATA","Pf3D7_04_v3-316593-316858-1A.2","7+8N151+8N173+8N",24,0.0276497695852535,2
"IM-23-122-XHZJ","8039832388","Maziba","Pf3D7_14_v3-1166107-1166371-1A","TTTTTGAATTATTAAATATATCTTCTATAAAAAAAGAATATCAAGCTATACATAACAATAAGTATTTTTTATGGAATATGGATGCAAATTTTTTTACTATAAAAAATCATCATAAGGATAATAAGGATAACAATGATGAAAATGTGAATGTAATAATACAACAAAATAATTTAGTTCTAGAAAAATATGATCATTTAATAGA","Pf3D7_14_v3-1166107-1166371-1A.3","28+9N64+8N87A88+9N100+8N179A",9,0.0166051660516605,4
"IM-23-122-XHZJ","8039832388","Maziba","Pf3D7_10_v3-992331-992603-1A","TCATTATATTTTTAAAAAAAAAAATTATGATATAAAATCTTCAATTAATAAAAGATCTATCCAGTTCTTTAGAGACACTAATATAGATCATTATATAGCATATGAATATTATAAGGAGGACCGTACGGAATTTATATTAACTATTATGAATGAAAAAAATATTACTCATCAAGAAACTCAAAGTCTTGAAATGAAAAAGTTGAAAG","Pf3D7_10_v3-992331-992603-1A.4","13+13N72G152+9N",4,0.00688468158347676,4
"IM-23-122-XHZJ","8039832388","Maziba","Pf3D7_13_v3-2780346-2780575-1B","GTTGGATAGAATGCCCGACTACGGATCGGGAGGTCGTGGGTTCGACTCCTGCCCGGCCTAATTTTTTTCGTTTTCGTTTTTAAAGTAAAAAAGGATAATATTTTTAAAAAACATTTAGTATATATATTTTTTTTAAATAATAAATCTATTATATTATTAAATATTATGAGAAGA","Pf3D7_13_v3-2780346-2780575-1B.1","61+9N86+8N105+8N126+10N",586,0.945161290322581,2
"IM-23-122-XHZJ","8039832388","Maziba","Pf3D7_14_v3-377765-378020-1A","AAAGATATATCAACTGAAAAGATTTTATCAAATAATTGCTTTAATAATAAGTTAAAAAATTGATTTCCAATATCTATCATATTCATATAATCTAATGATTTAAAAATATATAATATACTCTTTGGACTAAATTTTAATTCATCATTTATTATTTTCTCTTTTACTATTGCTTTAATTTGATTAAAATATATAA","Pf3D7_14_v3-377765-378020-1A.2","21G53+8N71T",122,0.235521235521236,4
"IM-23-122-XHZJ","8039832388","Maziba","Pf3D7_02_v3-290580-290821-1A","TTATTATAAGGATTATAATTATTATCATTCTCATTATATGGATTAATATAATTTCGATCATAATCATTACTGTTTTTATCATATTGTGGATAATTATTTCTATTTCTATTTTGATTAAAATCCGATTGTCTATATCTAACTCTAATATCTGTAGATGCTAAATCATTAGGTAATGGG","Pf3D7_02_v3-290580-290821-1A.4","12+26N62A",434,0.238723872387239,5
"IM-23-122-XHZJ","8039832388","Maziba","Pf3D7_14_v3-407306-407542-1A","CTTTCTTTCGTCTTTCTGTTCATTATCCATATAATCTTTTTCTACTACCTTTTCATTCTTTACTTTATTTCTATTAATACACAACTCTCCTTGAGTTAAGAGATTTACGATATTATCAATATTGTTTTCTTTCATATACTTCAACTTTTTACTATTCATTTTTAAAAGA","Pf3D7_14_v3-407306-407542-1A.5","44A47A",57,0.047979797979798,4
"IM-23-122-XHZJ","8039832388","Maziba","Pf3D7_07_v3-896613-896849-1B","ACAATGAAAAAATGTATTAATGATGAATTATATAAAATAAAAATAAATGTAGGTTTATATAAAAAGGATAGAAAAAAATTATCCTTTTTTATATTGTTGCATAAATTTTATTTAGATAATTATAATATTGTTATTAATAAATTAAAAAATATGAATAATTTAATAGAAA","Pf3D7_07_v3-896613-896849-1B.1","6+8N71+9N84+8N143+8N",542,0.889983579638752,2
"IM-23-122-XHZJ","8039832388","Maziba","Pf3D7_02_v3-290580-290821-1A","TTATTATAAGGATTATAATTATTATCATTCTTATTATATGGATTAATATAATTTTGATCATAATCATTACTGTTTTTATCATATTGTGGATAATTATTTCTATTTCTATTTTGATTAAAATCCGATTGTCTATATCTAACTCTAATATCTGTAGATGCTAAATCATTAGGTAATGGG","Pf3D7_02_v3-290580-290821-1A.5","12+26N55T62A",897,0.493399339933993,5
"IM-23-122-XHZJ","8039832388","Maziba","Pf3D7_14_v3-1992121-1992370-1A","ATTAAAACATTCCAACAATTTTATTTCCTTCTTTATAAAATTATATAAATTAATTATTTTCTTTTTATCACATTCAAAGACGGCATAAGGTGCACCCCATGAACATTTTTTACTTTTGCTACCATCAGGCATAATATAAACACCAGTACCATTTTTTTCTGATAAATTAATATTTTTTTGTATAACATCATA","Pf3D7_14_v3-1992121-1992370-1A.1","105+8N151+9N172+9N",135,0.383522727272727,2
"IM-23-122-XHZJ","8039832388","Maziba","Pf3D7_14_v3-2004362-2004606-1A","TATTTCCATATTATTGTAATAGGGCTTTTTCTTGCTCTTCTAATTTTTGTATATCTTGCTTATCCTTATCTAATTGTCCAAGAGCATTTAATTCATCTTCTACATTTATTTTATTTTCTTGAGAATATTCTTCAATTTTGTCTTCGAAACTGTTATATAATCTATTTATAATTGGTTG","Pf3D7_14_v3-2004362-2004606-1A.1",".",485,0.911654135338346,3
"IM-23-122-XHZJ","8039832388","Maziba","Pf3D7_12_v3-659881-660127-1A","GGTGGTTTAACATTTTGAGCTACGAGATTTTCGACTGATGGCAATCCTAATTTGATTAATTCCTTTAACATAATTTTTGCGTGTTTTTTTACTTCTGATTTGATATCAAAGCTTGATTCTAAAAAGGTTGGTGAATTTTTTTGTAAAACACTGACAAGTTCATTTGATATGGTCTCTGCTAAATCATCACCA","Pf3D7_12_v3-659881-660127-1A.24","17G35C50A73A74T83+9N135+9N",158,0.175360710321865,6
"IM-23-122-XHZJ","8039832388","Maziba","Pf3D7_08_v3-336421-336651-1A","TAACAACGAACCCATAAATTTACAGAAAAATTTAGATTTAATCATATGGCTAAAAAAGAATATAAAAGAAGGAGAAGCTTTAATTTCTGATATACCTACATCAAGTTTTTTAAGGTGTACTACAAATTATAAATTTGTATTGCATCCCCAATATGAAGATAGT","Pf3D7_08_v3-336421-336651-1A.3","51+8N97T105+8N148C",260,0.219966159052453,4
"IM-23-122-XHZJ","8039832388","Maziba","Pf3D7_08_v3-399693-399961-1A","CTTTTCTTCACCTTGGTTTATTACATTATTATTTTCATCATTGTGTTGAATGTCCTTATAAATATGTTCATTAATAATATCTTTGGAAGTATCTTCCATATTTTCTTCTTTATCAATTTTAAATACTTTTTCATAACTTTCATTTTCTTTTTTCTCCTTGGATGTTTCTAATTTATTCAAGTCATTTTTATCAAAATTATTTTTATAACTTTCA","Pf3D7_08_v3-399693-399961-1A.3","147+8N179A180A",11,0.0121012101210121,3
"IM-23-122-XHZJ","8039832388","Maziba","Pf3D7_08_v3-102277-102527-1A","TACCTTCATCTATTGAATTAATTTTCTCAAGTAACATATTTTTGTCTTGACTACTTTCATCTGTAAATGGAACCAATACTCTTTGCTTACCTGCAAAAAGGACAACTGACATATGAGCCTTATCCTTACTTACATTCGAATTAAAGACCATAGATTCTAAAAATGGTATAGTTCCTTTTAACCAATAATC","Pf3D7_08_v3-102277-102527-1A.3","74C76A",843,0.540038436899423,4
"IM-23-122-XHZJ","8039832388","Maziba","Pf3D7_08_v3-1386795-1387043-1B","TCCTTTGTCGCAGCATGCCTTTCATTAGCTGCTATAGCTTGTGTTATCTTAACTTCATTATAAAAAAAATATACTTCGATAAAAGGTACATATACCATGCTGGTCAATGATATTAGCATGCGACATTCTAATATATCCATTATGAACTAGGTGAACAAGAATATTGGGATTATTGAAATTGTCTGCATTA","Pf3D7_08_v3-1386795-1387043-1B.27","61+10N148T",116,0.212844036697248,2
"IM-23-122-XHZJ","8039832388","Maziba","Pf3D7_11_v3-119432-119705-1A","CTCCTTTATATTCATCAAGAAATTTCATCCAAAAGTAATTATGTTTTTCTTGTTGATATTTTGCTTTATACAAACGAGCAAGATACTTATTATACGATTCATGCTCTTTAATTTTCTTTTCAAAAGTTTTGGTTATAATGTGTTCAAGTGATTGTAAAGTATTTTTCTTTAATTTTCTCCATATTAATCTACATGCGATTATAAGAA","Pf3D7_11_v3-119432-119705-1A.2","33A89A",174,0.257016248153619,2
"IM-23-122-XHZJ","8039832388","Maziba","Pf3D7_11_v3-119432-119705-1A","CTCCTTTATATTCATCAAGAAATTTCATCCAAGAGTAATTATGTTTTTCTTGTTGATATTTTGCTTTATACAAACGAGCAAGATACTTTTTATACGATTCATGCTCTTTAATTTTCTTTTCAAAAGTTTTGGTTATAATGTGTTCAAGTGATTGTAAAGTATTTTTCTTTAATTTTCTCCATATTAATCTACATGCGATTATAAGAA","Pf3D7_11_v3-119432-119705-1A.1",".",503,0.742983751846381,2
"IM-23-122-XHZJ","8039832388","Maziba","Pf3D7_11_v3-1293919-1294168-1A","TCCATATCAAAATAGTAATGTGTATCATCCAATCAACGAACATAGGGAACATCCAAAAAAATACGAATATCCATTACACCAGGAACATACATACCAACAAGAAGATTCAGGAGAAGACGAAAATACATTACAACACGCATATCCAATAGACCACGAAGGTGCCGAACCCGCACCACAAGAACAAAATTTAT","Pf3D7_11_v3-1293919-1294168-1A.12","17A27A59A",11,0.0118790496760259,4
"IM-23-122-XHZJ","8039832388","Maziba","Pf3D7_11_v3-1294664-1294910-1A","AAAAGATAAATTATTTGAAAACTATACATATTTAAGTAAAAATGTAGTTCATAACTGGGAAGAAGTTTGCCCTAGAAAGAATTTACAGAATGCAAAATTCGGATTATGGGTCGATGGAAATTGTGAAGATATACCACATGTAAATGAATTTTCAGCAAATGATCTTTTTGAATGTAATAAATTAGTTTTTGAATTG","Pf3D7_11_v3-1294664-1294910-1A.18","9A12T17G40A50C62G152T159A",85,0.0387596899224806,5
"IM-23-122-XHZJ","8039832388","Maziba","Pf3D7_05_v3-1322099-1322341-1A","TTCCAATAGAAACTATATTACGATTTCCTTCATGAGGTAAATTGACATTCATCTTATATGTATAATTAAGGATGAGTAATAAATTGTATAAAAATATTTTTATTTAATAATTTATATGTATTATTAATAATTCTGAATTTATCAATTGATATATTATTTTTGTTTTTCTTTATGCCATTC","Pf3D7_05_v3-1322099-1322341-1A.1",".",240,0.754716981132076,4
"IM-23-122-XHZJ","8039832388","Maziba","Pf3D7_08_v3-476232-476475-1A","CAAACACATGATAAACAAAAGTGTAAGGAAAATTTTTCAAATTCATTTGTTAATGAAATATATGAAAAAGAAGAAAAAGAAACGCAAAAAATGAAAGAATATTTAGAACAACATGAAGAACATTTTTCAACGTTTAGAAATTCAATTTTATGTAAATTAAGAATAGCTGAAGAATT","Pf3D7_08_v3-476232-476475-1A.1","85+8N",485,0.568581477139508,2
"IM-23-122-XHZJ","8039832388","Maziba","Pf3D7_13_v3-1724895-1725166-1B","CGCCATTTTCTCCTCCTGTAATTATATAAGAATCTGACAATGTGGCAGCTCCAAAATTCATTTTTTTCTCTGGTACACCATTTAGAAATTGCCATCTTTTATTAAATGGTTGATATTGTTCAACGGAATCTAATATGTTATGTTCATTATCAATACCTCCAACAACATATATTTGATTAAGGTAATTAAAAGCTGCTCCTGAACTTCTAG","Pf3D7_13_v3-1724895-1725166-1B.1","60+9N",340,1,1
"IM-23-122-XHZJ","8039832388","Maziba","Pf3D7_05_v3-1322099-1322341-1A","TTCCAATAGAAACTATATTACGATTTTCTTCATGAGGTAAATTGACATTCATCTTATATGTATAATTAAGGATGAGTAATAAATTGTATAGAAATATTTTTATTTAATAATTTATATGTATTATTAATAATTCTGAATTTATCAATTGATATATTATTTTTTTTTTTCTTTATGCCATTC","Pf3D7_05_v3-1322099-1322341-1A.5","27T91G162T",3,0.00943396226415094,4
"IM-23-122-XHZJ","8039832388","Maziba","Pf3D7_11_v3-1295103-1295335-1A","ACTACTGCTTTGTCCCATCCCAACGAAGTTGAACACAATTTTCCATGTTCATTATATAAAGATGAAATAAAGAAAGAAATCGAAAGAGAATCAAAACGAATTAAATTAAATGATAATGATGATGAAGGGAATAAAAAAATTATAGCTCCAAGAATTTTTATTTCAGATGATAAA","Pf3D7_11_v3-1295103-1295335-1A.4","23A34C71A132+9N",14,0.00981079187105816,5
"IM-23-122-XHZJ","8039832388","Maziba","Pf3D7_12_v3-1959644-1959891-1A","ATGGGAAGACGATAAGAGAAGAGAAATTAATTTCTGAGGGAGCGTATTCATTTGTTTATATGGCGAAGGATTTAAACACGAATCGAGCTTATACTATAAAGAAGACCATATGTCAAGATAAAGAGAAAATAGATATGGCGTATAAAGAAATCAACATTCTTAAAAGTTTACCTCCACATAAAAATATA","Pf3D7_12_v3-1959644-1959891-1A.3","141T",117,0.133867276887872,3
"IM-23-122-XHZJ","8039832388","Maziba","Pf3D7_08_v3-550057-550318-2","ACTATTTGATATTGGATTAGGATTTGCGAAGAAACATGATCAATCTATTAAACTCTTACAAAATATACATGTATATGATGAGTATCCACTTTTTATTGGATATTCAAGAAAAAGATTTATTGCCCATTGCATGAATGATCAAAATGTTGTAATAAATACACAACAAAAATTACATGATGAACAACAAAATGAAAATAAAAATA","Pf3D7_08_v3-550057-550318-2.1",".",696,0.789115646258503,2
"IM-23-122-XHZJ","8039832388","Maziba","Pf3D7_13_v3-1725887-1726123-2","AAATAGCTCCACCAACATTAATATCAATCATAGTTTCAATAGCAATATTTGCATCAACAATTTTTTTTTTATCATTCTCAAAATTTTTATATTCTTGATAATATTTTTCTTTTTCTAAATATAATACTAATTTAATTTTATCGATTTCTTGTAAAAATCTTAATCTTTCTTCATCAA","Pf3D7_13_v3-1725887-1726123-2.2","39A60+12N",20,0.0216450216450216,2
"IM-23-122-XHZJ","8039832388","Maziba","Pf3D7_04_v3-115455-115684-1A","TATTAATGTCATTTTGTTTTTCTTTATTATTATTATTTTTATTTTTTCCCTGGTTATCTTCCTTATTACCTAGCTTTTTTTTGTTGTCATTATTTTCTGTCTGATTATTATTTTTGACTTTGTTCATCTTTGAATTATCCGTTCTGTTTGTATGTCTCAAGCAAGGT","Pf3D7_04_v3-115455-115684-1A.1","24+25N74+10N",84,0.0569105691056911,4
"IM-23-122-XHZJ","8039832388","Maziba","Pf3D7_04_v3-115455-115684-1A","TATTAATGTCATTTTGTTTTTCTTTATTATTATTATTTTTATTTTTTCCCTGGTTATCTTCCTTATTACCTAGCTTTTTTTTGTTGTCATTATTTTCTGTCTGATTATTATTTTTGACTTTGTTCATCTTTGAATTATTCGTTCTGTTTGTATGTCTCAAGCAAGGT","Pf3D7_04_v3-115455-115684-1A.5","24+25N74+10N139T",925,0.626693766937669,4
"IM-23-122-XHZJ","8039832388","Maziba","Pf3D7_13_v3-935613-935884-1A","CAAAATAATATGAATAGTAATAGTAATAGTTATAATAATTTTAATATAACAGATAGAAGTAAAGAAATAAAAAAAAATTATAAAAGAAACAAAATTTTAATAGTTATTAATAATATTAATACAAATCATATTTTATTATTAAATGAAAGTGTTATAAAAAAAAAAATACTTACATTTTATCTAGATCTTTTTTTTGATGATAATGAACAAAT","Pf3D7_13_v3-935613-935884-1A.1","68+11N155+13N187+10N",127,0.110051993067591,2
"IM-23-122-XHZJ","8039832388","Maziba","Pf3D7_04_v3-133928-134154-1A","TTTTGAAATATCTAATTTATTCATTTGCCTTTTTATTTCATAGTCCCAACTACTTACCCAGGTATTAAAATTAATACAATCCTGTTCTGCATATTTTATGGCTTTTAAATCCCTCAATTTAGTAGCCCTATCTTCACAATAATCTTCTAATATTTTAAT","Pf3D7_04_v3-133928-134154-1A.2",".",70,0.0495399858457183,2
"IM-23-122-XHZJ","8039832388","Maziba","Pf3D7_04_v3-141741-141990-1A","TGAATACCATATAGCCCTTTCAAATTATATAAAGACAGAACTAAGAAATATAAACCTGCAAGAAATAAAAAACAATATAATAAAAATATTTAAAGAATTCAAATCTGCACACAAAGAAATTAAAAAAGAATCAAAACAAATTAATAAAGAATTTACCAAAATGGATGTCGTCATAAATCAATTAAGAGATATAG","Pf3D7_04_v3-141741-141990-1A.3","66+8N121+8N134A",1,0.000568504832291074,3
"IM-23-122-XHZJ","8039832388","Maziba","Pf3D7_13_v3-958247-958510-1B","TTTATATTATCTGTAATATGCACATTTTGTATAATATTATCAATATTTGTAGCATTTTGACCGTATGTTTCATTTTCATCGTATGTTCCATTTATATTGTATGTTCCATTTTCATCGTATGTTCCATTTATATTGTATGTTTCATTTTCATCGTATGTTCCATTTATATTGTATGTTCCATTTTTATCATATGTTATGTCCACAT","Pf3D7_13_v3-958247-958510-1B.15","106C142T",35,0.0913838120104439,4
"IM-23-122-XHZJ","8039832388","Maziba","Pf3D7_08_v3-1314717-1314986-1A","ATAAAAAAGAAAAAATTATTGTCAAAAGTTTTCATAGATATATATATGATGGTATTAGAAGATTTTAAAGAAGAAGAATGTAAAAAGAATAAAGAAATATTTCTTGATACTTATATAGATGAACTAAAAAAAGATTCACAAAGTGAAAAAAATAAAAGCATGTTAAATATATTAGATGAAATAAAAAGTGATATTCATATAGGATATC","Pf3D7_08_v3-1314717-1314986-1A.2","2+15N125+9N138A145+9N",1,0.00286532951289398,3
"IM-23-122-XHZJ","8039832388","Maziba","Pf3D7_04_v3-284121-284364-1A","ATATTGTATATTATCATAAGATTTATATGGAGGACCACATTGAAATCCGACAATTTCATTTGATGCATGTAGTACACATTCCGTATTTCTGTTTGAATTATTTAAAATAATTTTATTACTTAGAAATGATTCTTTTTCACTATAATCTTTATATAACAAAGAGTCTTCATCAATTTGA","Pf3D7_04_v3-284121-284364-1A.3","162A",15,0.0174013921113689,5
"IM-23-122-XHZJ","8039832388","Maziba","Pf3D7_11_v3-1375807-1376056-1A","TCGTTATGTACCCTAATAAATTTTTTTTCATTATTTGAATCTATATTATTTACATTAGTATTTTGAGTTGTACCATAAATTTCAGTGTTATTATTATTTCTATTCATATAATTATGTCCGCTTATATAATTATGACCATTAAAAAAACGTCTTTCATGTATATCATCTCTTCTAATGTATTTA","Pf3D7_11_v3-1375807-1376056-1A.4","20+10N140+9N154T",14,0.0340632603406326,4
"IM-23-122-XHZJ","8039832388","Maziba","Pf3D7_05_v3-668763-669004-1A","TAATATTATCTGGCTCTGTAACCATGTCCGAACATATGTTAACAGGAGAATCTGTTCCTATACATAAAGAGCAGTTACCTTTTGAAGGAAATGCTATTATAAATAAAAATAATAAATATGAGAGTAACGATGAAAAGGATGATTACCTTCGTATTTATAATAATCATGCTAGTATTAATATGATCAAGCG","Pf3D7_05_v3-668763-669004-1A.7",".",96,0.0652173913043478,4
"IM-23-122-XHZJ","8039832388","Maziba","Pf3D7_14_v3-106867-107115-1A","AATGACATGAACAAGTCAGGCGAAAAAGAGGAACATGTTATAAATAGTAAATGGAAAAATAAATTTTTCCATGAAGTAATACAAAATATGTTATATGATGATAATATAAATGATCATAAGGAAGAAATTAAGGAAGATAATTCTAATGAATATAATATCAATAATAAAAATGATAATTTATATGATATA","Pf3D7_14_v3-106867-107115-1A.1","78A",207,0.333333333333333,2
"IM-23-122-XHZJ","8039832388","Maziba","Pf3D7_13_v3-2545065-2545291-1A","ATGATTCCTCAAAAGTTTAACATTCCACATAGTATCTGTTAAATTGATAGTTTGCAAACAATTATACGTTTGGTTATTTTTATTTTTAAAAAAGGATATATGATCATCTAAAGATTTATTTTTGAGAAAGATTTCCATATATTCATATATATCTTGTATACACCA","Pf3D7_13_v3-2545065-2545291-1A.3","87+8N157T",259,0.141995614035088,5
"IM-23-122-XHZJ","8039832388","Maziba","Pf3D7_14_v3-1166107-1166371-1A","TTTTTGAATTATTAAATATATCTTCTATAAAAAAAGAATATCAAGCTATACATAACAATAAGTATTTTTTATGGAATATGGATGCAAATTTTTTTACTATAAAAAATCATCATAAGGATAATAAGGATAACAATGATGAAAATGTGAATGTAATAATACAACAAAATAATTTAGTACTAGAAAAATATGATCATTTAATAGA","Pf3D7_14_v3-1166107-1166371-1A.13","28+9N64+8N87A88+9N100+8N176A179A",56,0.103321033210332,4
"IM-23-122-XHZJ","8039832388","Maziba","Pf3D7_03_v3-221463-221712-1B","ACTTGAATACCATTTCCACAAGTTACACTACATGGGGACCATTCAGTTGAAAGAGAATTTTGTATTGTCTTTAAATATTTTTCTATGTGCTGATCACTTGGTTCTTCGTTATTATTATTTTTTACAGCATTGTTGGCATTAGCATTTTCATCTACATTTCGGTTTGGGTCATTTGGCATATTGTGACCTTGTC","Pf3D7_03_v3-221463-221712-1B.27","67G69C80T83C92G117+8N130T",9,0.0139968895800933,8
"IM-23-122-XHZJ","8039832388","Maziba","Pf3D7_14_v3-407306-407542-1A","CTTTCTTTCGTCTTTCTGTTCATTATCCATATAATCTTTTTCTCCTTCCTTTTCATTCTTTACTTTATTTCTATTAATACACAACTCTCCTTGAGTTAAGAGATTTACGATATTATCAATATTGTTTTCTTTCATATACTTCAACTTTTTACTATTCATTTTTAAAAGA","Pf3D7_14_v3-407306-407542-1A.1",".",169,0.142255892255892,4
"IM-23-122-XHZJ","8039832388","Maziba","Pf3D7_14_v3-377765-378020-1A","AAAGATATATCAACTGAAAAGATTTTATCAAATAATTGCTTTAATAATAAGTTAAAAAATTGATTTCCAACATCTATCATATTCATATAATCTAATGATTTAAAAATATATAATATACTCTTTGGACTAAATTTTAATTCATCATTTATTATTTTCTCTTTTACTATTGCTTTAATTTGATTAAAATATATAA","Pf3D7_14_v3-377765-378020-1A.3","21G53+8N",57,0.11003861003861,4
"IM-23-122-XHZJ","8039832388","Maziba","Pf3D7_08_v3-1370603-1370853-1B","AAAAGTAATTAAAAAAAAAAAAAATGAAAATAAAAAAAAACATTACATATTTTTTTATGTATAAAATATTTTAAAGCACTGAGATTATTTATGTTATAAATTAATTGAATGTTTAAAAGATTATAAAATTTTATTTATGAAAATATATGAATATATATAATATAAGCAGGTATTAAATAACCAAATAATAT","Pf3D7_08_v3-1370603-1370853-1B.2","10+32N49+9N",317,1,1
"IM-23-122-XHZJ","8039832388","Maziba","Pf3D7_14_v3-377765-378020-1A","AAAGATATATCAACTGAAAATATTTTATCAAATAATTGCTTTAATAATAAGTTAAAAAATTGATTTCCAACATCTATCATATTCATATAATCTAATGATTTAAAAATATATAATATACTCTTTGGACTAAATTTTAATTCATCATTTATTATTTTCTCTTTTACTATTGCTTTAATTTGATTAAAATATATAA","Pf3D7_14_v3-377765-378020-1A.5","53+8N",328,0.633204633204633,4
"IM-23-122-XHZJ","8039832388","Maziba","Pf3D7_08_v3-1375025-1375284-1B","CAAGTTATTATTAAATGCGGAATTATTCTATATAAAAATAAAAAAGCATTTAAAAATGAAAAAATTTATATATATACAATATATAAATATATATATATATATATATATATATATATTATTATTATATGTATTTTTATAATTGAATGATATATTTATTTCTATTTGCAATTAAAATGCTTACGTTATCTAACAAAAGTACGGAGGCAAAA","Pf3D7_08_v3-1375025-1375284-1B.1","39+8N58+8N67+53N",5,0.555555555555556,2
"IM-23-122-XHZJ","8039832388","Maziba","Pf3D7_08_v3-1375025-1375284-1B","CAAGTTATTGTTAAATTCGGAGTTATTCTATAAAAATGAAAAATCATTTAAAAATGTAAAAATGTACATATATATATATATATATATATAATATTATTATATGTATTTTTATAAGTAAGTGTTATATTTATTTATATTTGCAATTAAAATACTTACGTTATCTAACAAAAGTACGGAAGCAAAA","Pf3D7_08_v3-1375025-1375284-1B.11","10G17T22G33D=TA39+8N58+8N66G67+53N132G134A136G139T151A168A195A",4,0.444444444444444,2
"IM-23-122-XHZJ","8039832388","Maziba","Pf3D7_14_v3-407306-407542-1A","CTTTCTTTCGTCTTTCTGTTCATTATCCATATAATCTTTTTCTACTACCTTTTCATTCTTTACTTTATTTCTATTAATACACAATTCTCCTTGAGTTAAGAGATTTACGATATTATCAATATTGTTTTCTTTCATATACTTCAACTTTTTACTATTCATTTTTAAAAGA","Pf3D7_14_v3-407306-407542-1A.4","44A47A85T",240,0.202020202020202,4
"IM-23-122-XHZJ","8039832388","Maziba","Pf3D7_12_v3-659881-660127-1A","GGTGGTTTAACATTTTCAGCTATGAGTTTTTCGACTGATGGCAATCCTACTTTGATTAATTCCTTTAACATAAGTTTTGCGTGTTTTTTTACTTCTGATTTGATATCAAAGCTTGATTCTAAAAAGGTTGGTGAATTTTTTTGTAAAACACTGACAAGTTCATTTGATATGGTCTCTGCTAAATCATCACCA","Pf3D7_12_v3-659881-660127-1A.21","23T27T35C73A74G83+9N135+9N",1,0.00110987791342952,6
"IM-23-122-XHZJ","8039832388","Maziba","Pf3D7_02_v3-291770-292017-1A","TAATATCATAAGGTTTGAATATTTTCCTCTCAGGTATTATACCAACAGAAGGTTTATCATCATCTTTAAAACCTGCTCTATCTTTAACCCATTGATTAGGATTTTTTAAACATAAAGCTGGATTCTTTAATAAATCTTTCATATGTTCCATATTATTTTCTTCATTTATATATGATGCTAC","Pf3D7_02_v3-291770-292017-1A.1","101+8N177G",676,0.72145144076841,3
"IM-23-122-XHZJ","8039832388","Maziba","Pf3D7_08_v3-336421-336651-1A","TAACAACGAACCCATAAATTTACAGAAAAATTTAGATTTAATCATATGGCTAAAAAAGAATATAAAAGAAGGAGAAGCTTTAATTTCTGATATACCCACATCAAGTTTTTTAAGGTGTACTACAAATTATAAATTTGTATTGCATCCCCAATATGAAGATAGT","Pf3D7_08_v3-336421-336651-1A.4","51+8N105+8N148C",1,0.000846023688663283,4
"IM-23-122-XHZJ","8039832388","Maziba","Pf3D7_13_v3-479569-479811-1A","CTAGAGACGAATTTGATGATAAAAGAAAATTAAAAGAAGAGAAAATTAAACAATGCCAACTATTAAATGAAAAACAACGAGAAGAAAAAGAAAAAGAAGAAAGAATTCTGAGAGAAAAAGCTGTTGAATATACCTTACAAAATGAAGAAGAATATAAACAACTAAAACGAAAATT","Pf3D7_13_v3-479569-479811-1A.2","79G96+8N",676,0.644423260247855,3
"IM-23-122-XHZJ","8039832388","Maziba","Pf3D7_08_v3-1386786-1387035-2","TTGTCTCCTTTGTCGCAGCATGCCTTTCATTAGCTGCTATAGCTTGTGTTATCTTAACTTCATTATAAAAAAAATATACTTCGATAAAAGGTACATATACCATGCTGGTCAATGATATTAGCATGCGACATTCTAATATATCCATTATGAACTAGGTGAACAAGAATATTGGGATTATTGAAATTGT","Pf3D7_08_v3-1386786-1387035-2.26","66+10N153T",138,0.190871369294606,2
"IM-23-122-XHZJ","8039832388","Maziba","Pf3D7_08_v3-1386795-1387043-1B","TCCTTTGTCGCAGCATGCCTTTCATTAGCTGCTATAGCTTGTGTTATCTTAACTTCATTATAAAAAAAATATACTTCGATAAAAGGTACATATACCATGCTGGTCAATGATATTAGCATGCGACATTCTAATATATCCATTATGAACAAGGTGAACAAGAATATTGGGATTATTGAAATTGTCTGCATTA","Pf3D7_08_v3-1386795-1387043-1B.1","61+10N",429,0.787155963302752,2
"IM-23-122-XHZJ","8039832388","Maziba","Pf3D7_12_v3-2092654-2092884-2","GAGATATTAGCTTCATGTTCAGAAGATATGTCTATAAGAATATGGGAGATACGTCATGAGGATGAGAATGTGAATGAGGTAAAGGATCCTTTATGTATATTAAATGGTCATAAGAAAAAAGTAAATATATTATCATGGAATCCTATGAATTATTTTATATTATCATCT","Pf3D7_12_v3-2092654-2092884-2.1","114+8N",2205,1,1
"IM-23-122-XHZJ","8039832388","Maziba","Pf3D7_08_v3-399693-399961-1A","CTTTTCTTCACCTTGGTTTATTACATTATTATTTTCATCATTGTGTTGAATGTCTTTATAAATATGTTCATTAATAATATCTTTGGAAGTATCTTCCATATTTTCTTCTTTATCAATTTTAAATACTTTTTCATAACTTTCATTTTCTTTTTTCTCCTTGGATGTTTCTAATTTATTCTCGTCATTTTTATCAAAATTATTTTTATAACTTTCA","Pf3D7_08_v3-399693-399961-1A.2","55T147+8N",335,0.368536853685369,3
"IM-23-122-XHZJ","8039832388","Maziba","Pf3D7_08_v3-412801-413062-1A","ATGAAGAAATATACGAATATATACTTATAAACGATATTTTTAATTTAAAAAAAGAAATAAAAAATTTCAATATATTAAATAAATATGATGTATTTGAATATATTATTATTATTTTAAAATTGTATGATAAAATATATCCTGATGCAAAGTACATCGAATGTGTACGAGAAACATCACAGAATGGTGACCTTTTA","Pf3D7_08_v3-412801-413062-1A.1","46+9N58+8N101+13N188C190T",103,0.547872340425532,3
"IM-23-122-XHZJ","8039832388","Maziba","Pf3D7_08_v3-412801-413062-1A","ATGAAGAAATATACGAATATATACTTATAAACGATATTTTTAATTTAAAAAAAGAAATAAAAAATTTCAATATATTAAATAAATATGATGTATTTGAATATATTATTATTATTTTAAAATTGTATGATAAAATATATCCTGATGCAAAGTACATCGAATGTGTACGAGAAACATCACAGAATGGTGATCCTTTA","Pf3D7_08_v3-412801-413062-1A.2","46+9N58+8N101+13N",1,0.00531914893617021,3
"IM-23-122-XHZJ","8039832388","Maziba","Pf3D7_08_v3-412801-413062-1A","ATGAAGAAATATACGAATATATACTTATAAACGATATTTTTAATTTAAAAAAAGAAATAAAAAATTTCAATATATTAAATAAATATGATGTATTTGAATATATTATTATTATTTTAAAATTGTATGATAAAATATATCCTGATGCAGAGTACATCGAATGTGTACGAGAAACATCACAGAATGGTGACCTTTTA","Pf3D7_08_v3-412801-413062-1A.4","46+9N58+8N101+13N147G188C190T",84,0.446808510638298,3
"IM-23-122-XHZJ","8039832388","Maziba","Pf3D7_11_v3-1293919-1294168-1A","TCCATATCAAAATAGTGATGTGTATCGTCCAATCAACGAACATAGGGAACATCCAAAAGAATACGAATATCCATTACACCAGGAACATACATACCAACAAGAAGATTCAGGAGAAGACGAAAATACATTACAACACGCATATCCAATAGACCACGAAGGTGCCGAACCCGCACCACAAGAACAAAATTTAT","Pf3D7_11_v3-1293919-1294168-1A.1",".",685,0.739740820734341,4
"IM-23-122-XHZJ","8039832388","Maziba","Pf3D7_13_v3-156713-156986-1A","TCCTTTTATGTGAACAAATTAAATATTGTAAATGATTTCTTTTTTGAAACACACCATAAAGATACACATCAAGACAGTCAAAATGAACACAAAACGGATGAACCTAAAATACATAATGTTTTCAAAAAAAAAAATAACGATATCTTTGTTAATATTCCTCTACCAAAAATATTTAAAAATTTCTTACATTCCATATATTTTAGAACTCC","Pf3D7_13_v3-156713-156986-1A.2","39+8N50C123+13N",540,1,1
"IM-23-122-XHZJ","8039832388","Maziba","Pf3D7_13_v3-815862-816091-1A","ATGATGTAGATGCTAACACAACATCCTGGTCAGTATCTTGTGATAAATAATTTAATTTGTCCGCTAAAAAATAAAGTATAATTTCACAGCTTTTTTTATTTGTATCTGTGTTTTTCATGTTATCATAAAAAGACAAAGATGAAGTAGCACATGAGTTAATTA","Pf3D7_13_v3-815862-816091-1A.1","17C19C20A65+8N90+9N",135,0.212264150943396,3
"IM-23-122-XHZJ","8039832388","Maziba","Pf3D7_04_v3-1083299-1083563-2","ATACACTTTCCATATGTAGAGGACTTATGATATATAGAATTATAAGATAAATGTTTATAATAATCTAAAAAAGTATAATGAGGTATTATAACAAAATCCAAATGTCCTTCTTTTTCTTGTAAAATATCAATAGAATTTGCAATGTTATAATTTGATAACTCTTTAAAATGATATTGTAAAAAATTAACATTTTTATA","Pf3D7_04_v3-1083299-1083563-2.1","66+8N177+8N",45,0.0797872340425532,3
"IM-23-122-XHZJ","8039832388","Maziba","Pf3D7_05_v3-213027-213251-1A","ATGTACTTATCCCCTGATATGATTTTTCCAATATCATCAAAATCAGTAATCTCTAAATCATTTATATGATTTATATGTATAAATTCTTTTATCTTGTTCAAATAATTTCTGTAATAAAATATATTCTCTTTATCATCATCAATTATTTTCATATAATC","Pf3D7_05_v3-213027-213251-1A.4","25T26T",1470,1,1
"IM-23-122-XHZJ","8039832388","Maziba","Pf3D7_11_v3-1295103-1295335-1A","ACTACTGCTTTGTCCCATCCCAACGAAGTTGAACACAATTTTCCATGTTCATTATATAAAGATGAAATAAAGAAAGAAATCGAAAGAGAATCAAAACGAATTAAATTAAATGATAATGATGATGAAGGGAATAAAAAAATTATAGCTCCAAGAATTTTTATTTCAGATGATATA","Pf3D7_11_v3-1295103-1295335-1A.2","23A34C71A132+9N173T",1190,0.833917309039944,5
"IM-23-122-XHZJ","8039832388","Maziba","Pf3D7_13_v3-1725464-1725719-1B","ATCATAGTTATTACCACCAAAAACGTATAAGAAATTATTCAATACAGCACTTCCAAAATAAGCTTTTTTGGTAGACATAGGTGTACACATACGCCAGCATTGTTGACTAATATCTAATAATTCCATCGAATTTAAATATTCTACACCATCAAATCCACCTATACAAAATACTAATGGGAATGGTAAAAATTTAATACCA","Pf3D7_13_v3-1725464-1725719-1B.1","63+8N",596,1,1
"IM-23-122-XHZJ","8039832388","Maziba","Pf3D7_12_v3-2092529-2092798-1B","AGTTGAAGGGGGAGGAATGATCGGAGTTATCAGATTAGAAAATCAAGTGAGAAATCCCCCTGTAATAAAATTGAAGAGTCATACATCTCCCATCCTTGATTTGTCATTTAACCCGTGTTATAGTGAGATATTAGCTTCATGTTCAGAAGATATGTCTATAAGAATATGGGAGATACGTCATGAGGATGAGAATGTGAATGAGGTA","Pf3D7_12_v3-2092529-2092798-1B.1",".",809,1,1
"IM-23-122-XHZJ","8039832388","Maziba","Pf3D7_13_v3-479569-479811-1A","CTAGAGACGAATTTGATGATAAAAGAAAATTAAAAGAAGAGAAAATTAAACAATGCCAACTATTAAATGAAAAACAACTAGAAGAAAAAGAAAAAGAAAAAAGAATTCTGAGAGAAAAAGCTGTTGAATATACCATACAAAATGAAGAAGAATATAAACAACTAAAAGGAAAATT","Pf3D7_13_v3-479569-479811-1A.6","96+8N135A168G",206,0.196377502383222,3
"IM-23-122-XHZJ","8039832388","Maziba","Pf3D7_01_v3-162867-163115-1A","ATATACCAATAATACTTTTTTTTTTAAATAATGTAAAAAATGATTTATATAATTGTTATAAACAAATGATCACATATCATAATAATAATATCCTAAATCATAACTCTAATATTTTATCAAAAGAAAATGAAAAAAAACAACCTTTTTCAACATATAATATATCAAATCTTTGTTCTCCTGATCAAATGGTAATAAATAAAAA","Pf3D7_01_v3-162867-163115-1A.3","15+12N34+8N129+10N182T191A",338,0.22623828647925,3
"IM-23-122-XHZJ","8039832388","Maziba","Pf3D7_05_v3-350808-351052-1A","TAATATAATTTGAGTTGATAATATTATAATTATTTTTTATATGTTGCTCATTTATATTATTATGATAAATATGAGTTGTATTTTTATTAGAGTTGTAGGACATTTTCCCATACATTAGTTGTTTTACATTTTTAACATTTTTATAATTATGTATTAAACATAAGATTATTAGATAAA","Pf3D7_05_v3-350808-351052-1A.1","32+8N116T",209,0.166136724960254,4
"IM-23-122-XHZJ","8039832388","Maziba","Pf3D7_14_v3-377765-378020-1A","AAAGATATATCAACTGAAAAGATTTTATCAAATAATTGCTTTAATAATAAGTTAAAAAATTGATTTCCAATATCTATCATATTCATATAATCTAATGATTTAAAAATATATAATATACTCTTTGGACTAAATTTTAATTCATCATTTATTATTCTCTCTTTTACTATTGTTTTAATTTGATTAAAATATATAA","Pf3D7_14_v3-377765-378020-1A.1","21G53+8N71T154C170T",11,0.0212355212355212,4
"IM-23-122-XHZJ","8039832388","Maziba","Pf3D7_11_v3-1006693-1006917-1A","GTGGGGGAGAGAATTTTACCTTGATACGCTCCCATGTTTTATCCTTTATACAATACACATAAGTGTCATTGGTAATATATGACCCTCTTTTACCTCCGTAAAGAAATAAACAATCTTCTTTTTTTTCAGTGGAGTAAATTAAATTTAATTTTGCAAAATAGCGTGG","Pf3D7_11_v3-1006693-1006917-1A.3","27C58C118+10N",384,0.719101123595506,3
"IM-23-122-XHZJ","8039832388","Maziba","Pf3D7_13_v3-2114829-2115090-1A","ATTCAATATATATAAAAATATAGCTAATAAACATTTCAAATCTCCATTAAGAACTTTATTCATCTTAACAAAAGCTCTATGAACTTCTGTATCTATAGTCGATTTTGTTATTCTAAGCATATCATTAAGTAAAAAATTTACGGTATCGACATTAACAGTGTAATAATTTCTTCCTAAATTTAAATGTTCTATATAATTCAA","Pf3D7_13_v3-2114829-2115090-1A.5","130+8N",424,0.368375325803649,3
"IM-23-122-XHZJ","8039832388","Maziba","Pf3D7_04_v3-141741-141990-1A","TGAATACCATATAGCCCTTTCAAATTATATAAAGACAGAACTAAGAAATATAAACCTGCAAGAAATAAAAAACAATATAATAAAAATATTTAAAGAATTCGAATCTGCACACAAAGAAATTAAAAAAGAATCAAAACAAATTAATAAAGAATTTACCAAAATGGATGTCGTCATAAATCAATTAAGAGATATAG","Pf3D7_04_v3-141741-141990-1A.2","66+8N101G121+8N134A",247,0.140420693575895,3
"IM-23-122-XHZJ","8039832388","Maziba","Pf3D7_04_v3-140317-140548-1A","TCGGGACAATATTATAAGGATTTTATCACATCAAGGAAAAATATTTATAATATAAGGGAAAATATATCCAAAAATGTAGATATGATAAAAAATGAAGAAAAGAAGAAAATACAGAATTGTGTAGATAAATATAATTCTATAAAACAATATGTAAAAATGCTTAAA","Pf3D7_04_v3-140317-140548-1A.1","86+8N",1850,1,1
"IM-23-122-XHZJ","8039832388","Maziba","Pf3D7_02_v3-290580-290821-1A","TTATTATAAGGATTATAATTATTATCATTCTTATTATATGGATTAATATAATTTCGATCATTATCATTACTGTTTTTATCATATTGTGGATAATTATTTCTATTTCTATTTTGATTAAAATCCGATTGTCTATATCTAACTCTAATATCTGTAGATGCTAAATCATTAGGTAATGGG","Pf3D7_02_v3-290580-290821-1A.1","12+26N",419,0.23047304730473,5
"IM-23-122-XHZJ","8039832388","Maziba","Pf3D7_13_v3-2545065-2545291-1A","ATGATTCCTCAAAAGTTTAACATTCCACATAGTATCTGTTAAATTGATAGTTTGCAAACAATTATACGTTTGGTTATTTTTATTTTGAAAAAAGGATATATGATCATCTAAAGATTTATTTTTGAGAAAGATTTCCATATATTCATATATATCTTGAATACACCA","Pf3D7_13_v3-2545065-2545291-1A.36","87+8N",994,0.544956140350877,5
"IM-23-122-XHZJ","8039832388","Maziba","Pf3D7_13_v3-2545065-2545291-1A","ATGATTCCTCAAAAGTTTAACATTCCACATAGTATCTGTTAAATTGATAGTTTGCAAACAATTATACGTTTGGTTATTTTTATTTTTAAAAAAGGATATATGATCATCTAAAGATTTATTTTTGAGAAAGATTTCCATATATTCATATATATCATGAATACACCA","Pf3D7_13_v3-2545065-2545291-1A.1","87+8N154A",13,0.00712719298245614,5
"IM-23-122-XHZJ","8039832388","Maziba","Pf3D7_14_v3-106867-107115-1A","AATGACATGAACAAGTCAGGCGAAAAAGAGGAACATGTTATAAATAGTAAATGGAAAAATAAATTTTTCCATGAAGTTATACAAAATATGTTATATGATGATAATATAAATGATCATAAAGAAGAAATTAAGGAAGATAATTCTAATGAATATAATATCAATAATAAAAATGATAATTTATATGATATA","Pf3D7_14_v3-106867-107115-1A.2","120A",414,0.666666666666667,2
"IM-23-122-XHZJ","8039832388","Maziba","Pf3D7_03_v3-221463-221712-1B","ACTTGAATACCATTTCCACAAGTTACACTACATGGGGACCATTCAGTTGAAAGAGAATTTTGTATTGTCTTTAAATATTGTTCTATGTGCTTATCACTTGGTTCTTCGTTATTATTATTTTTTACAGCATTGTTGGCTTTAGCATTTTCATCTACATTTCGGTTTGGGTCATTTGGCATATTGTGACCTTGTC","Pf3D7_03_v3-221463-221712-1B.12","67G69C80G83C117+8N130T138T",284,0.441679626749611,8
"IM-23-122-XHZJ","8039832388","Maziba","Pf3D7_04_v3-1113397-1113639-1A","GATTCTGCATGCAGTAATGAATCTATTGAAATCATCTAAGAATAAACTTTTTTGTTTAAACCATTTATTGAACATTTCACTTAAATGTGATTCAATTTTTTTTTCTGAGCTTTCCATAATTTGATTACATCTATTCAATTTGTTTGTATAAGTTTTAGGTGTTATTATTCTTTTACGTTTTAAATCATC","Pf3D7_04_v3-1113397-1113639-1A.1","47+8N95+11N130T161G",1349,0.774842044801838,4
"IM-23-122-XHZJ","8039832388","Maziba","Pf3D7_13_v3-479569-479811-1A","CTAGAGACGAATTTGATGATAAAAGAAAATTAAAAGAAGAGAAAATTAAACAATGCCAACTATTAAATGAAAAACAACTAGAAGAAAAAGAAAAAGAAAAAAGAATTCTGAGAGAAAAAGCTGTTGAATATACCTTACAAAATGAAGAAGAATATAAACAACTAAAACGAAAATT","Pf3D7_13_v3-479569-479811-1A.1","96+8N",167,0.159199237368923,3
"IM-23-122-XHZJ","8039832388","Maziba","Pf3D7_04_v3-544454-544718-1A","ACAAAATATAATACTTTATATACAAATGCTTATAAAAAATTTTAACGCGGACGTACTTCAAAATAATATAAATGAACAAGAAGTAATACATAATAACATCAACATTAATAATATAAAAGAAGAACAAATTATACCAAATAATATCAAGAATATCCATAATAATGACAATATTAATCATTGTGATGATAATAAAATAA","Pf3D7_04_v3-544454-544718-1A.6","33+8N47G50G",15,0.0214899713467049,5
"IM-23-122-XHZJ","8039832388","Maziba","Pf3D7_13_v3-146695-146934-1A","AAAGTATTTGTAATAGATTGAACGATGAACTAAATGAAGAAATATGTGGTTATCAAATTAGGTTTGAAAAATCGTATTTTTTAAAACATAGTAAAATTAAAGTTATGACAGAAGGAATTTTATTGAAAGAAATTATGAGTGATTTTATTTTATCAAAATATAGTGTTATCATTCTTGA","Pf3D7_13_v3-146695-146934-1A.1","20G76+8N170C",374,0.169001355625847,4
"IM-23-122-XHZJ","8039832388","Maziba","Pf3D7_13_v3-146695-146934-1A","AAAGTATTTGTAATAGATTGAACGATGAACTAAATGAAGAAATATGTGGTTATCAAATTAGGTTTGAAAAATCGTATTTTTTAAAACATAGTAAAATTAAAGTTATGACAGAAGGAATTTTATTGAAAGAAATTATGAGTGATTTTATTTTATCAAAATATAGTGTTATTATTCTTGA","Pf3D7_13_v3-146695-146934-1A.3","20G76+8N",63,0.0284681427925892,4
"IM-23-122-XHZJ","8039832388","Maziba","Pf3D7_11_v3-1006693-1006917-1A","GTGGGGGAGAGAATTTTACCTTGATATGCTCCCATGTTTTATCCTTTATACAATACACATAAGTGTCATTGGTAATATATGACCCTCTTTTACCTCCGTAAAGAAATAAACAATCTTCTTTTTTTTCAGTGGAGTAAATTAAATTTAATTTTGCAAAATAGCGTGG","Pf3D7_11_v3-1006693-1006917-1A.2","58C118+10N",1,0.00187265917602996,3
"IM-23-122-XHZJ","8039832388","Maziba","Pf3D7_02_v3-290580-290821-1A","TTATTATAAGGATTATAATTATTATCATTCTTATTATATGGATTAATATAATTTCCATCATAATCATTACTGTTTTTATCATATTGTGGATAATTATTTCTATTTCTATTTTGATTAAAATCCGATTGTCTATATCTAACTCTAATATCTGTAGATGCTAAATCATTAGGTAATGGG","Pf3D7_02_v3-290580-290821-1A.2","12+26N56C62A",45,0.0247524752475248,5
"IM-23-122-XHZJ","8039832388","Maziba","Pf3D7_02_v3-290580-290821-1A","TTATTATAAGGATTATAATTATTATCATTCTTATTATATGGATTAATATAATTTCGATCATAATCATTACTGTTTTTATCATATTGTGGATAATTATTTCTATTTCTATTTTGATTAAAATCCGATTGTCTATATCTAACTCTAATATCTGTAGATGCTAAATCATTAGGTAATGGG","Pf3D7_02_v3-290580-290821-1A.6","12+26N62A",23,0.0126512651265127,5
"IM-23-122-XHZJ","8039832388","Maziba","Pf3D7_04_v3-1037644-1037891-1A","GAAAGAGATTTAACAGATGATGCTGTGATTTTTGCACACTCACTTTATTTACCATTTGAAAAAGAAGAAATGTGGTGGATCGTTATCGGAATTAAAAAAATGAACTTACTTTTATCTATCAAAAAATTATCTTTATTGAAAAGTGTCAATAATATAAAAATTAATTTCGAATTGCCTGACA","Pf3D7_04_v3-1037644-1037891-1A.1","93+9N120+8N",953,0.749213836477987,2
"IM-23-122-XHZJ","8039832388","Maziba","Pf3D7_02_v3-291770-292017-1A","TAATATCATAAGGTTTGAATATTTTCCTCTCAGGTATTATACCAACAGAAGGTTTATCATCATCTTTAAAACCTGCTCTATCTTTAACCCAATGATTAGGATTTTTTAAACATAAAGCTGGATTCTTTAATAAATCTTTCATATGTTCCATATTATTTTCTTCATTTATATATGATTCTAC","Pf3D7_02_v3-291770-292017-1A.3","92A101+8N",40,0.0426894343649947,3
"IM-23-122-XHZJ","8039832388","Maziba","Pf3D7_13_v3-1465616-1465890-1A","TCTTGTGGATTATTATCTATTATATTTTCTTTTGGTTTTTCGACAGCAAAATTATCTCCTCTTGGTCTAGGTTGATCATCTTCGGGTTCATCTGGAACATCTAATGGTTCCCGTTTTGGAGGACATCTTTCTTCTTCACATTGTTCTTGTAATTCACTTGTACATCCTTCGTGTAAGATTTCTCTTTTTCTTGACCTGGTACCTTTACCACAAGTTACACTACATGGAGA","Pf3D7_13_v3-1465616-1465890-1A.51","30T121G",38,0.0388548057259714,7
"IM-23-122-XHZJ","8039832388","Maziba","Pf3D7_08_v3-336421-336651-1A","TAACAACGAACCCATAAATTTACAGAAAAATTTAGATTTAATCATATGGCTAAAAAAGAATATAAAAGAAGGAGAAGCTTTAATTTCTGATATACCCACATCAAGTTTTTTAAGGTGTACTACAAATTATAAATTTGTATTGCATCCACAATATGAAGATAGT","Pf3D7_08_v3-336421-336651-1A.1","51+8N105+8N",868,0.734348561759729,4
"IM-23-122-XHZJ","8039832388","Maziba","Pf3D7_13_v3-388138-388408-1A","ATATATCTTTATTCATATGTTCTATATATTGTCTTTGTCTCTTTTCCTTTCTCATATCAGATATTATTGAATAATTTCCTTTATCACATACATATCTAGGATTATGTGATAATTCATAAGCTGCTCTTTTTAAAACTCTATTCTTTTCTTTAAAACTATTAAATTTTATATTATTGTTCATATTAGATGTGTTACTTTTAATAATA","Pf3D7_13_v3-388138-388408-1A.2",".",691,0.581649831649832,2
"IM-23-122-XHZJ","8039832388","Maziba","Pf3D7_04_v3-284121-284364-1A","ATATTGTATATTATCATAAGATTTATATGGAGGACCACATTGAAATCCGACAATTTCATTTGATGCATGTAGTACACATTCCGTATTTCTGTTTGAATTATTTAAAATAATTTTATTACTTAGAAATGATTCTTTTTCACTATAATCTTTATATAAGAAAGGGTCTTCATCAATTTGA","Pf3D7_04_v3-284121-284364-1A.1","157G",26,0.0301624129930394,5
"IM-23-122-XHZJ","8039832388","Maziba","Pf3D7_04_v3-1113397-1113639-1A","GATTCTGCATGCAGTAATGAATCTATTGAAATCATCTAAGAATAAACTTTTTTGTTTAAACCATTTATTGAACATTTCACTTAAATGTGATTCAATTTTTTTTTCTGAGCTTTCCATAATTTGATTACATCTATTCAATTTGTTTGTATAATTATTAGGTCTTATTATTCTTTTACGTTTTAAATCATC","Pf3D7_04_v3-1113397-1113639-1A.3","47+8N95+11N130T152T154A",2,0.00114876507754164,4
"IM-23-122-XHZJ","8039832388","Maziba","Pf3D7_13_v3-146695-146934-1A","AAAGTATTTGTAATAGATTAAACGATGAACTAAATGAAGAAATATGTGGTTATCAAATTAGGTTTGAAAAATCGTATTTTTTAAAACATAGTAAAATTAAAGTTATGACAGAAGGAATTTTATTGAAAGAAATTATGAGTGATTTTATTTTATCAAAATATAGTGTTATTATTCTTGA","Pf3D7_13_v3-146695-146934-1A.4","76+8N",319,0.144148215092634,4
"IM-23-122-XHZJ","8039832388","Maziba","Pf3D7_04_v3-1113397-1113639-1A","GATTCTGCATGCAGTAATGAATCTATTGAAATCATCTAAGAATAAACTTTTTTGTTTAAACCATTTATTGAACATTTCACTTAAATGTGATTCAATTTTTTTTTCTGAGCTTTCCATAATTTGATTACAACTATTCAATTTGTTTGTATAAGTTTTAGGTCTTATTATTCTTTTACGTTTTAAATCATC","Pf3D7_04_v3-1113397-1113639-1A.2","47+8N95+11N",69,0.0396323951751867,4
"IM-23-122-XHZJ","8039832388","Maziba","Pf3D7_04_v3-544454-544718-1A","ACAAAATATAATACTTTATATACAAATGCTTATAAAAAATTTTAACGCGGACGTACTTCAAAATAATATAAATGAAGAAGAAGTAATACATAATAACATCAACATTAATAATATAAAAGAAGAACAAATTATACCAAATAATATCAAGAATATCCATAATAATGACAATATTAATCATTGTGATGATAATAAAATAA","Pf3D7_04_v3-544454-544718-1A.4","33+8N47G50G77G",376,0.538681948424069,5
"IM-23-122-XHZJ","8039832388","Maziba","Pf3D7_13_v3-156456-156685-1A","ATTATATGATATTTATATAAAATTAGAAAATCTAATTTTAGAAAAAATAACTGAAAGTATATACAATAGTACACCTCCATATAGAGTTATTATGTTCGAATTAATGACCAGATTATTTCGATTTTATACAAAACCAATAGACCTTATTATTACTATGAATACAC","Pf3D7_13_v3-156456-156685-1A.1","41+8N",143,0.353960396039604,2
"IM-23-122-XHZJ","8039832388","Maziba","Pf3D7_13_v3-748254-748510-1B","ATACCAAAAAAAATAAAATAAAATGAAATAATAAATAAATAAATATACATATATTTACATATATATATATATAATTACACATATTTTTGATTGAGGACAAATTACATGTCGTGTAGTTCGTCTTCCTTGTGCGTTTCAATCACACAATCCGATTTAGGATAACATGTACACAAAAGAATATATTTTTTCTT","Pf3D7_13_v3-748254-748510-1B.1","5+10N39+33N180+8N",351,0.795918367346939,2
"IM-23-122-XHZJ","8039832388","Maziba","Pf3D7_13_v3-815862-816091-1A","ATGATGTAGATGCTAACACAACATCCTGGTCAGTATCTTGTGATAAATAATTTAATTTATCCGCTAAAAAATAAAGTATAATTTCACAGCTTTTTTTATTTGTATCTGTGTTTTTCATGTTATCATAAAAAGACAAAGATGAAGTAGCACATGAGTTAATTA","Pf3D7_13_v3-815862-816091-1A.3","17C19C20A59A65+8N90+9N",395,0.621069182389937,3
"IM-23-122-XHZJ","8039832388","Maziba","Pf3D7_11_v3-1018781-1019053-1A","TTTTTGATTCATATCATTATCATAATTATATATATATTGATCTCTGTCTATATGGGGAGCAAAAAAATATAAAGGATGTTGTGTTAAGGCTAATAATAATTCTGTAGCTATACTACTACTTATGTTACTTATACCACATCTAGTGACTGTACATTTTTCATCTAATGTTCTATAGGATAAAGAATCTGAAGGACAATGCATATCAT","Pf3D7_11_v3-1018781-1019053-1A.2","60+9N",184,1,1
"IM-23-122-XHZJ","8039832388","Maziba","Pf3D7_05_v3-1322099-1322341-1A","TTCCAATAGAAACTATATTACGATTTTCTTCATGAGGTAAATTGACATTCATCTTATATGTATAATTAAGGATGAGTAATAAATTGTATAAAAATATTTTTATTTAATAATTTATATGTATTATTAATAATTCTGAATTTATCAATTGATATATTATTTTTGTTTTTCTTTATGCCATTC","Pf3D7_05_v3-1322099-1322341-1A.4","27T",37,0.116352201257862,4
"IM-23-122-XHZJ","8039832388","Maziba","Pf3D7_04_v3-1083299-1083563-2","ATATACTTTCCATATGTAGAGGACTTATGATATATAGAATTATAAGATAAATGTTTATAATAATCTAAAAAAGTATAATGAGGTATTATAACAAAATCCAAATGTCCTTCTTTTTCTTGTAAAATATCAATAGAATTTGCAATGTTATAATTTGATAACTCTTTAAAATGATATTGTAAAAAATTAACATTTTTATA","Pf3D7_04_v3-1083299-1083563-2.2","4T66+8N177+8N",449,0.796099290780142,3
"IM-23-122-XHZJ","8039832388","Maziba","Pf3D7_05_v3-350808-351052-1A","TAATATAATTTGAGTTGATAATATTATAATTATTTTTTATATGTTGCTCATTTATATTATTATGATAAATATGAGTTGTATTTTTATTAGAGTTGTAGGACATTTTCCCATACATGAGTTGTTTTACATTTTTAACATTTTTATAATTATGTATTAAACATAAAATTATTAGATAAA","Pf3D7_05_v3-350808-351052-1A.4","32+8N164A",1,0.000794912559618442,4
"IM-23-122-XHZJ","8039832388","Maziba","Pf3D7_05_v3-350808-351052-1A","TAATATAATTTGAGTTGATAATATTATAATTATTTTTTATATGTTGCTCATTTATATTATTATGATAAATATGAGTTGTATTTTTATTAGAGTTGTAGGACATTTTCCCATACATGAGTTGTTTTACATTTTTAACATTTTTATAATTATGTATTAAACATAAGATTATTAGATAAA","Pf3D7_05_v3-350808-351052-1A.2","32+8N",783,0.62241653418124,4
"IM-23-122-XHZJ","8039832388","Maziba","Pf3D7_11_v3-1127074-1127316-1A","AACATTTTAATAGTCCTAATTTCGAAAATATGATGAAAGGAGTTTTTGGAATTATTCAAAATCCTTTTGAAAATGGCCAACCCACTTTCCCATTCTTTAAAAATATTAATTCGATCTCTGGAATCGGTAATGTTGATATCCCCAAAAATTTTATGAATGATTTTTTGAATAATGGAAATGATCAAAACA","Pf3D7_11_v3-1127074-1127316-1A.2","160+8N",346,0.236662106703146,3
"IM-23-122-XHZJ","8039832388","Maziba","Pf3D7_11_v3-1127074-1127316-1A","AACATTTTAATAGTCCTAATTTCGAAAATATGATGAAAGGAGTTTTTGGAATTATTCAAAATCCTTTTGAAAATGGCCAACCCACTTTCCCATTCTTTAAAAATATTAATTCGATCTCTGGAATCGGTAATGTTGATATCCCCAAAAATTTTATGAATGATTTTTTGAATAATGGAAATGATCAAATCA","Pf3D7_11_v3-1127074-1127316-1A.15","160+8N187T",948,0.648426812585499,3
"IM-23-122-XHZJ","8039832388","Maziba","Pf3D7_04_v3-115455-115684-1A","TATTAATGTCATTTTGTTTTTCTTTATTATTATTATTTTTATTTTTTCCCTGGTTATCTTCCTTATTACCTAGCTTTTTTTTGTTGTCATTATTTTCTGTCTGATTATTATTTTTGACTTTGTTCATCCTTGAATTATCCGTTCTGTTTGTATGTCTCAAGCAAGGT","Pf3D7_04_v3-115455-115684-1A.7","24+25N74+10N129C",201,0.136178861788618,4
"IM-23-122-XHZJ","8039832388","Maziba","Pf3D7_03_v3-221463-221712-1B","ACTTGAATACCATTTCCACAAGTTACACTACATGGGGACCATTCAGTTGAAAGAGAATTTTGTATTTTCTGTAAATATTTTTCTATGTGCTGATCACTTGGTTCTTCGTTATTATTATTTTTTACAGCATTGTTGGCATTAGCATTTTCATCTACATTTCGGTTTGGGTCATTTGGCATATTGTGACCTTGTC","Pf3D7_03_v3-221463-221712-1B.6","69C71G80T83C92G117+8N130T",73,0.11353032659409,8
"IM-23-122-XHZJ","8039832388","Maziba","Pf3D7_08_v3-336421-336651-1A","TAACAACGAACCCATAAATTTACAAAAAAATTTAGATTTAATCATATGGCTAAAAAAGAATATAAAAGAAGGAGAAGCTTTAATTTCTGATATACCTACATCAAGTTTTTTAAGGTGTACTACAAATTATAAATTTGTATTGCATCCCCAATATGAAGATAGT","Pf3D7_08_v3-336421-336651-1A.2","25A51+8N97T105+8N148C",53,0.044839255499154,4
"IM-23-122-XHZJ","8039832388","Maziba","Pf3D7_04_v3-544454-544718-1A","ACAAAATATAATACTTTATATACAAATGCTTATAAAAAATTTTAACTCGAACGTACTTCAAAATAATATAAATGAACAAGAAGTAATACATAATAACATCAACATTAATAATATAAAAGAAGAACAAATTATACCAAATAATATCAAGAATATCCATAATAATGACAATATTAATCATTGTGATGATAATAAAATAA","Pf3D7_04_v3-544454-544718-1A.3","33+8N",5,0.00716332378223496,5
"IM-23-122-XHZJ","8039832388","Maziba","Pf3D7_08_v3-1370814-1371045-2","TGTTGCAATATATTACTAAAAAATAGAATTATTATGTTATTTTGATCATATGGGAATACATTTAAATATTTATATTCTGATGAATATTCTTATAAAAAAAAAAGGGGGGGGGAAATAATACGTTCATGATTTATTTATATTTCAATATATTTTCTATTTTGCGA","Pf3D7_08_v3-1370814-1371045-2.3","17+8N93+21N",370,1,1
"IM-23-122-XHZJ","8039832388","Maziba","Pf3D7_13_v3-958247-958510-1B","TTTATATTATCTGCAATATGCACATTTTGTATAATATTATCAATATTTGTAGCATTTTGACCGTATGTTTCATTTTCATCGTATGTTCCATTTATATTGTATGTTTCATTTTCATCGTATGTTCCATTTATATTGTATGTTCCATTTTCATCGTATGTTCCATTTATATTGTATGTTCCATTTTTATCATATGTTATGTCCACAT","Pf3D7_13_v3-958247-958510-1B.88","14C",47,0.122715404699739,4
"IM-23-122-XHZJ","8039832388","Maziba","Pf3D7_13_v3-156456-156685-1A","ATTATATGATATTTATATAAAATTAGAAAATCTAATTTTAGAAAAAATAACTGAAAGTATATACAATAGTACACCTCCATATAGAGTTATTATGTTCGAATTAATGACCAGATTGTTTCGATTTTATACAAAACCAATAGACCTTATTATTACTATGAATACAC","Pf3D7_13_v3-156456-156685-1A.2","41+8N115G",261,0.646039603960396,2
"IM-23-122-XHZJ","8039832388","Maziba","Pf3D7_11_v3-1019050-1019319-1A","TCAAAACTTATTGCTACCGTAATACCTAAAGGAGGCATTTTACATAATCTTTTTACACTCGTAAGAATATTATTATAAAAGATTTCTTGATATCTATCATACATATGAATATTATTTAGAGATTTATATATATTATTATTTTGTTCATATAATAATATATTATTTAAAGACTTATCCATAATTTTTGTACATTTTATATTTTCTATA","Pf3D7_11_v3-1019050-1019319-1A.1",".",269,1,1
"IM-23-122-XHZJ","8039832388","Maziba","Pf3D7_13_v3-2545065-2545291-1A","ATGATTCCTCAAAAGTTTAACATTCCACATAGTATCTGTTAAATTGATAGTTTGCAAACAATTATACGTTTCGTTATTTTTATTTTTAAAAAAGGATATATGATCATCTAAAGATTTATTTTTGAGAAAGATTTCCATATATTCATATATATCTTGAATACACCA","Pf3D7_13_v3-2545065-2545291-1A.8","72C87+8N",58,0.0317982456140351,5
"IM-23-122-XHZJ","8039832388","Maziba","Pf3D7_14_v3-1038300-1038538-1A","ATTAATGATTTATACACTTCAACTACACTTTTTAATTTAGCCCATACAACTAATAAAGCTCTACGATAAATTTCTTTTTTATTTGATTTAGAAAAAGGAGAAAACCATTGAAACTTTTTGGCTAGATATTTATGGTCTTTATCAAAAATATATTCTGAAACTTCATCTTCTAGAAGT","Pf3D7_14_v3-1038300-1038538-1A.3","50C74+8N",578,0.617521367521368,2
"IM-23-122-XHZJ","8039832388","Maziba","Pf3D7_13_v3-2545065-2545291-1A","ATGATTCCTCAAAAGTTTAACATTCCACATAGTATCTGTTAAATTGATAGTTTGCAAACAATTATACGTTTGGTTATTTTTATTTTTAAAAAAGGATATATGATCATCTAAAGATTTATTTTTGAGAAAGATTTCCATATATTCATATATATCTTGAATACACCA","Pf3D7_13_v3-2545065-2545291-1A.5","87+8N",500,0.274122807017544,5
"IM-23-122-XHZJ","8039832388","Maziba","Pf3D7_13_v3-1726174-1726408-2","TTTCTAATTCTTTGTACAATCGTACTCTTTCCATTTCTAGTTCTTTCTTATCTTTAAATAATTTATCTTTTTCTCGAATAAAATTCATTTGTGTCTTTTTTAACCAATTAATAAATGTAATTCTTAAATCACCTACCATATTTTCAAAATCACTAGCATCACTTAAT","Pf3D7_13_v3-1726174-1726408-2.1","95+8N",1797,1,1
"IM-23-122-XHZJ","8039832388","Maziba","Pf3D7_01_v3-145388-145662-1A","GATATGTTTAAATATATGATTCTCGAAAAAACTTTTTTTATTTTTTTTGTCAATAGATAAATGATCAATATTTTCTATATTTAATCTATCAAGTATTTTTATATATCTATTATTTCTTTCTTCGATGGATAAATTATATGAATCAATATCCTTTCTTTCATCAACAAACTTTTTTATTGTTAACTCCATTTTTTTATTTAAGATACCA","Pf3D7_01_v3-145388-145662-1A.2","25+25N139T169+8N188+9N",167,0.687242798353909,4
"IM-23-122-XHZJ","8039832388","Maziba","Pf3D7_07_v3-896613-896849-1B","ACAATGAAAAAATTTATTAATGATGAATTATATAAAATAAAAATAAATGTAGGTTTATATAAAAAGGATAGAAAAAAATTATCCTTTTTTATATTGTTGCATAAATTTTATTTAGATAATTATAATATTGTTATTAATAAATTAAAAAATATGAATAATTTAATAGAAA","Pf3D7_07_v3-896613-896849-1B.4","6+8N14T71+9N84+8N143+8N",67,0.110016420361248,2
"IM-23-122-XHZJ","8039832388","Maziba","Pf3D7_13_v3-748254-748510-1B","ATACCAAAAAAAATAAAATAAAATAAAATGAAATAATAAATAAATAAATATACATATATTTACATATATATATATATAATTACACATATTTTTGATTGAGGACAAATTACATGTAGTGTAGTTCGTCTTCCTTGTGCGTTTCAATCACACAATCCGATTTAGGATAACATGTACACAAAAGAATATATTTTTTCTT","Pf3D7_13_v3-748254-748510-1B.2","5+10N25I=AAAAT39+33N108A180+8N",90,0.204081632653061,2
"IM-23-122-XHZJ","8039832388","Maziba","Pf3D7_05_v3-350808-351052-1A","TAATATAATTTGAGTTGATAATATTATAATTATTTTTTATATGTTGCTCATTTATATTATTATGATAAATATGAGTTGTATTTTTATTAGAGTTGTAGGACATTTTCCCATACATTAGTTGTTTTACATTTTTAACATTTTTATAATTATGTATTAAACATAAAATTATTAGATAAA","Pf3D7_05_v3-350808-351052-1A.5","32+8N116T164A",265,0.210651828298887,4
"IM-23-122-XHZJ","8039832388","Maziba","Pf3D7_05_v3-1188456-1188706-1A","CAAAATTTAAATCAATAGCGGTTACGTTCATAATTTTGCCTTCAAAACTAACCTCTGTATGATATATAAATTTATTTTCCTTTACACTAAATACATATATAAAAATGGTACTTAATAATTTATCTTTATCATATTTAAATAATATTAAATCTGTTTTTACATCTGAGTTGTAATCACCGAAAT","Pf3D7_05_v3-1188456-1188706-1A.2","53C",194,0.11778992106861,5
"IM-23-122-XHZJ","8039832388","Maziba","Pf3D7_05_v3-1188456-1188706-1A","CAAAATTTAAATCAATAGCGGTTACGTTCATAATTTTGCCTTCAAAACTAACTTCTGTATGATATATAAATTTATTTTCCTTTACACTAAATACATATATAAAAATGGTACTTAATAATTTATCTTTATCATATTTAAATAATATTAAATCTGTTTTTACATCTGAGTTGTAATCACCGAAAT","Pf3D7_05_v3-1188456-1188706-1A.1",".",197,0.119611414693382,5
"IM-23-122-XHZJ","8039832388","Maziba","Pf3D7_11_v3-1006693-1006917-1A","GTGGGGGAGAGAATTTTACCTTGATATGCTCCCATGTTTTATCCTTTATACAATACATATAAGTGTCATTGGTAATATATGACCCTCTTTTACCTCCGTAAAGAAATAAACAATCTTCTTTTTTTTCAGTGGAGTAAATTAAATTTAATTTTGCAAAATAGCGTGG","Pf3D7_11_v3-1006693-1006917-1A.1","118+10N",149,0.279026217228464,3
"IM-23-122-XHZJ","8039832388","Maziba","Pf3D7_04_v3-141741-141990-1A","TGAATACCATATAGCCCTTTCAAATTATATAAAGACAGAACTAAGAAATATAAACCTGCAAGAAATAAAAAACAATATAATAAAAATATTTAAAGAATTCAAATCTGCACACAAAGAAATTAAAAAAGAATCAGAACAAATTAATAAAGAATTTACCAAAATGGATGTCGTCATAAATCAATTAAGAGATATAG","Pf3D7_04_v3-141741-141990-1A.1","66+8N121+8N",1511,0.859010801591814,3
"IM-23-122-XHZJ","8039832388","Maziba","Pf3D7_05_v3-1188456-1188706-1A","CGAAATTTAAATCAATAGCGGTTACGTTCATAATTTTGCCTTCAAAACTAACCTCTGTATGATATATAAATTTATTTTCCTTTACACTAAATACATATATAAAAATGGTACTTAATAATTTATCTTTATCATATTTAAATAATATTAAATCTGTTTTTACATCTGAGTTGTAATCACCGAAAT","Pf3D7_05_v3-1188456-1188706-1A.20","2G53C",884,0.536733454766242,5
"IM-23-122-XHZJ","8039832388","Maziba","Pf3D7_08_v3-1386786-1387035-2","TTGTCTCCTTTGTCGCAGCATGCCTTTCATTAGCTGCTATAGCTTGTGTTATCTTAACTTCATTATAAAAAAAATATACTTCGATAAAAGGTACATATACCATGCTGGTCAATGATATTAGCATGCGACATTCTAATATATCCATTATGAACAAGGTGAACAAGAATATTGGGATTATTGAAATTGT","Pf3D7_08_v3-1386786-1387035-2.1","66+10N",585,0.809128630705394,2
"IM-23-122-XHZJ","8039832388","Maziba","Pf3D7_13_v3-2816310-2816554-1B","CAAATACTTTTCAATATAGGTCTAGTGAAAGTGTGGAAGTAATAACTAATAAACCTGATGAAATGGAAATGACAACTAAACCACCATCACAATATATTGAAAAGGAAATTGGAGAAATTGATTCTACAAAAAATCAAGATAATGATGAACAAAGCAATTCTATAATTCCTTTAATTAATAAAAATAATGAA","Pf3D7_13_v3-2816310-2816554-1B.2","95T127+8N",308,0.263247863247863,2
"IM-23-122-XHZJ","8039832388","Maziba","Pf3D7_13_v3-1465616-1465890-1A","TCTTGTGGATTATTATCTATTATATTTTCTTTTGGTTCTTCGACAGCAAAATTATCTCCTCTTGGTCTAGGTTGATCATCTTCGGGTTCATGTGGAACATCTAATGGTTCCCGTTTTGGAGGACAGCTTTCTTCTTCACATTGTTCTTGTAATTCACTTGTACATCCTTCGTGTAAGATTTCTCTTTTTCTTGACCTGGTACCTTTACCACAAGTTACACTACATGGAGA","Pf3D7_13_v3-1465616-1465890-1A.196","30T38C92G121G126G",575,0.587934560327198,7
"IM-23-122-XHZJ","8039832388","Maziba","Pf3D7_14_v3-1038300-1038538-1A","ATTAATGATTTATACACTTCAACTACACTTTTTAATTTAGCCCATACAATTAATAAAGCTCTACGATAAATTTCTTTTTTATTTGATTTAGAAAAAGGAGAAAACCATTGAAACTTTTTGGCTAGATATTTATGGTCTTTATCAAAAATATATTCTGAAACTTCATCTTCTAGAAGT","Pf3D7_14_v3-1038300-1038538-1A.1","74+8N",358,0.382478632478632,2
"IM-23-122-XHZJ","8039832388","Maziba","Pf3D7_04_v3-284121-284364-1A","ATATTGTATATTATCATAAGATTTATATGGAGGACCACATTGAAATCCGACAATTTCATTTGATGCATGTAGTACACATTCCGTATTTCTGTTTGAATTATTTAAAATAATTTTATTACTTAGAAATGATTCTTTTTCACTATAATCTTTATATAACAAAGGTTCTTCATCAATTTGA","Pf3D7_04_v3-284121-284364-1A.4","163T",245,0.284222737819026,5
"IM-23-122-XHZJ","8039832388","Maziba","Pf3D7_01_v3-162867-163115-1A","ATATACCAATAATACTTTTTTTTTTAAATAATGTAAAAAATGATTTATATAATTGTTATAAACAAATGATCACATATCATAATAATAATAATAATATGCTAAATCATAACTCTAATATTTTATCAAAAGAAAATGAAAAAAAACAACCTTTTTCAACATATAATATATCAAATCTTTGTTCTCCTGACCAAATGGTGATAAATAAAAA","Pf3D7_01_v3-162867-163115-1A.4","15+12N34+8N91I=ATAATA92G129+10N",1114,0.745649263721553,3
"IM-23-122-XHZJ","8039832388","Maziba","Pf3D7_01_v3-162867-163115-1A","ATATACCAATAATACTTTTTTTTTTAAATAATGTAAAAAATGATTTATATAATTGTTATAAACAAATGATCACATATCATAATAATAATAATAATATGCTAAATCATAACTCTAATATTTTATCAAAAGAAAATGAAAAAAAACAACCTTTTTCAACATATAATATATCAAATCTTTGTTCTCCTGATCAAATGGTAATAAATAAAAA","Pf3D7_01_v3-162867-163115-1A.5","15+12N34+8N91I=ATAATA92G129+10N182T191A",42,0.0281124497991968,3
"IM-23-122-XHZJ","8039832388","Maziba","Pf3D7_13_v3-146695-146934-1A","AAAGTATTTGTAATAGATTAAACGATGAACTAAATGAAGAAATATGTGGTTATCAAATTAGGTTTGAAAAATCGTATTTTTTAAAACATAGTAAAATTAAAGTTATGACAGAAGGAATTTTATTGAAAGAAATTATGAGTGATTTTATTTTATCAAAATATAGTGTTATCATTCTTGA","Pf3D7_13_v3-146695-146934-1A.2","76+8N170C",1457,0.658382286488929,4
"IM-23-122-XHZJ","8039832388","Maziba","Pf3D7_13_v3-1406713-1406975-1A","TTTCATGTCTTCTTAAATATGTTTTAAATCCATTATTTAATTTTTCATCATATTTAGGTACATTTTTTTTTGGAAATCTAGATGTTTCATTATTATCGTGATTTGATGAATATATATAATGAGTTTGTTTAAAATGTGGTTCATTCAAATTATCTTTTTTCTTATCTTCGTGTATATTTTTATTATAATTTGAATACTTC","Pf3D7_13_v3-1406713-1406975-1A.9","6T30C62+11N154+8N",406,0.602373887240356,3
"IM-23-122-XHZJ","8039832388","Maziba","Pf3D7_13_v3-1406713-1406975-1A","TTTCATGTCTTCTTAAATATGTTTTAAATTCATTATTTAATTTTTCATCATATTTAGGTACATTTTTTTTTGGAAATCTAGATGTTTCATTATTATCGTGATTTGATGAATATATATAATGAGTTTGTTTAAAATGTGGTTCATTCAAATTATCTTTTTTCTTATCTTCGTGTATATTTTTATTATAATTTGAATACTTC","Pf3D7_13_v3-1406713-1406975-1A.1","6T62+11N154+8N",107,0.158753709198813,3
"IM-23-122-XHZJ","8039832388","Maziba","Pf3D7_04_v3-1005938-1006187-1A","GTCTTAACATTAATTCTAGTTACAAAGTTACATGGATTTATTGAAAAGATATTTTCGTCATTATATTTCTTTTTTTCCATATCTGTTTGATCATTTTGATATGTTTTCATATTATCCATATGTTCATTATTTTGATCAATATAATTTTTTTTTATAATAAATTTAGAATTATTTTTAAAGAAA","Pf3D7_04_v3-1005938-1006187-1A.2","15T16C61T69+9N144+11N",106,0.14950634696756,3
"IM-23-122-XHZJ","8039832388","Maziba","Pf3D7_13_v3-2814606-2814855-1B","TAGCGATAATGATCCTGCAGTAGTAAGTGGTAGAGAATCTAAAGATGTAAATCTTCATACTTCTGAAAGGATTAAAGAAAATGAAGAAGGTGTGATTAAAACAGATGAAAGTTCAAAAAGTATTGAAATTTCTAAAATACCATCTGACCAAAATAATCATAGTGATTTATCACAGAATGCAAATGAGGACTCTA","Pf3D7_13_v3-2814606-2814855-1B.2",".",238,0.259541984732824,2
"IM-23-122-XHZJ","8039832388","Maziba","Pf3D7_11_v3-1934962-1935236-1A","TGATGTGCCAATATTAAGGATACATTTTCTAAAGCTTCTATCAGATAATGAAAATTTTTTCTGCGATTTTCATTTAAATCATTAAATATATTGGTTAGTTCTTGTATTGACGTTTTTGGATCTAAGGATGTAATTTGTTCATTTAATTCTTCTGTATATTCTAGATTAAAGTTTAAATTATTAAAATAACCTTCAGCATTATTTTCATTTTT","Pf3D7_11_v3-1934962-1935236-1A.1","54+10N98G",199,0.759541984732824,2
"IM-23-122-XHZJ","8039832388","Maziba","Pf3D7_04_v3-1083299-1083563-2","ATACACTTTCCATATGTAGAGGACTTATGATATATAGAATTATAAGATAAATGTTTATAATAATCTAAAAAAGTATAATGAGGTATTATAACAAAATCCAAATGTCCTTCTTTTTCTTGTAAAATATCAATAGAATTTGCAATGTTATAATTTGATAACTCTTTAAAATCATGTTGTAAAAAATTAACATTTTTATA","Pf3D7_04_v3-1083299-1083563-2.4","66+8N170C173G177+8N",70,0.124113475177305,3
"IM-23-122-XHZJ","8039832388","Maziba","Pf3D7_01_v3-145388-145662-1A","GATATGTTTAAATATATGATTCTCGAAAAAACTTTTTTTATTTTTTTTGTCAATAGATAAATGATCAATATTTTCTATATTTAATCTATCAAGAATTTTTATATATCTATTATTTCTTTCTTCGATGGATAAATTATAAGAATCAATATCCTTTCTTTCATCAACAAACTTTTTTATTGTTAACTCCATTTTTTTATTTAAGATACCA","Pf3D7_01_v3-145388-145662-1A.4","25+25N94A169+8N188+9N",57,0.234567901234568,4
"IM-23-122-XHZJ","8039832388","Maziba","Pf3D7_13_v3-1725887-1726123-2","AAATAGCTCCACCAACATTAATATCAATCATAGTTTCAGTAGCAATATTTGCATCAACAATTTTTTTTTTATCATTCTCAAAATTTTTATATTCTTGATAATATTTTTCTTTTTCTAAATATAATACTAATTTAATTTTATCGATTTCTTGTAAAAATCTTAATCTTTCTTCATCAA","Pf3D7_13_v3-1725887-1726123-2.1","60+12N",904,0.978354978354978,2
"IM-23-122-XHZJ","8039832388","Maziba","Pf3D7_04_v3-648065-648332-1A","TATAACTTCTGATTCAGTTTTGTTAAGATATATACCAAGAGATCTTAACAAATATAATAATTTTTCACCACTAACTCCATCTTTATTAGTATCGTATTCTTTAAATATTGATTCAATCTCAGCTCTCTTAAAGAAAACAAATATATATACATATATATATGTATTTATATGAATTTGTATCAATAAATAATAACATTCTTA","Pf3D7_04_v3-648065-648332-1A.2","4A141+30N",355,0.659851301115242,3
"IM-23-122-XHZJ","8039832388","Maziba","Pf3D7_13_v3-2840462-2840736-1B","AATAAACACATATGTTTATTAATAAAATTGTTAGTTATTTTTATGTATACATAATAAATTAAAGATACTAAAACAATATTTTTAAATATAAATAAATGAATAATGATATTATTTATATGATTCATCATTCTATATTTACATGGAAGATTAAAAAATTATATATATATATATATATGGTAATTTCTGTGTTTATGTTTTTATTTTTATAATA","Pf3D7_13_v3-2840462-2840736-1B.7","88A149+23N",6,0.285714285714286,2
"IM-23-122-XHZJ","8039832388","Maziba","Pf3D7_13_v3-2840462-2840736-1B","AATAAACACATATGTTTATTAATAAAATTGTTAGTTATTTTTATGTATACATAATAAATTAAAGATACTAAAACAATATTTTTAAATGTAAATAAATGAATAATGATATTATTTATATGATTCATCATTCTATATTTACATGGAAGATTAAAAAATTATATATATATATATATATGGTAATTTCTGTGTTTATGTTTTTATTTTTATAATA","Pf3D7_13_v3-2840462-2840736-1B.5","149+23N",15,0.714285714285714,2
"IM-23-122-XHZJ","8039832388","Maziba","Pf3D7_13_v3-388138-388408-1A","ATATATCTTTATTCATATGTTCTATATATTGTCTTTGTCTCTTTTCCTTTCTCATATCAGATATTATTGAATAATTTCCTTTATCACATACATATCTAGGATTATGTGATAATTCATAAGCTGCTCTTTTTAAAACTCTATTCTTTTCTTTAAAACTATTAAATTTTATATTATTGTTCATATTAGATGTGTTCCTTTTAATAATA","Pf3D7_13_v3-388138-388408-1A.1","194C",497,0.418350168350168,2
"IM-23-122-XHZJ","8039832388","Maziba","Pf3D7_04_v3-1113397-1113639-1A","GATTCTGCATGCAGTAATGAATCTATTGAAATCATCTAAGAATAAACTTTTTTGTTTAAACCATTTATTGAACATTTCACTTAAATGTGATTCAATTTTTTTTTCTGAGATTTCCATAATTTGATTACATCTATTCAATTTGTTTGTATAATTATTAGGTCTTATTATTCTTTTACGTTTTAAATCATC","Pf3D7_04_v3-1113397-1113639-1A.4","47+8N95+11N110A130T152T154A",321,0.184376794945434,4
"IM-23-122-XHZJ","8039832388","Maziba","Pf3D7_11_v3-115913-116184-1A","ACCTCCAGATGTTATAAATATTATATTATCATCATCATTTGGAAGGAAATTCTCCTCTAATGTTTTTAATATTTCATCTATATTTTTAGGTCTCAATTTACTATTGAAAAATTTTGAATACTTCAAAAAATAATCATCATCTTTTACATTACATATATTATCATTATTTTCATTTTGTTTTAGTAGTTCATCTTTTTTATTATC","Pf3D7_11_v3-115913-116184-1A.1","7A124+8N197T",38,0.104972375690608,3
"IM-23-122-XHZJ","8039832388","Maziba","Pf3D7_04_v3-1005938-1006187-1A","GTCTTAACATTAATCTTAGTTACAAAGTTACATGGATTTATTGAAAAGATATTTTCGTCACTATATTTCTTTTTTTCCATATCCGTTTGATCATTTTGATATGTTTTCATATTATCCATATGTTCATTATTTTGATCAATATAATTTTTTTTTATAATAAATTTAGAATTATTTTTAAAGAAA","Pf3D7_04_v3-1005938-1006187-1A.4","69+9N84C144+11N",396,0.558533145275035,3
"IM-23-122-XHZJ","8039832388","Maziba","Pf3D7_10_v3-992596-992869-1A","GAAAATAATAAAATGCACAGTATCAATTCTGATAGAAATAAAAATGATTATATTCCATCTTCCTATTTACATACAATATATAAAACATTTAGCGAACATATAAACCGAGATAATGGAAATATTTATGATGATGAAAAAAAAAATTTATATGATGGAACTGTTTTTTATATAGAAACATTAAACGAATTAAGAATTATAAATATATTATTTTCA","Pf3D7_10_v3-992596-992869-1A.1","133+12N160+8N",223,1,1
"IM-23-122-XHZJ","8039832388","Maziba","Pf3D7_11_v3-2001725-2001999-2","AGATGTAAGAACTAAGAATGTAAATACAAGTAAGAGAAATGAAGGACTTAATGATATAAATGAATCAGAAAAAACAAGAACAAGAAGGCCATCAACAAAATCAAATAATAATAATGTGTCATACGAGAATGAATTAGAGAGTGTATCTGAATCGTTTGATAACTTTTTGGAGGATCATATGAAGGAAGGTGTTTTTTTAGATGGGGAAAA","Pf3D7_11_v3-2001725-2001999-2.36","68+8N118G191+9N",120,0.306122448979592,3
"IM-23-122-XHZJ","8039832388","Maziba","Pf3D7_11_v3-2001725-2001999-2","GGATGTAAGAACTAAGAATGTAAATACAAGTAAGAGAAATGAAGGACTTAATGATATAAATGAATCAGAAAAAACAAGAACAAGAAGGGCATCAACAAAATCAAATAATAATAATAATAATGTATCATACGAGAATGAATTAGAGAGTGTATCTGAATGGTTTGATAACTTTTTGGAGGATCATATGAAGGAAGGTGTTTTTTTAGATGGGGAAAA","Pf3D7_11_v3-2001725-2001999-2.1","1G68+8N89G116I=AATAAT153G191+9N",247,0.630102040816326,3
"IM-23-122-XHZJ","8039832388","Maziba","Pf3D7_08_v3-1375205-1375450-2","ACAAAAGTACGGAGGCAAAAACGGCAGCGGATAATACTTTATTTTTTGAGAAGGAAACCATTTTTATTAAATAACTATATAAATAGAAAAAGAAATAATAACAAAAATGTATAAATATAATTGTATAATATATGATATATATAAAATATAGAATACTAATTTTTTGCATATACAAAAAA","Pf3D7_08_v3-1375205-1375450-2.1","41+8N159+8N173+7N",231,1,1
"IM-23-122-XHZJ","8039832388","Maziba","Pf3D7_13_v3-1465616-1465890-1A","TCTTGTGGATTATTATCTATTATATTTTCTTTTGGTTTTTCGACAGCAAAATTATCTCCTCTTGGTCTAGGTTGATCATCTTCGGGTTCATCTGGAACATCTAATGGTTCCCGTTTTGGAGGACATCCTTCTTCTTCACATTGTTCTTGTATTTCACTTGTACATCCTTCGTGTAAGATTTCTCTTTTTCTTGACCTGGTACCTTTACCACAAGTTACACTACATGGAGA","Pf3D7_13_v3-1465616-1465890-1A.197","30T121G128C152T",1,0.00102249488752556,7
"IM-23-122-XHZJ","8039832388","Maziba","Pf3D7_04_v3-284121-284364-1A","ATATTGTATATTATCATAAGATTTATATGGAGGACCACATTGAAATCCGACAATTTCATTTGATGCATGTAGTACACATTCCGTATTTCTGTTTGAATTATTTAAAATAATTTTATTACTTAGAAATGATTCTTTTTCACTATAATCTTTATATAACAAAGGGTCTTCATCAATTTGA","Pf3D7_04_v3-284121-284364-1A.5",".",564,0.654292343387471,5
"IM-23-122-XHZJ","8039832388","Maziba","Pf3D7_01_v3-145388-145662-1A","GATATGTTTAAATATATGATTCTCGAAAAAACTTTTTTTATTTTTTTTGTCAATAGATAAATGATCAATATTTTCTATATTTAATCTATCAAGAATTTTTATATATCTATTATTTCTTTCTTCGATGGATAAATTATATGAATCAATATCCTTTCTTTCATCAACAAACTTTTTTATTGTTAACTCCATTTTTTTATTTAAGATACCA","Pf3D7_01_v3-145388-145662-1A.3","25+25N94A139T169+8N188+9N",6,0.0246913580246914,4
"IM-23-122-XHZJ","8039832388","Maziba","Pf3D7_01_v3-145388-145662-1A","GATATGTTTAAATATATGATTCTCGAAAAAACTTTTTTTATTTTTTTTGTCAATAGATAAATGATCAATATTTTCTATATTTAATCTATCAAGTATTTTTATATATCTATTATTTCTTTCTTCGATGGATAAATTATAAGAATCAATATCCTTTCTTTCATCAACAAACTTTTTTATTGTTAACTCCATTTTTTTATTTAAGATACCA","Pf3D7_01_v3-145388-145662-1A.1","25+25N169+8N188+9N",13,0.0534979423868313,4
"IM-23-122-XHZJ","8039832388","Maziba","Pf3D7_13_v3-1725379-1725652-2","ATTATTTCTTCTAGGTATATTTAAATTACTTGAAACATACCATACATCTCTTAAACGATCATACACCTCAGTTTCAAATAAAGCCTTATAATCATAGTTATTACCACCAAAAACGTATAAGAAATTATTCAATACAGCACTTCCAAAATAAGCTTTTTTGGTAGACATAGGTGTACACATACGCCAGCATTGTTGACTAATATCTAATAATTCCA","Pf3D7_13_v3-1725379-1725652-2.1","153+8N",582,1,1
"IM-23-122-XHZJ","8039832388","Maziba","Pf3D7_13_v3-911757-912005-1A","GAGCCAACAATTTGATTTTCCACAACTTACTGAATCTTTAAAACATTGTGAACAGGTATCTGACATTTTTTTATTATCTTTGGCTAGTTCCTTTTGAACACATTCCATAGTACTATTACCTGAACCTAAGTTATCAACAGAACATTTTAATAATATACTAAAAAATTTATTGCTAGGAGAAAGTTGTAAA","Pf3D7_13_v3-911757-912005-1A.2","65+9N117T159+8N",315,0.194684796044499,2
"IM-23-122-XHZJ","8039832388","Maziba","Pf3D7_13_v3-1465616-1465890-1A","TCTTGTGGATTATTATCTATTATATTTTCTTTTGGTTTTTCGACAGCAAAATTATCTCCTCTTGGTCTAGGTTGATCATCTTCGGGTTCTTGTGGAACATCTAATGGTTCCCATTTTGGAGGACATCTTTCTTCTTCACATTGTTCTTGTAATTCACTTGTACATCCTTCGTGTAAGATTTCTCTTTTTCTTGACCTGGTACCTTTACCACAAGTTACACTACATGGAGA","Pf3D7_13_v3-1465616-1465890-1A.195","30T90T92G113A121G",231,0.236196319018405,7
"IM-23-122-XHZJ","8039832388","Maziba","Pf3D7_04_v3-900526-900759-1A","TTAACAACTTATCATCATTTATTAGATTCTTTTCATGGAACAGATTATTAACAGTATCCATAATTTTATGATCATCCGTGTTATATGTATCTATACAAGTATTTAGCTTGCTTATATAATTTACATATTTCAACGGATCATTTTGAAGTATGCAATCATCGAATGAATA","Pf3D7_04_v3-900526-900759-1A.1","106G",824,0.614466815809098,3
"IM-23-122-XHZJ","8039832388","Maziba","Pf3D7_04_v3-900526-900759-1A","TTAACAACTTATCATCATTTATTAGATTCTTTTCATTGAACAGATTATTAACAGTATCCATAATTTTATGATCATCCGTGTTATATGTATCTATACAAGTATTTAGCTTGCTTATATAATTTACATATTTCAACGGATCATTTTGAAGTATGCAATCATCGAATGAATA","Pf3D7_04_v3-900526-900759-1A.3","37T106G",265,0.197613721103654,3
"IM-23-122-XHZJ","8039832388","Maziba","Pf3D7_04_v3-1005938-1006187-1A","GTCTTAACATTAATCTTAGTTACAAAGTTACATGGATTTATTGAAAAGATATTTTCGTCATTATATTTCTTTTTTTCCATATCTGTTTGATCATTTTGATATGTTTTCATATTATCCATATGTTCATTATTTTGATCAATATAATTTTTTTTTATAATAAATTTAGAATTATTTTTAAAGAAA","Pf3D7_04_v3-1005938-1006187-1A.5","61T69+9N144+11N",207,0.291960507757405,3
"IM-23-122-XHZJ","8039832388","Maziba","Pf3D7_03_v3-221463-221712-1B","ACTTGAATACCATTTCCACAAGTTACACTACATGGGGACCATTCAGTTGAAAGAGAATTTTGTATTTTCTTTAAATATTTTTCTATGTGCTGATCACTTGGTTCTTCGTTATTATTATTTTTTACAGCATTGTTGGCATTAGCATTTTCATCTACATTTCGGTTTGGGTCATTTGGCATATTGTGACCTTGTC","Pf3D7_03_v3-221463-221712-1B.13","69C80T83C92G117+8N130T",8,0.0124416796267496,8
"IM-23-122-XHZJ","8039832388","Maziba","Pf3D7_13_v3-1419363-1419626-1A","TTTTGAAATCTGTATATTTTTTACCATATTCATCGAGATTTATTTTGTTCTCTTTGTTTGAAATATCAACTACATGATTAAAAACATCTCCTAAATTATATAATTTTTTAACTAGGTCTTTTCGAAATGTCGATTCTCCTCCTTGTGCTGGTTTTTGTACTTCTTGTCCTTGTGTTGATATCTCTTGTTCATTTTTAGATTGAG","Pf3D7_13_v3-1419363-1419626-1A.26","16+8N52C107T111A123C",12,0.0319148936170213,4
"IM-23-122-XHZJ","8039832388","Maziba","Pf3D7_04_v3-1037644-1037891-1A","GAAAGAGATTTAACAGATGATGCTGTGATTTTTGCACACTCACTTTATTTACCATTTGAAAAAGAAGAAATGTGGTGGATCGTTATCGGAATTAAAAAAATGAACTTACTTTTATCTATCAAAAAATTATCTTTATTGAAAAGTATCAATAATATAAAAATTAATTTCGAATTGCCTGACA","Pf3D7_04_v3-1037644-1037891-1A.2","93+9N120+8N145A",319,0.250786163522013,2
"IM-23-122-XHZJ","8039832388","Maziba","Pf3D7_05_v3-1188456-1188706-1A","CGAAATTTAAATCAATAGCGGTTACGTTCATAATTTTGCCTTCAAAACTAACTTCTGTATGATATATAAATTTATTTTCCTTTACACTAAATACATATATAAAAATGGTACTTAATAATTTATCTTTATCATATTTAAATAATATTAAATCTGTTTTTACATCTGAGTTGTAATCACCGAAAT","Pf3D7_05_v3-1188456-1188706-1A.4","2G",353,0.214329083181542,5
"IM-23-122-XHZJ","8039832388","Maziba","Pf3D7_13_v3-1465616-1465890-1A","TCTTGTGGATTATTATCTATTATATTTTCGTTTGGTTTTTCGACAGCAAAATTATCTCCTCTTGGTCTAGGTTGATCATCTTCGGGTTCATCTGGAACATCTAATGGTTCCCGTTTTGGAGGACATCTTTCTTCTTCACATTGTTCTTGTAATTCACTTGTACATCCTTCGTGTAAGATTTCTCTTTTTCTTGACCTGGTACCTTTACCACAAGTTACACTACATGGAGA","Pf3D7_13_v3-1465616-1465890-1A.9","121G",117,0.119631901840491,7
"IM-23-122-XHZJ","8039832388","Maziba","Pf3D7_04_v3-544454-544718-1A","ACAAAATATAATACTTTATATACAAATGCTTATAAAAAATTTTAACTCGAACGTACTTCAAAATAATATAAATGAACAAGAAGTAATACATAATAACATCAACATTAATAATATAAAAGAAGAACAACTTATACCAAATAATATCAAGAATATCCATAATAATGACAATATTAATCATTGTGATGGTAATAAAATAA","Pf3D7_04_v3-544454-544718-1A.12","33+8N128C186G",252,0.361031518624642,5
"IM-23-122-XHZJ","8039832388","Maziba","Pf3D7_04_v3-284121-284364-1A","ATATTGTATATTATCATAAGATTTATATGGAGGACCACATTGAAATCCGACAATTTCATTTGATGCATGTAGTACACATTCCGTATTTCTGTTTGAATTATTTAAAATAATTTTATTACTTAGAAATGATTCTTTTTCACTATAATCTTTATATAACAAAGGGTTTTCATCAATTTGA","Pf3D7_04_v3-284121-284364-1A.6","165T",12,0.0139211136890951,5
"IM-23-122-XHZJ","8039832388","Maziba","Pf3D7_03_v3-653961-654206-1A","CTCGTACAATATTTTTATAATTTCCTTTCATCTTATTTTTTTCTTTATATTTTTTTTTTTCATATGTAAGATTTATATAATCACTTTCGCTTTTTCTAACCCTTTTGAACTTTTTAAATGTACTTCGTTCATTATTTCTAATTCTCGTAAACACAAGAATAAATATTTTGATATATCTTATA","Pf3D7_03_v3-653961-654206-1A.2","35+9N49+13N",581,0.728070175438597,2
"IM-23-122-XHZJ","8039832388","Maziba","Pf3D7_13_v3-1465616-1465890-1A","TCTTGTGGATTATTATCTATTATATTTTCTTTTGGTTCTTCGACAGCAAAATTATCTCCTCTTGGTCTAGGTTGATCATCTTCGGGTTCATGTGGAACATCTAATGGTTCCCGTTTTGGAGGACATCTTTCTTCTTCACATTGTTCTTGTAATTCACTTGTACATCCTTCGTGTAAGATTTCTCTTTTTCTTGACCTGGTACCTTTACCACAAGTTACACTACATGGAGA","Pf3D7_13_v3-1465616-1465890-1A.31","30T38C92G121G",1,0.00102249488752556,7
"IM-23-122-XHZJ","8039832388","Maziba","Pf3D7_04_v3-109939-110184-1A","CAACATCTGAATTATATAAATCTTTAGAAAAACAACTAATATCCTTACTCCATATATTTATTTTTATACCAAGAATAACAGCCATATAAACCAAAACTCTCTCAAATGCATGTGATACAGGTAAATAAGAAAAATGGGTTTTCGGTTTCATGTTTTTTATTACATTATGATCACATAATGGTGCTACT","Pf3D7_04_v3-109939-110184-1A.2","51C108G152+8N",209,0.237230419977299,2
"IM-23-122-XHZJ","8039832388","Maziba","Pf3D7_13_v3-911757-912005-1A","GAGCCAACAATTTGATTTTCCACAACTTACTGAATCTTTAAAACATTGTGAACAGGTATTTGACATTTTTTTATTATCTTTGGCTAGTTCCTTTTGAACACATTCCATAGTACTATCACCTGAACCTAAGTTATCAACAGAACATTTTAATAATATACTAAAAAATTTATTGCTAGGAGAAAGTTGTAAA","Pf3D7_13_v3-911757-912005-1A.3","60T65+9N159+8N",1303,0.805315203955501,2
"IM-23-122-XHZJ","8039832388","Maziba","Pf3D7_11_v3-1127074-1127316-1A","AACATTTTAATATTCCTAATTTCGAAAATATGATGAAAGGAGTTTTTGGAATTATTCAAAATCCTTTTGAAAATGGCCAACCCACTTTCCCATTCTTTAAAAATATTAATTCGATCTCTGGAATCGGTAATGTTGATATCCCCAAAAATTTTATGAATGATTTTTTGAATAATGGAAATGATCAAAACA","Pf3D7_11_v3-1127074-1127316-1A.1","13T160+8N",168,0.114911080711354,3
"IM-23-122-XHZJ","8039832388","Maziba","Pf3D7_05_v3-1188456-1188706-1A","CAAAATTTAAATCAATAGCGGTTACGTTCATAATTTTGCCTTCAAAACTAACCTCTGTATGATATATAAATTTATTTTCCTTTACACTAAATACATATATAAAAATGGTACTTAATAATTTATCTTTATCATATTTAAATAATATTAAATCTGTTTTTACATCTGAGTTATAATCACCGAAAT","Pf3D7_05_v3-1188456-1188706-1A.5","53C170A",19,0.0115361262902247,5
"IM-23-122-XHZJ","8039832388","Maziba","Pf3D7_11_v3-2001725-2001999-2","AGATGTAAGAACTAAGAATGTAAATACAAGTAAGAGAAATGAAGGACTTAATGATATAAATGAATCAGAAAAAACAAGAACAAGAAGGCCATCAACAAAATCAAATAATAATAATGTATCATACGAGAATGAATTAGAGAGTGTATCTGAATCGTTTGATAACTTTTTGGAGGATCATATGAAGGAAGGTGTTTTTTTAGATGGGGAAAA","Pf3D7_11_v3-2001725-2001999-2.2","68+8N191+9N",25,0.0637755102040816,3
"IM-23-122-XHZJ","8039832388","Maziba","Pf3D7_03_v3-891553-891827-1A","CAAGAGCTAAGAAAACATATAGAATTATCATAAGGATGTTGATAATATAAATGTGTTTTTATTTGTGTATTTATGTCAGAATATTGTTCCTTTGATTTATCTTTAAAATAATCAATATTATTTATGTTGGTGGCTTTATTATTATTAAAATAATTTTGATTTGTTACATGATGACTAGGGGTATATTTGTATTTTACGTTTTTATTA","Pf3D7_03_v3-891553-891827-1A.6","26T",68,0.201780415430267,7
"IM-23-122-XHZJ","8039832388","Maziba","Pf3D7_13_v3-1419363-1419626-1A","TTTTGAAATCTGTATATTTTTTATCATGTTCATCGAGATTTATTTTGTTCTCTCTGTTTGAAATATCAACTACATGATTAAAAACATCTCCTAAATTATATAATTTCTTATCTAGGTCTTTTCGAAATGTCGATTCTCCTCCTTGTGCTGGTTTTTGTACTTCTTTTCCTTGTGTTGATATCTCTTGTTCATTTTTAGATTGAG","Pf3D7_13_v3-1419363-1419626-1A.4","16+8N24T28G52C54C123C166T",46,0.122340425531915,4
"IM-23-122-XHZJ","8039832388","Maziba","Pf3D7_13_v3-1419363-1419626-1A","TTTTGAAATCTGTATATTTTTTATCATGTTCATCGAGATTTATTTTGTTCTCTTTGTTTGAAATATCAACTACATGATTAAAAACATCTCCTAAATTATATAATTTCTTATCTAGGTCTTTTCGAAATGTCGATTCTCCTCCTTGTGCTGGTTTTTGTACTTCTTTTCCTTGTGTTGATATCTCTTGTTCATTTTTAGATTGAG","Pf3D7_13_v3-1419363-1419626-1A.5","16+8N24T28G52C123C166T",297,0.789893617021277,4
"IM-23-122-XHZJ","8039832388","Maziba","Pf3D7_05_v3-1322099-1322341-1A","TTCCAATAGAAACTAGATTACGATTTTCTTCATGAGGTAAATTGACATTCATCTTATATGTATAATTAAGGATGAGTAATAAATTGTTTAGAAATATTTTTATTTAATAATTTATATGTATTATTAATAATTCTGAATTTATCAATTGATATATTATTTTTGTTTTTCTTTATGCCATTC","Pf3D7_05_v3-1322099-1322341-1A.3","16G27T88T91G",38,0.119496855345912,4
"IM-23-122-XHZJ","8039832388","Maziba","Pf3D7_11_v3-408543-408771-1A","AGAGTGTTAATAATACTACAGCTAGTAATATTTCCAAATCCAAAAATGAACTTGAAAAAAAGTCATCAGTTAATAATAATGCTTATATTAAAATTATCGAAAATTATGATTTATTATGGTTAAAATTAATAGAAATTGAATTATGTTGTAATAATAAAAATTTAAATCCTATA","Pf3D7_11_v3-408543-408771-1A.1","54+9N",1387,0.967224546722455,2
"IM-23-122-XHZJ","8039832388","Maziba","Pf3D7_03_v3-515418-515657-1A","TTTCTTTAATTTCTATATGTTTGAATTCCCTTATAGACATATTTGAATCATTATTACTTTTATATGAAGTGTTATTATCGAAATTATTATTAATACATTTTATTTTAATGATTTTGTTAAAATTTTTATTATTTACTATAATGGAAGTCAGATATGTACTTATCGTATGGAAAGCTAATCATCAACA","Pf3D7_03_v3-515418-515657-1A.1",".",546,0.228260869565217,2
"IM-23-122-XHZJ","8039832388","Maziba","Pf3D7_04_v3-109939-110184-1A","CAACATCTGAATTATATAAATCTTTAGAAAAACAACTAATATCCTTACTCCATATATTTATTTTTATACCAAGAATAACAGCCATATAAACCAAAACTCTCTCAAATACATGTGATACAGGTAAATAAGAAAAATGGGTTTTCGGTTTCATGTTTTTTATTACATTATGATCACATAATGGTGCTACT","Pf3D7_04_v3-109939-110184-1A.1","51C152+8N",672,0.762769580022701,2
"IM-23-122-XHZJ","8039832388","Maziba","Pf3D7_13_v3-852647-852921-1A","TACGAAATGATGAATTAAAAGAATTAACATTTATGAAAAATAAAGAAAATAGGAATGCAGATACATATGTTTTTGATTATCCTAAAAAAGAGAAATATGACCAATTAGTTTTTGAATTACGTAAACATAATTTTAATATAACAAGCATTAATACATATAAAAAACTAAAAAATGAAACATCATCACAAAAAGAAGAAAATGCTTCTATAATAAGTT","Pf3D7_13_v3-852647-852921-1A.8","83+8N149T158+8N169A",106,0.190990990990991,2
"IM-23-122-XHZJ","8039832388","Maziba","Pf3D7_04_v3-648065-648332-1A","TATGACTTCTGATTCAGTTTTGTTAAGATATATACCAAGAGATCTTAACAAATATAATAATTTTTCACCACTAACTCCATCTTTATTAGTATCGTATTCTTTAAATATTGATTCAATCTCAGCTCTCTTAAAGAAAACAAATATATATACATATATATATGTATTTATATGAATTTGTATCAATAAATAATAACATTCTTA","Pf3D7_04_v3-648065-648332-1A.1","141+30N",127,0.236059479553903,3
"IM-23-122-XHZJ","8039832388","Maziba","Pf3D7_04_v3-648065-648332-1A","TATGACTTCTGATTCAGTTTTGTTAAGATATATACCAAGAGATCTTAACAAATATAATAATTTTTCACCACTAACTCCATCTTTATTTGTATCGTATTCTTTAAATATTGATTCAATCTCAGCTCTCTTAAAGAAAACAAATATATATACATATATATATGTATTTATATGAATTTGTATCAATAAATAATAACATTCTTA","Pf3D7_04_v3-648065-648332-1A.3","88T141+30N",56,0.104089219330855,3
"IM-23-122-XHZJ","8039832388","Maziba","Pf3D7_13_v3-1465616-1465890-1A","TCTTGTGGATTATTATCTATTATATTTTCTTTTGGTTCTTCGACAGCAAAATTATCTCCTCTTGGTCTAGGTTGATCATCTTCGGGTTCATGTGGAACATCTAATGGTTCCCGTTTTGGAGGACATCTTTCTTCTTCACATTGTTCTCGTATTTCACTTGTACATCCTTCGTGTAAGATTTCTCTTTTTCTTGACCTGGTACCTTTACCACAAGTTACACTACATGGAGA","Pf3D7_13_v3-1465616-1465890-1A.23","30T38C92G121G148C152T",15,0.0153374233128834,7
"IM-23-122-XHZJ","8039832388","Maziba","Pf3D7_11_v3-115913-116184-1A","ACCTCCAGATGTTATAAATATTATATTATCATCATCATTTGGAAGGAAATTCTCCTCTAATGTTTTTAATATTTCATCTATATTTTTAGGTCTCAATTTACTATTGAAAAATTTTGAATACTTCAAAAAATAATCATCATCTTTTACATTACATATATTATCATTATTTTCATTTTGTTTTAGTAGTTCATCTTTTATATTATC","Pf3D7_11_v3-115913-116184-1A.4","7A124+8N",33,0.0911602209944751,3
"IM-23-122-XHZJ","8039832388","Maziba","Pf3D7_03_v3-980853-981120-2","TAAGATTCTTTTGAGTTATTTATTTTCCAAATAATTTGGTTATATATATATGAAAATTCGATCATACCACATGCTCCAAGAATAATAGATGCATCGTCATTATATTGGAATGTAAAACTTTCATCATTCTCATTTGTATTAGGTACACAAGAATCATCTTTATTTTTATAATTTTCTTTACATGTACAATTAATTTTACTATATT","Pf3D7_03_v3-980853-981120-2.2","128T",2,0.00579710144927536,3
"IM-23-122-XHZJ","8039832388","Maziba","Pf3D7_03_v3-980853-981120-2","TAAGATTCTTTTGAGTTATTTATTTTCCAAATAATTTGGTTATATATATATGAAAATTCGATCATACCACATGCTCCAAGAATAATAGATGCATCGTCATTATATTGGAATGTAAAACTTTCATCATACTCATTTGTATTAGGTACACAAGAATCATCTTTATTTTTATAATTTTCTTTACATGTACAATTAATTTTACTATATT","Pf3D7_03_v3-980853-981120-2.1",".",286,0.828985507246377,3
"IM-23-122-XHZJ","8039832388","Maziba","Pf3D7_03_v3-891553-891827-1A","CAAGAGCTAAGAAAACATATAGAATCATCATAAGGATGTTGATAATATAAATGTGTTTTTATTTGTGTATTTATGTCAGAATATTGTTCCTTTGATTTATCTTTAAAATAATCAATATTATTTATGTTGGTGGCTTTATTATTATTAAAATAATTTTGATTTGTTACATGATGACTATGGGTATATTTGTATTTTACGTTTTTATTA","Pf3D7_03_v3-891553-891827-1A.5","178T",107,0.317507418397626,7
"IM-23-122-XHZJ","8039832388","Maziba","Pf3D7_13_v3-2814583-2814832-2","TCAGTCTTCTAATTCTAGCGATAATGATCCTGCAGTAGTAAGTGGTAGAGAATCTAAAGATGTAAATCTTCATACTTCTGAAAGGATTAAAGAAAATGAAGAAGGTGTGATTAAAACAGATGATAGTTCAAAAAGTATTGAAATTTCTAAAATACCATCTGACCAAAATAATCATAGTGATTTATCACAG","Pf3D7_13_v3-2814583-2814832-2.1","124T",1596,0.783505154639175,2
"IM-23-122-XHZJ","8039832388","Maziba","Pf3D7_13_v3-2816310-2816554-1B","CAAATACTTTTCAATATAGGTCTAGTGAAAGTGTGGAAGTAATAACTAATAAACCTGATGAAATGGAAATGACAACTAAACCACCATCACAATACATTGAAAAGGAAATTGGAGAAATTGATTCTACAAAAAATCAAGATAATGATGAACAAAGCAATTCTATAATTCCTTTAATTAATAAAAATAATGAA","Pf3D7_13_v3-2816310-2816554-1B.1","127+8N",862,0.736752136752137,2
"IM-23-122-XHZJ","8039832388","Maziba","Pf3D7_03_v3-515418-515657-1A","TTTCCTTAATTTCTATATGTTTGAATTCCCTTATAGACATATTTGAATCATTATTACTTTTATATGAAGTGTTATTATCGAAATTATTATTAATACATTTTATTTTAATGATTTTGTTAAAATTTTTATTATTTACTATAATGGAAGTCAGATATGTACTTATCGTATGGAAAGCTAATCATCAACA","Pf3D7_03_v3-515418-515657-1A.2","5C",1846,0.771739130434783,2
"IM-23-122-XHZJ","8039832388","Maziba","Pf3D7_13_v3-815862-816091-1A","ATGATGTAGATGCTAATAGCACATCCTGGTCAGTATCTTGTGATAAATAATTTAATTTATCCGCTAAAAAATAAAGTATAATTTCACAGCTTTTTTTATTTGTATCTGTGTTTTTCATGTTATCATAAAAAGACAAAGATGAAGTAGCACATGAGTTAATTA","Pf3D7_13_v3-815862-816091-1A.2","59A65+8N90+9N",106,0.166666666666667,3
"IM-23-122-XHZJ","8039832388","Maziba","Pf3D7_11_v3-408543-408771-1A","AGAGTGTTAATAATACTACAGCTAGTCATATTTCCAAATCCAAAAATGAACTTGAAAAAAAGTCATCAGCTAATAATAATGCTTATATTAAAATAATCGAAAATTATGATTTATTATGGTTAAAATTAATAGAAATTGAATTATGTTGTAATAATAAAAATTTAAATCCTATA","Pf3D7_11_v3-408543-408771-1A.2","27C54+9N70C95A",47,0.0327754532775453,2
"IM-23-122-XHZJ","8039832388","Maziba","Pf3D7_13_v3-852647-852921-1A","TACGAAATGATGAATTAAAAGAATTAACATTTATGAAAAATAAAGAAAATAGGAATGCAGATACATATGTTTTTCATTATCCTAAAAAAGAGAAATATGACCAATTAGTTTTTGAATTACGTAAACATAATTTTAATATAACAAGCATGAATACATATAAAAAACTAACAAATGAAACATCATCACAAAAAGAAGAAAATGCTTCTATAATAAGTT","Pf3D7_13_v3-852647-852921-1A.1","75C83+8N158+8N",449,0.809009009009009,2
"IM-23-122-XHZJ","8039832388","Maziba","Pf3D7_11_v3-497277-497548-1A","TTTTAGATTTAATTGAATATTCATTTTTAAATTATACTAGTTCTAATTTAAATACAATAAATAATAATAATGACAAAAAAAAACAAAATCAAAAAAATAAAAATCGCAAATATAGTAAAAATAATATTTTAGATCTCTATGAACACGTAAGGACGATCAGTTTATTTTATCACACGTTTAATTTACCTAAGGAGTATAATGAAAAATTGTT","Pf3D7_11_v3-497277-497548-1A.3","74+11N90+9N148T152G",281,0.640091116173121,3
"IM-23-122-XHZJ","8039832388","Maziba","Pf3D7_04_v3-748374-748611-1B","AAACTGGGAAAGCATTCCAAAAAAATTTAAACCTTTAAGCAATAGGATAAATGTTATATTGTCTAGAACCTTAAAAAAAGAAGATTTTGATGAAGATGTTTATATCATTAACAAAGTTGAAGATCTAATAGTTTTACTTGGGAAATTAAATTACTATAAATGTTTTATTATAG","Pf3D7_04_v3-748374-748611-1B.1","3A18+9N72+9N",781,0.770216962524655,2
"IM-23-122-XHZJ","8039832388","Maziba","Pf3D7_13_v3-2814583-2814832-2","TCAGTCTTCTAATTCTAGCGATAATGATCCTGCAGTAGTAAGTGGTAGAGAATCTAAAGATGTAAATCTTCATACTTCTGAAAGGATTAAAGAAAATGAAGAAGGTGTGATTAAAACAGATGAAAGTTCAAAAAGTATTGAAATTTCTAAAATACCATCTGACCAAAATAATCATAGTGATTTATCACAG","Pf3D7_13_v3-2814583-2814832-2.2",".",441,0.216494845360825,2
"IM-23-122-XHZJ","8039832388","Maziba","Pf3D7_04_v3-748585-748822-2","TTAATAAAAAAAATATATTTTACTAGAATAAATAGTACATATGAATGTGATGTATTTTTTCCAGAAATAAATGAAAATGAGTATCAAATTATTTCTGTTAGCGATGTATATACTAGTAACAATACAACATTGGATTTTATCATTTATAAGAAAACGAATAATAAAATGTT","Pf3D7_04_v3-748585-748822-2.1","5+10N54+8N",413,1,1
"IM-23-122-XHZJ","8039832388","Maziba","Pf3D7_04_v3-900526-900759-1A","TTAACAACTTATCATCATTTATTAGATTCTTTTCATGGAACAGATTATTAACAGTATCCATAATTTTATGATCATCCGTGTTATATGTATCTATACAAGTATTTAACTTGCTTATATAATTTACATATTTCAACGGATCATTTTGAAGTATGCAATCATCGAATGAATA","Pf3D7_04_v3-900526-900759-1A.2",".",252,0.187919463087248,3
"IM-23-122-XHZJ","8039832388","Maziba","Pf3D7_03_v3-221463-221712-1B","ACTTGAATACCATTTCCACAAGTTACACTACATGGGGACCATTCAGTTGAAATAGAATTTTTTATTTTCTTTAAATATTCTTTTATGTGCTTATCACTTGGTTCTTCGTTATTATTATTTTTTACAGCATTGTTGGCATTAGCATTTTCATCTACATTTCGGTTTGGGTCATTTGGCATATTGTGACCTTGTC","Pf3D7_03_v3-221463-221712-1B.32","53T62T69C117+8N130T",4,0.00622083981337481,8
"IM-23-122-XHZJ","8039832388","Maziba","Pf3D7_04_v3-544454-544718-1A","ACAAAATATAATACTTTATATACAAATGCTTATAAAAAATTTTAACTCGAACGTACTTCAAAATAATATAAATGAACAAGAAGTAATACATAATAACATCAACATTAATAATATAAAAGAAGAACAAATTATACCAAATAATATCAAGAATATCCATAATAATGACAATATTAATCATTGTGATGGTAATAAAATAA","Pf3D7_04_v3-544454-544718-1A.1","33+8N186G",50,0.0716332378223496,5
"IM-23-122-XHZJ","8039832388","Maziba","Pf3D7_03_v3-891553-891827-1A","CAAGAGCTAAGAAAACATATAGAATCATCATAAGGATGTTGATAATATAAATGTGTTTTTATTTGTGTATTTATGTCAGAATATTGTTCCTTTGATTTATCTTTAAAATAATCAATATTATTTATGTTGGTGGCTTTATTATTATTAAAATAATTTTGATTTGTTACATGATGACTAGGGGTATATTTGTATTTTACGTTTTTATTA","Pf3D7_03_v3-891553-891827-1A.2",".",1,0.0029673590504451,7
"IM-23-122-XHZJ","8039832388","Maziba","Pf3D7_11_v3-408285-408534-1A","TACGAAGAAGGTTTAAAATATTGTGCGTCATCAATTAATTTATGGATATGTGCTATCGATTTACAAATAGAAAAAAAGAATTATACAGGTGCTAGAGCTTTGACGGAGAAAGCAAAAATCAAAATCAAGTATTTAAATTCTTTTAATAATAATAGTCATATTTTAAAAAGTAAAGAAATTATTGAA","Pf3D7_11_v3-408285-408534-1A.2","3C70+9N",472,0.656467315716273,2
"IM-23-122-XHZJ","8039832388","Maziba","Pf3D7_03_v3-855426-855697-1A","GTTATTTCAGTATGAGTTTCAACAGTTAATACTACTTCAGGATATGGATTGATACTTAACGTATGTACTCTCAATAATCTAGTATCAAATATATATGAAAATGTATACTCAGGAAAACATATAGTAGATAATCCATTATTATTCTCTATACATATTTTACTTATAGCTATATAATCGTAATTATCTTCTATTACTATTGGTTCTGTG","Pf3D7_03_v3-855426-855697-1A.1","32C",296,0.539162112932605,3
"IM-23-122-XHZJ","8039832388","Maziba","Pf3D7_13_v3-1465901-1466157-1A","CATAAAGGGTCCGATAACATTTTTTACATTTTCCCATGCAGAATCAGCATACAAGTTACATTTACCATCTGATGGATGACAACCTACAAGAAATCTGTTGAAAGCTACATTAATACCTTGTCCAATACCAAAAACAGCTATTTTAACACCAAGATCATTTAATTTTCTTGATTCTTTTAATGAATTTTGAATACTAT","Pf3D7_13_v3-1465901-1466157-1A.7","19+8N152A158T186T",14,0.0143149284253579,4
"IM-23-122-XHZJ","8039832388","Maziba","Pf3D7_03_v3-855426-855697-1A","GTTATTTCAGTATGAGTTTCAACAGTTAATAATACTTCAGGATATGGATTGATACTTAACGTATGTACTCTCAATAATCTAGTATCAAATATATATGAAAATGTATACTCAGGAAAACATATAGTAGATAATCCATTATTATTCTCTATACATATTTTACTTATAGCTATATAATCGTAATTATCTTCTATTACTATTGGTTCTGTG","Pf3D7_03_v3-855426-855697-1A.3",".",6,0.0109289617486339,3
"IM-23-122-XHZJ","8039832388","Maziba","Pf3D7_11_v3-408285-408534-1A","TATGAAGAAGGTTTAAAATATTGTGCGTCATCAATTAATTTATGGATATGTGCTATCGATTTACAAATAGAAAAAAAGAATTATACAGGTGCTAGAGCTTTGACGGAGAAAGCAAAAATCAAAATCAAGTATTTAAATTCTTTTAATAATAATAGTCATATTTTAAAAAGTAAAGAAATTATTGAA","Pf3D7_11_v3-408285-408534-1A.1","70+9N",247,0.343532684283727,2
"IM-23-122-XHZJ","8039832388","Maziba","Pf3D7_13_v3-2814606-2814855-1B","TAGCGATAATGATCCTGCAGTAGTAAGTGGTAGAGAATCTAAAGATGTAAATCTTCATACTTCTGAAAGGATTAAAGAAAATGAAGAAGGTGTGATTAAAACAGATGATAGTTCAAAAAGTATTGAAATTTCTAAAATACCATCTGACCAAAATAATCATAGTGATTTATCACAGAATGCAAATGAGGACTCTA","Pf3D7_13_v3-2814606-2814855-1B.1","109T",679,0.740458015267176,2
"IM-23-122-XHZJ","8039832388","Maziba","Pf3D7_03_v3-221463-221712-1B","ACTTGAATACCATTTCCACAAGTTACACTACATGGGGACCATTCAGTTGAAAGAGAATTTTTTATTGTCTTTAAATATTGTTCTATGTGCTTATCACTTGGTTCTTCGTTATTATTATTTTTTACAGCATTGTTGGCATTAGCATTTTCATCTACATTTCGGTTTGGGTCATTTGGCATATTGTGACCTTGTC","Pf3D7_03_v3-221463-221712-1B.1","62T67G69C80G83C117+8N130T",131,0.203732503888025,8
"IM-23-122-XHZJ","8039832388","Maziba","Pf3D7_03_v3-891553-891827-1A","CAAGAGCTAAGAAAACATATAGAATTATCATAAGGATGTTGATAATATAAATGTGTTTTTATTTGTGTATTTATGTCAGAATATTGTTCCTTTGATTTATCTTTAAAATAATCAATATTATTTATGTTGGTGGCTTTATTATTATTAAAATAATTTTGATTTGTTACATGATGACTATGGGTATATTTGTATTTTACGTTTTTATTA","Pf3D7_03_v3-891553-891827-1A.4","26T178T",62,0.183976261127596,7
"IM-23-122-XHZJ","8039832388","Maziba","Pf3D7_13_v3-1419363-1419626-1A","TTTTGAAATCTGTATATTCTTTACCATATTTATCGATATTTATTTTGTTCTTTTTGTTTGAAATATCAACTACATGATTAAAAACATCTCCTAAATTATATAATTTCTTATCTAGGTCTTTTTGAAATGTCGATTCTCCTCCTTGTGCTGGTTTTTGTACTTCTTGTCCTTGTGTTGATATCTCTTGTTCATTTTTAGATTGAG","Pf3D7_13_v3-1419363-1419626-1A.15","16+8N31T37T",21,0.0558510638297872,4
"IM-23-122-XHZJ","8039832388","Maziba","Pf3D7_13_v3-1465901-1466157-1A","CATAAAGGGTCCGATAACATTTTTTACATTTTCCCATGCAGAATCAGCATACAAGTTACATTTACCATCTGATGGATGACAACCTACAAGAAATCTGTTGAAAGCTACATTAATACCTTGTCCAATACCAAAAACAGCTATTTTAACACCACGATCATTTAATTTTCTTGATTCTTTTAATGAATCTTGAATACTAT","Pf3D7_13_v3-1465901-1466157-1A.1","19+8N158T",398,0.406952965235174,4
"IM-23-122-XHZJ","8039832388","Maziba","Pf3D7_03_v3-221463-221712-1B","ACTTGAATACCATTTCCACAAGTTACACTACATGGGGACCATTCAGTTGAAATAGAATTTTGTATTTTGTTTAAATATTCTTTTATGTGCTTATCACTTGGTTCTTCGTTATTATTATTTTTTACAGCATTGTTGGCATTAGCATTTTCATCTACATTTCGGTTTGGGTCATTTGGCATATTGTGACCTTGTC","Pf3D7_03_v3-221463-221712-1B.7","53T117+8N130T",61,0.0948678071539658,8
"IM-23-122-XHZJ","8039832388","Maziba","Pf3D7_11_v3-1950431-1950680-2","AGATATATTTCAAGGAAAGGATATGTGGAATGATGGGAAATATGGTGAAGCGAAAAATCATATTAAGAATGCTTTTGGTGATATGAACAATAGAAAAGCTATGTTAAATGAAATTGAGAAAGGAATTAAAGATGAAACGTTTAGTCGTGAAAATGGTTTAGACGTTTGTAAATCTCAATGTGAGGAAAG","Pf3D7_11_v3-1950431-1950680-2.1","98G",1209,0.883126369612856,2
"IM-23-122-XHZJ","8039832388","Maziba","Pf3D7_11_v3-1968050-1968296-2","TCATTACACTAGTCATGATTGGTTTAGATTATTACGCCAAGGGAATAAAGCTCAAAATTCCATTTCTCAGGAAGTAGACATATTAACGGAAAAGTATAAAAAATTAATTTCAGAGGAAGACAATAAAAAAGAAAATAACAATAATAATGATGATGAAGTAAAACCAGAACTAAAAGACAATATA","Pf3D7_11_v3-1968050-1968296-2.2","97+8N124+8N",411,0.208312214901166,2
"IM-23-122-XHZJ","8039832388","Maziba","Pf3D7_13_v3-1465901-1466157-1A","CATAAAGGGTCCGATAACATTTTTTACATTTTCCCATGCAGAATCAGCATACAAGTTACATTTACCATCTGTTGGATGACAACCTACAAGAAATCTGTTGAAAGCTACATTAATACCTTGTCCAATACCAAAAACAGCTATTTTAACACCACGATCACTTAATTTTCTTGATTCTTTTAATGAATCTTGAATACTAT","Pf3D7_13_v3-1465901-1466157-1A.29","19+8N72T",565,0.577709611451943,4
"IM-23-122-XHZJ","8039832388","Maziba","Pf3D7_03_v3-980853-981120-2","TAAGATTCTTTTGAGTTATTTATTTTCCAAATAATTTGGTTATATATATATGAAAATTCGATCATACCACATGATCCAAGAATAATAGATGCATCGTCATTATATTGGAATGTAAAACTTTCATCATTCTCATTTGTATTAGGTACACAAGAATCATCTTTATTTTTATAATTTTCTTTACATGTACAATTAATTTTACTATATT","Pf3D7_03_v3-980853-981120-2.3","74A128T",57,0.165217391304348,3
"IM-23-122-XHZJ","8039832388","Maziba","Pf3D7_03_v3-653961-654206-1A","CTCGTACAATATTTTTATAATTTCCTTTCATCTTATTTTTTTCTTTATATTTTTTTTTTTCATATGTAAGATTTATATAATCACTTTCGCTTTTTCTAACGCTTTTGAACTTTTTAAATGTACTTCGTTCATTATTTCTAATTCTCGTAAACACAAGAATAAATATTTTGATATATCTTATA","Pf3D7_03_v3-653961-654206-1A.1","35+9N49+13N101G",217,0.271929824561404,2
"IM-23-122-XHZJ","8039832388","Maziba","Pf3D7_13_v3-1465901-1466157-1A","CATAAAGGGTCCGATAACATTTTTTACATTTTCCCATGCAGAATCAGCATACAAGTTACATTTACCATCTGATGGATGACAACCTACAAGAAATCTGTTGAAAGCTACATTAATACCTTGTCCAATACCAAAAACAGCTATTTTAACACCACGATCACTTAATTTTCTTGATTCTTTTAATGAATCTTGAATACTAT","Pf3D7_13_v3-1465901-1466157-1A.4","19+8N",1,0.00102249488752556,4
"IM-23-122-XHZJ","8039832388","Maziba","Pf3D7_11_v3-1950431-1950680-2","AGATATATTTCAAGGAAAGGATATGTGGAATGATGGGAAATATGGTGAAGCGAAAAATCATATTAAGAATGCTTTTGGTGATATGAACAATAGAAAAACTATGTTAAATGAAATTGAGAAAGGAATTAAAGATGAAACGTTTAGTCGTGAAAATGGTTTAGACGTTTGTAAATCTCAATGTGAGGAAAG","Pf3D7_11_v3-1950431-1950680-2.2",".",160,0.116873630387144,2
"IM-23-122-XHZJ","8039832388","Maziba","Pf3D7_04_v3-748105-748359-1B","TGTGCATGTTGTAAGGTTGAAAGCAAAAATGAGGGGAAAAAAAATGAGGTTTTTAATAACTACACATTTAGAGGTCTAGGAAATAAAGGAGTATTACCATGGAAATGTATTTCCCTAGATATGAAATATTTTCGTGCAGTTACAACATATGTGAATGAATCAAAATATGAAAAATTGAAATATAAGAGATGTAAAT","Pf3D7_04_v3-748105-748359-1B.1","36+10N110T133C",644,1,1
"IM-23-122-XHZJ","8039832388","Maziba","Pf3D7_03_v3-855426-855697-1A","GTTATTTCAGTATGAGTTTCAACAGTTAATACTACTTCAGGATATGGATTGATACTTAACATATGTACTCTCAATAATCTAGTATCAAATATATATGAAAATGTATACTCAGGAAAACATATAGTAGATAATCCATTATTATTCTCTATACATATTTTACTTATAGCTATATAATCGTAATTATCTTCTATTACTATTGGTTCTGTG","Pf3D7_03_v3-855426-855697-1A.2","32C61A",247,0.449908925318761,3
"IM-23-122-XHZJ","8039832388","Maziba","Pf3D7_03_v3-891553-891827-1A","CAAGAGCTAAGAAAACATATAGAATCATCATAAGGATGTTGATAATATAAATGTGTTTTTATTTGTGTATTTATGTCAGAATATTGTTCCTTCGATTTATCTTTAAAATAATCAAGATTATTTATGTTGGTGGCTTTATTATTATTAAAATAATTTTGATTTGTTACATGATGACTATGGGTATATTTGTATTTTACGTTTTTATTA","Pf3D7_03_v3-891553-891827-1A.1","93C116G178T",44,0.130563798219585,7
"IM-23-122-XHZJ","8039832388","Maziba","Pf3D7_11_v3-1968050-1968296-2","TCATTACACTAGTCATGATTGGTTTAGATTATTACGCCAAGGGAATAAAGCTCAAAATTCCATTTCTCAGGAAGTAGACATATTAAAGGAAAAGTATAAAAAATTAATTTCAGAGGAAGACAATAAAAAAGAAAATAACAATAATAATGATGATGAAGTAAAACCAGAACTAAAAGACAATATA","Pf3D7_11_v3-1968050-1968296-2.1","87A97+8N124+8N",1562,0.791687785098834,2
"IM-23-122-XHZJ","8039832388","Maziba","Pf3D7_03_v3-891553-891827-1A","CAAGAGCTAAGAAAACATATAGAATCATCATAAGGATGTTGATAATATAAATGTGTTTTTATTTGTGTATTTATGTCAGAATATTGTTCCTTCGATTTATCTTTAAAATAATCAAGATTATTTATGTTGGTGGCTTTATTATTATTAAAATAATTTTGATTTGTTACATGATGACTAGGGGTATATTTGTATTTTACGTTTTTATTA","Pf3D7_03_v3-891553-891827-1A.7","93C116G",10,0.029673590504451,7
"IM-23-122-XHZJ","8039832388","Maziba","Pf3D7_03_v3-891553-891827-1A","CAAGAGCTAAGAAAACATATAGAATCATCATAAGGATGTTGATAATATAAATGTGTTTTTATTTGTGTATTTATGTCAGAATATTGTTCCTTCGATTTATCTTTAAAATAATCAATATTATTTATGTTGGTGGCTTTATTATTATTAAAATAATTTTGATTTGTTACATGATGACTAGGGGTATATTTGTATTTTACGTTTTTATTA","Pf3D7_03_v3-891553-891827-1A.12","93C",45,0.13353115727003,7
"IM-23-122-XHZJ","8039832388","Maziba","Pf3D7_03_v3-85507-85756-1A","TATCATTTAAATTCTCTTTTTCCACAGCTCCAGCATTTTTATTTATATCATCTACAACTACATCTTCCTTCACATAATTATTTATATAAAAATTATTATCATCTAAAGCATCTGAAAATTCTTCATTTAATACTTCTTCATCTTCTACATTAAATGTTTTCGTTCTTTCATCATCTAATAAA","Pf3D7_03_v3-85507-85756-1A.3",".",482,1,1
"IM-23-122-XHZJ","8039832388","Maziba","Pf3D7_04_v3-748374-748611-1B","AAACTGGGAAAGCATTCCAAAAAAATTTAAACCTTTAAGCAATAGGATAAATGTTATATTGTCTAGAACCTTAAAAAAAGAAGATTTTGATGAAGATGTTTATATCATTAACAAAGTTGAAGATCTAATAGTTTTACTTGGGAAATTAAATTACTATAAATGTTTTATATTAG","Pf3D7_04_v3-748374-748611-1B.3","3A18+9N72+9N169A170T",233,0.229783037475345,2
"IM-23-122-YMLZ","8039832000","Maziba","Pf3D7_13_v3-2814606-2814855-1B","TAGCGATAATGATCCTGCAGTAGTAAGTGGTAGAGAATCTAAAGATGTAAATCTTCATACTTCTGAAAGGATTAAAGAAAATGAAGAAGGTGTGATTAAAACAGATGAAAGTTCAAAAAGTATTGAAATTTCTAAAATACCATCTGACCAAAATAATCATAGTGATTTATCACAGAATGCAAATGAGGACTCTA","Pf3D7_13_v3-2814606-2814855-1B.2",".",897,0.623783031988873,2
"IM-23-122-YMLZ","8039832000","Maziba","Pf3D7_13_v3-2814583-2814832-2","TCAGTCTTCTAATTCTAGCGATAATGATCCTGCAGTAGTAAGTGGTAGAGAATCTAAAGATGTAAATCTTCATACTTCTGAAAGGATTAAAGAAAATGAAGAAGGTGTGATTAAAACAGATGATAGTTCAAAAAGTATTGAAATTTCTAAAATACCATCTGACCAAAATAATCATAGTGATTTATCACAG","Pf3D7_13_v3-2814583-2814832-2.1","124T",1110,0.37525354969574,2
"IM-23-122-YMLZ","8039832000","Maziba","Pf3D7_08_v3-585331-585590-1A","TGAAAACTTTTCATGTACGGTTAATAAACAAAATAATTCTGAATTATATATAAGTAAAACTTCTTCTACATCTCTAAATTTATGCATTGTAGCTCTTTTAATATAATAAGGCAAATATTTTACAATATATTTTTGTTTAAAAAAACCTTGATGACCAACATTAATATCTTCCATTTTGGAAAAGGTTCCACTTAACG","Pf3D7_08_v3-585331-585590-1A.2","102T138+9N",882,0.872403560830861,2
"IM-23-122-YMLZ","8039832000","Maziba","Pf3D7_02_v3-291770-292017-1A","TAATATCATAAGGTTTGAATATTTTCCTCTCAGGTATTATACCAACAGAAGGTTTATCATCATCTTTAAAACCTGCTCTATCTTTAACCCAATGATTAGGATTTTTTAAACATAAAGCTGGATTCTTTAATAAATCTTTCATATGTTCCATATTATTTTCTTCATTTATATATGATTCTAC","Pf3D7_02_v3-291770-292017-1A.3","92A101+8N",370,0.322019147084421,2
"IM-23-122-YMLZ","8039832000","Maziba","Pf3D7_04_v3-284121-284364-1A","ATATTGTATATTATCATAAGATTTATATGGAGGACCACATTGAAATCCGACAATTTCATTTGATGCATGTAGTACACATTCCGTATTTCTGTTTGAATTATTTAAAATAATTTTATTACTTAGAAATGATTCTTTTTCACTATAATCTTTATATAACAAAGGTTCTTCATCAATTTGA","Pf3D7_04_v3-284121-284364-1A.4","163T",717,0.684813753581662,2
"IM-23-122-YMLZ","8039832000","Maziba","Pf3D7_13_v3-2814583-2814832-2","TCAGTCTTCTAATTCTAGCGATAATGATCCTGCAGTAGTAAGTGGTAGAGAATCTAAAGATGTAAATCTTCATACTTCTGAAAGGATTAAAGAAAATGAAGAAGGTGTGATTAAAACAGATGAAAGTTCAAAAAGTATTGAAATTTCTAAAATACCATCTGACCAAAATAATCATAGTGATTTATCACAG","Pf3D7_13_v3-2814583-2814832-2.2",".",1848,0.62474645030426,2
"IM-23-122-YMLZ","8039832000","Maziba","Pf3D7_04_v3-115455-115684-1A","TATTAATGTCATTTTGTTTTTCTTTATTATTATTATTTTTATTTTTTCCCTGGTTATCTTCCTTATTACCTAGCTTTTTTTTGTTGTCATTATTTTCTGTCTGATTATTATTTTTGACTTTGTTCATCTTTGAATTATCCGTTCTGTTTGTATGTCTCAAGCAAGGT","Pf3D7_04_v3-115455-115684-1A.1","24+25N74+10N",725,0.331655992680695,2
"IM-23-122-YMLZ","8039832000","Maziba","Pf3D7_08_v3-585703-585949-1A","AAACACATCATCAAAAGTTTCTGATATTGGCTTGTTTGATTCTTTATATTTAAAATCTTTATATAAATAAAATCTATCTTTCTTAAAATATGGATCTTTACGTACTTCAATCGAATCCCTATCAGTTACAATATTTATATCTTTTAATGTTAAGTGGAAATTAGAATCAATAATAGCTA","Pf3D7_08_v3-585703-585949-1A.2","118C",456,0.288607594936709,2
"IM-23-122-YMLZ","8039832000","Maziba","Pf3D7_08_v3-1386795-1387043-1B","TCCTTTGTCGCAGCATGCCTTTCATTAGCTGCTATAGCTTGTGTTATCTTAACTTCATTATAAAAAAAATATACTTCGATAAAAGGTACATATACCATGCTGGTCAATGATATTAGCATGCGACATTCTAATATATCCATTATGAACTAGGTGAACAAGAATATTGGGATTATTGAAATTGTCTGCATTA","Pf3D7_08_v3-1386795-1387043-1B.27","61+10N148T",495,0.708154506437768,2
"IM-23-122-YMLZ","8039832000","Maziba","Pf3D7_13_v3-2780346-2780575-1B","GTTGGATAGAATGCCCGACTACGGATCGGGAGGTCGTGGGTTCGACTCCTGCCCGGCCTAATTTTTTTCGTTTTCGTTTTTAAAGTAAAAAAGGATAATATTTTTAAAAAACATTTAGTATATATATTTTTTTTAAATAATAAATCTATTATATTATTAAATATTATGAGAAGA","Pf3D7_13_v3-2780346-2780575-1B.1","61+9N86+8N105+8N126+10N",505,0.617359413202934,2
"IM-23-122-YMLZ","8039832000","Maziba","Pf3D7_13_v3-2770621-2770854-1B","ATTCCAAGAAATATTTTTAAAAAAAAATAGTGAGTTAGATGATCACGTATGGAATATAGAAAGTATTACTACGAATATATTAGAGAGGAATAAATTAAGTGATCAAAATAATGAAGATAACCATGATGTTAATAATAATAATGAAGACCCATCTGGGGGTAATTTAAAAAC","Pf3D7_13_v3-2770621-2770854-1B.1","18+11N130+13N",717,1,1
"IM-23-122-YMLZ","8039832000","Maziba","Pf3D7_08_v3-585331-585590-1A","TGAAAACTTTTCATGTACGGTTAATAAACAAAATAATTCTGAATTATATATAAGTAAAACTTCTTCTACATCTCTAAATTTATGCATTGTAGCTCTTTTAAGATAATAAGGCAAATATTTTACAATATATTTTTGTTTAAAAAAACCTTGATGACCAACATTAATATCTTCCATTTTGGAAAAGGTTCCACTTAACG","Pf3D7_08_v3-585331-585590-1A.1","138+9N",129,0.127596439169139,2
"IM-23-122-YMLZ","8039832000","Maziba","Pf3D7_04_v3-141741-141990-1A","TGAATACCATATAGCCCTTTCAAATTATATAAAGACAGAACTAAGAAATATAAACCTGCAAGAAATAAAAAACAATATAATAAAAATATTTAAAGAATTCGAATCTGCACACAAAGAAATTAAAAAAGAATCAAAACAAATTAATAAAGAATTTACCAAAATGGATGTCGTCATAAATCAATTAAGAGATATAG","Pf3D7_04_v3-141741-141990-1A.2","66+8N101G121+8N134A",658,0.301973382285452,3
"IM-23-122-YMLZ","8039832000","Maziba","Pf3D7_13_v3-2545065-2545291-1A","ATGATTCCTCAAAAGTTTAACATTCCACATAGTATCTGTTAAATTGATAGTTTGCAAACAATTATACGTTTCGTTATTTTTATTTTTAAAAAAGGATATATGATCATCTAAAGATTTATTTTTGAGAAAGATTTCCATATATTCATATATATCTTGAATACACCA","Pf3D7_13_v3-2545065-2545291-1A.8","72C87+8N",933,0.355564024390244,2
"IM-23-122-YMLZ","8039832000","Maziba","Pf3D7_02_v3-291770-292017-1A","TAATATCATAAGGTTTGAATATTTTCCTCTCAGGTATTATACCAACAGAAGGTTTATCATCATCTTTAAAACCTGCTCTATCTTTAACCCATTGATTAGGATTTTTTAAACATAAAGCTGGATTCTTTAATAAATCTTTCATATGTTCCATATTATTTTCTTCATTTATATATGATTCTAC","Pf3D7_02_v3-291770-292017-1A.2","101+8N",779,0.677980852915579,2
"IM-23-122-YMLZ","8039832000","Maziba","Pf3D7_07_v3-729480-729750-1A","TGAATGTTCAGAAATTTTATATCACTTAAATCGTTTGAGTGAGTTAGATCAAATATTGTTGAAAGATAAAATAAGTATATATGAGTATCAGCTAAAGGACACGTTTTTAACAACGTATGATATAGGTTGTTTATTAAAAATAGCTCAAGTGTTGAATGAACAAAATTATTATGATAACATTCCATTTTTGCATATATTTTTATATAACATACATAA","Pf3D7_07_v3-729480-729750-1A.1","42A",176,0.311504424778761,2
"IM-23-122-YMLZ","8039832000","Maziba","Pf3D7_14_v3-3124416-3124655-1A","TAATTGATCTTCTAGAGGAATTAGATATTTTGTCTATATCGAATAAAGATGAAGTAGAAAAACGAAGAAAGGAAACAACTCAAGAGACGCGGTTGTTAGGAAATATTGATTTAGGATATGGAAAATTAGGAGAGGGAATAAAGCATGAAAATTTACAGGAAGAATTAGGAAACAGATTATTTG","Pf3D7_14_v3-3124416-3124655-1A.1",".",943,0.327430555555556,2
"IM-23-122-YMLZ","8039832000","Maziba","Pf3D7_04_v3-133928-134154-1A","TTTTGAAATATCTAATTTATCCATTTGCCTTTTTATTTCATAGTCCCAACTACTTACCCAGGTATTAAAATTAATACAATCCTGTTCTGCATATTTTATGGCTTTTAAATCCCTCAATTTAGTAGCCCTATCTTCACAATAATCTTCTAATATTTTAAT","Pf3D7_04_v3-133928-134154-1A.1","21C",1513,0.675145024542615,2
"IM-23-122-YMLZ","8039832000","Maziba","Pf3D7_13_v3-911757-912005-1A","GAGCCAACAATTTGATTTTCCACAACTTACTGAATCTTTAAAACATTGTGAACAGGTATCTGACATTTTTTTATTATCTTTGGCTAGTTCCTTTTGAACACATTCCATAGTACTATTACCTGAACCTAAGTTATCAACAGAACATTTTAATAATATACTAAAAAATTTATTGCTAGGAGAAAGTTGTAAA","Pf3D7_13_v3-911757-912005-1A.2","65+9N117T159+8N",1073,0.642899940083883,2
"IM-23-122-YMLZ","8039832000","Maziba","Pf3D7_13_v3-911757-912005-1A","GAGCCAACAATTTGATTTTCCACAACTTACTGAATCTTTAAAACATTGTGAACAGGTATTTGACATTTTTTTATTATCTTTGGCTAGTTCCTTTTGAACACATTCCATAGTACTATCACCTGAACCTAAGTTATCAACAGAACATTTTAATAATATACTAAAAAATTTATTGCTAGGAGAAAGTTGTAAA","Pf3D7_13_v3-911757-912005-1A.3","60T65+9N159+8N",596,0.357100059916117,2
"IM-23-122-YMLZ","8039832000","Maziba","Pf3D7_13_v3-2545065-2545291-1A","ATGATTCCTCAAAAGTTTAACATTCCACATAGTATCTGTTAAATTGATAGTTTGCAAACAATTATACGTTTGGTTATTTTTATTTTTAAAAAAGGATATATGATCATCTAAAGATTTATTTTTGAGAAAGATTTCCATATATTCATATATATCTTGAATACACCA","Pf3D7_13_v3-2545065-2545291-1A.5","87+8N",1691,0.644435975609756,2
"IM-23-122-YMLZ","8039832000","Maziba","Pf3D7_04_v3-141741-141990-1A","TGAATACCATATAGCCCTTTCAAATTATATAAAGACAGAACTAAGAAATATAAACCTGCAAGAAATAAAAAACAATATAATAAAAATATTTAAAGAATTCAAATCTGCACACAAAGAAATTAAAAAAGAATCAGAACAAATTAATAAAGAATTTACCAAAATGGATGTCGTCATAAATCAATTAAGAGATATAG","Pf3D7_04_v3-141741-141990-1A.1","66+8N121+8N",1516,0.695731987150069,3
"IM-23-122-YMLZ","8039832000","Maziba","Pf3D7_14_v3-1038300-1038538-1A","ATTAATGATTTATACACTTCAACTACACTTTTTAATTTAGCCCATACAATTAATAAAGCTCTACGATAAATTTCTTTTTTATTTGATTTAGAAAAAGGAGAAAACCATTGAAACTTTTTGGCTAGATATTTATGGTCTTTATCAAAAATATATTCTGAAACTTCATCTTCTAGAAGT","Pf3D7_14_v3-1038300-1038538-1A.1","74+8N",1043,0.694870086608927,2
"IM-23-122-YMLZ","8039832000","Maziba","Pf3D7_05_v3-668763-669004-1A","TAATATTATCTGGCTCTGTAACCATGTCCGAACATATGTTAACAGGAGAATCTGTTCCTATACATAAAGAGCGGTTACCTTTTGAAGGAAATGCTATTATAAATAAAAATAATAAATATGACAGTAACGATGAAAAGGATGATTACCTTCGTATTTATAATAATAATGCTAGTATTAATATGATCAAGCG","Pf3D7_05_v3-668763-669004-1A.8","73G122C165A",1377,0.707969151670951,2
"IM-23-122-YMLZ","8039832000","Maziba","Pf3D7_05_v3-796518-796759-1A","TGGTTCTTCAATTGTTCATATAAGTTCTTTATTAGTAGGTGTATATTTATGTAGTAGTAGTGCAAATGCATTTAATCAAATTATTGAAAGAAATATAGATAAGTTAATGAAAAGAACCCAAAAAAGACCCTTAGCAAATAATAATCCAAATATGTCAGTTAAACATGCTGAAATAT","Pf3D7_05_v3-796518-796759-1A.4","119+8N",293,0.245188284518828,2
"IM-23-122-YMLZ","8039832000","Maziba","Pf3D7_13_v3-2770591-2770863-2","ACACATCGATTTTATCAAAAGGAAATATTCCAAGAAATATTTTTAAAAAAAAATAGTGAGTTAGATGATCACGTATGGAATATAGAAAGTATTACTACGAATATATTAGAGAGGAATAAATTAAGTGATCAAAATAATGAAGATAACCATGATGTTAATAATAATAATGAAGACCCATCTGGGGGTAATTTAAAAACCAATCTAAT","Pf3D7_13_v3-2770591-2770863-2.1","44+11N156+13N",1293,1,1
"IM-23-122-YMLZ","8039832000","Maziba","Pf3D7_08_v3-336421-336651-1A","TAACAACGAACCCATAAATTTACAGAAAAATTTAGATTTAATCATATGGCTAAAAAAGAATATAAAAGAAGGAGAAGCTTTAATTTCTGATATACCCACATCAAGTTTTTTAAGGTGTACTACAAATTATAAATTTGTATTGCATCCCCAATATGAAGATAGT","Pf3D7_08_v3-336421-336651-1A.4","51+8N105+8N148C",2,0.00106439595529537,3
"IM-23-122-YMLZ","8039832000","Maziba","Pf3D7_04_v3-133928-134154-1A","TTTTGAAATATCTAATTTATTCATTTGCCTTTTTATTTCATAGTCCCAACTACTTACCCAGGTATTAAAATTAATACAATCCTGTTCTGCATATTTTATGGCTTTTAAATCCCTCAATTTAGTAGCCCTATCTTCACAATAATCTTCTAATATTTTAAT","Pf3D7_04_v3-133928-134154-1A.2",".",728,0.324854975457385,2
"IM-23-122-YMLZ","8039832000","Maziba","Pf3D7_08_v3-549960-550215-1B","GATGAACTAACAAATTATGATAATCTAGTTTATGATATAAAAAATTATTTAGAACAAAGATTAAATTTTCTTGTATTAAATGGAATACCTCGTTATAGGATACTATTTGATATTGGATTAGGATTTGGGAAGAAACATGATCAATCTATTAAACTCTTACAAAATATACATGTATATGATGAGTATCCACTT","Pf3D7_08_v3-549960-550215-1B.3","4G38+8N128G",814,1,1
"IM-23-122-YMLZ","8039832000","Maziba","Pf3D7_04_v3-115455-115684-1A","TATTAATGTCATTTTGTTTTTCTTTATTATTATTATTTTTATTTTTTCCCTGGTTATCTTCCTTATTACCTAGCTTTTTTTTGTTGTCATTATTTTCTGTCTGATTATTATTTTTGACTTTTTTCATCTTTGAATTATCCGTTCTGTTTGTATGTCTCAAGCAAGGT","Pf3D7_04_v3-115455-115684-1A.3","24+25N74+10N122T",1461,0.668344007319305,2
"IM-23-122-YMLZ","8039832000","Maziba","Pf3D7_13_v3-958247-958510-1B","TTTATATTATCTGTAATATGCACGTTTTGTATAATATTATCAATATTTGTAGCATTTTGACCGTATGTTTCATTTTCATCGTATGTTCCATTTATATTGTATGTTCCATTTTCATCGTATGTTCCATTTATATTGTATGTTCCATTTTCATCGTATGTTCCATTTATATTGTATGTTCCATTTTTATCATATGTTATGTCCACAT","Pf3D7_13_v3-958247-958510-1B.86","24G106C",394,0.614664586583463,2
"IM-23-122-YMLZ","8039832000","Maziba","Pf3D7_08_v3-550057-550318-2","ACTATTTGATATTGGATTAGGATTTGGGAAGAAACATGATCAATCTATTAAACTCTTACAAAATATACATGTATATGATGAGTATCCACTTTTTATTGGATATTCAAGAAAAAGATTTATTGCCCATTGCATGAATGATCAAAATGTTGTAATAAATACACAACAAAAATTACATGATGAACAACAAAATGAAAATAAAAATA","Pf3D7_08_v3-550057-550318-2.2","27G",1371,1,1
"IM-23-122-YMLZ","8039832000","Maziba","Pf3D7_14_v3-2355614-2355853-1A","ACTTTTCTCGATTCACATTATCCAAACCCATTTAACGAGTATGAAAAATATGACAAACATTATTATGAACTTGAAAATATTTTAAAAAACAAACTTAATGAACATTCCTTAAATTATCAATCTTTGTTAAAAATGAAAAGATTTATAAGTATGAACGATATGGAAAATAATAA","Pf3D7_14_v3-2355614-2355853-1A.1","83+8N",1394,1,1
"IM-23-122-YMLZ","8039832000","Maziba","Pf3D7_13_v3-852647-852921-1A","TACGAAATGATGAATTAAAAGAATTAACATTTATGAAAAATAAAGAAAATAGGAATGCAGATACATATGTTTTTCATTATCCTAAAAAAGAGAAATATGACCAATTAGTTTTTGAATTACGTAAACATAATTTTAATATAACAAGCATGAATACATATAAAAAACTAACAAATGAAACATCATCACAAAAAGAAGAAAATGCTTCTATAATAAGTT","Pf3D7_13_v3-852647-852921-1A.1","75C83+8N158+8N",150,0.344827586206897,2
"IM-23-122-YMLZ","8039832000","Maziba","Pf3D7_14_v3-1038300-1038538-1A","ATTAATGATTTATACACTTCAACTACACTTTTTAATTTAGCCCATACAACTAATAAAGCTCTACGATAAATTTCTTTTTTATTTGATTTAGAAAAAGGAGAAAACCATTGAAACTTTTTGGCTAGATATTTATGGTCTTTATCAAAAATATATTCTGAAACTTCATCTTCTAGAAGT","Pf3D7_14_v3-1038300-1038538-1A.3","50C74+8N",458,0.305129913391073,2
"IM-23-122-YMLZ","8039832000","Maziba","Pf3D7_04_v3-1113397-1113639-1A","GATTCTGCATGCAGTAATGAATCTATTGAAATCATCTAAGAATAAACTTTTTTGTTTAAACCATTTATTGAACATTTCACTTAAATGTGATTCAATTTTTTTTTCTGAGATTTCCATAATTTGATTACATCTATTCAATTTGTTTGTATAATTATTAGGTCTTATTATTCTTTTACGTTTTAAATCATC","Pf3D7_04_v3-1113397-1113639-1A.4","47+8N95+11N110A130T152T154A",1610,0.701525054466231,2
"IM-23-122-YMLZ","8039832000","Maziba","Pf3D7_08_v3-399693-399961-1A","CTTTTCTTCACCTTGGTTTATTACATTATTATTTTCATCATTGTGTTGAATGTCCTTATAAATATGTTCATTAATAATATCTTTGGAAGTATCTTCCATATTTTCTTCTTTATCAATTTTAAATACTTTTTCATAACTTTCATTTTCTTTTTTCTCCTTGGATGTTTCTAATTTATTCTCGTCATTTTTATCAAAATTATTTTTATAACTTTCA","Pf3D7_08_v3-399693-399961-1A.1","147+8N",286,0.297606659729448,2
"IM-23-122-YMLZ","8039832000","Maziba","Pf3D7_08_v3-336421-336651-1A","TAACAACGAACCCATAAATTTACAAAAAAATTTAGATTTAATCATATGGCTAAAAAAGAATATAAAAGAAGGAGAAGCTTTAATTTCTGATATACCTACATCAAGTTTTTTAAGGTGTACTACAAATTATAAATTTGTATTGCATCCCCAATATGAAGATAGT","Pf3D7_08_v3-336421-336651-1A.2","25A51+8N97T105+8N148C",606,0.322511974454497,3
"IM-23-122-YMLZ","8039832000","Maziba","Pf3D7_04_v3-1113397-1113639-1A","GATTCTGCATGCAGTAATGAATCTATTGAAATCATCTAAGAATAAACTTTTTTGTTTAAACCATTTATTGAACATTTCACTTAAATGTGATTCAATTTTTTTTTCTGAGCTTTCCATAATTTGATTACATCTATTCAATTTGTTTGTATAAGTTTTAGGTGTTATTATTCTTTTACGTTTTAAATCATC","Pf3D7_04_v3-1113397-1113639-1A.1","47+8N95+11N130T161G",685,0.298474945533769,2
"IM-23-122-YMLZ","8039832000","Maziba","Pf3D7_04_v3-316593-316858-1A","TTATTCATTTTTTCTATATTATCCTTTTCTACATCATCAAAATTTGTTAATGATTCACACGTTATATTTGGTGATATTATATTTCTACCTGTACATACACCAATATTTGTTGTACCTATTATTTTATACCCTTCTTGACATTTAAATTCTATTTTTTCACCAAGTAAATAATATTTTTTATCAGGGATAAGGGAAACATA","Pf3D7_04_v3-316593-316858-1A.2","7+8N151+8N173+8N",221,0.259085580304807,2
"IM-23-122-YMLZ","8039832000","Maziba","Pf3D7_13_v3-935613-935884-1A","CAAAATAATATGAATAGTAATAGTAATAGTTATAATAATTTTAATATAACAGATAGAAGTAAAGAAATAAAAAAAGATTATAAAAGAAACAAAATTTTAATAGTTATTAATAATATTAATACAAATCATATTTTATTATTAAATGAAAGTGTTATAAAAAAAAAAATACTTACATTTTATCTAGATCTTTTTTTTGATGATAATGAACAAAT","Pf3D7_13_v3-935613-935884-1A.2","68+11N155+13N187+10N",678,1,1
"IM-23-122-YMLZ","8039832000","Maziba","Pf3D7_13_v3-815862-816091-1A","ATGATGTAGATGCTAACACAACATCCTGGTCAGTATCTTGTGATAAATAATTTAATTTGTCCGCTAAAAAATAAAGTATAATTTCACAGCTTTTTTTATTTGTATCTGTGTTTTTCATGTTATCATAAAAAGACAAAGATGAAGTAGCACATGAGTTAATTA","Pf3D7_13_v3-815862-816091-1A.1","17C19C20A65+8N90+9N",1032,1,1
"IM-23-122-YMLZ","8039832000","Maziba","Pf3D7_08_v3-549583-549807-1B","ACGTGCTGTTCAAAGAATGTTTGAAATGATAAATGAAGGTGCTAGTGTTATAGATATAGGTGGAGAATCCTCTGGTCCTTTTGTTATACCTAATCCAAAAATTAGTGAAAGAGATTTAGTAGTACCTGTATTACAATTATTTCAAAAAGAATGGAATGATATAAA","Pf3D7_08_v3-549583-549807-1B.1",".",1749,1,1
"IM-23-122-YMLZ","8039832000","Maziba","Pf3D7_13_v3-2780346-2780575-1B","GTTGGATAGAATGCCCGACTACGGATCGGGAGGTCGTGGGTTCGACTCCTGCCCGGCCTAATTTTTTTCGTTTTCCTTTTTAAAGTAAAAAAGGATAATATTTTTAAAAAACATTTAGTATATATATTTTTTTTAAATAATAAATCTATTATATTATTAAATATTATGAGAAGA","Pf3D7_13_v3-2780346-2780575-1B.2","61+9N76C86+8N105+8N126+10N",313,0.382640586797066,2
"IM-23-122-YMLZ","8039832000","Maziba","Pf3D7_14_v3-3124416-3124655-1A","TAATTGATCTTCTAGAGGAATTAGATATTTTGTCTATATCGAATAAAGATGAAGTAGAAAAACAAAGAAAGGAAACAACTCAAGAGACGCGGTTGTTAGGAAATATTGATTTAGGATATGGAAAATTAGGAGAGGGAATAAAGCATGAAAATTTACAGGAAGAATTAGGAAACAGATTATTTG","Pf3D7_14_v3-3124416-3124655-1A.49","64A",1937,0.672569444444444,2
"IM-23-122-YMLZ","8039832000","Maziba","Pf3D7_05_v3-668763-669004-1A","TAATATTATCTGGCTCTGTAACCATGTCCGAACATATGTTAACAGGAGAATCTGTTCCTATACATAAAGAGCAGTTACCTTTTGAAGGAAATGCTATTATAAATAAAAATAATAAATATGAGAGTAACGATGAAAAGGATGATTACCTTCGTATTTATAATAATCATGCTAGTATTAATATGATCAAGCG","Pf3D7_05_v3-668763-669004-1A.7",".",568,0.292030848329049,2
"IM-23-122-YMLZ","8039832000","Maziba","Pf3D7_01_v3-535965-536239-1A","GCTCATTTGATATTTTCCAGTTGTTTGATTTTAAAAATGATGTATATTTTTTAGATGATAATTTGTTCGACAAGGATATGGTATATTGTACAAGTACCAATTATGGCGTTATGGAAAATGATAATGATGATGATAAAATAATAAAAATACAAAATTTAAATGAGAAATTAAAAAATGGAAAAGCTGAATTTAAAGATATATTATTAT","Pf3D7_01_v3-535965-536239-1A.19","46+8N101D=CAA118A121+17N172+8N",430,1,1
"IM-23-122-YMLZ","8039832000","Maziba","Pf3D7_14_v3-298368-298636-1B","ACGATTTAATGTGGCAAGTTGATTTAGATGTACATTTTGGTAATGTATCTTCCAAAAAAGCAAACGTTATTTTAGATAGTGCCACCAGTGTCATAACTGTACCAACAGAATTTTTTAATCAATTCGTAGAATCTGCAAGTGTTTTCAAAGTTCCATTCTTATCTTTGTATGTAACCACTTGTGGTAACACGAAATTACCAA","Pf3D7_14_v3-298368-298636-1B.1","53+8N110+8N",562,1,1
"IM-23-122-YMLZ","8039832000","Maziba","Pf3D7_14_v3-2695837-2696082-1A","CGTTCTGTATCATATTATTAGATATAGTTATTTTATTATTATTTTCTACATTGTTATTCAATATATTACATCCTGTTATGGAATTATTGTTAAAATATAAATTATTCGAATTGTTATTATTAAATTCTAATCCACTAACTGCTGTTGTATATAATGATGATGAGTTATTATTATAGAAATC","Pf3D7_14_v3-2695837-2696082-1A.10","5C28+16N",311,0.330148619957537,2
"IM-23-122-YMLZ","8039832000","Maziba","Pf3D7_14_v3-2733345-2733593-1A","TCGATGTACATGCAGAAAAAATATTGGAACGTTTATTTGTAATTTATTTATGTGTATTAAAAGAATATGAAAAACATCCTCCTAAAATATTAAAATATTCATTACGTGCTATATCTAGATACTCGATGTATATAAATAAATTTATCATGGATGATATATTATTTGAAATTAAAAACCTTGCTGCA","Pf3D7_14_v3-2733345-2733593-1A.1","15+8N",1777,1,1
"IM-23-122-YMLZ","8039832000","Maziba","Pf3D7_08_v3-412801-413062-1A","ATGAAGAAATATACGAATATATACTTATAAACGATATTTTTAATTTAAAAAAAGAAATAAAAAATTTCAATATATTAAATAAATATGATGTATTTGAATATATTATTATTATTTTAAAATTGTATGATAAAATATATCCTGATGCAGAGTACATCGAATGTGTACGAGAAACATCACAGAATGGTGACCTTTTA","Pf3D7_08_v3-412801-413062-1A.4","46+9N58+8N101+13N147G188C190T",181,1,1
"IM-23-122-YMLZ","8039832000","Maziba","Pf3D7_05_v3-796518-796759-1A","TGGTTCTTCAATTGTTCATATAAGTTCTTTATTAGTAGGTGTATATTTATGTAGTAGTAGTGCAAATGCATTTAATCAAATTATTGAAAGAAATATAGATAAGTTAATGAAAAGAACCCAAAAAAGACCCTTAGCAAATAATAATCCAAATATGTCAGTTAAGCATGCTGAAATAT","Pf3D7_05_v3-796518-796759-1A.2","119+8N163G",902,0.754811715481172,2
"IM-23-122-YMLZ","8039832000","Maziba","Pf3D7_13_v3-958247-958510-1B","TTTATATTATCTGTAATATGCACATTTTGTATAATATTATCAATATTTGTAGCATTTTGACCGTATGTTTCATTTTCATCGTATGTTCCATTTATATTGTATGTTCCATTTTCATCGTATGTTCCATTTATATTGTATGTTTCATTTTCATCGTATGTTCCATTTATATTGTATGTTCCATTTTTATCATATGTTATGTCCACAT","Pf3D7_13_v3-958247-958510-1B.15","106C142T",247,0.385335413416537,2
"IM-23-122-YMLZ","8039832000","Maziba","Pf3D7_04_v3-141741-141990-1A","TGAATACCATATAGCCCTTTCAAATTATATAAAGACAGAACTAAGAAATATAAACCTGCAAGAAATAAAAAACAATATAATAAAAATATTTAAAGAATTCAAATCTGCACACAAAGAAATTAAAAAAGAATCAAAACAAATTAATAAAGAATTTACCAAAATGGATGTCGTCATAAATCAATTAAGAGATATAG","Pf3D7_04_v3-141741-141990-1A.3","66+8N121+8N134A",5,0.00229463056447912,3
"IM-23-122-YMLZ","8039832000","Maziba","Pf3D7_13_v3-2114829-2115090-1A","ATTCAATATATATAAAAATATAGCTAATAAACATTTCAAATCTCCATTAAGAACTTTATTCATCTTAACAAAAGCTCTATGAACTTCTGTATCTATAGTCGATTTTGTTATTCTAAGCATATCATTAAGTAAAAAATTTACGGTATCGACATTAACAGTGTAATAATTTCTTCCTAAATTTAAATGTTCTATATAATTCAA","Pf3D7_13_v3-2114829-2115090-1A.5","130+8N",609,0.65343347639485,2
"IM-23-122-YMLZ","8039832000","Maziba","Pf3D7_13_v3-2840462-2840736-1B","AATAAACACATATGTTTATTAATAAAATTGTTAGTTATTTTTATGTATACATAATAAATTAAAGATACTAAAACAATATTTTTAAATGTAAATAAATGAATAATGATATTATTTATATGATTCATCATTCTATATTTACATGGAAGATTAAAAAATTATATATATATATATGGTAATTTCTGTGTTTATGTTTTTATTTTTATAATA","Pf3D7_13_v3-2840462-2840736-1B.2","149+23N",5,0.208333333333333,2
"IM-23-122-YMLZ","8039832000","Maziba","Pf3D7_13_v3-388138-388408-1A","ATATATCTTTATTCATATGTTCTATATATTGTCTTTGTCTCTTTTCCTTTCTCATATCAGATATTATTGAATAATTTCCTTTATCACATACATATCTAGGATTATGTGATAATTCATAAGCTGCTCTTTTTAAAACTCTATTCTTTTCTTTAAAACTATTAAATTTTATATTATTGTTCATATTAGATGTGTTCCTTTTAATAATA","Pf3D7_13_v3-388138-388408-1A.1","194C",1068,1,1
"IM-23-122-YMLZ","8039832000","Maziba","Pf3D7_04_v3-748585-748822-2","TTAATAAAAAAAATATATTTTACTAGAATAAATAGTACATATGAATGTGATGTATTTTTTCCAGAAATAAATGAAAATGAGTATCAAATTATTTCTGTTAGCGATGTATATACTAGTAACAATACAACATTGGATTTTATCATTTATAAGAAAACGAATAATAAAATGTT","Pf3D7_04_v3-748585-748822-2.1","5+10N54+8N",466,1,1
"IM-23-122-YMLZ","8039832000","Maziba","Pf3D7_09_v3-202854-203106-1A","AATATACAAAGAATGTATATGATAAAATATTCTTTGTCCTTTAAAATTTTTTGTTCTTGTACTTTGTTTTTTATAATCTATTAAATTCATATCTGATGAAATATCATATTTATATTCCCCTTTATGAGCATTTACAAAAGTTTCGTTATTTCTTTTATTAATATATGTATTTGAGCACATATATTTAT","Pf3D7_09_v3-202854-203106-1A.2","46+8N66+8N146T",868,0.669753086419753,4
"IM-23-122-YMLZ","8039832000","Maziba","Pf3D7_14_v3-106867-107115-1A","AATGACATGAACAAGTCAGGCGAAAAAGAGGAACATGTTATAAATAGTAAATGGAAAAATAAATTTTTCCATGAAGTAATACAAAATATGTTATATGATGATAATATAAATGATCATAAGGAAGAAATTAAGGAAGATAATTCTAATGAATATAATATCAATAATAAAAATGATAATTTATATGATATA","Pf3D7_14_v3-106867-107115-1A.1","78A",647,0.846858638743455,2
"IM-23-122-YMLZ","8039832000","Maziba","Pf3D7_02_v3-290580-290821-1A","TTATTATAAGGATTATAATTATTATCATTCTTATTATATGGATTAATATAATTTCGATCATAATCATTACTGTTTTTATCATATTGTGGATAATTATTTCTATTTCTATTTTGATTAAAATCCGATTGTCTATATCTAACTCTAATATCTGTAGATGCTAAATCATTAGGTAATGGG","Pf3D7_02_v3-290580-290821-1A.6","12+26N62A",157,0.0873678352810239,2
"IM-23-122-YMLZ","8039832000","Maziba","Pf3D7_02_v3-290580-290821-1A","TTATTATAAGGATTATAATTATTATCATTCTTATTATATGGATTAATATAATTTCGATCATTATCATTACTGTTTTTATCATATTGTGGATAATTATTTCTATTTCTATTTTGATTAAAATCCGATTGTCTATATCTAACTCTAATATCTGTAGATGCTAAATCATTAGGTAATGGG","Pf3D7_02_v3-290580-290821-1A.1","12+26N",1640,0.912632164718976,2
"IM-23-122-YMLZ","8039832000","Maziba","Pf3D7_04_v3-284121-284364-1A","ATATTGTATATTATCATAAGATTTATATGGAGGACCACATTGAAATCCGACAATTTCATTTGATGCATGTAGTACACATTCCGTATTTCTGTTTGAATTATTTAAAATAATTTTATTACTTAGAAATGATTCTTTTTCACTATAATCTTTATATAAGAAAGGGTCTTCATCAATTTGA","Pf3D7_04_v3-284121-284364-1A.1","157G",330,0.315186246418338,2
"IM-23-122-YMLZ","8039832000","Maziba","Pf3D7_14_v3-279563-279833-1A","CATTTTTCTTTTAAATGAGAGCAATATATTTCTTAGGTTTATTCCGGATAAATGTTTAGTTATTAGCCAGGTGAGTAATAGTGATTCATATAAGGTAAATTGTATTAATTTCTCTGAAGGATTTTGTTGCTGTCATCCAATAAATAATTTAGCACTATTATATGGAGAGTATCAACAAAATCAAGAATCAAAAATTATGAAATTACCG","Pf3D7_14_v3-279563-279833-1A.1",".",404,0.759398496240602,2
"IM-23-122-YMLZ","8039832000","Maziba","Pf3D7_04_v3-140317-140548-1A","TCGGGACAATATTATAAGGATTTTATCACATCAAGGAAAAATATTTATAATATAAGGGAAAATATATCCAAAAATGTAGATATGATAAAAAATGAAGAAAAGAAGAAAATACAGAATTGTGTAGATAAATATAATTCTATAAAACAATATGTAAAAATGCTTAAA","Pf3D7_04_v3-140317-140548-1A.1","86+8N",2587,1,1
"IM-23-122-YMLZ","8039832000","Maziba","Pf3D7_14_v3-2004362-2004606-1A","TATTTCCATATTATTGTAATAGGGCTTTTTCTTGCTCTTCTAATTTTTGTATATCTTGCTTATCCTTATCTAATTGTCCAAGAGCATTTAATTCATCTTCTACATTTATTTTATTTTCTTGAGAATATTCTTCAATTTTGTCTTCGAAACTGCTATATAATCTATTTATAATTGGTTG","Pf3D7_14_v3-2004362-2004606-1A.8","153C",230,0.341246290801187,2
"IM-23-122-YMLZ","8039832000","Maziba","Pf3D7_04_v3-748105-748359-1B","TGTGCATGTTGTAAGGTTGAAAGCAAAAATGAGGGGAAAAAAAATGAGGTTTTTAATAACTACACATTTAGAGGTCTAGGAAATAAAGGAGTATTACCATGGAAATGTATTTCCCTAGATATGAAATATTTTCGTGCAGTTACAACATATGTGAATGAATCAAAATATGAAAAATTGAAATATAAGAGATGTAAAT","Pf3D7_04_v3-748105-748359-1B.1","36+10N110T133C",675,1,1
"IM-23-122-YMLZ","8039832000","Maziba","Pf3D7_13_v3-2840462-2840736-1B","AATAAACACATATGTTTATTAATAAAATTGTTAGTTATTTTTATGTATACATAATAAATTAAAGATACTAAAACAATATTTTTAAATATAAATAAATGAATAATGATATTATTTATATGATTCATCATTCTATATTTACATGGAAGATTAAAAAATTATATATATATATATGGTAATTTCTGTGTTTATGTTTTTATTTTTATAATA","Pf3D7_13_v3-2840462-2840736-1B.3","88A149+23N",19,0.791666666666667,2
"IM-23-122-YMLZ","8039832000","Maziba","Pf3D7_09_v3-82006-82236-1A","TTTATCATCTTTAGGCCATAACCAGAGTACAAGCAATCCAACTATAACAATTGTAATTAACATTATAAATACTGTAATACCATAAACACTACCAGAAGCGATCAGAAATGCACTAAAAGTATAAGAACATTCACTTGGAATAAGAGTAGCGATAAAACTAAAAATAGC","Pf3D7_09_v3-82006-82236-1A.4","95G125G137G",915,0.339265850945495,2
"IM-23-122-YMLZ","8039832000","Maziba","Pf3D7_05_v3-350808-351052-1A","TAATATAATTTGAGTTGATAATATTATAATTATTTTTTATATGTTGCTCATTTATATTATTATGATAAATATGAGTTGTATTTTTATTAGAGTTGTAGGACATTTTCCCATACATTAGTTGTTTTACATTTTTAACATTTTTATAATTATGTATTAAACATAAAATTATTAGATAAA","Pf3D7_05_v3-350808-351052-1A.5","32+8N116T164A",866,0.658054711246201,3
"IM-23-122-YMLZ","8039832000","Maziba","Pf3D7_14_v3-2260533-2260765-1A","AATAACCATCAAATACAAACTCAACCAACAAATACAGTACAATATATTCAACCAAATTATGAACAAGTCATAACACAAGTAGATCAAAATGGTAATCTATTCAATCAACAGCTTGTAGGAAGTACAGTAATGCAAAATATGACACCACAAGGTGTAAACACGTTAAATTATCCTGCAACG","Pf3D7_14_v3-2260533-2260765-1A.1","91G",2093,1,1
"IM-23-122-YMLZ","8039832000","Maziba","Pf3D7_14_v3-2020604-2020849-1A","CAAGAACATGAATATTTCTGTATATACATAGACAAGTCCTCATTATGTCTTATCACAGGGTGCTCTTCTTTAATATGACAATATAATTTTATATGTTTTATTATTTCTTGATGAATTTCACATAATAAAAATAATGTGTGATTCATATGTTGACTACCCAATATAGAAAAGCCACTAACTAATTG","Pf3D7_14_v3-2020604-2020849-1A.4","23T65+8N",541,0.364801078894133,3
"IM-23-122-YMLZ","8039832000","Maziba","Pf3D7_04_v3-109939-110184-1A","CAACATCTGAATTATATAAATCTTTAGAAAAACAACTAATATCCTTACTCCATATATTTATTTTTATACCAAGAATAACAGCCATATAAACCAAAACTCTCTCAAATGCATGTGATACAGGTAAATAAGAAAAATGGGTTTTCGGTTTCATGTTTTTTATTACATTATGATCACATAATGGTGCTACT","Pf3D7_04_v3-109939-110184-1A.2","51C108G152+8N",767,0.692238267148014,2
"IM-23-122-YMLZ","8039832000","Maziba","Pf3D7_08_v3-1386786-1387035-2","TTGTCTCCTTTGTCGCAGCATGCCTTTCATTAGCTGCTATAGCTTGTGTTATCTTAACTTCATTATAAAAAAAATATACTTCGATAAAAGGTACATATACCATGCTGGTCAATGATATTAGCATGCGACATTCTAATATATCCATTATGAACAAGGTGAACAAGAATATTGGGATTATTGAAATTGT","Pf3D7_08_v3-1386786-1387035-2.1","66+10N",275,0.274725274725275,2
"IM-23-122-YMLZ","8039832000","Maziba","Pf3D7_08_v3-1386786-1387035-2","TTGTCTCCTTTGTCGCAGCATGCCTTTCATTAGCTGCTATAGCTTGTGTTATCTTAACTTCATTATAAAAAAAATATACTTCGATAAAAGGTACATATACCATGCTGGTCAATGATATTAGCATGCGACATTCTAATATATCCATTATGAACTAGGTGAACAAGAATATTGGGATTATTGAAATTGT","Pf3D7_08_v3-1386786-1387035-2.26","66+10N153T",726,0.725274725274725,2
"IM-23-122-YMLZ","8039832000","Maziba","Pf3D7_13_v3-1724895-1725166-1B","CGCCATTTTCTCCTCCTGTAATTATATAAGAATCTGACAATGTGGCAGCTCCAAAATTCATTTTTTTCTCTGGTACACCATTTAGAAATTGCCATCTTTTATTAAATGGTTGATATTGTTCAACGGAATCTAATATGTTATGTTCATTATCAATACCTCCAACAACATATATTTGATTAAGGTAATTAAAAGCTGCTCCTGAACTTCTAG","Pf3D7_13_v3-1724895-1725166-1B.1","60+9N",457,1,1
"IM-23-122-YMLZ","8039832000","Maziba","Pf3D7_08_v3-585993-586266-1A","TGTAAATATAAATCATACGTATGACATGAATCATCATTTAATGCATTCTTAATTGTTAATGCTAATCTACTTACAATAATATAAGCAAAGTTTATATGAGAATGAATACCTTCTTTTCCTAAAAAGTTATAAAGACTAACAAATGGAGCATATATTATAAATTTATCATACTTTTTTTTGTGCATAACTTCATTTAATAAAATATTT","Pf3D7_08_v3-585993-586266-1A.1","171+10N",334,0.353065539112051,3
"IM-23-122-YMLZ","8039832000","Maziba","Pf3D7_04_v3-133581-133830-1A","CTCTCGATTATCATTACCTACTTCAGTCTTTACAATTGTAGGAGGTGTTTTAACATGATTATCCCCTCCATGAGGAGTAACCCTTAAAGGTTCTTCTTGAATATTTGGTGTCGCTTCGCCTGTTTCTGTAGAAAGGATATTTATTCTATCAACATATTCATCACCTTCTTCAACTGTACTATTTAAA","Pf3D7_04_v3-133581-133830-1A.1",".",328,1,1
"IM-23-122-YMLZ","8039832000","Maziba","Pf3D7_08_v3-476232-476475-1A","CAAACACATGATAAACAAAAGTGTAAGGAAAATTTTTCAAATTCATTTGTTAATGAAATATATGAAAAAGAAGAAAAAGAAACGCAAAAAATGAAAGAATATTTAGAACAACATGAAGAACATTTTTCAACGTTTAGAAATTCAATTTTATGTAAATTAAGAATAGCTGAAGAATT","Pf3D7_08_v3-476232-476475-1A.1","85+8N",398,0.313139260424862,2
"IM-23-122-YMLZ","8039832000","Maziba","Pf3D7_08_v3-476232-476475-1A","CAAACACATGATAAACAAAAGTGTAAGGAAAATTTTTCAAATTCTTTTGTTAATGAAATATATGAAAAAGAAGAAAAAGAAACGCAAAAAATGAAAGAATATTTAGAACAACATGAAGAACATTTTTCAACGTTTAGAAATTCAATTTTATGTAAATTAAGAATAGCTGAAGAATT","Pf3D7_08_v3-476232-476475-1A.2","45T85+8N",873,0.686860739575138,2
"IM-23-122-YMLZ","8039832000","Maziba","Pf3D7_13_v3-2114829-2115090-1A","ATTCAATATATATAAAAATATAGCTAATAAACATTTCAAATCTCCATTAAGAACTTTATTCATCTTAACAAAAGCTCTATGAACTTCTGTATCTATAGTCGATTTTGTTATTCTAAGCATATCATTAAGTAAAAAATTTACGGTATCGACATTAACAGTGTAATAATTTCTTCCTAAATTTAAATGTTCTAAATAATTCAA","Pf3D7_13_v3-2114829-2115090-1A.1","130+8N192A",323,0.34656652360515,2
"IM-23-122-YMLZ","8039832000","Maziba","Pf3D7_14_v3-294506-294753-1B","AATTTAGATGTTATCAAAGTCCCATTCTTACCTTTCTATGTAACTCTTTGTAACAACAGCAAATTACCAACTTTTGAATTTACCTCAGAAAATGGTAAATACACATTAGAACCTGAATACTACCTTCAACACATAGAAGATGTTGGTCCAGGATTATGTATGCTTAATATCATAGGATTAGATTTTCCAGT","Pf3D7_14_v3-294506-294753-1B.1",".",1918,1,1
"IM-23-122-YMLZ","8039832000","Maziba","Pf3D7_14_v3-297583-297856-1B","AGGAGGTTTTTCTTATTATATTTTTGAAAATTTCGTTTTTCAAAAGAACCGTAAAATTAATCACATAATTAAGACTTCAAAATATTCGACAGTAGGATTTAATATTGAAAATTCTTATGATAGACTTATGAAAACAATTAAAGAGCATAAATTAAAAAATTATATAAAAGAATCAGTAAAACTTTTTAATAAAGGTTTAACCAAAAA","Pf3D7_14_v3-297583-297856-1B.1","153+8N",301,1,1
"IM-23-122-YMLZ","8039832000","Maziba","Pf3D7_14_v3-294503-294768-2","CAGAATTTAGATGTTATCAAAGTCCCATTCTTACCTTTCTATGTAACTCTTTGTAACAACAGCAAATTACCAACTTTTGAATTTACCTCAGAAAATGGTAAATACACATTAGAACCTGAATACTACCTTCAACACATAGAAGATGTTGGTCCAGGATTATGTATGCTTAATATCATAGGATTAGATTTTCCAGTACCAACCTTTA","Pf3D7_14_v3-294503-294768-2.1",".",1150,1,1
"IM-23-122-YMLZ","8039832000","Maziba","Pf3D7_13_v3-2504481-2504734-1B","TAAAATGTGTTGATGATTTTAACAATATGGTTATAACGATAAAAGAGGAAGTAAACAATCATTGGGAAAATAATATATACAATAAAAAGGATATGGTTAATTATACAAATGAAAATTATAATGATAATATATTAACATATGAATATATTAATGAAACACTTAGAAAAGAAAAAAAAAGATATTATA","Pf3D7_13_v3-2504481-2504734-1B.1","168+11N",416,1,1
"IM-23-122-YMLZ","8039832000","Maziba","Pf3D7_01_v3-528859-529104-1A","TTTGATTCTTTTTAATGAAAAAGAAGCTAAAGATATGTCAGACGATATAATTTCCCAACAAAAACGTTATTGCTCTACCAATATTCATAGTAATTATAATAATAAAATATGTATATGTAAAAATAAGCGACATCATAACAAAAGAGGGAAAGGAATAAAGCATCCTGACATACATCAAAAGG","Pf3D7_01_v3-528859-529104-1A.8","44G",953,0.255085653104925,2
"IM-23-122-YMLZ","8039832000","Maziba","Pf3D7_10_v3-992596-992869-1A","GAAAATAATAAAATGCACAGTATCAATTCTGATAGAAATAAAAATGATTATATTCCATCTTCCTATTTACATACAATATATAAAACATTTAGCGAACATATAAACCGAGATAATGGAAATATTTATGATGATGAAAAAAAAAATTTATATGATGGAACTGTTTTTTATATAGAAACATTAAACGAATTAAGAATTATAAATATATTATTTTCA","Pf3D7_10_v3-992596-992869-1A.1","133+12N160+8N",157,1,1
"IM-23-122-YMLZ","8039832000","Maziba","Pf3D7_11_v3-1006693-1006917-1A","GTGGGGGAGAGAATTTTACCTTGATACGCTCCCATGTTTTATCCTTTATACAATACACATAAGTGTCATTGGTAATATATGACCCTCTTTTACCTCCGTAAAGAAATAAACAATCTTCTTTTTTTTCAGTGGAGTAAATTAAATTTAATTTTGCAAAATAGCGTGG","Pf3D7_11_v3-1006693-1006917-1A.3","27C58C118+10N",407,1,1
"IM-23-122-YMLZ","8039832000","Maziba","Pf3D7_11_v3-1018781-1019053-1A","TTTTTGATTCATATCATTATCATAATTATATATATATTGATCTCTGTCTATATGGGGAGCAAAAAAATATAAAGGATGTTGTGTTAAGGCTAATAATAATTCTGTAGCTATACTACTACTTATGTTACTTATACCACATCTAGTGACTGTACATTTTTCATCTAATGTTCTATAGGATAAAGAATCTGAAGGACAATGCATATCAT","Pf3D7_11_v3-1018781-1019053-1A.2","60+9N",186,1,1
"IM-23-122-YMLZ","8039832000","Maziba","Pf3D7_08_v3-336421-336651-1A","TAACAACGAACCCATAAATTTACAGAAAAATTTAGATTTAATCATATGGCTAAAAAAGAATATAAAAGAAGGAGAAGCTTTAATTTCTGATATACCCACATCAAGTTTTTTAAGGTGTACTACAAATTATAAATTTGTATTGCATCCACAATATGAAGATAGT","Pf3D7_08_v3-336421-336651-1A.1","51+8N105+8N",1271,0.676423629590208,3
"IM-23-122-YMLZ","8039832000","Maziba","Pf3D7_13_v3-1725464-1725719-1B","ATCATAGTTATTACCACCAAAAACGTATAAGAAATTATTCAATACAGCACTTCCAAAATAAGCTTTTTTGGTAGACATAGGTGTACACATACGCCAGCATTGTTGACTAATATCTAATAATTCCATCGAATTTAAATATTCTACACCATCAAATCCACCTATACAAAATACTAATGGGAATGGTAAAAATTTAATACCA","Pf3D7_13_v3-1725464-1725719-1B.1","63+8N",744,1,1
"IM-23-122-YMLZ","8039832000","Maziba","Pf3D7_13_v3-1725887-1726123-2","AAATAGCTCCACCAACATTAATATCAATCATAGTTTCAGTAGCAATATTTGCATCAACAATTTTTTTTTTATCATTCTCAAAATTTTTATATTCTTGATAATATTTTTCTTTTTCTAAATATAATACTAATTTAATTTTATCGATTTCTTGTAAAAATCTTAATCTTTCTTCATCAA","Pf3D7_13_v3-1725887-1726123-2.1","60+12N",1430,1,1
"IM-23-122-YMLZ","8039832000","Maziba","Pf3D7_14_v3-137398-137668-1A","ACCATTCATATTTTCTAGGTTTGTTTAACCAATTACATATATATAATATATTACAAAATAATTGTTTTAATAATATATGTTTAGTTAATATTAATTCAATACTACTTAATTTATTTCTTATATTTTTTAAAAGATCTTCATAAACAAAATCAAAATTATCTATTAATAATAAATAACCAAATCTTTTATGTACATTTTTTATTC","Pf3D7_14_v3-137398-137668-1A.2","122+8N194+8N",37,0.293650793650794,2
"IM-23-122-YMLZ","8039832000","Maziba","Pf3D7_04_v3-648065-648332-1A","TATGACTTCTGATTCAGTTTTGTTAAGATATATACCAAGAGATCTTAACAAATATAATAATTTTTCACCACTAACTCCATCTTTATTAGTATCGTATTCTTTAAATATTGATTCAATCTCAGCTCTCTTAAAGAAAACAAATATATATACATATATATATGTATTTATATGAATTTGTATCAATAAATAATAACATTCTTA","Pf3D7_04_v3-648065-648332-1A.1","141+30N",361,1,1
"IM-23-122-YMLZ","8039832000","Maziba","Pf3D7_11_v3-1295103-1295335-1A","ACTACTGCTTTGTCCCATCCCAACGAAGTTGAACACAATTTTCCATGTTCATTATATAAAGATGAAATAAAGAAAGAAATCGAAAGAGAATCAAAACGAATTAAATTAAATGATAATGATGATGAAGGGAATAAAAAAATTATAGCTCCAAGAATTTTTATTTCAGATGATATA","Pf3D7_11_v3-1295103-1295335-1A.2","23A34C71A132+9N173T",1607,0.676346801346801,2
"IM-23-122-YMLZ","8039832000","Maziba","Pf3D7_13_v3-2816310-2816554-1B","CAAATACTTTTCAATATAGGTCTAGTGAAAGTGTGGAAGTAATAACTAATAAACCTGATGAAATGGAAATGACAACTAAACCACCATCACAATATATTGAAAAGGAAATTGGAGAAATTGATTCTACAAAAAATCAAGATAATGATGAACAAAGCAATTCTATAATTCCTTTAATTAATAAAAATAATGAA","Pf3D7_13_v3-2816310-2816554-1B.2","95T127+8N",1345,1,1
"IM-23-122-YMLZ","8039832000","Maziba","Pf3D7_09_v3-164045-164311-1A","ATCAACTGGTGTTGCAAAACCATTAGTTACCAATTTTAATTCTCCATTTAGTGCTTTTGGTAAAACAAATACCAGTGATATATTTAAAACTAATACTACTGCATCAACTACAAATGCAACTGCAACTGCAACTCCTGCTCCCTTTGGATCAGCATTTGGAGCGCAAAAGAATAATGATAGCTTGTTTGGAAATAATGCATTCAAGCTTTCG","Pf3D7_09_v3-164045-164311-1A.1",".",1145,1,1
"IM-23-122-YMLZ","8039832000","Maziba","Pf3D7_13_v3-852647-852921-1A","TACGAAATGATGAATTAAAAGAATTAACATTTATGAAAAATAAAGAAAATAGGAATGCAGATACATATGTTTTTGATTATCCTAAAAAAGAGAAATATGACCAATTAGTTTTTGAATTACGTAAACATAATTTTAATATAACAAGCATTAATACATATAAAAAACTAAAAAATGAAACATCATCACAAAAAGAAGAAAATGCTTCTATAATAAGTT","Pf3D7_13_v3-852647-852921-1A.8","83+8N149T158+8N169A",285,0.655172413793103,2
"IM-23-122-YMLZ","8039832000","Maziba","Pf3D7_09_v3-202854-203106-1A","AATATACAAAGAATGTATATGATAAAATATTCTTTGTCCTTTAAAATTTTTTGTTCTTGTACTTTGTTTTTTATAATCTATTAAATTCATATCTGATGAAATATCATATTTATATTCCCCTTTATGAGCATTTACAAAAGTTTCGCTATTTCTTTTATTAATATATGTATTTGAGCACATATTTTTAT","Pf3D7_09_v3-202854-203106-1A.3","46+8N66+8N183T",3,0.00231481481481481,4
"IM-23-122-YMLZ","8039832000","Maziba","Pf3D7_04_v3-900526-900759-1A","TTAACAACTTATCATCATTTATTAGATTCTTTTCATGGAACAGATTATTAACAGTATCCATAATTTTATGATCATCCGTGTTATATGTATCTATACAAGTATTTAACTTGCTTATATAATTTACATATTTCAACGGATCATTTTGAAGTATGCAATCATCGAATGAATA","Pf3D7_04_v3-900526-900759-1A.2",".",636,0.324489795918367,3
"IM-23-122-YMLZ","8039832000","Maziba","Pf3D7_14_v3-106867-107115-1A","AATGACATGAACAAGTCAGGCGAAAAAGAGGAACATGTTATAAATAGTAAATGGAAAAATAAATTTTTCCATGAAGTTATACAAAATATGTTATATGATGATAATATAAATGATCATAAAGAAGAAATTAAGGAAGATAATTCTAATGAATATAATATCAATAATAAAAATGATAATTTATATGATATA","Pf3D7_14_v3-106867-107115-1A.2","120A",117,0.153141361256545,2
"IM-23-122-YMLZ","8039832000","Maziba","Pf3D7_04_v3-900526-900759-1A","TTAACAACTTATCATCATTTATTAGATTCTTTTCATTGAACAGATTATTAACAGTATCCATAATTTTATGATCATCCGTGTTATATGTATCTATACAAGTATTTAGCTTGCTTATATAATTTACATATTTCAACGGATCATTTTGAAGTATGCAATCATCGAATGAATA","Pf3D7_04_v3-900526-900759-1A.3","37T106G",1322,0.674489795918367,3
"IM-23-122-YMLZ","8039832000","Maziba","Pf3D7_12_v3-684011-684240-1A","ACCTAATGTTGGTAAGTCTACCATTTTTAATCGACTAACTCGAAAATATCAAGATGGTAGTATTGTTTTAGATGATAGTAGTACGAGAGATAAACTTTATGGAGAAGTTGAGTGGGAAGGATATAAATTTGAACTTGTGGATACAGGAGGTTTAGTTTTTGA","Pf3D7_12_v3-684011-684240-1A.6","75A",952,0.590570719602978,2
"IM-23-122-YMLZ","8039832000","Maziba","Pf3D7_08_v3-585703-585949-1A","AAACACATCATCAAAAGTTTCTGATATTGGCTTGTTTGATTCTTTATATTTAAAATCTTTATATAAATAAAATCTATCTTTCTTAAAATATGGATCTTTACGTAGTTCAATCGAATCCCTATCAGTTACAATATTTATATCTTTTAATGTTAAGTGGAAATTAGAATCAATAATAGCTA","Pf3D7_08_v3-585703-585949-1A.3","105G118C",1124,0.711392405063291,2
"IM-23-122-YMLZ","8039832000","Maziba","Pf3D7_04_v3-316593-316858-1A","TTATTCATTTTTTGTATATTATCCTTTTCTACATCATCAAAATTTGTTAATGATTCACACGTTATATTTGGTGATATTATATTTCTACCTGTACATACACCAATATTTGTTGTACCTATTATTTTATACCCTTCTTGACATTTAAATTCTATTTTTTCACCAAGTAAATAATATTTTTTATCAGGGATAAGGGAAACATA","Pf3D7_04_v3-316593-316858-1A.1","7+8N151+8N173+8N",632,0.740914419695193,2
"IM-23-122-YMLZ","8039832000","Maziba","Pf3D7_13_v3-2114242-2114482-1A","CTTCCATTAACTCAATATATAATTTATTAATAATTTTTAATTTGTTTATTTCAAAAAGGCATAGTTGTAACAAGGTTCTTAAGGTTCTATTACCCCCTAAGAGGTTAAAATGAATATTTCCTTTTTCTCGTATATGCAAAAAATCCCTTAACAATAAATCATATTCATCAGTATGAAATGT","Pf3D7_13_v3-2114242-2114482-1A.1","67G76T137+8N",1384,1,1
"IM-23-122-YMLZ","8039832000","Maziba","Pf3D7_14_v3-120101-120365-1A","TTTTACAACATTATTTTTTTCTTCCTCCTCAGATAAAATAGGTACACATATCGCGTCCTTATCACATCCTCCATTGTTTACCTTACAATGTTCTTCGCATTCGAAATTTTTTTCAGGATTACTTGAAAAGCCTTCTGGACAATTACAATATTCATATCCATGAACATTCTTACAAACACCTTTTCCACAATTTAAAA","Pf3D7_14_v3-120101-120365-1A.3","13+9N106+9N164A165C",615,1,1
"IM-23-122-YMLZ","8039832000","Maziba","Pf3D7_05_v3-350808-351052-1A","TAATATAATTTGAGTTGATAATATTATAATTATTTTTTATATGTTGCTCATTTATATTATTATGATAAATATGAGTTGTATTTTTATTAGAGTTGTAGGACATTTTCCCATACATGAGTTGTTTTACATTTTTAACATTTTTATAATTATGTATTAAACATAAGATTATTAGATAAA","Pf3D7_05_v3-350808-351052-1A.2","32+8N",385,0.292553191489362,3
"IM-23-122-YMLZ","8039832000","Maziba","Pf3D7_09_v3-685560-685825-1A","GAACCAAACAACGACAAAGGAACAAGATAATTTTTTCCATTTTTATAAAAGTAATATATATGATATGGAAAATAGAACATGTAATAATAATATATTACAATATTGTGTTATGAATAATAAATCATATTTATTTCATAATATATCATCCAAAAAAAATATATATATAAAAAAAAAGAATCATCAGTTTTCTTTATTCATATATT","Pf3D7_09_v3-685560-685825-1A.1","30+8N79A148+10N165+11N",34,1,1
"IM-23-122-YMLZ","8039832000","Maziba","Pf3D7_06_v3-176108-176338-1A","ATTATTATTATTATTATGATGATGATGATGATGATGATCTGTGTTAAGATCATCTTCTATACCATTAGTTAAACATTTTATATTTTTATTCATATAAACATTAATCTTCACAACAGATTTATCAGATCTAGAAAATCTTGTACCTGTTGCTTTATGTAACAATAT","Pf3D7_06_v3-176108-176338-1A.11","1+38N",9,0.0059445178335535,3
"IM-23-122-YMLZ","8039832000","Maziba","Pf3D7_14_v3-2020604-2020849-1A","CAAGAACATGAATATTTCTGTAAATACATAGACAAGTCCTCATTATGTCTTATCACAGGGTGCTCTTTTTTAATATGACAATATAATTTTATATGTTTTATTATTTCTTGATGAATTTCACATAATAAAAATAATGTGTGATTCATATGTTGACTACTCAATATAGAAAAGCCACTAACTAATTG","Pf3D7_14_v3-2020604-2020849-1A.5","65+8N158T",939,0.633175994605529,3
"IM-23-122-YMLZ","8039832000","Maziba","Pf3D7_04_v3-109939-110184-1A","CAACATCTGAATTATATAAATCTTTAGAAAAACAACTAATATCCTTACTCCATATATTTATTTTTATACCAAGAATAACAGCCATATAAACCAAAACTCTCTCAAATACATGTGATACAGGTAAATAAGAAAAATGGGTTTTCGGTTTCATGTTTTTTATTACATTATGATCACATAATGGTGCTACT","Pf3D7_04_v3-109939-110184-1A.1","51C152+8N",341,0.307761732851986,2
"IM-23-122-YMLZ","8039832000","Maziba","Pf3D7_14_v3-2020604-2020849-1A","CAAGAACATGAATATTTCTGTAAATACATAGACAAGTCCTCATTATGTCTTATCACAGGGTGCTCTTTTTTAATATGACAATATAATTTTATATGTTTTATTATTTCTTGATGAATTTCACATAATAAAAATAATGTGTGATTCATATGTTGACTACCCAATATAGAAAAGCCACTAACTAATTG","Pf3D7_14_v3-2020604-2020849-1A.6","65+8N",3,0.00202292650033715,3
"IM-23-122-YMLZ","8039832000","Maziba","Pf3D7_05_v3-369676-369949-1A","TGTAATATTATATATCCTGTTATAAATAAATCACTGGATATGGATGTGAAAAAAGAAGATATAAAAAAAAATGTAGAAGAAAATAAATATATAGAACATACACAGAATTTGAAAAATCATTTAGAAAATGATGAAAATGAGAAAAAAAAAAGAAGAAAAAGATCAAATAATAATGACAATTATAATTCTCATGATAATAATATTTTTCA","Pf3D7_05_v3-369676-369949-1A.4","34C48+8N62+11N118C141+12N",215,0.66358024691358,2
"IM-23-122-YMLZ","8039832000","Maziba","Pf3D7_14_v3-2481033-2481276-1B","CCATGTGGATAAAGACAGTAGAGAGCAATTCGAAATAAAACAGTACTCTTGCAAATTAGATATTTTTTTGAACTCATCTGTTCCTATAAAAAATTCTGAATGTAAGCAGAATAAATTATACACAAAAGAATATATATTCATTTTTATTTATTCACTTTATATATGTTTGTATGTATGTA","Pf3D7_14_v3-2481033-2481276-1B.3","62+9N87+8N",990,1,1
"IM-23-122-YMLZ","8039832000","Maziba","Pf3D7_07_v3-1028330-1028603-1A","TAAAGAATATTTTTATTTCTAATATTATGGCTAAAAGGAAAATTATTTAATTTCATTTTTTGTGGGTTACTTGTATCATTACAACTCATCATCATGACCATATTATTATTATTATTATTGTTGTTGTTGTTGTTGTGGTGGTTCATTACCAATAAATTTGTGTTATTATGTTCATCCTTTTTTATATTAACAATTTCATTTCTATAA","Pf3D7_07_v3-1028330-1028603-1A.2","55+8N101+36N177+8N202C",405,1,1
"IM-23-122-YMLZ","8039832000","Maziba","Pf3D7_10_v3-1386657-1386909-1A","CGATTTTGGTAGAGAACAGGTTAAATATATTGAAGACGTGGTTTGATAATCAGGTATTTCTTTAATTAAATATTCATGATATTGTTCGTTAGATACATAAATTAATTCGTCCTCCACATTTTGCTGTTCTGTTATAATTTGTGAAGAAGCTTGGTTTGTCTTATTTGGTAATTGCTCTTTTATGA","Pf3D7_10_v3-1386657-1386909-1A.3","13A",1223,0.762468827930175,2
"IM-23-122-YMLZ","8039832000","Maziba","Pf3D7_14_v3-2695837-2696082-1A","CGTTTTGTATCATATTATTAGATATAGTTATTTTATTATTATTTTCTACATTATTATTCAATATATTACATCCTGTTATGGAATTATTGTTAAAATATAAATTATTCGAATTGTTATTATTAAATTCTAATCCACTAACTGCTGTTGTATATAATGATGATGAGTTATTATTATAGAAATC","Pf3D7_14_v3-2695837-2696082-1A.2","28+16N53A",631,0.669851380042463,2
"IM-23-122-YMLZ","8039832000","Maziba","Pf3D7_14_v3-3214249-3214516-1A","TAAATAAAAAAGGATTAGATGATTTAATAAAAGATTTGTTAAAATATTTTCCAAAGAATTCAATTAGCGATCGTTTTGAATTGTTAGAATTTAAAATGACGGAGGATTGTTATACAAAAATGTGGTTTGATTTTATGATTGATTTTGGAATAGCTACAATGAATGAAAACGAACATACTAGATCTTTTTATGGCTTAATCGAA","Pf3D7_14_v3-3214249-3214516-1A.3","5+8N139T169A194C",663,0.357219827586207,2
"IM-23-122-YMLZ","8039832000","Maziba","Pf3D7_08_v3-399693-399961-1A","CTTTTCTTCACCTTGGTTTATTACATTATTATTTTCATCATTGTGTTGAATGTCTTTATAAATATGTTCATTAATAATATCTTTGGAAGTATCTTCCATATTTTCTTCTTTATCAATTTTAAATACTTTTTCATAACTTTCATTTTCTTTTTTCTCCTTGGATGTTTCTAATTTATTCTCGTCATTTTTATCAAAATTATTTTTATAACTTTCA","Pf3D7_08_v3-399693-399961-1A.2","55T147+8N",675,0.702393340270552,2
"IM-23-122-YMLZ","8039832000","Maziba","Pf3D7_13_v3-1876391-1876664-1A","AACTATCTGTAAAAGTATGTTTAGAACTAACATTTGAAGAGAAGTTACATCCGTGTATGACTTTTTTTTCATATTTTGGTTTTAAAACTATTTTATAATTATTATTTTTAAATTTGCATGTACATTCTGTATTAACATCTTTTGATGTAACATAAAATGGAGCTTTAAAGATAGTTAAGTTTTTATGATAAATTATTTTATTACTTTTATATA","Pf3D7_13_v3-1876391-1876664-1A.1","61+10N",376,0.651646447140381,2
"IM-23-122-YMLZ","8039832000","Maziba","Pf3D7_13_v3-1876391-1876664-1A","AACTATCTGTAAAAGTATGTTTAGAACTAACATTTGAAGAGAAGTTACATCCGTGTATGACTTTTTTTTCATATTTTGGTTTTAAAACTATTTTATAATTATTATTTTTAAATTTGCATGTACATTCTGTATTAACATCTTTTGATGTAACATAAAATGGAGCTTTAAAGATAGTTAACTTTTCATGATAAATTATTTTATTACTTTTATATA","Pf3D7_13_v3-1876391-1876664-1A.2","61+10N179C184C",201,0.348353552859619,2
"IM-23-122-YMLZ","8039832000","Maziba","Pf3D7_14_v3-293575-293829-1B","TTTTGTAGTGTAATGTGTGGTTTATTTTATTATGTGTATGAAAATGTATGGCTTCAAAGAGATAATGAAATGAATGAAATTTTAAAAAATTCCGAACATTTAACTATTGGATTTAAAGTTGAAAATGCACATGATAGAATTTTGAAAACTATAAAAACACATAAATTAAAAAATTACATTAAAGAAT","Pf3D7_14_v3-293575-293829-1B.1","83+8N167+8N",390,1,1
"IM-23-122-YMLZ","8039832000","Maziba","Pf3D7_01_v3-455794-456054-1A","AGAAAAAAAATTTATTAAGAGGTATTTCGATTTTAAAAATTTAAGAATTAATTTTTAATTATGTCTATAAAAACTTAATAGAAAATAAATATTATTTTGTTTTTCAAAAAAATGTTTAAGAATAATATTTCTTTATTCTTTTACAATTTAGAACATATAATGCTATTTCTTTTAATTTTAATTTAATTTCAAA","Pf3D7_01_v3-455794-456054-1A.1","2+10N105+9N",327,1,1
"IM-23-122-YMLZ","8039832000","Maziba","Pf3D7_05_v3-641131-641404-1A","GGAATTTTTTTTTTGGTGTTTTATTTTTTCGAAGGATACAGGATAATCTAAGACATTAAAATTATTGGGTTTGAAAAAGAGTTTCCTTTTTATGATGTGCAATAGAGGTATATTTATATAGGAAATATAAACATATAAAAGGAATATGATAAAAAGGAAATATTGACTTAATAAAATATTAATATTTCTTTTTTTCAAATATATTTCGT","Pf3D7_05_v3-641131-641404-1A.1","4+12N23+8N188+9N",177,1,1
"IM-23-122-YMLZ","8039832000","Maziba","Pf3D7_10_v3-992331-992603-1A","TCATTATATTTTTAAAAAAAAAAATTATGATATAAAATCTTCAATTAATAAAAGATCTATCCAGTTCTTTAAAGACACTAATATAGATCATTATATAGCATATGAATATTATAAGGAGGACCGTACGGAATTTATATTAACTATTATGAATGAAAAAAATATTACTCATCAAGAAACTCAAAGTCTTGAAATGAAAAAGTTGAAAG","Pf3D7_10_v3-992331-992603-1A.2","13+13N152+9N",604,1,1
"IM-23-122-YMLZ","8039832000","Maziba","Pf3D7_07_v3-475313-475545-1A","AGCTTTATTATCTACAAAAAATCCACGTGGATATATGAAACAAATGAAATTGTATTTTATATTCCAAATTAAAGAAATTGCATTAAGAAAACATGGCTCTTTACTTACAGTCAAAAATTTATATAATAATAAACTTTTAAATATAAATTCATCATCTTCTACAAATA","Pf3D7_07_v3-475313-475545-1A.1","15+8N",441,0.290513833992095,2
"IM-23-122-YMLZ","8039832000","Maziba","Pf3D7_07_v3-475313-475545-1A","AGCTTTATTATCTACAAAAAATCCACGTGGATATATGAAACAAATGAAATTGTATTTTATATTCCAAATTAAAGAAATTGCATTAAGAAAACATGGCTCTTTACTTACAGTCAAAAATTTATATGATAATAAACTTTTAAATATAAATTCATCATCTTCTACAAATA","Pf3D7_07_v3-475313-475545-1A.2","15+8N125G",1077,0.709486166007905,2
"IM-23-122-YMLZ","8039832000","Maziba","Pf3D7_07_v3-627351-627625-1A","TCACTAAGATAATTATTATTACCATTTTCAGCATAATAAAACTTCTGATGTTTTATAAGAGGAGTTTGGTTAGAAGCAAAATTATCAGCAGTTGTTGAATAATTATTATGTTCTTGATAAAAGAGATTATTCATATAGTTATTATTATTTTTCATATCATCCATAGTATTATTGTTAATATAAAATTCCTCATATGAATTATATATATA","Pf3D7_07_v3-627351-627625-1A.2","23C42C96T",338,1,1
"IM-23-122-YMLZ","8039832000","Maziba","Pf3D7_11_v3-1019050-1019319-1A","TCAAAACTTATTGCTACCGTAATACCTAAAGGAGGCATTTTACATAATCTTTTTACACTCGTAAGAATATTATTATAAAAGATTTCTTGATATCTATCATACATATGAATATTATTTAGAGATTTATATATATTATTATTTTGTTCATATAATAATATATTATTTAAAGACTTATCCATAATTTTTGTACATTTTATATTTTCTATA","Pf3D7_11_v3-1019050-1019319-1A.1",".",221,1,1
"IM-23-122-YMLZ","8039832000","Maziba","Pf3D7_07_v3-729480-729750-1A","TGAATGTTCAGAAATTTTATATCACTTAAATCGTTTGAGTGCGTTAGATCAAATATTGTTGAAAGATAAAATAAGTATATATGAGTATCAGCTAAAGGACACGTTTTTAACAACGTATGATATAGGTTGTTTATTAAAAATAGCTCAAGTGTTGAATGAACAAAATTATTATGATAACATTCCATTTTTGCATATATTTTTATATAACATACATAA","Pf3D7_07_v3-729480-729750-1A.2",".",389,0.688495575221239,2
"IM-23-122-YMLZ","8039832000","Maziba","Pf3D7_05_v3-395887-396136-1A","TCTAAGGATTGTTGGTTTTTTAGGATGCTCATCTTTTTAAGATAATCCTCTTTACTGTCGTTATTATTTAAATCGTTTTGTATAATATTATATTGTGAATTCCTTGTGTTTTTCATAACACTATTAGTCCTATTGGTGTTCTTCTTATTATTATTATTATTATTGTTCTTCTTCTTAATAAA","Pf3D7_05_v3-395887-396136-1A.5","15+8N119C145+20N",128,0.233151183970856,2
"IM-23-122-YMLZ","8039832000","Maziba","Pf3D7_04_v3-544454-544718-1A","ACAAAATATAATACTTTATATACAAATGCTTATAAAAAATTTTAACTCGAACGTACTTCAAAATAATATAAATGAACAAGAAGTAATACATAATAACATCAACATTAATAATATAAAAGAAGAACAAATTATACCAAATAATATCAAGAATATCCATAATAATGACAATATTAATCATTGTGATGGTAATAAAATAA","Pf3D7_04_v3-544454-544718-1A.1","33+8N186G",207,0.253676470588235,2
"IM-23-122-YMLZ","8039832000","Maziba","Pf3D7_04_v3-544454-544718-1A","ACAAAATATAATACTTTATATACAAATGCTTATAAAAAATTTTAACTCGAACGTACTTCAAAATAATATAAATGAACAAGAAGTAATACATAATAACATCAACATTAATAATATAAAAGAAGAACAACTTATACCAAATAATATCAAGAATATCCATAATAATGACAATATTAATCATTGTGATGGTAATAAAATAA","Pf3D7_04_v3-544454-544718-1A.12","33+8N128C186G",609,0.746323529411765,2
"IM-23-122-YMLZ","8039832000","Maziba","Pf3D7_13_v3-2814606-2814855-1B","TAGCGATAATGATCCTGCAGTAGTAAGTGGTAGAGAATCTAAAGATGTAAATCTTCATACTTCTGAAAGGATTAAAGAAAATGAAGAAGGTGTGATTAAAACAGATGATAGTTCAAAAAGTATTGAAATTTCTAAAATACCATCTGACCAAAATAATCATAGTGATTTATCACAGAATGCAAATGAGGACTCTA","Pf3D7_13_v3-2814606-2814855-1B.1","109T",541,0.376216968011127,2
"IM-23-122-YMLZ","8039832000","Maziba","Pf3D7_06_v3-1115900-1116168-1A","ATTTTTTAATAAAGCAGTACCATCTATATCTCTTCCTTTTTTTAAAACACATAAAGTTTCATCAAAATTGCTTGTGCTATTTTTATCAGGTTCAGGAAAATATTGTTTATTTGGAGAATATCCATTCTGATTACAAGTTATAATATTATTAATATTTATAAATTTTTTGTTTGTTTTTAAATCACCAAATTGATTATCGTTAT","Pf3D7_06_v3-1115900-1116168-1A.2","1+8N36+9N114G162+12N",432,0.701298701298701,2
"IM-23-122-YMLZ","8039832000","Maziba","Pf3D7_06_v3-1115900-1116168-1A","ATTTTTTAATAAAGCAGTACCATCTATATCTCTTCCTTTTTTTAAAACACATAAAGTTTCATCAAAATTGCTTGTGCTATTTTTATCAGGTTCAGGAAAATATTGTTTATTTGTAGAATATCCATTCTGATTACAAGTTATAATATTATTAATATTTATAAATTTTTTTTTTGTTTTTAAATCACCAAATTGATTATCGTTAT","Pf3D7_06_v3-1115900-1116168-1A.1","1+8N36+9N162+12N",184,0.298701298701299,2
"IM-23-122-YMLZ","8039832000","Maziba","Pf3D7_13_v3-748254-748510-1B","ATACCAAAAAAAATAAAATAAAATAAAATGAAATAATAAATAAATAAATATACATATATTTACATATATATATATATAATTACACATATTTTTGATTGAGGACAAATTACATGTAGTGTAGTTCGTCTTCCTTGTGCGTTTCAATCACACAATCCGATTTAGGATAACATGTACACAAAAGAATATATTTTTTCTT","Pf3D7_13_v3-748254-748510-1B.2","5+10N25I=AAAAT39+33N108A180+8N",360,1,1
"IM-23-122-YMLZ","8039832000","Maziba","Pf3D7_04_v3-748374-748611-1B","AAACTGGGAAAGCATTCCAAAAAAATTTAAACCTTTAAGCAATAGGATAAATGTTATATTGTCTAGAACCTTAAAAAAAGAAGATTTTGATGAAGATGTTTATATCATTAACAAAGTTGAAGATCTAATAGTTTTACTTGGGAAATTAAATTACTATAAATGTTTTATTATAG","Pf3D7_04_v3-748374-748611-1B.1","3A18+9N72+9N",449,0.313766596785465,2
"IM-23-122-YMLZ","8039832000","Maziba","Pf3D7_13_v3-479569-479811-1A","CTAGAGACGAATTTGATGATAAAAGAAAATTAAAAGAAGAGAAAATTAAACAATGCCAACTATTAAATGAAAAACAACTAGAAGAAAAAGAAAAAGAAAAAAGAATTCTGAGAGAAAAAGCTGTTGAATATACCTTACAAAATGAAGAAGAATATAAACAACTAAAACGAAAATT","Pf3D7_13_v3-479569-479811-1A.1","96+8N",505,0.327922077922078,2
"IM-23-122-YMLZ","8039832000","Maziba","Pf3D7_04_v3-900526-900759-1A","TTAACAACTTATCATCATTTATTAGATTCTTTTCATGGAACAGATTATTAACAGTATCCATAATTTTATGATCATCCGTGTTATATGTATCTATACAAGTATTTAGCTTGCTTATATAATTTACATATTTCAACGGATCATTTTGAAGTATGCAATCATCGAATGAATA","Pf3D7_04_v3-900526-900759-1A.1","106G",2,0.00102040816326531,3
"IM-23-122-YMLZ","8039832000","Maziba","Pf3D7_09_v3-270915-271160-1A","CTTTGTATGTATTATCTGTTGTTTTATCTTCACCTTGATTTCCTGTACTTGTAGATTCAGTAGATGGACCTTCAGAACCTGCTAATTCATCACTAGTAGATGCAGCACTTGTACTTTTAGATTGTTCTTTTAATGGTCCCATATATTTGTATAATTCTATTTCTAAATCTTGATCCTTGGTTTTTTCTTCTAA","Pf3D7_09_v3-270915-271160-1A.1","82C85A180+8N",1188,0.998319327731092,2
"IM-23-122-YMLZ","8039832000","Maziba","Pf3D7_05_v3-1188456-1188706-1A","CAAAATTTAAATCAATAGCGGTTACGTTCATAATTTTGCCTTCAAAACTAACCTCTGTATGATATATAAATTTATTTTCCTTTACACTAAATACATATATAAAAATGGTACTTAATAATTTATCTTTATCATATTTAAATAATATTAAATCTGTTTTTACATCTGAGTTGTAATCACCGAAAT","Pf3D7_05_v3-1188456-1188706-1A.2","53C",511,0.288374717832957,2
"IM-23-122-YMLZ","8039832000","Maziba","Pf3D7_14_v3-1392837-1393086-1A","ACATGTATTGTCCCCAGCATGAATCGGGTGATAAATATTATCAAGCGTATCAAAAAATGGATTGTAATTATTACTACTATTCATATCATTATTTTTTGTGGTGGTGGACTGTGAAATGTTTTCCTTATGATTTTGACTTGTGTGTATATCCCTACCAACAACATATTCAACATTATTATTATCAAAAA","Pf3D7_14_v3-1392837-1393086-1A.2","51+8N91+8N",1419,1,1
"IM-23-122-YMLZ","8039832000","Maziba","Pf3D7_02_v3-470437-470709-1A","AATATTGACATGAAACATTATAATACACATAAGAAAAAAAAAATTTATTTATTCTTACAAAAAGAATATAAAAACAAAATTTTGGGATTTATAAATTTTTATAAACATATAACACACAAAATAAAAAAGAAACAAGAAAATGTTCATGATAAAATCACTTTTTTAAAATGTCTAAAGGAACTCTTTTTTGTCACACATACAAATA","Pf3D7_02_v3-470437-470709-1A.2","33+12N122+8N158+8N183+8N",472,1,1
"IM-23-122-YMLZ","8039832000","Maziba","Pf3D7_14_v3-1992121-1992370-1A","ATTAAAACATTCCAACAATTTTATTTCCTTCTTTATAAAATTATATAAATTAATTATTTTCTTTTTATCACATTCAAAGACGGCATAAGGTGCACCCCATGAACATTTTTTACTTTTGCTACCATCAGGCATAATATAAACACCAGTACCATTTTTTTCTGATAAATTAATATTTTTTTGTATAACATCATA","Pf3D7_14_v3-1992121-1992370-1A.1","105+8N151+9N172+9N",325,1,1
"IM-23-122-YMLZ","8039832000","Maziba","Pf3D7_09_v3-595828-596094-1A","ATAATTTTTTCATCGTTCTTATACATGAATGATAAAGTCTTTTTGCAAAATTTTTTGAAGAGATCAGATTTGAGATAAAGACGTTTGGCTAATTTATACGAGAATTCGAGAGCATCTAATTTTATATTTAAACATTTTTTCGTATCCAATATATTATAATTTTGTTCATAAGTCTGTTCGTTTATATTATTTAATACTTTT","Pf3D7_09_v3-595828-596094-1A.5","4+8N27G50+8N134+8N180G",185,0.303776683087028,2
"IM-23-122-YMLZ","8039832000","Maziba","Pf3D7_05_v3-213027-213251-1A","ATGTACTTATCCCCTGATATGATTTTTCCAATATCATCAAAATTAGTAATCTCTAAATCATTTATATGATTTATATGTATAAATTCTTTTATCTTGTTCAAATAATTTCTGTAATAAAATATATTCTCTTTATCATCATCAATTATTTTCATATAATC","Pf3D7_05_v3-213027-213251-1A.3","25T26T44T",8,0.00372960372960373,2
"IM-23-122-YMLZ","8039832000","Maziba","Pf3D7_14_v3-771407-771633-1A","ACCCACGGGACATTTTAATTTATACCTATTGGAACATTTTTTATTAGGTCTTTCTTTATGATTCTTCTTTAAAATAGGTTCATCATTATTTGAGTAAACTAACAGATCATTATCGTTCTCAAATTTATTATAACCATCAATATTTTTATTTCCATATACATCTATAA","Pf3D7_14_v3-771407-771633-1A.2","36+8N108C124T",823,0.282235939643347,2
"IM-23-122-YMLZ","8039832000","Maziba","Pf3D7_03_v3-891553-891827-1A","CAAGAGCTAAGAAAACATATAGAATCATCATAAGGATGTTGATAATATAAATGTGTTTTTATTTGTGTATTTATGTCAGAATATTGTTCCTTCGATTTATCTTTAAAATAATCAAGATTATTTATGTTGGTGGCTTTATTATTATTAAAATAATTTTGATTTGTTACATGATGACTATGGGTATATTTGTATTTTACGTTTTTATTA","Pf3D7_03_v3-891553-891827-1A.1","93C116G178T",124,0.341597796143251,2
"IM-23-122-YMLZ","8039832000","Maziba","Pf3D7_03_v3-891553-891827-1A","CAAGAGCTAAGAAAACATATAGAATTATCATAAGGATGTTGATAATATAAATGTGTTTTTATTTGTGTATTTATGTCAGAATATTGTTCCTTTGATTTATCTTTAAAATAATCAATATTATTTATGTTGGTGGCTTTATTATTATTAAAATAATTTTGATTTGTTACATGATGACTAGGGGTATATTTGTATTTTACGTTTTTATTA","Pf3D7_03_v3-891553-891827-1A.6","26T",239,0.658402203856749,2
"IM-23-122-YMLZ","8039832000","Maziba","Pf3D7_14_v3-2004362-2004606-1A","TATTTCCATATTATTGTAATAGGGCTTTTTCTTGCTCTTCTAATTTTTGTATATCTTGCTTATCCTTATCTAATTGTCCAAGAGCATTTAATTCATCTTCTACATTTATTTTATTTTCTTGAGAATATTCTTCAATTTTGTCTTCGAAACTGTTATATAATCTATTTATAATTGGTTG","Pf3D7_14_v3-2004362-2004606-1A.1",".",444,0.658753709198813,2
"IM-23-122-YMLZ","8039832000","Maziba","Pf3D7_04_v3-1083299-1083563-2","ATACACTTTCCATATGTAGAGGACTTATGATATATAGAATTATAAGATAAATGTTTATAATAATCTAAAAAAGTATAATGAGGTATTATAACAAAATCCAAATGTCCTTCTTTTTCTTGTAAAATATCAATAGAATTTGCAATGTTATAATTTGATAACTCTTTAAAATGATATTGTAAAAAATTAACATTTTTATA","Pf3D7_04_v3-1083299-1083563-2.1","66+8N177+8N",268,0.354966887417219,2
"IM-23-122-YMLZ","8039832000","Maziba","Pf3D7_08_v3-1375025-1375284-1B","CAAGTTATTGTTAAATTCGGAGTTATTCTATAAAAATGAAAAATCATTTAAAAATGTAAAAATGTACATATATATATATATATATATAATATTATTATATGTATTTTTATAAGTAAGTGTTATATTTATTTATATTTGCAATTAAAATACTTACGTTATCTAACAAAAGTACGGAAGCAAAA","Pf3D7_08_v3-1375025-1375284-1B.10","10G17T22G33D=TA39+8N58+8N66G67+53N132G134A136G139T151A168A195A",9,0.529411764705882,4
"IM-23-122-YMLZ","8039832000","Maziba","Pf3D7_08_v3-1375205-1375450-2","ACAAAAGTACGGAGGCAAAAACGGCAGCGGATAATACTTTATTTTTTGAGAAGGAAACCATTTTTATTAAATAACTATATAAATAGAAAAAGAAATAATAACAAAAATGTATAAATATAATTGTATAATATATGATATATATAAAATATAGAATACTAATTTTTTGCATATACAAAAAA","Pf3D7_08_v3-1375205-1375450-2.1","41+8N159+8N173+7N",332,1,1
"IM-23-122-YMLZ","8039832000","Maziba","Pf3D7_13_v3-156713-156986-1A","TCCTTTTATGTGAACAAATTAAATATTGTAAATGATTTCTTTTTTGAAACACACCATAAAGATACACATCAAGACAGTCAAAATGAACACAAAACGGATGAACCTAAAATACATAATGTTTTCAAAAAAAAAAATAACGATATCTTTGTTAATATTCCTCTACCAAAAATATTTAAAAATTTCTTACATTCCATATATTTTAGAACTCC","Pf3D7_13_v3-156713-156986-1A.2","39+8N50C123+13N",507,1,1
"IM-23-122-YMLZ","8039832000","Maziba","Pf3D7_06_v3-416462-416720-1A","AAGAGAAAATGGACATTGTGGAGAATATAAAAAATAGAGGAAAGGAAAAAACAGAATTAACATATAAAGAAGTATATAAAACACAACAGAATCAAAATGATGCAAGTTTAAATTCATTTTGGGGTGATGAAAAAAAAAATAATAATTATGATATAGATATAGTAAAAGAGAAATATAGTGAGTTAATGAAAAAAAAAGAA","Pf3D7_06_v3-416462-416720-1A.2","3+8N28+8N45+8N129+12N188+11N",593,0.700945626477541,2
"IM-23-122-YMLZ","8039832000","Maziba","Pf3D7_08_v3-1386795-1387043-1B","TCCTTTGTCGCAGCATGCCTTTCATTAGCTGCTATAGCTTGTGTTATCTTAACTTCATTATAAAAAAAATATACTTCGATAAAAGGTACATATACCATGCTGGTCAATGATATTAGCATGCGACATTCTAATATATCCATTATGAACAAGGTGAACAAGAATATTGGGATTATTGAAATTGTCTGCATTA","Pf3D7_08_v3-1386795-1387043-1B.1","61+10N",204,0.291845493562232,2
"IM-23-122-YMLZ","8039832000","Maziba","Pf3D7_13_v3-1725124-1725365-2","TGGAAATTGTTCCCATTTATTCATTTTTTCTTCATATACTTCAATAGAATTTAATCTCTCACCATTAGTTCCACCAATGACATAAATTTTATTATCAAAAGCAACACACATAGCTGATGATCTAGGGGTATTCAAAGGTGCCACCTCTACCCATGCTTTCATACGATGATCATATGCTTCTAC","Pf3D7_13_v3-1725124-1725365-2.1","23+8N",4139,1,1
"IM-23-122-YMLZ","8039832000","Maziba","Pf3D7_14_v3-279563-279833-1A","CATTTTTCTTTTAAATGAGAGCAATATATTTCTTAGGTTTATTCCGGATAAATGTTTAGTTATTAGCCAGGTGAGTTATAGTGATTCATATAAGGTAAATTGTATTAATTTCTCTGAAGGATTTTGTTGCTGTCATCCAATAAATAATTTAGCACTATTATATGGAGAGTATCAACAAAATCAAGAATCAAACATTATGAAATTACCG","Pf3D7_14_v3-279563-279833-1A.4","77T193C",128,0.240601503759398,2
"IM-23-122-YMLZ","8039832000","Maziba","Pf3D7_14_v3-2858894-2859160-1A","ATAGATTTTAATGACATAAAAAACACAACAAATGAGTATAATAATTTTGAGGAACATAATTATCAAGATGATAAATTTATATTTAATAAAGATATACATAATATTCTTTTAGAATTAAAGGAATCATTAAATGACATATCACGTGGAAGACTAAATACATTGATAAGAGATAATAAAATAAGTAGTTATATAATATATCA","Pf3D7_14_v3-2858894-2859160-1A.2","15C17+8N28A188A",468,0.646408839779006,2
"IM-23-122-YMLZ","8039832000","Maziba","Pf3D7_14_v3-2858894-2859160-1A","ATAGATTTTAATGACATAAAAAACACAACAAATGAGTATAATAATTTTGAGGAACATAATTATCAAGATGATAAATTTATATTTAATAAAGATATACATAATATTCTTTTAGAATTAAAGGAATCATTAAATGACATATCACGTGGAAGACTAAATACATTGATAAGAGATAATAAAATAAGTAGTTGTATAATATATCA","Pf3D7_14_v3-2858894-2859160-1A.1","15C17+8N28A",256,0.353591160220994,2
"IM-23-122-YMLZ","8039832000","Maziba","Pf3D7_05_v3-395887-396136-1A","TCTAAGGATTGTTGGTTTTTTAGGATGCTCATCTTTTTAAGATAATCCTCTTTACTGTCGTTATTATTTAAATCGTTTTGTATAATATTATATTGTGAATTCCTTGTGTTTTTCATAACACTATTAGTCCTATTGGTGTTCTTCTTCTTATTATTATTATTATTGTTCTTCTTCTTAATAAA","Pf3D7_05_v3-395887-396136-1A.1","15+8N119C145+20N",421,0.766848816029144,2
"IM-23-122-YMLZ","8039832000","Maziba","Pf3D7_05_v3-550803-551072-1A","ATATAATACACCTTTCTTATTTATATTAATCTTTTCATTTTTACAAGAAATCACCTCCCTACTTATTCGGTTGTCCTCATTTTCATATTTCATAACACCATCATTTATTTTTTCTATTTCTTTAATATTATTTTCTCCTTCGACGTAATTATGCTTTCCTATCATCTCCTTTGCTCTACTTCCTATATATACTAATTTCTCTCTGAA","Pf3D7_05_v3-550803-551072-1A.2","107+8N141C",141,0.351620947630923,2
"IM-23-122-YMLZ","8039832000","Maziba","Pf3D7_01_v3-528859-529104-1A","TTTGATTCTTTTTAATGAAAAAGAAGCTAAAGATATGTCAGACGATATAATTTCCCAACAAAAACGTTATTGCTCTACCAATATTCATAGTAATTATAATAATAAAATATGTATATGTAAAAATAAGCGACATCATAACAAAAGAGGGAAAGGAATAAAGCATCATGACATACATCAAAAGG","Pf3D7_01_v3-528859-529104-1A.11","44G165A",2783,0.744914346895075,2
"IM-23-122-YMLZ","8039832000","Maziba","Pf3D7_01_v3-181512-181761-1A","TTCATTATTGTTTTCATTCTTTTTTTAACGAAAACTATTCATCTCAAAAATATAAGATATTTTATATGACGAATGCCAATGTATTTTTTGTTACGTAAAACCTGACTTCTTCAGGGAAAACACATGCGCATTTTCACCAATTTTTGCCTAAGCTTATTATAAAAAGTATATTAAATGTATGAC","Pf3D7_01_v3-181512-181761-1A.40","19+9N79A83+8N114G",1084,0.72996632996633,2
"IM-23-122-YMLZ","8039832000","Maziba","Pf3D7_07_v3-432832-433091-1A","TTGAAAAAGTCATCATCAGAATGGGGATGATTATTATTGTTATTATGAGTTTGGTTCGTATTAATATTATGCTCCTTTTCGTTATTTAATTTATGTTCATTTATATTTTTATAAATAAATAATTTTCCAAGAAGTATACCATTAATAAACTTACTAGTTAACATATTAGACTGCTCAATATTTGTACATTTTTTTAATGTATGTATT","Pf3D7_07_v3-432832-433091-1A.1","30+17N188+9N",1421,1,1
"IM-23-122-YMLZ","8039832000","Maziba","Pf3D7_12_v3-529495-529767-1A","GCTCCCCAAAAGTTAACTGCTTCATTATTTTTTGGATCCCAAAAACTAACATTCGTTACCCATCCAACATAATCGGTAGATATCCTATATTCATAACTACTACAGAAATATTTATACTCATGGTATACATTTGCATCATTTACATCTACCAAATTAACAGTTTTACACAAATTGTGAATTCCATTCAAGTTATAAAAACCTGTACAT","Pf3D7_12_v3-529495-529767-1A.7","32T180T",545,0.604212860310421,2
"IM-23-122-YMLZ","8039832000","Maziba","Pf3D7_07_v3-405570-405844-1B","ATAGCAATTGCTTATTACTTTAAATTCTTAGCCGTAAGAATTAAAAAGATATAAATATATAAATATATATGTGAAATATATGATATATATGATATATATGATATATATTTTTTATATGTAATGTTTTTTTTTTTTTTCACAATATACATTTAAATGTTTATGATGGTACAACGTATCATATTTTATAATAATTTTATGCATTCATGTATATTATTTTTACTTTTT","Pf3D7_07_v3-405570-405844-1B.6","49+57N114+16N",36,0.25,2
"IM-23-122-YMLZ","8039832000","Maziba","Pf3D7_07_v3-717260-717493-1A","GAGCTTGCTTTTTTGTTGCGTTACTTGCTGGGCTGATCAAAAAAAAAGTTGAATGTATTGAACTTAGTGCCAGCGAAATTTCCCCTCATGAAAACAAATCGACGAGTTCATCAATATTCCAAGAGGAATTAAAATTTGATGAGTCTCTGAAAAATTTTTTCAAACAA","Pf3D7_07_v3-717260-717493-1A.2","8+8N38+11N141G154+8N",1824,1,1
"IM-23-122-YMLZ","8039832000","Maziba","Pf3D7_05_v3-958079-958350-1B","TTTTTATATCTGTGTTTGGTGTAATATTAAAGAACATGAATTTAGGTGATGATATTAATCCTATAATATTATCATTAGTATCTATAGGTTTAGTACAATTTATATTATCAATGATATCAAGTTATTGTATGGATGTAATTACATCAAAAATATTAAAAACTTTAAAGCTTGAATATTTAAGAAGTGTTTTTTATCAAGATGGACAATTTC","Pf3D7_05_v3-958079-958350-1B.1","186+8N",264,1,1
"IM-23-122-YMLZ","8039832000","Maziba","Pf3D7_12_v3-684011-684240-1A","ACCTAATGTTGGTAAGTCTACCATTTTTAATCGACTAACTCGAAAATATCAAGATGGTAGTATTGTTTTAGAGGTTAGTAGTACGAGAGATAAACTTTATGGAGAAGTTGAGTGGGAAGGATATAAATTTGAACTTGTGGATACAGGAGGTTTAGTTTTTGA","Pf3D7_12_v3-684011-684240-1A.4","73G",660,0.409429280397022,2
"IM-23-122-YMLZ","8039832000","Maziba","Pf3D7_08_v3-585993-586266-1A","TGTAAATATAAATCATACGTATGACATGTATCATCATTTAATGCATTCTTAATTGTTAATGCTAATCTACTTACAATAATATAAGCAAAGTTTATATGAGAATGAATACCTTCTTTTCCTAAAAAGTTATAAAGACTAACAAATGGAGCATATATTATAAATTTATCATACTTTTTTTTGTGCATAACTTCATTTAATAAAATATTT","Pf3D7_08_v3-585993-586266-1A.2","29T171+10N",1,0.00105708245243129,3
"IM-23-122-YMLZ","8039832000","Maziba","Pf3D7_11_v3-1294664-1294910-1A","AAAAGATAAATTATTTGAAAACTATACATATTTAAGTAAAAATGTAGTTCATAACTGGGAAGAAGTTTGCCCTAGAAAGAATTTACAGAATGCAAAATTCGGATTATGGGTCGATGGAAATTGTGAAGATATACCACATGTAAATGAATTTTCAGCAAATGATCTTTTTGAATGTAATAAATTAGTTTTTGAATTG","Pf3D7_11_v3-1294664-1294910-1A.18","9A12T17G40A50C62G152T159A",1179,0.396036278132348,2
"IM-23-122-YMLZ","8039832000","Maziba","Pf3D7_11_v3-1294664-1294910-1A","AAAAGATAAATCATTTCAAAACTATACATATTTAAGTAAAAATGTAGTTGATAACTGGGAAAAAGTTTGCCCTAGAAAGAATTTAGAGAATGCAAAATTCGGATTATGGGTCGATGGAAATTGTGAAGATATACCACATGTAAATGAATTTTCAGCAAATGATCTTTTTGAATGTAATAAATTAGTTTTTGAATTG","Pf3D7_11_v3-1294664-1294910-1A.10","9A40A86G152T159A",1798,0.603963721867652,2
"IM-23-122-YMLZ","8039832000","Maziba","Pf3D7_09_v3-1015103-1015350-1A","ATTATTTAATTTTTCATCTTTTATATTTTTCAGATTTTTTATATGAAGATATAGGAATACAACTAAATTAACAGCTGAAAATAATCTTACTAACAAAAATAATTTGAGGAATTCTTCATCATATAAATCTTTTGGAATATTATTTGTGTATTCATAAATTTCTATTAAGGATATAATAGTTATGA","Pf3D7_09_v3-1015103-1015350-1A.1","34+8N",165,0.483870967741935,2
"IM-23-122-YMLZ","8039832000","Maziba","Pf3D7_09_v3-163813-164052-1A","GTAATAATAATAATAATAATGTATTTCTTTCATCAAGTGATCCAAATAAATTAAACACAACACCATCACCATTTGGTTTATCATCTATTGGAAATCTAAATACAAACAATAAATTAAATAGCTTTCCAGACTTTAGTCAAGCTAATAAAACATTTCTACAAAATGATAGCTTAT","Pf3D7_09_v3-163813-164052-1A.2","2+19N28T",1386,1,1
"IM-23-122-YMLZ","8039832000","Maziba","Pf3D7_09_v3-202854-203106-1A","AATATACAAAGAATGCATATGATAAAATATTCTTTGTCCTTTAAAATTTTTTGTTCTTGTACTTTGTTTTTTATAATCTATTAAATTCATATCTGATGAAATATCATATTTATATTCCCCTTTATGAGCATTTACAAAAGTTTCGCTATTTCTTTTATTAATATATGTATTTGAGCACATATTTTTAT","Pf3D7_09_v3-202854-203106-1A.1","16C46+8N66+8N183T",424,0.327160493827161,4
"IM-23-122-YMLZ","8039832000","Maziba","Pf3D7_04_v3-748374-748611-1B","AAACTGGGAAAGCATTCCAAAAAAATTTAAACCTTTAAGCAATAGGATAAATGTTATATTGTCTAGAACCTTAAAAAAAGAAGATTTTGATGAAGATGTTTATATCATTAACAAAGTTGAAGATCTAATAGTTTTACTTGGGAAATTAAATTACTATAAATGTTTTATATTAG","Pf3D7_04_v3-748374-748611-1B.3","3A18+9N72+9N169A170T",982,0.686233403214535,2
"IM-23-122-YMLZ","8039832000","Maziba","Pf3D7_13_v3-479569-479811-1A","CTAGAGACGAATTTGATGATAAAAGAAAATTAAAAGAAGAGAAAATTAAACAATGCCAACTATTAAATGAAAAACAACTAGAAGAAAAAGAAAAAGAAAAAAGAATTCTGAGAGAAAAAGCTGTTGAATATACCATACAAAATGAAGAAGAATATAAACAACTAAAAGGAAAATT","Pf3D7_13_v3-479569-479811-1A.6","96+8N135A168G",1035,0.672077922077922,2
"IM-23-122-YMLZ","8039832000","Maziba","Pf3D7_09_v3-270915-271160-1A","CTTTGTATGTATTATCTGTTGTTTTATCTTCACCTTGATTTCCTGTACTTGTAGATTCAGTAGATGGACCTTCAGAACCTGATAATTCATTACTAGTAGATGCAGCACTTGTACTTTTAGATTGTTCTTTTAATGGTCCCATATATTTGTATAATTCTATTTCTAAATCTTGATCCTTGGTTTTTTCTTCTAA","Pf3D7_09_v3-270915-271160-1A.2","85A91T180+8N",2,0.00168067226890756,2
"IM-23-122-YMLZ","8039832000","Maziba","Pf3D7_14_v3-407306-407542-1A","CTTTCTTTCGTCTTTCTGTTCATTATCCATATAATCTTTTTCTACTACCTTTTCATTCTTTACTTTATTTCTATTAATACACAACTCTCCTTGAGTTAAGAGATTTACGATATTATCAATATTGTTTTCTTTCATATACTTCAACTTTTTACTATTCATTTTTAAAAGA","Pf3D7_14_v3-407306-407542-1A.5","44A47A",374,0.254076086956522,2
"IM-23-122-YMLZ","8039832000","Maziba","Pf3D7_09_v3-516735-517007-1A","ATAGAAGGATATATAAAAAATTATCAAGAATCATATAATATAAATGACCATTGTAAATTAGTTCCATTAAATTTTTATAAAGATTCTATTTCTAATGATTTAGGTACTCCATGCCCTGTGAATAGTATTACCTTAAATGTGGGCGCAAAAACTATAAATGAATGTTTGTGTAATAAAGGATATTTCTATAATGTCAAGAAACAACAATGTAA","Pf3D7_09_v3-516735-517007-1A.2","14+8N211A",136,0.248628884826325,2
"IM-23-122-YMLZ","8039832000","Maziba","Pf3D7_05_v3-1188456-1188706-1A","CGAAATTTAAATCAATAGCGGTTACGTTCATAATTTTGCCTTCAAAACTAACTTCTGTATGATATATAAATTTATTTTCCTTTACACTAAATACATATATAAAAATGGTACTTAATAATTTATCTTTATCATATTTAAATAATATTAAATCTGTTTTTACATCTGAGTTGTAATCACCGAAAT","Pf3D7_05_v3-1188456-1188706-1A.4","2G",1261,0.711625282167043,2
"IM-23-122-YMLZ","8039832000","Maziba","Pf3D7_14_v3-1956056-1956330-1B","CTAATTTTTTTTCTCCACTTTGTAATTTTTATTGTTGAATATATATATAAAGTTAAACCTATAAATAATACACTACCTAATAAACTATTCTTATATTTAAAAATAAATATAATACATGTTATTAATCCTTCTATTGTTGCCGGAATAATATACATTAAAACAGAACTCATCAAATTATTAGCACTCTCGGTACCTCTATCAACTATTCTCA","Pf3D7_14_v3-1956056-1956330-1B.2","4+10N",467,1,1
"IM-23-122-YMLZ","8039832000","Maziba","Pf3D7_14_v3-137398-137668-1A","ACCATTCATATTTTCTAGGTTTGTTTAACCAATTACATATATATAATATATTACAAAATAATTGTTTTAATAATATATGTTTAGTTAATATTAATTCAATACTACTTAATTTATTTCTTATATTTTTTAAAAGATCTTCATAAACAAAATCAAAATTATCTATTAATAATAAATAACCAAATCTTTTATGCACATTTTTTATTC","Pf3D7_14_v3-137398-137668-1A.1","122+8N191C194+8N",89,0.706349206349206,2
"IM-23-122-YMLZ","8039832000","Maziba","Pf3D7_03_v3-85507-85756-1A","TATCATTTAAATTCTCTTTTTCCACAGCTCCAGCATTTTTATTTATATCATCTACAACTACATCTTCCTTCACATAATTATTTATATAAAAATTATTATCATCTAAAGCATCTGAAAATTCTTCATTTAATACTTCTTCATCTTCTACATTAAATGTTTTCGTTCTTTCATCATCTAATAAA","Pf3D7_03_v3-85507-85756-1A.3",".",586,1,1
"IM-23-122-YMLZ","8039832000","Maziba","Pf3D7_05_v3-213027-213251-1A","ATGTACTTATCCCCTGATATGATTTTTCCAATATCATCAAAATCAGTAATCTCTAAATCATTTATATGATTTATATGTATAAATTCTTTTATCTTGTTCAAATAATTTCTGTAATAAAATATATTCTCTTTATCATCATCAATTATTTTCATATAATC","Pf3D7_05_v3-213027-213251-1A.4","25T26T",2137,0.996270396270396,2
"IM-23-122-YMLZ","8039832000","Maziba","Pf3D7_03_v3-855426-855697-1A","GTTATTTCAGTATGAGTTTCAACAGTTAATACTACTTCAGGATATGGATTGATACTTAACGTATGTACTCTCAATAATCTAGTATCAAATATATATGAAAATGTATACTCAGGAAAACATATAGTAGATAATCCATTATTATTCTCTATACATATTTTACTTATAGCTATATAATCGTAATTATCTTCTATTACTATTGGTTCTGTG","Pf3D7_03_v3-855426-855697-1A.1","32C",485,1,1
"IM-23-122-YMLZ","8039832000","Maziba","Pf3D7_14_v3-771407-771633-1A","ACCCACGGGACATTTTAATTTATACCTATTGGAACATTTTTTATTAGGTCTTTCTTTATGATTCTTCTTTAAAATAGGTTCATCATTATTTGAGTAAACTAACAGATCATTATCGTTCTCAAAATTATTATAACCATCAATATTTTTATTTCCATATACATCTATAA","Pf3D7_14_v3-771407-771633-1A.6","36+8N108C",2093,0.717764060356653,2
"IM-23-122-YMLZ","8039832000","Maziba","Pf3D7_11_v3-1950431-1950680-2","AGATATATTTCAAGGAAAGGATATGTGGAATGATGGGAAATATGGTGAAGCGAAAAATCATATTAAGAATGCTTTTGGTGATATGAACAATAGAAAAACTATGTTAAATGAAATTGAGAAAGGAATTAAAGATGAAACGTTTAGTCGTGAAAATGGTTTAGACGTTTGTAAATCTCAATGTGAGGAAAG","Pf3D7_11_v3-1950431-1950680-2.2",".",810,0.509113764927718,2
"IM-23-122-YMLZ","8039832000","Maziba","Pf3D7_03_v3-980853-981120-2","TAAGATTCTTTTGAGTTATTTATTTTCCAAATAATTTGGTTATATATATATGAAAATTCGATCATACCACATGCTCCAAGAATAATAGATGCATCGTCATTATATTGGAATGTAAAACTTTCATCATACTCATTTGTATTAGGTACACAAGAATCATCTTTATTTTTATAATTTTCTTTACATGTACAATTAATTTTACTATATT","Pf3D7_03_v3-980853-981120-2.1",".",424,1,1
"IM-23-122-YMLZ","8039832000","Maziba","Pf3D7_09_v3-82006-82236-1A","TTTATCATCTTTAGGCCATAACCAGAGTACAAGCAATCCAACTATAACAATTGTAATTAACATTATAAATACTGTAATACCATAAACACTACCATAAGCGATCAGAAATGCACTAAAAGTATAACAATATTCACATGGAATAAGAGTAGCGATAAAACTAAAAATAGC","Pf3D7_09_v3-82006-82236-1A.8","95T128T135A137G",1782,0.660734149054505,2
"IM-23-122-YMLZ","8039832000","Maziba","Pf3D7_05_v3-350808-351052-1A","TAATATAATTTGAGTTGATAATATTATAATTATTTTTTATATGTTGCTCATTTATATTATTATGATAAATATGAGTTGTATTTTTATTAGAGTTGTAGGACATTTTCCCATACATTAGTTGTTTTACATTTTTAACATTTTTATAATTATGTATTAAACATAAGATTATTAGATAAA","Pf3D7_05_v3-350808-351052-1A.1","32+8N116T",65,0.0493920972644377,3
"IM-23-122-YMLZ","8039832000","Maziba","Pf3D7_13_v3-156456-156685-1A","ATTATATGATATTTATATAAAATTAGAAAATCTAATTTTAGAAAAAATAACTGAAAGTATATACAATAGTACACCTCCATATAGAGTTATTATGTTCGAATTAATGACCAGATTGTTTCGATTTTATACAAAACCAATAGACCTTATTATTACTATGAATACAC","Pf3D7_13_v3-156456-156685-1A.2","41+8N115G",200,0.354609929078014,2
"IM-23-122-YMLZ","8039832000","Maziba","Pf3D7_06_v3-851492-851765-1A","ACAATAGTACATTGTGCATTTACATCACAACCTCCATTATTTTTTGAACAGTTCATATCTTTCATAGGTATACATTTAAAATAATTTACACTCATATCAACTATATAATTAGGTCGGCATCTACATTGTTCTTTATCTTTTTCGACAATATAACAACGTGAATTGGGTCCACATTTGGAATATTCACAAATATAATTTACTTTAAATATAACAAAATTTCTCA","Pf3D7_06_v3-851492-851765-1A.3","14G39+8N",1049,1,1
"IM-23-122-YMLZ","8039832000","Maziba","Pf3D7_06_v3-532166-532407-1A","AGAACAATTGCTAAACACCAAATTGGGTGAAACAAAAAACCACCTGAACAGAACCCCATTTATACCTGAATCGGTCATACGAGAAAGGAAATTACGCCAAGAAAAAGCGCAATCCACAAACAACATGTTCGATTCAACAAACGCAGATAGTATTACTTCCCCATGTGATCCAACGAATGCCACG","Pf3D7_06_v3-532166-532407-1A.1","33+8N109G157T",3302,0.996378998189499,2
"IM-23-122-YMLZ","8039832000","Maziba","Pf3D7_07_v3-1043981-1044225-1A","ATAATGATATGTTATTTCATCATCAGCATCGACTTCTTTCTTATTATGTTCAAACAAATTCTTATATTTTATATTATTGCATTTTTGTCTTTCCATATTTATAAAAGATTCTATTTTCTTTTTATAATCATTCCTTTTTATATAATTACACATTCCTTCATTTTGGTTGTCATAACTCTTCT","Pf3D7_07_v3-1043981-1044225-1A.2","36+8N",2012,1,1
"IM-23-122-YMLZ","8039832000","Maziba","Pf3D7_05_v3-369676-369949-1A","TGTAATATTATATATCCTGTTATAAATAAATCATTGGATATGGATGTGAAAAAAGAAGATATAAAAAAAAATGTAGAAGAAAATAAATATATAGAACATACACAGAATTTGAAAAATTATTTAGAAAATGATGAAAATGAGAAAAAAAAAAGAAGAAAAAGATCAAATAATAATGACAATTATAATTCTCATGATAATAATATTTTTCA","Pf3D7_05_v3-369676-369949-1A.1","48+8N62+11N141+12N",109,0.33641975308642,2
"IM-23-122-YMLZ","8039832000","Maziba","Pf3D7_13_v3-1725208-1725471-1B","CATAAATTTTATTATCAAAAGCAACACACATAGCTGATGATCTAGGGGTATTCAAAGGTGCCACCTCTACCCATGCTTTCATACGATGATCATATGCTTCTACATTCGGTATAATAGAAGAGCCATCATATCCCCCAATACAATAAATTCTACCATTTGACGTAACACCACAATTATTTCTTCTAGGTATATTTAAATTACTTGAAAC","Pf3D7_13_v3-1725208-1725471-1B.1",".",970,1,1
"IM-23-122-YMLZ","8039832000","Maziba","Pf3D7_13_v3-1725379-1725652-2","ATTATTTCTTCTAGGTATATTTAAATTACTTGAAACATACCATACATCTCTTAAACGATCATACACCTCAGTTTCAAATAAAGCCTTATAATCATAGTTATTACCACCAAAAACGTATAAGAAATTATTCAATACAGCACTTCCAAAATAAGCTTTTTTGGTAGACATAGGTGTACACATACGCCAGCATTGTTGACTAATATCTAATAATTCCA","Pf3D7_13_v3-1725379-1725652-2.1","153+8N",730,1,1
"IM-23-122-YMLZ","8039832000","Maziba","Pf3D7_13_v3-1726174-1726408-2","TTTCTAATTCTTTGTACAATCGTACTCTTTCCATTTCTAGTTCTTTCTTATCTTTAAATAATTTATCTTTTTCTCGAATAAAATTCATTTGTGTCTTTTTTAACCAATTAATAAATGTAATTCTTAAATCACCTACCATATTTTCAAAATCACTAGCATCACTTAAT","Pf3D7_13_v3-1726174-1726408-2.1","95+8N",2648,1,1
"IM-23-122-YMLZ","8039832000","Maziba","Pf3D7_01_v3-145388-145662-1A","GATATGTTTAAATATATGATTCTCGAAAAAACTTTTTTTATTTTTTTTGTCAATAGATAAATGATCAATATTTTCTATATTTAATCTATCAAGTATTTTTATATATCTATTATTTCTTTCTTCGATGGATAAATTATAAGAATCAATATCCTTTCTTTCATCAACAAACTTTTTTATTGTTAACTCCATTTTTTTATTTAAGATACCA","Pf3D7_01_v3-145388-145662-1A.1","25+25N169+8N188+9N",50,0.261780104712042,2
"IM-23-122-YMLZ","8039832000","Maziba","Pf3D7_10_v3-1414337-1414596-1A","GACCTGAATGGAAAGGCCAATGTGATAAATTTGAAAAAGAAAAAAGTAAATATGAAGATACTAAAAGTATAACTGCTGAAAAATATTTAAAAGAAATATGTTCTGAATGTGATTGTAAATATAAAGATTTGGATAATACATTTAAAGAATTTAATGATAACGTTACGCTTCTTAAAGCAGTAATTGATAACAAA","Pf3D7_10_v3-1414337-1414596-1A.3","39+8N155T167G",1,0.000901713255184851,3
"IM-23-122-YMLZ","8039832000","Maziba","Pf3D7_05_v3-550803-551072-1A","ATATAATACACCTTTCTTATTTATATTAATCTTTTCATTTTTACAAGAAATCACCTCCCTACTTATTCGGTTGTCCTCATTTTCATATTTCATAACACCATCATTTATTTTTTCTATTTCTTTAATATTATTTTCTCCTTGGACGTAATTATGCTTTCCTATCATCTCCTTTGCTCTACTTCCTATATATACTAATTTCTCTCTGAA","Pf3D7_05_v3-550803-551072-1A.1","107+8N",260,0.648379052369077,2
"IM-23-122-YMLZ","8039832000","Maziba","Pf3D7_10_v3-1414599-1414832-1A","ATCTAGATCAACGAGGGAATATAACAACATCTCAAGGAAATTCACACCGTGCAACTGTTGTGCAACAAGCTGATCAAACCAACAGATTAGATAATGTAAACTCTGTAACGCAAAGAGGAAATAATAACTACAACAATAATTTAGAGCGTGGATTGGGTTCTGGTGCT","Pf3D7_10_v3-1414599-1414832-1A.1","70C",2491,1,1
"IM-23-122-YMLZ","8039832000","Maziba","Pf3D7_07_v3-405570-405844-1B","ATAGCAATTGCTTATTACTTTAAATTCTTAGCCGTAAGAATTAAAAAGATATAAATATATAAATATATATGTGAAATATATGATATATATGATATATATTTTTTATATGTAATGTTTTTTTTTTTTTTCACAATATACATTTAAATGTTTATGATGGTACAACGTATCATATTTTATAATAATTTTATGCATTCATGTATATTATTTTTACTTTTT","Pf3D7_07_v3-405570-405844-1B.2","49+57N114+16N",108,0.75,2
"IM-23-122-YMLZ","8039832000","Maziba","Pf3D7_12_v3-529495-529767-1A","GCTCCCCAAAAGTTAACTGCTTCATTATTTTTTGGATCCCAAAAACTAACATTCGTTACCCATCCAACATAATCGGTAGATATCCTATATTCATAACTACTACAGAAATATTTATACTCATGGTATACATTTGCATCATTTACATCTACCAAATTAACAGTTTTACACAAATTGTGAATGCCATTCAAGTTATAAAAACCTGTACAT","Pf3D7_12_v3-529495-529767-1A.1","32T",357,0.395787139689579,2
"IM-23-122-YMLZ","8039832000","Maziba","Pf3D7_07_v3-403479-403716-1B","TTAGGTGGAGGTTCTTGTCTTGGTAAATGTGCTCATGTGTTTAAACTTATTTTTAAAGAGATTAAGGATAATATTTTTATTTATATTTTAAGTATTATTTATTTAAGTGTATGTGTAATGAATAAAATTTTTGCTAAAAGAACTTTAAACAAAATTGGTAACTATAGTTTTGTAACATCCGA","Pf3D7_07_v3-403479-403716-1B.1",".",1363,1,1
"IM-23-122-YMLZ","8039832000","Maziba","Pf3D7_12_v3-63081-63314-1A","TTTCCGTCATAATAGTTGCATACATTCTATTAAAAACTTTGGGTACTCCTAATATAATTTCACCTTTTGAATTACATATGTCTGTATTCAAAAATTTTATATCTCTACTCCATATATTTATCTTTACATCCAAAAACAAAGCAATGAAAAAAACAACCCTTTCATA","Pf3D7_12_v3-63081-63314-1A.6","129T146+9N",1093,0.617863199547767,2
"IM-23-122-YMLZ","8039832000","Maziba","Pf3D7_12_v3-659881-660127-1A","GGTGGTTTAACATTTTGAGCTACGAGATTTTCGACTGATGGCAATCCTAATTTGATTAATTCCTTTAACATAATTTTTGCGTGTTTTTTTACTTCTGATTTGATATCAAAGCTTGATTCTAAAAAGGTTGGTGAATTTTTTTGTAAAACACTGACAAGTTCATTTGATATGGTCTCTGCTAAATCATCACCA","Pf3D7_12_v3-659881-660127-1A.24","17G35C50A73A74T83+9N135+9N",936,0.652719665271967,2
"IM-23-122-YMLZ","8039832000","Maziba","Pf3D7_11_v3-1127074-1127316-1A","AACATTTTAATAGTCCTAATTTCGAAAATATGATGAAAGGAGTTTTTGGAATTATTCAAAATCCTTTTGAAAATGGCCAACCCACTTTCCCATTCTTTAAAAATATTAATTCGATCTCTGGAATCGGTAATGTTGATATCCCCAAAAATTTTATGAATGATTTTTTGAATAATGGAAATGATCAAAACA","Pf3D7_11_v3-1127074-1127316-1A.2","160+8N",1707,1,1
"IM-23-122-YMLZ","8039832000","Maziba","Pf3D7_02_v3-503040-503288-1A","ATTATGATTAATAATAATATTTCTCATAATTTCGTTAAATACATCTAAACTATTTATAGAACCATCTATATCATCTTCATTCCTATTTTGGTGAACCGATTCGGTGTTTATAACATCTAAGGTGTCTTTTTCTTCTCCTCTGTAACTTTTTATAATTTTTTGATAAATGTTGTTATAAGAATTATCA","Pf3D7_02_v3-503040-503288-1A.2","97C155+8N",650,0.34983853606028,2
"IM-23-122-YMLZ","8039832000","Maziba","Pf3D7_08_v3-585993-586266-1A","TGTAAATATAAATCATACGTATGACATGTATCATCATTTAATGCATTCTTAATTGTTAATGCTAATCTACTTACAATAATATAAGCAAAGTTTATATGAGAATGAATACCTTCTTTTCCTAAAAAGTTATAAAGACTAACAAATGGAGCATATATTATAAATTTATCATACTTTTTTTTTTGCATAACTTCATTTAATAAAATATTT","Pf3D7_08_v3-585993-586266-1A.6","29T171+10N",611,0.645877378435518,3
"IM-23-122-YMLZ","8039832000","Maziba","Pf3D7_02_v3-503040-503288-1A","ATTATGATTAATAATAATATTTCTCATAATTTCGTTAAATACATCTAAACTATTTATAGAACCATCTATATCATCTTCATTCCTATTTTGGTGAACTGATTCGGTGTTTATAACATCTAAGGTGTCTTTTTCTTCTCCTCTGTAACTTTTTATAATTTTTTGATAAATGTTGTTATAAGAATTATCA","Pf3D7_02_v3-503040-503288-1A.1","155+8N",1208,0.65016146393972,2
"IM-23-122-YMLZ","8039832000","Maziba","Pf3D7_05_v3-961511-961758-1B","CTGCAGAAGATTATACTGTATTTAATAATAATGGAGAAATATTATTAGATGATATTAATATATGTGATTATAACTTAAGAGATCTTAGAAACTTATTTTCAATAGTTAGTCAAGAACCCATGTTATTTAATATGTCCATATATGAAAATATCAAATTTGGAAGAGAAGATGCAACATTGGAAGAT","Pf3D7_05_v3-961511-961758-1B.1",".",1115,1,1
"IM-23-122-YMLZ","8039832000","Maziba","Pf3D7_05_v3-960810-961048-1B","TAATACAGGAAGCATTTTATAATATGCATACTGTTATTAATTATGGTTTAGAAGATTATTTCTGTAATTTGATAGAAAAAGCTATTGATTATAAAAATAAAGGACAAAAAAGAAGAATTATTGTAAATGCAGCTTTATGGGGATTCAGTCAAAGCGCTCAATTATTTATTAATAGTTT","Pf3D7_05_v3-960810-961048-1B.1","105+8N",1261,1,1
"IM-23-122-YMLZ","8039832000","Maziba","Pf3D7_09_v3-1015103-1015350-1A","ATTATTTAATTTTTCATCTTTTATATTTTTCAGATTTTTTATATGAAGATGTAGGAATACAACTAAATTAACAGCTGAAAATAATCTTACTAACAAAAATAATTTGAGGAATTCTTCATCATATAAATCTTTTGGAATATTATTTGTGTATTCATAAATTTCTATTAAGGATATAATAGTTATGA","Pf3D7_09_v3-1015103-1015350-1A.3","34+8N51G",176,0.516129032258065,2
"IM-23-122-YMLZ","8039832000","Maziba","Pf3D7_09_v3-1406342-1406614-1A","TCTCAGATTATCATAGTGTTGTGGATGAAGATTTAATTAATTTTAATGATGATGTTACTTTAGAAACACAATCCATGATAGCACACGGAGGGTCTTTGTCAGAAATAGAAGAAACTGAAGATTTATCTTCAGATGTTGATAGATTACTTTCATCAATCGAAACTACTCCAAGAGATGATGTTGTATATATACGAGGTGATATTATATT","Pf3D7_09_v3-1406342-1406614-1A.3","118A148T204A",1488,1,1
"IM-23-122-YMLZ","8039832000","Maziba","Pf3D7_11_v3-1295103-1295335-1A","ACTACTGCTTTGTCCCATCCCATCGAAGTTGAAAACAATTTTCCATGTTCATTATATAAAAATGAAATAATGAAAGAAATCGAAAGAGAATCAAAACGAATTAAATTAAATGATAATGATGATGAAGGGAATAAAAAAATTATAGCTCCAAGAATTTTTATTTCAGATGATATA","Pf3D7_11_v3-1295103-1295335-1A.9","61A132+9N173T",769,0.323653198653199,2
"IM-23-122-YMLZ","8039832000","Maziba","Pf3D7_09_v3-202854-203106-1A","AATATACAAAGAATGCATATGATAAAATATTCTTTGTCCTTTAAAATTTTTTGTTCTTGTACTTTGTTTTTTATAATCTATTAAATTCATATCTGATGAAATATCATATTTATATTCCCCTTTATGAGCATTTACAAAAGTTTCGTTATTTCTTTTATTAATATATGTATTTGAGCACATATATTTAT","Pf3D7_09_v3-202854-203106-1A.7","16C46+8N66+8N146T",1,0.000771604938271605,4
"IM-23-122-YMLZ","8039832000","Maziba","Pf3D7_03_v3-221295-221532-2","AAGGAACAAGAAGGATAATACCATTATTAATCCTATTGAACTATTTACGACATTAAACACACTGGAACATTTTTCCATTTTACAAATTTTTTTTTCAATATCATTTTCATAATCTAATTGGTCTTTAGGTTTATTAGCAGAGCCAGGCTTTATTCTAACTTGAATACCATTTCCACAAGTTA","Pf3D7_03_v3-221295-221532-2.2","86+11N107T120G",1152,0.687350835322196,2
"IM-23-122-YMLZ","8039832000","Maziba","Pf3D7_14_v3-407306-407542-1A","CTTTCTTTCGTCTTTCTGTTCATTATCCATATAATCTTTTTCTACTACCTTTTCATTCTTTACTTTATTTCTATTAATACACAATTCTCCTTGAGTTAAGAGATTTACGATATTATCAATATTGTTTTCTTTCATATACTTCAACTTTTTACTATTCATTTTTAAAAGA","Pf3D7_14_v3-407306-407542-1A.4","44A47A85T",1098,0.745923913043478,2
"IM-23-122-YMLZ","8039832000","Maziba","Pf3D7_09_v3-516735-517007-1A","ATAGAAGGATATATAAAAAATTATCAAGAATCATATAATATAAATGACCATTGTAAATTAGTTCCATTAAATTTTTATAAAGATTCTATTTCTAATGATTTAGGTACTCCATGCCCTGTGAATAGTATTACCTTAAATGTGGGCGCAAAAACTATAAATGAATGTTTGTGTAATAAAGGATATTTCTATAATGTCAAGAAACAACAATGTGA","Pf3D7_09_v3-516735-517007-1A.1","14+8N",411,0.751371115173675,2
"IM-23-122-YMLZ","8039832000","Maziba","Pf3D7_14_v3-1166107-1166371-1A","TTTTTGAATTATTAAATATATCTTCTATAAAAAAAGAATATCAAGCTATACATAACAATAAGTATTTTTTATGGAATATGGATGCAGATTTTTTTACTATAAAAAATCATCATAAGGATAATAAGGATAACAATGATGAAAATGTGAATGTAATAATACAACAAAATAATTTAGTTCTAGAAAAATATGATCATTTAATAGA","Pf3D7_14_v3-1166107-1166371-1A.2","28+9N64+8N88+9N100+8N179A",459,1,1
"IM-23-122-YMLZ","8039832000","Maziba","Pf3D7_05_v3-1322099-1322341-1A","TTCCAATAGAAACTATATTACGATTTCCTTCATGAGGTAAATTGACATTCATCTTATATGTATAATTAAGGATGAGTAATAAATTGTATAAAAATATTTTTATTTAATAATTTATATGTATTATTAATAATTCTGAATTTATCAATTGATATATTATTTTTGTTTTTCTTTATGCCATTC","Pf3D7_05_v3-1322099-1322341-1A.1",".",364,1,1
"IM-23-122-YMLZ","8039832000","Maziba","Pf3D7_14_v3-421322-421547-1A","TAAGAAAGATGAAGTAATAGAAAAAACTGAAGTATCAAAGAAAACATTTTCAGGTATAGGTTTTAATCTTACTGAAAAAGAAGCTAAAGTATTAGGTGTAGGTGTAACCTATCAAGAATATCCAGAAACCATGTTATATAACTGTCCAAACAATTCTA","Pf3D7_14_v3-421322-421547-1A.2","20+8N76A",702,0.716326530612245,2
"IM-23-122-YMLZ","8039832000","Maziba","Pf3D7_14_v3-921176-921432-1A","ACAATATTAATTTTATAAGTTCATTATTTCAATTTTATATTTAGGAGGATCTATATCCATATATTATTCATTTTAAAAATATTAAAATAAATACATATATAAATATATAAACATATAAATACAGTCTTTTAAAAATTAATAAGATTTATATAAAATATGGTTATAAATCCTATTTTGTATTATATTAAA","Pf3D7_14_v3-921176-921432-1A.8","120T186T",362,1,1
"IM-23-122-YMLZ","8039832000","Maziba","Pf3D7_14_v3-421322-421547-1A","TAAGAAAGATGAAGTAATAGAAAAAACTGAAGTATCAAAGAAAACATTTTCAGGTATAGGTTTTAATCTTACTGAGAAAGAAGCTAAAGTATTAGGTGTAGGTGTAACCTATCAAGAATATCCAGAAACCATGTTATATAACTGTCCAAACAATTCTA","Pf3D7_14_v3-421322-421547-1A.1","20+8N",278,0.283673469387755,2
"IM-23-122-YMLZ","8039832000","Maziba","Pf3D7_08_v3-1366626-1366856-1B","CTTTACCTCCATTTTTTTTTTTAAAATCTTGTACACAGAAGTTTACTAATTTATTATCAAAATCTTCTCCTCCTAAATGTGTATCTCCTGAGGTAGCTTTAACTTCAAAAATTCCATCTTCAAGTGTTAATAAGGAAACATCAAATGTTCCTCCTCCTAAATC","Pf3D7_08_v3-1366626-1366856-1B.1","11+13N",264,0.741573033707865,2
"IM-23-122-YMLZ","8039832000","Maziba","Pf3D7_08_v3-1366626-1366856-1B","CTTTACCTCCATTTTTTTTTTTAAAATCTTGTACACAGAAGTTTACTAATTTATTATCAAAATCTTCTCCTCCTAAATGTGTATCTCCTGAGGTAGCTTTAACTTCAAAAATTCCATCTTCAATTGTTAATAAGGAAACATCAAATGTTCCTCCTCCTAAATC","Pf3D7_08_v3-1366626-1366856-1B.2","11+13N124T",92,0.258426966292135,2
"IM-23-122-YMLZ","8039832000","Maziba","Pf3D7_06_v3-176108-176338-1A","ATTATTATTATTATTATTATGATGATGATGATGATGATCTGTGTTAAGATCATCTTCTATACCATTAGTTAAACATTTTATATTTTTATTCATATAAACATTAATCTTCACAACAGATTTATCAGATCTAGAAAATCTTGTACCTGTTGCTTTATGTAACAATAT","Pf3D7_06_v3-176108-176338-1A.1","1+38N",1444,0.953764861294584,3
"IM-23-122-YMLZ","8039832000","Maziba","Pf3D7_04_v3-1083299-1083563-2","ATATACTTTCCATATGTAGAGGACTTATGATATATAGAATTATAAGATAAATGTTTATAATAATCTAAAAAAGTATAATGAGGTATTATAACAAAATCCAAATGTCCTTCTTTTTCTTGTAAAATATCAATAGAATTTGCAATGTTATAATTTGATAACTCTTTAAAATGATATTGTAAAAAATTAACATTTTTATA","Pf3D7_04_v3-1083299-1083563-2.2","4T66+8N177+8N",487,0.645033112582782,2
"IM-23-122-YMLZ","8039832000","Maziba","Pf3D7_04_v3-1037644-1037891-1A","GAAAGAGATTTAACAGATGATGCTGTGATTTTTGCACACTCACTTTATTTACCATTTGAAAAAGAAGAAATGTGGTGGATCGTTATCGGAATTAAAAAAATGAACTTACTTTTATCTATCAAAAAATTATCTTTATTGAAAAGTGTCAATAATATAAAAATTAATTTCGAATTGCCTGACA","Pf3D7_04_v3-1037644-1037891-1A.1","93+9N120+8N",623,0.340623291416074,2
"IM-23-122-YMLZ","8039832000","Maziba","Pf3D7_10_v3-1386657-1386909-1A","CGATTTTGGTAGAGAACAGGTTAAATATATTGAAGACGTGGTTTGATAATCAGGTATTTCTTTAATTAAATATTCATGATATTGTTCGTTAGATACATAAATTAATTCATCCTCCACATTTTGCTGTTCTGTTATAATTTGTGAAGAAGCTTGGTTTGTTTTATTTGGTAATTGCTCTTTTATGA","Pf3D7_10_v3-1386657-1386909-1A.2","13A109A160T",381,0.237531172069825,2
"IM-23-122-YMLZ","8039832000","Maziba","Pf3D7_13_v3-156456-156685-1A","ATTATATGATATTTATATAAAATTAGAAAATCTAATTTTAGAAAAAATAACTGAAAGTATATACAATAGTACACCTCCATATAGAGTTATTATGTTCGAATTAATGACCAGATTATTTCGATTTTATACAAAACCAATAGACCTTATTATTACTATGAATACAC","Pf3D7_13_v3-156456-156685-1A.1","41+8N",364,0.645390070921986,2
"IM-23-122-YMLZ","8039832000","Maziba","Pf3D7_06_v3-532166-532407-1A","AGAACAATTGTTAAACACCAAATTGGGTGAAACAAAAAACCACCTGAACAGAACCCCATTTATACCTGAATCGGTCATACGAGAAAGGAAATTACGCCAAGAAAAAGCGCAATCCACAAACAACATGTTCGATTCAACAAACGCAGATAGTATTACTTCCCCATGTGATCCAACGAATGCCACG","Pf3D7_06_v3-532166-532407-1A.3","11T33+8N109G157T",12,0.00362100181050091,2
"IM-23-122-YMLZ","8039832000","Maziba","Pf3D7_11_v3-408543-408771-1A","AGAGTGTTAATAATACTACAGCTAGTCATATTTCCAAATCCAAAAATGAACTTGAAAAAAAGTCATCAGCTAATAATAATGCTTATATTAAAATAATCGAAAATTATGATTTATTATGGTTAAAATTAATAGAAATTGAATTATGTTGTAATAATAAAAATTTAAATCCTATA","Pf3D7_11_v3-408543-408771-1A.2","27C54+9N70C95A",84,0.0882352941176471,2
"IM-23-122-YMLZ","8039832000","Maziba","Pf3D7_07_v3-105172-105442-1A","GACTACTAACAGAGTGACTACCTACGCTATGTTGAGATGAATTGCTTCCATTTGAATTACTTCCAGATAGGTGATTTTCTGTTCTTCCATCTGAATTGTTTTCATATAATTGACTTTCCTTTTGTCCATCTAAATTATGCACTGCACTATGAGTTCCTTCACCCAAATTATTACTGTTTGTTGTATCATCATTTAAATCAAATCCATTTCTT","Pf3D7_07_v3-105172-105442-1A.4","44G52T83T103C",696,1,1
"IM-23-122-YMLZ","8039832000","Maziba","Pf3D7_10_v3-1392371-1392620-1A","TGATGAAAATGATGATTCCCTTATTTCTAATTCTTTAGTACCCGAAACAAGTTACAATCAAGATTACTCTTTATACACTATTAATATTTTGAATGGACTTCCTGATAAAAAAAGTAATATGAAAAATATTGATTTAGAAAAATTTAAAGATACTTCAATACATACAAAGGAAGAGGGACCCATTGTA","Pf3D7_10_v3-1392371-1392620-1A.1","106+9N",771,0.76792828685259,2
"IM-23-122-YMLZ","8039832000","Maziba","Pf3D7_10_v3-1392371-1392620-1A","TGATGAAAATGATGATTCCCTTATTTCTAATTCTTTAGTACCCGAAACAAGTTACAATCAAGATTACTCTTTATACACTATTAATATTTTGAATGGACTTCCTGATAAAGAAAGTAATATGAAAAATATTGATTTAGAAAAATTTAAAGATACTTCAATACATACAAAGGAAGAGGGACCCATTGTA","Pf3D7_10_v3-1392371-1392620-1A.2","106+9N",233,0.23207171314741,2
"IM-23-122-YMLZ","8039832000","Maziba","Pf3D7_10_v3-1414337-1414596-1A","GACCTGAATGGAAAGGCCAATGTGATAAATTTGAAAAAGAAAAAAGTAAATATGAAGATACTAAAAGTATAACTGCTGAAAAATATTTAAAAGAAATATGTTCTGAATGTGATTGTAAATATAAAGATTTGGATAATACATTTAAAGAATTTAAAGATAACGTTACACTTCTTAAAGCAGTAATTGATAACAAA","Pf3D7_10_v3-1414337-1414596-1A.2","39+8N",860,0.775473399458972,3
"IM-23-122-YMLZ","8039832000","Maziba","Pf3D7_07_v3-1066661-1066903-1A","TATAGTTTTGTAATTTATTGGTATGTGTTGTTAAAGGAGAATTTTTTTAATATCCCTTGTCATGGGCAAAATGAGAAAAAAGAAATAAAAAACTTTTATGTTCAACATGAAGATATTTGTGAACACACTATTGGTAATCATATGTTAGGTGATAAATTAAAAATGTGTACATCTAATATTAATG","Pf3D7_07_v3-1066661-1066903-1A.1","4A41+9N75+8N86+8N",1711,0.693273905996759,2
"IM-23-122-YMLZ","8039832000","Maziba","Pf3D7_01_v3-162867-163115-1A","ATATACCAATAATACTTTTTTTTTTAAATAATGTAAAAAATGATTTATATAATTGTTATAAACAAATGATCACATATCATAATAATAATAATAATATGCTAAATCATAACTCTAATATTTTATCAAAAGAAAATGAAAAAAAACAACCTTTTTCAACATATAATATATCAAATCTTTGTTCTCCTGACCAAATGGTGATAAATAAAAA","Pf3D7_01_v3-162867-163115-1A.4","15+12N34+8N91I=ATAATA92G129+10N",417,0.260462211118051,2
"IM-23-122-YMLZ","8039832000","Maziba","Pf3D7_01_v3-194742-194973-1B","TACCTATAAAAATGAAAAAAATAAAGAAGAAGATAAATATGGAAAAAATGAAAAAAACGAAAAATATGACAAATATGACAAATATGAAAAATATGAAAAATATGATAAATACAAAAAAGATAATAAAAATCAACATGATGATCCACTTTATGATAATATTAATAAAAATTACGATAA","Pf3D7_01_v3-194742-194973-1B.2","14+9N42+17N112+8N",1826,1,1
"IM-23-122-YMLZ","8039832000","Maziba","Pf3D7_01_v3-181512-181761-1A","TTCACTATTGTTTTCATTCTTTTTTTAACTAAAACTATTCATCTCAAAAATATAAGATATTTTATATGACGAATGCCATTGTATTTTTTGTTACGTAAAACCTGACTTCTTCAGGGAAAACACATGCGCATTTTCACCAATTTTTGCCTAAGCTTATTATAAAAAGTATATTAAATGTATGAC","Pf3D7_01_v3-181512-181761-1A.37","5C19+9N30T83+8N114G",401,0.27003367003367,2
"IM-23-122-YMLZ","8039832000","Maziba","Pf3D7_07_v3-403801-404052-1B","TATATATATATATATGTATGTATGTTGATTAATTTGTTTATATATTTATATTTATTTCTTATGACCTTTTTAGGAACGACACCGAAGCTTTAATTTACAATTTTTTGCTATATCCATGTTAGATGCCTGTTCAGTCATTTTGGCCTTCATAGGTCT","Pf3D7_07_v3-403801-404052-1B.4","1+45N130+8N",797,1,1
"IM-23-122-YMLZ","8039832000","Maziba","Pf3D7_07_v3-405517-405773-2","TTTTCTACCATGACATATACTATTGTTAGTTGTATACAAGGTCCAGCAATAGCAATTGCTTATTACTTTAAATTCTTAGCCGTAAGAATTAAAAAGATATAAATATATAAATATATATGTGAAATATATGATATATATGATATATATTTTTTATATGTAATGTTTTTTTTTTTTTTCACAATATACATTTAA","Pf3D7_07_v3-405517-405773-2.2","97+57N162+16N",319,1,1
"IM-23-122-YMLZ","8039832000","Maziba","Pf3D7_11_v3-1295371-1295597-1A","AAGTAACATCAAATAATGAAGTTGTAGTTAAAGAAGAATATAAAGATGAATATGCAGATATTCCTGAACATAAACCAACTTATGATAAAATGAAAATTATAATTGCATCATCAGCTGCTGTCGCTGTATTAGCAACTATTTTAATGGTTTATCTTTATAAAAGAA","Pf3D7_11_v3-1295371-1295597-1A.1",".",1857,1,1
"IM-23-122-YMLZ","8039832000","Maziba","Pf3D7_12_v3-63081-63314-1A","TTTCCGTCATAATAGTTGCATACATTCTATTAAAAACTTTGGGTACTCCTAATATAATTTCACCTTTTGAATTACATATGTCTGTATTCAAAAATTTTATATCTCTACTCCATATATTTATCTTTACACCCAAAAACAAAGCAATGAAAAAAACAACCCTTTCATA","Pf3D7_12_v3-63081-63314-1A.1","146+9N",676,0.382136800452233,2
"IM-23-122-YMLZ","8039832000","Maziba","Pf3D7_12_v3-659881-660127-1A","GGTGGTTTAACATTTTCAGCTACGACTTTTTCGACTGATGGCAATCCTACTTTGATTAATTCCTTTAACATAGATTTTGCGTGTTTTTTTACTTCTGATTTGATATCAAAGCTTGATTCTAAAAAGGTTGGTGAATTTTTTTGTAAAACACTGACAAGTTCATTTGATATGGTCTCTGCTAAATCATCACCA","Pf3D7_12_v3-659881-660127-1A.1","26C27T35C83+9N135+9N",498,0.347280334728033,2
"IM-23-122-YMLZ","8039832000","Maziba","Pf3D7_09_v3-595828-596094-1A","ATAATTTTTTCATCGTTCTTATACATGAATGATAAAGTCTTTTTGCAAAATTTTTTGAAGAGATCAGATTTGAGATAAAGACGTTTGGCTAATCTATAGGAGAATTCTAGAGCATCTAATTTTATATTTAAACATTTTTTCGTATCCAATATATTATAATTTTGTTCATAAGTCTGTTCGTTTATATTATTTAATACTTTT","Pf3D7_09_v3-595828-596094-1A.4","4+8N27G50+8N94C99G108T134+8N180G",424,0.696223316912972,2
"IM-23-122-YMLZ","8039832000","Maziba","Pf3D7_07_v3-896613-896849-1B","ACAATGAAAAAATGTATTAATGATGAATTATATAAAATAAAAATAAATGTAGGTTTATATAAAAAGGATAGAAAAAAATTATCCTTTTTTATATTGTTGCATAAATTTTATTTAGATAATTATAATATTGTTATTAATAAATTAAAAAATATGAATAATTTAATAGAAA","Pf3D7_07_v3-896613-896849-1B.1","6+8N71+9N84+8N143+8N",710,1,1
"IM-23-122-YMLZ","8039832000","Maziba","Pf3D7_08_v3-102277-102527-1A","TACCTTCATCTATTGAATTAATTTTCTCAAGTAACATATTTTTGTCTTGACTACTTTCATCTGTAAATGGAACGAATACTCTTTGCTTACCTGCAAAAAGGACAATTGACATATGAGCCTTATCCTTACTTACATTCGAATTAAAGACCATAGATTCTAAAAATGGTATAGTTCCTTTTAACCAATAATC","Pf3D7_08_v3-102277-102527-1A.6","76A106T",1417,0.630899376669635,2
"IM-23-122-YMLZ","8039832000","Maziba","Pf3D7_14_v3-3125801-3126073-1A","ATTCTTATAATATTTAAGAATGAAGGGATTAAATATTTACATTTTAGCGAGGATACTCTGAAATATGTTAATTTTAATTATCCTGATTTTAACTTATATAAATGTATGAATTTATATAAGAAAAATTATGTTGATAGGGATGAGAAAGATATCTGTGATTTTTCAAATGAAGATTTTCCGTTAATAAAAGAAAATAACAAGAGAATCAG","Pf3D7_14_v3-3125801-3126073-1A.5",".",1,0.0037593984962406,3
"IM-23-122-YMLZ","8039832000","Maziba","Pf3D7_02_v3-628941-629172-1A","ACTTTTTTTAGATTTTTCTTGATCGTTTTCATCATTTTTTATTTCCTGTTCATCTGAGGTTTTCTTTTGTAAACGCTTAGTGCGTTGCTTTTGACCTTTTAATTTTTTTTTAAATATATTTTTAACTTGATCAATGAAGAAAGCATAATCTTGTATGACAGAAAATCT","Pf3D7_02_v3-628941-629172-1A.2","2+9N34+8N87G102+11N",888,0.691588785046729,2
"IM-23-122-YMLZ","8039832000","Maziba","Pf3D7_02_v3-628941-629172-1A","ACTTTTTTTAGATTTTTCTTGATCGTTTTCATCATTTTTTATTTCCTGTTCATCTGAGGTTTTCTTTTGTAAACGCTTAGTGCGTTTCTTTTGACCTTTTAATTTTTTTTTAAATATATTTTTAACTTGATCAATGAAGAAAGCATAATCTTGTATGACAGAAAATCT","Pf3D7_02_v3-628941-629172-1A.1","2+9N34+8N87T102+11N",396,0.308411214953271,2
"IM-23-122-YMLZ","8039832000","Maziba","Pf3D7_08_v3-1056678-1056903-1A","GTGTTAACGATAATTATAATGCAATAAGCACAACTAATTTTTCAGATGACATGGATGAATTGATAAAGAATCTTTCTATTATGGGTTTGTGTAAAGAGAAAATAGTGTTAACAGAAAAGGCAACACTATTTAATAACATTGAATTGTTGTATTCATATTATCTTATAGTTCAGA","Pf3D7_08_v3-1056678-1056903-1A.1",".",4983,1,1
"IM-23-122-YMLZ","8039832000","Maziba","Pf3D7_03_v3-221185-221419-1B","AAATAAATTAAATAGGAAAATATAAAGAAAAATGAAAATTAAGAAAAAAAGTAGTATATATTTTTATAAATATTGTACAACTCAAACTAAGATGTGTTCTTTATCTAATTAAGGAACAAGAAGGATAATACCATTATTAATCCTATTGAACTATTTACGACATTAAACA","Pf3D7_03_v3-221185-221419-1B.1","43+9N",901,1,1
"IM-23-122-YMLZ","8039832000","Maziba","Pf3D7_13_v3-1233093-1233332-1A","TCTATATGATCCTTATTTTTATCTTCATCACATTTATAATTTACATAATTTTCGACGTCATCATTTTCATTATTACTCATAATTGAATTATCCACAATGTTTGCCTCTTTTACAGCTTTACAAAGTTGGTAAAAAATATGATAATTCCTTTCACCTTCTTGTTGATCACACACCCGAACC","Pf3D7_13_v3-1233093-1233332-1A.1","130+8N",1882,1,1
"IM-23-122-YMLZ","8039832000","Maziba","Pf3D7_14_v3-377765-378020-1A","AAAGATATATCAACTGAAAAGATTTTATCAAATAATTGCTTTAATAATAAGTTAAAAAATTGATTTCCAATATCTATCATATTCATATAATCTAATGATTTAAAAATATATAATATACTCTTTGGACTAAATTTTAATTCATCATTTATTATTTTCTCTTTTACTATTGCTTTAATTTGATTAAAATATATAA","Pf3D7_14_v3-377765-378020-1A.2","21G53+8N71T",389,1,1
"IM-23-122-YMLZ","8039832000","Maziba","Pf3D7_08_v3-1375025-1375284-1B","CAAGTTATTATTAAATGCGGAATTATTCTATATAAAAATAAAAAAGCATTTAAAAATGAAAAAATTTATATATATACAATATATAAATATATATATATATATATATATATATATTATTATTATATGTATTTTTATAATTGAATGATATATTTATTTCTATTTGCAATTAAAATGCTTACGTTATCTAACAAAAGTACGGAGGCAAAA","Pf3D7_08_v3-1375025-1375284-1B.4","39+8N58+8N67+53N",1,0.0588235294117647,4
"IM-23-122-YMLZ","8039832000","Maziba","Pf3D7_11_v3-1374917-1375148-1A","TTTTTAAATGAAAATCTCCAAAGCTTCTGGTTGGTTGTAATCTACCTTTAACATAACAATTATCATAATGATGTGATAAGAGATGAAAAGGTGTTTTACATAATTCATATGTATTATTATTATTAACAGTTTTATAATCTCGAGTACATATTTTACATACTAATATA","Pf3D7_11_v3-1374917-1375148-1A.1","112+14N",1108,0.650616559013506,2
"IM-23-122-YMLZ","8039832000","Maziba","Pf3D7_11_v3-1374917-1375148-1A","TTTTTAAATGAAAATCTCCAAAGCTTCTGGTTGGTTGTAATCTACCTTTAACATAACAATTATCATAATGATGTGATAAGAGATGAAAAGGTGTTTTACATAATTTATATGTATTATTATTATTAACAGTTTTATAATCTCGAGTACATATTTTACATACTAATATA","Pf3D7_11_v3-1374917-1375148-1A.4","106T112+14N",595,0.349383440986494,2
"IM-23-122-YMLZ","8039832000","Maziba","Pf3D7_06_v3-176108-176338-1A","ATTATTATTATTATTATTATTATGATGATGATGATGATCTGTGTTAAGATCATCTTCTATACCATTAGTTAAACATTTTATATTTTTATTCATATAAACATTAATCTTCACAACAGATTTATCAGATCTAGAAAATCTTGTACCTGTTGCTTTATGTAACAATAT","Pf3D7_06_v3-176108-176338-1A.12","1+38N",61,0.0402906208718626,3
"IM-23-122-YMLZ","8039832000","Maziba","Pf3D7_11_v3-1375807-1376056-1A","TCGTTATGTACCCTAATAAATTTTTTTTCATTATTTGAATCTATATTATTTACATTAGTATTTTGAGTTGTACCATAAATTTCAGTGTTATTATTATTTCTATTCATATAATTATGTCCGCTTATATAATTATGACCATTAAAAAAATGTCTTCCATGTATATCATCTCTTCTAATGTATTTA","Pf3D7_11_v3-1375807-1376056-1A.2","20+10N140+9N",271,0.611738148984199,2
"IM-23-122-YMLZ","8039832000","Maziba","Pf3D7_03_v3-653961-654206-1A","CTCGTACAATATTTTTATAATTTCCTTTCATCTTATTTTTTTCTTTATATTTTTTTTTTTCATATGTAAGATTTATATAATCACTTTCGCTTTTTCTAACCCTTTTGAACTTTTTAAATGTACTTCGTTCATTATTTCTAATTCTCGTAAACACAAGAATAAATATTTTGATATATCTTATA","Pf3D7_03_v3-653961-654206-1A.2","35+9N49+13N",631,0.694169416941694,2
"IM-23-122-YMLZ","8039832000","Maziba","Pf3D7_13_v3-1465616-1465890-1A","TCTTGTGGATTATTATCTATTATATTTTCTTTTGGTTTTTCGACAGCAAAATTATCTCCTCTTGGTCTAGGTTGATCATCTTCGGGTTCTTGTGGAACATCTAATGGTTCCCATTTTGGAGGACATCTTTCTTCTTCACATTGTTCTTGTAATTCACTTGTACATCCTTCGTGTAAGATTTCTCTTTTTCTTGACCTGGTACCTTTACCACAAGTTACACTACATGGAGA","Pf3D7_13_v3-1465616-1465890-1A.195","30T90T92G113A121G",752,0.62876254180602,2
"IM-23-122-YMLZ","8039832000","Maziba","Pf3D7_08_v3-1366575-1366822-2","TTTAGCTTTTTCACATTGTGTTCTTAATCTTCTTAATGATTTTGAATTTTTGGAAACATCTTTACCTCCATTTTTTTTTTTAAAATCTTGTACACAGAAGTTTACTAATTTATTATCAAAATCTTCTCCTCCTAAATGTGTATCTCCTGAGGTAGCTTTAACTTCAAAAATTCCATCTTCAATTGTTAATAAGG","Pf3D7_08_v3-1366575-1366822-2.2","70+13N183T",453,0.281891723708774,2
"IM-23-122-YMLZ","8039832000","Maziba","Pf3D7_06_v3-145285-145531-1A","TCAACAAAAGCTGATGAATCATCATAATTTGAATAAAATTTATCATTCACAATATTATATTTTTGTTTCTTCTTTTTTCCCATAATATTATTATTTTGTTCACAATATATGTTCATGTGTCCCCTCTTTTTCTGTAAAATATTAAAATGTTTCTTACTATGCTTTTCTTCATTTTTAATAACA","Pf3D7_06_v3-145285-145531-1A.1","72+8N165T",1709,0.665239392759829,2
"IM-23-122-YMLZ","8039832000","Maziba","Pf3D7_06_v3-145285-145531-1A","TCAACAAAAGCTGATGAATCATCATAATTTGAATAAAATTTATCATTCACAATATTATATTTTTGTTTCTTCTTTTTTCCCATAATATTATTATTTTGTTCACAATATATGTTCATGTGTCCCCTCTTTTTCTGTAAAATATTAAAATGTTTCTTAGTATGCTTCTCTTCATTTTTAATAACA","Pf3D7_06_v3-145285-145531-1A.2","72+8N157G",860,0.334760607240171,2
"IM-23-122-YMLZ","8039832000","Maziba","Pf3D7_08_v3-1370603-1370853-1B","AAAAGTAATTAAAAAAAAAAAAAATGAAAATAAAAAAAAACATTACATATTTTTTTATGTATAAAATATTTTAAAGCACTGAGATTATTTATGTTATAAATTAATTGAATGTTTAAAAGATTATAAAATTTTATTTATGAAAATATATGAATATATATAATATAAGCAGGTATTAAATAACCAAATAATAT","Pf3D7_08_v3-1370603-1370853-1B.2","10+32N49+9N",198,1,1
"IM-23-122-YMLZ","8039832000","Maziba","Pf3D7_04_v3-1005938-1006187-1A","GTCTTAACATTAATCTTAGTTACAAAGTTACATGGATTTATTGAAAAGATATTTTCGTCATTATATTTCTTTTTTTCCATATCTGTTTGATCATTTTGATATGTTTTCATATTATCCATATGTTCATTATTTTGATCAATATAATTTTTTTTTATAATAAATTTAGAATTATTTTTAAAGAAA","Pf3D7_04_v3-1005938-1006187-1A.5","61T69+9N144+11N",867,1,1
"IM-23-122-YMLZ","8039832000","Maziba","Pf3D7_04_v3-1037644-1037891-1A","GAAAGAGATTTAACAGATGATGCTGTGATTTTTGCACACTCACTTTATTTACCATTTGAAAAAGAAGAAATGTGGTGGATCGTTATCGGAATTAAAAAAATGAACTTACTTTTATCTATCAAAAAATTATCTTTATTGAAAAGTATCAATAATATAAAAATTAATTTCGAATTGCCTGACA","Pf3D7_04_v3-1037644-1037891-1A.2","93+9N120+8N145A",1206,0.659376708583926,2
"IM-23-122-YMLZ","8039832000","Maziba","Pf3D7_07_v3-1149367-1149613-1A","TATTTGACTAGTCGAATAATATTTAATATTTTTGTTTAGGAAGTTTTCAAAATTGATGACATTGATAACCGTTTTTATTAAATCGCTTGGGTTGTTTGTGTGTTCTATAGTAGAAGACATAATTTTAAGAATGTGTTTTTGTGTTATTAAACAAAACTTTGTTACTATATGGAATCGTATGTTAT","Pf3D7_07_v3-1149367-1149613-1A.1","106T109A",2559,1,1
"IM-23-122-YMLZ","8039832000","Maziba","Pf3D7_11_v3-2001725-2001999-2","AGATGTAAGAACTAAGAATGTAAATACAAGTAAGAGAAATGAAGGACTTAATGATATAAATGAATCAGAAAAAACAAGAACAAGAAGGCCATCAACAAAATCAAATAATAATAATGTATCATACGAGAATGAATTAGAGAGTGTATCTGAATCGTTTGATAACTTTTTGGAGGATCATATGAAGGAAGGTGTTTTTTTAGATGGGGAAAA","Pf3D7_11_v3-2001725-2001999-2.2","68+8N191+9N",227,0.364951768488746,2
"IM-23-122-YMLZ","8039832000","Maziba","Pf3D7_03_v3-221295-221532-2","AAGGAACAAGAAGGATAATACCATTATTAATCCTATTGAACTATTTACGACATTAAACACACTGGAACATTTTTCCATTTTACAAATTTTTTTTTCAATATCATTTATATAATCTAATTGGTCTTTAGGTTTATCAGCAGAGCCAGGCTTTATTCTAACTTGAATACCATTTCCACAAGTTA","Pf3D7_03_v3-221295-221532-2.8","86+11N107A108T120G135C",524,0.312649164677804,2
"IM-23-122-YMLZ","8039832000","Maziba","Pf3D7_13_v3-1350855-1351093-1A","TCTTTTATATTAGTTGTTTCGTTATTTTCATTATGTTCCATATTTTGGTTATTTGTATATTTTATATTTTTTAAAAATTGGTAAATATATTCAGAGATGAAAGGTGTAAAAGGGGCCATAATTATTGTAAACAAATATAATGTTCTACATAAAACATTTAATGATTGGTGAGT","Pf3D7_13_v3-1350855-1351093-1A.2","66+8N93A",3,0.00174013921113689,2
"IM-23-122-YMLZ","8039832000","Maziba","Pf3D7_11_v3-497277-497548-1A","TTTTAGATTTAATTGAATATTCATTTTTAAATTATACTAGTTCTAATTTAAATACAATAAATAATAATAATGACAAAAAAAAACAAAATCAAAAAAATAAAAATCGCAAATATAGTAAAAATAATATTTTAGATCTCTATGAACACGTAAGTACGATCAGTTTATTTTATCACACGTTTAATTTACCTAAGGAGTATAATGAAAAATTGTT","Pf3D7_11_v3-497277-497548-1A.2","74+11N90+9N148T",337,1,1
"IM-23-122-YMLZ","8039832000","Maziba","Pf3D7_12_v3-1959644-1959891-1A","ATGGGAAGACGATAAGAGAAGAGAAATTAATTTCTGAGGGAGCGTATTCATTTGTTTATATGGCGAAGGATTTAAACACGAATCGAGCTTATACTATAAAGAAGACCATATGTCAAGATAAAGAGAAAATAGATATGGCGAATAAAGAAATCAACATTCTTAAAAGTTTACCTCCACATAAAAATATA","Pf3D7_12_v3-1959644-1959891-1A.2",".",1151,1,1
"IM-23-122-YMLZ","8039832000","Maziba","Pf3D7_12_v3-2092529-2092798-1B","AGTTGAAGGGGGAGGAATGATCGGAGTTATCAGATTAGAAAATCAAGTGAGAAATCCCCCTGTAATAAAATTGAAGAGTCATACATCTCCCATCCTTGATTTGTCATTTAACCCGTGTTATAGTGAGATATTAGCTTCATGTTCAGAAGATATGTCTATAAGAATATGGGAGATACGTCATGAGGATGAGAATGTGAATGAGGTA","Pf3D7_12_v3-2092529-2092798-1B.1",".",871,1,1
"IM-23-122-YMLZ","8039832000","Maziba","Pf3D7_01_v3-145388-145662-1A","GATATGTTTAAATATATGATTCTCGAAAAAACTTTTTTTATTTTTTTTGTCAATAGATAAATGATCAATATTTTCTATATTTAATCTATCAAGAATTTTTATATATCTATTATTTCTTTCTTCGATGGATAAATTATAAGAATCAATATCCTTTCTTTCATCAACAAACTTTTTTATTGTTAACTCCATTTTTTTATTTAAGATACCA","Pf3D7_01_v3-145388-145662-1A.4","25+25N94A169+8N188+9N",141,0.738219895287958,2
"IM-23-122-YMLZ","8039832000","Maziba","Pf3D7_14_v3-3214249-3214516-1A","TAAATAAAAAAGGATTAGATGATTTAATAAAAGATTTGTTAAAATATTTTCCAAAGAATTCAATTAGCGATCGTTTTGAATTGTTAGAATTTAAAATGACGGAGGATTGTTATACAAAAATGTGGTTTGATTTTATGAGTGATTTTGGAATAGCTACAATGAATGAAAGCGAACATACTAGATCTTTTTATGGCTTAATCGAA","Pf3D7_14_v3-3214249-3214516-1A.2","5+8N169G194C",1193,0.642780172413793,2
"IM-23-122-YMLZ","8039832000","Maziba","Pf3D7_07_v3-1066661-1066903-1A","TATGGTTTTGTAATTTATTGGTATGTGTTGTTAAAGGAGAATTTTTTTAATATCCCTTGTCATGGGCAAAATGAGAAAAAAGAAATAAAAAACTTTTATGTTCAACATGAAGATATTTGTGAACACACTATTGGTAATCATATGTTAGGTGATAAATTAAAAATGTGTACATCTAATATTAATG","Pf3D7_07_v3-1066661-1066903-1A.2","41+9N75+8N86+8N",757,0.306726094003241,2
"IM-23-122-YMLZ","8039832000","Maziba","Pf3D7_10_v3-1414337-1414596-1A","GACCTGAATGGAAAGGTCAATGTGATAAATTTGAAAAAGAAAAAAGTAAATATGAAGATACTAAAAGTAGAACTGCTGAAATATATTTAAAAGAAATATGTTCTGAATGTGATTGTAAATATAAAGATTTGGATAATACATTTAAAGAATTTAATGATAACGTTACGCTTCTTAAAGCAGTAATTGATAACAAA","Pf3D7_10_v3-1414337-1414596-1A.5","17T39+8N70G82T155T167G",248,0.223624887285843,3
"IM-23-122-YMLZ","8039832000","Maziba","Pf3D7_01_v3-162867-163115-1A","ATATACCAATAATACTTTTTTTTTTAAATAATGTAAAAAATGATTTATATAATTGTTATAAACAAATGATCACATATCATAATAATAATATCCTAAATCATAACTCTAATATTTTATCAAAAGAAAATGAAAAAAAACAACCTTTTTCAACATATAATATATCAAATCTTTGTTCTCCTGATCAAATGGTAATAAATAAAAA","Pf3D7_01_v3-162867-163115-1A.3","15+12N34+8N129+10N182T191A",1184,0.739537788881949,2
"IM-23-122-YMLZ","8039832000","Maziba","Pf3D7_13_v3-1146764-1147010-1A","AAATTTTCTCCTAAAGTTATGCCTTTGTTAATGAAGGAGAAGAACGTGAAACATAAAGCACCTCCTAAAGGTACTATAAAGCATACGCTAGAATATTTAAAAAGAGCAGCAGAATCAAGAATGAAAGAAAATGAATTATACAAATCAAAAAAAGATAGCACACTTAGTTCAATTGCAATTAGAAAAAATTCC","Pf3D7_13_v3-1146764-1147010-1A.2","64C146+9N182+8N",669,0.337367624810893,2
"IM-23-122-YMLZ","8039832000","Maziba","Pf3D7_08_v3-1099719-1099977-1A","AAAAAATAAAAAATCAAACAAGATAAATAATAATGTATATAATACTAGTGGTATAAAAAATAATGATCAAAATATGGATAATATGAATCAAAAAGGAAAAAGTAACAAAAATTCAAATAAATATAATTTTGATGAAGAGGACTTATGGTTTTTATGTGATTTATGTAATAATCCTATAAGTCCGTTATGTTA","Pf3D7_08_v3-1099719-1099977-1A.1","1+14N54+8N97A142C",415,0.692821368948247,2
"IM-23-122-YMLZ","8039832000","Maziba","Pf3D7_13_v3-1265494-1265726-1A","TGTCATATACAGATTATAAAAATGATCATAGAATAAGCGAAATTTTAAATCGTTGTATTTTACGATTAAACGAGTTTGATCTAATTCATTTATCTTCTTTGGTCATATCTTTAAGTAAAATGAATTTTAGGAGTGTGTATTTTATGGAACAAGTACAAAAGAAATT","Pf3D7_13_v3-1265494-1265726-1A.4","44T144A",989,0.347383210396909,2
"IM-23-122-YMLZ","8039832000","Maziba","Pf3D7_13_v3-146695-146934-1A","AAAGTATTTGTAATAGATTGAACGATGAACTAAATGAAGAAATATGTGGTTATCAAATTAGGTTTGAAAAATCGTATTTTTTAAAACATAGTAAAATTAAAGTTATGACAGAAGGAATTTTATTGAAAGAAATTATGAGTGATTTTATTTTATCAAAATATAGTGTTATCATTCTTGA","Pf3D7_13_v3-146695-146934-1A.1","20G76+8N170C",1771,0.67802450229709,2
"IM-23-122-YMLZ","8039832000","Maziba","Pf3D7_06_v3-1128558-1128797-1A","ATTGAATCGTTGGTGTTTATTTTATTATTCCTCTTTTGTTTTTCAATGAATACAAATGTTTCATCGACACTATCTTTATGATCTATTGGTATGGCATGATTTTCTAAATTGCTATTTCTTTCATTAGAATTGTATTTTTCACTATTATAGGTTGAGATTTTACTACATTTTATATTTTT","Pf3D7_06_v3-1128558-1128797-1A.2","157A",688,0.637627432808156,2
"IM-23-122-YMLZ","8039832000","Maziba","Pf3D7_11_v3-1375807-1376056-1A","TCGTTATGTACCCTAATAAATTTTTTTTCATTATTTGAATCTATATTATTTACATTAGTATTTTGAGTTGTACCATAAATTTCAGTGTTATTATTATTTCTATTCATATAATTATGTCCGCTTATATAATTATGACCATTAAAAAAACGTCTTTCATGTATATCATCTCTTCTAATGTATTTA","Pf3D7_11_v3-1375807-1376056-1A.4","20+10N140+9N154T",172,0.388261851015801,2
"IM-23-122-YMLZ","8039832000","Maziba","Pf3D7_03_v3-221463-221712-1B","ACTTGAATACCATTTCCACAAGTTACACTACATGGGGACCATTCAGTTGAAATAGAATTTTGTATTTTGTTTAAATATTCTTTTATGTGCTTATCACTTGGTTCTTCGTTATTATTATTTTTTACAGCATTGTTGGCATTAGCATTTTCATCTACATTTCGGTTTGGGTCATTTGGCATATTGTGACCTTGTC","Pf3D7_03_v3-221463-221712-1B.7","53T117+8N130T",280,0.310765815760266,2
"IM-23-122-YMLZ","8039832000","Maziba","Pf3D7_12_v3-857050-857323-1A","ATATAATTTTAAGATGTCCTATCAAGACGTTCAGGAAAAAAAAAATGAAGATATAAATTATGATGAAATAGCTAGCAGCATGCTAGAGAAGATGGACAAACATATAAATGGAGAAAAACAACCAACGATACATTATGAAAATTTAAATGTACAAGAGCAAGAGGGAGCACATGCTTATTACTCAAATCAAGATATAAATAACATAAATA","Pf3D7_12_v3-857050-857323-1A.1","35+12N",177,0.379014989293362,2
"IM-23-122-YMLZ","8039832000","Maziba","Pf3D7_12_v3-857050-857323-1A","ATATAATTTTAAGATGTCCTATCAAGACGTTCAGGAAAAAAAAAATGAAGATATAAATTATGATGAAATAGCTAGCAGCATGCTAGAGAAGATGGACAAACATATAAATGGAGAAAAACAACCAACGATACATTATGAAAATTTAAATGTACAAGAGCAAGGGGGAGCACATGCTTATTACTCAAATCAAGATATAAATAACATAAATA","Pf3D7_12_v3-857050-857323-1A.2","35+12N162G",290,0.620985010706638,2
"IM-23-122-YMLZ","8039832000","Maziba","Pf3D7_06_v3-1282656-1282930-1A","AAGATATGGAAGAAATATGATAAAGAAAACAATAAATATATATTGTCTCATTTTATTCCCCAATTTATTGAAGACTTAAATTTGAAGGATGAATTCCGAAATTTATTTGATGGATTTGTAAATGATTTGGATATTCTATTATATTCAGAATTTAAAGCATTTTATTTACAAATGAAGCAAAAAGATATAAATGAACTGAAAAATTCTGA","Pf3D7_06_v3-1282656-1282930-1A.4",".",321,0.713333333333333,2
"IM-23-122-YMLZ","8039832000","Maziba","Pf3D7_11_v3-1293919-1294168-1A","TCCATATCAAAAAAGTGATGTGTATCATCCAATCAACGAACATAGGGAACATCCAAAAGAATACCAATATCCATTACACCAGGAACATACATACCAACAAGAAGATTCAGGAGAAGACGAAAATACATTACAACACGCATATCCAATAGACCACGAAGGTGCTGAACCCGCACCACAAGAACAAAATTTAT","Pf3D7_11_v3-1293919-1294168-1A.4","13A27A65C163T",649,0.540383014154871,2
"IM-23-122-YMLZ","8039832000","Maziba","Pf3D7_11_v3-1293919-1294168-1A","ACCATATCAAAATAGTGATGTGTATCATCCAATCAACGAACATAGGGAACATTCAAAAGAATACGAATATCCATTACACCAGGAACATACATACCAACAAGAAGATTCAGGAGAAGACGAAAATACATTACAACACGCATATCCAATAGACCACGAAGGTGCCGAACCCGCACCACAAGAACAAAATTTAT","Pf3D7_11_v3-1293919-1294168-1A.7","1A27A53T",552,0.459616985845129,2
"IM-23-122-YMLZ","8039832000","Maziba","Pf3D7_02_v3-630641-630907-1A","CTAAGTTATCTAAAATTATTAATTTTTTCAAATATGGTAATTTATGTCTATGAAGTAATAAGCCATCAACTAAATCTAAATCTAAACATAACCATTCTAATTTCGTTTCATTTAATATGTTTACAATTACATCTATACTAAAGTTAGAATGTAAAATCAAGGTTGTTACACCACTCATCATAGCTGCCATATCAACAAT","Pf3D7_02_v3-630641-630907-1A.1","22+8N43T",826,1,1
"IM-23-122-YMLZ","8039832000","Maziba","Pf3D7_08_v3-1370814-1371045-2","TGTTGCAATATATTACTAAAAAATAGAATTATTATGTTATTTTGATCATATGGGAATACATTTAAATATTTATATTCTGATGAATATTCTTATAAAAAAAAAAGGGGGGGGGAAATAATACGTTCATGATTTATTTATATTTCAATATATTTTCTATTTTGCGA","Pf3D7_08_v3-1370814-1371045-2.3","17+8N93+21N",613,1,1
"IM-23-122-YMLZ","8039832000","Maziba","Pf3D7_08_v3-1375025-1375284-1B","CAAGTTATTATTAAATGCGGAATTATTCTATATAAAAATAAAAAAGCATTTAAAAATGAAAAAATTTATATATATACAATATATAAATATATATATATATATATATATATATATATTATTATATGTATTTTTATAATTGAATGATATATTTATTTCTATTTGCAATTAAAATGCTTACGTTATCTAACAAAAGTACGGAGGCAAAA","Pf3D7_08_v3-1375025-1375284-1B.29","39+8N58+8N67+53N",1,0.0588235294117647,4
"IM-23-122-YMLZ","8039832000","Maziba","Pf3D7_08_v3-1375025-1375284-1B","CAAGTTATTATTAAATGCGGAATTATTCTATATAAAAATAAAAAAGCATTTAAAAATGAAAAAATTTATATATATACAATATATAAATATATATATATATATATATATATATATATTATTATTATATGTATTTTTATAATTGAATGATATATTTATTTCTATTTGCAATTAAAATGCTTACGTTATCTAACAAAAGTACGGAGGCAAAA","Pf3D7_08_v3-1375025-1375284-1B.1","39+8N58+8N67+53N",6,0.352941176470588,4
"IM-23-122-YMLZ","8039832000","Maziba","Pf3D7_13_v3-1146764-1147010-1A","AAATTTTCTCCTAAAGTTATGCCTTTGTTAATGAAGGAGAAGAACGTGAAACATAAAGCACCTCCTAAAGGTACTATAAAGCATACGCTAGAATATTTAAAAAGAGCAGGAGAATCAAGAATGAAAGAAAATGAATTATACAAATCAAAAAAAGATAGCACACTTAGTTCAATTGCAATTAGAAAAAATTCC","Pf3D7_13_v3-1146764-1147010-1A.1","64C110G146+9N182+8N",1314,0.662632375189107,2
"IM-23-122-YMLZ","8039832000","Maziba","Pf3D7_13_v3-146695-146934-1A","AAAGTATTTGTAATAGATTAAACGATGAACTAAATGAAGAAATATGTGGTTATCAAATTAGGTTTGAAAAATCGTATTTTTTAAAACATAGTAAAATTAAAGTTATGACAGAAGGAATTTTATTGAAAGAAATTATGAGTGATTTTATTTTATCAAAATATAGTGTTATCATTCTTGA","Pf3D7_13_v3-146695-146934-1A.2","76+8N170C",841,0.32197549770291,2
"IM-23-122-YMLZ","8039832000","Maziba","Pf3D7_06_v3-1128558-1128797-1A","ATTGAATCGTTGGTGTTTATTTTATTATTCCTCTTTTGTTTTTCAATGAATACAAATGTTTCATCGACACTATCTTTATGATCTATTGGTATGGCATGATTTTCTAAATTGCTATTTCTTTCATTAGAATTGTATTTTTCACTATTATAGGTTGAGGTTTTACTACATTTTATATTTTT","Pf3D7_06_v3-1128558-1128797-1A.1",".",391,0.362372567191844,2
"IM-23-122-YMLZ","8039832000","Maziba","Pf3D7_06_v3-416462-416720-1A","AAGAAAAAATGGACATTGTGGAGAATATAAAAAATAGAGGAAAGGAAAAAACAGAATTAACATATAAAGAAGTATATAAAACACAACAGAATCAAAATGATGCAAGTTTAAATTCATTTTGGGGTGATGAAAAAAAAAATAATAATTATGATATAGATATAGTAAAAGAGAAATATAGTGAGTTAATGAAAAAAAAAGAA","Pf3D7_06_v3-416462-416720-1A.1","3+8N28+8N45+8N129+12N188+11N",253,0.299054373522459,2
"IM-23-122-YMLZ","8039832000","Maziba","Pf3D7_11_v3-1376058-1376305-1A","TTTCTGGCTCGATATAATCCATTTCAATATTTATATTAGATATGAAACATCTATCTTCAATAGGTGAATTTGCTGCAAATTGAGCCATAGAAAAATGATTCTCATTCCTTTGAAAATATGAACTATTCAACTCATCAAGGTTTTCATATGTTATTTCATAACTGCCATCATCTGAATCCTCTTCATCA","Pf3D7_11_v3-1376058-1376305-1A.1","140G",1356,1,1
"IM-23-122-YMLZ","8039832000","Maziba","Pf3D7_06_v3-1235395-1235658-1A","GAATATGATAAAATATATATACCAAACAATAAAAATAAAATTAATAATATAAATAATTTTTTAATAAAAAACAATTTGTTGTTGAAATCCAAATTTATGAGAATAACTCCTAATACCTATTTATGTCGTAATTGTGTCCTGTTATATCAAAATGATTTTTCGTATAATACATATGAAGAAGAAATTAATAAAATGG","Pf3D7_06_v3-1235395-1235658-1A.2","56+8N65+8N79T",207,0.731448763250883,2
"IM-23-122-YMLZ","8039832000","Maziba","Pf3D7_14_v3-3125801-3126073-1A","ATTCTTATAATATTTAAGAATGAAGGGATTAAATATTTACATTTTAGCGAGGATACTCTGAAATATGTTAATTTTAATTATCCTGATTTTAACTTATATAAATGTATGAATTTATATAAGAAAAATTATGTTGATAGGGATGAGAAAGATATCTGTGATTTTTCAAATGAAGATATTCCGTTAATAAAAGAAAATAACAAGAGAATCAG","Pf3D7_14_v3-3125801-3126073-1A.3","175A",169,0.635338345864662,3
"IM-23-122-YMLZ","8039832000","Maziba","Pf3D7_08_v3-1366575-1366822-2","TTTAGCTTTTTCACATTGTGTTCTTAATCTTCTTAATGATTTTGAATTTTTGGAAACATCTTTACCTCCATTTTTTTTTTTAAAATCTTGTACACAGAAGTTTACTAATTTATTATCAAAATCTTCTCCTCCTAAATGTGTATCTCCTGAGGTAGCTTTAACTTCAAAAATTCCATCTTCAAGTGTTAATAAGG","Pf3D7_08_v3-1366575-1366822-2.1","70+13N",1154,0.718108276291226,2
"IM-23-122-YMLZ","8039832000","Maziba","Pf3D7_08_v3-1365750-1365999-2","TTTCTAGGTTGTTTCTTGCTTCAATTCTATTTTTATTTTGTTCATCCTCTTCTTTATATTTTTCTGCATCATTTACCATACGATCGATATCATCTTTTGATAATCTTCCTTTATCATTTGTAATAGTAATTTGGTTTTGTTTACCAGTACCTTTATCTAATGCTGTTACATTTAGGATACCATT","Pf3D7_08_v3-1365750-1365999-2.1",".",1361,1,1
"IM-23-122-YMLZ","8039832000","Maziba","Pf3D7_11_v3-1934962-1935236-1A","TGATGTGCCAATATTAAGGATACATTTTCTAAAGCTTCTATCAGATAATGAAAATTTTTTCTGCGATTTTCATTTAAATCATTAAATATATTGGTTAGTTCTTGTATTGACGTTTTTGGATCTAAGGATGTAATTTGTTCATTTAATTCTTCTGTATATTCTAGATTAAAGTTTAAATTATTAAAATAACCTTCAGCATTATTTTCATTTTT","Pf3D7_11_v3-1934962-1935236-1A.1","54+10N98G",145,1,1
"IM-23-122-YMLZ","8039832000","Maziba","Pf3D7_12_v3-233418-233671-1A","CAAAAATATGATTCCCCAAATTTGTACTACTAATTGTTCCAATAGTTCCTATAGTTGTGGTAATTTGCTCATATGTATTTTTTCCTAAAGATTTATTAGACACATTTGAAGGATCATTATTTTGTTCCAAATTCTTGGGCACAGTATTATTACATGAGAATAATGAAAAGTTATTATCATAATTCTTTTGTT","Pf3D7_12_v3-233418-233671-1A.9","10G77+8N",771,0.621273166800967,2
"IM-23-122-YMLZ","8039832000","Maziba","Pf3D7_11_v3-1950431-1950680-2","AGATATATTTCAAGGAAAGGATATGTGGAATGATGGGAAATATGGTGAAGCGAAAAATCATATTAAGAATGCTTTTGGTGATATGAACAATAGAAAAGCTATGTTAAATGAAATTGAGAAAGGAATTAAAGATGAAACGTTTAGTCGTGAAAATGGTTTAGACGTTTGTAAATCTCAATGTGAGGAAAG","Pf3D7_11_v3-1950431-1950680-2.1","98G",781,0.490886235072282,2
"IM-23-122-YMLZ","8039832000","Maziba","Pf3D7_11_v3-1968050-1968296-2","TCATTACACTAGTCATGATTGGTTTAGATTATTACGCCAAGGGAATAAAGCTCAAAATTCCATTTCTCAGGAAGTAGACATATTAAAGGAAAAGTATAAAAAATTAATTTCAGAGGAAGACAATAAAAAAGAAAATAACAATAATAATGATGATGAAGTAAAACCAGAACTAAAAGACAATATA","Pf3D7_11_v3-1968050-1968296-2.1","87A97+8N124+8N",1088,0.378303198887344,2
"IM-23-122-YMLZ","8039832000","Maziba","Pf3D7_11_v3-1968050-1968296-2","TCATTACACTAGTCATGATTGGTTTAGATTATTACGCCAAGGGAATAAAGCTCAAAATTCCATTTCTCAGGAAGTAGACATATTAACGGAAAAGTATAAAAAATTAATTTCAGAGGAAGACAATAAAAAAGAAAATAACAATAATAATGATGATGAAGTAAAACCAGAACTAAAAGACAATATA","Pf3D7_11_v3-1968050-1968296-2.2","97+8N124+8N",1788,0.621696801112656,2
"IM-23-122-YMLZ","8039832000","Maziba","Pf3D7_14_v3-3125801-3126073-1A","ATTCTTATAATATTTAAGAATGAAGGGATTAAATATTTACATTTTAGCGACGATACTCTGAAATATGTTAATTTTAATTATCCTGATTTTAACTTATATAAATGTATGAATTTATATAAGAAAAATTATGTTGATAGGGATGAGAAAGATATCTGTGATTTTTCAAATGAAGATTTTCCGTTAATAAAAGAAAATAACAAGAGAATCAG","Pf3D7_14_v3-3125801-3126073-1A.1","51C",96,0.360902255639098,3
"IM-23-122-YMLZ","8039832000","Maziba","Pf3D7_13_v3-1465616-1465890-1A","TCTTGTGGATTATTATCTATTATATTTTCTTTTGGTTTTTCGACAGCAAAATTATCTCCTCTTGGTCTAGGTTGATCATCTTCGGGTTCATCTGGAACATCTAATGGTTCCCGTTTTGGAGGACATCTTTCTTCTTCACATTGTTCTTGTAATTCACTTGTACATCCTTCGTGTAAGATTTCTCTTTTTCTTGACCTGGTACCTTTACCACAAGTTACACTACATGGAGA","Pf3D7_13_v3-1465616-1465890-1A.51","30T121G",444,0.37123745819398,2
"IM-23-122-YMLZ","8039832000","Maziba","Pf3D7_06_v3-1135605-1135855-1A","TATAAAGAATTTATACCACCTAAATTGTTAACATTAGAAGTATTATTTGTTTCTGTATTTTCTTGTAACGTATTTGTATTATTAATATTGTTAGATGAAATATTATGACTATTTCTTCTATTTGTTATATTTAAATTGTAAATAGTTTCATTACTAACACTACTGATACCACTGAAATGATTATTTAG","Pf3D7_06_v3-1135605-1135855-1A.2",".",323,0.343251859723698,2
"IM-23-122-YMLZ","8039832000","Maziba","Pf3D7_11_v3-408543-408771-1A","AGAGTGTTAATAATACTACAGCTAGTAATATTTCCAAATCCAAAAATGAACTTGAAAAAAAGTCATCAGTTAATAATAATGCTTATATTAAAATTATCGAAAATTATGATTTATTATGGTTAAAATTAATAGAAATTGAATTATGTTGTAATAATAAAAATTTAAATCCTATA","Pf3D7_11_v3-408543-408771-1A.1","54+9N",868,0.911764705882353,2
"IM-23-122-YMLZ","8039832000","Maziba","Pf3D7_07_v3-403487-403750-2","AGGTTCTTGTCTTGGTAAATGTGCTCATGTGTTTAAACTTATTTTTAAAGAGATTAAGGATAATATTTTTATTTATATTTTAAGTATTATTTATTTAAGTGTATGTGTAATGAATAAAATTTTTGCTAAAAGAACTTTAAACAAAATTGGTAACTATAGTTTTGTAACATCCGAAACTCACAACTTTATTTGTATGATTATGTTCTTT","Pf3D7_07_v3-403487-403750-2.1",".",787,1,1
"IM-23-122-YMLZ","8039832000","Maziba","Pf3D7_13_v3-1041593-1041860-1AB","CAAGATTGAAGTATTACATATCTCAGAAATTAAATGTATGCCCAAGAGATGTAAATGCACACATTGTAGGTGCTCATGGAAATAAAATGGTTCTTTTAAAAAGATACATTACTGTAGGTGGTATCCCTTTACAAGAATTTATTAATAACAAGTTAATTTCTGATGCTGAATTAGAAGCTATATTTGATAGAACTGTTAATACT","Pf3D7_13_v3-1041593-1041860-1AB.1",".",930,1,1
"IM-23-122-YMLZ","8039832000","Maziba","Pf3D7_13_v3-1004740-1005002-1A","TTACATCGTAAAAATAATTTAAAATATTATATATATTATCTTTTCCTTTTCGGGGGTCTCTTTTCTTTATATATATATTTACATTTCTCTTCATTTTATTACATGATAAATTAATATTTAATGTACTAATATATATATTATTAATTTTTATTTTCTTCTTCTTTTTTATATTAAAACAAAATGAAGATTCCTTAA","Pf3D7_13_v3-1004740-1005002-1A.11","50+8N161+8N191C",43,0.704918032786885,2
"IM-23-122-YMLZ","8039832000","Maziba","Pf3D7_12_v3-2092654-2092884-2","GAGATATTAGCTTCATGTTCAGAAGATATGTCTATAAGAATATGGGAGATACGTCATGAGGATGAGAATGTGAATGAGGTAAAGGATCCTTTATGTATATTAAATGGTCATAAGAAAAAAGTAAATATATTATCATGGAATCCTATGAATTATTTTATATTATCATCT","Pf3D7_12_v3-2092654-2092884-2.1","114+8N",3283,1,1
"IM-23-122-YMLZ","8039832000","Maziba","Pf3D7_13_v3-1465901-1466157-1A","CATAAAGGGTCCGATAACATTTTTTACATTTTCCCATGCAGAATCAGCATACAAGTTACATTTACCATCTGATGGATGACAACCTACAAGAAATCTGTTGAAAGCTACATTAATACCTTGTCCAATACCAAAAACAGCTATTTTAACACCACGATCATTTAATTTTCTTGATTCTTTTAATGAATCTTGAATACTAT","Pf3D7_13_v3-1465901-1466157-1A.1","19+8N158T",1381,1,1
"IM-23-122-YMLZ","8039832000","Maziba","Pf3D7_03_v3-515418-515657-1A","TTTCTTTAATTTCTATATGTTTGAATTCCCTTATAGACATATTTGAATCATTATTACTTTTATATGAAGTGTTATTATCGAAATTATTATTAATACATTTTATTTTAATGATTTTGTTAAAATTTTTATTATTTACTATAATGGAAGTCAGATATGTACTTATCGTATGGAAAGCTAATCATCAACA","Pf3D7_03_v3-515418-515657-1A.1",".",3096,1,1
"IM-23-122-YMLZ","8039832000","Maziba","Pf3D7_11_v3-119432-119705-1A","CTCCTTTATATTCATCAAGAAATTTCATCCAAGAGTAATTATGTTTTTCTTGTTGATATTTTGCTTTATACAAACGAGCAAGATACTTTTTATACGATTCATGCTCTTTAATTTTCTTTTCAAAAGTTTTGGTTATAATGTGTTCAAGTGATTGTAAAGTATTTTTCTTTAATTTTCTCCATATTAATCTACATGCGATTATAAGAA","Pf3D7_11_v3-119432-119705-1A.1",".",165,0.295698924731183,2
"IM-23-122-YMLZ","8039832000","Maziba","Pf3D7_06_v3-1235395-1235658-1A","GAATATGATAAAATATATATACCAAACAATAAAAATAAAATTAATAATATAAATAATTTTTTAATAAAAAACAATTTGCTGTTGAAATCCAAATTTATGAGAATAACTCCTAATACCTATTTATGTCGTAATTGTGTCCTGTTATATCAAAATGATTTTTCGTATAATACATATGAAGAAGAAATTAATAAAATGG","Pf3D7_06_v3-1235395-1235658-1A.1","56+8N65+8N",76,0.268551236749117,2
"IM-23-122-YMLZ","8039832000","Maziba","Pf3D7_06_v3-1135605-1135855-1A","TATAAAGAATTTATACCACCTAAATTGTTAACATTAGAAGTATTATTTGTTTCTGTATTTTCTTGTAACGTATTTGTATTATTAATATTGTTAGATGAAATATTATGACTATTTCTTCTATTTGTTATATTTAAATTGTAAATAGTTTCATTACTAACACTACTGATACCATTGAAATGATTATTTAG","Pf3D7_06_v3-1135605-1135855-1A.1","172T",618,0.656748140276302,2
"IM-23-122-YMLZ","8039832000","Maziba","Pf3D7_13_v3-1004740-1005002-1A","TTACATCGTAAAAATAATTTAAAATATTATATATATTATCTTTTCCTTTTCGGGGGTCTCTTTTCTTTATATATATATTTACATTTCTCTTCATTTTATTACATGATAAATTAATATTTAATGTACTAATATATATATTATTAATTTTTATTTTCTTCTTCTTTTTTATATTAAAACAAAATGAAGATTCTTTAA","Pf3D7_13_v3-1004740-1005002-1A.2","50+8N161+8N",18,0.295081967213115,2
"IM-23-122-YMLZ","8039832000","Maziba","Pf3D7_06_v3-1136091-1136364-1A","CATTATTTTTGTATCCAACGTCGTTATTATTAAAACTTATTATTTGATTAATAACTGACGAACCACATATATTTACACAATGGAATACATAACTTAAGAAAGAGTAGTAATTGCATTTTACTTTTTGCATTTTCCCTCTGGTGGAGAAATAATTATTATGCTGCTTATTACTCTTTGTATTATGATAATTTTTGGTAATCATTTTTTTT","Pf3D7_06_v3-1136091-1136364-1A.1","173C201+9N",556,0.651053864168618,2
"IM-23-122-YMLZ","8039832000","Maziba","Pf3D7_13_v3-1265494-1265726-1A","TGTCATATACAGATTATAAAAATGATCATAGAATAAGCGAAATTTTAAATCGTTGTATTTTACGATTAAACGAGTTTGATCTAATTCATTTATCTTCTTTGGTCATATCTTTAAGTAAAATGAATTTTAGGAGTGTGTATTTTTTGGAACAAGTACAAAAGAAATT","Pf3D7_13_v3-1265494-1265726-1A.9","44T144T",1858,0.652616789603091,2
"IM-23-122-YMLZ","8039832000","Maziba","Pf3D7_08_v3-102277-102527-1A","TACCTTCATCTATTGAATTAATTTTCTCAAGTAACATATTTTTGTCTTGACTACTTTCATCTGTAAATGGAACGACTACTCTTTGCTTACCTGCAAAAAGGACAACTGACATATGAGCCTTATCCTTACTTACATTCGAATTAAAGACCATAGATTCTAAAAATGGTATAGTTCCTTTTAACCAATAATC","Pf3D7_08_v3-102277-102527-1A.4",".",829,0.369100623330365,2
"IM-23-122-YMLZ","8039832000","Maziba","Pf3D7_11_v3-408285-408534-1A","TATGAAGAAGGTTTAAAATATTGTGCGTCATCAATTAATTTATGGATATGTGCTATCGATTTACAAATAGAAAAAAAGAATTATACAGGTGCTAGAGCTTTGACGGAGAAAGCAAAAATCAAAATCAAGTATTTAAATTCTTTTAATAATAATAGTCATATTTTAAAAAGTAAAGAAATTATTGAA","Pf3D7_11_v3-408285-408534-1A.1","70+9N",925,1,1
"IM-23-122-YMLZ","8039832000","Maziba","Pf3D7_08_v3-1365709-1365954-1B","ATTTTCATCTTGTAATGTGTTTTTAACATTATAGCAGTAATTTTCTAGGTTGTTTCTTGCTTCAATTCTATTTTTATTTTGTTCATCCTCTTCTTTATATTTTTCTGCATCATTTACCATACGATCGATATCATCTTTTGATAATCTTCCTTTATCATTTGTAATAGTAATTTGGTTTTGT","Pf3D7_08_v3-1365709-1365954-1B.1",".",629,1,1
"IM-23-122-YMLZ","8039832000","Maziba","Pf3D7_03_v3-653961-654206-1A","CTCGTACAATATTTTTATAATTTCCTTTCATCTTATTTTTTTCTTTATATTTTTTTTTTTCATATGTAAGATTTATATAATCACTTTCGCTTTTTCTAACGCTTTTGAACTTTTTAAATGTACTTCGTTCATTATTTCTAATTCTCGTAAACACAAGAATAAATATTTTGATATATCTTATA","Pf3D7_03_v3-653961-654206-1A.1","35+9N49+13N101G",278,0.305830583058306,2
"IM-23-122-YMLZ","8039832000","Maziba","Pf3D7_08_v3-1314717-1314986-1A","ATAAAAAAGAAAAAATTATTGTCAAAAGTTTTCATAGATATATATATGATGGTATTAGAAGATTTTAAAGAAGAAGAATGTAAAAAGAATAAAGAAATATTTCTTGATACTTATATAGATGAACTAAAAAAAGATTCGCAAAGTGAAAAAAATAAAAGCATGTTAAATATATTAGATGAAATAAAAAGTGATATTCATATAGGATATC","Pf3D7_08_v3-1314717-1314986-1A.3","2+15N125+9N145+9N",107,0.61849710982659,3
"IM-23-122-YMLZ","8039832000","Maziba","Pf3D7_11_v3-1816152-1816378-1A","TTGGGTAGATATCGTTATAAGGGCTATAATGTATTGACTTCTCCGGGTTTGTTACATTATCATTACAACCAATATTATTAAGGTTCATATTATTTTTATCATTATTATTGTTGTTTTCATTTGTGTGGTTATATAATAACAATGATGTGTCGTCTATTGGATCATT","Pf3D7_11_v3-1816152-1816378-1A.4","50T86C90T",1313,0.375250071448985,2
"IM-23-122-YMLZ","8039832000","Maziba","Pf3D7_11_v3-2001725-2001999-2","AGATGTAAGAACTAAGAATGTAAATACAAGTAAGAGAAATGAAGGACTTAATGATATAAATGAATCAGAAAAAACAAGAACAAGAAGGCCATCAACAAAATCAAATAATAATAATGTGTCATACGAGAATGAATTAGAGAGTGTATCTGAATCGTTTGATAACTTTTTGGAGGATCATATGAAGGAAGGTGTTTTTTTAGATGGGGAAAA","Pf3D7_11_v3-2001725-2001999-2.36","68+8N118G191+9N",395,0.635048231511254,2
"IM-23-122-YMLZ","8039832000","Maziba","Pf3D7_11_v3-1902041-1902278-2","ATGAAACAAAATGTCCACCTAGATACCCTTTAAAATCAAAAGTTTTTGGAACCTTTGACCAAAAAACAGGAAAATGTAAAAGTCTCATGGACAAAGCATATGAAGTTGGAATTAATAAATTTTCAGTCTGTTTAGAATATTTATTTTTAGTATCACCTAAGGATTTATATAATAGCGGAAG","Pf3D7_11_v3-1902041-1902278-2.1","60+8N",3742,1,1
"IM-23-122-YMLZ","8039832000","Maziba","Pf3D7_06_v3-1140900-1141174-1A","CTTCCATGTGAGCTTCAAAATCGTCTGAAGGTCGACTAGACATGAAAAATTCAGATTGAGGTAAATCATCAAATGGATGATTTCTATATGATATTCTAGGTATTAATCCTAAGATATTATTTATGCTATTACATTGAGAATTTCCTTCATTGGTTGTGGTACTTATATCCACATTTTGGTGATCATCAGGATATAATGTATTTTCTTTAGAACTT","Pf3D7_06_v3-1140900-1141174-1A.2",".",245,0.393258426966292,2
"IM-23-122-YMLZ","8039832000","Maziba","Pf3D7_06_v3-1140900-1141174-1A","CTTCCATGTGAGCTTCAAAATCGTCTGAAGGTCGACTAGACATGAAAAATTCAGATTGAGGTAAATCATCAAATGGATGATTTCTATATGATATTCTAGGTATTAATCCTAAGATATTATTTATGCTATTACATTGAGAATTTCCTTCATTGGTTGTGGTACTTATATCCACATTTTGGTGATCATCAAGATATAATGTATTTTCTTTAGAACTT","Pf3D7_06_v3-1140900-1141174-1A.1","189A",378,0.606741573033708,2
"IM-23-122-YMLZ","8039832000","Maziba","Pf3D7_06_v3-1282656-1282930-1A","AAGATATGGAAGAAATATGATAAAGAAAACAATAAATATATATTGTCTCATTTTATTCCTCAATTTATTGAAGACTTAAATTTGAAGGATGAATTCCGAAATTTATTTGATGGATTTGTAAATGATTTGGATATTCTATTATATTCAGAATTTAAAGCATTTTATTTACAAATGAAGCAAAAAGATATAAATGAACTGAAAAATTCTGA","Pf3D7_06_v3-1282656-1282930-1A.5","60T",129,0.286666666666667,2
"IM-23-122-YMLZ","8039832000","Maziba","Pf3D7_12_v3-233418-233671-1A","CAAAAATATCATTCCCCAAATTTGTACTACTAATTGTTCCAATAGTTCCTATAGTTGTGGTAATTTGCTCATATGTATTTTTTCCTAAAGATTTATTAGACACATTTGAAGGATCATTATTTTGTTCCAAATTCTTGGGCACAGTATTATTACATGAGAATAATGAAAAGTTATTATCATAATTCTTTTGTT","Pf3D7_12_v3-233418-233671-1A.3","77+8N",470,0.378726833199033,2
"IM-23-122-YMLZ","8039832000","Maziba","Pf3D7_11_v3-115913-116184-1A","ACCTCCAGATGTTATAAATATTATATTATCATCATCATTTGGAAGGAAATTCTCCTCTAATGTTTTTAATATTTCATCTATATTTTTAGGTCTCAATTTACTATTGAAAAATTTTGAATACTTCAAAAAATAATCATCATCTTTTACATTACATATATTATCATTATTTTCATTTTGTTTTAGTAGTTCATCTTTTTTATTATC","Pf3D7_11_v3-115913-116184-1A.1","7A124+8N197T",1,0.00303951367781155,3
"IM-23-122-YMLZ","8039832000","Maziba","Pf3D7_13_v3-1406713-1406975-1A","TTTCATGTCTTCTTAAATATGTTTTAAATTCATTATTTAATTTTTCATCATATTTAGGTACATTTTTTTTTGGAAATCTAGATGTTTCATTATTATCGTGATTTGATGAATATATATAATGAGTTTGTTTAAAATGTGGTTCATTCAAATTATCTTTTTTCTTATCTTCGTGTATATTTTTATTATAATTTGAATACTTC","Pf3D7_13_v3-1406713-1406975-1A.1","6T62+11N154+8N",223,0.321325648414986,2
"IM-23-122-YMLZ","8039832000","Maziba","Pf3D7_08_v3-1176313-1176549-1A","TACATCCAATGAATATTTTACACTTAAAAGAAATAAACAAATTATTCATAATAAAATACATATACTTTCTATGCAAAAAAATAAACAAAATACAAACGAGCTAAACAAATCATGTAATATTAACGCCATCATATTTAATATTAATTCTGATGATTTTGAGGTAGGCGATGAAATTGT","Pf3D7_08_v3-1176313-1176549-1A.3","74+9N",577,0.285643564356436,2
"IM-23-122-YMLZ","8039832000","Maziba","Pf3D7_03_v3-221463-221712-1B","ACTTGAATACCATTTCCACAAGTTACACTACATGGGGACCATTCAGTTGAAAGAGAATTTTTTATTGTCTTTAAATATTGTTCTATGTGCTTATCACTTGGTTCTTCGTTATTATTATTTTTTACAGCATTGTTGGCATTAGCATTTTCATCTACATTTCGGTTTGGGTCATTTGGCATATTGTGACCTTGTC","Pf3D7_03_v3-221463-221712-1B.1","62T67G69C80G83C117+8N130T",621,0.689234184239734,2
"IM-23-122-YMLZ","8039832000","Maziba","Pf3D7_11_v3-119432-119705-1A","CTCCTTTATATTCATCAAGAAATTTCATCCAAAAGTAATTATGTTTTTCTTGTTGATATTTTGCTTTATACAAACGAGCAAGATACTTATTATACGATTCATGCTCTTTAATTTTCTTTTCAAAAGTTTTGGTTATAATGTGTTCAAGTGATTGTAAAGTATTTTTCTTTAATTTTCTCCATATTAATCTACATGCGATTATAAGAA","Pf3D7_11_v3-119432-119705-1A.2","33A89A",393,0.704301075268817,2
"IM-23-122-YMLZ","8039832000","Maziba","Pf3D7_06_v3-1197245-1197515-1A","CATTAGGAAAAACAACAGAGCCTTCTTCCATACCATAAATACATAAATCATTTCCACTAATCTTTTCTAAATATTGCACAAAAGAATCAATATCATTATAAGATGACATCTTCTTTCTTATAAAATCTAATTGAGCTTTGGTAAATCGAAAACAATTAATATATTTTATTACTTCATATACACCAGCTAATATAGCAAATTGAC","Pf3D7_06_v3-1197245-1197515-1A.1","20G",1055,1,1
"IM-23-122-YMLZ","8039832000","Maziba","Pf3D7_05_v3-958372-958608-1B","ATTTATAACAATTTTTACATATGCCAGTTCCTTTTTAGGTTTATTTATTTGGTCATTAATAAAAAATGCACGTTTGACTTTATGTATTACTTGCGTTTTTCCGTTAATTTATGTTTGTGGTGTCATATGTAATAAGAAAGTAAAATTAAATAAAAAAACATCTTTGTTATATAATAACAATACC","Pf3D7_05_v3-958372-958608-1B.1","45T60+8N151+9N",412,0.305637982195846,2
"IM-23-122-YMLZ","8039832000","Maziba","Pf3D7_05_v3-958920-959168-1B","AATAATAAATCGAAAACCATTAGTTGAAAATAATGATGATGGAGAAACATTACCAAATATTAAAAAAATTGAATTTAAAAATGTAAGATTTCATTATGATACTAGAAAAGATGTTGAAATTTATAAAGATTTAAGTTTTACTCTAAAAGAAGGGAAAACATATGCATTTGTGGGAGAATCA","Pf3D7_05_v3-958920-959168-1B.1","61+9N",738,1,1
"IM-23-122-YMLZ","8039832000","Maziba","Pf3D7_08_v3-1099719-1099977-1A","AAAAAATAAAAAATCAAACAAGATAAATAATAATGTATATAATACTAGTGGTATAAAAAATAATGATCAAAATATGGATAATATGAATCAAAAAGGAAAAAGTAACAAAAATTCAAATAAATATAATTTTGATGAAGAGGATTTATGGTTTTTATGTGATTTATGTAATAATCCTATAAGTCCGTTATGTTA","Pf3D7_08_v3-1099719-1099977-1A.4","1+14N54+8N97A",184,0.307178631051753,2
"IM-23-122-YMLZ","8039832000","Maziba","Pf3D7_08_v3-1344618-1344845-1A","TATCTTTTCCATATATAATAACGCATGAATTCTTTAAATATATCTTTTACTTTATCTGTAAGTTTCATGGAATCTATTATTTCATCTGCATATTTTATTTTTGCCTCGTTTATATATTTACCTGCTTCTAATTTACATAAACATTTTTCTATTAAGTTTTG","Pf3D7_08_v3-1344618-1344845-1A.4","86C128C",1607,1,1
"IM-23-122-YMLZ","8039832000","Maziba","Pf3D7_08_v3-1176313-1176549-1A","TACATCCAATGAATATTTTACACTTAAAAGAAATAAACAAATTATTCATAATAAAATACATATACTTTCTATGCAAAAAAATAAACAAAATACAAACGAGCTAAACAAATTATGTAATATTAACGCCATCATATTCAATATTAATTCTGATGATTTTGAGGTAGGCGATGAAATTGT","Pf3D7_08_v3-1176313-1176549-1A.1","74+9N111T136C",1443,0.714356435643564,2
"IM-23-122-YMLZ","8039832000","Maziba","Pf3D7_11_v3-1816152-1816378-1A","TTGGGTAGATATCGTTATAAGGGCTATAATGTATTGACTTCTCCGGGTTTGTTACATTATCATTACAACCAATATTATTAAGGTTAATATTATTTTTATCATTATTATTGTTGTTTTCATTTGTGTGGTTATATAATAACAATGATGTGTCGTCTATTGGATCATT","Pf3D7_11_v3-1816152-1816378-1A.1","50T90T",2186,0.624749928551015,2
"IM-23-122-YMLZ","8039832000","Maziba","Pf3D7_08_v3-1314717-1314986-1A","ATAAAAAAGAAAAAATTATTGTCAAAAGTTTTCATAGATATATATATGATGGTATTAGAAGATTTTAAAGAAGAAGAATGTAAAAAGAATAAAGAAATATTTCTTGATACTTATATAGATGAACTAAAAAAAGATTCACAAAGTGAAAAAAATAAAAGCATGTTAAATATATTAGATGAAATAAAAAGTGATATTCATATAGGATATC","Pf3D7_08_v3-1314717-1314986-1A.2","2+15N125+9N138A145+9N",3,0.0173410404624277,3
"IM-23-122-YMLZ","8039832000","Maziba","Pf3D7_05_v3-958372-958608-1B","ATTTATAACAATTTTTACATATGCCAGTTCCTTTTTAGGTTTATATATTTGGTCATTAATAAAAAATGCACGTTTGACTTTATGTATTACTTGCGTTTTTCCGTTAATTTATGTTTGTGGTGTCATATGTAATAAGAAAGTAAAATTAAATAAAAAAACATCTTTGTTATATAATAACAATACC","Pf3D7_05_v3-958372-958608-1B.2","60+8N151+9N",936,0.694362017804154,2
"IM-23-122-YMLZ","8039832000","Maziba","Pf3D7_11_v3-115913-116184-1A","ACCTCCAGATGTTATAAATATTATATTATCATCATCATTTGGAAGGAAATTCTCCTCTAATGTTTTTAATATTTCATCTATATTTTTAGGTCTCAATTTACTATTGAAAAATTTTGAATACTTCAAAAAATAATCATCATCTTTTACATTACATATATTATCATTATTTTCATTTTGTTTTAGTAGTTCATCTTTTATATTATC","Pf3D7_11_v3-115913-116184-1A.4","7A124+8N",103,0.31306990881459,3
"IM-23-122-YMLZ","8039832000","Maziba","Pf3D7_08_v3-1314717-1314986-1A","ATAAAAAAGAAAAAATTATTGTCAAAAGTTTTCATAGATATATATATGATGGTATTAGAAGATTTTAAAGAAGAAGAATGTAAAAAAAATAAAGAAATATTTCTTGATACTTATATAGATGAACTAAAAAAAGATTCACAAAGTGAAAAAAATAAAAGCATGTTAAATATATTAGATGAAATAAAAAGTGATATTCATATAGGATATC","Pf3D7_08_v3-1314717-1314986-1A.1","2+15N87A125+9N138A145+9N",63,0.364161849710983,3
"IM-23-122-YMLZ","8039832000","Maziba","Pf3D7_13_v3-1419363-1419626-1A","TTTTGAAATCTGTATATTCTTTACCATATTTATCGATATTTATTTTGTTCTTTTTGTTTGAAATATCAACTACATGATTAAAAACATCTCCTAAATTATATAATTTCTTATCTAGGTCTTTTTGAAATGTCGATTCTCCTCCTTGTGCTGGTTTTTGTACTTCTTGTCCTTGTGTTGATATCTCTTGTTCATTTTTAGATTGAG","Pf3D7_13_v3-1419363-1419626-1A.15","16+8N31T37T",110,0.304709141274238,2
"IM-23-122-YMLZ","8039832000","Maziba","Pf3D7_13_v3-1350855-1351093-1A","TCTTTTATATTAGTTGTTTCGTTATTTTCATTATGTTCCATATTTTGGTTATTTGTATATTTTATATTTTTTAAAAATTGGTAAATATATTCCGAGATGAAAGGTGTAAAAGGGGCCATAATTATTGTAAACAAATATAATGTTCTACATAAAACATTTAATGATTGGTGAGT","Pf3D7_13_v3-1350855-1351093-1A.1","66+8N",1721,0.998259860788863,2
"IM-23-122-YMLZ","8039832000","Maziba","Pf3D7_11_v3-115913-116184-1A","ACCTCCCGATGTTATAAATATTATATTATCATCATCATTTGGAAGGAAATTCTCCTCTAATGTTTTTAATATTTCATCTATATTTTTAGGTCTCAATTTACTATTGAAAAATTTTGAATACTTCAAAAAATAATCATCATCTTTTACATTACATATATTATCATTATTTTCATTTTGTTTTAGTAGTTCATCTTTTTTATTATC","Pf3D7_11_v3-115913-116184-1A.2","124+8N197T",225,0.683890577507599,3
"IM-23-122-YMLZ","8039832000","Maziba","Pf3D7_06_v3-1192628-1192867-1A","GATTATATATTTCTATATTTTAATAAGAATGCGTTACACAAACATGATGCCTCTAATGAAATGTGTTTTGTGAAAAACGAAGATTCTACACGCACAAAAGGACATATGAATGATGAACAAAATGATTTATATAAAATAAATAATAATACAACATATTTTTTTAACAAAAACCACT","Pf3D7_06_v3-1192628-1192867-1A.1","30T155+9N",1518,1,1
"IM-23-122-YMLZ","8039832000","Maziba","Pf3D7_08_v3-1313088-1313338-1A","TGAGAGACATAGATATATGATAGAAAAATGGAAAAAAGAAGATTGGTTTTGTGATTTAAAAGAAACGTTGAAAAATGAATTTGAAGAACAGATGGATATAGGAAAAGTATCTTTTTTATATGAAAATAATAGAGAGTATGGAAAAAATTTTTATTTGGAAAAGCAAAAAATTATATGGAAAAGATGG","Pf3D7_08_v3-1313088-1313338-1A.1","31+8N111+8N141+8N164+8N",800,1,1
"IM-23-122-YMLZ","8039832000","Maziba","Pf3D7_13_v3-1419363-1419626-1A","TTTTGAAATCTGTATATTTTTTATCATGTTCATCGAGATTTATTTTGTTCTCTTTGTTTGAAATATCAACTACATGATTAAAAACATCTCCTAAATTATATAATTTCTTATCTAGGTCTTTTCGAAATGTCGATTCTCCTCCTTGTGCTGGTTTTTGTACTTCTTTTCCTTGTGTTGATATCTCTTGTTCATTTTTAGATTGAG","Pf3D7_13_v3-1419363-1419626-1A.5","16+8N24T28G52C123C166T",251,0.695290858725762,2
"IM-23-122-YMLZ","8039832000","Maziba","Pf3D7_13_v3-1406713-1406975-1A","TTTCAGGTCTTCTTAAATATGTTTTAAATTCATTATTTAATTTTTCATCATATTTAGGTACATTTTTTTTTGGAAATCTAGATGTTTCATTATTATCGTGATTTGATGAATATATATAATGAGTTTGTTTAAAATGTGGTTCATTCAAATTATCTTTTTTCTTATCTTCGTGTATATTTTTATTATAATTTGAATACTTC","Pf3D7_13_v3-1406713-1406975-1A.2","62+11N154+8N",471,0.678674351585014,2
"IM-23-122-YMLZ","8039832000","Maziba","Pf3D7_06_v3-1136091-1136364-1A","CATTATTTTTGTATCCAACGTCGTTATTATTAAAACTTATTATTTGATTAATAACTGACGAACCACATATATTTACACAATGGAATACATAACTTAAGAAAGAGTAGTAATTGCATTTTACTTTTTGCATTTTCCCTCTGGTGGAGAAATAATTATTATGCTGCTTATTACTTTTTGTATTATGATAATTTTTGGTAATCATTTTTTTT","Pf3D7_06_v3-1136091-1136364-1A.2","201+9N",298,0.348946135831382,2
"IM-23-122-YNLT","8039832366","Maziba","Pf3D7_13_v3-1419363-1419626-1A","TTTTGAAATCTGTATATTCTTTACCATATTTATCGATATTTATTTTGTTCTTTTTGTTTGAAATATCAACTACATGATTAAAAACATCTCCTAAATTATATAATTTCTTATCTAGGTCTTTTTGAAATGTCGATTCTCCTCCTTGTGCTGGTTTTTGTACTTCTTGTCCTTGTGTTGATATCTCTTGTTCATTTTTAGATTGAG","Pf3D7_13_v3-1419363-1419626-1A.15","16+8N31T37T",5,0.0150602409638554,4
"IM-23-122-YNLT","8039832366","Maziba","Pf3D7_13_v3-1465616-1465890-1A","TCTTGTGGATTATTATCTATTATATTTTCTTCTGGTTTTTGGACAGAAGAATTATCTCCTCTTGGTCTAGGTTGATCATCTTCGGGGTCATCTGGAACATCTAATGGTTCCCATTTTGGAGGACATCTTTCTTCTTCACATTGTTCTTGTAATTCACTTGTACATCCTTCGTGTAAGATTTCTCTTTTTCTTGACCTGGTACCTTTACCACAAGTTACACTACATGGAGA","Pf3D7_13_v3-1465616-1465890-1A.11","30T32C41G47A49G87G113A121G",2,0.00173310225303293,6
"IM-23-122-YNLT","8039832366","Maziba","Pf3D7_14_v3-294506-294753-1B","AATTTAGATGTTATCAAAGTCCCATTCTTACCTTTCTATGTAACTCTTTGTAACAACAGCAAATTACCAACTTTTGAATTTACCTCAGAAAATGGTAAATACACATTAGAACCTGAATACTACCTTCAACACATAGAAGATGTTGGTCCAGGATTATGTATGCTTAATATCATAGGATTAGATTTTCCAGT","Pf3D7_14_v3-294506-294753-1B.1",".",2008,1,1
"IM-23-122-YNLT","8039832366","Maziba","Pf3D7_14_v3-2020604-2020849-1A","CAAGAACATGAATATTTCTGTAAATACATAGACAAGTCCTCATTATGTCTTATCACAGGGTGCTCTTTTTTAATATGACAATATAATTTTATATGTTTTATTATTTCTTGATGAATTTCACATAATAAAAATAATGTGTGATTCATATGTTGACTACTCAATATAGAAAAGCCACTAACTAATTG","Pf3D7_14_v3-2020604-2020849-1A.5","65+8N158T",93,0.0603504218040234,5
"IM-23-122-YNLT","8039832366","Maziba","Pf3D7_13_v3-1419363-1419626-1A","TTTTGAAATCTGTATATTTTTTATCATGTTCATCGAGATTTATTTTGTTCTTTTTGTTTGAAATATCAACTACATGATTAAAAACATCTCCTAAATTATATAATTTCTTATCTAGGTCTTTTTGAAATGTCGATTCTCCTCCTTGTGCTGGTTTTTGTACTTCTTGTCCTTGTGTTGATATCTCTTGTTCATTTTTAGATTGAG","Pf3D7_13_v3-1419363-1419626-1A.2","16+8N24T28G",3,0.00903614457831325,4
"IM-23-122-YNLT","8039832366","Maziba","Pf3D7_14_v3-2020604-2020849-1A","CAAGAACATGAATATTTCTGTAAATACATAGACAAGTCCTCATTATGTCTTATCACAGGGTGCTCTTCTTTAATATGACAATATAATTTTATATGTTTTATTATTTCTTGATGAATTTCACATAATAAAAATAATGTGTGATTCATATGTTGACTACTCAATATAGAAAAGCCACTAACTAATTG","Pf3D7_14_v3-2020604-2020849-1A.2","65+8N158T",1,0.000648929266709929,5
"IM-23-122-YNLT","8039832366","Maziba","Pf3D7_11_v3-1950431-1950680-2","AGATATATTTCAAGGAAAGGATATGTGGAATGATGGGAAATATGGTGAAGCGAAAAATCATATTAAGAATGCTTTTGGTGATATGAACAATAGAAAAACTATGTTAAATGAAATTGAGAAAGGAATTAAAGATGAAACGTTTAGTCGTGAAAATGGTTTAGACGTTTGTAAATCTCAATGTGAGGAAAG","Pf3D7_11_v3-1950431-1950680-2.2",".",91,0.036125446605796,2
"IM-23-122-YNLT","8039832366","Maziba","Pf3D7_13_v3-1419363-1419626-1A","TTTTGAAATCTGTATATTTTTTACCATATTCATCGAGATTTATTTTGTTCTCTTTGTTTGAAATATCAACTACATGATTAAAAACATCTCCTAAATTATATAATTTTTTAACTAGGTCTTTTCGAAATGTCGATTCTCCTCCTTGTGCTGGTTTTTGTACTTCTTGTCCTTGTGTTGATATCTCTTGTTCATTTTTAGATTGAG","Pf3D7_13_v3-1419363-1419626-1A.26","16+8N52C107T111A123C",306,0.921686746987952,4
"IM-23-122-YNLT","8039832366","Maziba","Pf3D7_14_v3-297583-297856-1B","AGGAGGTTTTTCTTATTATATTTTTGAAAATTTCGTTTTTCAAAAGAACCGTAAAATTAATCACATAATTAAGACTTCAAAATATTCGACAGTAGGATTTAATATTGAAAATTCTTATGATAGACTTATGAAAACAATTAAAGAGCATAAATTAAAAAATTATATAAAAGAATCAGTAAAACTTTTTAATAAAGGTTTAACCAAAAA","Pf3D7_14_v3-297583-297856-1B.1","153+8N",285,1,1
"IM-23-122-YNLT","8039832366","Maziba","Pf3D7_14_v3-3124416-3124655-1A","TAATTGATCTTCTAGAGGAATTAGATATTTTGTCTATATCGAATAAAGATGAAGTAGAAAAACAAAGAAAGGAAACAACTCAAGAGACGCGGTTGTTAGGAAATATTGATTTAGGATATGGAAAATTAGGAGAGGGAATAAAGCATGAAAATTTACAGGAAGAATTAGGAAACAGATTATTTG","Pf3D7_14_v3-3124416-3124655-1A.49","64A",162,0.0494354592615197,3
"IM-23-122-YNLT","8039832366","Maziba","Pf3D7_14_v3-1992121-1992370-1A","ATTAAAACATTCCAACAATTTTATTTCCTTCTTTATAAAATTATATAAATTAATTATTTTCTTTTTATCACATTCAAAGACGGCATAAGGTGCACCCCATGAACATTTTTTACTTTTGCTACCATCAGGCATAATATAAACACCAGTACCATTTTTTTCTGATAAATTAATATTTTTTTGTATAACATCATA","Pf3D7_14_v3-1992121-1992370-1A.1","105+8N151+9N172+9N",18,0.0629370629370629,3
"IM-23-122-YNLT","8039832366","Maziba","Pf3D7_14_v3-2858894-2859160-1A","ATAGATTTTAATGACATAAAAAACACAACAAATGAGTATAATAATTTTGAGGAACATAATTATCAAGATGATAAATTTATATTTAATAAAGATATACATAATATTCTTTTAGAATTAAAGGAATCATTAAATGACATATCACGTGGAAGACTAAATACATTGATAAGAGATAATAAAATAAGTAGTTGTATAATATATCA","Pf3D7_14_v3-2858894-2859160-1A.1","15C17+8N28A",433,0.646268656716418,2
"IM-23-122-YNLT","8039832366","Maziba","Pf3D7_04_v3-284121-284364-1A","ATATTGTATATTATCATAAGATTTATATGGAGGACCACATTGAAATCCGACAATTTCATTTGATGCATGTAGTACACATTCCGTATTTCTGTTTGAATTATTTAAAATAATTTTATTACTTAGAAATGATTCTTTTTCACTATAATCTTTATATAAGAAAGGGTCTTCATCAATTTGA","Pf3D7_04_v3-284121-284364-1A.1","157G",9,0.00946372239747634,4
"IM-23-122-YNLT","8039832366","Maziba","Pf3D7_11_v3-1950431-1950680-2","AGATATATTTCAAGGAAAGGATATGTGGAATGATGGGAAATATGGTGAAGCGAAAAATCATATTAAGAATGCTTTTGGTGATATGAACAATAGAAAAGCTATGTTAAATGAAATTGAGAAAGGAATTAAAGATGAAACGTTTAGTCGTGAAAATGGTTTAGACGTTTGTAAATCTCAATGTGAGGAAAG","Pf3D7_11_v3-1950431-1950680-2.1","98G",2428,0.963874553394204,2
"IM-23-122-YNLT","8039832366","Maziba","Pf3D7_13_v3-1406713-1406975-1A","TTTCATGTCTTCTTAAATATGTTTTAAATTCATTATTTAATTTTTCATCATATTTAGGTACATTTTTTTTTGGAAATCTAGATGTTTCATTATTATCGTGATTTGATGAATATATATAATGAGTTTGTTTAAAATGTGGTTCATTCAAATTATCTTTTTTCTTATCTTCGTGTATATTTTTATTATAATTTGAATACTTC","Pf3D7_13_v3-1406713-1406975-1A.1","6T62+11N154+8N",7,0.0133587786259542,2
"IM-23-122-YNLT","8039832366","Maziba","Pf3D7_13_v3-1265494-1265726-1A","TGTCATATACAGATTATAAAAATGATCATAGAATAAGCGAAATTTTAAATCGTTGTATTTTACGATTAAACGAGTTTGATCTAATTCATTTATCTTCTTTGGTCATATCTTTAAGTAAAATGAATTTTAGGAGTGTGTATTTTTTGGAACAAGTACAAAAGAAATT","Pf3D7_13_v3-1265494-1265726-1A.9","44T144T",126,0.0520446096654275,2
"IM-23-122-YNLT","8039832366","Maziba","Pf3D7_04_v3-1037644-1037891-1A","GAAAGAGATTTAACAGATGATGCTGTGATTTTTGCACACTCACTTTATTTACCATTTGAAAAAGAAGAAATGTGGTGGATCGTTATCGGAATTAAAAAAATGAACTTACTTTTATCTATCAAAAAATTATCTTTATTGAAAAGTATCAATAATATAAAAATTAATTTCGAATTGCCTGACA","Pf3D7_04_v3-1037644-1037891-1A.2","93+9N120+8N145A",98,0.0664857530529172,2
"IM-23-122-YNLT","8039832366","Maziba","Pf3D7_14_v3-1992121-1992370-1A","ATTAAAACATTCCAACAATTTTATTTCCTTCTTTATAAAATTATATAAATTAATTATTTTCTTTTTATCACATTCAAAGACGGAATAAGGTGCACCCCATGAACATTTTTTACTTTTGCTACCATCAGGCATAATATAAACACCAGTACCATTTTTTTCTGATAAATTAATATTTTTTTGTATAACATCATA","Pf3D7_14_v3-1992121-1992370-1A.5","84A105+8N151+9N172+9N",111,0.388111888111888,3
"IM-23-122-YNLT","8039832366","Maziba","Pf3D7_04_v3-316593-316858-1A","TTATTCATTTTTTCTATATTATCCTTTTCTACATCATCAAAATTTGTTAATGATTCACACGTTATATTTGGTGATATTATATTTCTACCTGTACATACACCAATATTTGTTGTACCTATTATTTTATACCCTTCTTGACATTTAAATTCTATTTTTTCACCAAGTAAATAATATTTTTTATCAGGGATAAGGGAAACATA","Pf3D7_04_v3-316593-316858-1A.2","7+8N151+8N173+8N",389,0.573746312684366,2
"IM-23-122-YNLT","8039832366","Maziba","Pf3D7_13_v3-1465616-1465890-1A","TCTTGTGGATTATTATCTATTATATTTTCTTTTGGTTCTTCGACAGCAAAATTATCTCCTCTTGGTCTAGGTTGATCATCTTCGGGTTCATGTGGAACATCTAATGGTTCCCGTTTTGGAGGACATCCTTCTTCTTCACATTGTTCTTGTATTTCACTTGTACATCCTTCGTGTAAGATTTCTCTTTTTCTTGACCTGGTACCTTTACCACAAGTTACACTACATGGAGA","Pf3D7_13_v3-1465616-1465890-1A.108","30T38C92G121G128C152T",1,0.000866551126516464,6
"IM-23-122-YNLT","8039832366","Maziba","Pf3D7_03_v3-891553-891827-1A","CAAGAGCTAAGAAAACATATAGAATTATCATAAGGATGTTGATAATATAAATGTGTTTTTATTTGTGTATTTATGTCAGAATATTGTTCCTTTGATTTATCTTTAAAATAATCAATATTATTTATGTTGGTGGCTTTATTATTATTAAAATAATTTTGATTTGTTACATGATGACTAGGGGTATATTTGTATTTTACGTTTTTATTA","Pf3D7_03_v3-891553-891827-1A.6","26T",11,0.0293333333333333,3
"IM-23-122-YNLT","8039832366","Maziba","Pf3D7_14_v3-294503-294768-2","CAGAATTTAGATGTTATCAAAGTCCCATTCTTACCTTTCTATGTAACTCTTTGTAACAACAGCAAATTACCAACTTTTGAATTTACCTCAGAAAATGGTAAATACACATTAGAACCTGAATACTACCTTCAACACATAGAAGATGTTGGTCCAGGATTATGTATGCTTAATATCATAGGATTAGATTTTCCAGTACCAACCTTTA","Pf3D7_14_v3-294503-294768-2.1",".",991,1,1
"IM-23-122-YNLT","8039832366","Maziba","Pf3D7_01_v3-162867-163115-1A","ATATACCAATAATACTTTTTTTTTTAAATAATGTAAAAAATGATTTATATAATTGTTATAAACAAATGATCACATATCATAATAATAATATCCTAAATCATAACTCTAATATTTTATCAAAAGAAAATGAAAAAAAACAACCTTTTTCAACATATAATATATCAAATCTTTGTTCTCCTGATCAAATGGTAATAAATAAAAA","Pf3D7_01_v3-162867-163115-1A.3","15+12N34+8N129+10N182T191A",85,0.0759606791778374,4
"IM-23-122-YNLT","8039832366","Maziba","Pf3D7_13_v3-1406713-1406975-1A","TTTCAGGTCTTCTTAAATATGTTTTAAATTCATTATTTAATTTTTCATCATATTTAGGTACATTTTTTTTTGGAAATCTAGATGTTTCATTATTATCGTGATTTGATGAATATATATAATGAGTTTGTTTAAAATGTGGTTCATTCAAATTATCTTTTTTCTTATCTTCGTGTATATTTTTATTATAATTTGAATACTTC","Pf3D7_13_v3-1406713-1406975-1A.2","62+11N154+8N",517,0.986641221374046,2
"IM-23-122-YNLT","8039832366","Maziba","Pf3D7_13_v3-1233093-1233332-1A","TCTATATGATCCTTATTTTTATCTTCATCACATTTATAATTTACATAATTTTCGACGTCATCATTTTCATTATTACTCATAATTGAATTATCCACAATGTTTGCCTCTTTTACAGCTTTACAAAGTTGGTAAAAAATATGATAATTCCTTTCACCTTCTTGTTGATCACACACCCGAACC","Pf3D7_13_v3-1233093-1233332-1A.1","130+8N",1763,1,1
"IM-23-122-YNLT","8039832366","Maziba","Pf3D7_14_v3-1956056-1956330-1B","CTAATTTTTTTTCTCCACTTTGTAATTTTTATTGTTGAATATATATATAAAGTTAAACCTATAAATAATACACTACCTAATAAACTATTCTTATATTTAAAAATAAATATAATACATGTTATTAATCCTTCTATTGTTGCCGGAATAATATACATTAAAACAGAACTCATCAAATTATTAGCACTCTCGGTACCTCTATCAACTATTCTCA","Pf3D7_14_v3-1956056-1956330-1B.2","4+10N",384,1,1
"IM-23-122-YNLT","8039832366","Maziba","Pf3D7_04_v3-544454-544718-1A","ACAAAATATAATACTTTATATACAAATGCTTATAAAAAATTTTAACGCGGACGTACTTCAAAATAATATAAATGAACAAGAAGTAATACATAATAACATCAACATTAATAATATAAAAGAAGAACAAATTATACCAAATAATATCAAGAATATCCATAATAATGACAATATTAATCATTGTGATGATAATAAAATAA","Pf3D7_04_v3-544454-544718-1A.6","33+8N47G50G",388,0.558273381294964,3
"IM-23-122-YNLT","8039832366","Maziba","Pf3D7_04_v3-284121-284364-1A","ATATTGTATATTATCATAAGATTTATATGGAGGACCACATTGAAATCCGACAATTTCATTTGATGCATGTAGTACACATTCCGTATTTCTGTTTGAATTATTTAAAATAATTTTATTACTTAGAAATGATTCTTTTTCACTATAATCTTTATATAACAAAGGTTCTTCATCAATTTGA","Pf3D7_04_v3-284121-284364-1A.4","163T",60,0.0630914826498423,4
"IM-23-122-YNLT","8039832366","Maziba","Pf3D7_14_v3-298368-298636-1B","ACGATTTAATGTGGCAAGTTGATTTAGATGTACATTTTGGTAATGTATCTTCCAAAAAAGCAAACGTTATTTTAGATAGTGCCACCAGTGTCATAACTGTACCAACAGAATTTTTTAATCAATTCGTAGAATCTGCAAGTGTTTTCAAAGTTCCATTCTTATCTTTGTATGTAACCACTTGTGGTAACACGAAATTACCAA","Pf3D7_14_v3-298368-298636-1B.1","53+8N110+8N",447,1,1
"IM-23-122-YNLT","8039832366","Maziba","Pf3D7_11_v3-1816152-1816378-1A","TTGGGTAGATATCGTTATAAGGGCTATAATGTATTGACTTCTCCGGGTTTGTTACATTATCATTACAACCAATATTATTAAGGTTAATATTATTTTTATCATTATTATTGTTGTTTTCATTTGTGTGGTTATATAATAACAATGATGTGTCGTCTATTGGATCATT","Pf3D7_11_v3-1816152-1816378-1A.1","50T90T",3693,0.987961476725522,2
"IM-23-122-YNLT","8039832366","Maziba","Pf3D7_14_v3-2020604-2020849-1A","CAAGAACATGAATATTTCTGTAAATACATAGACAAGTCCTCATTATGTCTTATCACAGGGTGCTCTTCTTTAATATGACAATATAATTTTATATGTTTTATTATTTCTTGATGAATTTCACATAATAAAAATAATGTGTGATTCATATGTTGACTACCCAATATAGAAAAGCCACTAACTAATTG","Pf3D7_14_v3-2020604-2020849-1A.1","65+8N",529,0.343283582089552,5
"IM-23-122-YNLT","8039832366","Maziba","Pf3D7_03_v3-980853-981120-2","TAAGATTCTTTTGAGTTATTTATTTTCCAAATAATTTGGTTATATATATATGAAAATTCGATCATACCACATGCTCCAAGAATAATAGATGCATCGTCATTATATTGGAATGTAAAACTTTCATCATACTCATTTGTATTAGGTACACAAGAATCATCTTTATTTTTATAATTTTCTTTACATGTACAATTAATTTTACTATATT","Pf3D7_03_v3-980853-981120-2.1",".",402,1,1
"IM-23-122-YNLT","8039832366","Maziba","Pf3D7_14_v3-2004362-2004606-1A","TATTTCCATATTATTGTAATAGGGCTTTTTCTTGCTCTTCTAATTTTTGTATATCTTGCTTATCCTTATCTAATTGTCCAAGAGCATTTAATTCATCTTCTACATTTATTTTATTTTCTTGAGAATATTCTTCAATTTTGTCTTCGAAACTGTTATATAATCTATTTATAATTGGTTG","Pf3D7_14_v3-2004362-2004606-1A.1",".",48,0.0697674418604651,3
"IM-23-122-YNLT","8039832366","Maziba","Pf3D7_04_v3-284121-284364-1A","ATATTGTATATTATCATAAGATTTATATGGAGGACCACATTGAAATCCGACAATTTCATTTGATGCATGTAGTACACATTCCGTATTTCTGTTTGAATTATTTAAAATAATTTTATTACTTAGAAATGATTCTTTTTCACTATAATCTTTATATAACAAAGGGTTTTCATCAATTTGA","Pf3D7_04_v3-284121-284364-1A.6","165T",529,0.556256572029443,4
"IM-23-122-YNLT","8039832366","Maziba","Pf3D7_04_v3-316593-316858-1A","TTATTCATTTTTTGTATATTATCCTTTTCTACATCATCAAAATTTGTTAATGATTCACACGTTATATTTGGTGATATTATATTTCTACCTGTACATACACCAATATTTGTTGTACCTATTATTTTATACCCTTCTTGACATTTAAATTCTATTTTTTCACCAAGTAAATAATATTTTTTATCAGGGATAAGGGAAACATA","Pf3D7_04_v3-316593-316858-1A.1","7+8N151+8N173+8N",289,0.426253687315634,2
"IM-23-122-YNLT","8039832366","Maziba","Pf3D7_13_v3-1465901-1466157-1A","CATAAAGGGTCCGATAACATTTTTTACATTTTCCCATGCAGAATCAGCATACAAGTTACATTTACCATCTGATGGATGACAACCTACAAGAAATCTGTTGAAAGCTACATTAATACCTTGTCCAATACCAAAAACAGCTATTTTAACACCAAGATCATTTAATTTTCTTGATTCTTTTAATGAATTTTGAATACTAT","Pf3D7_13_v3-1465901-1466157-1A.7","19+8N152A158T186T",1101,0.894394800974817,3
"IM-23-122-YNLT","8039832366","Maziba","Pf3D7_04_v3-1037644-1037891-1A","GAAAGAGATTTAACAGATGATGCTGTGATTTTTGCACACTCACTTTATTTACCATTTGAAAAAGAAGAAATGTGGTGGATCGTTATCGGAATTAAAAAAATGAACTTACTTTTATCTATCAAAAAATTATCTTTATTGAAAAGTGTCAATAATATAAAAATTAATTTCGAATTGCCTGACA","Pf3D7_04_v3-1037644-1037891-1A.1","93+9N120+8N",1376,0.933514246947083,2
"IM-23-122-YNLT","8039832366","Maziba","Pf3D7_14_v3-2004362-2004606-1A","TATTTCCATATTATTGTAATAGGGCTTTTTCTTGCTCTTCTAATTTTTGTATATCTTGCTTATCCTTATCTAATTGTCCAAGAGCAACTAATTCATCATCTACATTTATTTTATTTTCTTGAGAATATTCTTCAATTTTGTCTTCGAAACTGTTATATAATCTATTTATAATTGGTTG","Pf3D7_14_v3-2004362-2004606-1A.6","87A88C98A",402,0.584302325581395,3
"IM-23-122-YNLT","8039832366","Maziba","Pf3D7_11_v3-1376058-1376305-1A","TTTCTGGCTCGATATAATCCATTTCAATATTTATATTAGATATGAAACATCTATCTTCAATAGGTGAATTTGCTGCAAATTGAGCCATAGAAAAATGATTCTCATTCCTTTGAAAATATGAACTATTCAACTCATCAAGGTTTTCATATGTTATTTCATAACTGCCATCATCTGAATCCTCTTCATCA","Pf3D7_11_v3-1376058-1376305-1A.1","140G",1321,1,1
"IM-23-122-YNLT","8039832366","Maziba","Pf3D7_14_v3-137398-137668-1A","ACCATTCATATTTTCTAGGTTTGTTTAACCAATTACATATATATAATATATTACAAAATAATTGTTTTAATAATATATGTTTAGTTAATATTAATTCAATACTACTTAATTTATTTCTTATATTTTTTAAAAGATCTTCATAAACAAAATCAAAATTATCTATTAATAATAAATAACCAAATCTTTTATGTACATTTTTTATTC","Pf3D7_14_v3-137398-137668-1A.2","122+8N194+8N",31,0.313131313131313,2
"IM-23-122-YNLT","8039832366","Maziba","Pf3D7_13_v3-1465616-1465890-1A","TCTTGTGGATTATTATCTATTATATTTTCTTTTGGTTCTTCGACAGCAAAATTATCTCCTCTTGGTCTAGGTTGATCATCTTCGGGTTCATGTGGAACATCTAATGGTTCCCGTTTTGGAGGACATCTTTCTTCTTCACATTGTTCTCGTATTTCACTTGTACATCCTTCGTGTAAGATTTCTCTTTTTCTTGACCTGGTACCTTTACCACAAGTTACACTACATGGAGA","Pf3D7_13_v3-1465616-1465890-1A.23","30T38C92G121G148C152T",1048,0.908145580589255,6
"IM-23-122-YNLT","8039832366","Maziba","Pf3D7_04_v3-1005938-1006187-1A","GTCTTAACATTAATCTTAGTTACAAAGTTACATGGATTTATTGAAAAGATATTTTCGTCATTATATTTCTTTTTTTCCATATCTGTTTGATCATTTTGATATGTTTTCATATTATCCATATGTTCATTATTTTGATCAATATAATTTTTTTTTATAATAAATTTAGAATTATTTTTAAAGAAA","Pf3D7_04_v3-1005938-1006187-1A.5","61T69+9N144+11N",450,0.707547169811321,2
"IM-23-122-YNLT","8039832366","Maziba","Pf3D7_12_v3-659881-660127-1A","GGTGGTTTAACATTTTCAGCTACGACTTTTTCGACTGATGGCAATCCTACTTTGATTAATTCCTTTAACATAGATTTTGCGTGTTTTTTTACTTCTGATTTGATATCAAAGCTTGATTCTAAAAAGGTTGGTGAATTTTTTTGTAAAACACTGACAAGTTCATTTGATATGGTCTCTGCTAAATCATCACCA","Pf3D7_12_v3-659881-660127-1A.1","26C27T35C83+9N135+9N",26,0.0205859065716548,3
"IM-23-122-YNLT","8039832366","Maziba","Pf3D7_14_v3-293575-293829-1B","TTTTGTAGTGTAATGTGTGGTTTATTTTATTATGTGTATGAAAATGTATGGCTTCAAAGAGATAATGAAATGAATGAAATTTTAAAAAATTCCGAACATTTAACTATTGGATTTAAAGTTGAAAATGCACATGATAGAATTTTGAAAACTATAAAAACACATAAATTAAAAAATTACATTAAAGAAT","Pf3D7_14_v3-293575-293829-1B.1","83+8N167+8N",348,1,1
"IM-23-122-YNLT","8039832366","Maziba","Pf3D7_04_v3-284121-284364-1A","ATATTGTATATTATCATAAGATTTATATGGAGGACCACATTGAAATCCGACAATTTCATTTGATGCATGTAGTACACATTCCGTATTTCTGTTTGAATTATTTAAAATAATTTTATTACTTAGAAATGATTCTTTTTCACTATAATCTTTATATAACAAAGAGTCTTCATCAATTTGA","Pf3D7_04_v3-284121-284364-1A.3","162A",353,0.371188222923239,4
"IM-23-122-YNLT","8039832366","Maziba","Pf3D7_09_v3-1015103-1015350-1A","ATTATTTAATTTTTCATCTTTTATATTTTTCAGATTTTTTATATGAAGATATAGGAATACAACTAAATTAACAGCTGAAAATAATCTTACTAACAAAAATAATTTGAGGAATTCTTCATCATATAAATCTTTTGGAATATTATTTGTGTATTCATAAATTTCTATTAAGGATATAATAGTTATGA","Pf3D7_09_v3-1015103-1015350-1A.1","34+8N",204,0.971428571428571,2
"IM-23-122-YNLT","8039832366","Maziba","Pf3D7_11_v3-1968050-1968296-2","TCATTACACTAGTCATGATTGGTTTAGATTATTACGCCAAGGGAATAAAGCTCAAAATTCCATTTCTCAGGAAGTAGACATATTAAAGGAAAAGTATAAAAAATTAATTTCAGAGGAAGACAATAAAAAAGAAAATAACAATAATAATGATGATGAAGTAAAACCAGAACTAAAAGACAATATA","Pf3D7_11_v3-1968050-1968296-2.1","87A97+8N124+8N",3159,0.952941176470588,2
"IM-23-122-YNLT","8039832366","Maziba","Pf3D7_14_v3-137398-137668-1A","ACCATTCATATTTTCTAGGTTTGTTTAACCAATTACATATATATAATATATTACAAAATAATTGTTTTAATAATATATGTTTAGTTAATATTAATTCAATACTACTTAATTTATTTCTTATATTTTTTAAAAGATCTTCATAAACAAAATCAAAATTATCTATTAATAATAAATAACCAAATCTTTTATGCACATTTTTTATTC","Pf3D7_14_v3-137398-137668-1A.1","122+8N191C194+8N",68,0.686868686868687,2
"IM-23-122-YNLT","8039832366","Maziba","Pf3D7_14_v3-120101-120365-1A","TTTTACAACATTATTTTTTTCTTCCTCCTCAGATAAAATAGGTACACATATCGCGTCCTTATCACATCCTCCATTGTTTACCTTACAATGTTCTTCGCATTCGAAATTTTTTTCAGGATTACTTGAAAAGCCTTCTGGACAATTACAATATTCATATCCATGAGTATTCTTACAAACACCTTTTCCACAATTTAAAA","Pf3D7_14_v3-120101-120365-1A.2","13+9N106+9N",328,0.610800744878957,3
"IM-23-122-YNLT","8039832366","Maziba","Pf3D7_14_v3-1392837-1393086-1A","ACATGTATTGTCCCCAGCATGAATCGGGTGATAAATATTATCAAGCGTATCAAAAAATGGATTGTAATTATTACTACTATTCATATCATTATTTTTTGTGGTGGTGGTGGACTGTGAAATGTTTTCCTTATGATTTTGACTTGTGTGTATATCCCTACCAACAACATATTCAACATTATTATTATCAAAAA","Pf3D7_14_v3-1392837-1393086-1A.4","51+8N91+8N108I=TGG",1021,1,1
"IM-23-122-YNLT","8039832366","Maziba","Pf3D7_11_v3-1375807-1376056-1A","TCGTTATGTACCCTAATAAAATTTTTTCCATTATTTGAATCTATATTATTTACATTAGTATTTTGAGTTGTACCATAAATTTCAGTGTTATTATTATTTCTATTCATATAATTATGTCCGCTTATATAATTATGACCATTAAAAAAACGTCTTCCATGTATATCATCTCTTCTAATGTATTTA","Pf3D7_11_v3-1375807-1376056-1A.5","20+10N140+9N",52,0.290502793296089,4
"IM-23-122-YNLT","8039832366","Maziba","Pf3D7_14_v3-1992121-1992370-1A","ATTAAAACATTCCAACAATTTTATTTCCTTCTTTATAAAATTATATAAATTAATTATTTTCTTTTTATCACATTCAAAGACGGCATAAGGTGCACCCCATGAACATTTTTTACTTTTGCTACCATCAGGCATAATATAATCACCAGTACCATTTTTTTCTGATAAATTAATATTTTTTTGTATAACATCATA","Pf3D7_14_v3-1992121-1992370-1A.2","105+8N140T151+9N172+9N",157,0.548951048951049,3
"IM-23-122-YNLT","8039832366","Maziba","Pf3D7_11_v3-1375807-1376056-1A","TCGTTATGTACCCTAATAAATTTTTTTTCATTATTTGAATCTATATTATTTACATTAGTATTTTGAGTTGTACCATAAATTTCAGTGTTATTATTATTTCTATTCATATAATTATGTCCGCTTATATAATTATGACCATTAAAAAAACGTCTTTCATGTATATCATCTCTTCTAATGTATTTA","Pf3D7_11_v3-1375807-1376056-1A.4","20+10N140+9N154T",7,0.0391061452513966,4
"IM-23-122-YNLT","8039832366","Maziba","Pf3D7_13_v3-1419363-1419626-1A","TTTTGAAATCTGTATATTTTTTATCATGTTCATCGAGATTTATTTTGTTCTCTTTGTTTGAAATATCAACTACATGATTAAAAACATCTCCTAAATTATATAATTTCTTATCTAGGTCTTTTCGAAATGTCGATTCTCCTCCTTGTGCTGGTTTTTGTACTTCTTTTCCTTGTGTTGATATCTCTTGTTCATTTTTAGATTGAG","Pf3D7_13_v3-1419363-1419626-1A.5","16+8N24T28G52C123C166T",18,0.0542168674698795,4
"IM-23-122-YNLT","8039832366","Maziba","Pf3D7_13_v3-1350855-1351093-1A","TCTTTTATATTAGTTGTTTCGTTATTTTCATTATGTTCCATATTTTGGTTATTTGTATATTTTATATTTTTTAAAAATTGGTAAATATATTCCGAGATGAAAGGTGTAAAAGGGGCCATAATTATTGTAAACAAATATAATGTTCTACATAAAACATTTAATGATTGGTGAGT","Pf3D7_13_v3-1350855-1351093-1A.1","66+8N",115,0.0689448441247002,2
"IM-23-122-YNLT","8039832366","Maziba","Pf3D7_07_v3-404325-404590-1B","GAAACACAAGAAGAAAATTCTATCATATTTAATCTTGTCTTAATTAGTGCCTTAATTGTAAGAAAACAAAATATATAAATAAATAAATATATATATATATATATATATATATTGTAATATTTAATATATATTAACACTTAAACTTTGTTTTTATTATATTAATTTATATTCTTTATCATTTTTTTTTTTTTTTCCTTCTTTTTTTT","Pf3D7_07_v3-404325-404590-1B.1005","71+40N176+19N195T197C198+8N",17,1,1
"IM-23-122-YNLT","8039832366","Maziba","Pf3D7_11_v3-1375807-1376056-1A","TCGTTATGTACCCTAATAAATTTTTTTTCATTATTTGAATCTATATTATTTACATTAGTATTTTGAGTTGTACCATAAATTTCAGTGTTATTATTATTTCTATTCATATAATTATGTCCGCTTATATAATTATGACCATTAAAAAAATGTCTTCCATGTATATCATCTCTTCTAATGTATTTA","Pf3D7_11_v3-1375807-1376056-1A.2","20+10N140+9N",119,0.664804469273743,4
"IM-23-122-YNLT","8039832366","Maziba","Pf3D7_11_v3-1934962-1935236-1A","TGATGTGCCAATATTAAGGATACATTTTCTAAAGCTTCTATCAGATAATGAAAATTTTTTCTGCGATTTTCATTTAAATCATTAAATATATTGGTTAGTTCTTGTATTGACGTTTTTGGATCTAAGGATGTAATTTGTTCATTTAATTCTTCTGTATATTCTAGATTAAAGTTTAAATTATTAAAATAACCTTCAGCATTATTTTCATTTTT","Pf3D7_11_v3-1934962-1935236-1A.1","54+10N98G",99,1,1
"IM-23-122-YNLT","8039832366","Maziba","Pf3D7_13_v3-2780346-2780575-1B","GTTGGATAGAATGCCCGACTACGGATCGGGAGGTCGTGGGTTCGACTCCTGCCCGGCCTAATTTTTTTCGTTTTCCTTTTTAAAGTAAAAAAGGATAATATTTTTAAAAAACATTTAGTATATATATTTTTTTTAAATAATAAATCTATTATATTATTAAATATTATGAGAAGA","Pf3D7_13_v3-2780346-2780575-1B.2","61+9N76C86+8N105+8N126+10N",657,0.934566145092461,2
"IM-23-122-YNLT","8039832366","Maziba","Pf3D7_09_v3-1015103-1015350-1A","ATTATTTAATTTTTCATCTTTTATATTTTTCAGATTTTTTATATGAAGATGTAGGAATACAACTAAATTAACAGCTGAAAATAATCTTACTAACAAAAATAATTTGAGGAATTCTTCATCATATAAATCTTTTGGAATATTATTTGTGTATTCATAAATTTCTATTAAGGATATAATAGTTATGA","Pf3D7_09_v3-1015103-1015350-1A.3","34+8N51G",6,0.0285714285714286,2
"IM-23-122-YNLT","8039832366","Maziba","Pf3D7_13_v3-1876391-1876664-1A","AACTATCTGTAAAAGTATGTTTAGAACTAACATTTGAAGAGAAGTTACATCCGTGTATGACTTTTTTTTCATATTTTGGTTTTAAAACTATTTTATAATTATTATTTTTAAATTTGCATGTACATTCTGTATTAACATCTTTTGATGTAACATAAAATGGAGCTTTAAAGATAGTTAACTTTTCATGATAAATTATTTTATTACTTTTATATA","Pf3D7_13_v3-1876391-1876664-1A.2","61+10N179C184C",488,0.943907156673114,2
"IM-23-122-YNLT","8039832366","Maziba","Pf3D7_12_v3-857050-857323-1A","ATATAATTTTAAGATGTCCTATCAAGACGTTCAGGAAAAAAAAAATGAAGATATAAATTATGATGAAATAGCTAGCAGCATGCTAGAGAAGATGGACAAACATATAAATGGAGAAAAACAACCAACGATACATTATGAAAATTTAAATGTACAAGAGCAAGGGGGAGCACATGCTTATTACTCAAATCAAGATATAAATAACATAAATA","Pf3D7_12_v3-857050-857323-1A.2","35+12N162G",397,0.980246913580247,2
"IM-23-122-YNLT","8039832366","Maziba","Pf3D7_03_v3-855426-855697-1A","GTTATTTCAGTATGAGTTTCAACAGTTAATACTACTTCAGGATATGGATTGATACTTAACGTATGTACTCTCAATAATCTAGTATCAAATATATATGAAAATGTATACTCAGGAAAACATATAGTAGATAATCCATTATTATTCTCTATACATATTTTACTTATAGCTATATAATCGTAATTATCTTCTATTACTATTGGTTCTGTG","Pf3D7_03_v3-855426-855697-1A.1","32C",177,0.388157894736842,2
"IM-23-122-YNLT","8039832366","Maziba","Pf3D7_07_v3-1149367-1149613-1A","TATTTGACTAGTCGAATAATATTTAATATTTTTGTTTAGGAAGTTTTCAAAATTGATGACATTGATAACCGTTTTTATTAAATCGCTTGGGTTGTTTGTGTGTTCTATAGTAGAAGACATAATTTTAAGAATGTGTTTTTGTGTTATTAAACAAAACTTTGTTACTATATGGAATCGTATGTTAT","Pf3D7_07_v3-1149367-1149613-1A.1","106T109A",2613,1,1
"IM-23-122-YNLT","8039832366","Maziba","Pf3D7_13_v3-1465616-1465890-1A","TCTTGTGGATTATTATCTATTATATTTTCTTTTGGTTCTTCGACAGCAAAATTATCTCCTCTTGGTCTAGGTTGATCATCTTCGGGTTCATGTGGAACATCTAATGGTTCCCGTTTTGGAGGACATCTTTCTTCTTCACATTGTTCTTGTAATTCACTTGTACATCCTTCGTGTAAGATTTCTCTTTTTCTTGACCTGGTACCTTTACCACAAGTTACACTACATGGAGA","Pf3D7_13_v3-1465616-1465890-1A.31","30T38C92G121G",1,0.000866551126516464,6
"IM-23-122-YNLT","8039832366","Maziba","Pf3D7_11_v3-1375807-1376056-1A","TCGTTATGTACCCTAATAAATTTTTTTTCATTATTTGAATCTATATTATTTACATTAGTATTTTGAGTTGTACCATAAATTTCAGTGTTATTATTATTTCTATTCATATAATTATGTCCGCTTATATAATTATGACCATTAAAAAAACGTCTTCCATGTATATCATCTCTTCTAATGTATTTA","Pf3D7_11_v3-1375807-1376056-1A.1","20+10N140+9N",1,0.00558659217877095,4
"IM-23-122-YNLT","8039832366","Maziba","Pf3D7_14_v3-2004362-2004606-1A","TATTTCCATATTATTGTAATAGGGCTTTTTCTTGCTCTTCTAATTTTTGTATATCTTGCTTATCCTTATCTAATTGTCCAAGAGCATTTAATTCATCATCTACATTTATTTTATTTTCTTGAGAATATTCTTCAATTTTGTCTTCGAAACTGTTATATAATCTATTTATAATTGGTTG","Pf3D7_14_v3-2004362-2004606-1A.3","98A",238,0.34593023255814,3
"IM-23-122-YNLT","8039832366","Maziba","Pf3D7_14_v3-3125801-3126073-1A","ATTCTTATAATATTTAAGAATGAAGGGATTAAATATTTACATTTTAGCGACGATACTCTGAAATATGTTAATTTTAATTATCCTGATTTTAACTTATATAAATGTATGAATTTATATAAGAAAAATTATGTTGATAGGGATGAGAAAGATATCTGTGATTTTTCAAATGAAGATTTTCCGTTAATAAAAGAAAATAACAAGAGAATCAG","Pf3D7_14_v3-3125801-3126073-1A.1","51C",205,0.985576923076923,2
"IM-23-122-YNLT","8039832366","Maziba","Pf3D7_13_v3-1350855-1351093-1A","TCTTTTATATTAGTTGTTTCGTTATTTTCATTATGTTCCATATTTTGGTTATTTGTATATTTTATATTTTTTAAAAATTGGTAAATATATTCAGAGATGAAAGGTGTAAAAGGGGCCATAATTATTGTAAACAAATATAATGTTCTACATAAAACATTTAATGATTGGTGAGT","Pf3D7_13_v3-1350855-1351093-1A.2","66+8N93A",1553,0.9310551558753,2
"IM-23-122-YNLT","8039832366","Maziba","Pf3D7_14_v3-2481033-2481276-1B","CCATGTGGATAAAGACAGTAGAGAGCAATTCGAAATAAAACAGTACTCTTGCAAATTAGATATTTTTTTGAACTCATCTGTTCCTATAAAAAATTCTGAATGTAAGCAGAATAAATTATACACAAAAGAATATATATTCATTTTTATTTATTCACTTTATATATGTTTGTA","Pf3D7_14_v3-2481033-2481276-1B.1","62+9N87+8N172D=TGTATGTA",874,1,1
"IM-23-122-YNLT","8039832366","Maziba","Pf3D7_13_v3-1726174-1726408-2","TTTCTAATTCTTTGTACAATCGTACTCTTTCCATTTCTAGTTCTTTCTTATCTTTAAATAATTTATCTTTTTCTCGAATAAAATTCATTTGTGTCTTTTTTAACCAATTAATAAATGTAATTCTTAAATCACCTACCATATTTTCAAAATCACTAGCATCACTTAAT","Pf3D7_13_v3-1726174-1726408-2.1","95+8N",3030,1,1
"IM-23-122-YNLT","8039832366","Maziba","Pf3D7_01_v3-162867-163115-1A","ATATACCAATAATACTTTTTTTTTTAAATAATGTAAAAAATGATTTATATAATTGTTATAAACAAATGATCACATATCATAATAATAATATCCTAAATCATAACTCTAATATTTTATCAAAAGAAAATGAAAAAAAACAACCTTTTTCAACATATAATATATCAAATCTTTGTTCTCCTGACCAAATGGTGATAAATAAAAA","Pf3D7_01_v3-162867-163115-1A.1","15+12N34+8N129+10N",9,0.00804289544235925,4
"IM-23-122-YNLT","8039832366","Maziba","Pf3D7_07_v3-405517-405773-2","TTTTCTACCATGACATATACTATTGTTAGTTGTATACAAGGTCCAGCAATAGCAATTGCTTATTACTTTAAATTCTTAGCCGTAAGAATTAAAAAGATATAAATATATAAATATATATGTGAAATATATGATATATATGATATATATTTTTTATATGTAATGTTTTTTTTTTTTTCACAATATACATTTAA","Pf3D7_07_v3-405517-405773-2.8","97+57N162+16N",13,0.185714285714286,2
"IM-23-122-YNLT","8039832366","Maziba","Pf3D7_04_v3-1083299-1083563-2","ATACACTTTCCATATGTAGAGGACTTATGATATATAGAATTATAAGATAAATGTTTATAATAATCTAAAAAAGTATAATGAGGTATTATAACAAAATCCAAATGTCCTTCTTTTTCTTGTAAAATATCAATAGAATTTGCAATGTTATAATTTGATAACTCTTTAAAATGATATTGTAAAAAATTAACATTTTTATA","Pf3D7_04_v3-1083299-1083563-2.1","66+8N177+8N",10,0.0136798905608755,2
"IM-23-122-YNLT","8039832366","Maziba","Pf3D7_14_v3-120101-120365-1A","TTTTACAACATTATTTTTTTCTTCCTCCTCAGATAAAATAGGTACACATATCGCGTCCTTATCACATCCTCCATTGTTTACCTTACAATGTTCTTCGCATTCGAAATTTTTTTCAGGATTACTTGAAAAGCCTTCTGGACAATTACAATATTCATATCCATGAGCATTCTTACAAACACCTTTTCCACAATTTAAAA","Pf3D7_14_v3-120101-120365-1A.1","13+9N106+9N165C",185,0.344506517690875,3
"IM-23-122-YNLT","8039832366","Maziba","Pf3D7_09_v3-1406342-1406614-1A","TCTCAGATTATCATAGTGTTGTGGATGAAGATTTAATTAATTTTAATGATGATGTTACTTTAGAAACACAATCCATGATAGCACACGGAGGGTCTTTGTCAGAAATAGAAGAAACTGAAGATTTATCTTCAGATGTTGATAGATTACTTTCATCAATCGAAACTACTCCAAGAGATGATGTTGTATATATACGAGGTGATATTATATT","Pf3D7_09_v3-1406342-1406614-1A.3","118A148T204A",1333,1,1
"IM-23-122-YNLT","8039832366","Maziba","Pf3D7_08_v3-1176313-1176549-1A","TACATCCAATGAATATTTTACACTTAAAAGAAATAAACAAATTATTCATAATAAAATACATATACTCTCTATGCAAAAAAATAAACAAAATACAAACGAGCTAAACAAATCATGTAATATTAACGCCATCATATTTAATATTAATTCTGATGATTTTGAGGTAGGCGATGAAATTGT","Pf3D7_08_v3-1176313-1176549-1A.4","67C74+9N",1890,0.921052631578947,3
"IM-23-122-YNLT","8039832366","Maziba","Pf3D7_08_v3-1176313-1176549-1A","TACATCCAATGAATATTTTACACTTAAAAGAAATAAACAAATTATTCATAATAAAATACATATACTTTCTATGCAAAAAAATAAACAAAATACAAACGAGCTAAACAAATCATGTAATATTAACGCCATCATATTTAATATTAATTCTGATGATTTTGAGGTAGGCGATGAAATTGT","Pf3D7_08_v3-1176313-1176549-1A.3","74+9N",19,0.00925925925925926,3
"IM-23-122-YNLT","8039832366","Maziba","Pf3D7_03_v3-891553-891827-1A","CAAGAGCTAAGAAAACATATAGAATCATCATAAGGATGTTGATAATATAAATGTGTTTTTATTTGTGTATTTATGTCAGAATATTGTTCCTTCGATTTATCTTTAAAATAATCAAGATTATTTATGTTGGTGGCTTTATTATTATTAAAATAATTTTGATTTGTTACATGATGACTATGGGTATATTTGTATTTTACGTTTTTATTA","Pf3D7_03_v3-891553-891827-1A.1","93C116G178T",131,0.349333333333333,3
"IM-23-122-YNLT","8039832366","Maziba","Pf3D7_11_v3-1374917-1375148-1A","TTTTTAAATGAAAATCTCCAAAGCTTCTGGTTGGTTGTAATCTACCTTTAACATAACAATTATCATAATGATGTGATAAGAGATGAAAAGGTGTTTTACATAATTTATATGTATTATTATTATTAACAGTTTTATAATCTCGAGTACATATTTTACATACTAATATA","Pf3D7_11_v3-1374917-1375148-1A.4","106T112+14N",21,0.0128048780487805,2
"IM-23-122-YNLT","8039832366","Maziba","Pf3D7_13_v3-1146764-1147010-1A","AAATTTTCTCCTAAAGTTATGCCTTTGTTAATGAAGGAGAAGAACGTGAAACATAAAGCACCTCCTAAAGGTACTATAAAGCATACGCTAGAATATTTAAAAAGAGCAGCAGAATCAAGAATGAAAGAAAATGAATTATACAAATCAAAAAAAGATAGCACACTTAGTTCAATTGCAATTAGAAAAAATTCC","Pf3D7_13_v3-1146764-1147010-1A.2","64C146+9N182+8N",1393,0.929906542056075,2
"IM-23-122-YNLT","8039832366","Maziba","Pf3D7_07_v3-403487-403750-2","AGGTTCTTGTCTTGGTAAATGTGCTCATGTGTTTAAACTTATTTTTAAAGAGATTAAGGATAATATTTTTATTTATATTTTAAGTATTATTTATTTAAGTGTATGTGTAATGAATAAAATTTTTGCTAAAAGAACTTTAAACAAAATTGGTAACTATAGTTTTGTAACATCCGAAACTCACAACTTTATTTGTATGATTATGTTCTTT","Pf3D7_07_v3-403487-403750-2.1",".",801,1,1
"IM-23-122-YNLT","8039832366","Maziba","Pf3D7_13_v3-1465616-1465890-1A","TCTTGTGGATTATTATCTATTATATTTTCTTTTGGTTTTTCGACAGCAAAATTATCTCCTCTTGGTCTAGGTTGATCATCTTCGGGTTCATCTGGAACATCTAATGGTTCCCGTTTTGGAGGACATCTTTCTTCTTCACATTGTTCTTGTAATTCACTTGTACATCCTTCGTGTAAGATTTCTCTTTTTCTTGACCTGGTACCTTTACCACAAGTTACACTACATGGAGA","Pf3D7_13_v3-1465616-1465890-1A.51","30T121G",19,0.0164644714038128,6
"IM-23-122-YNLT","8039832366","Maziba","Pf3D7_14_v3-3125801-3126073-1A","ATTCTTATAATATTTAAGAATGAAGGGATTAAATATTTACATTTTAGCGAGGATACTCTGAAATATGTTAATTTTAATTATCCTGATTTTAACTTATATAAATGTATGAATTTATATAAGAAAAATTATGTTGATAGGGATGAGAAAGATATCTGTGATTTTTCAAATGAAGATATTCCGTTAATAAAAGAAAATAACAAGAGAATCAG","Pf3D7_14_v3-3125801-3126073-1A.3","175A",3,0.0144230769230769,2
"IM-23-122-YNLT","8039832366","Maziba","Pf3D7_04_v3-1005938-1006187-1A","GTCTTAACATTAATTCTAGTTACAAAGTTACATGGATTTATTGAAAAGATATTTTCGTCATTATATTTCTTTTTTTCCATATCTGTTTGATCATTTTGATATGTTTTCATATTATCCATATGTTCATTATTTTGATCAATATAATTTTTTTTTATAATAAATTTAGAATTATTTTTAAAGAAA","Pf3D7_04_v3-1005938-1006187-1A.2","15T16C61T69+9N144+11N",186,0.292452830188679,2
"IM-23-122-YNLT","8039832366","Maziba","Pf3D7_14_v3-1166107-1166371-1A","TTTTTGAATTATTAAATATATCTTCTATAAAAAAAGAATATCAAGCTATACATAACAATAAGTATTTTTTATGGAATATGGATGCAGATTTTTTTACTATAAAAAATCATCATAAGGATAATAAGGATAACAATGATGAAAATGTGAATGTAATAATACAACAAAATAATTTAGTTCTCGAAAAATATGATCATTTAATAGA","Pf3D7_14_v3-1166107-1166371-1A.1","28+9N64+8N88+9N100+8N",117,0.378640776699029,3
"IM-23-122-YNLT","8039832366","Maziba","Pf3D7_14_v3-120101-120365-1A","TTTTACAACATTATTTTTTTCTTCCTCCTCAGATAAAATAGGTACACATATCGCGTCCTTATCACATCCTCCATTGTTTACCTTACAATGTTCTTCGCATTCGAAATTTTTTTCAGGATTACTTGAAAAGCCTTCTGGACAATTACAATATTCATATCCATGAACATTCTTACAAACACCTTTTCCACAATTTAAAA","Pf3D7_14_v3-120101-120365-1A.3","13+9N106+9N164A165C",24,0.0446927374301676,3
"IM-23-122-YNLT","8039832366","Maziba","Pf3D7_11_v3-1816152-1816378-1A","TTGGGTAGATATCGTTATAAGGGCTATAATGTATTGACTTCTCCGGGTTTGTTACATTATCATTACAACCAATATTATTAAGGTTCATATTATTTTTATCATTATTATTGTTGTTTTCATTTGTGTGGTTATATAATAACAATGATGTGTCGTCTATTGGATCATT","Pf3D7_11_v3-1816152-1816378-1A.4","50T86C90T",45,0.0120385232744783,2
"IM-23-122-YNLT","8039832366","Maziba","Pf3D7_04_v3-1083299-1083563-2","ATATACTTTCCATATGTAGAGGACTTATGATATATAGAATTATAAGATAAATGTTTATAATAATCTAAAAAAGTATAATGAGGTATTATAACAAAATCCAAATGTCCTTCTTTTTCTTGTAAAATATCAATAGAATTTGCAATGTTATAATTTGATAACTCTTTAAAATGATATTGTAAAAAATTAACATTTTTATA","Pf3D7_04_v3-1083299-1083563-2.2","4T66+8N177+8N",721,0.986320109439125,2
"IM-23-122-YNLT","8039832366","Maziba","Pf3D7_01_v3-181512-181761-1A","TTCACTATTGTTTTCATTCTTTTTTTAACTAAAACTATTCATCTCAAAAATATAAGATATTTTATATGACGAATGCCATTGTATTTTTTGTTACGTAAAACCTGACTTCTTCAGGGAAAACACATGCGCATTTTCACCAATTTTTGCCTAAGCTTATTATAAAAAGTATATTAAATGTATGAC","Pf3D7_01_v3-181512-181761-1A.37","5C19+9N30T83+8N114G",22,0.017515923566879,4
"IM-23-122-YNLT","8039832366","Maziba","Pf3D7_07_v3-1066661-1066903-1A","TATAGTTTTGTAATTTATTGGTATGTGTTGTTAAAGGAGAATTTTTTTAATATCCCTTGTCATGGGCAAAATGAGAAAAAAGAAATAAAAAACTTTTATGTTCAACATGAAGATATTTGTGAACACACTATTGGTAATCATATGTTAGGTGATAAATTAAAAATGTGTACATCTAATATTAATG","Pf3D7_07_v3-1066661-1066903-1A.1","4A41+9N75+8N86+8N",133,0.0544635544635545,3
"IM-23-122-YNLT","8039832366","Maziba","Pf3D7_13_v3-1004740-1005002-1A","TTACATCGTAAAAATAATTTAAAATATTATATATATTATCTTTTCCTTTTGGGGGGTCTCTTTTCTTTATATATATATTTACATTTCTCTTCATTTTATTACATGATAAATTAATATTTAATGTACTAATATATATATTATTAATTTTTATTTTCTTCTTCTTTTTTATATTAAAACAAAATGAAGATTCCTTAA","Pf3D7_13_v3-1004740-1005002-1A.5","50+8N161+8N191C",30,0.9375,2
"IM-23-122-YNLT","8039832366","Maziba","Pf3D7_11_v3-1374917-1375148-1A","TTTTTAAATGAAAATCTCCAAAGCTTCTGGTTGGTTGTAATCTACCTTTAACATAACAATTATCATAATGATGTGATAAGAGATGAAAAGGTGTTTTACATAATTCATATGTATTATTATTATTAACAGTTTTATAATCTCGAGTACATATTTTACATACTAATATA","Pf3D7_11_v3-1374917-1375148-1A.1","112+14N",1619,0.98719512195122,2
"IM-23-122-YNLT","8039832366","Maziba","Pf3D7_14_v3-3124416-3124655-1A","TAATTGATCTTCTAGAGGATTTAGATATTTTGTCTATATCGAATAAAGATGAAGTAGAAAAACGAAGAAAGAAAACAACTCAAGAGACGCGGTTGTTAGGAAATATTGATTTAGGATATGGAAAATTAGGAGAGGGAATAAAGTATGAAAATTTACAGGAAGAATTAGGAAACAGATTATTTG","Pf3D7_14_v3-3124416-3124655-1A.6","20T72A144T",9,0.00274641440341776,3
"IM-23-122-YNLT","8039832366","Maziba","Pf3D7_12_v3-63081-63314-1A","TTTCCGTCATAATAGTTGCATACATTCTATTAAAAACTTTGGGTACTCCTAATATAATTTCACCTTTTGAATTACATATGTCTGTATTCAAAAATTTTATATCTCTACTCCATATATTTATCTTTACACCCAAAAACAAAGCAATGAAAAAAACAACCCTTTCATA","Pf3D7_12_v3-63081-63314-1A.1","146+9N",1370,0.943526170798898,2
"IM-23-122-YNLT","8039832366","Maziba","Pf3D7_12_v3-63081-63314-1A","TTTCCGTCATAATAGTTGCATACATTCTATTAAAAACTTTGGGTACTCCTAATATAATTTCACCTTTTGAATTACATATGTCTGTATTCAAAAATTTTATATCTCTACTCCATATATTTATCTTTACATCCAAAAACAAAGCAATGAAAAAAACAACCCTTTCATA","Pf3D7_12_v3-63081-63314-1A.6","129T146+9N",82,0.0564738292011019,2
"IM-23-122-YNLT","8039832366","Maziba","Pf3D7_07_v3-729480-729750-1A","TGAATGTTCAGAAATTTTATATCACTTAAATCGTTTGAGTGCGTTAGATCAAATATTGTTGAAAGATAAAATAAGTATATATGAGTATCAGCTAAAGGACACGTTTTTAACAACGTATGATATAGGTTGTTTATTAAAAATAGCTCAAGTGTTGAATGAACAAAATTATTATGATAACATTCCATTTTTGCATATATTTTTATATAACATACATAA","Pf3D7_07_v3-729480-729750-1A.2",".",40,0.091324200913242,2
"IM-23-122-YNLT","8039832366","Maziba","Pf3D7_12_v3-659881-660127-1A","GGTGGTTTAACATTTTCAGCTATGAGTTTTTCGACTGATGGCAATCCTACTTTGATTAATTCCTTTAACATAAGTTTTGCGTGTTTTTTTACTTCTGATTTGATATCAAAGCTTGATTCTAAAAAGGTTGGTGAATTTTTTTGTAAAACACTGACAAGTTCATTTGATATGGTCTCTGCTAAATCATCACCA","Pf3D7_12_v3-659881-660127-1A.21","23T27T35C73A74G83+9N135+9N",758,0.600158353127474,3
"IM-23-122-YNLT","8039832366","Maziba","Pf3D7_04_v3-648065-648332-1A","TATGACTTCTGATTCAGTTTTGTTAAGATATATACCAAGAGATCTTAACAAATATAATAATTTTTCACCACTAACTCCATCTTTATTAGTATCGTATTCTTTAAATATTGATTCAATCTCAGCTCTCTTAAAGAAAACAAATATATATACATATATATATGTATTTATATGAATTTGTATCAATAAATAATAACATTCTTA","Pf3D7_04_v3-648065-648332-1A.1","141+30N",342,1,1
"IM-23-122-YNLT","8039832366","Maziba","Pf3D7_13_v3-2780346-2780575-1B","GTTGGATAGAATGCCCGACTACGGATCGGGAGGTCGTGGGTTCGACTCCTGCCCGGCCTAATTTTTTTCGTTTTCGTTTTTAAAGTAAAAAAGGATAATATTTTTAAAAAACATTTAGTATATATATTTTTTTTAAATAATAAATCTATTATATTATTAAATATTATGAGAAGA","Pf3D7_13_v3-2780346-2780575-1B.1","61+9N86+8N105+8N126+10N",46,0.0654338549075391,2
"IM-23-122-YNLT","8039832366","Maziba","Pf3D7_12_v3-857050-857323-1A","ATATAATTTTAAGATGTCCTATCAAGACGTTCAGGAAAAAAAAAATGAAGATATAAATTATGATGAAATAGCTAGCAGCATGCTAGAGAAGATGGACAAACATATAAATGGAGAAAAACAACCAACGATACATTATGAAAATTTAAATGTACAAGAGCAAGAGGGAGCACATGCTTATTACTCAAATCAAGATATAAATAACATAAATA","Pf3D7_12_v3-857050-857323-1A.1","35+12N",8,0.0197530864197531,2
"IM-23-122-YNLT","8039832366","Maziba","Pf3D7_14_v3-2695837-2696082-1A","CGTTTTGTATCATATTATTAGATATAGTTATTTTATTATTATTTTCTACATTGTTATTCAATATATTACATCCTGTTATGGAATTATTGTTAAAATATAAATTATTCGAATTGTTATTATTAAATTCTAATCCACTAACTGCTGTTGTATATAATGATGATGAGTTATTATTATAGAAATC","Pf3D7_14_v3-2695837-2696082-1A.1","28+16N",273,0.319672131147541,4
"IM-23-122-YNLT","8039832366","Maziba","Pf3D7_04_v3-109939-110184-1A","CAACATCTGAATTATATAAATCTTTAGAAAAACAACTAATATCCTTACTCCATATATTTATTTTTATACCAAGAATAACAGCCATATAAACCAAAACTCTCTCAAATACATGTGATACAGGTAAATAAGAAAAATGGGTTTTCGGTTTCATGTTTTTTATTACATTATGATCACATAATGGTGCTACT","Pf3D7_04_v3-109939-110184-1A.1","51C152+8N",23,0.0259009009009009,2
"IM-23-122-YNLT","8039832366","Maziba","Pf3D7_13_v3-1004740-1005002-1A","TTACATCGTAAAAATAATTTAAAATATTATATATATTATCTTTTCCTTTTCGGGGGTCTCTTTTCTTTATATATATATTTACATTTCTCTTCATTTTATTACATGATAAATTAATATTTAATGTACTAATATATATATTATTAATTTTTATTTTCTTCTTCTTTTTTATATTAAAACAAAATGAAGATTCCTTAA","Pf3D7_13_v3-1004740-1005002-1A.11","50+8N161+8N191C",2,0.0625,2
"IM-23-122-YNLT","8039832366","Maziba","Pf3D7_07_v3-1066661-1066903-1A","TATGGTTTTGTAATTTATTGGTATGTGTTGTTAAAGGAGAATTTTTTTAATATCCCTTGTCATGGGCAAAATGAGAAAAAAGAAATAAAAAACTTTTATGTTCAACATGAAGATATTTGTGAACACACTATTGGTAATCATATGTTAGGTGATAAATTAAAAATGTGTACATCTAATATTAATG","Pf3D7_07_v3-1066661-1066903-1A.2","41+9N75+8N86+8N",2297,0.940622440622441,3
"IM-23-122-YNLT","8039832366","Maziba","Pf3D7_14_v3-3124416-3124655-1A","TAATTGATCTTCTAGAGGAATTAGATATTTTGTCTATATCGAATAAAGATGAAGTAGAAAAACGAAGAAAGGAAACAACTCAAGAGACGCGGTTGTTAGGAAATATTGATTTAGGATATGGAAAATTAGGAGAGGGAATAAAGCATGAAAATTTACAGGAAGAATTAGGAAACAGATTATTTG","Pf3D7_14_v3-3124416-3124655-1A.1",".",3106,0.947818126335063,3
"IM-23-122-YNLT","8039832366","Maziba","Pf3D7_13_v3-1041593-1041860-1AB","CAAGATTGAAGTATTACATATCTCAGAAATTAAATGTATGCCCAAGAGATGTAAATGCACACATTGTAGGTGCTCATGGAAATAAAATGGTTCTTTTAAAAAGATACATTACTGTAGGTGGTATCCCTTTACAAGAATTTATTAATAACAAGTTAATTTCTGATGCTGAATTAGAAGCTATATTTGATAGAACTGTTAATACT","Pf3D7_13_v3-1041593-1041860-1AB.1",".",829,1,1
"IM-23-122-YNLT","8039832366","Maziba","Pf3D7_14_v3-279563-279833-1A","CATTTTTCTTTTAAATGAGAGCAATATATTTCTTAGGTTTATTCCGGATAAATGTTTAGTTATTAGCCAGGTGAGTTATAGTGATTCATATAAGGTAAATTGTATTAATTTCTCTGAAGGATTTTGTTGCTGTCATCCAATAAATAATTTAGCACTATTATATGGAGAGTATCAACAAAATCAAGAATCAAACATTATGAAATTACCG","Pf3D7_14_v3-279563-279833-1A.4","77T193C",5,0.0118764845605701,3
"IM-23-122-YNLT","8039832366","Maziba","Pf3D7_14_v3-2858894-2859160-1A","ATAGATTTTAATGACATAAAAAACACAACAAATGAGTATAATAATTTTGAGGAACATAATTATCAAGATGATAAATTTATATTTAATAAAGATATACATAATATTCTTTTAGAATTAAAGGAATCATTAAATGACATATCACGTGGAAGACTAAATACATTGATAAGAGATAATAAAATAAGTAGTTATATAATATATCA","Pf3D7_14_v3-2858894-2859160-1A.2","15C17+8N28A188A",237,0.353731343283582,2
"IM-23-122-YNLT","8039832366","Maziba","Pf3D7_13_v3-1265494-1265726-1A","TGTCATATACAGATTATAAAAATGATCATAGAATAAGCGAAATTTTAAATCGTTGTATTTTACGATTAAACGAGTTTGATCTAATTCATTTATCTTCTTTGGTCATATCTTTAAGTAAAATGAATTTTAGGAGTGTGTATTTTATGGAACAAGTACAAAAGAAATT","Pf3D7_13_v3-1265494-1265726-1A.4","44T144A",2295,0.947955390334573,2
"IM-23-122-YNLT","8039832366","Maziba","Pf3D7_14_v3-106867-107115-1A","AATGACATGAACAAGTCAGGCGAAAAAGAGGAACATGTTATAAATAGTAAATGGAAAAATAAATTTTTCCATGAAGTTATACAAAATATGTTATATGATGATAATATAAATGATCATAAAGAAGAAATTAAGGAAGATAATTCTAATGAATATAATATCAATAATAAAAATGATAATTTATATGATATA","Pf3D7_14_v3-106867-107115-1A.2","120A",233,0.605194805194805,2
"IM-23-122-YNLT","8039832366","Maziba","Pf3D7_14_v3-1166107-1166371-1A","TTTTTGAATTATTAAATATATCTTCTATAAAAAAAGAATATCAAGCTATACATAACAATAAGTATTTTTTATGGAATATGGATGCAAATTTTTTTACTATAAAAAATCATCATAAGGATAATAAGGATAACAATGATGAAAATGTGAATGTAATAATACAACAAAATAATTTAGTTCTAGAAAAATATGATCATTTAATAGA","Pf3D7_14_v3-1166107-1166371-1A.3","28+9N64+8N87A88+9N100+8N179A",176,0.56957928802589,3
"IM-23-122-YNLT","8039832366","Maziba","Pf3D7_12_v3-684011-684240-1A","ACCTAATGTTGGTAAGTCTACCATTTTTAATCGACTAACTCGAAAATATCAAGATGGTAGTATTGTTTTAGATGATAGTAGTACGAGAGATAAACTTTATGGAGAAGTTGAGTGGGAAGGATATAAATTTGAACTTGTGGATACAGGAGGTTTAGTTTTTGA","Pf3D7_12_v3-684011-684240-1A.6","75A",573,0.350244498777506,3
"IM-23-122-YNLT","8039832366","Maziba","Pf3D7_05_v3-668763-669004-1A","TAATATTATCTGGCTCTGTAACCATGTCCGAACATATGTTAACAGGAGAATCTGTTCCTATACATAAAGAGCAGTTACCTTTTGAAGGAAATGCTATTATAAATAAAAATAATAAATATGACAGTAACGATGAAAAGGATGATTACCTTCGTATTTATAATAATCATGCTAGTATTAATATGATCAAGCG","Pf3D7_05_v3-668763-669004-1A.6","122C",3,0.00153374233128834,4
"IM-23-122-YNLT","8039832366","Maziba","Pf3D7_05_v3-668763-669004-1A","TAATATTATCTGGCTCTGTAACCATGTCCGAACATATGTTAACAGGAGAATCTGTTCCTATACATAAAGAGCAGTTACCTTTTGAAGGAAATGCTATTATAAATAAAAATAATAAATATGAGAGTAACGATGAAAAGGATGATTACCTTCGTATTTATAATAATCATGCTAGTATTAATATGATCAACCG","Pf3D7_05_v3-668763-669004-1A.5","188C",2,0.00102249488752556,4
"IM-23-122-YNLT","8039832366","Maziba","Pf3D7_03_v3-85507-85756-1A","TATCATTTAAATTCTCTTTTTCCACAGCTCCAGCATTTTTATTTATATCATCTACAACTACATCTTCCTTCACATAATTATTTATATAAAAATTATTATCATCTAAAGCATCTGAAAATTCTTCATTTAATACTTCTTCATCTACATTAAATGTTTTCGTTCTTTCATCATCTAATAAA","Pf3D7_03_v3-85507-85756-1A.1","144D=TCT",532,1,1
"IM-23-122-YNLT","8039832366","Maziba","Pf3D7_03_v3-855426-855697-1A","GTTATTTCAGTATGAGTTTCAACAGTTAATAATACTTCAGGATATGGATTGATACTTAACGTATGTACTCTCAATAATCTAGTATCAAATATATATGAAAATGTATACTCAGGAAAACATATAGTAGATAATCCATTATTATTCTCTATACATATTTTACTTATAGCTATATAATCGTAATTATCTTCTATTACTATTGGTTCTGTG","Pf3D7_03_v3-855426-855697-1A.3",".",279,0.611842105263158,2
"IM-23-122-YNLT","8039832366","Maziba","Pf3D7_03_v3-891553-891827-1A","CAAGAGCTAAGAAAACATATAGAATCATCATAAGGATGTTGATAATATAAATGTGTTTTTATTTGTGTATTTATGTCAGAATATTGTTCCTTCGATTTATCTTTAAAATAATCAAGATTATTTATGTTGGTGGCTTTATTATTATTAAAATAATTTTGATTTGTTACATGATGACTAGGGGTATATTTGTATTTTACGTTTTTATTA","Pf3D7_03_v3-891553-891827-1A.7","93C116G",233,0.621333333333333,3
"IM-23-122-YNLT","8039832366","Maziba","Pf3D7_04_v3-140317-140548-1A","TCGGGACAATATTATAAGGATTTTATCACATCAAGGAAAAATATTTATAATATAAGGGAAAATATATCCAAAAATGTAGATATGATAAAAAATGAAGAAAAGAAGAAAATACAGAATTGTGTAGATAAATATAATTCTATAAAACAATATGTAAAAATGCTTAAA","Pf3D7_04_v3-140317-140548-1A.1","86+8N",2220,1,1
"IM-23-122-YNLT","8039832366","Maziba","Pf3D7_11_v3-1295103-1295335-1A","ACTACTGCTTTGTCCCATCCCAACGAAGTTGAACACAATTTTCCATGTTCATTATATAAAGATGAAATAAAGAAAGAAATCGAAAGAGAATCAAAACGAATTAAATTAAATGATAATGATGATGAAGGGAATAAAAAAATTATAGCTCCAAGAATTTTTATTTCAGATGATAAA","Pf3D7_11_v3-1295103-1295335-1A.4","23A34C71A132+9N",1505,0.647311827956989,3
"IM-23-122-YNLT","8039832366","Maziba","Pf3D7_07_v3-403479-403716-1B","TTAGGTGGAGGTTCTTGTCTTGGTAAATGTGCTCATGTGTTTAAACTTATTTTTAAAGAGATTAAGGATAATATTTTTATTTATATTTTAAGTATTATTTATTTAAGTGTATGTGTAATGAATAAAATTTTTGCTAAAAGAACTTTAAACAAAATTGGTAACTATAGTTTTGTAACATCCGA","Pf3D7_07_v3-403479-403716-1B.1",".",1301,1,1
"IM-23-122-YNLT","8039832366","Maziba","Pf3D7_11_v3-1295103-1295335-1A","ACTACTGCTTTGTCCCATCCCAACGAAGTTGAACACAATTTTCCATGTTCATTATATAAAGATGAAATAAAGAAAGAAATCGAAAGAGAATCAAAACGAATTAAATTAAATGATAATGATGATGAAGGGAATAAAAAAATTATAGCTCCAAGAATTTTTATTTCAGATGATATA","Pf3D7_11_v3-1295103-1295335-1A.2","23A34C71A132+9N173T",183,0.0787096774193548,3
"IM-23-122-YNLT","8039832366","Maziba","Pf3D7_07_v3-403801-404052-1B","TATATATATATATATGTATGTATGTTGATTAATTTGTTTATATATTTATATTTATTTCTTATGACCTTTTTAGGAACGACACCGAAGCTTTAATTTACAATTTTTTGCTATATCCATGTTAGATGCCTGTTCAGTCATTTTGGCCTTCATAGGTCT","Pf3D7_07_v3-403801-404052-1B.4","1+45N130+8N",94,1,1
"IM-23-122-YNLT","8039832366","Maziba","Pf3D7_11_v3-1295371-1295597-1A","AAGTAACATCAAATAATGAAGTTGTAGTTAAAGAAGAATATAAAGATGAATATGCAGATATTCCTGAACATAAACCAACTTATGATAAAATGAAAATTATAATTGCATCATCAGCTGCTGTCGCTGTATTAGCAACTATTTTAATGGTTTATCTTTATAAAAGAA","Pf3D7_11_v3-1295371-1295597-1A.1",".",3213,1,1
"IM-23-122-YNLT","8039832366","Maziba","Pf3D7_07_v3-405517-405773-2","TTTTCTACCATGACATATACTATTGTTAGTTGTATACAAGGTCCAGCAATAGCAATTGCTTATTACTTTAAATTCTTAGCCGTAAGAATTAAAAAGATATAAATATATAAATATATATATGATATATATCATATATATCATATATATTTTTTATATGTAATTTTTTTTTTTTTTCACAATATACATTTAA","Pf3D7_07_v3-405517-405773-2.17","97+57N162+16N",57,0.814285714285714,2
"IM-23-122-YNLT","8039832366","Maziba","Pf3D7_13_v3-1725887-1726123-2","AAATAGCTCCACCAACATTAATATCAATCATAGTTTCAGTAGCAATATTTGCATCAACAATTTTTTTTTTATCATTCTCAAAATTTTTATATTCTTGATAATATTTTTCTTTTTCTAAATATAATACTAATTTAATTTTATCGATTTCTTGTAAAAATCTTAATCTTTCTTCATCAA","Pf3D7_13_v3-1725887-1726123-2.1","60+12N",105,0.0720164609053498,2
"IM-23-122-YNLT","8039832366","Maziba","Pf3D7_14_v3-3214249-3214516-1A","TAAATAAAAAAGGATTAGATGATTTAATAAAAGATTTGTTAAAATATTTTCCAAAGAATTCAATTAGCGATCGTTTTGAATTGTTAGAATTTAAAATGACGGAGGATTGTTATACAAAAATGTGGTTTGATTTTATGAGTGATTTTGGAATAGCTACAATGAATGAAACCGAACATACTAGATCTTTTTATGGCTTAATCGAA","Pf3D7_14_v3-3214249-3214516-1A.1","5+8N194C",5,0.00332446808510638,3
"IM-23-122-YNLT","8039832366","Maziba","Pf3D7_13_v3-2814583-2814832-2","TCAGTCTTCTAATTCTAGCGATAATGATCCTGCAGTAGTAAGTGGTAGAGAATCTAAAGATGTAAATCTTCATACTTCTGAAAGGATTAAAGAAAATGAAGAAGGTGTGATTAAAACAGATGAAAGTTCAAAAAGTATTGAAATTTCTAAAATACCATCTGACCAAAATAATCATAGTGATTTATCACAG","Pf3D7_13_v3-2814583-2814832-2.2",".",174,0.0468245425188375,2
"IM-23-122-YNLT","8039832366","Maziba","Pf3D7_11_v3-1902041-1902278-2","ATGAAACAAAATGTCCACCTAGATACCCTTTAAAATCAAAAGTTTTTGGAACCTTTGACCAAAAAACAGGAAAATGTAAAAGTCTCATGGACAAAGCATATGAAGTTGGAATTAATAAATTTTCAGTCTGTTTAGAATATTTATTTTTAGTATCACCTAAGGATTTATATAATAGCGGAAG","Pf3D7_11_v3-1902041-1902278-2.1","60+8N",4732,1,1
"IM-23-122-YNLT","8039832366","Maziba","Pf3D7_07_v3-405570-405844-1B","ATAGCAATTGCTTATTACTTTAAATTCTTAGCCGTAAGAATTAAAAAGATATAAATATATAAATATATATGTGAAATATATGATATATATGATATATATTTTTTATATGTAATGTTTTTTTTTTTTTCACAATATACATTTAAATGTTTATGATGGTACAACGTATCATATTTTATAATAATTTTATGCATTCATGTATATTATTTTTACTTTTT","Pf3D7_07_v3-405570-405844-1B.4","49+57N114+16N",6,0.0483870967741935,3
"IM-23-122-YNLT","8039832366","Maziba","Pf3D7_11_v3-2001725-2001999-2","AGATGTAAGAACTAAGAATGTAAATACAAGTAAGAGAAATGAAGGACTTAATGATATAAATGAATCAGAAAAAACAAGAACAAGAAGGCCATCAACAAAATCAAATAATAATAATGTGTCATACGAGAATGAATTAGAGAGTGTATCTGAATCGTTTGATAACTTTTTGGAGGATCATATGAAGGAAGGTGTTTTTTTAGATGGGGAAAA","Pf3D7_11_v3-2001725-2001999-2.36","68+8N118G191+9N",46,0.0793103448275862,3
"IM-23-122-YNLT","8039832366","Maziba","Pf3D7_11_v3-1293919-1294168-1A","TCCATATCAAAATAGTAATGTGTATCATCCAATCAACGAACATAGGGAACATCCAAAAGAATACCAATATCCATTACACCAGGAACATACATACCAACAAGAAGATTCAGGAGAAGACGAAAATACATTACAACACGCATATCCAATAGACCACGAAGGTGCTGAACCCGCACCACAAGAACAAAATTTAT","Pf3D7_11_v3-1293919-1294168-1A.16","17A27A65C163T",1,0.00078003120124805,4
"IM-23-122-YNLT","8039832366","Maziba","Pf3D7_12_v3-529495-529767-1A","GCTCCCCAAAAGTTAACTGCTTCATTATTTTTTGGATCCCAAAAACTAACATTCGTTACCCATCCAACATAATCGGTAGATATCCTATATTCATAACTACTACAGAAATATTTATACTCATGGTATACATTTGCATCATTTACATCTACCAAATTAACAGTTTTACACAAATTGTGAATGCCATTCAAGTTATAAAAACCTGTACAT","Pf3D7_12_v3-529495-529767-1A.1","32T",19,0.026536312849162,3
"IM-23-122-YNLT","8039832366","Maziba","Pf3D7_12_v3-529495-529767-1A","GCTCCCCAAAAGTTAACTGCTTCATTATTTTTTGGATCCCAAAAACTAACATTCGTTACCCATCCAACATAATCGGTAGATATCCTATATTCATAACTACTACAGAAATATTTATACTCATGGTATACATTTGCATCATTTACATCTACCAAATTAACAGTTTTACACAAATTGTGAATTCCATTCAAGTTATAAAAACCTGTACAT","Pf3D7_12_v3-529495-529767-1A.7","32T180T",215,0.300279329608939,3
"IM-23-122-YNLT","8039832366","Maziba","Pf3D7_12_v3-1959644-1959891-1A","ATGGGAAGACGATAAGAGAAGAGAAATTAATTTCTGAGGGAGCGTATTCATTTGTTTATATGGCGAAGGATTTAAACACGAATCGAGCTTATACTATAAAGAAGACCATATGTCAAGATAAAGAGAAAATAGATATGGCGAATAAAGAAATCAACATTCTTAAAAGTTTACCTCCACATAAAAATATA","Pf3D7_12_v3-1959644-1959891-1A.2",".",62,0.0629441624365482,2
"IM-23-122-YNLT","8039832366","Maziba","Pf3D7_14_v3-2355614-2355853-1A","ACTTTTCTCGATTCACATTATCCAAACCCATTTAACGAGTATGAAAAATATGACAAACATTATTATGAACTTGAAAATATTTTAAAAAACAAACTTAATGAACATTCCTTAAATTATCAATCTTTGTTAAAAATGAAAAGATTTATAAGTATGAACGATATGGAAAATAATAA","Pf3D7_14_v3-2355614-2355853-1A.1","83+8N",555,0.416979714500376,2
"IM-23-122-YNLT","8039832366","Maziba","Pf3D7_07_v3-729480-729750-1A","TGAATGTTCAGAAATTTTATATCACTTAAATCGTTTGAGTGAGTTAGATCAAATATTGTTGAAAGATAAAATAAGTATATATGAGTATCAGCTAAAGGACACGTTTTTAACAACGTATGATATAGGTTGTTTATTAAAAATAGCTCAAGTGTTGAATGAACAAAATTATTATGATAACATTCCATTTTTGCATATATTTTTATATAACATACATAA","Pf3D7_07_v3-729480-729750-1A.1","42A",398,0.908675799086758,2
"IM-23-122-YNLT","8039832366","Maziba","Pf3D7_14_v3-2695837-2696082-1A","CGTTCTGTATCATATTATTAGATATAGTTATTTTATTATTATTTTCTACATTATTATTCAATATATTACATCCTGTTATGGAATTATTGTTAAAATATAAATTATTCGAATTGTTATTATTAAATTCTAATCCACTAACTGCTGTTGTATATAATGATGATGAGTTATTATTATAGAAATC","Pf3D7_14_v3-2695837-2696082-1A.3","5C28+16N53A",507,0.59367681498829,4
"IM-23-122-YNLT","8039832366","Maziba","Pf3D7_13_v3-2770591-2770863-2","ACACATCGATTTTATCAAAAGGAAATATTCCAAGAAATATTTTTAAAAAAAAATAGTGAGTTAGATGATCACGTATGGAATATAGAAAGTATTACTACGAATATATTAGAGAGGAATAAATTAAGTGATCAAAATAATGAAGATAACCATGATGTTAATAATAATAATGAAGACCCATCTGGGGGTAATTTAAAAACCAATCTAAT","Pf3D7_13_v3-2770591-2770863-2.1","44+11N156+13N",1282,1,1
"IM-23-122-YNLT","8039832366","Maziba","Pf3D7_12_v3-659881-660127-1A","GGTGGTTTAACATTTTGAGCTACGAGATTTTCGACTGATGGCAATCCTAATTTGATTAATTCCTTTAACATAATTTTTGCGTGTTTTTTTACTTCTGATTTGATATCAAAGCTTGATTCTAAAAAGGTTGGTGAATTTTTTTGTAAAACACTGACAAGTTCATTTGATATGGTCTCTGCTAAATCATCACCA","Pf3D7_12_v3-659881-660127-1A.24","17G35C50A73A74T83+9N135+9N",479,0.379255740300871,3
"IM-23-122-YNLT","8039832366","Maziba","Pf3D7_12_v3-684011-684240-1A","ACCTAATGTTGGTAAGTCTACCATTTTTAATCGACTAACTCGAAAATATCAAGATGGTAGTATTGTATTAGATGTTAGTAGTACGAGAGATAAACTTTATGGAGAAGTTGAGTGGGAAGGATATAAATTTGAACTTGTGGATACAGGAGGTTTAGTTTTTGA","Pf3D7_12_v3-684011-684240-1A.1","67A",1023,0.625305623471883,3
"IM-23-122-YNLT","8039832366","Maziba","Pf3D7_14_v3-2695837-2696082-1A","CGTTTTGTATCATATTATTAGATATAGTTATTTTATTATTATTTTCTACATTATTATTCAATATATTACATCCTGTTATGGAATTATTGTTAAAATATAAATTATTCGAATTGTTATTATTAAATTCTAATCCACTAACTGCTGTTGTATATAATGATGATGAGTTATTATTATAGAAATC","Pf3D7_14_v3-2695837-2696082-1A.2","28+16N53A",53,0.0620608899297424,4
"IM-23-122-YNLT","8039832366","Maziba","Pf3D7_14_v3-2733345-2733593-1A","TCGATGTACATGCAGAAAAAATATTGGAACGTTTATTTGTAATTTATTTATGTGTATTAAAAGAATATGAAAAACATCCTCCTAAAATATTAAAATATTCATTACGTGCTATATCGAGATACTCGATGTATATAAATAAATTTATCATGGATGATATATTATTTGAAATTAAAAACCTTGCTGCA","Pf3D7_14_v3-2733345-2733593-1A.2","15+8N116G",823,0.554956169925826,2
"IM-23-122-YNLT","8039832366","Maziba","Pf3D7_14_v3-2733345-2733593-1A","TCGATGTACATGCAGAAAAAATATTGGAACGTTTATTTGTAATTTATTTATGTGTATTAAAAGAATATGAAAAACATCCTCCTAAAATATTAAAATATTCATTACGTGCTATATCTAGATACTCGATGTATATAAATAAATTTATCATGGATGATATATTATTTGAAATTAAAAACCTTGCTGCA","Pf3D7_14_v3-2733345-2733593-1A.1","15+8N",660,0.445043830074174,2
"IM-23-122-YNLT","8039832366","Maziba","Pf3D7_14_v3-279563-279833-1A","CATTTTTCTTTTAAATGAGAGCAATATATTTCTTAGGTTTATTCCGGATAAATGTTTAGTTATTAGCCAGGTGAGTAATAGTGATTCATATAAGGTAAATTGTATTAATTTCTCTGAAGGATTTTGTTGCTGTCATCCAATAAATAATTTAGCACTATTATATGGAGAGTATCAACAAAATCAAGAATCAAAAATTATGAAATTACCG","Pf3D7_14_v3-279563-279833-1A.1",".",249,0.59144893111639,3
"IM-23-122-YNLT","8039832366","Maziba","Pf3D7_08_v3-1099719-1099977-1A","AAAAAATAAAAAATCAAACAAGATAAATAATAATGTATATAATACTAGTGGTATAAAAAATAATGATCAAAATATGGATAATATGAATCAAAAAGGAAAAAGTAACAAAAATTCAAATAAATATAATTTTGATGAAGAGGACTTATGGTTTTTATGTGATTTATGTAATAATCCTATAAGTCCGTTATGTTA","Pf3D7_08_v3-1099719-1099977-1A.1","1+14N54+8N97A142C",30,0.0480769230769231,2
"IM-23-122-YNLT","8039832366","Maziba","Pf3D7_14_v3-279563-279833-1A","CATTTTTCTTTTAAATGAGAGCAATATATTTCTTAGGTTTATTCCGGATAAATGTTTAGTTATTAGCCAGGTGAGTTATAGTGATTCATATAAGGTAAATTGTATTAATTTCTCTGAAGGATTTTGTTGCTGTCATCCAATAAATAATTTAGCACTATTATATGGAGAGTATCAACAAAATCAAGAATCAAAAATTATGAAATTACCG","Pf3D7_14_v3-279563-279833-1A.2","77T",167,0.39667458432304,3
"IM-23-122-YNLT","8039832366","Maziba","Pf3D7_04_v3-141741-141990-1A","TGAATACCATATAGCCCTTTCAAATTATATAAAGACAGAACTAAGAAATATAAACCTGCAAGAAATAAAAAACAATATAATAAAAATATTTAAAGAATTCAAATCTGCACACAAAGAAATTAAAAAAGAATCAGAACAAATTAATAAAGAATTTACCAAAATGGATGTCGTCATAAATCAATTAAGAGATATAG","Pf3D7_04_v3-141741-141990-1A.1","66+8N121+8N",158,0.0752380952380952,3
"IM-23-122-YNLT","8039832366","Maziba","Pf3D7_04_v3-141741-141990-1A","TGAATACCATATAGCCCTTTCAAATTATATAAAGACAGAACTAAGAAATATAAACCTGCAAGAAATAAAAAACAATATAATAAAAATATTTAAAGAATTCCAATCTGCACACAAAGAAATTAAAAAAGAATCAGAACAAATTAATAAAGAATTTACCAAAATGGATGTCGTCATAAATCAATTAAGAGATATAG","Pf3D7_04_v3-141741-141990-1A.6","66+8N101C121+8N",1191,0.567142857142857,3
"IM-23-122-YNLT","8039832366","Maziba","Pf3D7_13_v3-1146764-1147010-1A","AAATTTTCTCCTAAAGTTATGCCTTTGTTAATGAAGGAGAAGAACGTGAAACATAAAGCACCTCCTAAAGGTACTATAAAGCATACGCTAGAATATTTAAAAAGAGCAGGAGAATCAAGAATGAAAGAAAATGAATTATACAAATCAAAAAAAGATAGCACACTTAGTTCAATTGCAATTAGAAAAAATTCC","Pf3D7_13_v3-1146764-1147010-1A.1","64C110G146+9N182+8N",105,0.0700934579439252,2
"IM-23-122-YNLT","8039832366","Maziba","Pf3D7_13_v3-1725464-1725719-1B","ATCATAGTTATTACCACCAAAAACGTATAAGAAATTATTCAATACAGCACTTCCAAAATAAGCTTTTTTGGTAGACATAGGTGTACACATACGCCAGCATTGTTGACTAATATCTAATAATTCCATCGAATTTAAATATTCTACACCATCAAATCCACCTATACAAAATACTAATGGGAATGGTAAAAATTTAATACCA","Pf3D7_13_v3-1725464-1725719-1B.1","63+8N",637,1,1
"IM-23-122-YNLT","8039832366","Maziba","Pf3D7_13_v3-1725887-1726123-2","AAATAGCTCCACCAACATTAATATCAATCATAGTTTCAATAGCAATATTTGCATCAACAATTTTTTTTTTATCATTCTCAAAATTTTTATATTCTTGATAATATTTTTCTTTTTCTAAATATAATACTAATTTAATTTTATCGATTTCTTGTAAAAATCTTAATCTTTCTTCATCAA","Pf3D7_13_v3-1725887-1726123-2.2","39A60+12N",1353,0.92798353909465,2
"IM-23-122-YNLT","8039832366","Maziba","Pf3D7_13_v3-958247-958510-1B","TTTATATTATCTGTAATATGCACGTTTTGTATAATATTATCAATATTTGTAGCATTTTGACCGTATGTTTCATTTTCATCGTATGTTCCATTTATATTGTATGTTCCATTTTCATCGTATGTTCCATTTATATTGTATGTTCCATTTTCATCGTATGTTCCATTTATATTGTATGTTCCATTTTTATCATATGTTATGTCCACAT","Pf3D7_13_v3-958247-958510-1B.86","24G106C",25,0.192307692307692,3
"IM-23-122-YNLT","8039832366","Maziba","Pf3D7_14_v3-1166107-1166371-1A","TTTTTGAATTATTAAATATATCTTCTATAAAAAAAGAATATCAAGCTATACATAACAATAAGTATTTTTTATGGAATATGGATGCAGATTTTTTTACTATAAAAAATCATCATAAGGATAATAAGGATAACAATGATGAAAATGTGAATGTAATAATACAACAAAATAATTTAGTTCTAGAAAAATATGATCATTTAATAGA","Pf3D7_14_v3-1166107-1166371-1A.2","28+9N64+8N88+9N100+8N179A",16,0.0517799352750809,3
"IM-23-122-YNLT","8039832366","Maziba","Pf3D7_03_v3-653961-654206-1A","CTCGTACAATATTTTTATAATTTCCTTTCATCTTATTTTTTTCTTTATATTTTTTTTTTTCATATGTAAGATTTATATAATCACTTTCGCTTTTTCTAACGCTTTTGAACTTTTTAAATGTACTTCGTTCATTATTTCTAATTCTCGTAAACACAAGAATAAATATTTTGATATATCTTATA","Pf3D7_03_v3-653961-654206-1A.1","35+9N49+13N101G",6,0.00819672131147541,2
"IM-23-122-YNLT","8039832366","Maziba","Pf3D7_08_v3-585993-586266-1A","TGTAAATATAAATCATACGTATGACATGTATCATCATTTAATGCATTCTTAATTGTTAATGCTAATCTACTTACAATAATATAAGCAAAGTTTATATGAGAATGAATACCTTCTTTTCCTAAAAAGTTATAAAGACTAACAAATGGAGCATATATTATAAATTTATCATACTTTTTTTTTTGCATAACTTCATTTAATAAAATATTT","Pf3D7_08_v3-585993-586266-1A.6","29T171+10N",41,0.0432489451476793,3
"IM-23-122-YNLT","8039832366","Maziba","Pf3D7_03_v3-515418-515657-1A","TTTCTTTAATTTCTATATGTTTGAATTCCCTTATAGACATATTTGAATCATTATTACTTTTATATGAAGTGTTATTATCGAAATTATTATTAATACATTTTATTTTAATGATTTTGTTAAAATTTTTATTATTTACTATAATGGAAGTCAGATATGTACTTATCGTATGGAAAGCTAATCATCAACA","Pf3D7_03_v3-515418-515657-1A.1",".",259,0.0830660679923028,2
"IM-23-122-YNLT","8039832366","Maziba","Pf3D7_07_v3-105172-105442-1A","GACTACTAACAGAGTGACTACCTACGCTATGTTGAGATGAATTGCTTCCATTTGAATTACTTCCAGATAGGTGATTTTCTGTTCTTCCATCTGAATTGTTTTCATATAATTGACTTTCCTTTTGTCCATCTAAATTATGCACTGCACTATGAGTTCCTTCACCCAAATTATTACTGTTTGTTGTATCATCATTTAAATCAAATCCATTTCTT","Pf3D7_07_v3-105172-105442-1A.4","44G52T83T103C",637,1,1
"IM-23-122-YNLT","8039832366","Maziba","Pf3D7_07_v3-1066661-1066903-1A","TATAGTTTTGTAATTTATTGGTATGTGTTGTTAAAGGAGAATTTTTTTAATATCCCTTGTCATGGGCAAAAGGAGAAAAAAGAAATAAAAAACTTTTATGTTCAACATGAAGATATTTGTGAACACACTATTGGTAATCATATGTTAGGTGATAAATTAAAAATGTGTACATCTAATATTAATG","Pf3D7_07_v3-1066661-1066903-1A.3","4A41+9N72G75+8N86+8N",12,0.00491400491400491,3
"IM-23-122-YNLT","8039832366","Maziba","Pf3D7_11_v3-1294664-1294910-1A","AAAAGATAAATCATTTCAAAACTATACATATTTAAGTAAAAATGTAGTTGATAACTGGGAAAAAGTTTGCCCTAGAAAGAATTTAGAGAATGCAAAATTCGGATTATGGGTCGATGGAAATTGTGAAGATATACCACATGTAAATGAATTTTCAGCAAATGATCTTTTTGAATGTAATAAATTAGTTTTTGAATTG","Pf3D7_11_v3-1294664-1294910-1A.10","9A40A86G152T159A",157,0.0619573796369376,3
"IM-23-122-YNLT","8039832366","Maziba","Pf3D7_11_v3-1294664-1294910-1A","AAAAGATAAATTATTTGAAAACTATACATATTTAAGTAAAAATGTAGTTCATAACTGGGAAGAAGTTTGCCCTAGAAAGAATTTACAGAATGCAAAATTCGGATTATGGGTCGATGGAAATTGTGAAGATATACCACATGTAAATGAATTTTCAGCAAATGATCTTTTTGAATGTAATAAATTAGTTTTTGAATTG","Pf3D7_11_v3-1294664-1294910-1A.18","9A12T17G40A50C62G152T159A",926,0.365430149960537,3
"IM-23-122-YNLT","8039832366","Maziba","Pf3D7_13_v3-2545065-2545291-1A","ATGATTCCTCAAAAGTTTAACATTCCACATAGTATCTGTTAAATTGATAGTTTGCAAACAATTATACGTTTCGTTATTTTTATTTTTAAAAAAGGATATATGATCATCTAAAGATTTATTTTTGAGAAAGATTTCCATATATTCATATATATCTTGAATACACCA","Pf3D7_13_v3-2545065-2545291-1A.8","72C87+8N",55,0.01927119831815,4
"IM-23-122-YNLT","8039832366","Maziba","Pf3D7_04_v3-544454-544718-1A","ACAAAATATAATACTTTATATACAAATGCTTATAAAAAATTTTAACTCGAACGTACTTCAAAATAATATAAATGAACAAGAAGTAATACATAATAACATCAACATTAATAATATAAAAGAAGAACAAATTATACCAAATAATATCAAGAATATCCATAATAATGACAATATTAATCATTGTGATGGTAATAAAATAA","Pf3D7_04_v3-544454-544718-1A.1","33+8N186G",16,0.023021582733813,3
"IM-23-122-YNLT","8039832366","Maziba","Pf3D7_08_v3-1176313-1176549-1A","TACATCCAATGAATATTTTACACTTAAAAGAAATAAACAAATTATTCATAATAAAATACATATACTTTCTATGCAAAAAAATAAACAAAATACAAACGAGCTAAACAAATTATGTAATATTAACGCCATCATATTCAATATTAATTCTGATGATTTTGAGGTAGGCGATGAAATTGT","Pf3D7_08_v3-1176313-1176549-1A.1","74+9N111T136C",143,0.0696881091617934,3
"IM-23-122-YNLT","8039832366","Maziba","Pf3D7_13_v3-1465616-1465890-1A","TCTTGTGGATTATTATCTATTATATTTTCTTTTGGTTTTTCGACAGCAAAATTATCTCCTCTTGGTCTAGGTTGATCATCTTCGGGTTCTTGTGGAACATCTAATGGTTCCCATTTTGGAGGACATCTTTCTTCTTCACATTGTTCTTGTAATTCACTTGTACATCCTTCGTGTAAGATTTCTCTTTTTCTTGACCTGGTACCTTTACCACAAGTTACACTACATGGAGA","Pf3D7_13_v3-1465616-1465890-1A.195","30T90T92G113A121G",83,0.0719237435008666,6
"IM-23-122-YNLT","8039832366","Maziba","Pf3D7_08_v3-1313088-1313338-1A","TGAGAGACATAGATATATGATAGAAAAATGGAAAAAAGAAGATTGGTTTTGTGATTTAAAAGAAACGTTGAAAAATGAATTTGAAGAACAGATGGATATAGGAAAAGTATCTTTTTTATATGAAAATAATAGAGAGTATGGAAAAAATTTTTATTTGGAAAAGCAAAAAATTATATGGAAAAGATGG","Pf3D7_08_v3-1313088-1313338-1A.1","31+8N111+8N141+8N164+8N",737,1,1
"IM-23-122-YNLT","8039832366","Maziba","Pf3D7_13_v3-2770621-2770854-1B","ATTCCAAGAAATATTTTTAAAAAAAAATAGTGAGTTAGATGATCACGTATGGAATATAGAAAGTATTACTACGAATATATTAGAGAGGAATAAATTAAGTGATCAAAATAATGAAGATAACCATGATGTTAATAATAATAATGAAGACCCATCTGGGGGTAATTTAAAAAC","Pf3D7_13_v3-2770621-2770854-1B.1","18+11N130+13N",740,1,1
"IM-23-122-YNLT","8039832366","Maziba","Pf3D7_01_v3-528859-529104-1A","TTTGATTCTTTTTAATGAAAAAGAAGCTAAAGATATGTCAGACGATATAATTTCCCAACAAAAACGTTATTGCTCTACCAATATTCATAGTAATTATAATAATAAAATATGTATATGTAAAAATAAGCGACATCATAACAAAAGAGGGAAAGGAATAAAGCATCCTGACATACATCAAAAGG","Pf3D7_01_v3-528859-529104-1A.8","44G",1233,0.335967302452316,4
"IM-23-122-YNLT","8039832366","Maziba","Pf3D7_07_v3-405570-405844-1B","ATAGCAATTGCTTATTACTTTAAATTCTTAGCCGTAAGAATTAAAAAGATATAAATATATAAATATATATATGATATATATCATATATATCATATATATTTTTTATATGTAATTTTTTTTTTTTTTCACAATATACATTTAAATGTTTATGATGGTACAACGTATCATATTTTATAATAATTTTATGCATTCATGTATATTATTTTTACTTTTT","Pf3D7_07_v3-405570-405844-1B.31","49+57N114+16N",116,0.935483870967742,3
"IM-23-122-YNLT","8039832366","Maziba","Pf3D7_07_v3-405570-405844-1B","ATAGCAATTGCTTATTACTTTAAATTCTTAGCCGTAAGAATTAAAAAGATATAAATATATAAATATATATGTGAAATATATGATATATATGATATATATGATATATATTTTTTATATGTAATTTTTTTTTTTTTTCACAATATACATTTAAATGTTTATGATGGTACAACGTATCATATTTTATAATAATTTTATGCATTCATGTATATTATTTTTACTTTTT","Pf3D7_07_v3-405570-405844-1B.45","49+57N109T111T112T114+16N",2,0.0161290322580645,3
"IM-23-122-YNLT","8039832366","Maziba","Pf3D7_07_v3-432832-433091-1A","TTGAAAAAGTCATCATCAGAATGGGGATGATTATTATTGTTATTATGAGTTTGGTTCGTATTAATATTATGCTCCTTTTCGTTATTTAATTTATGTTCATTTATATTTTTATAAATAAATAATTTTCCAAGAAGTATACCATTAATAAACTTACTAGTTAACATATTAGACTGCTCAATATTTGTACATTTTTTTAATGTATGTATT","Pf3D7_07_v3-432832-433091-1A.1","30+17N188+9N",1426,1,1
"IM-23-122-YNLT","8039832366","Maziba","Pf3D7_12_v3-529495-529767-1A","GCTCCCCAAAAGTTAACTGCTTCATTATTTTGTGGATCCCAAAAACTAACATTCGTTACCCATCCAACATAATCGGTAGATATCCTATATTCATAACTACTACAGAAATATTTATACTCATGGTATACATTTGCATCATTTACATCTACCAAATTAACAGTTTTACACAAATTGTGAATTCCATTCAAGTTATAAAAACCTGTACAT","Pf3D7_12_v3-529495-529767-1A.4","180T",482,0.673184357541899,3
"IM-23-122-YNLT","8039832366","Maziba","Pf3D7_12_v3-233418-233671-1A","CAAAAATATGATTCCCCAAATTTGTACTACTAATTGTTCCAATAGTTCCTATAGTTGTGGTAATTTGCTCATATGTATTTTTTCCTAAAGATTTATTAGACACATTTGAAGGATCATTATTTTGTTCCAAATTCTTGGGCACAGTATTATTACATGAGAATAATGAAAAGTTATTATCATAATTCTTTTGTT","Pf3D7_12_v3-233418-233671-1A.9","10G77+8N",56,0.0504959422903517,3
"IM-23-122-YNLT","8039832366","Maziba","Pf3D7_12_v3-2092654-2092884-2","GAGATATTAGCTTCATGTTCAGAAGATATGTCTATAAGAATATGGGAGATACGTCATGAGGATGAGAATGTGAATGAGGTAAAGGATCCTTTATGTATATTAAATGGTCATAAGAAAAAAGTAAATATATTATCATGGAATCCTATGAATTATTTTATATTATCATCT","Pf3D7_12_v3-2092654-2092884-2.1","114+8N",4080,1,1
"IM-23-122-YNLT","8039832366","Maziba","Pf3D7_12_v3-2092529-2092798-1B","AGTTGAAGGGGGAGGAATGATCGGAGTTATCAGATTAGAAAATCAAGTGAGAAATCCCCCTGTAATAAAATTGAAGAGTCATACATCTCCCATCCTTGATTTGTCATTTAACCCGTGTTATAGTGAGATATTAGCTTCATGTTCAGAAGATATGTCTATAAGAATATGGGAGATACGTCATGAGGATGAGAATGTGAATGAGGTA","Pf3D7_12_v3-2092529-2092798-1B.1",".",767,1,1
"IM-23-122-YNLT","8039832366","Maziba","Pf3D7_04_v3-115455-115684-1A","TATTAATGTCATTTTGTTTTTCTTTATTATTATTATTTTTATTTTTTCCCTGGTTATCTTCCTTATTACCTAGCTTTTTTTTGTTGTCATTATTTTCTGTCTGATTATTATTTTTGACTTTGTTCATCCTTGAATTATCCGTTCTGTTTGTATGTCTCAAGCAAGGT","Pf3D7_04_v3-115455-115684-1A.7","24+25N74+10N129C",1283,0.608345187292556,4
"IM-23-122-YNLT","8039832366","Maziba","Pf3D7_04_v3-1113397-1113639-1A","GATTCTGCATGCAGTAATGAATCTATTGAAATCATCTAAGAATAAACTTTTTTGTTTAAACCATTTATTGAACATTTCACTTAAATGTGATTCAATTTTTTTTTCTGAGCTTTCCATAATTTGATTACATCTATTCAATTTGTTTGTATAAGTTTTAGGTGTTATTATTCTTTTACGTTTTAAATCATC","Pf3D7_04_v3-1113397-1113639-1A.1","47+8N95+11N130T161G",780,0.327455919395466,3
"IM-23-122-YNLT","8039832366","Maziba","Pf3D7_04_v3-115455-115684-1A","TATTAATGTCATTTTGTTTTTCTTTATTATTATTATTTTTATTTTTTCCCTGGTTATCTTCCTTATTACCTAGCTTTTTTTTGTTGTCATTATTTTCTGTCTGATTATTATTTTTGACTTTGTTCATCTTTGAATTATCCGTTCTGTTTGTATGTCTCAAGCAAGGT","Pf3D7_04_v3-115455-115684-1A.1","24+25N74+10N",56,0.0265528686581318,4
"IM-23-122-YNLT","8039832366","Maziba","Pf3D7_12_v3-684011-684240-1A","ACCTAATGTTGGTAAGTCTACCATTTTTAATCGACTAACTCGAAAATATCAAGATGGTAGTATTGTTTTAGAGGTTAGTAGTACGAGAGATAAACTTTATGGAGAAGTTGAGTGGGAAGGATATAAATTTGAACTTGTGGATACAGGAGGTTTAGTTTTTGA","Pf3D7_12_v3-684011-684240-1A.4","73G",40,0.0244498777506112,3
"IM-23-122-YNLT","8039832366","Maziba","Pf3D7_04_v3-115455-115684-1A","TATTAATGTCATTTTGTTTTTCTTTATTATTATTATTTTTATTTTTTCCCTGGTTATCTTCCTTATTACCTAGCTTTTTTTTGTTGTCATTATTTTCTGTCTGATTATTATTTTTGACTTTTTTCATCTTTGAATTATCCGTTCTGTTTGTATGTCTCAAGCAAGGT","Pf3D7_04_v3-115455-115684-1A.3","24+25N74+10N122T",118,0.0559506875296349,4
"IM-23-122-YNLT","8039832366","Maziba","Pf3D7_04_v3-133581-133830-1A","CTCTCGATTATCATTACCTACTTCAGTCTTTACAATTGTAGGAGGTGTTTTAACATGATTATCCCCTCCATGAGGAGTAACCCTTAAAGGTTCTTCTTGAATATTTGGTGTCGCTTCGCCTGTTTCTGTAGAAAGGATATTTATTCTATCAACATATTCATCACCTTCTTCAACTGTACTATTTAAA","Pf3D7_04_v3-133581-133830-1A.1",".",312,1,1
"IM-23-122-YNLT","8039832366","Maziba","Pf3D7_08_v3-102277-102527-1A","TACCTTCATCTATTGAATTAATTTTCTCAAGTAACATATTTTTGTCTTGACTACTTTCATCTGTAAATGGAACGAGTACTCTTTGCTTACCTGCAAAAAGGACAACTGACATATGAGCCTTATCCTTACTTACATTCGAATTAAAGACCATAGATTCTAAAAATGGTATAGTTCCTTTTAACCAATAATC","Pf3D7_08_v3-102277-102527-1A.1","76G",1770,0.912371134020619,3
"IM-23-122-YNLT","8039832366","Maziba","Pf3D7_08_v3-1056678-1056903-1A","GTGTTAACGATAATTATAATGCAATAAGCACAACTAATTTTTCAGATGACATGGATGAATTGATAAAGAATCTTTCTATTATGGGTTTGTGTAAAGAGAAAATAGTGTTAACAGAAAAGGCAACACTATTTAATAACATTGAATTGTTGTATTCATATTATCTTATAGTTCAGA","Pf3D7_08_v3-1056678-1056903-1A.1",".",401,0.0636305934623929,3
"IM-23-122-YNLT","8039832366","Maziba","Pf3D7_04_v3-133928-134154-1A","TTTTGAAATATCTAATTTATCCATTTGCCTTTTTATTTCATAGTCCCAACTACTTACCCAGGTATTAAAATTAATACAATCCTGTTCTGCATATTTTATGGCTTTTAAATCCCTCAATTTAGTAGCCCTATCTTCACAATAATCTTCTAATATTTTAAT","Pf3D7_04_v3-133928-134154-1A.1","21C",1962,0.977578475336323,2
"IM-23-122-YNLT","8039832366","Maziba","Pf3D7_04_v3-133928-134154-1A","TTTTGAAATATCTAATTTATTCATTTGCCTTTTTATTTCATAGTCCCAACTACTTACCCAGGTATTAAAATTAATACAATCCTGTTCTGCATATTTTATGGCTTTTAAATCCCTCAATTTAGTAGCCCTATCTTCACAATAATCTTCTAATATTTTAAT","Pf3D7_04_v3-133928-134154-1A.2",".",45,0.0224215246636771,2
"IM-23-122-YNLT","8039832366","Maziba","Pf3D7_13_v3-156713-156986-1A","TCCTTTTATGTGAACAAATTAAATATTGTAAATGATTTCTTTTTTGAAACACACCATAAAGATACACATCAAGACAGTCAAAATGAACACAAAACGGATGAACCTAAAATACATAATGTTTTCAAAAAAAAAAATAACGATATCTTTGTTAATATTCCTCTACCAAAAATATTTAAAAATTTCTTACATTCCATATATTTTAGAACTCC","Pf3D7_13_v3-156713-156986-1A.2","39+8N50C123+13N",418,0.983529411764706,2
"IM-23-122-YNLT","8039832366","Maziba","Pf3D7_08_v3-1099719-1099977-1A","AAAAAATAAAAAATCAAACAAGATAAATAATAATGTATATAATACTAGTGGTATAAAAAATAATGATCAAAATATGGATAATATGAATCAAAAAGGAAAAAGTAACAAAAATTCAAATAAATATAATTTTGATGAAGAGGATTTATGGTTTTTATGTGATTTATGTAATAATCCTATAAGTCCGTTATGTTA","Pf3D7_08_v3-1099719-1099977-1A.4","1+14N54+8N97A",594,0.951923076923077,2
"IM-23-122-YNLT","8039832366","Maziba","Pf3D7_13_v3-1725208-1725471-1B","CATAAATTTTATTATCAAAAGCAACACACATAGCTGATGATCTAGGGGTATTCAAAGGTGCCACCTCTACCCATGCTTTCATACGATGATCATATGCTTCTACATTCGGTATAATAGAAGAGCCATCATATCCCCCAATACAATAAATTCTACCATTTGACGTAACACCACAATTATTTCTTCTAGGTATATTTAAATTACTTGAAAC","Pf3D7_13_v3-1725208-1725471-1B.1",".",869,1,1
"IM-23-122-YNLT","8039832366","Maziba","Pf3D7_13_v3-1725379-1725652-2","ATTATTTCTTCTAGGTATATTTAAATTACTTGAAACATACCATACATCTCTTAAACGATCATACACCTCAGTTTCAAATAAAGCCTTATAATCATAGTTATTACCACCAAAAACGTATAAGAAATTATTCAATACAGCACTTCCAAAATAAGCTTTTTTGGTAGACATAGGTGTACACATACGCCAGCATTGTTGACTAATATCTAATAATTCCA","Pf3D7_13_v3-1725379-1725652-2.1","153+8N",788,1,1
"IM-23-122-YNLT","8039832366","Maziba","Pf3D7_04_v3-141741-141990-1A","TGAATACCATATAGCCCTTTCAAATTATATAAAGACAGAACTAAGAAATATAAACCTGCAAGAAATAAAAAACAATATAATAAAAATATTTAAAGAATTCGAATCTGCACACAAAGAAATTAAAAAAGAATCAAAACAAATTAATAAAGAATTTACCAAAATGGATGTCGTCATAAATCAATTAAGAGATATAG","Pf3D7_04_v3-141741-141990-1A.2","66+8N101G121+8N134A",751,0.357619047619048,3
"IM-23-122-YNLT","8039832366","Maziba","Pf3D7_14_v3-106867-107115-1A","AATGACATGAACAAGTCAGGCGAAAAAGAGGAACATGTTATAAATAGTAAATGGAAAAATAAATTTTTCCATGAAGTAATACAAAATATGTTATATGATGATAATATAAATGATCATAAGGAAGAAATTAAGGAAGATAATTCTAATGAATATAATATCAATAATAAAAATGATAATTTATATGATATA","Pf3D7_14_v3-106867-107115-1A.1","78A",152,0.394805194805195,2
"IM-23-122-YNLT","8039832366","Maziba","Pf3D7_14_v3-1038300-1038538-1A","ATTAATGATTTATACACTTCAACTACACTTTTTAATTTAGCCCATACAATTAATAAAGCTCTACGATAAATTTCTTTTTTATTTGATTTAGAAAAAGGAGAAAACCATTGAAACTTTTTGGCTAGATATTTATGGTCTTTATCAAAAATATATTCTGAAACTTCATCTTCTAGAAGT","Pf3D7_14_v3-1038300-1038538-1A.1","74+8N",94,0.0720306513409962,2
"IM-23-122-YNLT","8039832366","Maziba","Pf3D7_08_v3-585703-585949-1A","AAACACATCATCAAAAGTTTCTGATATTGGCTTGTTTGATTCTTTATATTTAAAATCTTTATATAAATAAAATCTATCTTTCTTAAAATATGGATCTTTACGTAGTTCAATCGAATCCCTATCAGTTACAATATTTATATCTTTTAATGTTAAGTGGAAATTAGAATCAATAATAGCTA","Pf3D7_08_v3-585703-585949-1A.3","105G118C",101,0.0656697009102731,2
"IM-23-122-YNLT","8039832366","Maziba","Pf3D7_01_v3-162867-163115-1A","ATATACCAATAATACTTTTTTTTTTAAATAATGTAAAAAATGATTTATATAATTGTTATAAACAAATGATCACATATCATAATAATAATAATAATATGCTAAATCATAACTCTAATATTTTATCAAAAGAAAATGAAAAAAAACAACCTTTTTCAACATATAATATATCAAATCTTTGTTCTCCTGATCAAATGGTAATAAATAAAAA","Pf3D7_01_v3-162867-163115-1A.5","15+12N34+8N91I=ATAATA92G129+10N182T191A",1002,0.89544235924933,4
"IM-23-122-YNLT","8039832366","Maziba","Pf3D7_08_v3-585993-586266-1A","TGTAAATATAAATCATACGTATGACATGTATCATCATTTAATGCATTCTTAATTGTTAATGCTAATCTACTTACAATAATATAAGCAAAGTTTATATGAGAATGAATACCTTCTTTTCCTAAAAAGTTATAAAGACTAACAAATGGAGCATATATTATAAATTTATCATACTTTTTTTTGTGCATAACTTCATTTAATAAAATATTT","Pf3D7_08_v3-585993-586266-1A.2","29T171+10N",10,0.0105485232067511,3
"IM-23-122-YNLT","8039832366","Maziba","Pf3D7_13_v3-958247-958510-1B","TTTATATTATCTGTAATATGCACATTTTGTATAATATTATCAATATTTGTAGCATTTTGACCGTATGTTTCATTTTCATCGTATGTTCCATTTATATTGTATGTTCCATTTTCATCGTATGTTCCATTTATATTGTATGTTTCATTTTCATCGTATGTTCCATTTATATTGTATGTTCCATTTTTATCATATGTTATGTCCACAT","Pf3D7_13_v3-958247-958510-1B.15","106C142T",6,0.0461538461538462,3
"IM-23-122-YNLT","8039832366","Maziba","Pf3D7_13_v3-958247-958510-1B","TTTATATTATCTGTAATATGCACATTTTGTATAATATTATCAATATTTGTAGCATTTTGACCGTATGTTTCATTTTCATCGTATGTTCCATTTATATTGTATGTTCCATTTTCATCGTATGTTCCATTTATATTGTATGTTCCATTTTCATCGTATGTTCCATTTATATTGTATGTTCCATTTTTATCATATGTTATGTCCACAT","Pf3D7_13_v3-958247-958510-1B.1","106C",99,0.761538461538461,3
"IM-23-122-YNLT","8039832366","Maziba","Pf3D7_09_v3-163813-164052-1A","GTAATAATAATAATAATAATGTATTTCTTTCATCAAGTGATCCAAATAAATTAAACACAACACCATCACCATTTGGTTTATCATCTATTGGAAATCTAAATACAAACAATAAATTAAATAGCTTTCCAGACTTTAGTCAAGCTAATAAAACATTTCTACAAAATGATAGCTTAT","Pf3D7_09_v3-163813-164052-1A.2","2+19N28T",95,0.0822510822510823,2
"IM-23-122-YNLT","8039832366","Maziba","Pf3D7_13_v3-1876391-1876664-1A","AACTATCTGTAAAAGTATGTTTAGAACTAACATTTGAAGAGAAGTTACATCCGTGTATGACTTTTTTTTCATATTTTGGTTTTAAAACTATTTTATAATTATTATTTTTAAATTTGCATGTACATTCTGTATTAACATCTTTTGATGTAACATAAAATGGAGCTTTAAAGATAGTTAAGTTTTTATGATAAATTATTTTATTACTTTTATATA","Pf3D7_13_v3-1876391-1876664-1A.1","61+10N",29,0.0560928433268859,2
"IM-23-122-YNLT","8039832366","Maziba","Pf3D7_11_v3-1293919-1294168-1A","TCCATATCAAAATAGTAATGTGTATCATCCAATCAACGAACATAGGGAACATCCAAAAAAATACGAATATCCATTACACCAGGAACATACATACCAACAAGAAGATTCAGGAGAAGACGAAAATACATTACAACACGCATATCCAATAGACCACGAAGGTGCCGAACCCGCACCACAAGAACAAAATTTAT","Pf3D7_11_v3-1293919-1294168-1A.12","17A27A59A",678,0.528861154446178,4
"IM-23-122-YNLT","8039832366","Maziba","Pf3D7_11_v3-1293919-1294168-1A","TCCATATCAAAAAAGTGATGTGTATCATCCAATCAACGAACATAGGGAACATCCAAAAGAATACCAATATCCATTACACCAGGAACATACATACCAACAAGAAGATTCAGGAGAAGACGAAAATACATTACAACACGCATATCCAATAGACCACGAAGGTGCTGAACCCGCACCACAAGAACAAAATTTAT","Pf3D7_11_v3-1293919-1294168-1A.4","13A27A65C163T",99,0.0772230889235569,4
"IM-23-122-YNLT","8039832366","Maziba","Pf3D7_13_v3-2114829-2115090-1A","ATTCAATATATATAAAAATATAGCTAATAAACATTTCAAATCTCCATTAAGAACTTTATTCATCTTAACAAAAGCTCTATGAACTTCTGTATCTATAGTCGATTTTGTTATTCTAAGCATATCATTAAGTAAAAAATTTACGGTATCGACATTAACAGTGTAATAATTTCTTCCTAAATTTAAATGTTCTAAATAATTCAA","Pf3D7_13_v3-2114829-2115090-1A.1","130+8N192A",578,0.624190064794816,2
"IM-23-122-YNLT","8039832366","Maziba","Pf3D7_11_v3-1295103-1295335-1A","ACTACTGCTTTGTCCCATCCCATCGAAGTTGAAAACAATTTTCCATGTTCATTATATAAAAATGAAATAATGAAAGAAATCGAAAGAGAATCAAAACGAATTAAATTAAATGATAATGATGATGAAGGGAATAAAAAAATTATAGCTCCAAGAATTTTTATTTCAGATGATATA","Pf3D7_11_v3-1295103-1295335-1A.9","61A132+9N173T",637,0.273978494623656,3
"IM-23-122-YNLT","8039832366","Maziba","Pf3D7_01_v3-181512-181761-1A","TTCATTATTGTTTTCATTCTTTTTTTAACGAAAACTATTCATCTCAAAAATATAAGATATTTTATATGACGAATGCCATTGTATTTTTTGTTACGTAAAACCTGACTTCTTCAAGGAAAACACATGCGCATTTTCACCAATTTTTGCCTAAGCTTATTATAAAAAGTATATTAAATGTATGAC","Pf3D7_01_v3-181512-181761-1A.2","19+9N83+8N",11,0.00875796178343949,4
"IM-23-122-YNLT","8039832366","Maziba","Pf3D7_04_v3-544454-544718-1A","ACAAAATATAATACTTTATATACAAATGCTTATAAAAAATTTTAACTCGAACGTACTTCAAAATAATATAAATGAACAAGAAGTAATACATAATAACATCAACATTAATAATATAAAAGAAGAACAACTTATACCAAATAATATCAAGAATATCCATAATAATGACAATATTAATCATTGTGATGGTAATAAAATAA","Pf3D7_04_v3-544454-544718-1A.12","33+8N128C186G",291,0.418705035971223,3
"IM-23-122-YNLT","8039832366","Maziba","Pf3D7_13_v3-2545065-2545291-1A","ATGATTCCTCAAAAGTTTAACATTCCACATAGTATCTGTTAAATTGATAGTTTGCAAACAATTATACGTTTGGTTATTTTTATTTTTAAAAAAGGATATATGATCATCTAAAGATTTATTTTTGAGAAAGATTTCCATATATTCATATATATCTTGAATACACCA","Pf3D7_13_v3-2545065-2545291-1A.5","87+8N",169,0.0592151366503153,4
"IM-23-122-YNLT","8039832366","Maziba","Pf3D7_08_v3-1314717-1314986-1A","ATAAAAAAGAAAAAATTATTGTCAAAAGTTTTCATAGATATATATATGATGGTATTAGAAGATTTTAAAGAAGAAGAATGTAAAAAAAATAAAGAAATATTTCTTGATACTTATATAGATGAACTAAAAAAAGATTCGCAAAGTGAAAAAAATAAAAGCATGTTAAATATATTAGATGAAATAAAAAGTGATATTCATATAGGATATC","Pf3D7_08_v3-1314717-1314986-1A.7","2+15N87A125+9N145+9N",4,0.0145454545454545,2
"IM-23-122-YNLT","8039832366","Maziba","Pf3D7_08_v3-1314717-1314986-1A","ATAAAAAAGAAAAAATTATTGTCAAAAGTTTTCATAGATATATATATGATGGTATTAGAAGATTTTAAAGAAGAAGAATGTAAAAAGAATAAAGAAATATTTCTTGATACTTATATAGATGAACTAAAAAAAGATTCGCAAAGTGAAAAAAATAAAAGCATGTTAAATATATTAGATGAAATAAAAAGTGATATTCATATAGGATATC","Pf3D7_08_v3-1314717-1314986-1A.3","2+15N125+9N145+9N",271,0.985454545454545,2
"IM-23-122-YNLT","8039832366","Maziba","Pf3D7_01_v3-535965-536239-1A","GCTCATTTGATATTTTCCAGTTGTTCGATTTTAAAAATGATGTATATTTTTTAGATGATAATTTGTTCGACAAGGATATGGTATATTGTACAAGTACCAACAATTATGGCGTTATGGAAAATGATAATGATGATGATAAAATAATAAAAATACAAAATTTAAATGAGAAATTAAAAAATGGAAAAGCTGAATTTAAAGATATATTATTAT","Pf3D7_01_v3-535965-536239-1A.13","26C46+8N118A121+17N172+8N",146,0.347619047619048,2
"IM-23-122-YNLT","8039832366","Maziba","Pf3D7_01_v3-535965-536239-1A","GCTCATTTGATATTTTCCAGTTGTTTGATTTTAAAAATGATGTATATTTTTTAGATGATAATTTGTTCGACAAGGATATGGTATATTGTACAAGTACCAACAATTATGGCATTATGGAAAATGATAATGATGATGATAAAATAATAAAAATACAGAATTTAAATGAGAAATTAAAAAATGGAAAAGCTGAATTTAAAGATATATTATTAT","Pf3D7_01_v3-535965-536239-1A.7","46+8N111A118A121+17N155G172+8N",274,0.652380952380952,2
"IM-23-122-YNLT","8039832366","Maziba","Pf3D7_13_v3-146695-146934-1A","AAAGTATTTGTAATAGATTAAACGATGAACTAAATGAAGAAATATGTGGTTATCAAATTAGGTTTGAAAAATCGTATTTTTTAAAACATAGTAAAATTAAAGTTATGACAGAAGGAATTTTATTGAAAGAAATTATGAGTGATTTTATTTTATCAAAATATAGTGTTATCATTCTTGA","Pf3D7_13_v3-146695-146934-1A.2","76+8N170C",72,0.026775753068055,4
"IM-23-122-YNLT","8039832366","Maziba","Pf3D7_11_v3-2001725-2001999-2","GGATGTAAGAACTAAGAATGTAAATACAAGTAAGAGAAATGAAGGACTTAATGATATAAATGAATCAGAAAAAACAAGAACAAGAAGGGCATCAACAAAATCAAATAATAATAATAATAATGTATCATACGAGAATGAATTAGAGAGTGTATCTGAATGGTTTGATAACTTTTTGGAGGATCATATGAAGGAAGGTGTTTTTTTAGATGGGGAAAA","Pf3D7_11_v3-2001725-2001999-2.1","1G68+8N89G116I=AATAAT153G191+9N",147,0.253448275862069,3
"IM-23-122-YNLT","8039832366","Maziba","Pf3D7_11_v3-408285-408534-1A","TATGAAGAAGGTTTAAAATATTGTGCGTCATCAATTAATTTATGGATATGTGCTATCGATTTACAAATAGAAAAAAAGAATTATACAGGTGCTAGAGCTTTGACGGAGAAAGCAAAAATCAAAATCAAGTATTTAAATTCTTTTAATAATAATAGTCATATTTTAAAAAGTAAAGAAATTATTGAA","Pf3D7_11_v3-408285-408534-1A.1","70+9N",817,1,1
"IM-23-122-YNLT","8039832366","Maziba","Pf3D7_12_v3-233418-233671-1A","CAAAAATATCATTCCCCAAATTTGTACTACTAATTGTTCCAATAGTTCCTATAGTTGTGGTAATTTGCTCATATGTATTTTTTCCTAAAGATTTATTAGACACATTTGAAGGATCATTATTTTGTTCCAAATTCTTGGGCACAGTATTATTACATGAGAATAATGAAAAGTTATTATCATAATTCTTTTGTT","Pf3D7_12_v3-233418-233671-1A.3","77+8N",662,0.596934174932372,3
"IM-23-122-YNLT","8039832366","Maziba","Pf3D7_12_v3-233418-233671-1A","CAAAAATATCATTCCCCAAATTTATACTACTAATTGTTCCAATAGTTCCTATAGTTGTGGTAATTTGCTCATATGTATTTTTTCCTAAAGATTTATTAGACACATTTGAAGGATCATTATTTTGTTCCAAATTCTTGGGCACAGTATTATTACATGAGAATAATGAAAAGTTATTATCATAATTCTTTTGTT","Pf3D7_12_v3-233418-233671-1A.6","24A77+8N",391,0.352569882777277,3
"IM-23-122-YNLT","8039832366","Maziba","Pf3D7_12_v3-1959644-1959891-1A","ATGGGAAGACGATAAGAGAAGAGAAATTAATTTCTGAGGGAGCGTATTCATTTGTTTATATGGCGAAGGATTTAAACACGAATCGAGCTTATACTATAAAGAAGACCATATGTCAAGATAAAGAGAAAATAGATATGGCGAAAAAAGAAATCAACATTCTTAAAAGTTTACCTCCACATAAAAATATA","Pf3D7_12_v3-1959644-1959891-1A.1","143A",923,0.937055837563452,2
"IM-23-122-YNLT","8039832366","Maziba","Pf3D7_11_v3-497277-497548-1A","TTTTAGATTTAATTGAATATTCATTTTTAAATTATACTAGTTCTAATTTAAATACAATAAATAATAATAATGACAAAAAAAAACAAAATCAAAAAAATAAAAATCGCAAATATAGTAAAAATAATATTTTAGATCTCTATGAACACGTAAGGACGATCAGTTTATTTTATCACACGTTTAATTTACCTAAGGAGTATAATGAAAAATTGTT","Pf3D7_11_v3-497277-497548-1A.3","74+11N90+9N148T152G",272,0.947735191637631,2
"IM-23-122-YNLT","8039832366","Maziba","Pf3D7_07_v3-717260-717493-1A","GAGCTTGCTTTTTTGTTGCGTTACTTGCTGGGCTGATCAAAAAAAAAGTTGAATGTATTGAACTTAGTGCCAGCGAAATTTCCCCTCATGAAAACAAATCGACGAGTTCATCAATATTCCAAGAGGAATTAAAATTTGATGAGTCTCTGAAAAATTTTTTCAAACAA","Pf3D7_07_v3-717260-717493-1A.2","8+8N38+11N141G154+8N",133,0.0811470408785845,2
"IM-23-122-YNLT","8039832366","Maziba","Pf3D7_14_v3-2695837-2696082-1A","CGTTCTGTATCATATTATTAGATATAGTTATTTTATTATTATTTTCTACATTGTTATTCAATATATTACATCCTGTTATGGAATTATTGTTAAAATATAAATTATTCGAATTGTTATTATTAAATTCTAATCCACTAACTGCTGTTGTATATAATGATGATGAGTTATTATTATAGAAATC","Pf3D7_14_v3-2695837-2696082-1A.10","5C28+16N",21,0.0245901639344262,4
"IM-23-122-YNLT","8039832366","Maziba","Pf3D7_08_v3-102277-102527-1A","TACCTTCATCTATTGAATTAATTTTCTCAAGTAACATATTTTTGTCTTGACTACTTTCATCTGTAAATGGAACGAATACTCTTTGCTTACCTGCAAAAAGGACAATTGACATATGAGCCTTATCCTTACTTACATTCGAATTAAAGACCATAGATTCTAAAAATGGTATAGTTCCTTTTAACCAATAATC","Pf3D7_08_v3-102277-102527-1A.6","76A106T",144,0.0742268041237113,3
"IM-23-122-YNLT","8039832366","Maziba","Pf3D7_08_v3-102277-102527-1A","TACCTTCATCTATTGAATTAATTTTCTCAAGTAACATATTTTTGTCTTGACTACTTTCATCTGTAAATGGAACGACTACTCTTTGCTTACCTGCAAAAAGGACAACTGACATATGAGCCTTATCCTTACTTACATTCGAATTAAAGACCATAGATTCTAAAAATGGTATAGTTCCTTTTAACCAATAATC","Pf3D7_08_v3-102277-102527-1A.4",".",26,0.0134020618556701,3
"IM-23-122-YNLT","8039832366","Maziba","Pf3D7_08_v3-336421-336651-1A","TAACAACGAACCCATAAATTTACAGAAAAATTTAGATTTAATCATATGGCTAAAAAAGAATATAAAAGAAGGAGAAGCTTTAATTTCTGATATACCTACATCAAGTTTTTTAAGGTGTACTACAAATTATAAATTTGTATTGCATCCACAATATGAAGATAGT","Pf3D7_08_v3-336421-336651-1A.5","51+8N97T105+8N",7,0.00391280044717719,4
"IM-23-122-YNLT","8039832366","Maziba","Pf3D7_08_v3-1056678-1056903-1A","GTGTTAACGATAATTATAATGCAATAAGCACAACTAATTTTTCAGATGACATGGATGAATTGATAAAGAATCTTTCTATTATGGGTTTGTGTAAAGAGAAAATAGTGTTAACAGAAAAGGCAACAATATTTAATAACATTGAATTGTTGTATTCATATTATCTTATAGTTCAGA","Pf3D7_08_v3-1056678-1056903-1A.2","126A",3,0.000476039352586481,3
"IM-23-122-YNLT","8039832366","Maziba","Pf3D7_13_v3-748254-748510-1B","ATACCAAAAAAAATAAAATAAAATAAAATGAAATAATAAATAAATAAATATACATATATTTACATATATATATATATAATTACACATATTTTTGATTGAGGACAAATTACATGTAGTGTAGTTCGTCTTCCTTGTGCGTTTCAATCACACAATCCGATTTAGGATAACATGTACACAAAAGAATATATTTTTTCTT","Pf3D7_13_v3-748254-748510-1B.2","5+10N25I=AAAAT39+33N108A180+8N",27,0.0735694822888283,2
"IM-23-122-YNLT","8039832366","Maziba","Pf3D7_08_v3-1056678-1056903-1A","GTGTTAAGGATAATTATAATGCAATAAGCACAACTAATTTTTCAGATGACATGGATGAATTGATAAAGAATCTTTCTATTATGGGTTTGTGTAAAGAGAAAATAGTGTTAACAGAAAAGGCAACAATATTTAATAACATTGAATTGTTGTATTCATATTATCTTATAGTTCAGA","Pf3D7_08_v3-1056678-1056903-1A.4","8G126A",5898,0.935893367185021,3
"IM-23-122-YNLT","8039832366","Maziba","Pf3D7_13_v3-156456-156685-1A","ATTATATGATATTTATATAAAATTAGAAAATCTAATTTTAGAAAAAATAACTGAAAGTATATACAATAGTACACCTCCATATAGAGTTATTATGTTCGAATTAATGACCAGATTGTTTCGATTTTATACAAAACCAATAGACCTTATTATTACTATGAATACAC","Pf3D7_13_v3-156456-156685-1A.2","41+8N115G",13,0.0213114754098361,2
"IM-23-122-YNLT","8039832366","Maziba","Pf3D7_05_v3-213027-213251-1A","ATGTACTTATCCCCTGATATGATTTTTCCAATATCATCAAAATCAGTAATCTCTAAATCATTTATATGATTTATATGTATAAATTCTTTTATCTTGTTCAAATAATTTCTGTAATAAAATATATTCTCTTTATCATCATCAATTATTTTCATATAATC","Pf3D7_05_v3-213027-213251-1A.4","25T26T",2177,0.998165978908757,2
"IM-23-122-YNLT","8039832366","Maziba","Pf3D7_05_v3-350808-351052-1A","TAATATAATTTGAGTTGATAATATTATAATTATTTTTTATATGTTGCTCATTTATATTATTATGATAAATATGAGTTGTATTTTTATTAGAGTTGTAGGACATTTTCCCATACATGAGTTGTTTTACATTTTTAACATTTTTATAATTATGTATTAAACATAAGATTATTAGATAAA","Pf3D7_05_v3-350808-351052-1A.2","32+8N",6,0.00551470588235294,3
"IM-23-122-YNLT","8039832366","Maziba","Pf3D7_13_v3-1725124-1725365-2","TGGAAATTGTTCCCATTTATTCATTTTTTCTTCATATACTTCAATAGAATTTAATCTCTCACCATTAGTTCCACCAATGACATAAATTTTATTATCAAAAGCAACACACATAGCTGATGATCTAGGGGTATTCAAAGGTGCCACCTCTACCCATGCTTTCATACGATGATCATATGCTTCTAC","Pf3D7_13_v3-1725124-1725365-2.1","23+8N",5253,1,1
"IM-23-122-YNLT","8039832366","Maziba","Pf3D7_01_v3-145388-145662-1A","GATATGTTTAAATATATGATTCTCGAAAAAACTTTTTTTATTTTTTTTGTCAATAGATAAATGATCAATATTTTCTATATTTAATCTATCAAGAATTTTTATATATCTATTATTTCTTTCTTCGATGGATAAATTATATGAATCAATATCCTTTCTTTCATCAACAAACTTTTTTATTGTTAACTCCATTTTTTTATTTAAGATACCA","Pf3D7_01_v3-145388-145662-1A.3","25+25N94A139T169+8N188+9N",133,0.923611111111111,2
"IM-23-122-YNLT","8039832366","Maziba","Pf3D7_01_v3-162867-163115-1A","ATATACCAATAATACTTTTTTTTTTAAATAATGTAAAAAATGATTTATATAATTGTTATAAACAAATGATCACATATCATAATAATAATAATAATATGCTAAATCATAACTCTAATATTTTATCAAAAGAAAATGAAAAAAAACAACCTTTTTCAACATATAATATATCAAATCTTTGTTCTCCTGACCAAATGGTGATAAATAAAAA","Pf3D7_01_v3-162867-163115-1A.4","15+12N34+8N91I=ATAATA92G129+10N",23,0.0205540661304736,4
"IM-23-122-YNLT","8039832366","Maziba","Pf3D7_05_v3-395887-396136-1A","TCTAAGGATTGTTGGTTTTTTAGGATGCTCATCTTTTTAAGATAATCCTCTTTACTGTCGTTATTATTTAAATCGTTTTGTATAATATTATATTGTGAATTCCTTGTGTTTTTCATAACACTATTAGTCCTATTGGTGTTCTTCTTATTATTATTATTATTATTGTTCTTCTTCTTAATAAA","Pf3D7_05_v3-395887-396136-1A.5","15+8N119C145+20N",480,0.907372400756144,2
"IM-23-122-YNLT","8039832366","Maziba","Pf3D7_13_v3-911757-912005-1A","GAGCCAACAATTTGATTTTCCACAACTTACTGAATCTTTAAAACATTGTGAACAGGTATTTGACATTTTTTTATTATCTTTGGCTAGTTCCTTTTGAACACATTCCATAGTACTATCACCTGAACCTAAGTTATCAACAGAACATTTTAATAATATACTAAAAAATTTATTGCTAGGAGAAAGTTGTAAA","Pf3D7_13_v3-911757-912005-1A.3","60T65+9N159+8N",44,0.0244716351501669,3
"IM-23-122-YNLT","8039832366","Maziba","Pf3D7_13_v3-935613-935884-1A","CAAAATAATATGAATAGTAATAGTAATAGTTATAATAATTTTAATATAACAGATAGAAGTAAAGAAATAAAAAAAAATTATAAAAGAAACAAAATTTTAATAGTTATTAATAATATTAATACAAATCATATTTTATTATTAAATGAAAGTGTTATAAAAAAAAAAATACTTACATTTTATCTAGATCTTTTTTTTGATGATAATGAACAAAT","Pf3D7_13_v3-935613-935884-1A.1","68+11N155+13N187+10N",393,0.895216400911162,2
"IM-23-122-YNLT","8039832366","Maziba","Pf3D7_14_v3-1038300-1038538-1A","ATTAATGATTTATACACTTCAACTACACTTTTTAATTTAGCCCATACAACTAATAAAGCTCTACGATAAATTTCTTTTTTATTTGATTTAGAAAAAGGAGAAAACCATTGAAACTTTTTGGCTAGATATTTATGGTCTTTATCAAAAATATATTCTGAAACTTCATCTTCTAGAAGT","Pf3D7_14_v3-1038300-1038538-1A.3","50C74+8N",1211,0.927969348659004,2
"IM-23-122-YNLT","8039832366","Maziba","Pf3D7_05_v3-641131-641404-1A","GGAATTTTTTTTTTGGTGTTTTATTTTTTCGAAGGATACAGGATAATCTAAGACATTAAAATTATTGGGTTTGAAAAAGAGTTTCCTTTTTATGATGTGCAATAGAGGTATATTTATATAGGAAATATAAACATATAAAAGGAATATGATAAAAAGGAAATATTGACTTAATAAAATATTAATATTTCTTTTTTTCAAATATATTTCGT","Pf3D7_05_v3-641131-641404-1A.1","4+12N23+8N188+9N",209,1,1
"IM-23-122-YNLT","8039832366","Maziba","Pf3D7_05_v3-550803-551072-1A","ATATACACCTTTCTTATTTATATTAATCTTTTCATTTTTACAAGAAATCACCTCCCTACTTATTCGGTTGTCCTCATTTTCATATTTCATAACACCATCATTTATTTTTTCTATTTCTTTAATATTATTTTCTCCTTGGACGTAATTATGCTTTCCTATCATCTCCTTTGCTCTACTTCCTATATATACTAATTTCTCTCTGAA","Pf3D7_05_v3-550803-551072-1A.4","6D=ATA107+8N",409,1,1
"IM-23-122-YNLT","8039832366","Maziba","Pf3D7_03_v3-653961-654206-1A","CTCGTACAATATTTTTATAATTTCCTTTCATCTTATTTTTTTCTTTATATTTTTTTTTTTCATATGTAAGATTTATATAATCACTTTCGCTTTTTCTAACCCTTTTGAACTTTTTAAATGTACTTCGTTCATTATTTCTAATTCTCGTAAACACAAGAATAAATATTTTGATATATCTTATA","Pf3D7_03_v3-653961-654206-1A.2","35+9N49+13N",726,0.991803278688525,2
"IM-23-122-YNLT","8039832366","Maziba","Pf3D7_07_v3-1043981-1044225-1A","ATAATGATATGTTATTTCATCATCAGCATCGACTTCTTTCTTATTATGTTCAAACAAATTCTTATATTTTATATTATTGCATTTTTGTCTTTCCATATTTATAAAAGATTCTATTTTCTTTTTATAATCATTCCTTTTTATATAATTACACATTCCTTCATTTTGGTTGTCATAACTCTTCT","Pf3D7_07_v3-1043981-1044225-1A.2","36+8N",151,0.0804475226425146,2
"IM-23-122-YNLT","8039832366","Maziba","Pf3D7_07_v3-1043981-1044225-1A","ATAATGATATGTTATTTCATCATCAGCATCGACTTCTTTTTTATTATGTTCAAACAAATTCTTATATTTTATATTATTGCATTTTTGTCTTTCCATATTTATAAAAGATTCTATTTTCTTTTTATAATCATTCCTTTTTATATAATTACACATTCCTTCATTTTGGTTGTCATAACTCTTCT","Pf3D7_07_v3-1043981-1044225-1A.1","36+8N",1726,0.919552477357485,2
"IM-23-122-YNLT","8039832366","Maziba","Pf3D7_13_v3-2114242-2114482-1A","CTTCCATTAACTCAATATATAATTTATTAATAATTTTTAATTTGTTTATTTCAAAAAGGCATAGTTGTAACAAGGTTCTTAAGGTTCTATTACCCCCTAAGAGGTTAAAATGAATATTTCCTTTTTCTCGTATATGCAAAAAATCCCTTAACAATAAATCATATTCATCAGTATGAAATGT","Pf3D7_13_v3-2114242-2114482-1A.1","67G76T137+8N",1426,1,1
"IM-23-122-YNLT","8039832366","Maziba","Pf3D7_09_v3-163813-164052-1A","GTAATAATAATAATAATAATGTATTTCTTTCATCAAGTGATCCAAATAAATTAAACACAACACCATCACCATTTGGTTTATCATCTATTGGAAATCTAAATACAAACAATAAATTAAATAGCTTTCCAGATTTTAGTCAAGCTAATAAAACATTTCTACAAAATGATAGCTTAT","Pf3D7_09_v3-163813-164052-1A.1","2+19N28T131T",1060,0.917748917748918,2
"IM-23-122-YNLT","8039832366","Maziba","Pf3D7_11_v3-1294664-1294910-1A","AAAAGATAAATTATTTGAAAACTATACATATTTAAGTAAAAATGTAGTTGATAACTGGGAAAAAGTTTGCCCTAGAAAGAATTTAGAGAATGCAAAATTCGGATTATGGGTCGATGGAAATTGTGAAGATATACCACATGTAAATGAATTTTCAGCAAATGATCTTTTTGAATGTAATAAATTAGTTTTTGAATTG","Pf3D7_11_v3-1294664-1294910-1A.13","9A12T17G40A86G152T159A",1451,0.572612470402526,3
"IM-23-122-YNLT","8039832366","Maziba","Pf3D7_05_v3-958372-958608-1B","ATTTATAACAATTTTTACATATGCCAGTTCCTTTTTAGGTTTATTTATTTGGTCATTAATAAAAAATGCACGTTTGACTTTATGTATTACTTGCGTTTTTCCGTTAATTTATGTTTGTGGTGTCATATGTAATAAGAAAGTAAAATTAAATAAAAAAACATCTTTGTTATATAATAACAATACC","Pf3D7_05_v3-958372-958608-1B.1","45T60+8N151+9N",1431,0.934073107049608,2
"IM-23-122-YNLT","8039832366","Maziba","Pf3D7_13_v3-2504481-2504734-1B","TAAAATGTGTTGATGATTTTAACAATATGGTTATAACGATAAAAGAGGAAGTAAACAATCATTGGGAAAATAATATATACAATAAAAAGGATATGGTTAATTATACAAATGAAAATTATAATGATAATATATTAACATATGAATATATTAATGAAACACTTAGAAAAGAAAAAAAAAGATATTATA","Pf3D7_13_v3-2504481-2504734-1B.1","168+11N",387,1,1
"IM-23-122-YNLT","8039832366","Maziba","Pf3D7_13_v3-2545065-2545291-1A","ATGATTCCTCAAAAGTTTAACATTCCACATAGTATCTGTTAAATTGATAGTTTGCAAACAATTATACGTTTGGTTATTTTTATTTTTAAAAAAGGATATATGATCATCTAAAGATTTATTTTTGAGAAAGATTTCCATATATTCATATATATCATGAATACACCA","Pf3D7_13_v3-2545065-2545291-1A.1","87+8N154A",935,0.327610371408549,4
"IM-23-122-YNLT","8039832366","Maziba","Pf3D7_13_v3-2545065-2545291-1A","ATGATTCCTCAAAAGTTTAACATTCCACATAGTATCTGTTAAATTGATAGTTTGCAAACAATTATACGTTTGGTTATTTTTATTTTTAAAAAAGGATATATGATCATCTAAAGATTTATTTTTGAGAAAGATTTCCATATATTCATATATATCTTGTATACACCA","Pf3D7_13_v3-2545065-2545291-1A.3","87+8N157T",1695,0.593903293622985,4
"IM-23-122-YNLT","8039832366","Maziba","Pf3D7_01_v3-528859-529104-1A","TTTGATTCTTTTTAATGAAAAAGAAGCTAAAGATATGTCAGACCATATAATTTCCCAACAAAAACGTTATTGCTCTACCAATATTCATAGTAATTATAATAATAAAATATGTATATGTAAAAATAAGCGACATCATAACAAAAGAGGGAAAGGAATAAAGCATCCTGACATACATCAAAAGG","Pf3D7_01_v3-528859-529104-1A.2",".",4,0.00108991825613079,4
"IM-23-122-YNLT","8039832366","Maziba","Pf3D7_13_v3-1465901-1466157-1A","CATAAAGGGTCCGATAACATTTTTTACATTTTCCCATGCAGAATCAGCATACAAGTTACATTTACCATCTGATGGATGACAACCTACAAGAAATCTGTTGAAAGCTACATTAATACCTTGTCCAATACCAAAAACAGCTATTTTAACACCACGATCACTTAATTTTCTTGATTCTTTTAATGAATCTTGAATACTAT","Pf3D7_13_v3-1465901-1466157-1A.4","19+8N",8,0.00649878147847279,3
"IM-23-122-YNLT","8039832366","Maziba","Pf3D7_13_v3-1465901-1466157-1A","CATAAAGGGTCCGATAACATTTTTTACATTTTCCCATGCAGAATCAGCATACAAGTTACATTTACCATCTGATGGATGACAACCTACAAGAAATCTGTTGAAAGCTACATTAATACCTTGTCCAATACCAAAAACAGCTATTTTAACACCACGATCATTTAATTTTCTTGATTCTTTTAATGAATCTTGAATACTAT","Pf3D7_13_v3-1465901-1466157-1A.1","19+8N158T",122,0.09910641754671,3
"IM-23-122-YNLT","8039832366","Maziba","Pf3D7_06_v3-1128558-1128797-1A","ATTGAATCGTTGGTGTTTATTTTATTATTCCTCTTTTGTTTTTCAATGAATACAAATGTTTCATCGACACTATCTTTATGATCTATTGGTATGGCATGATTTTCTAAATTGCTATTTCTTTCATTAGAATTGTATTTTTCACTATTATAGGTTGAGGTTTTACTACATTTTATATTTTT","Pf3D7_06_v3-1128558-1128797-1A.1",".",1054,0.946990116801438,2
"IM-23-122-YNLT","8039832366","Maziba","Pf3D7_14_v3-2020604-2020849-1A","CAAGAACATGAATATTTCTGTATATACATAGACAAGTCCTCATTATGTCTTATCACAGGGTGCTCTTCTTTAATATGACAATATAATTTTATATGTTTTATTATTTCTTGATGAATTTCACATAATAAAAATAATGTGTGATTCATATGTTGACTACCCAATATAGAAAAGCCACTAACTAATTG","Pf3D7_14_v3-2020604-2020849-1A.4","23T65+8N",9,0.00584036340038936,5
"IM-23-122-YNLT","8039832366","Maziba","Pf3D7_14_v3-2020604-2020849-1A","CAAGAACATGAATATTTCTGTATATACATAGACAAGTCCTCATTATGTCTTATCACAGGGTGCTCTTCTTTAATATGACAATATAATTTTATATGTTTTATTATTTCTTGATGAATTTCACATAATAAAAATAATGTGTGATTCATATGTTGACTACTCAATATAGAAAAGCCACTAACTAATTG","Pf3D7_14_v3-2020604-2020849-1A.3","23T65+8N158T",909,0.589876703439325,5
"IM-23-122-YNLT","8039832366","Maziba","Pf3D7_11_v3-408543-408771-1A","AGAGTGTTAATAATACTACAGCTAGTAATATTTCCAAATCCAAAAATGAACTTGAAAAAAAGTCATCAGTTAATAATAATGCTTATATTAAAATTATCGAAAATTATGATTTATTATGGTTAAAATTAATAGAAATTGAATTATGTTGTAATAATAAAAATTTAAATCCTATA","Pf3D7_11_v3-408543-408771-1A.1","54+9N",25,0.14367816091954,2
"IM-23-122-YNLT","8039832366","Maziba","Pf3D7_14_v3-2260533-2260765-1A","AATAACCATCAAATACAAACTCAACCAACAAATACAGTACAATATATTCAACCAAATTATGAACAAGTCATAACACAAGTAGATCAAAATGGTAATCTATTCAATCAACAGCTTGTAGGAAGTACAGTAATGCAAAATATGACACCACAAGGTGTAAACACGTTAAATTATCCTGCAACG","Pf3D7_14_v3-2260533-2260765-1A.1","91G",1519,0.692342752962625,2
"IM-23-122-YNLT","8039832366","Maziba","Pf3D7_11_v3-497277-497548-1A","TTTTAGATTTAATTGAATATTCATTTTTAAATTATACTAGTTCTAATTTAAATACAATAAATAATAATAATGACAAAAAAAAACAAAATCAAAAAAATAAAAATCGCAAATATAGTAAAAATAATATTTTAGATCTCTATGAACACGTAAGTACGATCAGTTTATTTTATCACACGTTTAATTTACCTAAGGAGTATAATGAAAAATTGTT","Pf3D7_11_v3-497277-497548-1A.2","74+11N90+9N148T",15,0.0522648083623693,2
"IM-23-122-YNLT","8039832366","Maziba","Pf3D7_14_v3-2355614-2355853-1A","ACTTTTCTCGATTCACATTATCCAAACCCATTTAACGAGTATGAAAAATATGACAAACATTATTATGAACTTGAAAATATTTTAAAAAACAAACTTAATGAACATTCCTTAAATTATCAATCTTTGTTAAAAATGAAAAGATTTATAAGTATGAACCATATGGAAAATAATAA","Pf3D7_14_v3-2355614-2355853-1A.3","83+8N157C",776,0.583020285499624,2
"IM-23-122-YNLT","8039832366","Maziba","Pf3D7_04_v3-1113397-1113639-1A","GATTCTGCATGCAGTAATGAATCTATTGAAATCATCTAAGAATAAACTTTTTTGTTTAAACCATTTATTGAACATTTCACTTAAATGTGATTCAATTTTTTTTTCTGAGCTTTCCATAATTTGATTACAACTATTCAATTTGTTTGTATAAGTTTTAGGTCTTATTATTCTTTTACGTTTTAAATCATC","Pf3D7_04_v3-1113397-1113639-1A.2","47+8N95+11N",1431,0.600755667506297,3
"IM-23-122-YNLT","8039832366","Maziba","Pf3D7_04_v3-115455-115684-1A","TATTAATGTCATTTTGTTTTTCTTTATTATTATTATTTTTATTTTTTCCCTGGTTATCTTCCTTATTACCTAGCTTTTTTTTGTTGTCATTATTTTCTGTCTGATTATTATTTTTGACTTTGTTCATCTTTGAATTATTCGTTCTGTTTGTATGTCTCAAGCAAGGT","Pf3D7_04_v3-115455-115684-1A.5","24+25N74+10N139T",652,0.309151256519678,4
"IM-23-122-YNLT","8039832366","Maziba","Pf3D7_07_v3-627351-627625-1A","TCACTAAGATAATTATTATTACTATTTTCAGCATAATAAAATTTCTGATGTTTCATAAGAGGAGTTTGGTTAGAAGCAAAATTATCAGCAGTTGTCGAATAATTATTATGTTCTTGATAAAAGAGATTATTCATATAGTTATTATTATTTTTCATATCATCCATAGTATTATTGTTAATATAAAATTCCTCATATGAATTATATATATA","Pf3D7_07_v3-627351-627625-1A.3","54C",281,0.903536977491961,2
"IM-23-122-YNLT","8039832366","Maziba","Pf3D7_13_v3-479569-479811-1A","CTAGAGACGAATTTGATGATAAAAGAAAATTAAAAGAAGAGAAAATTAAACAATGCCAACTATTAAATGAAAAACAACGAGAAGAAAAAGAAAAAGAAGAAAGAATTCTGAGAGAAAAAGCTGTTGAATATACCTTACAAAATGAAGAAGAATATAAACAACTAAAACGAAAATT","Pf3D7_13_v3-479569-479811-1A.2","79G96+8N",1310,0.928419560595322,3
"IM-23-122-YNLT","8039832366","Maziba","Pf3D7_13_v3-479569-479811-1A","CTAGAGACGAATTTGATGATAAAAGAAAATTAAAAGAAGAGAAAATTAAACAATGCCAACTATTAAATGAAAAACAACTAGAAGAAAAAGAAAAAGAAAAAAGAATTCTGAGAGAAAAAGCTGTTGAATATACCATACAAAATGAAGAAGAATATAAACAACTAAAAGGAAAATT","Pf3D7_13_v3-479569-479811-1A.6","96+8N135A168G",78,0.0552799433026223,3
"IM-23-122-YNLT","8039832366","Maziba","Pf3D7_13_v3-479569-479811-1A","CTAGAGACGAATTTGATGATAAAAGAAAATTAAAAGAAGAGAAAATTAAACAATGCCAACTATTAAATGAAAAACAACTAGAAGAAAAAGAAAAAGAAAAAAGAATTCTGAGAGAAAAAGCTGTTGAATATACCTTACAAAATGAAGAAGAATATAAACAACTAAAACGAAAATT","Pf3D7_13_v3-479569-479811-1A.1","96+8N",23,0.0163004961020553,3
"IM-23-122-YNLT","8039832366","Maziba","Pf3D7_08_v3-336421-336651-1A","TAACAACGAACCCATAAATTTACAGAAAAATTTAGATTTAATCATATGGCTAAAAAAGAATATAAAAGAAGGAGAAGCTTTAATTTCTGATATACCTACATCAAGTTTTTTAAGGTGTACTACAAATTATAAATTTGTATTGCATCCCCAATATGAAGATAGT","Pf3D7_08_v3-336421-336651-1A.3","51+8N97T105+8N148C",1637,0.915036333147009,4
"IM-23-122-YNLT","8039832366","Maziba","Pf3D7_14_v3-921176-921432-1A","ACAATATTAATTTTTTAAGTTCATTATTTCAATTTTATATTTAGGAGGATCTATATCCATATATTATTCATTTTAAAAATATTAAAATAAATACATATATAAATATATAAACATATAAAAACAGTCTTTTAAAAATTAATAAGATTTATATAAAATATGGTTATAAATCCTATTTTGTATTATATTAAA","Pf3D7_14_v3-921176-921432-1A.5","15T186T",132,0.362637362637363,3
"IM-23-122-YNLT","8039832366","Maziba","Pf3D7_13_v3-815862-816091-1A","ATGATGTAGATGCTAACACAACATCCTGGTCAGTATCTTGTGATAAATAATTTAATTTATCCGCTAAAAAATAAAGTATAATTTCACAGCTTTTTTTATTTGTATCTGTGTTTTTCATGTTATCATAAAAAGACAAAGATGAAGTAGCACATGAGTTAATTA","Pf3D7_13_v3-815862-816091-1A.3","17C19C20A59A65+8N90+9N",3,0.00310880829015544,3
"IM-23-122-YNLT","8039832366","Maziba","Pf3D7_13_v3-815862-816091-1A","ATGATGTAGATGCTAACACAACATCCTGGTCAGTATCTTGTGATAAATAATTTAATTTGTCCGCTAAAAAATAAAGTATAATTTCACAGCTTTTTTTATTTGTATCTGTGTTTTTCATGTTATCATAAAAAGACAAAGATGAAGTAGCACATGAGTTAATTA","Pf3D7_13_v3-815862-816091-1A.1","17C19C20A65+8N90+9N",76,0.0787564766839378,3
"IM-23-122-YNLT","8039832366","Maziba","Pf3D7_13_v3-815862-816091-1A","ATGATGTAGATGCTAATAGCACATCCTGGTCAGTATCTTGTGATAAATAATTTAATTTATCCGCTAAAAAATAAAGTATAATTTCACAGCTTTTTTTATTTGTATCTGTGTTTTTCATGTTATCATAAAAAGACAAAGATGAAGTAGCACATGAGTTAATTA","Pf3D7_13_v3-815862-816091-1A.2","59A65+8N90+9N",886,0.918134715025907,3
"IM-23-122-YNLT","8039832366","Maziba","Pf3D7_13_v3-156713-156986-1A","TCCTTTTATGTGAACAAATTAAATATTGTAAATGATTTCTTTTTTGGAACACACCATAAAGATACACCTCAAGACAGTCAAAATGAACACAAAACGGATGAACCTAAAATACATAATGTTTTCAAAAAAAAAAATAACGATATCTTTGTTAATATTCCTCTACCAAAAATATTTAAAAATTTCTTACATTCCATATATTTTAGAACTCC","Pf3D7_13_v3-156713-156986-1A.1","39+8N47G50C68C123+13N",7,0.0164705882352941,2
"IM-23-122-YNLT","8039832366","Maziba","Pf3D7_13_v3-1724895-1725166-1B","CGCCATTTTCTCCTCCTGTAATTATATAAGAATCTGACAATGTGGCAGCTCCAAAATTCATTTTTTTCTCTGGTACACCATTTAGAAATTGCCATCTTTTATTAAATGGTTGATATTGTTCAACGGAATCTAATATGTTATGTTCATTATCAATACCTCCAACAACATATATTTGATTAAGGTAATTAAAAGCTGCTCCTGAACTTCTAG","Pf3D7_13_v3-1724895-1725166-1B.1","60+9N",391,1,1
"IM-23-122-YNLT","8039832366","Maziba","Pf3D7_01_v3-145388-145662-1A","GATATGTTTAAATATATGATTCTCGAAAAAACTTTTTTTATTTTTTTTGTCAATAGATAAATGATCAATATTTTCTATATTTAATCTATCAAGAATTTTTATATATCTATTATTTCTTTCTTCGATGGATAAATTATAAGAATCAATATCCTTTCTTTCATCAACAAACTTTTTTATTGTTAACTCCATTTTTTTATTTAAGATACCA","Pf3D7_01_v3-145388-145662-1A.4","25+25N94A169+8N188+9N",11,0.0763888888888889,2
"IM-23-122-YNLT","8039832366","Maziba","Pf3D7_13_v3-911757-912005-1A","GAGCCAACAATTTGATTTTCCACAACTTACTGAATCTTTAAAACATTGTGAACAGGTATCTGACATTTTTTTATTATCTTTGGCTAGTTCCTTTTGAACACATTCCATAGTACTATTACCTGAACCTAAGTTATCAACAGAACATTTTAATAATATACTAAAAAATTTATTGCTAGGAGAAAGTTGTAAA","Pf3D7_13_v3-911757-912005-1A.2","65+9N117T159+8N",1741,0.968298109010011,3
"IM-23-122-YNLT","8039832366","Maziba","Pf3D7_08_v3-585331-585590-1A","TGAAAACTTTTCATGTACGGTTAATAAACAAAATAATTCTGAATTATATATAAGTAAAACTTCTTCTACATCTCTAAATTTATGCATTGTAGCTCTTTTAAGATAATAAGGCAAATATTTTACAATATATTTTTGTTTAAAAAAACCTTGATGACCAACATTAATATCTTCCATTTTGGAAAAGGTTCCACTTAACG","Pf3D7_08_v3-585331-585590-1A.1","138+9N",398,0.854077253218884,2
"IM-23-122-YNLT","8039832366","Maziba","Pf3D7_08_v3-585331-585590-1A","TGAAAACTTTTCATGTACGGTTAATAAACAAAATAATTCTGAATTATATATAAGTAAAACTTCTTCTACATCTCTAAATTTATGCATTGTAGCTCTTTTAATATAATAAGGCAAATATTTTACAATATATTTTTGTTTAAAAAAACCTTGATGACCAACATTAATATCTTCCATTTTGGAAAAGGTTCCACTTAACG","Pf3D7_08_v3-585331-585590-1A.2","102T138+9N",68,0.145922746781116,2
"IM-23-122-YNLT","8039832366","Maziba","Pf3D7_08_v3-585993-586266-1A","TGTAAATATAAATCATACGTATGACATGAATCATCATTTAATGCATTCTTAATTGTTAATGCTAATCTACTTACAATAATATAAGCAAAGTTTATATGAGAATGAATACCTTCTTTTCCTAAAAAGTTATAAAGACTAACAAATGGAGCATATATTATAAATTTATCATACTTTTTTTTGTGCATAACTTCATTTAATAAAATATTT","Pf3D7_08_v3-585993-586266-1A.1","171+10N",897,0.94620253164557,3
"IM-23-122-YNLT","8039832366","Maziba","Pf3D7_13_v3-935613-935884-1A","CAAAATAATATGAATAGTAATAGTAATAGTTATAATAATTTTAATATAACAGATAGAAGTAAAGAAATAAAAAAAGATTATAAAAGAAACAAAATTTTAATAGTTATTAATAATATTAATACAAATCATATTTTATTATTAAATGAAAGTGTTATAAAAAAAAAAATACTTACATTTTATCTAGATCTTTTTTTTGATGATAATGAACAAAT","Pf3D7_13_v3-935613-935884-1A.2","68+11N155+13N187+10N",46,0.104783599088838,2
"IM-23-122-YNLT","8039832366","Maziba","Pf3D7_03_v3-221463-221712-1B","ACTTGAATACCATTTCCACAAGTTACACTACATGGGGACCATTCAGTTGAAAGAGAATTTTGTATTTTCTTTAAATATTTTTCTATGTGCTGATCACTTGGTTCTTCGTTATTATTATTTTTTACAGCATTGTTGGCATTAGCATTTTCATCTACATTTCGGTTTGGGTCATTTGGCATATTGTGACCTTGTC","Pf3D7_03_v3-221463-221712-1B.13","69C80T83C92G117+8N130T",214,0.30098452883263,4
"IM-23-122-YNLT","8039832366","Maziba","Pf3D7_03_v3-515418-515657-1A","TTTCCTTAATTTCTATATGTTTGAATTCCCTTATAGACATATTTGAATCATTATTACTTTTATATGAAGTGTTATTATCGAAATTATTATTAATACATTTTATTTTAATGATTTTGTTAAAATTTTTATTATTTACTATAATGGAAGTCAGATATGTACTTATCGTATGGAAAGCTAATCATCAACA","Pf3D7_03_v3-515418-515657-1A.2","5C",2859,0.916933932007697,2
"IM-23-122-YNLT","8039832366","Maziba","Pf3D7_05_v3-668763-669004-1A","TAATATTATCTGGCTCTGTAACCATGTCCGAACATATGTTAACAGGAGAATCTGTTCCTATACATAAAGAGCAGTTACCTTTTGAAGGAAATGCTATTATAAATAAAAATAATAAATATGAGAGTAACGATGAAAAGGATGATTACCTTCGTATTTATAATAATCATGCTAGTATTAATATGATCAAGCG","Pf3D7_05_v3-668763-669004-1A.7",".",1840,0.940695296523517,4
"IM-23-122-YNLT","8039832366","Maziba","Pf3D7_05_v3-668763-669004-1A","TAATATTATCTGGCTCTGTAACCATGTCCGAACATATGTTAACAGGAGAATCTGTTCCTATACATAAAGAGCGGTTACCTTTTGAAGGAAATGCTATTATAAATAAAAATAATAAATATGACAGTAACGATGAAAAGGATGATTACCTTCGTATTTATAATAATAATGCTAGTATTAATATGATCAAGCG","Pf3D7_05_v3-668763-669004-1A.8","73G122C165A",111,0.0567484662576687,4
"IM-23-122-YNLT","8039832366","Maziba","Pf3D7_11_v3-1293919-1294168-1A","ACCATATCAAAATAGTGATGTGTATCATCCAATCAACGAACATAGGGAACATTCAAAAGAATACGAATATCCATTACACCAGGAACATACATACCAACAAGAAGATTCAGGAGAAGACGAAAATACATTACAACACGCATATCCAATAGACCACGAAGGTGCCGAACCCGCACCACAAGAACAAAATTTAT","Pf3D7_11_v3-1293919-1294168-1A.7","1A27A53T",504,0.393135725429017,4
"IM-23-122-YNLT","8039832366","Maziba","Pf3D7_07_v3-475313-475545-1A","AGCTTTATTATCTACAAAAAATCCACGTGGATATATGAAACAAATGAAATTGTATTTTATATTCCAAATTAAAGAAATTGCATTAAGAAAACATGGCTCTTTACTTACAGTCAAAAATTTATATGATAATAAACTTTTAAATATAAATTCATCATCTTCTACAAATA","Pf3D7_07_v3-475313-475545-1A.2","15+8N125G",1368,0.990586531498914,2
"IM-23-122-YNLT","8039832366","Maziba","Pf3D7_13_v3-2114829-2115090-1A","ATTCAATATATATAAAAATATAGCTAATAAACATTTCAAATCTCCATTAAGAACTTTATTCATCTTAACAAAAGCTCTATGAACTTCTGTATCTATAGTCGATTTTGTTATTCTAAGCATATCATTAAGTAAAAAATTTACGGTATCGACATTAACAGTGTAATAATTTCTTCCTAAATTTAAATGTTCTATATAATTCAA","Pf3D7_13_v3-2114829-2115090-1A.5","130+8N",348,0.375809935205184,2
"IM-23-122-YNLT","8039832366","Maziba","Pf3D7_09_v3-164045-164311-1A","ATCAACTGGTGTTGCAAAACCATTAGTTACCAATTTTAATTCTCCATTTAGTGCTTTTGGTAAAACAAATACCAGTGATATATTTAAAACTAATACTACTGCATCAACTACAAATGCAACTGCAACTGCAACTCCTGCTCCCTTTGGATCAGCATTTGGAGCGCAAAAGAATAATGATAGCTTGTTTGGAAATAATGCATTCAAGCTTTCG","Pf3D7_09_v3-164045-164311-1A.1",".",1008,0.99604743083004,2
"IM-23-122-YNLT","8039832366","Maziba","Pf3D7_09_v3-202854-203106-1A","AATATACAAAGAATGCATATGATAAAATATTCTTTGTCCTTTAAAATTTTTTGTTCTTGTACTTTGTTTTTTATAATCTATTAAATTCATATCTGATGAAATATCATATTTATATTCCCCTTTATGAGCATTTACAAAAGTTTCGCTATTTCTTTTATTAATATATGTATTTGAGCACATATTTTTAT","Pf3D7_09_v3-202854-203106-1A.1","16C46+8N66+8N183T",20,0.0150715900527506,3
"IM-23-122-YNLT","8039832366","Maziba","Pf3D7_05_v3-958920-959168-1B","AATAATAAATCGAAAACCATTAGTTGAAAATAATGATGATGGAGAAACATTACCAAATATTAAAAAAATTGAATTTAAAAATGTAAGATTTCATTATGATACTAGAAAAGATGTTGAAATTTATAAAGATTTAAGTTTTACTCTAAAAGAAGGGAAAACATATGCATTTGTGGGAGAATCA","Pf3D7_05_v3-958920-959168-1B.1","61+9N",755,1,1
"IM-23-122-YNLT","8039832366","Maziba","Pf3D7_01_v3-181512-181761-1A","TTCATTATTGTTTTCATTCTTTTTTTAACTAAAACTATTCATCTCAAAAATATAAGATATTTTATATGACGAATGCCATTGTATTTTTTGTTACGTAAAACCTGACTTCTTCAAGGAAAACACATGCGCATTTTCACCAATTTTTGCCTAAGCTTATTATAAAAAGTATATTAAATGTATGAC","Pf3D7_01_v3-181512-181761-1A.1","19+9N30T83+8N",1136,0.904458598726115,4
"IM-23-122-YNLT","8039832366","Maziba","Pf3D7_01_v3-194742-194973-1B","TACCTATAAAAATGAAAAAAATAAAGAAGAAGATAAATATGGAAAAAATGAAAAAAACGAAAAATATGACAAATATGACAAATATGAAAAATATGAAAAATATGATAAATACAAAAAAGATAATAAAAATCAACATGATGATCCACTTTATGATAATATTAATAAAAATTACGATAA","Pf3D7_01_v3-194742-194973-1B.2","14+9N42+17N112+8N",178,0.125,2
"IM-23-122-YNLT","8039832366","Maziba","Pf3D7_01_v3-528859-529104-1A","TTTGATTCTTTTTAATGAAAAAGAAGCTAAAGATATGTCAGACGATATAATTTCCCAACAAAAACGTTATTGCTCTACCAATATTCATAGTAATTATAATAATAAAATATGTATATGTAAAAATAAGCGACATCATAACAAAAGAGGGAAAGGAATAAAGCATCATGACATACATCAAAAGG","Pf3D7_01_v3-528859-529104-1A.11","44G165A",264,0.0719346049046321,4
"IM-23-122-YNLT","8039832366","Maziba","Pf3D7_01_v3-528859-529104-1A","TTTGATTCTTTTTAATGAAAAAGAAGCTAAAGATATGTCAGACCATATAATTTCCCAACAAAAACGTTATTGCTCTACCAATATTCATAGTAATTATAATAATAAAATATGTATATGTAAAAATAAGCGACATCATAACAAAAGAGGGAAAGGAATAAAGCATCATGACATACATCAAAAGG","Pf3D7_01_v3-528859-529104-1A.1","165A",2169,0.591008174386921,4
"IM-23-122-YNLT","8039832366","Maziba","Pf3D7_04_v3-748105-748359-1B","TGTGCATGTTGTAAGGTTGAAAGCAAAAATGAGGGGAAAAAAAATGAGGTTTTTAATAACTACACATTTAGAGGTCTAGGAAATAAAGGAGTATTACCATGGAAATGTATTTCCCTAGATATGAAATATTTTCGTGCAGTTACAACATATGTGAATGAATCAAAATATGAAAAATTGAAATATAAGAGATGTAAAT","Pf3D7_04_v3-748105-748359-1B.1","36+10N110T133C",699,1,1
"IM-23-122-YNLT","8039832366","Maziba","Pf3D7_04_v3-748374-748611-1B","AAACTGGGAAAGCATTCCAAAAAAATTTAAACCTTTAAGCAATAGGATAAATGTTATATTGTCTAGAACCTTAAAAAAAGAAGATTTTGATGAAGATGTTTATATCATTAACAAAGTTGAAGATCTAATAGTTTTACTTGGGAAATTAAATTACTATAAATGTTTTATATTAG","Pf3D7_04_v3-748374-748611-1B.3","3A18+9N72+9N169A170T",543,0.392341040462428,2
"IM-23-122-YNLT","8039832366","Maziba","Pf3D7_11_v3-1968050-1968296-2","TCATTACACTAGTCATGATTGGTTTAGATTATTACGCCAAGGGAATAAAGCTCAAAATTCCATTTCTCAGGAAGTAGACATATTAACGGAAAAGTATAAAAAATTAATTTCAGAGGAAGACAATAAAAAAGAAAATAACAATAATAATGATGATGAAGTAAAACCAGAACTAAAAGACAATATA","Pf3D7_11_v3-1968050-1968296-2.2","97+8N124+8N",156,0.0470588235294118,2
"IM-23-122-YNLT","8039832366","Maziba","Pf3D7_14_v3-2260533-2260765-1A","AATAACCATCAAATACAAACTCAACCAACAAATACAGTACAATATATTCAACCAAATTATCAACAAGTCATAACACAAGTAGATCAAAATGGTAATCTATTCAATCAACAGCTTGTAGGAAGTACAGTAATGCAAAATATGACACCACAAGGTGTAAACACGTTAAATTATCCTGCAACG","Pf3D7_14_v3-2260533-2260765-1A.3","61C91G",675,0.307657247037375,2
"IM-23-122-YNLT","8039832366","Maziba","Pf3D7_08_v3-412801-413062-1A","ATGAAGAAATATACGAATATATACTTATAAACGATATTTTTAATTTAAAAAAAGAAATAAAAAATTTCAATATATTAAATAAATATGATGTATTTGAATATATTATTATTATTTTAAAATTGTATGATAAAATATATCCTGATGCAGAGTACATCGAATGTGTACGAGAAACATCACAGAATGGTGACCTTTTA","Pf3D7_08_v3-412801-413062-1A.4","46+9N58+8N101+13N147G188C190T",144,1,1
"IM-23-122-YNLT","8039832366","Maziba","Pf3D7_11_v3-408543-408771-1A","AGAGTGTTAATAATACTACAGCTAGTCATATTTCCAAATCCAAAAATGAACTTGAAAAAAAGTCATCAGCTAATAATAATGCTTATATTAAAATAATCGAAAATTATGATTTATTATGGTTAAAATTAATAGAAATTGAATTATGTTGTAATAATAAAAATTTAAATCCTATA","Pf3D7_11_v3-408543-408771-1A.2","27C54+9N70C95A",149,0.85632183908046,2
"IM-23-122-YNLT","8039832366","Maziba","Pf3D7_07_v3-627351-627625-1A","TCACTAAGATAATTATTATTACCATTTTCAGCATAATAAAACTTCTGATGTTTTATAAGAGGAGTTTGGTTAGAAGCAAAATTATCAGCAGTTGTTGAATAATTATTATGTTCTTGATAAAAGAGATTATTCATATAGTTATTATTATTTTTCATATCATCCATAGTATTATTGTTAATATAAAATTCCTCATATGAATTATATATATA","Pf3D7_07_v3-627351-627625-1A.2","23C42C96T",30,0.0964630225080386,2
"IM-23-122-YNLT","8039832366","Maziba","Pf3D7_04_v3-1113397-1113639-1A","GATTCTGCATGCAGTAATGAATCTATTGAAATCATCTAAGAATAAACTTTTTTGTTTAAACCATTTATTGAACATTTCACTTAAATGTGATTCAATTTTTTTTTCTGAGATTTCCATAATTTGATTACATCTATTCAATTTGTTTGTATAATTATTAGGTCTTATTATTCTTTTACGTTTTAAATCATC","Pf3D7_04_v3-1113397-1113639-1A.4","47+8N95+11N110A130T152T154A",171,0.0717884130982368,3
"IM-23-122-YNLT","8039832366","Maziba","Pf3D7_07_v3-896613-896849-1B","ACAATGAAAAAATGTATTAATGATGAATTATATAAAATAAAAATAAATGTAGGTTTATATAAAAAGGATAGAAAAAAATTATCCTTTTTTATATTGTTGCATAAATTTTATTTAGATAATTATAATATTGTTATTAATAAATTAAAAAATATGAATAATTTAATAGAAA","Pf3D7_07_v3-896613-896849-1B.1","6+8N71+9N84+8N143+8N",600,1,1
"IM-23-122-YNLT","8039832366","Maziba","Pf3D7_13_v3-388138-388408-1A","ATATATCTTTATTCATATGTTCTATATATTGTCTTTGTCTCTTTTCCTTTCTCATATCAGATATTATTGAATAATTTCCTTTATCACATACATATCTAGGATTATGTGATAATTCATAAGCTGCTCTTTTTAAAACTCTATTCTTTTCTTTAAAACTATTAAATTTTATATTATTGTTCATATTAGATGTGTTCCTTTTAATAATA","Pf3D7_13_v3-388138-388408-1A.1","194C",857,1,1
"IM-23-122-YNLT","8039832366","Maziba","Pf3D7_13_v3-156456-156685-1A","ATTATATGATATTTATATAAAATTAGAAAATCTAATTTTAGAAAAAATAACTGAAAGTATATACAATAGTACACCTCCATATAGAGTTATTATGTTCGAATTAATGACCAGATTATTTCGATTTTATACAAAACCAATAGACCTTATTATTACTATGAATACAC","Pf3D7_13_v3-156456-156685-1A.1","41+8N",597,0.978688524590164,2
"IM-23-122-YNLT","8039832366","Maziba","Pf3D7_08_v3-336421-336651-1A","TAACAACGAACCCATAAATTTACAGAAAAATTTAGATTTAATCATATGGCTAAAAAAGAATATAAAAGAAGGAGAAGCTTTAATTTCTGATATACCCACATCAAGTTTTTTAAGGTGTACTACAAATTATAAATTTGTATTGCATCCACAATATGAAGATAGT","Pf3D7_08_v3-336421-336651-1A.1","51+8N105+8N",132,0.0737842370039128,4
"IM-23-122-YNLT","8039832366","Maziba","Pf3D7_14_v3-771407-771633-1A","ACCCACGGGACATTTTAATTTATACCTATTGGAACATTTTTTATTAGGTCTTTCTTTATGATTCTTCTTTAAAATAGGTTCATCATTATTTGAGTAAACTAACAGATCATTATCGTTCTCAAAATTATTATAACCATCAATATTTTTATTTCCATATACATCTATAA","Pf3D7_14_v3-771407-771633-1A.6","36+8N108C",1997,0.659511228533686,2
"IM-23-122-YNLT","8039832366","Maziba","Pf3D7_02_v3-628941-629172-1A","ACTTTTTTTAGATTTTTCTTGATCGTTTTCATCATTTTTTATTTCCTGTTCATCTGAGGTTTTCTTTTGTAAACGCTTAGTGCGTCCCTTTTGACCTTTTAATTTTTTTTTAAATATATTTTTAACTTGATCAATGAAGAAAGCATAATCTTGTATGACAGAAAATCT","Pf3D7_02_v3-628941-629172-1A.4","2+9N34+8N86C102+11N",987,0.922429906542056,3
"IM-23-122-YNLT","8039832366","Maziba","Pf3D7_08_v3-399693-399961-1A","CTTTTCTTCACCTTGGTTTATTACATTATTATTTTCATCATTGTGTTGAATGTCCTTATAAATATGTTCATTAATAATATCTTTGGAAGTATCTTCCATATTTTCTTCTTTATCAATTTTAAATACTTTTTCATAACTTTCATTTTCTTTTTTCTCCTTGGATGTTTCTAATTTATTCAAGTCATTTTTATCAAAATTATTTTTATAACTTTCA","Pf3D7_08_v3-399693-399961-1A.3","147+8N179A180A",625,0.920471281296024,3
"IM-23-122-YNLT","8039832366","Maziba","Pf3D7_08_v3-399693-399961-1A","CTTTTCTTCACCTTGGTTTATTACATTATTATTTTCATCATTGTGTTGAATGTCCTTATAAATATGTTCATTAATAATATCTTTGGAAGTATCTTCCATATTTTCTTCTTTATCAATTTTAAATACTTTTTCATAACTTTCATTTTCTTTTTTCTCCTTGGATGTTTCTAATTTATTCTCGTCATTTTTATCAAAATTATTTTTATAACTTTCA","Pf3D7_08_v3-399693-399961-1A.1","147+8N",10,0.0147275405007364,3
"IM-23-122-YNLT","8039832366","Maziba","Pf3D7_05_v3-213027-213251-1A","ATGTACTTATCCCCTGATATGATTCCTCCAATATCATCAAAATCAGTAATCTCTAAATCATTTATATGATTTATATGTATAAATTCTTTTATCTTGTTCAAATAATTTCTGTAATAAAATATATTCTCTTTATCATCATCAATTATTTTCATATAATC","Pf3D7_05_v3-213027-213251-1A.2",".",4,0.00183402109124255,2
"IM-23-122-YNLT","8039832366","Maziba","Pf3D7_11_v3-119432-119705-1A","CTCCTTTATATTCATCAAGAAATTTCATCCAAAAGTAATTATGTTTTTCTTGTTGATATTTTGCTTTATACAAACGAGCAAGATACTTATTATACGATTCATGCTCTTTAATTTTCTTTTCAAAAGTTTTGGTTATAATGTGTTCAAGTGATTGTAAAGTATTTTTCTTTAATTTTCTCCATATTAATCTACATGCGATTATAAGAA","Pf3D7_11_v3-119432-119705-1A.2","33A89A",590,0.97682119205298,2
"IM-23-122-YNLT","8039832366","Maziba","Pf3D7_08_v3-476232-476475-1A","CAAACACATGATAAACAAAAGTGTAAGGAAAATTTTTCAAATTCATTTGTTAATGAAATATATGAAAAAGAAGAAAAAGAAACGCAAAAAATGAAAGAATATTTAGAACAACATGAAGAACATTTTTCAACGTTTAGAAATTCAATTTTATGTAAATTAAGAATAGCTGAAGAATT","Pf3D7_08_v3-476232-476475-1A.1","85+8N",10,0.00980392156862745,2
"IM-23-122-YNLT","8039832366","Maziba","Pf3D7_05_v3-350808-351052-1A","TAATATAATTTGAGTTGATAATATTATAATTATTTTTTATATGTTGCTCATTTATATTATTATGATAAATATGAGTTGTATTTTTATTAGAGTTGTAGGACATTTTCCCATACATTAGTTGTTTTACATTTTTAACATTTTTATAATTATGTATTAAACATAAAATTATTAGATAAA","Pf3D7_05_v3-350808-351052-1A.5","32+8N116T164A",54,0.0496323529411765,3
"IM-23-122-YNLT","8039832366","Maziba","Pf3D7_05_v3-350808-351052-1A","TAATATAATTTGAGTTGATAATATTATAATTATTTTTTATATGTTGCTCATTTATATTATTATGATAAATATGAGTTGTATTTTTATTAGAGTTGTAGGACATTTTCCCATACATTAGTTGTTTTACATTTTTAACATTTTTATAATTATGTATTAAACATAAGATTATTAGATAAA","Pf3D7_05_v3-350808-351052-1A.1","32+8N116T",1028,0.944852941176471,3
"IM-23-122-YNLT","8039832366","Maziba","Pf3D7_05_v3-369676-369949-1A","TGTAATATTATATATCCTGTTATAAATAAATCATTGGATATGGATGTGAAAAAAGAAGATATAAAAAAAAATGTAGAAGAAAATAAATATATAGAACATACACAGAATTTGAAAAATTATTTAGAAAATGATGAAAATGAGAAAAAAAAAAGAAGAAAAAGATCAAATAATAATGACAATTATAATTCTCATGATAATAATATTTTTCA","Pf3D7_05_v3-369676-369949-1A.1","48+8N62+11N141+12N",213,0.938325991189427,2
"IM-23-122-YNLT","8039832366","Maziba","Pf3D7_03_v3-221295-221532-2","AAGGAACAAGAAGGATAATACCATTATTAATCCTATTGAACTATTTACGACATTAAACACACTGGAACATTTTTCCATTTTACAAATTTTTTTTTCAATATCATTTGCATAATCTAATTGGTCTTTAGGTTTATTAGCAGAGCCAGGCTTTATTCTAACTTGAATACCATTTCCACAAGTTA","Pf3D7_03_v3-221295-221532-2.1","86+11N120G",1127,0.596296296296296,4
"IM-23-122-YNLT","8039832366","Maziba","Pf3D7_03_v3-221295-221532-2","AAGGAACAAGAAGGATAATACCATTATTAATCCTATTGAACTATTTACGACATTAAACACACTGGAACATTTTTCCATTTTACAAATTTTTTTTTCAATATCATTTTCATAATCTAATTGGTCTTTAGGTTTATTAGCAGAGCCAGGCTTTATTCTAACTTGAATACCATTTCCACAAGTTA","Pf3D7_03_v3-221295-221532-2.2","86+11N107T120G",110,0.0582010582010582,4
"IM-23-122-YNLT","8039832366","Maziba","Pf3D7_03_v3-221463-221712-1B","ACTTGAATACCATTTCCACAAGTTACACTACATGGGGACCATTCAGTTGAAAGAGAATTTTGTATTGTCTTTAAATATTTTTCTATGTGCTGATCACTTGGTTCTTCGTTATTATTATTTTTTACAGCATTGTTGGCATTAGCATTTTCATCTACATTTCGGTTTGGGTCATTTGGCATATTGTGACCTTGTC","Pf3D7_03_v3-221463-221712-1B.27","67G69C80T83C92G117+8N130T",430,0.60478199718706,4
"IM-23-122-YNLT","8039832366","Maziba","Pf3D7_08_v3-585703-585949-1A","AAACACATCATCAAAAGTTTCTGATATTGGCTTGTTTGATTCTTTATATTTAAAATCTTTATATAAATAAAATCTATCTTTCTTAAAATATGGATCTTTACGTACTTCAATCGAATCCCTATCAGTTACAATATTTATATCTTTTAATGTTAAGTGGAAATTAGAATCAATAATAGCTA","Pf3D7_08_v3-585703-585949-1A.2","118C",1437,0.934330299089727,2
"IM-23-122-YNLT","8039832366","Maziba","Pf3D7_05_v3-395887-396136-1A","TCTAAGGATTGTTGGTTTTTTAGGATGCTCATCTTTTTAAGATAATCCTCTTTACTGTCGTTATTATTTAAATCGTTTTGTATAATATTATATTGTGAATTCCTTGTGTTTTTCATAACACTATTAGTCCTATTGGTGTTCTTCTTCTTATTATTATTATTATTGTTCTTCTTCTTAATAAA","Pf3D7_05_v3-395887-396136-1A.1","15+8N119C145+20N",49,0.0926275992438563,2
"IM-23-122-YNLT","8039832366","Maziba","Pf3D7_03_v3-221463-221712-1B","ACTTGAATACCATTTCCACAAGTTACACTACATGGGGACCATTCAGTTGAAAGAGAATTTTTTATTGTCTTTAAATATTGTTCTATGTGCTTATCACTTGGTTCTTCGTTATTATTATTTTTTACAGCATTGTTGGCATTAGCATTTTCATCTACATTTCGGTTTGGGTCATTTGGCATATTGTGACCTTGTC","Pf3D7_03_v3-221463-221712-1B.1","62T67G69C80G83C117+8N130T",53,0.0745428973277075,4
"IM-23-122-YNLT","8039832366","Maziba","Pf3D7_06_v3-851492-851765-1A","ACAATAGTACATTGTGCATTTACATCACAACCTCCATTATTTTTTGAACAGTTCATATCTTTCATAGGTATACATTTAAAATAATTTACACTCATATCAACTATATAATTAGGTCGGCATCTACATTGTTCTTTATCTTTTTCGACAATATAACAACGTGAATTGGGTCCACATTTGGAATATTCACAAATATAATTTACTTTAAATATAACAAAATTTCTCA","Pf3D7_06_v3-851492-851765-1A.3","14G39+8N",69,0.0730932203389831,2
"IM-23-122-YNLT","8039832366","Maziba","Pf3D7_07_v3-1028330-1028603-1A","TAAAGAATATTTTTATTTCTAATATTATGGCTAAAAGGAAAATTATTTAATTTCATTTTTTGTGGGTTACTTGTATCATTACAACTCATCATCATGACCATATTATTATTATTATTATTGTTGTTGTTGTTGTTGTGGTGGTTCATTACCAATAAATTTGTGTTATTATGTTCATCCTTTTTTATATTAACAATTTCATTTCTATAA","Pf3D7_07_v3-1028330-1028603-1A.2","55+8N101+36N177+8N202C",378,1,1
"IM-23-122-YNLT","8039832366","Maziba","Pf3D7_11_v3-2001725-2001999-2","AGATGTAAGAACTAAGAATGTAAATACAAGTAAGAGAAATGAAGGACTTAATGATATAAATGAATCAGAAAAAACAAGAACAAGAAGGCCATCAACAAAATCAAATAATAATAATGTATCATACGAGAATGAATTAGAGAGTGTATCTGAATCGTTTGATAACTTTTTGGAGGATCATATGAAGGAAGGTGTTTTTTTAGATGGGGAAAA","Pf3D7_11_v3-2001725-2001999-2.2","68+8N191+9N",387,0.667241379310345,3
"IM-23-122-YNLT","8039832366","Maziba","Pf3D7_07_v3-475313-475545-1A","AGCTTTATTATCTACAAAAAATCCACGTGGATATATGAAACAAATGAAATTGTATTTTATATTCCAAATTAAAGAAATTGCATTAAGAAAACATGGCTCTTTACTTACAGTCAAAAATTTATATAATAATAAACTTTTAAATATAAATTCATCATCTTCTACAAATA","Pf3D7_07_v3-475313-475545-1A.1","15+8N",13,0.00941346850108617,2
"IM-23-122-YNLT","8039832366","Maziba","Pf3D7_09_v3-164045-164311-1A","ATCAACTGGTGTTGCAAAACCATTAGTTACCAATTTTAATTCTCCATTTAGTGCTTTTGGTAAAACAAATACCAGTGATATATTTAAAACTAATACTACTGCATCAACTACAAATGCAACTGCAAATGCAACTCCTGCTCCCTTTGGATCAGCATTTGGAGCGCAAAAAAATAATGATAGCTTGTTTGGAAATAATGCATTCAAGCTTTCG","Pf3D7_09_v3-164045-164311-1A.2","126A169A",4,0.00395256916996047,2
"IM-23-122-YNLT","8039832366","Maziba","Pf3D7_05_v3-796518-796759-1A","TGGTTCTTCAATTGTTCATATAAGTTCTTTATTAGTAGGTGTATATTTATGTAGTAGTAGTGCAAATGCATTTAATCAAATTATTGAAAGAAATATAGATAAGTTAATGAAAAGAACCCAAAAAAGACCCTTAGCAAATAATAATCCAAATATGTCAGTTAAACATGCTGAAATAT","Pf3D7_05_v3-796518-796759-1A.4","119+8N",659,0.590501792114695,2
"IM-23-122-YNLT","8039832366","Maziba","Pf3D7_05_v3-796518-796759-1A","TGGTTCTTCAATTGTTCATATAAGTTCTTTATTAGTAGGTGTATATTTATGTAGTAGTAGTGCAAATGCATTTAATCAAATTATTGAAAGAAATATAGATAAGTTAATGAAAAGAACCCAAAAAAGACCCTTAGCAAATAATAATCCAAATATGTCAGTTAAGCATGCTGAAATAT","Pf3D7_05_v3-796518-796759-1A.2","119+8N163G",457,0.409498207885305,2
"IM-23-122-YNLT","8039832366","Maziba","Pf3D7_05_v3-958372-958608-1B","ATTTATAACAATTTTTACATATGCCAGTTCCTTTTTAGGTTTATATATTTGGTCATTAATAAAAAATGCACGTTTGACTTTATGTATTACTTGCGTTTTTCCGTTAATTTATGTTTGTGGTGTCATATGTAATAAGAAAGTAAAATTAAATAAAAAAACATCTTTGTTATATAATAACAATACC","Pf3D7_05_v3-958372-958608-1B.2","60+8N151+9N",101,0.0659268929503916,2
"IM-23-122-YNLT","8039832366","Maziba","Pf3D7_01_v3-181512-181761-1A","TTCATTATTGTTTTCATTCTTTTTTTAACGAAAACTATTCATCTCAAAAATATAAGATATTTTATATGACGAATGCCAATGTATTTTTTGTTACGTAAAACCTGACTTCTTCAGGGAAAACACATGCGCATTTTCACCAATTTTTGCCTAAGCTTATTATAAAAAGTATATTAAATGTATGAC","Pf3D7_01_v3-181512-181761-1A.40","19+9N79A83+8N114G",87,0.0692675159235669,4
"IM-23-122-YNLT","8039832366","Maziba","Pf3D7_05_v3-961511-961758-1B","CTGCAGAAGATTATACTGTATTTAATAATAATGGAGAAATATTATTAGATGATATTAATATATGTGATTATAACTTAAGAGATCTTAGAAACTTATTTTCAATAGTTAGTCAAGAACCCATGTTATTTAATATGTCCATATATGAAAATATCAAATTTGGAAGAGAAGATGCAACATTGGAAGAT","Pf3D7_05_v3-961511-961758-1B.1",".",1177,1,1
"IM-23-122-YNLT","8039832366","Maziba","Pf3D7_01_v3-194742-194973-1B","TACCTATAAAAATGAAAAAAATAAAGAAGAAGATAAATATGGAAAAAATGAAAAAAACGAAAAATATGACAAATATGACAAATATGACAAATATGACAAATATGAAAAATATGATAAATACAAAAAAGATAATAAAAATCAACATGATGATCCACTTTATGATAATATTAATAAAAATTACGATAA","Pf3D7_01_v3-194742-194973-1B.10","14+9N42+17N88C97I=CAAATATGA112+8N",1246,0.875,2
"IM-23-122-YNLT","8039832366","Maziba","Pf3D7_01_v3-455794-456054-1A","AGAAAAAAAATTTATTAAGAGGTATTTCGATTTTAAAAATTTAAGAATTAATTTTTAATTATGTCTATAAAAACTTAATAGAAAATAAATATTATTTTGTTTTTCAAAAAAATGTTTAAGAATAATATTTCTTTATTCTTTTACAATTTAGAACATATAATGCTATTTCTTTTAATTTTAATTTAATTTCAAA","Pf3D7_01_v3-455794-456054-1A.1","2+10N105+9N",329,1,1
"IM-23-122-YNLT","8039832366","Maziba","Pf3D7_06_v3-1128558-1128797-1A","ATTGAATCGTTGGTGTTTATTTTATTATTCCTCTTTTGTTTTTCAATGAATACAAATGTTTCATCGACACTATCTTTATGATCTATTGGTATGGCATGATTTTCTAAATTGCTATTTCTTTCATTAGAATTGTATTTTTCACTATTATAGGTTGAGATTTTACTACATTTTATATTTTT","Pf3D7_06_v3-1128558-1128797-1A.2","157A",59,0.0530098831985624,2
"IM-23-122-YNLT","8039832366","Maziba","Pf3D7_09_v3-595828-596094-1A","ATAATTTTTTCATCGTTCTTATACATGAATGATAAAGTCTTTTTGCAAAATTTTTTGAAGAGATCAGATTTGAGATAAAGACGTTTGGCTAATCTATAGGAGAATTCTAGAGCATCTAATTTTATATTTAAACATTTTTTCGTATCCAATATATTATAATTTTGTTCATAAGTCTGTTCGTTTATATTATTTAATACTTTT","Pf3D7_09_v3-595828-596094-1A.4","4+8N27G50+8N94C99G108T134+8N180G",32,0.0550774526678141,2
"IM-23-122-YNLT","8039832366","Maziba","Pf3D7_14_v3-3214249-3214516-1A","TAAATAAAAAAGGATTAGATGATTTAATAAAAGATTTGTTAAAATATTTTCCAAAGAATTCAATTAGCGATCGTTTTGAATTGTTAGAATTTAAAATGACGGAGGATTGTTATACAAAAATGTGGTTTGATTTTATGAGTGATTTTGGAATAGCTACAATGAATGAAAGCGAACATACTAGATCTTTTTATGGCTTAATCGAA","Pf3D7_14_v3-3214249-3214516-1A.2","5+8N169G194C",79,0.0525265957446809,3
"IM-23-122-YNLT","8039832366","Maziba","Pf3D7_02_v3-630641-630907-1A","CTAAGTTATCTAAAATTATTAATTTTTTCAAATATGGTAATTCATGTCTATGAAGTAATAAGCCATCAACTAAATCTAAATCTAAACATAACCATTCTAATTTCGTTTCATTTAATATGTTTACAATTACATCTATACTAAAGTTAGAATGTAAAATCAAGGTTGTTACACCACTCATCATAGCTGCCATATCAACAAT","Pf3D7_02_v3-630641-630907-1A.3","22+8N",696,0.920634920634921,2
"IM-23-122-YNLT","8039832366","Maziba","Pf3D7_02_v3-630641-630907-1A","CTAAGTTATCTAAAATTATTAATTTTTTCAAATATGGTAATTTATGTCTATGAAGTAATAAGCCATCAACTAAATCTAAATCTAAACATAACCATTCTAATTTCGTTTCATTTAATATGTTTACAATTACATCTATACTAAAGTTAGAATGTAAAATCAAGGTTGTTACACCACTCATCATAGCTGCCATATCAACAAT","Pf3D7_02_v3-630641-630907-1A.1","22+8N43T",60,0.0793650793650794,2
"IM-23-122-YNLT","8039832366","Maziba","Pf3D7_04_v3-109939-110184-1A","CAACATCTGAATTATATAAATCTTTAGAAAAACAACTAATATCCTTACTCCATATATTTATTTTTATACCAAGAATAACAGCCATATAAACCAAAACTCTCTCAAATGCATGTGATACAGGTAAATAAGAAAAATGGGTTTTCGGTTTCATGTTTTTTATTACATTATGATCACATAATGGTGCTACT","Pf3D7_04_v3-109939-110184-1A.2","51C108G152+8N",865,0.974099099099099,2
"IM-23-122-YNLT","8039832366","Maziba","Pf3D7_13_v3-146695-146934-1A","AAAGTATTTGTAATAGATTGAACGATGAACTAAATGAAGAAATATGTGGTTATCAAATTAGGTTTGAAAAATCGTATTTTTTAAAACATAGTAAAATTAAAGTTATGACAGAAGGAATTTTATTGAAAGAAATTATGAGTGATTTTATTTTATCAAAATATAGTGTTATTATTCTTGA","Pf3D7_13_v3-146695-146934-1A.3","20G76+8N",2401,0.89289698772778,4
"IM-23-122-YNLT","8039832366","Maziba","Pf3D7_05_v3-1188456-1188706-1A","CAAAATTTAAATCAATAGCGGTTACGTTCATAATTTTGCCTTCAAAACTAACCTCTGTATGATATATAAATTTATTTTCCTTTACACTAAATACATATATAAAAATGGTACTTAATAATTTATCTTTATCATATTTAAATAATATTAAATCTGTTTTTACATCTGAGTTATAATCACCGAAAT","Pf3D7_05_v3-1188456-1188706-1A.5","53C170A",909,0.560419235511714,4
"IM-23-122-YNLT","8039832366","Maziba","Pf3D7_07_v3-717260-717493-1A","GAGCTTGCTTTTTTGTTGCGTTACTTGCTGGGCTGATCAAAAAAAAAGTTGAATGTATTGAACTTAGTGCCAGCGAAATTTCCCCTCATGAAAACAAATCGACGAGTTCATCAATATTCCAAGAGGAATTAAAATTTGATAAGTCTCTGAAAAATTTTTTCAAACAA","Pf3D7_07_v3-717260-717493-1A.1","8+8N38+11N154+8N",1506,0.918852959121416,2
"IM-23-122-YNLT","8039832366","Maziba","Pf3D7_14_v3-407306-407542-1A","CTTTCTTTCGTCTTTCTGTTCATTATCCATATAATCTTTTTCTCCTTCCTTTTCATTCTTTACTTTATTTCTATTAATACACAACTCTCCTTGAGTTAAGAGATTTACGATATTATCAATATTGTTTTCTTTCATATACTTCAACTTTTTACTATTCATTTTTAAAAGA","Pf3D7_14_v3-407306-407542-1A.1",".",920,0.571783716594158,3
"IM-23-122-YNLT","8039832366","Maziba","Pf3D7_02_v3-470437-470709-1A","AATATTGACATGAAACATTATAATACACATAAGAAAAAAAAAATTTATTTATTCTTACAAAAAGAATATAAAAACAAAATTTTGGGATTTATAAATTTTTATAAACATATAACACACAAAATAAAAAAGAAACAAGAAAATGTTCATGATAAAATCACTTTTTTAAAATGTCTAAAGGAACTCTTTTTTGTCACACATACAAATA","Pf3D7_02_v3-470437-470709-1A.2","33+12N122+8N158+8N183+8N",318,1,1
"IM-23-122-YNLT","8039832366","Maziba","Pf3D7_02_v3-503040-503288-1A","ATTATGATTAATAATAATATTTCTCATAATTTCGTTAAATACATCTAAACTATTTATAGAACCATCTATATCATCTTCATTCCTATTTTGGTGAACCGATTCGGTGTTTATAACATCTAAGGTGTCTTTTTCTTCTCCTCTGTAACTTTTTATAATTTTTTGATAAATGTTGTTATAAGAATTATCA","Pf3D7_02_v3-503040-503288-1A.2","97C155+8N",17,0.00912017167381974,2
"IM-23-122-YNLT","8039832366","Maziba","Pf3D7_02_v3-503040-503288-1A","ATTATGATTAATAATAATATTTCTCATAATTTCGTTAAATACATCTAAACTATTTATAGAACCATCTATATCATCTTCATTCCTATTTTGGTGAACTGATTCGGTGTTTATAACATCTAAGGTGTCTTTTTCTTCTCCTCTGTAACTTTTTATAATTTTTTGATAAATGTTGTTATAAGAATTATCA","Pf3D7_02_v3-503040-503288-1A.1","155+8N",1847,0.99087982832618,2
"IM-23-122-YNLT","8039832366","Maziba","Pf3D7_08_v3-336421-336651-1A","TAACAACGAACCCATAAATTTACAAAAAAATTTAGATTTAATCATATGGCTAAAAAAGAATATAAAAGAAGGAGAAGCTTTAATTTCTGATATACCTACATCAAGTTTTTTAAGGTGTACTACAAATTATAAATTTGTATTGCATCCCCAATATGAAGATAGT","Pf3D7_08_v3-336421-336651-1A.2","25A51+8N97T105+8N148C",13,0.0072666294019005,4
"IM-23-122-YNLT","8039832366","Maziba","Pf3D7_02_v3-628941-629172-1A","ACTTTTTTTAGATTTTTCTTGATCGTTTTCATCATTTTTTATTTCCTGTTCATCTGAGGTTTTCTTTTGTAAACGCTTAGTGCGTTGCTTTTGACCTTTTAATTTTTTTTTAAATATATTTTTAACTTGATCAATGAAGAAAGCATAATCTTGTATGACAGAAAATCT","Pf3D7_02_v3-628941-629172-1A.2","2+9N34+8N87G102+11N",73,0.0682242990654206,3
"IM-23-122-YNLT","8039832366","Maziba","Pf3D7_13_v3-748254-748510-1B","ATACCAAAAAAAATAAAATAAAATGAAATAATAAATAAATAAATATACATATATTTACATATATATATATATAATTACACATATTTTTGATTGAGGACAAATTACATGTCGTGTAGTTCGTCTTCCTTGTGCGTTTCAATCACACAATCCGATTTAGGATAACATGTACACAAAAGAATATATTTTTTCTT","Pf3D7_13_v3-748254-748510-1B.1","5+10N39+33N180+8N",340,0.926430517711172,2
"IM-23-122-YNLT","8039832366","Maziba","Pf3D7_11_v3-119432-119705-1A","CTCCTTTATATTCATCAAGAAATTTCATCCAAGAGTAATTATGTTTTTCTTGTTGATATTTTGCTTTATACAAACGAGCAAGATACTTTTTATACGATTCATGCTCTTTAATTTTCTTTTCAAAAGTTTTGGTTATAATGTGTTCAAGTGATTGTAAAGTATTTTTCTTTAATTTTCTCCATATTAATCTACATGCGATTATAAGAA","Pf3D7_11_v3-119432-119705-1A.1",".",14,0.0231788079470199,2
"IM-23-122-YNLT","8039832366","Maziba","Pf3D7_13_v3-2814606-2814855-1B","TAGCGATAATGATCCTGCAGTAGTAAGTGGTAGAGAATCTAAAGATGTAAATCTTCATACTTCTGAAAGGATTAAAGAAAATGAAGAAGGTGTGATTAAAACAGATGAAAGTTCAAAAAGTATTGAAATTTCTAAAATACCATCTGACCAAAATAATCATAGTGATTTATCACAGAATGCAAATGAGGACTCTA","Pf3D7_13_v3-2814606-2814855-1B.2",".",110,0.0660264105642257,2
"IM-23-122-YNLT","8039832366","Maziba","Pf3D7_03_v3-221185-221419-1B","AAATAAATTAAATAGGAAAATATAAAGAAAAATGAAAATTAAGAAAAAAAGTAGTATATATTTTTATAAATATTGTACAACTCAAACTAAGATGTGTTCTTTATCTAATTAAGGAACAAGAAGGATAATACCATTATTAATCCTATTGAACTATTTACGACATTAAACA","Pf3D7_03_v3-221185-221419-1B.1","43+9N",703,1,1
"IM-23-122-YNLT","8039832366","Maziba","Pf3D7_03_v3-221295-221532-2","AAGGAACAAGAAGGATAATACCATTATTAATCCTATTGAACTATTTACGACATTAAACACACTGGAACATTTTTCCATTTTACAAATTTTTTTTTCAATATCATTTATATAATCTAATTGGTCTTTAGGTTTATCAGCAGAGCCAGGCTTTATTCTAACTTGAATACCATTTCCACAAGTTA","Pf3D7_03_v3-221295-221532-2.8","86+11N107A108T120G135C",34,0.017989417989418,4
"IM-23-122-YNLT","8039832366","Maziba","Pf3D7_13_v3-852647-852921-1A","TACGAAATGATGAATTAAAAGAATTAACATTTATGAAAAATAAAGAAAATAGGAATGCAGATACATATGTTTTTCATTATCCTAAAAAAGAGAAATATGACCAATTAGTTTTTGAATTACGTAAACATAATTTTAATATAACAAGCATGAATACATATAAAAAACTAACAAATGAAACATCATCACAAAAAGAAGAAAATGCTTCTATAATAAGTT","Pf3D7_13_v3-852647-852921-1A.1","75C83+8N158+8N",320,0.932944606413994,2
"IM-23-122-YNLT","8039832366","Maziba","Pf3D7_13_v3-911757-912005-1A","GAGCCAACAATTTGATTTTCCACAACTTACTGAATCTTTAAAACATTGTGAACAGGTATCTGACATTTTTTTATTATCTTTGGCTAGTTCCTTTTGAACACATTCCATAGTACTATCACCTGAACCTAAGTTATCAACAGAACATTTTAATAATATACTAAAAAATTTATTGCTAGGAGAAAGTTGTAAA","Pf3D7_13_v3-911757-912005-1A.1","65+9N159+8N",13,0.00723025583982202,3
"IM-23-122-YNLT","8039832366","Maziba","Pf3D7_08_v3-549960-550215-1B","GATGAACTAACAAATTATGATAATCTAGTTTATGATATAAAAAATTATTTAGAACAAAGATTAAATTTTCTTGTATTAAATGGAATACCTCGTTATAGGATACTATTTGATATTGGATTAGGATTTGGGAAGAAACATGATCAATCTATTAAACTCTTACAAAATATACATGTATATGATGAGTATCCACTT","Pf3D7_08_v3-549960-550215-1B.3","4G38+8N128G",58,0.0843023255813953,2
"IM-23-122-YNLT","8039832366","Maziba","Pf3D7_08_v3-550057-550318-2","ACTATTTGATATTGGATTAGGATTTGGGAAGAAACATGATCAATCTATTAAACTCTTACAAAATATACATGTATATGATGAGTATCCACTTTTTATTGGATATTCAAGAAAAAGATTTATTGCCCATTGCATGAATGATCAAAATGTTGTAATAAATACACAACAAAAATTACATGATGAACAACAAAATGAAAATAAAAATA","Pf3D7_08_v3-550057-550318-2.2","27G",109,0.0769230769230769,2
"IM-23-122-YNLT","8039832366","Maziba","Pf3D7_08_v3-550057-550318-2","ACTATTTGATATTGGATTAGGATTTGCGAAGAAACATGATCAATCTATTAAACTCTTACAAAATATACATGTATATGATGAGTATCCACTTTTTATTGGATATTCAAGAAAAAGATTTATTGCCCATTGCATGAATGATCAAAATGTTGTAATAAATACACAACAAAAATTACATGATGAACAACAAAATGAAAATAAAAATA","Pf3D7_08_v3-550057-550318-2.1",".",1308,0.923076923076923,2
"IM-23-122-YNLT","8039832366","Maziba","Pf3D7_11_v3-115913-116184-1A","ACCTCCAGATGTTATAAATATTATATTATCATCATCATTTGGAAGGAAATTCTCCTCTAATGTTTTTAATATTTCATCTATATTTTTAGGTCTCAATTTACTATTGAAAAATTTTGAATACTTCAAAAAATAATCATCATCTTTTACATTACATATATTATCATTATTTTCATTTTGTTTTAGTAGTTCATCTTTTTTATTATC","Pf3D7_11_v3-115913-116184-1A.1","7A124+8N197T",234,0.943548387096774,2
"IM-23-122-YNLT","8039832366","Maziba","Pf3D7_06_v3-532166-532407-1A","AGAACAATTGCTAAACACCAAATTGGGTGAAACAAAAAACCACCTGAACAGAACCCCATTTATACCTGAATCGGTCATACGAGAAAGGAAATTACGCCAAGAAAAAGCTCAATCCACAAACAACATGTTCGATTCAACAAACGCAGATAGTATTACTTCCCCATGTGATCCAACGAATGCCACG","Pf3D7_06_v3-532166-532407-1A.5","33+8N157T",1,0.000257599175682638,4
"IM-23-122-YNLT","8039832366","Maziba","Pf3D7_06_v3-532166-532407-1A","AGAACAATTGTTAAACACCAAATTGGGTGAAACAAAAAACCACCTGAACAGAACCCCATTTATACCTGAATCGGTCATACGAGAAAGGAAATTACGCCAAGAAAAAGCTCAATCCACAAACAACATGTTCGATTCAACAAACGCAGATAGTATTACTTCCCCATGTGATCCAACGAATGCCACG","Pf3D7_06_v3-532166-532407-1A.6","11T33+8N157T",2352,0.605873261205564,4
"IM-23-122-YNLT","8039832366","Maziba","Pf3D7_03_v3-221463-221712-1B","ACTTGAATACCATTTCCACAAGTTACACTACATGGGGACCATTCAGTTGAAATAGAATTTTGTATTTTGTTTAAATATTCTTTTATGTGCTTATCACTTGGTTCTTCGTTATTATTATTTTTTACAGCATTGTTGGCATTAGCATTTTCATCTACATTTCGGTTTGGGTCATTTGGCATATTGTGACCTTGTC","Pf3D7_03_v3-221463-221712-1B.7","53T117+8N130T",14,0.019690576652602,4
"IM-23-122-YNLT","8039832366","Maziba","Pf3D7_13_v3-2814583-2814832-2","TCAGTCTTCTAATTCTAGCGATAATGATCCTGCAGTAGTAAGTGGTAGAGAATCTAAAGATGTAAATCTTCATACTTCTGAAAGGATTAAAGAAAATGAAGAAGGTGTGATTAAAACAGATGATAGTTCAAAAAGTATTGAAATTTCTAAAATACCATCTGACCAAAATAATCATAGTGATTTATCACAG","Pf3D7_13_v3-2814583-2814832-2.1","124T",3542,0.953175457481163,2
"IM-23-122-YNLT","8039832366","Maziba","Pf3D7_14_v3-921176-921432-1A","ACAATATTAATTTTATAAGTTCATTATTTCAATTTTATATTTAGGAGGATCTATATCCATATATTATTCATTTTAAAAATATTAAAATAAATACATATATAAATATATAAACATATAAATACAGTCTTTTAAAAATTAATAAGATTTATATAAAATATGGTTATAAATCCTATTTTGTATTATATTAAA","Pf3D7_14_v3-921176-921432-1A.8","120T186T",20,0.0549450549450549,3
"IM-23-122-YNLT","8039832366","Maziba","Pf3D7_14_v3-377765-378020-1A","AAAGATATATCAACTGAAAAGATTTTATCAAATAATTGCTTTAATAATAAGTTAAAAAATTGATTTCCAATATCTATCATATTCATATAATCTAATGATTTAAAAATATATAATATACTCTTTGGACTAAATTTTAATTCATCATTTATTATTTTCTCTTTTACTATTGCTTTAATTTGATTAAAATATATAA","Pf3D7_14_v3-377765-378020-1A.2","21G53+8N71T",143,0.377308707124011,2
"IM-23-122-YNLT","8039832366","Maziba","Pf3D7_13_v3-146695-146934-1A","AAAGTATTTGTAATAGATTAAACGATGAACTAAATGAAGAAATATGTGGTTATCAAATTAGGTTTGAAAAATCGTATTTTTTAAAACATAGTAAAATTAAAGTTATGACAGAAGGAATTTTATTGAAAGAAATTATGAGTGATTTTATTTTATCAAAATATAGTGTTATTATTCTTGA","Pf3D7_13_v3-146695-146934-1A.4","76+8N",1,0.000371885459278542,4
"IM-23-122-YNLT","8039832366","Maziba","Pf3D7_13_v3-146695-146934-1A","AAAGTATTTGTAATAGATTGAACGATGAACTAAATGAAGAAATATGTGGTTATCAAATTAGGTTTGAAAAATCGTATTTTTTAAAACATAGTAAAATTAAAGTTATGACAGAAGGAATTTTATTGAAAGAAATTATGAGTGATTTTATTTTATCAAAATATAGTGTTATCATTCTTGA","Pf3D7_13_v3-146695-146934-1A.1","20G76+8N170C",215,0.0799553737448866,4
"IM-23-122-YNLT","8039832366","Maziba","Pf3D7_14_v3-407306-407542-1A","CTTTCTTTCGTCTTTCTGTTCATTATCCATATAATCTTTTTCTACTACCTTTTCATTCTTTACTTTATTTCTATTAATACACAATTCTCCTTGAGTTAAGAGATTTACGATATTATCAATATTGTTTTCTTTCATATACTTCAACTTTTTACTATTCATTTTTAAAAGA","Pf3D7_14_v3-407306-407542-1A.4","44A47A85T",658,0.408949658172778,3
"IM-23-122-YNLT","8039832366","Maziba","Pf3D7_08_v3-1375025-1375284-1B","CAAGTTATTATTAAATGCGGAATTATTCTATATAAAAATAAAAAAGCATTTAAAAATGAAAAAATTTATATATATACAATATATAAATATATATATATATATATATATATATATATTATTATTATATGTATTTTTATAATTGAATGATATATTTATTTCTATTTGCAATTAAAATGCTTACGTTATCTAACAAAAGTACGGAGGCAAAA","Pf3D7_08_v3-1375025-1375284-1B.1","39+8N58+8N67+53N",3,0.5,2
"IM-23-122-YNLT","8039832366","Maziba","Pf3D7_05_v3-958079-958350-1B","TTTTTATATCTGTGTTTGGTGTAATATTAAAGAACATGAATTTAGGTGATGATATTAATCCTATAATATTATCATTAGTATCTATAGGTTTAGTACAATTTATATTATCAATGATATCAAGTTATTGTATGGATGTAATTACATCAAAAATATTAAAAACTTTAAAGCTTGAATATTTAAGAAGTGTTTTTTATCAAGATGGACAATTTC","Pf3D7_05_v3-958079-958350-1B.1","186+8N",213,1,1
"IM-23-122-YNLT","8039832366","Maziba","Pf3D7_09_v3-202854-203106-1A","AATATACAAAGAATGTATATGATAAAATATTCTTTGTCCTTTAAAATTTTTTGTTCTTGTACTTTGTTTTTTATAATCTATTAAATTCATATCTGATGAAATATCATATTTATATTCCCCTTTATGAGCATTTACAAAAGTTTCGCTATTTCTTTTATTAATATATGTATTTGAGCACATATTTTTAT","Pf3D7_09_v3-202854-203106-1A.3","46+8N66+8N183T",1246,0.93896006028636,3
"IM-23-122-YNLT","8039832366","Maziba","Pf3D7_06_v3-1115900-1116168-1A","ATTTTTTAATAAAGCAGTACCATCTATATCTCTTCCTTTTTTTAAAACACATAAAGTTTCATCAAAATTGCTTGTGCTATTTTTATCAGGTTCAGGAAAATATTGTTTATTTGGAGAATATCCATTCTGATTACAAGTTATAATATTATTAATATTTATAAATTTTTTGTTTGTTTTTAAATCACCAAATTGATTATCGTTAT","Pf3D7_06_v3-1115900-1116168-1A.2","1+8N36+9N114G162+12N",37,0.0816777041942605,3
"IM-23-122-YNLT","8039832366","Maziba","Pf3D7_06_v3-1115900-1116168-1A","ATTTTTTAATAAAGCAGTACCATCTATATCTCTTCCTTTTTTTAAAACACATAAAGTTTCATCAAAATTGCTTGTGCTATTTTTATCAGGTTCAGGAAAATATTGTTTATTTGTAGAATATCCATTCTGATTACAAGTTATAATATTATTAATATTTATAAATTTTTTTTTTGTTTTTAAATCACCAAATTGATTATCGTTAT","Pf3D7_06_v3-1115900-1116168-1A.1","1+8N36+9N162+12N",11,0.0242825607064018,3
"IM-23-122-YNLT","8039832366","Maziba","Pf3D7_06_v3-1115900-1116168-1A","ATTTTTTAATAAAGCAGTACCATCTATATCTCTTCCTTTTTTTAAAACACATAAAGTTTCATCAAAATTGCTTGTGCTATTTTTATCAGGTTCAGGAAAATATTGTTTATTTGTAGAATATCCATTCTGATTACAAGTTATAATATTATTAATATTTATAAATTTTTTTTTTGTTTTTAAATCAGCAAATTGATTATCGTTAT","Pf3D7_06_v3-1115900-1116168-1A.5","1+8N36+9N162+12N185G",405,0.894039735099338,3
"IM-23-122-YNLT","8039832366","Maziba","Pf3D7_08_v3-1344618-1344845-1A","TATCTTTTCCATATATAATAACGCATGAATTCTTTAAATATATCTTTTACTTTATCTGTAAGTTTCATGGAATCTATTATTTCATCTGCATATTTTATTTTTGCCTCGTTTATATATTTACCTGCTTCTAATTTACATAAACATTTTTCTATTAAGTTTTG","Pf3D7_08_v3-1344618-1344845-1A.4","86C128C",111,0.0631399317406143,2
"IM-23-122-YNLT","8039832366","Maziba","Pf3D7_14_v3-921176-921432-1A","ACAATATTAATTTTATAAGTTCATTATTTCAATTTTATATTTAGGAGGATCTATATCCATATATTATTCATTTTAAAAATATTAAAATAAATACATATATAAATATATAAACATATAAAAACAGTCTTTTAAAAATTAATAAGATTTATATAAAATATGGTTATAAATCCTATTTTGTATTATATCAAA","Pf3D7_14_v3-921176-921432-1A.1",".",212,0.582417582417582,3
"IM-23-122-YNLT","8039832366","Maziba","Pf3D7_06_v3-851492-851765-1A","ACAATAGTACATTCTGCATTTACATCACAACCTCCATTATTTTTTGAACAGTTCATATCTTTCATAGGTATACATTTAAAATAATTTACACTCATATCAACTATATAATTAGGTCGGCATCTACATTGTTCTTTATCTTTTTCGACAATATAACAACGTGAATTGGGTCCACATTTGGAATATTCACAAATATAATTTACTTTAAATATAACAAAATTTCTCA","Pf3D7_06_v3-851492-851765-1A.1","39+8N",875,0.926906779661017,2
"IM-23-122-YNLT","8039832366","Maziba","Pf3D7_08_v3-399693-399961-1A","CTTTTCTTCACCTTGGTTTATTACATTATTATTTTCATCATTGTGTTGAATGTCTTTATAAATATGTTCATTAATAATATCTTTGGAAGTATCTTCCATATTTTCTTCTTTATCAATTTTAAATACTTTTTCATAACTTTCATTTTCTTTTTTCTCCTTGGATGTTTCTAATTTATTCTCGTCATTTTTATCAAAATTATTTTTATAACTTTCA","Pf3D7_08_v3-399693-399961-1A.2","55T147+8N",44,0.0648011782032401,3
"IM-23-122-YNLT","8039832366","Maziba","Pf3D7_10_v3-992596-992869-1A","GAAAATAATAAAATGCACAGTATCAATTCTGATAGAAATAAAAATGATTATATTCCATCTTCCTATTTACATACAATATATAAAACATTTAGCGAACATATAAACCGAGATAATGGAAATATTTATGATGATGAAAAAAAAAATTTATATGATGGAACTGTTTTTTATATAGAAACATTAAACGAATTAAGAATTATAAATATATTATTTTCA","Pf3D7_10_v3-992596-992869-1A.1","133+12N160+8N",134,1,1
"IM-23-122-YNLT","8039832366","Maziba","Pf3D7_11_v3-1006693-1006917-1A","GTGGGGGAGAGAATTTTACCTTGATACGCTCCCATGTTTTATCCTTTATACAATACACATAAGTGTCATTGGTAATATATGACCCTCTTTTACCTCCGTAAAGAAATAAACAATCTTCTTTTTTTTCAGTGGAGTAAATTAAATTTAATTTTGCAAAATAGCGTGG","Pf3D7_11_v3-1006693-1006917-1A.3","27C58C118+10N",1308,0.642120765832106,2
"IM-23-122-YNLT","8039832366","Maziba","Pf3D7_08_v3-476232-476475-1A","CAAACACATGATAAACAAAAGTGTAAGGAAAATTTTTCAAATTCTTTTGTTAATGAAATATATGAAAAAGAAGAAAAAGAAACGCAAAAAATGAAAGAATATTTAGAACAACATGAAGAACATTTTTCAACGTTTAGAAATTCAATTTTATGTAAATTAAGAATAGCTGAAGAATT","Pf3D7_08_v3-476232-476475-1A.2","45T85+8N",1010,0.990196078431373,2
"IM-23-122-YNLT","8039832366","Maziba","Pf3D7_05_v3-369676-369949-1A","TGTAATATTATATATCCTGTTATAAATAAATCACTGGATATGGATGTGAAAAAAGAAGATATAAAAAAAAATGTAGAAGAAAATAAATATATAGAACATACACAGAATTTGAAAAATCATTTAGAAAATGATGAAAATGAGAAAAAAAAAAGAAGAAAAAGATCAAATAATAATGACAATTATAATTCTCATGATAATAATATTTTTCA","Pf3D7_05_v3-369676-369949-1A.4","34C48+8N62+11N118C141+12N",14,0.0616740088105727,2
"IM-23-122-YNLT","8039832366","Maziba","Pf3D7_13_v3-2840462-2840736-1B","AATAAACACATATGTTTATTAATAAAATTGTTAGTTATTTTTATGTATACATAATAAATTAAAGATACTAAAACAATATTTTTAAATATAAATAAATGAATAATGATATTATTTATATGATTCATCATTCTATATTTACATGGAAGATTAAAAAATTATATATATATATATGGTAATTTCTGTGTTTATGTTTTTATTTTTATAATA","Pf3D7_13_v3-2840462-2840736-1B.3","88A149+23N",14,1,1
"IM-23-122-YNLT","8039832366","Maziba","Pf3D7_08_v3-1370814-1371045-2","TGTTGCAATATATTACTAAAAAATAGAATTATTATGTTATTTTGATCATATGGGAATACATTTAAATATTTATATTCTGATGAATATTCTTATAAAAAAAAAAGGGGGGGGGGAAATAATACGTTCATGATTTATTTATATTTCAATATATTTTCTATTTTGCGA","Pf3D7_08_v3-1370814-1371045-2.2","17+8N93+21N",500,1,1
"IM-23-122-YNLT","8039832366","Maziba","Pf3D7_14_v3-421322-421547-1A","TAAGAAAGATGAAGTAATAGAAAAAACTGAAGTATCAAAGAAAACATTTTCAGGTATAGGTTTTAATCTTACTGAAAAAGAAGCTAAAGTATTAGGTGTAGGTGTAACCTATCAAGAATATCCAGAAACCATGTTATATAACTGTCCAAACAATTCTA","Pf3D7_14_v3-421322-421547-1A.2","20+8N76A",935,0.990466101694915,2
"IM-23-122-YNLT","8039832366","Maziba","Pf3D7_14_v3-421322-421547-1A","TAAGAAAGATGAAGTAATAGAAAAAACTGAAGTATCAAAGAAAACATTTTCAGGTATAGGTTTTAATCTTACTGAGAAAGAAGCTAAAGTATTAGGTGTAGGTGTAACCTATCAAGAATATCCAGAAACCATGTTATATAACTGTCCAAACAATTCTA","Pf3D7_14_v3-421322-421547-1A.1","20+8N",9,0.00953389830508475,2
"IM-23-122-YNLT","8039832366","Maziba","Pf3D7_10_v3-1392371-1392620-1A","TGATGAAAATGATGATTCCCTTATTTCTAATTCTTTAGTACCCGAAACAAGTTACAATCAAGATTACTCTTTATACACTATTAATATTTTGAATGGACTTCCTGATAAAAAAAGTAATATGAAAAATATTGATTTAGAAAAATTTAAAGATACTTCAATACATACAAAGGAAGAGGGACCCATTGTA","Pf3D7_10_v3-1392371-1392620-1A.1","106+9N",49,0.0539647577092511,4
"IM-23-122-YNLT","8039832366","Maziba","Pf3D7_14_v3-771407-771633-1A","ACCCACGGGACATTTTAATTTATACCTATTGGAACATTTTTTATTAGGTCTTTCTTTATGATTCTTCTTTAAAATAGGTTCATCATTATTTGAGTAAACTAACAGATCATTATCGTTCTCAAATTTATTATAACCATCAATATTTTTATTTCCATATACATCTATAA","Pf3D7_14_v3-771407-771633-1A.2","36+8N108C124T",1031,0.340488771466314,2
"IM-23-122-YNLT","8039832366","Maziba","Pf3D7_06_v3-532166-532407-1A","AGAACAATTGTTAAACACCAAATTGGGTGAAACAAAAAACCACCTGAACAGAACTCCATTTATACCTGAATCGGTCATACGAGAAAGGAAATTACGCCAAGAAAAAGCGCAATCCACAAACAACATGTTCGATTCAACAAACGCAGATAGTATTACTTCCCCATGTGATCCAACGAATGCCACG","Pf3D7_06_v3-532166-532407-1A.7","11T33+8N55T109G157T",1242,0.319938176197836,4
"IM-23-122-YNLT","8039832366","Maziba","Pf3D7_08_v3-1344618-1344845-1A","TATCTTTTCCATATATAATAACGCATGAATTCTTTAAATATATCTTTTACTTTATCTGTAAGTTTCATGGAATCTATTATTTCATGTGCATATTTTATTTTTGCCTCGTTTATATATTTACCTGCTTCTAATTTACATAAACATTTTTCTATTAAGTTTTG","Pf3D7_08_v3-1344618-1344845-1A.1","128C",1647,0.936860068259386,2
"IM-23-122-YNLT","8039832366","Maziba","Pf3D7_08_v3-1365709-1365954-1B","ATTTTCATCTTGTAATGTGTTTTTAACATTATAGCAGTAATTTTCTAGGTTGTTTCTTGCTTCAATTCTATTTTTATTTTGTTCATCCTCTTCTTTATATTTTTCTGCATCATTTACCATACGATCGATATCATCTTTTGATAATCTTCCTTTATCATTTGTAATAGTAATTTGGTTTTGT","Pf3D7_08_v3-1365709-1365954-1B.1",".",604,1,1
"IM-23-122-YNLT","8039832366","Maziba","Pf3D7_13_v3-2814606-2814855-1B","TAGCGATAATGATCCTGCAGTAGTAAGTGGTAGAGAATCTAAAGATGTAAATCTTCATACTTCTGAAAGGATTAAAGAAAATGAAGAAGGTGTGATTAAAACAGATGATAGTTCAAAAAGTATTGAAATTTCTAAAATACCATCTGACCAAAATAATCATAGTGATTTATCACAGAATGCAAATGAGGACTCTA","Pf3D7_13_v3-2814606-2814855-1B.1","109T",1556,0.933973589435774,2
"IM-23-122-YNLT","8039832366","Maziba","Pf3D7_14_v3-377765-378020-1A","AAAGATATATCAACTGAAAAGATTTTATCAAATAATTGCTTTAATAATAAGTTAAAAAATTGATTTCCAATATCTATCATATTCATATAATCTAATGATTTAAAAATATATAATATACTCTTTGGACTAAATTTTAATTCATCATTTATTATTCTCTCTTTTACTATTGTTTTAATTTGATTAAAATATATAA","Pf3D7_14_v3-377765-378020-1A.1","21G53+8N71T154C170T",236,0.622691292875989,2
"IM-23-122-YNLT","8039832366","Maziba","Pf3D7_13_v3-2816310-2816554-1B","CAAATACTTTTCAATATAGGTCTAGTGAAAGTGTGGAAGTAATAACTAATAAACCTGATGAAATGGAAATGACAACTAAACCACCATCACAATATATTGAAAAGGAAATTGGAGAAATTGATTCTACAAAAAATCAAGATAATGATGAACAAAGCAATTCTATAATTCCTTTAATTAATAAAAATAATGAA","Pf3D7_13_v3-2816310-2816554-1B.2","95T127+8N",125,0.0813802083333333,2
"IM-23-122-YNLT","8039832366","Maziba","Pf3D7_02_v3-291770-292017-1A","TAATATCATAAGGTTTGAATATTTTCCTCTCAGGTATTATACCAACAGAAGGTTTATCATCATCTTTAAAACCTGCTCTATCTTTAACCCAATGATTAGGATTTTTTAAACATAAAGCTGGATTCTTTAATAAATCTTTCATATGTTCCATATTATTTTCTTCATTTATATATGATTCTAC","Pf3D7_02_v3-291770-292017-1A.3","92A101+8N",18,0.017578125,3
"IM-23-122-YNLT","8039832366","Maziba","Pf3D7_03_v3-221295-221532-2","AAGGAACAAGAAGGATAATACCATTATTAATCCTATTGAACTATTTACGACATTAAACACACTGGAACATTTTTCCATTTTACAAATTTTTTTTTCAATATCATTTGCATAATCTAATTGGTCTTTAGGTTTATCAGCAGAGCCAGGCTTTATTCTAACTTGAATACCATTTCCACAAGTTA","Pf3D7_03_v3-221295-221532-2.6","86+11N120G135C",619,0.327513227513228,4
"IM-23-122-YNLT","8039832366","Maziba","Pf3D7_11_v3-1019050-1019319-1A","TCAAAACTTATTGCTACCGTAATACCTAAAGGAGGCATTTTACATAATCTTTTTACACTCGTAAGAATATTATTATAAAAGATTTCTTGATATCTATCATACATATGAATATTATTTAGAGATTTATATATATTATTATTTTGTTCATATAATAATATATTATTTAAAGACTTATCCATAATTTTTGTACATTTTATATTTTCTATA","Pf3D7_11_v3-1019050-1019319-1A.1",".",162,1,1
"IM-23-122-YNLT","8039832366","Maziba","Pf3D7_11_v3-1127074-1127316-1A","AACATTTTAATAGTCCTAATTTCGAAAATATGATGAAAGGAGTTTTTGGAATTATTCAAAATCCTTTTGAAAATGGCCAACCCACTTTCCCATTCTTTAAAAATATTAATTCGATCTCTGGAATCGGTAATGTTGATATCCCCAAAAATTTTATGAATGATTTTTTGAATAATGGAAATGATCAAAACA","Pf3D7_11_v3-1127074-1127316-1A.2","160+8N",1704,1,1
"IM-23-122-YNLT","8039832366","Maziba","Pf3D7_06_v3-532166-532407-1A","AGAACAATTGCTAAACACCAAATTGGGTGAAACAAAAAACCACCTGAACAGAACCCCATTTATACCTGAATCGGTCATACGAGAAAGGAAATTACGCCAAGAAAAAGCGCAATCCACAAACAACATGTTCGATTCAACAAACGCAGATAGTATTACTTCCCCATGTGATCCAACGAATGCCACG","Pf3D7_06_v3-532166-532407-1A.1","33+8N109G157T",287,0.0739309634209171,4
"IM-23-122-YNLT","8039832366","Maziba","Pf3D7_06_v3-176108-176338-1A","ATTATTATTATTATTATTATGATGATGATGATGATGATCTGTGTTAAGATCATCTTCTATACCATTAGTTAAACATTTTATATTTTTATTCATATAAACATTAATCTTCACAACAGATTTATCAGATCTAGAAAATCTTGTACCTGTTGCTTTATGTAACAATAT","Pf3D7_06_v3-176108-176338-1A.1","1+38N",116,0.0776959142665774,4
"IM-23-122-YNLT","8039832366","Maziba","Pf3D7_09_v3-270915-271160-1A","CTTTGTATGTATTATCTGTTGTTTTATCTTCACCTTGATTTCCTGTACTTGTAGATTCAGTAGATGGACCTTCAGAACCTGCTAGTTCATCACTAGTAGATGCAGCACTTGTACTTTTAGATTGTTCTTTTAATGGTCCCATATATTTGTATAATTCTATTTCTAAATCTTGATCCTTGGTTTTTTCTTCTAA","Pf3D7_09_v3-270915-271160-1A.31","82C85G180+8N",1708,0.948888888888889,2
"IM-23-122-YNLT","8039832366","Maziba","Pf3D7_09_v3-516735-517007-1A","ATAGAAGGATATATAAAAAATTATCAAGAATCATATAATATAAATGACCATTGTAAATTAGTTCCATTAAATTTTTATAAAGATTCTATTTCTAATGATTTAGGTACTCCATGCCCTGTGAATAGTATTACCTTAAATGTGGGCGCAAAAACTATAAATGAATGTTTGTGTAATAAAGGATATTTCTATAATGTCAAGAAACAACAATGTGA","Pf3D7_09_v3-516735-517007-1A.1","14+8N",468,0.968944099378882,2
"IM-23-122-YNLT","8039832366","Maziba","Pf3D7_10_v3-1414337-1414596-1A","GACCTGAATGGAAAGGCCAATGTGATAAATTTGAAAAAGAAAAAAGTAAATATGAAGATACTAAAAGTATAACTGCTGAAAAATATTTAAAAGAAATATGTTCTGAATGTGATTGTAAATATAAAGATTTGGATAATACATTTAAAGAATTTAAAGATAACGTTACACTTCTTAAAGCAGTAATTGATAACAAA","Pf3D7_10_v3-1414337-1414596-1A.2","39+8N",55,0.0640279394644936,2
"IM-23-122-YNLT","8039832366","Maziba","Pf3D7_02_v3-628941-629172-1A","ACTTTTTTTAGATTTTTCTTGATCGTTTTCATCATTTTTTATTTCCTGTTCATCTGAGGTTTTCTTTTGTAAACGCTTAGTGCGTTTCTTTTGACCTTTTAATTTTTTTTTAAATATATTTTTAACTTGATCAATGAAGAAAGCATAATCTTGTATGACAGAAAATCT","Pf3D7_02_v3-628941-629172-1A.1","2+9N34+8N87T102+11N",10,0.00934579439252336,3
"IM-23-122-YNLT","8039832366","Maziba","Pf3D7_10_v3-992331-992603-1A","TCATTATATTTTTAAAAAAAAAAATTATGATATAAAATCTTCAATTAATAAAAGATCTATCCAGTTCTTTAGAGACACTAATATAGATCATTATATAGCATATGAATATTATAAGGAGGACCGTACAGAATTTATATTAACTATTATGAATGAAAAAAATATTACTCATCAAGAAACTCAAAGTCTTGAAATGAAAAAGTTGAAAG","Pf3D7_10_v3-992331-992603-1A.1","13+13N72G127A152+9N",312,0.590909090909091,3
"IM-23-122-YNLT","8039832366","Maziba","Pf3D7_05_v3-1322099-1322341-1A","TTCCAATAGAAACTATATTACGATTTTCTTCATGAGGTAAATTGACATTCATCTTATATGTATAATTAAGGATGAGTAATAAATTGTATAGAAATATTTTTATTTAATAATTTATATGTATTATTAATAATTCTGAATTTATCAATTGATATATTATTTTTTTTTTTCTTTATGCCATTC","Pf3D7_05_v3-1322099-1322341-1A.5","27T91G162T",166,0.564625850340136,3
"IM-23-122-YNLT","8039832366","Maziba","Pf3D7_10_v3-1414599-1414832-1A","ATCTAGATCAACGAGGGAATATAACAACATCTCAAGGAAATTCACACCGTGCAACTGTTGTGCAACAAGCTGATCAAACCAACAGATTAGATAATGTAAACTCTGTAACGCAAAGAGGAAATAATAACTACAACAATAATTTAGAGCGTGGATTGGGTTCTGGTGCT","Pf3D7_10_v3-1414599-1414832-1A.1","70C",2295,1,1
"IM-23-122-YNLT","8039832366","Maziba","Pf3D7_11_v3-1006693-1006917-1A","GTGGGGGAGAGAATTTTACCTTGATATGCTCCCATGTTTTATCCTTTATACAATACATATAAGTGTCATTGGTAATATATGACCCTCTTTTACCTCCGTAAAGAAATAAACAATCTTCTTTTTTTTCAGTGGAGTAAATTAAATTTAATTTTGCAAAATAGCGTGG","Pf3D7_11_v3-1006693-1006917-1A.1","118+10N",729,0.357879234167894,2
"IM-23-122-YNLT","8039832366","Maziba","Pf3D7_04_v3-900526-900759-1A","TTAACAACTTATCATCATTTATTAGATTCTTTTCATTGAACAGATTATTAACAGTATCCATAATTTTATGATCATCCGTGTTATATGTATCTATACAAGTATTTAGCTTGCTTATATAATTTACATATTTCAACGGATCATTTTGAAGTATGCAATCATCGAATGAATA","Pf3D7_04_v3-900526-900759-1A.3","37T106G",137,0.0674544559330379,3
"IM-23-122-YNLT","8039832366","Maziba","Pf3D7_08_v3-1370603-1370853-1B","AAAAGTAATTAAAAAAAAAAAAAATGAAAATAAAAAAAAACATTACATATTTTTTTATGTATAAAATATTTTAAAGCACTGAGATTATTTATGTTATAAATTAATTGAATGTTTAAAAGATTATAAAATTTTATTTATGAAAATATATGAATATATATAATATAAGCAGGTATTAAATAACCAAATAATAT","Pf3D7_08_v3-1370603-1370853-1B.2","10+32N49+9N",246,1,1
"IM-23-122-YNLT","8039832366","Maziba","Pf3D7_02_v3-291770-292017-1A","TAATATCATAAGGTTTGAATATTTTCCTCTCAGGTATTATACCAACAGAAGGTTTATCATCATCTTTAAAACCTGCTCTATCTTTAACCCATTGATTAGGATTTTTTAAACATAAAGCTGGATTCTTTAATAAATCTTTCATATGTTCCATATTATTTTCTTCATTTATATATGATTCTAC","Pf3D7_02_v3-291770-292017-1A.2","101+8N",54,0.052734375,3
"IM-23-122-YNLT","8039832366","Maziba","Pf3D7_05_v3-960810-961048-1B","TAATACAGGAAGCATTTTATAATATGCATACTGTTATTAATTATGGTTTAGAAGATTATTTCTGTAATTTGATAGAAAAAGCTATTGATTATAAAAATAAAGGACAAAAAAGAAGAATTATTGTAAATGCAGCTTTATGGGGATTCAGTCAAAGCGCTCAATTATTTATTAATAGTTT","Pf3D7_05_v3-960810-961048-1B.1","105+8N",1239,1,1
"IM-23-122-YNLT","8039832366","Maziba","Pf3D7_09_v3-270915-271160-1A","CTTTGTATGTATTATCTGTTGTTTTATCTTCACCTTGATTTCCTGTACTTGTAGATTCAGTAGATGGACCTTCAGAACCTGCTAATTCATCACTAGTAGATGCAGCACTTGTACTTTTAGATTGTTCTTTTAATGGTCCCATATATTTGTATAATTCTATTTCTAAATCTTGATCCTTGGTTTTTTCTTCTAA","Pf3D7_09_v3-270915-271160-1A.1","82C85A180+8N",92,0.0511111111111111,2
"IM-23-122-YNLT","8039832366","Maziba","Pf3D7_08_v3-1375205-1375450-2","ACAAAAGTACGGAGGCAAAAACGGCAGCGGATAATACTTTATTTTTTGAGAAGGAAACCATTTTTATTAAATAACTATATAAATAGAAAAAGAAATAATAACAAAAATGTATAAATATAATTGTATAATATATGATATATATAAAATATAGAATACTAATTTTTTGCATATACAAAAAA","Pf3D7_08_v3-1375205-1375450-2.1","41+8N159+8N173+7N",311,1,1
"IM-23-122-YNLT","8039832366","Maziba","Pf3D7_10_v3-1392371-1392620-1A","TGATGAAAATGATGATTCCCTTATTTCTAATTCTTTAGTACCCGAAACAAGTTACAATCAAGATTACTCTTTATACACTATTAATATTTTGAATGGACTTCCTGATAAAGAAAGTAATATGAAAAATATTGATTTAGAAAAATTTAAAGATACTTCAATACATACAAAGGAAGAGGGACCCATTGTA","Pf3D7_10_v3-1392371-1392620-1A.2","106+9N",580,0.638766519823789,4
"IM-23-122-YNLT","8039832366","Maziba","Pf3D7_09_v3-516735-517007-1A","ATAGAAGGATATATAAAAAATTATCAAGAATCATATAATATAAATGACCATTGTAAATTAGTTCCATTAAATTTTTATAAAGATTCTATTTCTAATGATTTAGGTACTCCATGCCCTGTGAATAGTATTACCTTAAATGTGGGCGCAAAAACTATAAATGAATGTTTGTGTAATAAAGGATATTTCTATAATGTCAAGAAACAACAATGTAA","Pf3D7_09_v3-516735-517007-1A.2","14+8N211A",15,0.031055900621118,2
"IM-23-122-YNLT","8039832366","Maziba","Pf3D7_11_v3-115913-116184-1A","ACCTCCCGATGTTATAAATATTATATTATCATCATCATTTGGAAGGAAATTCTCCTCTAATGTTTTTAATATTTCATCTATATTTTTAGGTCTCAATTTACTATTGAAAAATTTTGAATACTTCAAAAAATAATCATCATCTTTTACATTACATATATTATCATTATTTTCATTTTGTTTTAGTAGTTCATCTTTTTTATTATC","Pf3D7_11_v3-115913-116184-1A.2","124+8N197T",14,0.0564516129032258,2
"IM-23-122-YNLT","8039832366","Maziba","Pf3D7_05_v3-1188456-1188706-1A","CGAAATTTAAATCAATAGCGGTTACGTTCATAATTTTGCCTTCAAAACTAACTTCTGTATGATATATAAATTTATTTTCCTTTACACTAAATACATATATAAAAATGGTACTTAATAATTTATCTTTATCATATTTAAATAATATTAAATCTGTTTTTACATCTGAGTTGTAATCACCGAAAT","Pf3D7_05_v3-1188456-1188706-1A.4","2G",686,0.422934648581998,4
"IM-23-122-YNLT","8039832366","Maziba","Pf3D7_14_v3-3214249-3214516-1A","TAAATAAAAAAGGATTAGATGATTTAATAAAAGATTTGTTAAAATATTTTCCAAAGAATTCAATTAGCGATCGTTTTGAATTGTTAGAATTTAAAATGACGGAGGATTGTTATACAAAAATGTGGTTTGATTTTATGATTGATTTTGGAATAGCTACAATGAATGAAAACGAACATACTAGATCTTTTTATGGCTTAATCGAA","Pf3D7_14_v3-3214249-3214516-1A.3","5+8N139T169A194C",1420,0.944148936170213,3
"IM-23-122-YNLT","8039832366","Maziba","Pf3D7_02_v3-290580-290821-1A","TTATTATAAGGATTATAATTATTATCATTCTTATTATATGGATTAATATAATTTCGATCATAATCATTACTGTTTTTATCATATTGTGGATAATTATTTCTATTTCTATTTTGATTAAAATCCGATTGTCTATATCTAACTCTAATATCTGTAGATGCTAAATCATTAGGTAATGGG","Pf3D7_02_v3-290580-290821-1A.6","12+26N62A",5,0.00226757369614512,3
"IM-23-122-YNLT","8039832366","Maziba","Pf3D7_14_v3-407306-407542-1A","CTTTCTTTCGTCTTTCTGTTCATTATCCATATAATCTTTTTCTACTACCTTTTCATTCTTTACTTTATTTCTATTAATACACAACTCTCCTTGAGTTAAGAGATTTACGATATTATCAATATTGTTTTCTTTCATATACTTCAACTTTTTACTATTCATTTTTAAAAGA","Pf3D7_14_v3-407306-407542-1A.5","44A47A",31,0.019266625233064,3
"IM-23-122-YNLT","8039832366","Maziba","Pf3D7_08_v3-549583-549807-1B","ACGTGCTGTTCAAAGAATGTTTGAAATGATAAATGAAGGTGCTAGTGTTATAGATATAGGTGGAGAATCCTCTGGTCCTTTTGTTATACCTAATCCAAAAATTAGTGAAAGAGATTTAGTAGTACCTGTATTACAATTATTTCAAAAAGAATGGAATGATATAAA","Pf3D7_08_v3-549583-549807-1B.1",".",1545,1,1
"IM-23-122-YNLT","8039832366","Maziba","Pf3D7_08_v3-549960-550215-1B","GATGAACTAACAAATTATGATAATCTAGTTTATGATATAAAAAATTATTTAGAACAAAGATTAAATTTTCTTGTATTAAATGGAATACCTCGTTATAGGATACTATTTGATATTGGATTAGGATTTGCGAAGAAACATGATCAATCTATTAAACTCTTACAAAATATACATGTATATGATGAGTATCCACTT","Pf3D7_08_v3-549960-550215-1B.1","4G38+8N",630,0.915697674418605,2
"IM-23-122-YNLT","8039832366","Maziba","Pf3D7_11_v3-1018781-1019053-1A","TTTTTGATTCATATCATTATCATAATTATATATATATTGATCTCTGTCTATATGGGGAGCAAAAAAATATAAAGGATGTTGTGTTAAGGCTAATAATAATTCTGTAGCTATACTACTACTTATGTTACTTATACCACATCTAGTGACTGTACATTTTTCATCTAATGTTCTATAGGATAAAGAATCTGAAGGACAATGCATATCAT","Pf3D7_11_v3-1018781-1019053-1A.2","60+9N",63,0.425675675675676,2
"IM-23-122-YNLT","8039832366","Maziba","Pf3D7_10_v3-1386657-1386909-1A","CGATTTTGGTAGGGAACAGGTTAAATATATTGAAGACGTGGTTTGATAATCAGGTATTTCTTTAATTAAATATTCATGATATTGTTCGTTAGATACATAAATTAATTCGTCCTCCACATTTTGCTGTTCTGTTATAATTTGTGAAGAAGCTTGGTTTGTCTTATTTGGTAATTGCTCTTTTATGA","Pf3D7_10_v3-1386657-1386909-1A.1",".",1420,0.920881971465629,3
"IM-23-122-YNLT","8039832366","Maziba","Pf3D7_10_v3-1392371-1392620-1A","TGATGAAAATGATGATTCCCATTTTTCTAATTCTTTAGTATCTGAAACGAGTTACAATCAAGATTACTCTTTATACACTATTAATATTTTGAATGGACTTCCTGATAAAGAAAGTAATATGAAAAATATTGATTTAGAAAAATTTAAAGATACTTCAATACATACAAAGGAAGAGGGACCCATTGTA","Pf3D7_10_v3-1392371-1392620-1A.5","21A23T41T43T49G106+9N",3,0.00330396475770925,4
"IM-23-122-YNLT","8039832366","Maziba","Pf3D7_06_v3-176108-176338-1A","ATTATTATTATTATTATGATGATGATGATGATGATGATGATCTGTGTTAAGATCATCTTCTATACCATTAGTTAAACATTTTATATTTTTATTCATATAAACATTAATCTTCACAACAGATTTATCAGATCTAGAAAATCTTGTACCTGTTGCTTTATGTAACAATAT","Pf3D7_06_v3-176108-176338-1A.4","1+38N",491,0.32886805090422,4
"IM-23-122-YNLT","8039832366","Maziba","Pf3D7_10_v3-1392371-1392620-1A","TGATGAAAATGATGATTCCCATTTTTCTAATTCTTTAGTATCTGAAACGAGTTACAATCAAGATTACTCTTTATACACTATTAATATTTTGAATGGACTTCCTGATAAAAAAAGTAATATGAAAAATATTGATTTAGAAAAATTTAAAGATACTTCAATACATACAAAGGAAGAGGGACCCATTGTA","Pf3D7_10_v3-1392371-1392620-1A.3","21A23T41T43T49G106+9N",276,0.303964757709251,4
"IM-23-122-YNLT","8039832366","Maziba","Pf3D7_05_v3-1188456-1188706-1A","CAAAATTTAAATCAATAGCGGTTACGTTCATAATTTTGCCTTCAAAACTAACCTCTGTATGATATATAAATTTATTTTCCTTTACACTAAATACATATATAAAAATGGTACTTAATAATTTATCTTTATCATATTTAAATAATATTAAATCTGTTTTTACATCTGAGTTGTAATCACCGAAAT","Pf3D7_05_v3-1188456-1188706-1A.2","53C",24,0.0147965474722565,4
"IM-23-122-YNLT","8039832366","Maziba","Pf3D7_05_v3-1188456-1188706-1A","CGAAATTTAAATCAATAGCGGTTACGTTCATAATTTTGCCTTCAAAACTAACTTCTGTATGATATATAAATTTATTTTCCTTTACACTAAATACATATATAAAAATGGTACTTAATAATTTATCTTTATCATATTTAAATAATATTAAATCTGTTTTTACATCTGAGTTATAATCACCGAAAT","Pf3D7_05_v3-1188456-1188706-1A.3","2G170A",3,0.00184956843403206,4
"IM-23-122-YNLT","8039832366","Maziba","Pf3D7_06_v3-1140900-1141174-1A","CTTCCATGTGAGCTTCAAAATCGTCTGAAGGTCGACTAGACATGAAAAATTCAGATTGAGGTAAATCATCAAATGGATGATTTCTATATGATATTCTAGGTATTAATCCTAAGATATTATTTATGCTATTACATTGAGAATTTCCTTCATTGGTTGTGGTACTTATATCCGCATTTTGGTGATCATCAGGATATAATGTATTTTCTTTAGAACTT","Pf3D7_06_v3-1140900-1141174-1A.12","171G",514,0.921146953405018,3
"IM-23-122-YNLT","8039832366","Maziba","Pf3D7_05_v3-1322099-1322341-1A","TTCCAATAGAAACTATATTACGATTTCCTTCATGAGGTAAATTGACATTCATCTTATATGTATAATTAAGGATGAGTAATAAATTGTATAAAAATATTTTTATTTAATAATTTATATGTATTATTAATAATTCTGAATTTATCAATTGATATATTATTTTTGTTTTTCTTTATGCCATTC","Pf3D7_05_v3-1322099-1322341-1A.1",".",21,0.0714285714285714,3
"IM-23-122-YNLT","8039832366","Maziba","Pf3D7_10_v3-1414337-1414596-1A","GACCTGAATGGAAAGGTCAATGTGATAAATTTGAAAAAGAAAAAAGTAAATATGAAGATACTAAAAGTAGAACTGCTGAAATATATTTAAAAGAAATATGTTCTGAATGTGATTGTAAATATAAAGATTTGGATAATACATTTAAAGAATTTAAAGATAACGTTACGCTTCTTAAAGCAGTAATTGATAACAAA","Pf3D7_10_v3-1414337-1414596-1A.1","17T39+8N70G82T167G",804,0.935972060535506,2
"IM-23-122-YNLT","8039832366","Maziba","Pf3D7_05_v3-1322099-1322341-1A","TTCCAATAGAAACTATATTACGATTTTCTTCATGAGGTAAATTGACATTCATCTTATATGTATAATTAAGGATGAGTAATAAATTGTATAAAAATATTTTTATTTAATAATTTATATGTATTATTAATAATTCTGAATTTATCAATTGATATATTATTTTTGTTTTTCTTTATGCCATTC","Pf3D7_05_v3-1322099-1322341-1A.4","27T",107,0.363945578231293,3
"IM-23-122-YNLT","8039832366","Maziba","Pf3D7_04_v3-900526-900759-1A","TTAACAACTTATCATCATTTATTAGATTCTTTTCATGGAACAGATTATTAACAGTATCCATAATTTTATGATCATCCGTGTTATATGTATCTATACAAGTATTTAGCTTGCTTATATAATTTACATATTTCAACGGATCATTTTGAAGTATGCAATCATCGAATGAATA","Pf3D7_04_v3-900526-900759-1A.1","106G",682,0.335795174790744,3
"IM-23-122-YNLT","8039832366","Maziba","Pf3D7_09_v3-82006-82236-1A","TTTATCATCTTTAGGCCATAACCAGAGTACAAGCAATCCAACTATAACAATTGTAATTAACATTATAAATACTGTAATACCATAAACACTACCAGAAGCGATCAGAAATGCACTAAAAGTATAAGAACATTCACTTGGAATAAGAGTAGCGATAAAACTAAAAATAGC","Pf3D7_09_v3-82006-82236-1A.4","95G125G137G",45,0.0141509433962264,4
"IM-23-122-YNLT","8039832366","Maziba","Pf3D7_02_v3-291770-292017-1A","TAATATCATAAGGTTTGAATATTTTCCTCTCAGGTATTATACCAACAGAAGGTTTATCATCATCTTTAAAACCTGCTCTATCTTTAACCCATTGATTAGGATTTTTTAAACATAAAGCTGGATTCTTTAATAAATCTTTCATATGTTCCATATTATTTTCTTCATTTATATATGATGCTAC","Pf3D7_02_v3-291770-292017-1A.1","101+8N177G",952,0.9296875,3
"IM-23-122-YNLT","8039832366","Maziba","Pf3D7_06_v3-416462-416720-1A","AAGAGAAAATGGACATTGTGGAGAATATAAAAAATAGAGGAAAGGAAAAAACAGAATTAACATATAAAGAAGTATATAAAACACAACAGAATCAAAATGATGCAAGTTTAAATTCATTTTGGGGTGATGAAAAAAAAAATAATAATTATGATATAGATATAGTAAAAGAGAAATATAGTGAGTTAATGAAAAAAAAAGAA","Pf3D7_06_v3-416462-416720-1A.2","3+8N28+8N45+8N129+12N188+11N",46,0.0688622754491018,2
"IM-23-122-YNLT","8039832366","Maziba","Pf3D7_06_v3-176108-176338-1A","ATTATTATTATTATTATTATGCTGATGATGATGATGATCTGTGTTAAGATCATCTTCTATACCATTAGTTAAACATTTTATATTTTTATTCATATAAACATTAATCTTCACAACAGATTTATCAGATCTAGAAAATCTTGTACCTGTTGCTTTATGTAACAATAT","Pf3D7_06_v3-176108-176338-1A.2","1+38N",867,0.580709979906229,4
"IM-23-122-YNLT","8039832366","Maziba","Pf3D7_09_v3-202854-203106-1A","AATATACAAAGAATGTATATGATAAAATATTCTTTGTCCTTTAAAATTTTTTGTTCTTGTACTTTGTTTTTTATAATCTATTAAATTCATATCTGATGAAATATCATATTTATATTCCCCTTTATGAGCATTTACAAAAGTTTCGTTATTTCTTTTATTAATATATGTATTTGAGCACATATATTTAT","Pf3D7_09_v3-202854-203106-1A.2","46+8N66+8N146T",61,0.0459683496608892,3
"IM-23-122-YNLT","8039832366","Maziba","Pf3D7_06_v3-145285-145531-1A","TCAACAAAAGCTGATGAATCATCATAATTTGAATAAAATTTATCATTCACAATATTATATTTTTGTTTCTTCTTTTTTCCCATAATATTATTATTTTGTTCACAATATATGTTCATGTGTCCCCTCTTTTTCTGTAAAATATTAAAATGTTTCTTAGTATGCTTCTCTTCATTTTTAATAACA","Pf3D7_06_v3-145285-145531-1A.2","72+8N157G",1455,0.61994034938219,2
"IM-23-122-YNLT","8039832366","Maziba","Pf3D7_06_v3-1140900-1141174-1A","CTTCCATGTGAGCTTCAAAATCGTCTGAAGGTCGACTAGACATGAAAAATTCAGATTGAGGTAAATCATCAAATGGATGATTTCTATATGATATTCTAGGTATTAATCCTAAGATATTATTTATGCTATTACATTGAGAATTTCCTTCATTGGTTGTGGTACTTATATCCACATTTTGGTGATCATCAAGATATAATGTATTTTCTTTAGAACTT","Pf3D7_06_v3-1140900-1141174-1A.1","189A",33,0.0591397849462366,3
"IM-23-122-YNLT","8039832366","Maziba","Pf3D7_06_v3-1140900-1141174-1A","CTTCCATGTGAGCTTCAAAATCGTCTGAAGGTCGACTAGACATGAAAAATTCAGATTGAGGTAAATCATCAAATGGATGATTTCTATATGATATTCTAGGTATTAATCCTAAGATATTATTTATGCTATTACATTGAGAATTTCCTTCATTGGTTGTGGTACTTATATCCACATTTTGGTGATCATCAGGATATAATGTATTTTCTTTAGAACTT","Pf3D7_06_v3-1140900-1141174-1A.2",".",11,0.0197132616487455,3
"IM-23-122-YNLT","8039832366","Maziba","Pf3D7_10_v3-1386657-1386909-1A","CGATTTTGGTAGAGAACAGGTTAAATATATTGAAGACGTGGTTTGATAATCAGGTATTTCTTTAATTAAATATTCATGATATTGTTCGTTAGATACATAAATTAATTCGTCCTCCACATTTTGCTGTTCTGTTATAATTTGTGAAGAAGCTTGGTTTGTCTTATTTGGTAATTGCTCTTTTATGA","Pf3D7_10_v3-1386657-1386909-1A.3","13A",108,0.0700389105058366,3
"IM-23-122-YNLT","8039832366","Maziba","Pf3D7_06_v3-1192628-1192867-1A","GATTATATATTTCTATATTTTAATAAGAAGGCGTTACACAAACATGATGCCTCTAATGAAATGTGTTTTGTGAAAAACGAAGATTCTACACGCACAAAAGGACATATGAATGATGAACAAAATGATTTATATAAAATAAATAATAATACAACATATTTTTTTAACAAAAACCACT","Pf3D7_06_v3-1192628-1192867-1A.2","155+9N",1188,0.918083462132921,2
"IM-23-122-YNLT","8039832366","Maziba","Pf3D7_02_v3-290580-290821-1A","TTATTATAAGGATTATAATTATTATCATTCTTATTATATGGATTAATATAATTTCCATCATAATCATTACTGTTTTTATCATATTGTGGATAATTATTTCTATTTCTATTTTGATTAAAATCCGATTGTCTATATCTAACTCTAATATCTGTAGATGCTAAATCATTAGGTAATGGG","Pf3D7_02_v3-290580-290821-1A.2","12+26N56C62A",2066,0.936961451247166,3
"IM-23-122-YNLT","8039832366","Maziba","Pf3D7_04_v3-748374-748611-1B","AAACTGGGAAAGCATTCCAAAAAAATTTAAACCTTTAAGCAATAGGATAAATGTTATATTGTCTAGAACCTTAAAAAAAGAAGATTTTGATGAAGATGTTTATATCATTAACAAAGTTGAAGATCTAATAGTTTTACTTGGGAAATTAAATTACTATAAATGTTTTATTATAG","Pf3D7_04_v3-748374-748611-1B.1","3A18+9N72+9N",841,0.607658959537572,2
"IM-23-122-YNLT","8039832366","Maziba","Pf3D7_10_v3-992331-992603-1A","TCATTATATTTTTAAAAAAAAAAATTATGATATAAAATCTTCAATTAATAAAAGATCTATCCAGTTCTTTAAAGACACTAATATAGATCATTATATAGCATATGAATATTATAAGGAGGACCGTACAGAATTTATATTAACTATTATGAATGAAAAAAATATTACTCATCAAGAAACTCAAAGTCTTGAAATGAAAAAGTTGAAAG","Pf3D7_10_v3-992331-992603-1A.3","13+13N127A152+9N",182,0.34469696969697,3
"IM-23-122-YNLT","8039832366","Maziba","Pf3D7_11_v3-1018781-1019053-1A","TTTTTGATTCATATCATTATCATAATTATATATATATTGATCTCTGTCTATATGGGGAGCAAAAAAATATAAAGGATGTTGTGTCAAGGCTAATAATAATTCTGTAGCTATACTACTACTTATGTTACTTATACCACATCTAGTGACTGTACATTTTTCATCTAATGTTCTATAGGATAAAGAATCTGAAGGACAATGCATATCAT","Pf3D7_11_v3-1018781-1019053-1A.3","60+9N85C",85,0.574324324324324,2
"IM-23-122-YNLT","8039832366","Maziba","Pf3D7_13_v3-852647-852921-1A","TACGAAATGATGAATTAAAAGAATTAACATTTATGAAAAATAAAGAAAATAGGAATGCAGATACATATGTTTTTGATTATCCTAAAAAAGAGAAATATGACCAATTAGTTTTTGAATTACGTAAACATAATTTTAATATAACAAGCATTAATACATATAAAAAACTAAAAAATGAAACATCATCACAAAAAGAAGAAAATGCTTCTATAATAAGTT","Pf3D7_13_v3-852647-852921-1A.8","83+8N149T158+8N169A",23,0.0670553935860058,2
"IM-23-122-YNLT","8039832366","Maziba","Pf3D7_08_v3-1366626-1366856-1B","CTTTACCTCCATTTTTTTTTTTAAAATCTTGTACACAGAAGTTTACTAATTTATTATCAAAATCTTCTCCTCCTAAATGTGTATCTCCTGAGGTAGCTTTAACTTCAAAAATTCCATCTTCAATTGTTAATAAGGAAACATCAAATGTTCCTCCTCCTAAATC","Pf3D7_08_v3-1366626-1366856-1B.2","11+13N124T",4,0.0136054421768707,2
"IM-23-122-YNLT","8039832366","Maziba","Pf3D7_09_v3-82006-82236-1A","TTTATCATCTTTAGGCCATAACCAGAGTACAAGCAATCCAACTATAACAATTGTAATTAACATTATAAATACTGTAATACCATAAACACTACCATAAGCGATCAGAAATGCACTAAAAGTATAACAATATTCACATGGAATAAGAGTAGCGATAAAACTAAAAATAGC","Pf3D7_09_v3-82006-82236-1A.8","95T128T135A137G",177,0.0556603773584906,4
"IM-23-122-YNLT","8039832366","Maziba","Pf3D7_08_v3-1375025-1375284-1B","CAAGTTATTATTAAATGCGGAATTATTCTATATAAAAATAAAAAAGCATTTAAAAATGAAAAAATTTATATATATACAATATATAAATATATATATATATATATATATATATATTATTATTATATGTATTTTTATAATTGAATGATATATTTATTTCTATTTGCAATTAAAATGCTTACGTTATCTAACAAAAGTACGGAGGCAAAA","Pf3D7_08_v3-1375025-1375284-1B.4","39+8N58+8N67+53N",3,0.5,2
"IM-23-122-YNLT","8039832366","Maziba","Pf3D7_10_v3-1386657-1386909-1A","CGATTTTGGTAGAGAACAGGTTAAATATATTGAAGACGTGGTTTGATAATCAGGTATTTCTTTAATTAAATATTCATGATATTGTTCGTTAGATACATAAATTAATTCATCCTCCACATTTTGCTGTTCTGTTATAATTTGTGAAGAAGCTTGGTTTGTTTTATTTGGTAATTGCTCTTTTATGA","Pf3D7_10_v3-1386657-1386909-1A.2","13A109A160T",14,0.00907911802853437,3
"IM-23-122-YNLT","8039832366","Maziba","Pf3D7_06_v3-1136091-1136364-1A","CATTATTTTTGTATCCAACGTCGTTATTATTAAAACTTATTATTTGATTAATAACTGACGAACCACATATATTTACACAATGGAATACATAACTTAAGAAAGAGTAGTAATTGCATTTTACTTTTTGCATTTTCCCTCTGGTGGAGAAATAATTATTATGCTGCTTATTACTTTTTGTATTATGATAATTTTTGGTAATCATTTTTTTT","Pf3D7_06_v3-1136091-1136364-1A.2","201+9N",688,0.938608458390177,2
"IM-23-122-YNLT","8039832366","Maziba","Pf3D7_08_v3-1386786-1387035-2","TTGTCTCCTTTGTCGCAGCATGCCTTTCATTAGCTGCTATAGCTTGTGTTATCTTAACTTCATTATAAAAAAAATATACTTCGATAAAAGGTACATATACCATGCTGGTCAATGATATTAGCATGCGACATTCTAATATATCCATTATGAACTAGGTGAACAAGAATATTGGGATTATTGAAATTGT","Pf3D7_08_v3-1386786-1387035-2.26","66+10N153T",65,0.0561312607944732,2
"IM-23-122-YNLT","8039832366","Maziba","Pf3D7_13_v3-2816310-2816554-1B","CAAATACTTTTCAATATAGGTCTAGTGAAAGTGTGGAAGTAATAACTAATAAACCTGATGAAATGGAAATGACAACTAAACCACCATCACAATACATTGAAAAGGAAATTGGAGAAATTGATTCTACAAAAAATCAAGATAATGATGAACAAAGCAATTCTATAATTCCTTTAATTAATAAAAATAATGAA","Pf3D7_13_v3-2816310-2816554-1B.1","127+8N",1411,0.918619791666667,2
"IM-23-122-YNLT","8039832366","Maziba","Pf3D7_08_v3-1386795-1387043-1B","TCCTTTGTCGCAGCATGCCTTTCATTAGCTGCTATAGCTTGTGTTATCTTAACTTCATTATAAAAAAAATATACTTCGATAAAAGGTACATATACCATGCTGGTCAATGATATTAGCATGCGACATTCTAATATATCCATTATGAACTAGGTGAACAAGAATATTGGGATTATTGAAATTGTCTGCATTA","Pf3D7_08_v3-1386795-1387043-1B.27","61+10N148T",51,0.0669291338582677,2
"IM-23-122-YNLT","8039832366","Maziba","Pf3D7_06_v3-1192628-1192867-1A","GATTATATATTTCTATATTTTAATAAGAATGCGTTACACAAACATGATGCCTCTAATGAAATGTGTTTTGTGAAAAACGAAGATTCTACACGCACAAAAGGACATATGAATGATGAACAAAATGATTTATATAAAATAAATAATAATACAACATATTTTTTTAACAAAAACCACT","Pf3D7_06_v3-1192628-1192867-1A.1","30T155+9N",106,0.0819165378670788,2
"IM-23-122-YNLT","8039832366","Maziba","Pf3D7_06_v3-145285-145531-1A","TCAACAAAAGCTGATGAATCATCATAATTTGAATAAAATTTATCATTCACAATATTATATTTTTGTTTCTTCTTTTTTCCCATAATATTATTATTTTGTTCACAATATATGTTCATGTGTCCCCTCTTTTTCTGTAAAATATTAAAATGTTTCTTACTATGCTTTTCTTCATTTTTAATAACA","Pf3D7_06_v3-145285-145531-1A.1","72+8N165T",892,0.38005965061781,2
"IM-23-122-YNLT","8039832366","Maziba","Pf3D7_06_v3-416462-416720-1A","AAGAAAAAATGGACATTGTGGAGAATATAAAAAATAGAGGAAAGGAAAAAACAGAATTAACATATAAAGAAGTATATAAAACACAACAGAATCAAAATGATGCAAGTTTAAATTCATTTTGGGGTGATGAAAAAAAAAATAATAATTATGATATAGATATAGTAAAAGAGAAATATAGTGAGTTAATGAAAAAAAAAGAA","Pf3D7_06_v3-416462-416720-1A.1","3+8N28+8N45+8N129+12N188+11N",622,0.931137724550898,2
"IM-23-122-YNLT","8039832366","Maziba","Pf3D7_02_v3-290580-290821-1A","TTATTATAAGGATTATAATTATTATCATTCTTATTATATGGATTAATATAATTTCGATCATTATCATTACTGTTTTTATCATATTGTGGATAATTATTTCTATTTCTATTTTGATTAAAATCCGATTGTCTATATCTAACTCTAATATCTGTAGATGCTAAATCATTAGGTAATGGG","Pf3D7_02_v3-290580-290821-1A.1","12+26N",134,0.0607709750566893,3
"IM-23-122-YNLT","8039832366","Maziba","Pf3D7_04_v3-900526-900759-1A","TTAACAACTTATCATCATTTATTAGATTCTTTTCATGGAACAGATTATTAACAGTATCCATAATTTTATGATCATCCGTGTTATATGTATCTATACAAGTATTTAACTTGCTTATATAATTTACATATTTCAACGGATCATTTTGAAGTATGCAATCATCGAATGAATA","Pf3D7_04_v3-900526-900759-1A.2",".",1212,0.596750369276219,3
"IM-23-122-YNLT","8039832366","Maziba","Pf3D7_08_v3-1386795-1387043-1B","TCCTTTGTCGCAGCATGCCTTTCATTAGCTGCTATAGCTTGTGTTATCTTAACTTCATTATAAAAAAAATATACTTCGATAAAAGGTACATATACCATGCTGGTCAATGATATTAGCATGCGACATTCTAATATATCCATTATGAACAAGGTGAACAAGAATATTGGGATTATTGAAATTGTCTGCATTA","Pf3D7_08_v3-1386795-1387043-1B.1","61+10N",711,0.933070866141732,2
"IM-23-122-YNLT","8039832366","Maziba","Pf3D7_08_v3-1386786-1387035-2","TTGTCTCCTTTGTCGCAGCATGCCTTTCATTAGCTGCTATAGCTTGTGTTATCTTAACTTCATTATAAAAAAAATATACTTCGATAAAAGGTACATATACCATGCTGGTCAATGATATTAGCATGCGACATTCTAATATATCCATTATGAACAAGGTGAACAAGAATATTGGGATTATTGAAATTGT","Pf3D7_08_v3-1386786-1387035-2.1","66+10N",1093,0.943868739205527,2
"IM-23-122-YNLT","8039832366","Maziba","Pf3D7_06_v3-176108-176338-1A","ATTATTATTATTATTATGATGATGATGATGATGATGATCTGTGTTAAGATCATCTTCTATACCATTAGTTAAACATTTTATATTTTTATTCATATAAACATTAATCTTCACAACAGATTTATCAGATCTAGAAAATCTTGTACCTGTTGCTTTATGTAACAATAT","Pf3D7_06_v3-176108-176338-1A.11","1+38N",19,0.0127260549229739,4
"IM-23-122-YNLT","8039832366","Maziba","Pf3D7_06_v3-1235395-1235658-1A","GAATATGATAAAATATATATACCAAACAATAAAAATAAAATTAATAATATAAATAATTTTTTAATAAAAAACAATTTGCTGTTGAAATCCAAATTTATGAGAATAACTCCTAATACCTATTTATGTCGTAATTGTGTCCTGTTATATCAAAATGATTTTTCGTATAATACATATGAAGAAGAAATTAATAAAATGG","Pf3D7_06_v3-1235395-1235658-1A.1","56+8N65+8N",231,0.954545454545455,2
"IM-23-122-YNLT","8039832366","Maziba","Pf3D7_10_v3-992331-992603-1A","TCATTATATTTTTAAAAAAAAAAATTATGATATAAAATCTTCAATTAATAAAAGATCTATCCAGTTCTTTAAAGACACTAATATAGATCATTATATAGCATATGAATATTATAAGGAGGACCGTACGGAATTTATATTAACTATTATGAATGAAAAAAATATTACTCATCAAGAAACTCAAAGTCTTGAAATGAAAAAGTTGAAAG","Pf3D7_10_v3-992331-992603-1A.2","13+13N152+9N",34,0.0643939393939394,3
"IM-23-122-YNLT","8039832366","Maziba","Pf3D7_08_v3-1366626-1366856-1B","CTTTACCTCCATTTTTTTTTTTAAAATCTTGTACACAGAAGTTTACTAATTTATTATCAAAATCTTCTCCTCCTAAATGTGTATCTCCTGAGGTAGCTTTAACTTCAAAAATTCCATCTTCAAGTGTTAATAAGGAAACATCAAATGTTCCTCCTCCTAAATC","Pf3D7_08_v3-1366626-1366856-1B.1","11+13N",290,0.986394557823129,2
"IM-23-122-YNLT","8039832366","Maziba","Pf3D7_06_v3-1197245-1197515-1A","CATTAGGAAAAACAACAGAGCCTTCTTCCATACCATAAATACATAAATCATTTCCACTAATCTTTTCTAAATATTGCACAAAAGAATCAATATCATTATAAGATGACATCTTCTTTCTTATAAAATCTAATTGAGCTTTGGTAAATCGAAAACAATTAATATATTTTATTACTTCATATACACCAGCTAATATAGCAAATTGAC","Pf3D7_06_v3-1197245-1197515-1A.1","20G",837,1,1
"IM-23-122-YNLT","8039832366","Maziba","Pf3D7_09_v3-82006-82236-1A","TTTATCATCTTTAGGCCATAACCAGAGTACAAGCAATCCAACTATAACAATTGTAATTAACATTATAAATACTGTAATACCATAAACACTACCAGAAGCGATCAGAAATGCACTAAAAGTATAACAACATTCACTTAGAATAAGAGTAGCGATAAAACTAAAAATAGC","Pf3D7_09_v3-82006-82236-1A.10","95G",20,0.00628930817610063,4
"IM-23-122-YNLT","8039832366","Maziba","Pf3D7_04_v3-748585-748822-2","TTAATAAAAAAAATATATTTTACTAGAATAAATAGTACATATGAATGTGATGTATTTTTTCCAGAAATAAATGAAAATGAGTATCAAATTATTTCTGTTAGCGATGTATATACTAGTAACAATACAACATTGGATTTTATCATTTATAAGAAAACGAATAATAAAATGTT","Pf3D7_04_v3-748585-748822-2.1","5+10N54+8N",616,1,1
"IM-23-122-YNLT","8039832366","Maziba","Pf3D7_08_v3-1366575-1366822-2","TTTAGCTTTTTCACATTGTGTTCTTAATCTTCTTAATGATTTTGAATTTTTGGAAACATCTTTACCTCCATTTTTTTTTTTAAAATCTTGTACACAGAAGTTTACTAATTTATTATCAAAATCTTCTCCTCCTAAATGTGTATCTCCTGAGGTAGCTTTAACTTCAAAAATTCCATCTTCAAGTGTTAATAAGG","Pf3D7_08_v3-1366575-1366822-2.1","70+13N",1517,0.983149708360337,2
"IM-23-122-YNLT","8039832366","Maziba","Pf3D7_09_v3-82006-82236-1A","TTTATCATCTTTAGGCCATAACCAGAGTACAAGCAATCCAACTATAACAATTGTAATTAACATTATAAATACTGTAATACCATAAACACTACCAGAAGCGATCAGAAATGCACTAAAAGTATTACAACATTCACTTGTAATAAGAGTAGCGATAAAACTAAAAATAGC","Pf3D7_09_v3-82006-82236-1A.2","95G123T137G138T",2938,0.923899371069182,4
"IM-23-122-YNLT","8039832366","Maziba","Pf3D7_06_v3-1135605-1135855-1A","TATAAAGAATTTATACCACCTAAATTGTTAACATTAGAAGTATTATTTGTTTCTGTATTTTCTTGTAACGTATTTGTATTATTAATATTGTTAGATGAAATATTATGACTATTTCTTCTATTTGTTATATTTAAATTGTAAATAGTTTCATTACTAACACTACTGATACCACTGAAATGATTATTTAG","Pf3D7_06_v3-1135605-1135855-1A.2",".",856,0.943770672546858,2
"IM-23-122-YNLT","8039832366","Maziba","Pf3D7_08_v3-1366575-1366822-2","TTTAGCTTTTTCACATTGTGTTCTTAATCTTCTTAATGATTTTGAATTTTTGGAAACATCTTTACCTCCATTTTTTTTTTTAAAATCTTGTACACAGAAGTTTACTAATTTATTATCAAAATCTTCTCCTCCTAAATGTGTATCTCCTGAGGTAGCTTTAACTTCAAAAATTCCATCTTCAATTGTTAATAAGG","Pf3D7_08_v3-1366575-1366822-2.2","70+13N183T",26,0.016850291639663,2
"IM-23-122-YNLT","8039832366","Maziba","Pf3D7_09_v3-595828-596094-1A","ATAATTTTTTCATCGTTCTTATACATGAATGATAAAGTCTTTTTGCAAAATTTTTTGAAGAGATCAGATTTGAGATAAAGACGTTTGGCTAATTTATACGAGAATTCGAGAGCATCTAATTTTATATTTAAACATTTTTTCGTATCCAATATATTATAATTTTGTTCATAAGTCTGTTCGTTTATATTATTTAATACTTTT","Pf3D7_09_v3-595828-596094-1A.5","4+8N27G50+8N134+8N180G",549,0.944922547332186,2
"IM-23-122-YNLT","8039832366","Maziba","Pf3D7_06_v3-1282656-1282930-1A","AAGATATGGAAGAAATATGATAAAGAAAACAATAAATATATATTGTCTCATTTTATTCCTCAATTTATTGAAGACTTAAATTTGAAGGATGAATTCCGAAATTTATTTGATGGATTTGTAAATGATTTGGATATTCTATTATATTCAGAATTTAAAGCATTTTATTTACAAATGAAGCAAAAAGATATAAATGAACTGAAAAATTCTGA","Pf3D7_06_v3-1282656-1282930-1A.5","60T",408,0.933638443935927,2
"IM-23-122-YNLT","8039832366","Maziba","Pf3D7_06_v3-1136091-1136364-1A","CATTATTTTTGTATCCAACGTCGTTATTATTAAAACTTATTATTTGATTAATAACTGACGAACCACATATATTTACACAATGGAATACATAACTTAAGAAAGAGTAGTAATTGCATTTTACTTTTTGCATTTTCCCTCTGGTGGAGAAATAATTATTATGCTGCTTATTACTCTTTGTATTATGATAATTTTTGGTAATCATTTTTTTT","Pf3D7_06_v3-1136091-1136364-1A.1","173C201+9N",45,0.0613915416098226,2
"IM-23-122-YNLT","8039832366","Maziba","Pf3D7_06_v3-1282656-1282930-1A","AAGATATGGAAGAAATATGATAAAGAAAACAATAAATATATATTGTCTCATTTTATTCCCCAATTTATTGAAGACTTAAATTTGAAGGATGAATTCCGAAATTTATTTGATGGATTTGTAAATGATTTGGATATTCTATTATATTCAGAATTTAAAGCATTTTATTTACAAATGAAGCAAAAAGATATAAATGAACTGAAAAATTCTGA","Pf3D7_06_v3-1282656-1282930-1A.4",".",29,0.0663615560640732,2
"IM-23-122-YNLT","8039832366","Maziba","Pf3D7_06_v3-1135605-1135855-1A","TATAAAGAATTTATACCACCTAAATTGTTAACATTAGAAGTATTATTTGTTTCTGTATTTTCTTGTAACGTATTTGTATTATTAATATTGTTAGATGAAATATTATGACTATTTCTTCTATTTGTTATATTTAAATTGTAAATAGTTTCATTACTAACACTACTGATACCATTGAAATGATTATTTAG","Pf3D7_06_v3-1135605-1135855-1A.1","172T",51,0.0562293274531422,2
"IM-23-122-YNLT","8039832366","Maziba","Pf3D7_09_v3-685560-685825-1A","GAACCAAACAACGACAAAGGAACAAGATAATTTTTTCCATTTTTATAAAAGTAATATATATGATATGGAAAATAGAACATGTAATAATAATATATTACAATATTGTGTTATGAATAATAAATCATATTTATTTCATAATATATCATCCAAAAAAAATATATATATAAAAAAAAAGAATCATCAGTTTTCTTTATTCATATATT","Pf3D7_09_v3-685560-685825-1A.1","30+8N79A148+10N165+11N",24,1,1
"IM-23-122-YNLT","8039832366","Maziba","Pf3D7_06_v3-1235395-1235658-1A","GAATATGATAAAATATATATACCAAACAATAAAAATAAAATTAATAATATAAATAATTTTTTAATAAAAAACAATTTGTTGTTGAAATCCAAATTTATGAGAATAACTCCTAATACCTATTTATGTCGTAATTGTGTCCTGTTATATCAAAATGATTTTTCGTATAATACATATGAAGAAGAAATTAATAAAATGG","Pf3D7_06_v3-1235395-1235658-1A.2","56+8N65+8N79T",11,0.0454545454545455,2
"IM-23-122-YNLT","8039832366","Maziba","Pf3D7_08_v3-1365750-1365999-2","TTTCTAGGTTGTTTCTTGCTTCAATTCTATTTTTATTTTGTTCATCCTCTTCTTTATATTTTTCTGCATCATTTACCATACGATCGATATCATCTTTTGATAATCTTCCTTTATCATTTGTAATAGTAATTTGGTTTTGTTTACCAGTACCTTTATCTAATGCTGTTACATTTAGGATACCATT","Pf3D7_08_v3-1365750-1365999-2.1",".",1318,1,1
"IM-23-122-YNPZ","8039832002","Maziba","Pf3D7_07_v3-627351-627625-1A","TCACTAAGATAATTATTATTACTATTTTCAGCATAATAAAATTTCTGATGTTTTATAAGAGGAGTTTGGTTAGAAGCAAAATTATCAGCAGTTGTCGAATAATTATTATGTTCTTGATAAAAGAGATTATTCATATAGTTATTATTATTTTTCATATCATCCATAGTATTATTGTTAATATAAAATTCCTCATATGAATTATATATATA","Pf3D7_07_v3-627351-627625-1A.1",".",420,1,1
"IM-23-122-YNPZ","8039832002","Maziba","Pf3D7_14_v3-2355614-2355853-1A","ACTTTTCTCGATTCACATTATCCAAACCCATTTAACGAGTATGAAAAATATGACAAACATTATTATGAACTTGAAAATATTTTAAAAAACAAACTTAATGAACATTCCTTAAATTATCAATCTTTGTTAAAAATGAAAAGATTTATAAGTATGAACGATATGGAAAATAATAA","Pf3D7_14_v3-2355614-2355853-1A.1","83+8N",1487,1,1
"IM-23-122-YNPZ","8039832002","Maziba","Pf3D7_14_v3-2004362-2004606-1A","TATTTCCATATTATTGTAATAGGGCTTTTTCTTGCTCTTCTAATTTTTGTATATCTTGCTTATCCTTATCTAATTGTCCAAGAGCTTCTAATTCATCATCTACATTTATTTTATTTTCTTGAGAATATTCTTCAATTTTGTCTTCGAAACTGTTATATAATCTATTTATAATTGGTTG","Pf3D7_14_v3-2004362-2004606-1A.2","86T88C98A",679,1,1
"IM-23-122-YNPZ","8039832002","Maziba","Pf3D7_14_v3-2020604-2020849-1A","CAAGAACATGAATATTTCTGTAAATACATAGACAAGTCCTCATTATGTCTTATCACAGGGTGCTCTTTTTTAATATGACAATATAATTTTATATGTTTTATTATTTCTTGATGAATTTCACATAATAAAAATAATGTGTGATTCATATGTTGACTACTCAATATAGAAAAGCCACTAACTAATTG","Pf3D7_14_v3-2020604-2020849-1A.5","65+8N158T",1413,1,1
"IM-23-122-YNPZ","8039832002","Maziba","Pf3D7_05_v3-668763-669004-1A","TAATATTATCTGGCTCTGTAACCATGTCCGAACATATGTTAACAGGAGAATCTGTTCCTATACATAAAGAGCGGTTACCTTTTGAAGGAAATGCTATTATAAATAAAAATAATAAATATGAGAGTAACGATGAAAAGGATGATTACCTTCGTATTTATAATAATCATGCTAGTATTAATATGATCAAGCG","Pf3D7_05_v3-668763-669004-1A.3","73G",2200,1,1
"IM-23-122-YNPZ","8039832002","Maziba","Pf3D7_05_v3-550803-551072-1A","ATATAATACACCTTTCTTATTTATATTAATCTTTTCATTTTTACAAGAAATCACCTCCCTACTTATTCGGTTGTCCTCATTTTCATATTTCATAACACCATCATTTATTTTTTCTATTTCTTTAATATTATTTTCTCCTTGGACGTAATTATGCTTTCCTATCATCTCCTTTGCTCTACTTCCTATATATACTAATTTCTCTCTGAA","Pf3D7_05_v3-550803-551072-1A.1","107+8N",467,1,1
"IM-23-122-YNPZ","8039832002","Maziba","Pf3D7_04_v3-115455-115684-1A","TATTAATGTCATTTTGTTTTTCTTTATTATTATTATTTTTATTTTTTCCCTGGTTATCTTCCTTATTACCTAGCTTTTTTTTGTTGTCATTATTTTCTGTCTGATTATTATTTTTGACTTTGTTCATCTTTGAATTATCCGTTCTGTTTGTATGTCTCAAGCAAGGT","Pf3D7_04_v3-115455-115684-1A.1","24+25N74+10N",2544,1,1
"IM-23-122-YNPZ","8039832002","Maziba","Pf3D7_13_v3-1725124-1725365-2","TGGAAATTGTTCCCATTTATTCATTTTTTCTTCATATACTTCAATAGAATTTAATCTCTCACCATTAGTTCCACCAATGACATAAATTTTATTATCAAAAGCAACACACATAGCTGATGATCTAGGGGTATTCAAAGGTGCCACCTCTACCCATGCTTTCATACGATGATCATATGCTTCTAC","Pf3D7_13_v3-1725124-1725365-2.1","23+8N",4599,1,1
"IM-23-122-YNPZ","8039832002","Maziba","Pf3D7_05_v3-641131-641404-1A","GGAATTTTTTTTTTGGTGTTTTATTTTTTCGAAGGATACAGGATAATCTAAGACATTAAAATTATTGGGTTTGAAAAAGAGTTTCCTTTTTATGATGTGCAATAGAGGTATATTTATATAGGAAATATAAACATATAAAAGGAATATGATAAAAAGGAAATATTGACTTAATAAAATATTAATATTTCTTTTTTTCAAATATATTTCGT","Pf3D7_05_v3-641131-641404-1A.1","4+12N23+8N188+9N",271,1,1
"IM-23-122-YNPZ","8039832002","Maziba","Pf3D7_13_v3-1725208-1725471-1B","CATAAATTTTATTATCAAAAGCAACACACATAGCTGATGATCTAGGGGTATTCAAAGGTGCCACCTCTACCCATGCTTTCATACGATGATCATATGCTTCTACATTCGGTATAATAGAAGAGCCATCATATCCCCCAATACAATAAATTCTACCATTTGACGTAACACCACAATTATTTCTTCTAGGTATATTTAAATTACTTGAAAC","Pf3D7_13_v3-1725208-1725471-1B.1",".",973,1,1
"IM-23-122-YNPZ","8039832002","Maziba","Pf3D7_05_v3-395887-396136-1A","TCTAAGGATTGTTGGTTTTTTAGGATGCTCATCTTTTTAAGATAATCCTCTTTACTGTCGTTATTATTTAAATCGTTTTGTATAATATTATATTGTGAATTCCTTGTGTTTTTCATAATACTATTAGTCCTATTGGTGTTCTTCTTCTTATTATTATTATTATTGTTCTTCTTCTTAATAAA","Pf3D7_05_v3-395887-396136-1A.4","15+8N145+20N",573,1,1
"IM-23-122-YNPZ","8039832002","Maziba","Pf3D7_07_v3-475313-475545-1A","AGCTTTATTATCTACAAAAAATCCACGTGGATATATGAAACAAATGAAATTGTATTTTATATTCCAAATTAAAGAAATTGCATTAAGAAAACATGGCTCTTTACTTACAGTCAAAAATTTATATAATAATAAACTTTTAAATATAAATTCATCATCTTCTACAAATA","Pf3D7_07_v3-475313-475545-1A.1","15+8N",1516,1,1
"IM-23-122-YNPZ","8039832002","Maziba","Pf3D7_04_v3-1113397-1113639-1A","GATTCTGCATGCAGTAATGAATCTATTGAAATCATCTAAGAATAAACTTTTTTGTTTAAACCATTTATTGAACATTTCACTTAAATGTGATTCAATTTTTTTTTCTGAGCTTTCCATAATTTGATTACAACTATTCAATTTGTTTGTATAAGTTTTAGGTCTTATTATTCTTTTACGTTTTAAATCATC","Pf3D7_04_v3-1113397-1113639-1A.2","47+8N95+11N",2870,1,1
"IM-23-122-YNPZ","8039832002","Maziba","Pf3D7_13_v3-146695-146934-1A","AAAGTATTTGTAATAGATTAAACGATGAACTAAATGAAGAAATATGTGGTTATCAAATTAGGTTTGAAAAATCGTATTTTTTAAAACATAGTAAAATTAAAGTTATGACAGAAGGAATTTTATTGAAAGAAATTATGAGTGATTTTATTTTATCAAAATATAGTGTTATCATTCTTGA","Pf3D7_13_v3-146695-146934-1A.2","76+8N170C",3185,1,1
"IM-23-122-YNPZ","8039832002","Maziba","Pf3D7_06_v3-1136091-1136364-1A","CATTATTTTTGTATCCAACGTCGTTATTATTAAAACTTATTATTTGATTAATAACTGACGAACCACATATATTTACACAATGGAATACATAACTTAAGAAAGAGTAGTAATTGCATTTTACTTTTTGCATTTTCCCTCTGGTGGAGAAATAATTATTATGCTGCTTATTACTTTTTGTATTATGATAATTTTTGGTAATCATTTTTTTT","Pf3D7_06_v3-1136091-1136364-1A.2","201+9N",920,1,1
"IM-23-122-YNPZ","8039832002","Maziba","Pf3D7_07_v3-405570-405844-1B","ATAGCAATTGCTTATTACTTTAAATTCTTAGCCGTAAGAATTAAAAAGATATAAATATATAAATATATATGTGAAATATATGATATATATGATATATATGATATATATTTTTTATATGTAATGTTTTTTTTTTTTTTTCACAATATACATTTAAATGTTTATGATGGTACAACGTATCATATTTTATAATAATTTTATGCATTCATGTATATTATTTTTACTTTTT","Pf3D7_07_v3-405570-405844-1B.8","49+57N114+16N",164,1,1
"IM-23-122-YNPZ","8039832002","Maziba","Pf3D7_12_v3-659881-660127-1A","GGTGGTTTAACATTTTCAGCTACGACTTTTTCGACTGATGGCAATCCTACTTTGATTAATTCCTTTAACATAGATTTTGCGTGTCTTTTTACTTCTGATTTGATATCAAAGCTTGATTCTAAAAAGGTTGGTGAATTTTTTTGTAAAACACTGACAAGTTCATTTGATATGGTCTCTGCTAAATCATCACCA","Pf3D7_12_v3-659881-660127-1A.8","26C27T35C83+9N135+9N",1411,1,1
"IM-23-122-YNPZ","8039832002","Maziba","Pf3D7_12_v3-857050-857323-1A","ATATAATTTTAAGATGTCCTATCAAGACGTTCAGGAAAAAAAAAATGAAGATATAAATTATGATGAAATAGCTAGCAGCATGCTAGAGAAGATGGACAAACATATAAATGGAGAAAAACAACCAACGATACATTATGAAAATTTAAATGTACAAGAGCAAGGGGGAGCACATGCTTATTACTCAAATCAAGATATAAATAACATAAATA","Pf3D7_12_v3-857050-857323-1A.2","35+12N162G",600,1,1
"IM-23-122-YNPZ","8039832002","Maziba","Pf3D7_04_v3-133581-133830-1A","CTCTCGATTATCATTACCTACTTCAGTCTTTACAATTGTAGGAGGTGTTTTAACATGATTATCCCCTCCATGAGGAGTAACCCTTAAAGGTTCTTCTTGAATATTTGGTGTCGCTTCGCCTGTTTCTGTAGAAAGGATATTTATTCTATCAACATATTCATCACCTTCTTCAACTGTACTATTTAAA","Pf3D7_04_v3-133581-133830-1A.1",".",382,1,1
"IM-23-122-YNPZ","8039832002","Maziba","Pf3D7_06_v3-1192628-1192867-1A","GATTATATATTTCTATATTTTAATAAGAAGGCGTTACACAAACATGATGCCTCTAATGAAATGTGTTTTGTGAAAAACGAAGATTCTACACGCACAAAAGGACATATGAATGATGAACAAAATGATTTATATAAAATAAATAATAATACAACATATTTTTTTAACAAAAACCACT","Pf3D7_06_v3-1192628-1192867-1A.2","155+9N",1586,1,1
"IM-23-122-YNPZ","8039832002","Maziba","Pf3D7_14_v3-298368-298636-1B","ACGATTTAATGTGGCAAGTTGATTTAGATGTACATTTTGGTAATGTATCTTCCAAAAAAGCAAACGTTATTTTAGATAGTGCCACCAGTGTCATAACTGTACCAACAGAATTTTTTAATCAATTCGTAGAATCTGCAAGTGTTTTCAAAGTTCCATTCTTATCTTTGTATGTAACCACTTGTGGTAACACGAAATTACCAA","Pf3D7_14_v3-298368-298636-1B.1","53+8N110+8N",620,1,1
"IM-23-122-YNPZ","8039832002","Maziba","Pf3D7_04_v3-109939-110184-1A","CAACATCTGAATTATATAAATCTTTAGAAAAACAACTAATATCCTTACTCCATATATTTATTTTTATACCAAGAATAACAGCCATATAAACCAAAACTCTCTCAAATGCATGTGATACAGGTAAATAAGAAAAATGGGTTTTCGGTTTCATGTTTTTTATTACATTATGATCACATAATGGTGCTACT","Pf3D7_04_v3-109939-110184-1A.2","51C108G152+8N",1032,1,1
"IM-23-122-YNPZ","8039832002","Maziba","Pf3D7_06_v3-1128558-1128797-1A","ATTGAATCGTTGGTGTTTATTTTATTATTCCTCTTTTGTTTTTCAATGAATACAAATGTTTCATCGACACTATCTTTATGATCTATTGGTATGGCATGATTTTCTAAATTGCTATTTCTTTCATTAGAATTGTATTTTTCACTATTATAGGTTGAGGTTTTACTACATTTTATATTTTT","Pf3D7_06_v3-1128558-1128797-1A.1",".",1272,1,1
"IM-23-122-YNPZ","8039832002","Maziba","Pf3D7_06_v3-1140900-1141174-1A","CTTCCATGTGAGCTTCAAAATCGTCTGAAGGTCGACTAGACATGAAAAATTCAGATTGAGGTAAATCATCAAATGGATGATTTCTATATGATATTCTAGGTATTAATCCTAAGATATTATTTATGCTATTACATTGAGAATTTCCTTCATTGGTTGTGGTACTTATATCCACATTTTGGTGATCATCAGGATATAATGTATTTTCTTTAGAACTT","Pf3D7_06_v3-1140900-1141174-1A.2",".",720,1,1
"IM-23-122-YNPZ","8039832002","Maziba","Pf3D7_13_v3-1724895-1725166-1B","CGCCATTTTCTCCTCCTGTAATTATATAAGAATCTGACAATGTGGCAGCTCCAAAATTCATTTTTTTCTCTGGTACACCATTTAGAAATTGCCATCTTTTATTAAATGGTTGATATTGTTCAACGGAATCTAATATGTTATGTTCATTATCAATACCTCCAACAACATATATTTGATTAAGGTAATTAAAAGCTGCTCCTGAACTTCTAG","Pf3D7_13_v3-1724895-1725166-1B.1","60+9N",481,1,1
"IM-23-122-YNPZ","8039832002","Maziba","Pf3D7_13_v3-1465901-1466157-1A","CATAAAGGGTCCGATAACATTTTTTACATTTTCCCATGCAGAATCAGCATACAAGTTACATATACCATCTGATGGATGACAACCTACAAGAAATCTGTTGAAAGCTACATTAATACCTTGTCCAATACCAAAAACAGCTATTTTAACACCACGATCATTTAATTTTCTTGATTCTTTTAATGAATCTTGAATACTAT","Pf3D7_13_v3-1465901-1466157-1A.13","19+8N62A158T",1345,1,1
"IM-23-122-YNPZ","8039832002","Maziba","Pf3D7_12_v3-63081-63314-1A","TTTCCGTCATAATAGTTGCATACATTCTATTAAAAACTTTGGGTACTCCTAATATAATTTCAGCTTTTGAATTACATATGTCTGTATTCAAAAATTTTATATCTCTACTCCATATATTTATCTTTACACCCAAAAACAAAGTAATGAAAAAAATAACCCTTTCATA","Pf3D7_12_v3-63081-63314-1A.3","63G142T146+9N",1658,1,1
"IM-23-122-YNPZ","8039832002","Maziba","Pf3D7_06_v3-1135605-1135855-1A","TATAAAGAATTTATACCACCTAAATTGTTAACATTAGAAGTATTATTTGTTTCTGTATTTTCTTGTAACGTATTTGTATTATTAATATTGTTAGATGAAATATTATGACTATTTCTTCTATTTGTTATATTTAAATTGTAAATAGTTTCATTACTAACACTACTGATACCACTGAAATGATTATTTAG","Pf3D7_06_v3-1135605-1135855-1A.2",".",1047,1,1
"IM-23-122-YNPZ","8039832002","Maziba","Pf3D7_14_v3-297583-297856-1B","AGGAGGTTTTTCTTATTATATTTTTGAAAATTTCGTTTTTCAAAAGAACCGTAAAATTAATCACATAATTAAGACTTCAAAATATTCGACAGTAGGATTTAATATTGAAAATTCTTATGATAGACTTATGAAAACAATTAAAGAGCATAAATTAAAAAATTATATAAAAGAATCAGTAAAACTTTTTAATAAAGGTTTAACCAAAAA","Pf3D7_14_v3-297583-297856-1B.1","153+8N",419,1,1
"IM-23-122-YNPZ","8039832002","Maziba","Pf3D7_14_v3-2260533-2260765-1A","AATAACCATCAAATACAAACTCAACCAACAAATACAGTACAATATATTCAACCAAATTATCAACAAGTCATAACACAAGTAGATCAAAATGGTAATCTATTCAATCAACAGCTTGTAGGAAGTACAGTAATGCAAAATATGACACCACAAGGTGTAAACACGTTAAATTATCCTGCAACG","Pf3D7_14_v3-2260533-2260765-1A.3","61C91G",2360,1,1
"IM-23-122-YNPZ","8039832002","Maziba","Pf3D7_14_v3-293575-293829-1B","TTTTGTAGTGTAATGTGTGGTTTATTTTATTATGTGTATGAAAATGTATGGCTTCAAAGAGATAATGAAATGAATGAAATTTTAAAAAATTCCGAACATTTAACTATTGGATTTAAAGTTGAAAATGCACATGATAGAATTTTGAAAACTATAAAAACACATAAATTAAAAAATTACATTAAAGAAT","Pf3D7_14_v3-293575-293829-1B.1","83+8N167+8N",447,1,1
"IM-23-122-YNPZ","8039832002","Maziba","Pf3D7_03_v3-221463-221712-1B","ACTTGAATACCATTTCCACAAGTTACACTACATGGGGACCATTCAGTTGAAAGAGAATTTTGTATTTTCTGTAAATATTTTTCTATGTGCTGATCACTTGGTTCTTCGTTATTATTATTTTTTACAGCATTGTTGGCATTAGCATTTTCATCTACATTTCGGTTTGGGTCATTTGGCATATTGTGACCTTGTC","Pf3D7_03_v3-221463-221712-1B.6","69C71G80T83C92G117+8N130T",902,1,1
"IM-23-122-YNPZ","8039832002","Maziba","Pf3D7_09_v3-163813-164052-1A","GTAATAATAATAATAATAATGTATTTCTTTCATCAAGTGATCCAAATAAATTAAACACAACACCATCACCATTTGGTTTATCATCTATTGGAAATCTAAATACAAACAATAAATTAAATAGCTTTCCAGATTTTAGTCAAGCTAATAAAACATTTCTACAAAATGATAGCTTAT","Pf3D7_09_v3-163813-164052-1A.1","2+19N28T131T",1258,1,1
"IM-23-122-YNPZ","8039832002","Maziba","Pf3D7_10_v3-1392371-1392620-1A","TGATGAAAATGATGATTCCCTTATTTCTAATTCTTTAGTACCCGAAACAAGTTACAATCAAGATTACTCTTTATACACTATTAATATTTTGAATGGACTTCCTGATAAAGAAAGTAATATGAAAAATATTGATTTAGAAAAATTTAAAGATACTTCAATACATACAAAGGAAGAGGGACCCATTGTA","Pf3D7_10_v3-1392371-1392620-1A.2","106+9N",1140,1,1
"IM-23-122-YNPZ","8039832002","Maziba","Pf3D7_13_v3-156456-156685-1A","ATTATATGATATTTATATAAAATTAGAAAATCTAATTTTAGAAAAAATAACTGAAAGTATATACAATAGTACACCTCCATATAGAGTTATTATGTTCGAATTAATGACCAGATTGTTTCGATTTTATACAAAACCAATAGACCTTATTATTACTATGAATACAC","Pf3D7_13_v3-156456-156685-1A.2","41+8N115G",742,1,1
"IM-23-122-YNPZ","8039832002","Maziba","Pf3D7_13_v3-1146764-1147010-1A","AAATTTTCTCCTAAAGTTATGCCTTTGTTAATGAAGGAGAAGAACGTGAAACATAAAGCACCTCCTAAAGGTACTATAAAGCATACGCTAGAATATTTAAAAAGAGCAGGAGAATCAAGAATGAAAGAAAATGAATTATACAAATCAAAAAAAGATAGCACACTTAGTTCAATTGCAATTAGAAAAAATTCC","Pf3D7_13_v3-1146764-1147010-1A.1","64C110G146+9N182+8N",1947,1,1
"IM-23-122-YNPZ","8039832002","Maziba","Pf3D7_07_v3-896613-896849-1B","ACAATGAAAAAATGTATTAATGATGAATTATATAAAATAAAAATAAATGTAGGTTTATATAAAAAGGATAGAAAAAAATTATCCTTTTTTATATTGTTGCATAAATTTTATTTAGATAATTATAATATTGTTATTAATAAATTAAAAAATATGAATAATTTAATAGAAA","Pf3D7_07_v3-896613-896849-1B.1","6+8N71+9N84+8N143+8N",654,1,1
"IM-23-122-YNPZ","8039832002","Maziba","Pf3D7_08_v3-102277-102527-1A","TACCTTCATCTATTGAATTAATTTTCTCAAGTAACATATTTTTGTCTTGACTACTTTCATCTGTAAATGGAACGAGTACTCTTTGCTTACCTGCAAAAAGGACAACTGACATATGAGCCTTATCCTTACTTACATTCGAATTAAAGACCATAGATTCTAAAAATGGTATAGTTCCTTTTAACCAATAATC","Pf3D7_08_v3-102277-102527-1A.1","76G",2333,1,1
"IM-23-122-YNPZ","8039832002","Maziba","Pf3D7_14_v3-1956056-1956330-1B","CTAATTTTTTTTCTCCACTTTGTAATTTTTATTGTTGAATATATATATAAAGTTAAACCTATAAATAATACACTACCTAATAAACTATTCTTATATTTAAAAATAAATATAACACATGTTATTAATCCTTCTATTGTTGCCGGAATAATATACATTAAAACAGAACTCATCAAATTATTAGCACTCTCGGTACCTCTATCAACTATTCTCA","Pf3D7_14_v3-1956056-1956330-1B.1","4+10N113C",507,1,1
"IM-23-122-YNPZ","8039832002","Maziba","Pf3D7_10_v3-1414337-1414596-1A","GACCTGAATGGAAAGGCCAATGTGATAAATTTGAAAAAGAAAAAAGTAAATATGAAGATACTAAAAGTATAACTGCTGAAAAATATTTAAAAGAAATATGTTCTGAATGTGATTGTAAATATAAAGATTTGGATAATACATTTAAAGAATTTAAAGATAACGTTACGCTTCTTAAAGCAGTAATTGATAACAAA","Pf3D7_10_v3-1414337-1414596-1A.8","39+8N167G",1174,1,1
"IM-23-122-YNPZ","8039832002","Maziba","Pf3D7_14_v3-294503-294768-2","CAGAATTTAGATGTTATCAAAGTCCCATTCTTACCTTTCTATGTAACTCTTTGTAACAACAGCAAATTACCAACTTTTGAATTTACCTCAGAAAATGGTAAATACACATTAGAACCTGAATACTACCTTCAACACATAGAAGATGTTGGTCCAGGATTATGTATGCTTAATATCATAGGATTAGATTTTCCAGTACCAACCTTTA","Pf3D7_14_v3-294503-294768-2.1",".",1169,1,1
"IM-23-122-YNPZ","8039832002","Maziba","Pf3D7_14_v3-294506-294753-1B","AATTTAGATGTTATCAAAGTCCCATTCTTACCTTTCTATGTAACTCTTTGTAACAACAGCAAATTACCAACTTTTGAATTTACCTCAGAAAATGGTAAATACACATTAGAACCTGAATACTACCTTCAACACATAGAAGATGTTGGTCCAGGATTATGTATGCTTAATATCATAGGATTAGATTTTCCAGT","Pf3D7_14_v3-294506-294753-1B.1",".",2377,1,1
"IM-23-122-YNPZ","8039832002","Maziba","Pf3D7_14_v3-2481033-2481276-1B","CCATGTGGATAAAGACAGTAGAGAGCAATTCGAAATAAAACAGTACTCTTGCAAATTAGATATTTTTTTGAACTCATCTGTTCCTATAAAAAATTCTGAATGTAAGCAGAATAAATTATACACAAAAGAATATATATTCATTTTTATTTATTCACTTTATATATGTTTGTATGTATGTA","Pf3D7_14_v3-2481033-2481276-1B.3","62+9N87+8N",914,1,1
"IM-23-122-YNPZ","8039832002","Maziba","Pf3D7_14_v3-2858894-2859160-1A","ATAGATTTTAATGACATAAAAAACACAACAAATGAGTATAATAATTTTGAGGAACATAATTATCAAGATGATAAATTTATATTTAATAAAGATATACATAATATTCTTTTAGAATTAAAGGAATCATTAAATGACATATCACGTGGAAGACTAAATACATTGATAAGAGATAATAAAATAAGTAGTTGTATAATATATCA","Pf3D7_14_v3-2858894-2859160-1A.1","15C17+8N28A",814,1,1
"IM-23-122-YNPZ","8039832002","Maziba","Pf3D7_08_v3-1176313-1176549-1A","TACATCCAATGAATATTTTACACTTAAAAGAAATAAACAAATTATTCATAATAAAATACATATACTTTCTATGCAAAAAAATAAACAAAATACAAACGAGCTAAACAAATCATGTAATATTAACGCCATCATATTTAATATTAATTCTGATGATTTTGAGGTAGGCGATGAAATTGT","Pf3D7_08_v3-1176313-1176549-1A.3","74+9N",2167,1,1
"IM-23-122-YNPZ","8039832002","Maziba","Pf3D7_12_v3-684011-684240-1A","ACCTAATGTTGGTAAGTCTACCATTTTTAATCGACTAACTCGAAAATATCAAGATGGTAGTATTGTATTAGATGTTAGTAGTACGAGAGATAAACTTTATGGAGAAGTTGAGTGGGAAGGATATAAATTTGAACTTGTGGATACAGGAGGTTTAGTTTTTGA","Pf3D7_12_v3-684011-684240-1A.1","67A",1616,1,1
"IM-23-122-YNPZ","8039832002","Maziba","Pf3D7_14_v3-1166107-1166371-1A","TTTTTGAATTATTAAATATATCTTCTATAAAAAAAGAATATCAAGCTATACATAACAATAAGTATTTTTTATGGAATATGGATGCAAATTTTTTTACTATAAAAAATCATCATAAGGATAATAAGGATAACAATGATGAAAATGTGAATGTAATAATACAACAAAATAATTTAGTTCTAGAAAAATATGATCATTTAATAGA","Pf3D7_14_v3-1166107-1166371-1A.3","28+9N64+8N87A88+9N100+8N179A",503,1,1
"IM-23-122-YNPZ","8039832002","Maziba","Pf3D7_13_v3-156713-156986-1A","TCCTTTTATGTGAACAAATTAAATATTGTAAATGATTTCTTTTTTGAAACACACCATAAAGATACACATCAAGACAGTCAAAATGAACACAAAACGGATGAACCTAAAATACATAATGTTTTCAAAAAAAAAAATAACGATATCTTTGTTAATATTCCTCTACCAAAAATATTTAAAAATTTCTTACATTCCATATATTTTAGAACTCC","Pf3D7_13_v3-156713-156986-1A.2","39+8N50C123+13N",637,1,1
"IM-23-122-YNPZ","8039832002","Maziba","Pf3D7_07_v3-405517-405773-2","TTTTCTACCATGACATATACTATTGTTAGTTGTATACAAGGTCCAGCAATAGCAATTGCTTATTACTTTAAATTCTTAGCCGTAAGAATTAAAAAGATATAAATATATAAATATATATGTGAAATATATGATATATATGATATATATGATATATATTTTTTATATGTAATGTTTTTTTTTTTTTTTCACAATATACATTTAA","Pf3D7_07_v3-405517-405773-2.26","97+57N162+16N",171,1,1
"IM-23-122-YNPZ","8039832002","Maziba","Pf3D7_14_v3-106867-107115-1A","AATGACATGAACAAGTCAGGCGAAAAAGAGGAACATGTTATAAATAGTAAATGGAAAAATAAATTTTTCCATGAAGTTATACAAAATATGTTATATGATGATAATATAAATGATCATAAAGAAGAAATTAAGGAAGATAATTCTAATGAATATAATATCAATAATAAAAATGATAATTTATATGATATA","Pf3D7_14_v3-106867-107115-1A.2","120A",499,1,1
"IM-23-122-YNPZ","8039832002","Maziba","Pf3D7_14_v3-1992121-1992370-1A","ATTAAAACATTCCAACAATTTTATTTCCTTCTTTATAAAATTATATAAATTAATTATTTTCTTTTTATCACATTCAAAGACGGCATAAGGTGCACCCCATGAACATTTTTTACTTTTGCTACCATCAGGCATAATATAAACACCAGTACCATTTTTTTCTGATAAATTAATATTTTTTTGTATAACATCATA","Pf3D7_14_v3-1992121-1992370-1A.1","105+8N151+9N172+9N",362,1,1
"IM-23-122-YNPZ","8039832002","Maziba","Pf3D7_04_v3-1083299-1083563-2","ATACACTTTCCATATGTAGAGGACTTATGATATATAGAATTATAAGATAAATGTTTATAATAATCTAAAAAAGTATAATGAGGTATTATAACAAAATCCAAATGTCCTTCTTTTTCTTGTAAAATATCAATAGAATTTGCAATGTTATAATTTGATAACTCTTTAAAATGATATTGTAAAAAATTAACATTTTTATA","Pf3D7_04_v3-1083299-1083563-2.1","66+8N177+8N",210,1,1
"IM-23-122-YNPZ","8039832002","Maziba","Pf3D7_07_v3-432832-433091-1A","TTGAAAAAGTCATCATCAGAATGGGGATGATTATTATTGTTATTATGAGTTTGGTTCGTATTAATATTATGATCCTTTTCGTTATTTAATTTATGTTCATTTATATTTTTATAAATAAATAATTTTCCAAGAAGTATACCATTAATAAACTTACTAGTTAACATATTAGACTGCTCAATATTTGTACATTTTTTTAATGTATGTATT","Pf3D7_07_v3-432832-433091-1A.4","30+17N72A188+9N",1640,1,1
"IM-23-122-YNPZ","8039832002","Maziba","Pf3D7_02_v3-291770-292017-1A","TAATATCATAAGGTTTGAATATTTTCCTCTCAGGTATTATACCAACAGAAGGTTTATCATCATCTTTAAAACCTGCTCTATCTTTAACCCATTGATTAGGATTTTTTAAACATAAAGCTGGATTCTTTAATAAATCTTTCATATGTTCCATATTATTTTCTTCATTTATATATGATGCTAC","Pf3D7_02_v3-291770-292017-1A.1","101+8N177G",1152,1,1
"IM-23-122-YNPZ","8039832002","Maziba","Pf3D7_10_v3-1414599-1414832-1A","ATCTAGATCAACGAGGGAATATAACAACATCTCAAGGAAATTCACACCGTGCAACTGTTGTGCAACAAGCTGATCAAACCAACAGATTAGATAATGTAAACTCTGTAACGCAAAGAGGAAATAATAACTACAACAATAATTTAGAGCGTGGATTGGGTTCTGGTGCT","Pf3D7_10_v3-1414599-1414832-1A.1","70C",2233,1,1
"IM-23-122-YNPZ","8039832002","Maziba","Pf3D7_08_v3-585703-585949-1A","AAACACATCATCAAAAGTTTCTGATATTGGCTTGTTTGATTCTTTATATTTAAAATCTTTATATAAATAAAATCTATCTTTCTTAAAATATGGATCTTTACGTACTTCAATCGAATCACTATCAGTTACAATATTTATATCTTTTAATGTTAAGTGGAAATTAGAATCAATAATAGCTA","Pf3D7_08_v3-585703-585949-1A.1",".",1693,1,1
"IM-23-122-YNPZ","8039832002","Maziba","Pf3D7_14_v3-279563-279833-1A","CATTTTTCTTTTAAATGAGAGCAATATATTTCTTAGGTTTATTCCGGATAAATGTTTAGTTATTAGCCAGGTGAGTAATAGTGATTCATATAAGGTAAATTGTATTAATTTCTCTGAAGGATTTTGTTGCTGTCATCCAATAAATAATTTAGCACTATTATATGGAGAGTATCAACAAAATCAAGAATCAAAAATTATGAAATTACCG","Pf3D7_14_v3-279563-279833-1A.1",".",589,1,1
"IM-23-122-YNPZ","8039832002","Maziba","Pf3D7_03_v3-221295-221532-2","AAGGAACAAGAAGGATAATACCATTATTAATCCTATTGAACTATTTACGACATTAAACACACTGGAACATTTTTCCATTTTACAAATTTTTTTTTCAATATCATTTTCATAATTTAATTGGTCTTTAGGTTTATTAGCAGAGCCAGGCTTTATTCTAACTTGAATACCATTTCCACAAGTTA","Pf3D7_03_v3-221295-221532-2.13","86+11N107T114T120G",1733,1,1
"IM-23-122-YNPZ","8039832002","Maziba","Pf3D7_14_v3-2733345-2733593-1A","TCGATGTACATGCAGAAAAAATATTGGAACGTTTATTTGTAATTTATTTATGTGTATTAAAAGAATATGAAAAACATCCTCCTAAAATATTAAAATATTCATTACGTGCTATATCTAGATACTCGATGTATATAAATAAATTTATCATGGATGATATATTATTTGAAATTAAAAACCTTGCTGCA","Pf3D7_14_v3-2733345-2733593-1A.1","15+8N",1813,1,1
"IM-23-122-YNPZ","8039832002","Maziba","Pf3D7_13_v3-1265494-1265726-1A","TGTCATATACAGATTATAAAAATGATCATAGAATAAGCGAAATCTTAAATCGTTGTATTTTACGATTAAACGAGTTTGATCTAATTCATTTATCTTCTTTGGTCATATCTTTAAGTAAAATGAATTTTAGGAGTGTGTATTTTATGGAACAAGTACAAAAGAAATT","Pf3D7_13_v3-1265494-1265726-1A.1","144A",2941,1,1
"IM-23-122-YNPZ","8039832002","Maziba","Pf3D7_13_v3-1350855-1351093-1A","TCTTTTATATTAGTTGTTTCGTTATTTTCATTATGTTCCATATTTTGGTTATTTGTATATTTTATATTTTTTAAAAATTGGTAAATATATTCCGAGATGAAAGGTGTAAAAGGGGCCATAATTATTGTAAACAAATATAATGTTCTACATAAAACATTTAATGATTGGTGAGT","Pf3D7_13_v3-1350855-1351093-1A.1","66+8N",1916,1,1
"IM-23-122-YNPZ","8039832002","Maziba","Pf3D7_13_v3-1233093-1233332-1A","TCTATATGATCCTTATTTTTATCTTCATCACATTTATAATTTACATAATTTTCGACGTCATCATTTTCATTATTACTCATAATTGAATTATCCACAATGTTTGCCTCTTTTACAGCTTTACAAAGTTGGTAAAAAATATGATAATTCCTTTCACCTTCTTGTTGATCACACACCCGAACC","Pf3D7_13_v3-1233093-1233332-1A.1","130+8N",1913,1,1
"IM-23-122-YNPZ","8039832002","Maziba","Pf3D7_03_v3-980853-981120-2","TAAGATTCTTTTGAGTTATTTATTTTCCAAATAATTTGGTTATATATATATGAAAATTCGATCATACCACATGCTCCAAGAATAATAGATGCATCGTCATTATATTGGAATGTAAAACTTTCATCATACTCATTTGTATTAGGTACACAAGAATCATCTTTATTTTTATAATTTTCTTTACATGTACAATTAATTTTACTATATT","Pf3D7_03_v3-980853-981120-2.1",".",364,1,1
"IM-23-122-YNPZ","8039832002","Maziba","Pf3D7_06_v3-1115900-1116168-1A","ATTTTTTAATAAAGCAGTACCATCTATATCTCTTCCTTTTTTTAAAACACATAAAGTTTCATCAAAATTGCTTGTGCTATTTTTATCAGGTTCAGGAAAATATTGTTTATTTGGAGAATATCCATTCTGATTACAAGTTATAATATTATTAATATTTATAAATTTTTTGTTTGTTTTTAAATCACCAAATTGATTATCGTTAT","Pf3D7_06_v3-1115900-1116168-1A.2","1+8N36+9N114G162+12N",817,1,1
"IM-23-122-YNPZ","8039832002","Maziba","Pf3D7_13_v3-2840462-2840736-1B","AATAAACACATATGTTTATTAATAAAATTGTTAGTTATTTTTATGTATACATAATAAATTAAAGATACTAAAACAATATTTTTAAATGTAAATAAATGAATAATGATATTATTTATATGATTCATCATTCTATATTTACATGGAAGATTAAAAAATTATATATATATATATATATGGTAATTTCTGTGTTTATGTTTTTATTTTTATAATA","Pf3D7_13_v3-2840462-2840736-1B.5","149+23N",17,1,1
"IM-23-122-YNPZ","8039832002","Maziba","Pf3D7_13_v3-1419363-1419626-1A","TTTTGAAATCTGTATATTTTTTATCATGTTCATCGAGATTTATTTTGTTCTCTTTGTTTGAAATATCAACTACATGATTAAAAACATCTCCTAAATTATATAATTTCTTATCTAGGTCTTTTCGAAATGTCGATTCTCCTCCTTGTGCTGGTTTTTGTACTTCTTTTCCTTGTGTTGATATCTCTTGTTCATTTTTAGATTGAG","Pf3D7_13_v3-1419363-1419626-1A.5","16+8N24T28G52C123C166T",441,1,1
"IM-23-122-YNPZ","8039832002","Maziba","Pf3D7_13_v3-1465616-1465890-1A","TCTTGTGGATTATTATCTATTATATTTTCTTCTGGTTTTTGGACAGAAGAATTATCTCCTCTTGGTCTAGGTTGATCATCTTCGGGTTCATCTGGAACATCTAATGGTTCCCATTTTGGAGGACATCTTTCTTCTTCACATTGTTCTTGTATTTCACTTGTACATCCTTCGTGTAAGATTTCTCTTTTTCTTGACCTGGTACCTTTACCACAAGTTACACTACATGGAGA","Pf3D7_13_v3-1465616-1465890-1A.8","30T32C41G47A49G113A121G152T",1320,1,1
"IM-23-122-YNPZ","8039832002","Maziba","Pf3D7_03_v3-221185-221419-1B","AAATAAATTAAATAGGAAAATATAAAGAAAAATGAAAATTAAGAAAAAAAGTAGTATATATTTTTATAAATATTGTACAACTCAAACTAAGATGTGTTCTTTATCTAATTAAGGAACAAGAAGGATAATACCATTATTAATCCTATTGAACTATTTACGACATTAAACA","Pf3D7_03_v3-221185-221419-1B.1","43+9N",975,1,1
"IM-23-122-YNPZ","8039832002","Maziba","Pf3D7_06_v3-1197245-1197515-1A","CATTAGGAAAAACAACAGAGCCTTCTTCCATACCATAAATACATAAATCATTTCCACTAATCTTTTCTAAATATTGCACAAAAGAATCAATATCATTATAAGATGACATCTTCTTTCTTATAAAATCTAATTGAGCTTTGGTAAATCGAAAACAATTAATATATTTTATTACTTCATATACACCAGCTAATATAGCAAATTGAC","Pf3D7_06_v3-1197245-1197515-1A.1","20G",1053,1,1
"IM-23-122-YNPZ","8039832002","Maziba","Pf3D7_05_v3-796518-796759-1A","TGGTTCTTCAATTATTCATATAAGTTCTTTATTAGTAGGTGTATATTTATGTAGTAGTAGTGCAAATGCATTTAATCAAATTATTGAAAGAAATATAGATAAGTTAATGAAAAGAACCCAAAAAAGACCCTTAGCAAATAATAATCCAAATATGTCAGTTAAACATGCTGAAATAT","Pf3D7_05_v3-796518-796759-1A.1","14A119+8N",1439,1,1
"IM-23-122-YNPZ","8039832002","Maziba","Pf3D7_05_v3-961511-961758-1B","CTGCAGAAGATTATACTGTATTTAATAATAATGGAGAAATATTATTAGATGATATTAATATATGTGATTATAACTTAAGAGATCTTAGAAACTTATTTTCAATAGTTAGTCAAGAACCCATGTTATTTAATATGTCCATATATGAAAATATCAAATTTGGAAGAGAAGATGCAACATTGGAAGAT","Pf3D7_05_v3-961511-961758-1B.1",".",1226,1,1
"IM-23-122-YNPZ","8039832002","Maziba","Pf3D7_14_v3-1038300-1038538-1A","ATTAATGATTTATACACTTCAACTACACTTTTTAATTTAGCCCATACAATTAATAAAGCTCTACGATAAATTTCTTTTTTATTTGATTTAGAAAAAGGAGAAAACCATTGAAACTTTTTGGCTAGATATTTATGGTCTTTATCAAAAATATATTCTGAAACTTCATCTTCTAGAAGT","Pf3D7_14_v3-1038300-1038538-1A.1","74+8N",1445,1,1
"IM-23-122-YNPZ","8039832002","Maziba","Pf3D7_07_v3-403487-403750-2","AGGTTCTTGTCTTGGTAAATGTGCTCATGTGTTTAAACTTATTTTTAAAGAGATTAAGGATAATATTTTTATTTATATTTTAAGTATTATTTATTTAAGTGTATGTGTAATGAATAAAATTTTTGCTAAAAGAACTTTAAACAAAATTGGTAACTATAGTTTTGTAACATCCGAAACTCACAACTTTATTTGTATGATTATGTTCTTT","Pf3D7_07_v3-403487-403750-2.1",".",678,1,1
"IM-23-122-YNPZ","8039832002","Maziba","Pf3D7_07_v3-403801-404052-1B","TATATATATATATATATATATATATATGTATGTATGTTGATTAATTTGTTTATATATTTATATTTATTTCTTATGACCTTTTTAGGAACGACACCGAAGCTTTAATTTACAATTTTTTGCTATATCCATGTTAGATGCCTGTTCAGTCATTTTGGCCTTCATAGGTCT","Pf3D7_07_v3-403801-404052-1B.10","1+45N130+8N",327,1,1
"IM-23-122-YNPZ","8039832002","Maziba","Pf3D7_13_v3-1876391-1876664-1A","AACTATCTGTAAAAGTATGTTTAGAACTAACATTTGAAGAGAAGTTACATCCGTGTATGACTTTTTTTTCATATTTTGGTTTTAAAACTATTTTATAATTATTATTTTTAAATTTGCATGTACATTCTGTATTAACATCTTTTGATGTAACATAAAATGGAGCTTTAAAGATAGTTAAGTTTTTATGATAAATTATTTTATTACTTTTATATA","Pf3D7_13_v3-1876391-1876664-1A.1","61+10N",632,1,1
"IM-23-122-YNPZ","8039832002","Maziba","Pf3D7_04_v3-748585-748822-2","TTAATAAAAAAAATATATTTTACTAGAATAAATAGTACATATGAATGTGATGTATTTTTTCCAGAAATAAATGAAAATGAGTATCAAATTATTTCTGTTAGCGATGTATATACTAGTAACAATACAACATTGGATTTTATCATTTATAAGAAAACGAATAATAAAATGTT","Pf3D7_04_v3-748585-748822-2.1","5+10N54+8N",529,1,1
"IM-23-122-YNPZ","8039832002","Maziba","Pf3D7_12_v3-1959644-1959891-1A","ATGGGAAGACGATAAGAGAAGAGAAATTAATTTCTGAGGGAGCGTATTCATTTGTTTATATGGCGAAGGATTTAAACACGAATCGAGCTTATACTATAAAGAAGACCATATGTCAAGATAAAGAGAAAATAGATATGGCGTATAAAGAAATCAACATTCTTAAAAGTTTACCTCCACATAAAAATATA","Pf3D7_12_v3-1959644-1959891-1A.3","141T",1157,1,1
"IM-23-122-YNPZ","8039832002","Maziba","Pf3D7_14_v3-137398-137668-1A","ACCATTCATATTTTCTAGGTTTGTTTAACCAATTACATATATATAATATATTACAAAATAATTGTTTTAATAATATATGTTTAGTTAATATTAATTCAATACTACTTAATTTATTTCTTATATTTTTTAAAAGATCTTCATAAACAAAATCAAAATTATCTATTAATAATAAATAACCAAATCTTTTATGCACATTTTTTATTC","Pf3D7_14_v3-137398-137668-1A.1","122+8N191C194+8N",161,1,1
"IM-23-122-YNPZ","8039832002","Maziba","Pf3D7_14_v3-1392837-1393086-1A","ACATGTATTGTCCCCAGCATGAATCGGGTGATAAATATTATCAAGCGTATCAAAAAATGGATTGTAATTATTACTACTATTCATATCATTATTTTTTGTGGTGGTGGACTGTGAAATGTTTTCCTTATGATTTTGACTTGTGTGTATATCCCTACCAACAACATATTCAACATTATTATTATCAAAAA","Pf3D7_14_v3-1392837-1393086-1A.2","51+8N91+8N",1381,1,1
"IM-23-122-YNPZ","8039832002","Maziba","Pf3D7_14_v3-120101-120365-1A","TTTTACAACATTATTTTTTTCTTCCTCCTCAGATAAAATAGGTACACATATCGCGTCCTTATCACATCCTCCATTGTTTACCTTACAATGTTCTTCGCATTCGAAATTTTTTTCAGGATTACTTGAAAAGCCTTCTGGACAATTACAATATTCATATCCATGAGCATTCTTACAAACACCTTTTCCACAATTTAAAA","Pf3D7_14_v3-120101-120365-1A.1","13+9N106+9N165C",728,1,1
"IM-23-122-YNPZ","8039832002","Maziba","Pf3D7_05_v3-350808-351052-1A","TAATATAATTTGAGTTGATAATATTATAATTATTTTTTATATGTTGCTCATTTATATTATTATGATAAATATGAGTTGTATTTTTATTAGAGTTGTAGGACATTTTCCCATACATGAGTTGTTTTACATTTTTAACATTTTTATAATTATGTATTAAACATAAGATTATTAGATAAA","Pf3D7_05_v3-350808-351052-1A.2","32+8N",1386,1,1
"IM-23-122-YNPZ","8039832002","Maziba","Pf3D7_09_v3-1406342-1406614-1A","TCTCAGATTATCATAGTGTTGTGGATGAAGATTTAATTAATTTTAATGATGATGTTACTTTAGAAACACAATCCATGATAGCACACGGAGGGTCTTTGTCAGAAATAGAAGAAACTGAAGATTTATCTTCAGATGTTGATAGATTACTTTCATCAATCGAAACTACTCCAAGAGATGATGTTGTATATATACGAGGTGATATTATATT","Pf3D7_09_v3-1406342-1406614-1A.3","118A148T204A",1510,1,1
"IM-23-122-YNPZ","8039832002","Maziba","Pf3D7_10_v3-992331-992603-1A","TCATTATATTTTTAAAAAAAAAAATTATGATATAAAATCTTCAATTAATAAAAGATCTATCCAGTTCTTTAAAGACACTAATATAGATCATTATATAGCATATGAATATTATAAGGAGGACCGTACGGAATTTATATTAACTATTATGAATGAAAAAAATATTACTCATCAAGAAACTCAAAGTCTTGAAATGAAAAAGTTGAAAG","Pf3D7_10_v3-992331-992603-1A.2","13+13N152+9N",671,1,1
"IM-23-122-YNPZ","8039832002","Maziba","Pf3D7_05_v3-960810-961048-1B","TAATACAGGAAGCATTTTATAATATGCATACTGTTATTAATTATGGTTTAGAAGATTATTTCTGTAATTTGATAGAAAAAGCTATTGATTATAAAAATAAAGGACAAAAAAGAAGAATTATTGTAAATGCAGCTTTATGGGGATTCAGTCAAAGCGCTCAATTATTTATTAATAGTTT","Pf3D7_05_v3-960810-961048-1B.1","105+8N",1454,1,1
"IM-23-122-YNPZ","8039832002","Maziba","Pf3D7_05_v3-958079-958350-1B","TTTTTATATCTGTGTTTGGTGTAATATTAAAGAACATGAATTTAGGTGATGATATTAATCCTATAATATTATCATTAGTATCTATAGGTTTAGTACAATTTATATTATCAATGATATCAAGTTATTGTATGGATGTAATTACATCAAAAATATTAAAAACTTTAAAGCTTGAATATTTAAGAAGTGTTTTTTATCAAGATGGACAATTTC","Pf3D7_05_v3-958079-958350-1B.1","186+8N",296,1,1
"IM-23-122-YNPZ","8039832002","Maziba","Pf3D7_07_v3-717260-717493-1A","GAGCTTGCTTTTTTGTTGCGTTACTTGCTGGGCTGATCAAAAAAAAAGTTGAATGTATTGAACTTAGTGCCAGCGAAATTTCCCCTCATGAAAACAAATCGACGAGTTCATCAATATTCCAAGAGGAATTAAAATTTGATAAGTCTCTGAAAAATTTTTTCAAACAA","Pf3D7_07_v3-717260-717493-1A.1","8+8N38+11N154+8N",1876,1,1
"IM-23-122-YNPZ","8039832002","Maziba","Pf3D7_07_v3-729480-729750-1A","TGAATGTTCAGAAATTTTATATCACTTAAATCGTTTGAGTGAGTTAGATCAAATATTGTTGAAAGATAAAATAAGTATATATGAGTATCAGCTAAAGGACACGTTTTTAACAACGTATGATATAGGTTGTTTATTAAAAATAGCTCAAGTGTTGAATGAACAAAATTATTATGATAACATTCCATTTTTGCATATATTTTTATATAACATACATAA","Pf3D7_07_v3-729480-729750-1A.1","42A",652,1,1
"IM-23-122-YNPZ","8039832002","Maziba","Pf3D7_01_v3-535965-536239-1A","GCTCATTTGATATTTTCCAGTTGTTTGATTTTAAAAATGATGTATATTTTTTAGATGATAATTTGTTCGACAAGGATATGGTATATTGTACAAGTACCAACAATTATGGCATTATGGAAAATGATAATGATGATGATAAAATAATAAAAATACAGAATTTAAATGAGAAATTAAAAAATGGAAAAGCTGAATTTAAAGATATATTATTAT","Pf3D7_01_v3-535965-536239-1A.7","46+8N111A118A121+17N155G172+8N",599,1,1
"IM-23-122-YNPZ","8039832002","Maziba","Pf3D7_03_v3-85507-85756-1A","TATCATTTAAATTCTCTTTTTCCACAGCTCCAGCATTTTTATTTATATCATCTACAACTACATCTTCCTTCACATAATTATTTATATAAAAAGTATTATCATCTAAAGCATCTGAAAATTCTTCATTTAATACTTCTTCATCTTCTACATTAAATGTTTTCGTTCTTTCATCATCTAATAAA","Pf3D7_03_v3-85507-85756-1A.4","93G",651,1,1
"IM-23-122-YNPZ","8039832002","Maziba","Pf3D7_13_v3-1004740-1005002-1A","TTACATCGTAAAAATAATTTAAAATATTATATATATTATCTTTTCCTTTTGGGGGGTCTCTTTTCTTTATATATATATTTACATTTCTCTTCATTTTATTACATGATAAATTAATATTTAATGTACTAATATATATATTATTAATTTTTATTTTCTTCTTCTTTTTTATATTAAAACAAAATGAAGATTCTTTAA","Pf3D7_13_v3-1004740-1005002-1A.1","50+8N161+8N",47,1,1
"IM-23-122-YNPZ","8039832002","Maziba","Pf3D7_04_v3-1005938-1006187-1A","GTCTTAACATTAATCTTAGTTACAAAGTTACATGGATTTATTGAAAAGATATTTTCGTCACTATATTTCTTTTTTTCCATATCCGTTTGATCATTTTTATATGTTTTCATATTATCCATATGTTCATTATTTTGATCAATATAATTTTTTTTTATAATAAATTTAGAATTATTTTTAAAGAAA","Pf3D7_04_v3-1005938-1006187-1A.1","69+9N84C98T144+11N",813,1,1
"IM-23-122-YNPZ","8039832002","Maziba","Pf3D7_13_v3-1406713-1406975-1A","TTTCATGTCTTCTTAAATATGTTTTAAATTCATTATTTAATTTTTCATCATATTTAGGTACATTTTTTTTTGGAAATCTAGATGTTTCATTATTATCGTGATTTGATGAATATATATAATGAGTTTGTTTAAAATGTGGTTCATTCAAATTATCTTTTTTCTTATCTTCGTGTATATTTTTATTATAATTTGAATACTTC","Pf3D7_13_v3-1406713-1406975-1A.1","6T62+11N154+8N",731,1,1
"IM-23-122-YNPZ","8039832002","Maziba","Pf3D7_08_v3-1056678-1056903-1A","GTGTTAACGATAATTATAATGCAATAAGCACAACTAATTTTTCAGATGACATGGATGAATTGATAAAGAATCTTTCTATTATGGGTTTGTGTAAAGAGAAAATAGTGTTAACAGAAAAGGCAACAATATTTAATAACATTGAATTGTTGTATTCATATTATCTTATAGTTCAGA","Pf3D7_08_v3-1056678-1056903-1A.2","126A",5475,1,1
"IM-23-122-YNPZ","8039832002","Maziba","Pf3D7_08_v3-1099719-1099977-1A","AAAAAATAAAAAATCAAACAAGATAAATAATAATGTATATAATACTAGTGGTATAAAAAATAATGATCAAAATATGGATAATATGAATCAAAAAGGAAAAAGTAACAAAAATTCAAATAAATATAATTTTGATGAAGAGGATTTATGGTTTTTATGTGATTTATGTAATAATCCTATAAGTCCGTTATGTTA","Pf3D7_08_v3-1099719-1099977-1A.4","1+14N54+8N97A",719,1,1
"IM-23-122-YNPZ","8039832002","Maziba","Pf3D7_12_v3-529495-529767-1A","GCTCCCCAAAAGTTAACTGCTTCATTATTTTGTGGATCCCAAAAACTAACATTCGTTACCCATCCAACATAATCGGTAGATATCCTATATTCATAACTACTACAGAAATATTTATACTCATGGTATACATTTGCATCATTTACATCTACCAAATTAACAGTTTTACACAAATTGTGAATGCCATTCAAGTTATAAAAACCTGTACAT","Pf3D7_12_v3-529495-529767-1A.2",".",1029,1,1
"IM-23-122-YNPZ","8039832002","Maziba","Pf3D7_09_v3-1015103-1015350-1A","ATTATTTAATTTTTCATCTTTTATATTTTTCAGATTTTTTATATGAAGATATAGGAATACAACTAAATTAACAGCTGAAAATAATCTTACTAACAAAAATAATTTGAGGAATTCTTCATCATATAAATCTTTTGGAATATTATTTGTGTATTCATAAATTTCTATTAAGGATATAATAGTTATGA","Pf3D7_09_v3-1015103-1015350-1A.1","34+8N",610,1,1
"IM-23-122-YNPZ","8039832002","Maziba","Pf3D7_14_v3-2695837-2696082-1A","CGTTCTGTATCATATTATTAGATATAGTTATTTTATTATTATTTTCTACATTATTATTCAATATATTACATCCTGTTATGGAATTATTGTTAAAATATAAATTATTCGAATTGTTATTATTAAATTCTAATCCACTAACTGCTGTTGTATATAATGATGATGAGTTATTATTATAGAAATC","Pf3D7_14_v3-2695837-2696082-1A.3","5C28+16N53A",986,1,1
"IM-23-122-YNPZ","8039832002","Maziba","Pf3D7_13_v3-958247-958510-1B","TTTATATTATCTGTAATATGCACATTTTGTATAATATTATCAATATTTGTAGCATTTTGACCGTATGTTTCATTTTCATCGTATGTTCCATTTATATTGTATGTTCCATTTTCATCGTATGTTCCATTTATATTGTATGTTCCATTTTCATCGTATGTTCCATTTATATTGTATGTTCCATTTTTATCATATGTTATGTCCACAT","Pf3D7_13_v3-958247-958510-1B.1","106C",65,1,1
"IM-23-122-YNPZ","8039832002","Maziba","Pf3D7_07_v3-403479-403716-1B","TTAGGTGGAGGTTCTTGTCTTGGTAAATGTGCTCATGTGTTTAAACTTATTTTTAAAGAGATTAAGGATAATATTTTTATTTATATTTTAAGTATTATTTATTTAAGTGTATGTGTAATGAATAAAATTTTTGCTAAAAGAACTTTAAACAAAATTGGTAACTATAGTTTTGTAACATCCGA","Pf3D7_07_v3-403479-403716-1B.1",".",1654,1,1
"IM-23-122-YNPZ","8039832002","Maziba","Pf3D7_01_v3-528859-529104-1A","TTTGATTCTTTTTAATGAAAAAGAAGCTAAAGATATGTCAGACCATATAATTTCCCAACAAAAACGTTATTGCTCTACCAATATTCATAGTATTTATAATAATAAAATATGTATATGTAAAAATAAGCGACATCATAACAAAAGAGGGAAAGGAATAAAGCATCATGACATACATCAAAAGG","Pf3D7_01_v3-528859-529104-1A.4","93T165A",4084,1,1
"IM-23-122-YNPZ","8039832002","Maziba","Pf3D7_05_v3-958920-959168-1B","AATAATAAATCGAAAACCATTAGTTGAAAATAATGATGATGGAGAAACATTACCAAATATTAAAAAAATTGAATTTAAAAATGTAAGATTTCATTATGATACTAGAAAAGATGTTGAAATTTATAAAGATTTAAGTTTTACTCTAAAAGAAGGGAAAACATATGCATTTGTGGGAGAATCA","Pf3D7_05_v3-958920-959168-1B.1","61+9N",908,1,1
"IM-23-122-YNPZ","8039832002","Maziba","Pf3D7_13_v3-1725887-1726123-2","AAATAGCTCCACCAACATTAATATCAATCATAGTTTCAGTAGCAATATTTGCATCAACAATTTTTTTTTTATCATTCTCAAAATTTTTATATTCTTGATAATATTTTTCTTTTTCTAAATATAATACTAATTTAATTTTATCGATTTCTTGTAAAAATCTTAATCTTTCTTCATCAA","Pf3D7_13_v3-1725887-1726123-2.1","60+12N",1285,1,1
"IM-23-122-YNPZ","8039832002","Maziba","Pf3D7_13_v3-2114242-2114482-1A","CTTCCATTAACTCAATATATAATTTATTAATAATTTTTAATTTGTTTATTTCAAAAAGGCATAGTTTTAACAAGGCTCTTAAGGTTCTATTACCCCCTAAGAGGTTAAAATGAATATTTCCTTTTTCTCGTATATGCAAAAAATCCCTTAACAATAAATCATATTCATCAGTATGAAATGT","Pf3D7_13_v3-2114242-2114482-1A.2","137+8N",1482,1,1
"IM-23-122-YNPZ","8039832002","Maziba","Pf3D7_13_v3-2816310-2816554-1B","CAAATACTTTTCAATATAGGTCTAGTGAAAGTGTGGAAGTAATAACTAATAAACCTGATGAAATGGAAATGACAACTAAACCACCATCACAATATATTGAAAAGGAAATTGGAGAAATTGATTCTACAAAAAATCAAGATAATGATGAACAAAGCAATTCTATAATTCCTTTAATTAATAAAAATAATGAA","Pf3D7_13_v3-2816310-2816554-1B.2","95T127+8N",1657,1,1
"IM-23-122-YNPZ","8039832002","Maziba","Pf3D7_13_v3-2770621-2770854-1B","ATTCCAAGAAATATTTTTAAAAAAAAATAGTGAGTTAGATGATCACGTATGGAATATAGAAAGTATTACTACGAATATATTAGAGAGGAATAAATTAAGTGATCAAAATAATGAAGATAACCATGATGTTAATAATAATAATGAAGACCCATCTGGGGGTAATTTAAAAAC","Pf3D7_13_v3-2770621-2770854-1B.1","18+11N130+13N",851,1,1
"IM-23-122-YNPZ","8039832002","Maziba","Pf3D7_06_v3-851492-851765-1A","ACAATAGTACATTCTGCATTTACATCACAACCTCCATTATTTTTTGAACAGTTCATATCTTTCATAGGTATACATTTAAAATAATTTACACTCATATCAACTATATAATTAGGTCGGCATCTACATTGTTCTTTATCTTTTTCGACAATATAACAACGTGAATTGGGTCCACATTTGGAATATTCACAAGTATAATTTACTTTAAATATAACAAAATTTCTCA","Pf3D7_06_v3-851492-851765-1A.17","39+8N190G",1306,1,1
"IM-23-122-YNPZ","8039832002","Maziba","Pf3D7_05_v3-369676-369949-1A","TGTAATATTATATATCCTGTTATAAATAAATCATTGGATATGGATGTGAAAAAAGAAGATATAAAAAAAAATGTAGAAGAAAATAAATATATAGAACATACACAGAATTTGAAAAATCATTTAGAAAATGATGAAAATGAGAAAAAAAAAAGAAGAAAAAGATCAAATAATAATGACAATTATAATTCTCATGATAATAATATTTTTCA","Pf3D7_05_v3-369676-369949-1A.3","48+8N62+11N118C141+12N",468,1,1
"IM-23-122-YNPZ","8039832002","Maziba","Pf3D7_02_v3-630641-630907-1A","CTAAGTTATCTAAAATTATTAATTTTTTCAAATATGGTAATTTATGTCTATGAAGTAATAAGCCATCAACTAAATCTAAATCTAAACATAACCATTCTAATTTCGTTTCATTTAATATGTTTACAATTACATCTATACTAAAGTTAGAATGTAAAATCAAGGTTGTTACACCACTCATCATAGCTGCCATATCAACAAT","Pf3D7_02_v3-630641-630907-1A.1","22+8N43T",1022,1,1
"IM-23-122-YNPZ","8039832002","Maziba","Pf3D7_02_v3-628941-629172-1A","ACTTTTTTTAGATTTTTCTTGATCGTTTTCATCATTTTTTATTTCCTGTTCATCTGAGGTTTTCTTTTGTAAACGCTTAGTGCGTTTCTTTTGACCTTTTAATTTTTTTTTAAATATATTTTTAACTTGATCAATGAAGAAAGCATAATCTTGTATGACAGAAAATCT","Pf3D7_02_v3-628941-629172-1A.1","2+9N34+8N87T102+11N",1406,1,1
"IM-23-122-YNPZ","8039832002","Maziba","Pf3D7_03_v3-515418-515657-1A","TTTCTTTAATTTCTATATGTTTGAATTCCCTTATAGACATATTTGAATCATTATTACTTTTATATGAAGTGTTATTATCGAAATTATTATTAATACATTTTATTTTAATGATTTTGTTAAAATTTTTATTATTTACTATAATGGAAGTCAGATATGTACTTATCGTATGGAAAGCTAATCATCAACA","Pf3D7_03_v3-515418-515657-1A.1",".",3782,1,1
"IM-23-122-YNPZ","8039832002","Maziba","Pf3D7_10_v3-992596-992869-1A","GAAAATAATAAAATGCACAGTATCAATTCTGATAGAAATAAAAATGATTATATTCCATCTTCCTATTTACATACAATATATAAAACATTTAGCGAACATATAAACCGAGATAATGGAAATATTTATGATGATGAAAAAAAAAATTTATATGATGGAACTGTTTTTTATATAGAAACATTAAACGAATTAAGAATTATAAATATATTATTTTCA","Pf3D7_10_v3-992596-992869-1A.1","133+12N160+8N",171,1,1
"IM-23-122-YNPZ","8039832002","Maziba","Pf3D7_09_v3-164045-164311-1A","ATCAACTGGTGTTGCAAAACCATTAGTTACCAATTTTAATTCTCCATTTAGTGCTTTTGGTAAAACAAATACCAGTGATATATTTAAAACTAATACTACTGCATCAACTACAAATGCAACTGCAACTGCAACTCCTGCTCCCTTTGGATCAGCATTTGGAGCGCAAAAGAATAATGATAGCTTGTTTGGAAATAATGCATTCAAGCTTTCG","Pf3D7_09_v3-164045-164311-1A.1",".",1323,1,1
"IM-23-122-YNPZ","8039832002","Maziba","Pf3D7_05_v3-958372-958608-1B","ATTTATAACAATTTTTACATATGCCAGTTCCTTTTTAGGTTTATTTATTTGGTCATTAATAAAAAATGCACGTTTGACTTTATGTATTACTTGCGTTTTTCCGTTAATTTATGTTTGTGGTGTCATATGTAATAAGAAAGTAAAATTAAATAAAAAAACATCTTTGTTATATAATAACAATACC","Pf3D7_05_v3-958372-958608-1B.1","45T60+8N151+9N",1468,1,1
"IM-23-122-YNPZ","8039832002","Maziba","Pf3D7_01_v3-181512-181761-1A","TTCATTATTGTTTTCATTCTTTTTTTAACTAAAACTATTCATCTCAAAAATATAAGATATTTTATATGACGAATGCCATTGTATTTTTTGTTACGTAAAACCTGACTTCTTCAAGGAAAACACATGCGCATTTTCACCAATTTTTGCCTAAGCTTATTATAAAAAGTATATTAAATGTATGAC","Pf3D7_01_v3-181512-181761-1A.1","19+9N30T83+8N",1591,1,1
"IM-23-122-YNPZ","8039832002","Maziba","Pf3D7_01_v3-194742-194973-1B","TACCTATAAAAATGAAAAAAATAAAGAAGAAGATAAATATGGAAAAAACGAAAAATATGACAAATATGACAAATATGAAAAATATGAAAAATATGATAAATACAAAAAAGATAATAAAAATCAACATGATGATCCACTTTATGATAATATTAATAAAAATTACGATAA","Pf3D7_01_v3-194742-194973-1B.143","14+9N42+17N112+8N",2751,1,1
"IM-23-122-YNPZ","8039832002","Maziba","Pf3D7_02_v3-290580-290821-1A","TTATTATAAGGATTATAATTATTATCATTCTCATTATATGGATTAATATAATTTCGATCATAATCATTACTGTTTTTATCATATTGTGGATAATTATTTCTATTTCTATTTTGATTAAAATCCGATTGTCTATATCTAACTCTAATATCTGTAGATGCTAAATCATTAGGTAATGGG","Pf3D7_02_v3-290580-290821-1A.4","12+26N62A",2641,1,1
"IM-23-122-YNPZ","8039832002","Maziba","Pf3D7_08_v3-412801-413062-1A","ATGAAGAAATATACGAATATATACTTATAAACGATATTTTTAATTTAAAAAAAGAAATAAAAAATTTCAATATATTAAATAAATATGATGTATTTGAATATATTATTATTATTTTAAAATTGTATGATAAAATATATCCTGATGCAAAGTACATCGAATGTGTACGAGAAACATCACAGAATGGTGACCTTTTA","Pf3D7_08_v3-412801-413062-1A.1","46+9N58+8N101+13N188C190T",194,1,1
"IM-23-122-YNPZ","8039832002","Maziba","Pf3D7_04_v3-900526-900759-1A","TTAACAACTTATCATCATTTATTAGATTCTTTTCATGGAACAGATTATTAACAGTATCCATAATTTTATGATCATCCGTGTTATATGTATCTATACAAGTATTTAACTTGCTTATATAATTTACATATTTCAACGGATCATTTTGAAGTATGCAATCATCGAATGAATA","Pf3D7_04_v3-900526-900759-1A.2",".",2051,1,1
"IM-23-122-YNPZ","8039832002","Maziba","Pf3D7_05_v3-1188456-1188706-1A","CAAAATTTAAATCAATAGCGGTTACGTTCATAATTTTGCCTTCAAAACTAACCTCTGTATGATATATAAATTTATTTTCCTTTACACTAAATACATATATAAAAATGGTACTTAATAATTTATCTTTATCATATTTAAATAATATTAAATCTGTTTTTACATCTGAGTTATAATCACCGAAAT","Pf3D7_05_v3-1188456-1188706-1A.5","53C170A",2033,1,1
"IM-23-122-YNPZ","8039832002","Maziba","Pf3D7_10_v3-1386657-1386909-1A","CGATTTTGGTAGGGAACAGGTTAAATATATTGAAGACGTGGTTTGATAATCAGGTATTTCTTTAATTAAATATTCATGATATTGTTCGTTAGATACATAAATTAATTCGTCCTCCACATTTTGCTGTTCTGTTATAATTTGTGAAGAAGCTTGGTTTGTCTTATTTGGTAATTGCTCTTTTATGA","Pf3D7_10_v3-1386657-1386909-1A.1",".",1692,1,1
"IM-23-122-YNPZ","8039832002","Maziba","Pf3D7_05_v3-1322099-1322341-1A","TTCCAATAGAAACTATATTACGATTTCCTTCATGAGGTAAATTGACATTCATCTTATATGTATAATTAAGGATGAGTAATAAATTGTATAAAAATATTTTTATTTAATAATTTATATGTATTATTAATAATTCTGAATTTATCAATTGATATATTATTTTTGTTTTTCTTTATGCCATTC","Pf3D7_05_v3-1322099-1322341-1A.1",".",336,1,1
"IM-23-122-YNPZ","8039832002","Maziba","Pf3D7_05_v3-213027-213251-1A","ATGTACTTATCCCCTGATATGATTTTTCCAATATCATCAAAATCAGTAATCTCTAAATCATTTATATGATTTATATGTATAAATTCTTTTATCTTGTTCAAATAATTTCTGTAATAAAATATATTCTCTTTATCATCATCAATTATTTTCATATAATC","Pf3D7_05_v3-213027-213251-1A.4","25T26T",2217,1,1
"IM-23-122-YNPZ","8039832002","Maziba","Pf3D7_08_v3-585993-586266-1A","TGTAAATATAAATCATACGTATGACATGAATCATCATTTAATGCATTCTTAATTGTTAATGCTAATCTACTTACAATAATATAAGCAAAGTTTATATGAGAATGAATACCTTCTTTTCCTAAAAAGTTATAAAGACTAACAAATGGAGCATATATTATAAATTTATCATACTTTTTTTTGTGCATAACTTCATTTAATAAAATATTT","Pf3D7_08_v3-585993-586266-1A.1","171+10N",1146,1,1
"IM-23-122-YNPZ","8039832002","Maziba","Pf3D7_13_v3-935613-935884-1A","CAAAATAATATGAATAGTAATAGTAATAGTTATAATAATTTTAATATAACAGATAGAAGTAAAGAAATAAAAAAAGATTATAAAAGAAACAAAATTTTAATAGTTATTAATAATATTAATACAAATCATATTTTATTATTAAATGAAAGTGTTATAAAAAAAAAAATACTTACATTTTATCTAGATCTTTTTTTTGATGATAATGAACAAAT","Pf3D7_13_v3-935613-935884-1A.2","68+11N155+13N187+10N",953,1,1
"IM-23-122-YNPZ","8039832002","Maziba","Pf3D7_06_v3-1235395-1235658-1A","GAATATGATAAAATATATATACCAAACAATAAAAATAAAATTAATAATATAAATAATTTTTTAATAAAAAACAATTTGCTGTTGAAATCCAAATTTATGAGAATAACTCCTAATACCTATTTATGTCGTAATTGTGTCCTGTTATATCAAAATGATTTTTCGTATAATACATATGAAGAAGAAATTAATAAAATGG","Pf3D7_06_v3-1235395-1235658-1A.1","56+8N65+8N",301,1,1
"IM-23-122-YNPZ","8039832002","Maziba","Pf3D7_07_v3-1149367-1149613-1A","TATTTGACTAGTCGAATAATATTTAATATTTTTGTTTAGGAAGTTTTCAAAATTGATGACATTGATAACCGTTTTTATTAAATCGCTTGGGTTGTTTGTGTGTTCCATTGTAGAAGACATAATTTTAAGAATGTGTTTTTGTGTTATTAAACAAAACTTTGTTACTATATGGAATCGTATGTTAT","Pf3D7_07_v3-1149367-1149613-1A.2",".",2992,1,1
"IM-23-122-YNPZ","8039832002","Maziba","Pf3D7_09_v3-202854-203106-1A","AATATACAAAGAATGCATATGATAAAATATTCTTTGTCCTTTAAAATTTTTTGTTCTTGTACTTTGTTTTTTATAATCTATTAAATTCATATCTGATGAAATATCATATTTATATTCCCCTTTATGAGCATTTACAAAAGTTTCGCTATTTCTTTTATTAATATATGTATTTGAGCACATATTTTTAT","Pf3D7_09_v3-202854-203106-1A.1","16C46+8N66+8N183T",1765,1,1
"IM-23-122-YNPZ","8039832002","Maziba","Pf3D7_03_v3-653961-654206-1A","CTCGTACAATATTTTTATAATTTCCTTTCATCTTATTTTTTTCTTTATATTTTTTTTTTTCATATGTAAGATTTATATAATCACTTTCGCTTTTTCTAACCCTTTTGAACTTTTTAAATGTACTTCGTTCATTATTTCTAATTCTCGTAAACACAAGAATAAATATTTTGATATATCTTATA","Pf3D7_03_v3-653961-654206-1A.2","35+9N49+13N",1037,1,1
"IM-23-122-YNPZ","8039832002","Maziba","Pf3D7_09_v3-270915-271160-1A","CTTTGTATGTATTATCTGTTGTTTTATCTTCACCTTGATTTCCTGTACTTGTAGATTCAGTAGATGGACCTTCAGAACCTGCTAATTCATCACTAGTAGATGCAGCACTTGTACTTTTAGATTGTTCTTTTAATGGTCCCATATATTTGTATAATTCTATTTCTAAATCTTGATCCTTGGTTTTTTCTTCTAA","Pf3D7_09_v3-270915-271160-1A.1","82C85A180+8N",2023,1,1
"IM-23-122-YNPZ","8039832002","Maziba","Pf3D7_03_v3-855426-855697-1A","GTTATTTCAGTATGAGTTTCAACAGTTAATACTACTTCAGGATATGGATTGATACTTAACATATGTACTCTCAATAATCTAGTATCAAATATATATGAAAATGTATACTCAGGAAAACATATAGTAGATAATCCATTATTATTCTCTATACATATTTTACTTATAGCTATATAATCGTAATTATCTTCTATTACTATTGGTTCTGTG","Pf3D7_03_v3-855426-855697-1A.2","32C61A",562,1,1
"IM-23-122-YNPZ","8039832002","Maziba","Pf3D7_13_v3-1041593-1041860-1AB","CAAGATTGAAGTATTACATATCTCAGAAATTAAATGTATGCCCAAGAGATGTAAATGCACACATTGTAGGTGCTCATGGAAATAAAATGGTTCTTTTAAAAAGATACATTACTGTAGGTGGTATCCCTTTACAAGAATTTATTAATAACAAGTTAATTTCTGATGCTGAATTAGAAGCTATATTTGATAGAACTGTTAATACT","Pf3D7_13_v3-1041593-1041860-1AB.1",".",1069,1,1
"IM-23-122-YNPZ","8039832002","Maziba","Pf3D7_09_v3-82006-82236-1A","TTTATCATCTTTAGGCCATAACCAGAGTACAAGCAATCCAACTATAACAATTGTAATTAACATTATAAATACTGTAATACCATAAACACTACCAGAAGCGATCAGAAATGCACTAAAAGTATAACAATATTTACATGGAATAAGAGTAGCGATAAAACTAAAAATAGC","Pf3D7_09_v3-82006-82236-1A.16","95G128T132T135A137G",2806,1,1
"IM-23-122-YNPZ","8039832002","Maziba","Pf3D7_06_v3-532166-532407-1A","AGAACAATTGCTAAACACCAAATTGGGTGAAACAAAAAACCACCTGAACAGAACCCCATTTATACCTGAATCGGTCATACGAGAAAGGAAATTACGCCAAGAAAAAGCGCAATCCACAAACAACATGTTCGATTCAACAAACGCAGATAGTATTACTTCCCCATGTGATCCAACGAATGCCACG","Pf3D7_06_v3-532166-532407-1A.1","33+8N109G157T",4406,1,1
"IM-23-122-YNPZ","8039832002","Maziba","Pf3D7_04_v3-1037644-1037891-1A","GAAAGAGATTTAACAGATGATGCTGTGATTTTTGCACACTCACTTTATTTACCATTTGAAAAAGAAGAAATGTGGTGGATCGTTATCGGAATTAAAAAAATGAACTTACTTTTATCTATCAAAAAATTATCTTTATTGAAAAGTGTCAATAATATAAAAATTAATTTCGAATTGCCTGACA","Pf3D7_04_v3-1037644-1037891-1A.1","93+9N120+8N",1909,1,1
"IM-23-122-YNPZ","8039832002","Maziba","Pf3D7_13_v3-388138-388408-1A","ATATATCTTTATTCATATGTTCTATATATTGTCTTTGTCTCTTTTCCTTTCTCATATCAGATATTATTGAATAATTTCCTTTATCACATACATATCTAGGATTATGTGATAATTCATAAGCTGCTCTTTTTAAAACTCTATTCTTTTCTTTAAAACTATTAAATTTTATATTATTGTTCATATTAGATGTGTTCCTTTTAATAATA","Pf3D7_13_v3-388138-388408-1A.1","194C",1171,1,1
"IM-23-122-YNPZ","8039832002","Maziba","Pf3D7_12_v3-233418-233671-1A","CAAAAATATCATTCCCCAAATTTGTACTACTAATTGTTCGAATAGTTCCTATAGTTGTGGTAATTTGCTCATATGTATTTTTTCCTAAAGATTTATTAGACACATTTGAAGGATCATTATTTTGTTCCAAATTCTTGGGCACAGTATTATTACATGAGAATAATGAAAAGTTATTATCATAATTCTTTTGTT","Pf3D7_12_v3-233418-233671-1A.2","40G77+8N",552,1,1
"IM-23-122-YNPZ","8039832002","Maziba","Pf3D7_08_v3-585331-585590-1A","TGAAAACTTTTCATGTACGGTTAATAAACAAAATAATTCTGAATTATATATAAGTAAAACTTCTTCTACATCTCTAAATTTATGCATTGTAGCTCTTTTAAGATAATAAGGCAAATATTTTACAATATATTTTTGTTTAAAAAAACCTTGATGACCAACATTAATATCTTCCATTTTGGAAAAGGTTCCACTTAACG","Pf3D7_08_v3-585331-585590-1A.1","138+9N",1476,1,1
"IM-23-122-YNPZ","8039832002","Maziba","Pf3D7_13_v3-911757-912005-1A","GAGCCAACAATTTGATTTTCCACAACTTACTGAATCTTTAAAACATTGTGAACAGGTATTTGACATTTTTTTATTATCTTTGGCTAGTTCCTTTTGAACACATTCCATAGTACTATCACCTGAACCTAAGTTATCAACAGAACATTTTAATAATATACTAAAAAATTTATTGCTAGGAGAAAGTTGTAAA","Pf3D7_13_v3-911757-912005-1A.3","60T65+9N159+8N",2320,1,1
"IM-23-122-YNPZ","8039832002","Maziba","Pf3D7_11_v3-1006693-1006917-1A","GTGGGGGAGAGAATTTTACCTTGATATGCTCCCATGTTTTATCCTTTATACAATACATATAAGTGTCATTGGTAATATATGACCCTCTTTTACCTCCGTAAAGAAATAAACAATCTTCTTTTTTTTCAGTGGAGTAAATTAAATTTAATTTTGCAAAATAGCGTGG","Pf3D7_11_v3-1006693-1006917-1A.1","118+10N",2414,1,1
"IM-23-122-YNPZ","8039832002","Maziba","Pf3D7_13_v3-1725379-1725652-2","ATTATTTCTTCTAGGTATATTTAAATTACTTGAAACATACCATACATCTCTTAAACGATCATACACCTCAGTTTCAAATAAAGCCTTATAATCATAGTTATTACCACCAAAAACGTATAAGAAATTATTCAATACAGCACTTCCAAAATAAGCTTTTTTGGTAGACATAGGTGTACACATACGCCAGCATTGTTGACTAATATCTAATAATTCCA","Pf3D7_13_v3-1725379-1725652-2.1","153+8N",669,1,1
"IM-23-122-YNPZ","8039832002","Maziba","Pf3D7_13_v3-1725464-1725719-1B","ATCATAGTTATTACCACCAAAAACGTATAAGAAATTATTCAATACAGCACTTCCAAAATAAGCTTTTTTGGTAGACATAGGTGTACACATACGCCAGCATTGTTGACTAATATCTAATAATTCCATCGAATTTAAATATTCTACACCATCAAATCCACCTATACAAAATACTAATGGGAATGGTAAAAATTTAATACCA","Pf3D7_13_v3-1725464-1725719-1B.1","63+8N",845,1,1
"IM-23-122-YNPZ","8039832002","Maziba","Pf3D7_06_v3-145285-145531-1A","TCAACAAAAGCTGATGAATCATCATAATTTGAATAAAATTTATCATTCACAATATTATATTTTTGTTTCTTCTTTTTTCCCATAATATTATTATTTTGTTCACAATATATGTTCATGTGTCCCCTCTTTTTCTGTAAAATATTAAAATGTTTCTTAGTATGCTTCTCTTCATTTTTAATAACA","Pf3D7_06_v3-145285-145531-1A.2","72+8N157G",3035,1,1
"IM-23-122-YNPZ","8039832002","Maziba","Pf3D7_13_v3-1726174-1726408-2","TTTCTAATTCTTTGTACAATCGTACTCTTTCCATTTCTAGTTCTTTCTTATCTTTAAATAATTTATCTTTTTCTCGAATAAAATTCATTTGTGTCTTTTTTAACCAATTAATAAATGTAATTCTTAAATCACCTACCATATTTTCAAAATCACTAGCATCACTTAAT","Pf3D7_13_v3-1726174-1726408-2.1","95+8N",2776,1,1
"IM-23-122-YNPZ","8039832002","Maziba","Pf3D7_13_v3-2814606-2814855-1B","TAGCGATAATGATCCTGCAGTAGTAAGTGGTAGAGAATCTAAAGATGTAAATCTTCATACTTCTGAAAGGATTAAAGAAAATGAAGAAGGTGTGATTAAAACAGATGATAGTTCAAAAAGTATTGAAATTTCTAAAATACCATCTGACCAAAATAATCATAGTGATTTATCACAGAATGCAAATGAGGACTCTA","Pf3D7_13_v3-2814606-2814855-1B.1","109T",1797,1,1
"IM-23-122-YNPZ","8039832002","Maziba","Pf3D7_13_v3-2780346-2780575-1B","GTTGGATAGAATGCCCGACTACGGATCGGGAGGTCGTGGGTTCGACTCCTGCCCGGCCTAATTTTTTTCGTTTTCCTTTTTAAAGTAAAAAAGGATAATATTTTTAAAAAACATTTAGTATATATATTTTTTTTAAATAATAAATCTATTATATTATTAAATATTATGAGAAGA","Pf3D7_13_v3-2780346-2780575-1B.2","61+9N76C86+8N105+8N126+10N",877,1,1
"IM-23-122-YNPZ","8039832002","Maziba","Pf3D7_08_v3-549583-549807-1B","ACGTGCTGTTCAAAGAATGTTTGAAATGATAAATGAAGGTGCTAGTGTTATAGATATAGGTGGAGAATCCTCTGGTCCTTTTGTTATACCTAATCCAAAAATTAGTGAAAGAGATTTAGTAGTACCTGTATTACAATTATTTCAAAAAGAATGGAATGATATAAA","Pf3D7_08_v3-549583-549807-1B.1",".",1969,1,1
"IM-23-122-YNPZ","8039832002","Maziba","Pf3D7_13_v3-2770591-2770863-2","ACACATCGATTTTATCAAAAGGAAATATTCCAAGAAATATTTTTAAAAAAAAATAGTGAGTTAGATGATCACGTATGGAATATAGAAAGTATTACTACGAATATATTAGAGAGGAATAAATTAAGTGATCAAAATAATGAAGATAACCATGATGTTAATAATAATAATGAAGACCCATCTGGGGGTAATTTAAAAACCAATCTAAT","Pf3D7_13_v3-2770591-2770863-2.1","44+11N156+13N",1136,1,1
"IM-23-122-YNPZ","8039832002","Maziba","Pf3D7_02_v3-470437-470709-1A","AATATTGACATGAAACATTATAATACACATAAGAAAAAAAAAATTTATTTATTCTTACAAAAAGAATATAAAAACAAAATTTTGGGATTTATAAATTTTTATAAACGTATAACACACAAAATAAAAAAGAAACAAGAAAATGTTCATGATAAAATCACTTTTTTAAAATGTCTAAAGGAACTCTTTTTTGTCACACATACAAATA","Pf3D7_02_v3-470437-470709-1A.3","33+12N107G122+8N158+8N183+8N",581,1,1
"IM-23-122-YNPZ","8039832002","Maziba","Pf3D7_02_v3-503040-503288-1A","ATTATGATTAATAATAATATTTCTCATAATTTCGTTAAATACATCTAAACTATTTATAGAACCATCTATATCATCTTCATTCCTATTTTGGTGAACTGATTCGGTGTTTATAACATCTAAGGTGTCTTTTTCTTCTCCTCTGTAACTTTTTATAATTTTTTGATAAATGTTGTTATAAGAATTATCA","Pf3D7_02_v3-503040-503288-1A.1","155+8N",2107,1,1
"IM-23-122-YNPZ","8039832002","Maziba","Pf3D7_08_v3-550057-550318-2","ACTATTTGATATTGGATTAGGATTTGCGAAGAAACATGATCAATCTATTAAACTCTTACAAAATATACATGTATATGATGAGTATCCACTTTTTATTGGATATTCAAGAAAAAGATTTATTGCCCATTGCATGAATGATCAAAATGTTGTAATAAATACACAACAAAAATTACATGATGAACAACAAAATGAAAATAAAAATA","Pf3D7_08_v3-550057-550318-2.1",".",1369,1,1
"IM-23-122-YNPZ","8039832002","Maziba","Pf3D7_13_v3-852647-852921-1A","TACGAAATGATGAATTAAAAGAATTAACATTTATGAAAAATAAAGAAAATAGGAATGCAGATACATATGTTTTTCATTATCCTAAAAAAGAGAAATATGACCAATTAGTTTTTGAATTACGTAAACATAATTTTAATATAACAAGCATGAATACATATAAAAAACTAACAAATGAAACATCATCACAAAAAGAAGAAAATGCTTCTATAATAAGTT","Pf3D7_13_v3-852647-852921-1A.1","75C83+8N158+8N",621,1,1
"IM-23-122-YNPZ","8039832002","Maziba","Pf3D7_07_v3-1066661-1066903-1A","TATAGTTTTGTAATTTATTGGTATGTGTTGTTAAAGGAGAATTTTTTTAATATCCCTTGTCATGGGCAAAATGAGAAAAAAGAAATAAAAAACTTTTATGTTCAACATGAAGATATTTGTGAACACACTATTGGTAATCATATGTTAGGTGATAAATTAAAAATGTGTACATCTAATATTAATG","Pf3D7_07_v3-1066661-1066903-1A.1","4A41+9N75+8N86+8N",2614,1,1
"IM-23-122-YNPZ","8039832002","Maziba","Pf3D7_01_v3-455794-456054-1A","AGAAAAAAAATTTATTAAGAGGTATTTCGATTTTAAAAATTTAAGAATTCATTTTTAATTATGTCTATAAAAACTTAATAGAAAATAAATATTATTTTGTTTTTCAAAAAAATGTTTAAGAATAATATTTCTTTATTCTTTTACAATTTAGAACATATAATGCTATTTCTTTTAATTTTAATTTAATTTCAAA","Pf3D7_01_v3-455794-456054-1A.3","2+10N50C105+9N",473,1,1
"IM-23-122-YNPZ","8039832002","Maziba","Pf3D7_11_v3-1902041-1902278-2","ATGAAACAAAATGTCCACCTAGATACCCTTTAAAATCAAAAGTTTTTGGAACCTTTGACCAAAAAACAGGAAAATGTAAAAGTCTCATGGACAAAGCATATGAAGTTGGAATTAATAAATTTTCAGTCTGTTTAGAATATTTATTTTTAGTATCACCTAAGGATTTATATAATAGCGGAAG","Pf3D7_11_v3-1902041-1902278-2.1","60+8N",4116,1,1
"IM-23-122-YNPZ","8039832002","Maziba","Pf3D7_11_v3-408543-408771-1A","AGAGTGTTAATAATACTACAGCTAGTCATATTTCCAAATCCAAAAATGAACTTGAAAAAAAGTCATCAGCTAATAATAATGCTTATATTAAAATAATCGAAAATTATGATTTATTATGGTTAAAATTAATAGAAATTGAATTATGTTGTAATAATAAAAATTTAAATCCTATA","Pf3D7_11_v3-408543-408771-1A.2","27C54+9N70C95A",137,1,1
"IM-23-122-YNPZ","8039832002","Maziba","Pf3D7_08_v3-399693-399961-1A","CTTTTCTTCACCTTGGTTTATTACATTATTATTTTCATCATTGTGTTGAATGTCCTTATAAATATGTTCATTAATAATATCTTTGGAAGTATCTTCCATATTTTCTTCTTTATCAATTTTAAATACTTTTTCATAACTTTCATTTTCTTTTTTCTCCTTGGATGTTTCTAATTTATTCTCGTCATTTTTATCAAAATTATTTTTATAACTTTCA","Pf3D7_08_v3-399693-399961-1A.1","147+8N",1027,1,1
"IM-23-122-YNPZ","8039832002","Maziba","Pf3D7_04_v3-748105-748359-1B","TGTGCATGTTGTAAGGTTGAAAGCAAAAATGAGGGGAAAAAAAATGAGGTTTTTAATAACTACACATTTAGAGGTCTAGGAAATAAAGGAGTATTACCATGGAAATGTATTTCCCTAGATATGAAATATTTTCGTGCAGTTACAACATATGTGAATGAATCAAAATATGAAAAATTGAAATATAAGAGATGTAAAT","Pf3D7_04_v3-748105-748359-1B.1","36+10N110T133C",851,1,1
"IM-23-122-YNPZ","8039832002","Maziba","Pf3D7_08_v3-476232-476475-1A","CAAACACATGATAAACAAAAGTGTAAGGAAAATTTTTCAAATTCTTTTGTTAATGAAATATATGAAAAAGAAGAAAAAGAAACGCAAAAAATGAAAGAATATTTAGAACAACATGAAGAACATTTTTCAACGTTTAGAAATTCAATTTTATGTAAATTAAGAATAGCTGAAGAATT","Pf3D7_08_v3-476232-476475-1A.2","45T85+8N",1187,1,1
"IM-23-122-YNPZ","8039832002","Maziba","Pf3D7_09_v3-685560-685825-1A","GAACCAAACAACGACAAAGGAACAAGATAATTTTTTCAATTTTTATAAAAGTAATATATATGATATGGAAAATAGAACATGTAATAATAATATATTACAATATTGTGTTATGAATAATAAATCATATTTATTTCATAATATATCATCCAAAAAAAATATATATATAAAAAAAAAGAATCATCAGTTTTCTTTATTCATATATT","Pf3D7_09_v3-685560-685825-1A.3","30+8N38A79A148+10N165+11N",48,1,1
"IM-23-122-YNPZ","8039832002","Maziba","Pf3D7_11_v3-497277-497548-1A","TTTTAGATTTAATTGAATATTCATTTTTAAATTATACTAGTTCTAATTTAAATACAATAAATAATAATAATGACAAAAAAAAACAAAATCAAAAAAATAAAAATCGCAAATATAGTAAAAATAATATTTTAGATCTCTATGAACACGTAAGTACGATCAGTTTATTTTATCACACGTTTAATTTACCTAAGGAGTATAATGAAAAATTGTT","Pf3D7_11_v3-497277-497548-1A.2","74+11N90+9N148T",413,1,1
"IM-23-122-YNPZ","8039832002","Maziba","Pf3D7_13_v3-2545065-2545291-1A","ATGATTCCTCAAAAGTTTAACATTCCACATAGTATCTGTTAAATTGATAGTTTGCAAACAATTATACGTTTCGTTATTTTTATTTTTAAAAAAGGATATATGATCATCTAAAGATTTATTTTTGAGAAAGATTTCCATATATTCATATATATCTTGAATACACCA","Pf3D7_13_v3-2545065-2545291-1A.8","72C87+8N",3024,1,1
"IM-23-122-YNPZ","8039832002","Maziba","Pf3D7_06_v3-416462-416720-1A","AAGAAAAAATGGACATTGTGGAGAATATAAAAAATAGAGGAAAGGAAAAAACAGAATTAACATATAAAGAAGTATATAAAACACAACAGAATCAAAATGATGCAAGTTTAAATTCATTTTGGGGTGATGAAAAAAAAAATAATAATTATGATATAGATATAGTAAAAGAGAAATATAGTGAGTTAATGAAAAAAAAAGAA","Pf3D7_06_v3-416462-416720-1A.1","3+8N28+8N45+8N129+12N188+11N",983,1,1
"IM-23-122-YNPZ","8039832002","Maziba","Pf3D7_13_v3-479569-479811-1A","CTAGAGACGAATTTGATGATAAAAGAAAATTAAAAGAAGAGAAAATTAAACAATGCCAACTATTAAATGAAAAACAACGAGAAGAAAAAGAAAAAGAAGAAAGAATTCTGAGAGAAAAAGCTGTTGAATATACCTTACAAAATGAAGAAGAATATAAACAACTAAAACGAAAATT","Pf3D7_13_v3-479569-479811-1A.2","79G96+8N",1725,1,1
"IM-23-122-YNPZ","8039832002","Maziba","Pf3D7_07_v3-1028330-1028603-1A","TAAAGAATATTTTTATTTCTAATATTATGGCTAAAAGGAAAATTATTTAATTTCATTTTTTGTGGGTTACTTGTATCATTACAACTCATCATCATGACCATATTATTATTATTATTATTATTGTTGTTGTTGTTGTTGTGGTGGTTCATTACCAATAAATTTGTGTTATTATGTTCATCCTTTTTTATATTAACAATTTCATTTCTATAA","Pf3D7_07_v3-1028330-1028603-1A.5","55+8N101+36N177+8N202C",9,0.0209302325581395,2
"IM-23-122-YNPZ","8039832002","Maziba","Pf3D7_07_v3-105172-105442-1A","GACTACTAACAGAGTGACTACCTACGCTATGTTGAGATGAATTGCTTCCATTTGAATTACTTCCAGATAGGTGATTTTCTGTTCTTCCATCTGAATTGTTTTCATATAATTGACTTTCCTTTTGTCCATCTAAATTATGCACTGCACTATGAGTTCCTTCACCCAAATTATTACTGTTTGTTGTATCATCATTTAAATCAAATCCATTTCTT","Pf3D7_07_v3-105172-105442-1A.4","44G52T83T103C",822,1,1
"IM-23-122-YNPZ","8039832002","Maziba","Pf3D7_11_v3-2001725-2001999-2","GGATGTAAGAACTAAGAATGTAAATACAAGTAAGAGAAATGAAGGACTTAATGATATAAATGAATCAGAAAAAACAAGAACAAGAAGGGCATCAACAAAATCAAATAATAATAATAATAATGTATCATACGAGAATGAATTAGAGAGTGTATCTGAATGGTTTGATAACTTTTTGGAGGATCATATGAAGGAAGGTGTTTTTTTAGATGGGGAAAA","Pf3D7_11_v3-2001725-2001999-2.1","1G68+8N89G116I=AATAAT153G191+9N",355,1,1
"IM-23-122-YNPZ","8039832002","Maziba","Pf3D7_14_v3-3124416-3124655-1A","TAATTGATCTTCTAGAGGAATTAGATATTTTGTCTATATCGAATAAAGATGAAGTAGAAAAACGAAGAGAGAAAACAACTCAAGAGACGCGGTTGTTAGGAAATATTGATTTAGGATATGGAAAATTAGGAGAGGGAATAAAGCATGAAAATTTACAGGAAGAATTAGGAAACAGATTATTTG","Pf3D7_14_v3-3124416-3124655-1A.7","69G72A",3826,1,1
"IM-23-122-YNPZ","8039832002","Maziba","Pf3D7_06_v3-1282656-1282930-1A","AAGATATGGAAGAAATATGATAAAGAAAACAATAAATATATATTGTCTCATTTTATTCCCCAATTTATTGAAGACTTAAATTTGAAGGATGAATTCCGAAATTTATTTGATGGATTTGTAAATGATTTGGATATTCTATTATATTCAGAATTTAAAGCATTTTATTTACAAATGAAGCAAAAAGATATAAATGAACTGAAAAATTCTGA","Pf3D7_06_v3-1282656-1282930-1A.4",".",592,1,1
"IM-23-122-YNPZ","8039832002","Maziba","Pf3D7_14_v3-377765-378020-1A","AAAGATATATCAACTGAAAATATTTTATCAAATAATTGCTTTAATAATAAATTAAAAAATTGATTTCCAATATCTATCATATTCATATAATCTAATGATTTAAAAATATATAATATACTCTTTGGACTAAATTTTAATTCATCATTTATTATTCTCTCTTTTACTATTGTTTTAATTTGATTAAAATATATAA","Pf3D7_14_v3-377765-378020-1A.33","51A53+8N71T154C170T",426,1,1
"IM-23-122-YNPZ","8039832002","Maziba","Pf3D7_09_v3-516735-517007-1A","ATAGAAGGATATATAAAAAATTATCAAGAATCATATAATATAAATGACCATTGTAAATTAGTTCCATTAAATTTTTATAAAGATTCTATTTCTAATGATTTAGGTACTCCATGCCCTGTGAATAGTATTACCTTAAATGTGGGCGCAAAAACTATAAATGAATGTTTGTGTAATAAAGGATATTTCTATAATGTCAAGAAACAACAATGTAA","Pf3D7_09_v3-516735-517007-1A.2","14+8N211A",599,1,1
"IM-23-122-YNPZ","8039832002","Maziba","Pf3D7_03_v3-891553-891827-1A","CAAGAGCTAAGAAAACATATAGAATTATCATAAGGATGTTGATAATATAAATGTGTTTTTATTTGTGTATTTATGTCAGAATATTGTTCCTTCGATTTATCTTTAAAATAATCAAGATTATTTATGTTGGTGGCTTTATTATTATTAAAATAATTTTGATTTGTTACATGATGACTAGGGGTATATTTGTATTTTACGTTTTTATTA","Pf3D7_03_v3-891553-891827-1A.11","26T93C116G",447,1,1
"IM-23-122-YNPZ","8039832002","Maziba","Pf3D7_13_v3-2814583-2814832-2","TCAGTCTTCTAATTCTAGCGATAATGATCCTGCAGTAGTAAGTGGTAGAGAATCTAAAGATGTAAATCTTCATACTTCTGAAAGGATTAAAGAAAATGAAGAAGGTGTGATTAAAACAGATGATAGTTCAAAAAGTATTGAAATTTCTAAAATACCATCTGACCAAAATAATCATAGTGATTTATCACAG","Pf3D7_13_v3-2814583-2814832-2.1","124T",3344,1,1
"IM-23-122-YNPZ","8039832002","Maziba","Pf3D7_13_v3-2114829-2115090-1A","ATTCAATATATATAAAAATATAGCTAATAAACATTTCAAATCTCCATTAAGAACTTTATTCATCTTAACAAAAGCTCTATGAACTTCTGTATCTATAGTCGATTTTGTTATTCTAAGCATATCATTAAGTAAAAAATTTACGGTATCGACATTAACAGTGTAATAATGTCTTCCTAAATTTAAATGTTCTAAATAATTCAA","Pf3D7_13_v3-2114829-2115090-1A.3","130+8N168G192A",1267,1,1
"IM-23-122-YNPZ","8039832002","Maziba","Pf3D7_11_v3-115913-116184-1A","ACCTCCAGATGTTATAAATATTATATTATCATCATCATTTGGAAGGAAATTCTCCTCTAATGTTTTTAATATTTCATCTATATTTTTAGGTCTCAATTTACTATTGAAAAATTTTGAATACTTCAAAAAATAATCATCATCTTTTACATTACATATATTATCATTATTTTCATTTTGTTTTAGTAGTTCATCTTTTATATTATC","Pf3D7_11_v3-115913-116184-1A.4","7A124+8N",356,1,1
"IM-23-122-YNPZ","8039832002","Maziba","Pf3D7_12_v3-2092529-2092798-1B","AGTTGAAGGGGGAGGAATGATCGGAGTTATCAGATTAGAAAATCAAGTGAGAAATCCCCCTGTAATAAAATTGAAGAGTCATACATCTCCCATCCTTGATTTGTCATTTAACCCGTGTTATAGTGAGATATTAGCTTCATGTTCAGAAGATATGTCTATAAGAATATGGGAGATACGTCATGAGGATGAGAATGTGAATGAGGTA","Pf3D7_12_v3-2092529-2092798-1B.1",".",924,1,1
"IM-23-122-YNPZ","8039832002","Maziba","Pf3D7_12_v3-2092654-2092884-2","GAGATATTAGCTTCATGTTCAGAAGATATGTCTATAAGAATATGGGAGATACGTCATGAGGATGAGAATGTGAATGAGGTAAAGGATCCTTTATGTATATTAAATGGTCATAAGAAAAAAGTAAATATATTATCATGGAATCCTATGAATTATTTTATATTATCATCT","Pf3D7_12_v3-2092654-2092884-2.1","114+8N",3514,1,1
"IM-23-122-YNPZ","8039832002","Maziba","Pf3D7_08_v3-549960-550215-1B","GATGAACTAACAAATTATGATAATCTAGTTTATGATATAAAAAATTATTTAGAACAAAGATTAAATTTTCTTGTATTAAATGGAATACCTCGTTATAGGATACTATTTGATATTGGATTAGGATTTGCGAAGAAACATGATCAATCTATTAAACTCTTACAAAATATACATGTATATGATGAGTATCCACTT","Pf3D7_08_v3-549960-550215-1B.1","4G38+8N",925,1,1
"IM-23-122-YNPZ","8039832002","Maziba","Pf3D7_13_v3-748254-748510-1B","ATACCAAAAAAAATAAAATAAAATGAAATAATAAATAAATAAATATACATATATTTACATATATATATATATAATTACACATATTTTTGATTGAGGACAAATTACATGTCGTGTAGTTCGTCTTCCTTGTGCGTTTCAATCACACAATCCGATTTAGGATAACATGTACACAAAAGAATATATTTTTTCTT","Pf3D7_13_v3-748254-748510-1B.1","5+10N39+33N180+8N",488,1,1
"IM-23-122-YNPZ","8039832002","Maziba","Pf3D7_11_v3-1968050-1968296-2","TCATTACACTAGTCATGATTGGTTTAGATTATTACGCCAAGGGAATAAAGCTCAAAATTCCATTTCTCAGGAAGTAGACATATTAACGGAAAAGTATAAAAAATTAATTTCAGAGGAAGACAATAAAAAAGAAAATAACAATAATAATAATGATGAAGTAAAACCAGAACTAAAAGACAATATA","Pf3D7_11_v3-1968050-1968296-2.19","97+8N124+8N149A",2711,1,1
"IM-23-122-YNPZ","8039832002","Maziba","Pf3D7_11_v3-408285-408534-1A","TATGAAGAAGGTTTAAAATATTGTGCGTCATCAATTAATTTATGGATATGTGCTATCGATTTACAAATAGAAAAAAAGAATTATACAGGTGCTAGAGCTTTGACGGAGAAAGCAAAAATCAAAATCAAGTATTTAAATTCTTTTAATAATAATAGTCATATTTTAAAAAGTAAAGAAATTATTGAA","Pf3D7_11_v3-408285-408534-1A.1","70+9N",1108,1,1
"IM-23-122-YNPZ","8039832002","Maziba","Pf3D7_08_v3-1386786-1387035-2","TTGTCTCCTTTGTCGCAGCATGCCTTTCATTAGCTGCTATAGCTTGTGTTATCTTAACTTCATTATAAAAAAAATATACTTCGATAAAAGGTACATATACCATGCTGGTCAATGATATTAGCATGCGACATTCTAATATATCCATTATGAACAAGGTGAACAAGAATATTGGGATTATTGAAATTGT","Pf3D7_08_v3-1386786-1387035-2.1","66+10N",889,1,1
"IM-23-122-YNPZ","8039832002","Maziba","Pf3D7_08_v3-1386795-1387043-1B","TCCTTTGTCGCAGCATGCCTTTCATTAGCTGCTATAGCTTGTGTTATCTTAACTTCATTATAAAAAAAATATACTTCGATAAAAGGTACATATACCATGCTGGTCAATGATATTAGCATGCGACATTCTAATATATCCATTATGAACAAGGTGAACAAGAATATTGGGATTATTGAAATTGTCTGCATTA","Pf3D7_08_v3-1386795-1387043-1B.1","61+10N",756,1,1
"IM-23-122-YNPZ","8039832002","Maziba","Pf3D7_06_v3-176108-176338-1A","ATTATTATTATTATTATGATGATGATGATGATGATGATCTGTGTTAAGATCATCTTCTATACCATTAGTTAAACATTTTATATTTTTATTCATATAAACATTAATCTTCACAACAGATTTATCAGATCTAGAAAATCTTGTACCTGTTGCTTTATGTAACAATAT","Pf3D7_06_v3-176108-176338-1A.11","1+38N",6,0.00381679389312977,2
"IM-23-122-YNPZ","8039832002","Maziba","Pf3D7_06_v3-176108-176338-1A","ATTATTATTATTATTATTATGATGATGATGATGATGATCTGTGTTAAGATCATCTTCTATACCATTAGTTAAACATTTTATATTTTTATTCATATAAACATTAATCTTCACAACAGATTTATCAGATCTAGAAAATCTTGTACCTGTTGCTTTATGTAACAATAT","Pf3D7_06_v3-176108-176338-1A.1","1+38N",1566,0.99618320610687,2
"IM-23-122-YNPZ","8039832002","Maziba","Pf3D7_04_v3-748374-748611-1B","AAACTGGGAAAGCATTCCAAAAAAATTTAAACCTTTAAGCAATAGGATAAATGTTATATTGTCTAGAACCTTAAAAAAAGAAGATTTTGATGAAGATGTTTATATCATTAACAAAGTTGAAGATCTAATAGTTTTACTTGGGAAATTAAATTACTATAAATGTTTTATTATAG","Pf3D7_04_v3-748374-748611-1B.1","3A18+9N72+9N",1609,1,1
"IM-23-122-YNPZ","8039832002","Maziba","Pf3D7_04_v3-648065-648332-1A","TATGACTTCTGATTCAGTTTTGTTAAGATATATACCAAGAGATCTTAACAAATATAATAATTTTTCACCACTAACTCCATCTTTATTAGTATCGTATTCTTTAAATATTGATTCAATCTCAGCTCTCTTAAAGAAAACAAATATATATACATATATATATGTATTTATATGAATTTGTATCAATAAATAATAACATTCTTA","Pf3D7_04_v3-648065-648332-1A.1","141+30N",501,1,1
"IM-23-122-YNPZ","8039832002","Maziba","Pf3D7_04_v3-544454-544718-1A","ACAAAATATAATACTTTATATACAAATGCTTATAAAAAATTTTAACTCGAACGTACTTCAAAATAATATAAATGAACAAGAAGTAATACATAATAACATCAACATTAATAATATAAAAGAAGAACAAATTATACGAAATAATATCAAGAATATCCATAATAATGACAATATTAATCATTGTGATGGTAATAAAATAA","Pf3D7_04_v3-544454-544718-1A.16","33+8N135G186G",997,1,1
"IM-23-122-YNPZ","8039832002","Maziba","Pf3D7_11_v3-119432-119705-1A","CTCCTTTATATTCATCAAGAAATTTCATCCAAGAGTAATTATGTTTTTCTTGTTGATATTTTGCTTTATACAAACGAGCAAGATACTTTTTATACGATTCATGCTCTTTAATTTTCTTTTCAAAAGTTTTGGTTATAATGTGTTCAAGTGATTGTAAAGTATTTTTCTTTAATTTTCTCCATATTAATCTACATGCGATTATAAGAA","Pf3D7_11_v3-119432-119705-1A.1",".",718,1,1
"IM-23-122-YNPZ","8039832002","Maziba","Pf3D7_13_v3-2504481-2504734-1B","TAAAATGTGTTGATGATTTTAACAATATGGTTATAACGATAAAAGAGGAAGTAAACAATCATTGGGAAAATAATATATACAATAAAAAGGATATGGTTAATTATACAAATGAAAATTATAATGATAATATATTAACATATGAATATATTAATGAAACACTTAGAAAAGAAAAAAAAAGATATTATA","Pf3D7_13_v3-2504481-2504734-1B.1","168+11N",485,1,1
"IM-23-122-YNPZ","8039832002","Maziba","Pf3D7_11_v3-1127074-1127316-1A","AACATTTTAATATTCCTAATTTCGAAAATATGATGAAAGGAGTTTTTGGAATTATTCAAAATCCTTTTGAAAATGGCCAACCCACTTTCCCATTCTTTAAAAATATTAATTCGATCTCTGGAATCGGTAATGTTGATATCCCCAAAAATTTTATGAATGATTTTTTGAATAATGGAAATGATCAAAACA","Pf3D7_11_v3-1127074-1127316-1A.1","13T160+8N",2082,1,1
"IM-23-122-YNPZ","8039832002","Maziba","Pf3D7_14_v3-421322-421547-1A","TAAGAAAGATGAAGTAATAGAAAAAACTGAAGTATCAAAGAAAACATTTTCAGGTATAGGTTTTAATCTTACTGAAAAAGAAGCTAAAGTATTAGGTGTAGGTGTAACCTATCAAGAATATCCAGAAACCATGTTATATAACTGTCCAAACAATTCTA","Pf3D7_14_v3-421322-421547-1A.2","20+8N76A",986,1,1
"IM-23-122-YNPZ","8039832002","Maziba","Pf3D7_13_v3-815862-816091-1A","ATGATGTAGATGCTAACACAACATCCTGGTCAGTATCTTGTGATAAATAATTTAATTTATCCGCTAAAAAATAAAGTATAATTTCACAGCTTTTTTTATTTGTATCTGTGTTTTTCATGTTATCATAAAAAGACAAAGATGAAGTAGCACATGAGTTAATTA","Pf3D7_13_v3-815862-816091-1A.3","17C19C20A59A65+8N90+9N",1129,1,1
"IM-23-122-YNPZ","8039832002","Maziba","Pf3D7_11_v3-1376058-1376305-1A","TTTCTGGCTCGATATAATCCATTTCAATATTTATATTAGATATGAAACATCTATCTTCAATAGGTGAATTTGCTGCAAATTGAGCCATAGAAAAATGATTCTCATTCCTTTGAAAATATGAACTATTCAACTCATCAAGGTTTTCATATGTTATTTCATAACTGCCATCATCTGAATCCTCTTCATCA","Pf3D7_11_v3-1376058-1376305-1A.1","140G",1558,1,1
"IM-23-122-YNPZ","8039832002","Maziba","Pf3D7_01_v3-162867-163115-1A","ATATACCAATAATACTTTTTTTTTTAAATAATGTAAAAAATGATTTATATAATTGTTATAAACAAATGATCACATATCATAATAATAATATCCTAAATCATAACTCTAATATTTTATCAAAAGAAAATGAAAAAAAACAACCTTTTTCAACATATAATATATCAAATCTTTGTTCTCCTGACCAAATGGTGATAAATAAAAA","Pf3D7_01_v3-162867-163115-1A.1","15+12N34+8N129+10N",2205,1,1
"IM-23-122-YNPZ","8039832002","Maziba","Pf3D7_11_v3-1018781-1019053-1A","TTTTTGATTCATATCATTATCATAATTATATATATATTGATCTCTGTCTATATGGGGAGCAAAAAAATATAAAGGATGTTGTGTTAAGGCTAATAATAATTCTGTAGCTATACTACTACTTATGTTACTTATACCACATCTAGTGACTGTACATTTTTCATCTAATGTTCTATAGGATAAAGAATCTGAAGGACAATGCATATCAT","Pf3D7_11_v3-1018781-1019053-1A.2","60+9N",209,1,1
"IM-23-122-YNPZ","8039832002","Maziba","Pf3D7_08_v3-336421-336651-1A","TAACAACGAACCCATAAATTTACAGAAAAATTTAGATTTAATCATATGGCTAAAAAAGAATATAAAAGAAGGAGAAGCTTTAATTTCTGATATACCTACATCAAGTTTTTTAAGGTGTACTACAAATTATAAATTTGTATTGCATCCCCAATATGAAGATAGT","Pf3D7_08_v3-336421-336651-1A.3","51+8N97T105+8N148C",2071,1,1
"IM-23-122-YNPZ","8039832002","Maziba","Pf3D7_11_v3-1950431-1950680-2","AGATATATTTCAAGGAAAGGATATGTGGAATGATGGGAAATATGGTGAAGCGAAAAATCATATTAAGAATGCTTTTGGTGATATGAACAATAGAAAAGCTATGTTAAATGAAATTGAGAAAGGAATTAAAGATGAAACGTTTAGTCGTGAAAATGGTTTAGACGTTTGTAAATCTCAATGTGAGGAAAG","Pf3D7_11_v3-1950431-1950680-2.1","98G",2418,1,1
"IM-23-122-YNPZ","8039832002","Maziba","Pf3D7_09_v3-595828-596094-1A","ATAATTTTTTCATCGTTCTTATACATGAATGATAAAGTCTTTTTGCAAAATTTTTTGAAGAGATCAGATTTGAGATAAAGACGTTTGGCTAATTTATACGAGAATTCGAGAGCATCTAATTTTATATTTAAACATTTTTTCGTATCCAATATATTATAATTTTGTTCATAAGTCTGTTCATTTATATTATTTAATACTTTT","Pf3D7_09_v3-595828-596094-1A.6","4+8N27G50+8N134+8N",729,1,1
"IM-23-122-YNPZ","8039832002","Maziba","Pf3D7_08_v3-1313088-1313338-1A","TGAGAGACATAGATATATGATAGAAAAATGGAAAAAAGAAGATTGGTTTTGTGATTTAAAAGAAACGTTGAAAAATGAATTCGAAGAACAGATGGATATAGGAAAAGTATCTTTTTTATATGAAAATAATAGAGAGTATGGAAAAAATTTTTATTTGGAAAAGCAAAAAATTATATGGAAAAGATGG","Pf3D7_08_v3-1313088-1313338-1A.2","31+8N82C111+8N141+8N164+8N",933,1,1
"IM-23-122-YNPZ","8039832002","Maziba","Pf3D7_04_v3-141741-141990-1A","TGAATACCATATAGCCCTTTCAAATTATATAAAGACAGAACTAAGAAATATAAACCTGCAAGAAATAAAAAACAATATAATAAAAATATTTAAAGAATTCAAATCTGCACACAAAGAAATTAAAAAAGAATCAGAACAAATTAATAAAGAATTTACCAAAATGGATGTCGTCATAAATCAATTAAGAGATATAG","Pf3D7_04_v3-141741-141990-1A.1","66+8N121+8N",2564,1,1
"IM-23-122-YNPZ","8039832002","Maziba","Pf3D7_07_v3-1028330-1028603-1A","TAAAGAATATTTTTATTTCTAATATTATGGCTAAAAGGAAAATTATTTAATTTCATTTTTTGTGGGTTACTTGTATCATTACAACTCATCATCATGACCATATTATTATTATTATTATTGTTGTTGTTGTTGTTGTTGTGGTGGTTCATTACCAATAAATTTGTGTTATTATGTTCATCCTTTTTTATATTAACAATTTCATTTCTATAA","Pf3D7_07_v3-1028330-1028603-1A.1","55+8N101+36N177+8N202C",421,0.97906976744186,2
"IM-23-122-YNPZ","8039832002","Maziba","Pf3D7_08_v3-1365709-1365954-1B","ATTTTCATCTTGTAATGTGTTTTTAACATTATAGCAGTAATTTTCTAGGTTGTTTCTTGCTTCAATTCTATTTTTATTTTGTTCATCCTCTTCTTTATATTTTTCTGCATCATTTACCATACGATCGATATCATCTTTTGATAATCTTCCTTTATCATTTGTAATAGTAATTTGGTTTTGT","Pf3D7_08_v3-1365709-1365954-1B.1",".",660,1,1
"IM-23-122-YNPZ","8039832002","Maziba","Pf3D7_04_v3-133928-134154-1A","TTTTGAAATATCTAATTTATCCATTTGCCTTTTTATTTCATAGTCCCAACTACTTACCCAGGTATTAAAATTAATACAATCCTGTTCTGCATATTTTATGGCTTTTAAATCCCTCAATTTAGTAGCCCTATCTTCACAATAATCTTCTAATATTTTAAT","Pf3D7_04_v3-133928-134154-1A.1","21C",2239,1,1
"IM-23-122-YNPZ","8039832002","Maziba","Pf3D7_08_v3-1365750-1365999-2","TTTCTAGGTTGTTTCTTGCTTCAATTCTATTTTTATTTTGTTCATCCTCTTCTTTATATTTTTCTGCATCATTTACCATACGATCGATATCATCTTTTGATAATCTTCCTTTATCATTTGTAATAGTAATTTGGTTTTGTTTACCAGTACCTTTATCTAATGCTGTTACATTTAGGATACCATT","Pf3D7_08_v3-1365750-1365999-2.1",".",1105,1,1
"IM-23-122-YNPZ","8039832002","Maziba","Pf3D7_11_v3-1019050-1019319-1A","TCAAAACTTATTGCTACCGTAATACCTAAAGGAGGCATTTTACATAATCTTTTTACACTCGTAAGAATATTATTATAAAAGATTTCTTGATACCTATCATACATATGAATATTATTTAGAGATTTATATATATTATTATTTTGTTCATATAATAATATATTATTTAAAGACTTATCCATAATTTTTGTACATTTTATATTTTCTATA","Pf3D7_11_v3-1019050-1019319-1A.2","93C",241,1,1
"IM-23-122-YNPZ","8039832002","Maziba","Pf3D7_11_v3-1375807-1376056-1A","TCGTTATGTACCCTAATAAATTTTTTTTCATTATTTGAATCTATATTATTTACATTAGTATTTTGAGTTGTACCATAAATTTCAGTGTTATTATTATTTCTATTCATATAATTATGTCCGCTTATATAATTATGACCATTAAAAAAATGTCTTCCATGTATATCATCTCTTCTAATGTATTTA","Pf3D7_11_v3-1375807-1376056-1A.2","20+10N140+9N",411,1,1
"IM-23-122-YNPZ","8039832002","Maziba","Pf3D7_08_v3-1344618-1344845-1A","TATCTTTTCCATATATAATAACGCATGAATTCTTTAAATATATCTTTTACTTTATCTGTAAGTTTCATGGAATCTATTATTTCATCTGCATATTTTATTTTTGCCTCGTTTATATATTTACCTGCTTTTAATTTACATAAACATTTTTCTATTAAGTTTTG","Pf3D7_08_v3-1344618-1344845-1A.3","86C",2009,1,1
"IM-23-122-YNPZ","8039832002","Maziba","Pf3D7_14_v3-921176-921432-1A","ACAATATTAATTTTATAAGTTCATTATTTCAATTTTATATTTAGGAGGATCTATATCCATATATTATTCATTTTAAAAATATTAAAATAAATACATATATAAATATATAAACATATAAAAACAGTCTTTTAAAAATTAATAAGATTTATATAAAATATGGTTATAAATCCTATTTTGTATTATATTAAA","Pf3D7_14_v3-921176-921432-1A.4","186T",436,1,1
"IM-23-122-YNPZ","8039832002","Maziba","Pf3D7_11_v3-1816152-1816378-1A","TTGGGTAGATATCGTTATAAGGGCTATAATGTATTGACTTCTCCGGGTTTGTTACATTATCATTACAACCAATATTATTAAGGTTCATATTATTTTTATCATTATTATTGTTGTTTTCATTTGTGTGGTTATATAATAACAATGATGTGTCGTCTATTGGATCATT","Pf3D7_11_v3-1816152-1816378-1A.4","50T86C90T",3994,1,1
"IM-23-122-YNPZ","8039832002","Maziba","Pf3D7_14_v3-407306-407542-1A","CTTTCTTTCGTCTTTCTGTTCATTATCCATATAATCTTTTTCTCCTTCCTTTTCATTCTTTACTTTATTTCTATTAATACACAACTCTCCTTGAGTTAAGAGATTTACGATATTATCAATATTGTTTTCTTTCATATACTTCAACTTTTTACTATTCATTTTTAAAAGA","Pf3D7_14_v3-407306-407542-1A.1",".",1726,1,1
"IM-23-122-YNPZ","8039832002","Maziba","Pf3D7_07_v3-1043981-1044225-1A","ATAATGATATGTTATTTCATCATCAGCATCGACTTCTTTTTTATTATGTTCAAACAAATTCTTATATTTTATATTATTGCATTTTTGTCTTTCCATATTTATAAAAGATTCTATTTTCTTTTTATAATCATTCCTTTTTATATAATTACACATTCCTTCATTTTGGTTGTCATAACTCTTCT","Pf3D7_07_v3-1043981-1044225-1A.1","36+8N",1780,1,1
"IM-23-122-YNPZ","8039832002","Maziba","Pf3D7_04_v3-316593-316858-1A","TTATTCATTTTTTGTATATTATCCTTTTCTACATCATCAAAATTTGTTAATGATTCACACGTTATATTTGGTGATATTATATTTCTACCTGTACATACACCAATATTTGTTGTACCTATTATTTTATACCCTTCTTGACATTTAAATTCTATTTTTTCACCAAGTAAATAATATTTTTTATCAGGGATAAGGGAAACATA","Pf3D7_04_v3-316593-316858-1A.1","7+8N151+8N173+8N",1106,1,1
"IM-23-122-YNPZ","8039832002","Maziba","Pf3D7_11_v3-1294664-1294910-1A","AAAAGATAAATCATTTCAAAACTATACATATTTAAGTAAAAATGTAGTTGATAACTGGGAAAAAGTTTGCCCTAGAAAGAATTTAGAGAATGCAAAATTCGGATTATGGGTCGATGGAAATTGTGAAGATATACCACATGTAAATGAATTTTCAGCAAATGATCTTTTTGAATGTAATAAATTAGTTTTTGAATTG","Pf3D7_11_v3-1294664-1294910-1A.10","9A40A86G152T159A",3224,1,1
"IM-23-122-YNPZ","8039832002","Maziba","Pf3D7_04_v3-284121-284364-1A","ATATTGTATATTATCATAAGATTTATATGGAGGACCACATTGAAATCCGACAATTTCATTTGATGCATGTAGTACACATTCCGTATTTCTGTTTGAATTATTTAAAATAATTTTATTACTTAGAAATGATTCTTTTTCACTATAATCTTTATATAAGAAAGGGTCTTCATCAATTTGA","Pf3D7_04_v3-284121-284364-1A.1","157G",1149,1,1
"IM-23-122-YNPZ","8039832002","Maziba","Pf3D7_11_v3-1934962-1935236-1A","TGATGTGCCAATATTAAGGATACATTTTCTAAAGCTTCTATCAGATAATGAAAATTTTTTCTGCGATTTTCATTTAAATCATTAAATATATTGGTTAGTTCTTGTATTGACGTTTTTGGATCTAAGGATGTAATTTGTTCATTTAATTCTTCTGTATATTCTAGATTAAAGTTTAAATTATTAAAATAACCTTCAGCATTATTTTCATTTTT","Pf3D7_11_v3-1934962-1935236-1A.1","54+10N98G",189,1,1
"IM-23-122-YNPZ","8039832002","Maziba","Pf3D7_11_v3-1293919-1294168-1A","TCCATATCAAAAAAGTGATGTGTATCATCCAATCAACGAACATAGGGAACATCCAAAAGAATACCAATATCCATTACACCAGGAACATACATACCAACAAGAAGATTCAGGAGAAGACGAAAATACATTACAACACGCATATCCAATAGACCACGAAGGTGCTGAACCCGCACCACAAGAACAAAATTTAT","Pf3D7_11_v3-1293919-1294168-1A.4","13A27A65C163T",1399,1,1
"IM-23-122-YNPZ","8039832002","Maziba","Pf3D7_08_v3-1314717-1314986-1A","ATAAAAAAGAAAAAATTATTGTCAAAAGTTTTCATAGATATATATATGATGGTATTAGAAGATTTTAAAGAAGAAGAATGTAAAAAAAATAAAGAAATATTTCTTGATACTTATATAGATGAACTAAAAAAAGATTCACAAAGTGAAAAAAATAAAAGCATGTTAAATATATTAGATGAAATAAAAAGTGATATTCATATAGGATATC","Pf3D7_08_v3-1314717-1314986-1A.1","2+15N87A125+9N138A145+9N",376,1,1
"IM-23-122-YNPZ","8039832002","Maziba","Pf3D7_08_v3-1370814-1371045-2","TGTTGCAATATATTACTAAAAAATAGAATTATTATGTTATTTTGATCATATGGGAATACATTTAAATATTTATATTCTGATGAATATTCTTATAAAAAAAAAAGGGGGGGGGGAAATAATACGTTCATGATTTATTTATATTTCAATATATTTTCTATTTTGCGA","Pf3D7_08_v3-1370814-1371045-2.2","17+8N93+21N",435,1,1
"IM-23-122-YNPZ","8039832002","Maziba","Pf3D7_14_v3-3125801-3126073-1A","ATTCTTATAATATTTAAGAATGAAGGGATTAAATATTTACATTTTAGCGAGGATACTCTGAAATATGTTAATTTTAATTATCCTGATTTTAACTTATATAAATGTATGAATTTATATAAGAAAAATTATGTTGATAGGGATGAGAAAGATATCTGTGATTTTTCAAATGAAGATTTTCCGTTAATAAAAGAAAATAACAAGAGAATCAG","Pf3D7_14_v3-3125801-3126073-1A.5",".",309,1,1
"IM-23-122-YNPZ","8039832002","Maziba","Pf3D7_14_v3-3214249-3214516-1A","TAAATAAAAAAGGATTAGATGATTTAATAAAAGATTTGTTAAAATATTTTCCAAAGAATTCAATTAGCGATCGTTTTGAATTGTTAGAATTTAAAATGACGGAGGATTGTTATACAAAAATGTGGTTTGATTTTATGAGTGATTTTGGAATAGCTACAATGAATGAAACCGAACATACTAGATCTTTTTATGGCTTAATCGAA","Pf3D7_14_v3-3214249-3214516-1A.1","5+8N194C",1819,1,1
"IM-23-122-YNPZ","8039832002","Maziba","Pf3D7_08_v3-1375025-1375284-1B","CAAGTTATTATTAAATGCGGAATTATTCTATATAAAAATAAAAAAGCATTTAAAAATGAAAAAATTTATATATATACAATATATAAATATATATATATATATATATATATATATATTATTATTATATGTATTTTTATAATTGAATGATATATTTATTTCTATTTGCAATTAAAATGCTTACGTTATCTAACAAAAGTACGGAGGCAAAA","Pf3D7_08_v3-1375025-1375284-1B.1","39+8N58+8N67+53N",6,1,1
"IM-23-122-YNPZ","8039832002","Maziba","Pf3D7_08_v3-1375205-1375450-2","ACAAAAGTACGGAGGCAAAAACGGCAGCGGATAATACTTTATTTTTTGAGAAGGAAACCATTTTTATTAAATAACTATATAAATAGAAAAAGAAATAATAACAAAAATGTATAAATATAATTGTATAATATATGATATATATAAAATATAGAATACTAATTTTTTGCATATACAAAAAA","Pf3D7_08_v3-1375205-1375450-2.1","41+8N159+8N173+7N",250,1,1
"IM-23-122-YNPZ","8039832002","Maziba","Pf3D7_11_v3-1295103-1295335-1A","ACTACTGCTTTGTCCCATCCCATCGAAGTTGAAAACAATTTTCCATGTTCATTATATAAAAATGAAATAATGAAAGAAATCGAAAGAGAATCAAAACGAATTAAATTAAATGATAATGATGATGAAGGGAATAAAAAAATTATAGCTCCAAGAATTTTTATTTCAGATGATAAA","Pf3D7_11_v3-1295103-1295335-1A.5","61A132+9N",2632,1,1
"IM-23-122-YNPZ","8039832002","Maziba","Pf3D7_01_v3-145388-145662-1A","GATATGTTTAAATATATGATTCTCGAAAAAACTTTTTTTATTTTTTTTGTCAATAGATAAATGATCAATATTTTCTATATTTAATCTATCAAGTATTTTTATATATCTATTATTTCTTTCTTCGATGGATAAATTATATGAATCAATATCCTTTCTTTCATCAACAAACTTTTTTATTGTTAACTCCATTTTTTTATTTAAGATACCA","Pf3D7_01_v3-145388-145662-1A.2","25+25N139T169+8N188+9N",216,1,1
"IM-23-122-YNPZ","8039832002","Maziba","Pf3D7_04_v3-140317-140548-1A","TCGGGACAATATTATAAGGATTTTATCACATCAAGGAAAAATATTTATAATATAAGGGAAAATATATCCAAAAATGTAGATATGATAAAAAATGAAGAAAAGAAGAAAATACAGAATTGTGTAGATAAATATAATTCTATAAAACAATATGTAAAAATGTTTAAA","Pf3D7_04_v3-140317-140548-1A.2","86+8N160T",2754,1,1
"IM-23-122-YNPZ","8039832002","Maziba","Pf3D7_08_v3-1366575-1366822-2","TTTAGCTTTTTCACATTGTGTTCTTAATCTTCTTAATGATTTTGAATTTTTGGAAACATCTTTACCTCCATTTTTTTTTTTAAAATCTTGTACACAGAAGTTTACTAATTTATTATCAAAATCTTCTCCTCCTAAATGTGTATCTCCTGAGGTAGCTTTAACTTCAAAAATTCCATCTTCAAGTGTTAATAAGG","Pf3D7_08_v3-1366575-1366822-2.1","70+13N",1391,1,1
"IM-23-122-YNPZ","8039832002","Maziba","Pf3D7_08_v3-1366626-1366856-1B","CTTTACCTCCATTTTTTTTTTTAAAATCTTGTACACAGAAGTTTACTAATTTATTATCAAAATCTTCTCCTCCTAAATGTGTATCTCCTGAGGTAGCTTTAACTTCAAAAATTCCATCTTCAAGTGTTAATAAGGAAACATCAAATGTTCCTCCTCCTAAATC","Pf3D7_08_v3-1366626-1366856-1B.1","11+13N",346,1,1
"IM-23-122-YNPZ","8039832002","Maziba","Pf3D7_08_v3-1370603-1370853-1B","AAAAGTAATTAAAAAAAAAAAAAATGAAAATAAAAAAAAACATTACATATTTTTTTATGTATAAAATATTTTAAAGCACTGAGATTATTTATGTTATAAATTAATTGAATGTTTAAAAGATTATAAAATTTTATTTATGAAAATATATGAATATATATAATATAAGCAGGTATTAAATAACCAAATAATAT","Pf3D7_08_v3-1370603-1370853-1B.2","10+32N49+9N",302,1,1
"IM-23-122-YNPZ","8039832002","Maziba","Pf3D7_11_v3-1295371-1295597-1A","AAGTAACATCAAATAATGAAGTTGTAGTTAAAGAAGAATATAAAGATGAATATGCAGATATTCCTGAACATAAACCAACTTATGATAAAATGAAAATTATAATTGCATCATCAGCTGCTGTCGCTGTATTAGCAACTATTTTAATGGTTTATCTTTATAAAAGAA","Pf3D7_11_v3-1295371-1295597-1A.1",".",1772,1,1
"IM-23-122-YNPZ","8039832002","Maziba","Pf3D7_11_v3-1374917-1375148-1A","TTTTTAAATGAAAATCTCCAAAGCTTCTGGTTGGTTGTAATCTACCTTTAACATAACAATTATCATAATGATGTGATAAGAGATGAAAAGGTGTTTTACATAATTCATATGTATTATTATTATTAACAGTTTTATAATCTCGAGTACATATTTTACATACTAATATA","Pf3D7_11_v3-1374917-1375148-1A.1","112+14N",1708,1,1
"IM-23-122-YNPZ","8039832002","Maziba","Pf3D7_14_v3-771407-771633-1A","ACCCACGGGACATTTTAATTTATACCTATTGGAACATTTTTTATTAGGTCTTTCTTTATGATTCTTCTTTAAAATAGGTTCATCATTATTTGAGTAAACTAACAGATTATTATCGTTCTCAAAATTATTATAACCATCAATATTTTTATTTCCATATACATCTATAA","Pf3D7_14_v3-771407-771633-1A.1","36+8N",3187,1,1
